APRL00001,Super Mario BOOM,18,04/01/2023, 11:09:14,1066
APRL00001,Super Mario BOOM,37,04/01/2023, 12:19:09,1066
APRL00001,Super Mario BOOM,56,04/01/2023, 13:12:22,1066
APRL00001,Super Mario BOOM,79,04/01/2023, 14:09:41,1066
APRL00001,Super Mario BOOM,97,04/01/2023, 15:10:33,1066
APRL00001,Super Mario BOOM,126,04/01/2023, 16:13:36,1066
APRL00001,Super Mario BOOM,144,04/01/2023, 17:09:43,1066
APRL00001,Super Mario BOOM,166,04/01/2023, 18:12:59,1066
APRL00001,Super Mario BOOM,185,04/01/2023, 19:08:58,1066
APRL00001,Super Mario BOOM,201,04/01/2023, 20:11:39,1066
APRL00001,Super Mario BOOM,218,04/01/2023, 21:10:16,1066
APRL00001,Super Mario BOOM,234,04/01/2023, 22:10:10,1066
APRL00001,Super Mario BOOM,253,04/01/2023, 23:10:55,1066
APRL00001,Super Mario BOOM,276,04/02/2023, 00:59:23,1066
APRL00001,Super Mario BOOM,286,04/02/2023, 02:06:47,1066
APRL00001,Super Mario BOOM,302,04/02/2023, 03:11:37,1066
APRL00001,Super Mario BOOM,312,04/02/2023, 04:13:36,1066
APRL00001,Super Mario BOOM,316,04/02/2023, 05:10:43,1066
APRL00001,Super Mario BOOM,324,04/02/2023, 06:13:59,1066
APRL00001,Super Mario BOOM,333,04/02/2023, 07:10:14,1066
APRL00001,Super Mario BOOM,346,04/02/2023, 08:14:00,1066
APRL00001,Super Mario BOOM,354,04/02/2023, 09:10:44,1066
APRL00001,Super Mario BOOM,360,04/02/2023, 10:11:18,1066
APRL00001,Super Mario BOOM,368,04/02/2023, 11:09:15,1066
APRL00001,Super Mario BOOM,373,04/02/2023, 12:19:46,1066
APRL00001,Super Mario BOOM,383,04/02/2023, 13:12:37,1066
APRL00001,Super Mario BOOM,393,04/02/2023, 14:10:00,1066
APRL00001,Super Mario BOOM,417,04/02/2023, 15:10:53,1066
APRL00001,Super Mario BOOM,425,04/02/2023, 16:13:32,1066
APRL00001,Super Mario BOOM,437,04/02/2023, 17:09:43,1066
APRL00001,Super Mario BOOM,448,04/02/2023, 18:12:58,1066
APRL00001,Super Mario BOOM,459,04/02/2023, 19:09:26,1066
APRL00001,Super Mario BOOM,475,04/02/2023, 20:12:04,1066
APRL00001,Super Mario BOOM,492,04/02/2023, 21:09:48,1066
APRL00001,Super Mario BOOM,499,04/02/2023, 22:10:23,1066
APRL00001,Super Mario BOOM,506,04/02/2023, 23:10:52,1066
APRL00001,Super Mario BOOM,517,04/03/2023, 00:55:09,1066
APRL00001,Super Mario BOOM,527,04/03/2023, 02:00:13,1066
APRL00001,Super Mario BOOM,529,04/03/2023, 02:31:52,1066
APRL00001,Super Mario BOOM,533,04/03/2023, 03:12:19,1066
APRL00001,Super Mario BOOM,539,04/03/2023, 04:14:00,1066
APRL00001,Super Mario BOOM,545,04/03/2023, 05:11:19,1066
APRL00001,Super Mario BOOM,556,04/03/2023, 06:15:17,1066
APRL00001,Super Mario BOOM,560,04/03/2023, 07:11:13,1066
APRL00001,Super Mario BOOM,562,04/03/2023, 08:15:28,1066
APRL00001,Super Mario BOOM,567,04/03/2023, 09:12:15,1066
APRL00001,Super Mario BOOM,572,04/03/2023, 10:12:49,1066
APRL00001,Super Mario BOOM,576,04/03/2023, 11:10:14,1066
APRL00001,Super Mario BOOM,581,04/03/2023, 12:21:58,1066
APRL00001,Super Mario BOOM,582,04/03/2023, 13:15:21,1066
APRL00001,Super Mario BOOM,589,04/03/2023, 14:11:20,1066
APRL00001,Super Mario BOOM,592,04/03/2023, 15:12:11,1066
APRL00001,Super Mario BOOM,599,04/03/2023, 16:14:57,1066
APRL00001,Super Mario BOOM,605,04/03/2023, 17:10:53,1066
APRL00001,Super Mario BOOM,614,04/03/2023, 18:14:02,1066
APRL00001,Super Mario BOOM,622,04/03/2023, 19:09:42,1066
APRL00001,Super Mario BOOM,630,04/03/2023, 20:12:12,1066
APRL00001,Super Mario BOOM,635,04/03/2023, 21:10:14,1066
APRL00001,Super Mario BOOM,641,04/03/2023, 22:10:46,1066
APRL00001,Super Mario BOOM,648,04/03/2023, 23:11:38,1066
APRL00001,Super Mario BOOM,653,04/04/2023, 00:56:14,1066
APRL00001,Super Mario BOOM,656,04/04/2023, 02:05:04,1066
APRL00001,Super Mario BOOM,666,04/04/2023, 03:12:06,1066
APRL00001,Super Mario BOOM,672,04/04/2023, 04:13:55,1066
APRL00001,Super Mario BOOM,676,04/04/2023, 05:11:08,1066
APRL00001,Super Mario BOOM,681,04/04/2023, 06:14:58,1066
APRL00001,Super Mario BOOM,685,04/04/2023, 07:10:53,1066
APRL00001,Super Mario BOOM,686,04/04/2023, 08:15:23,1066
APRL00001,Super Mario BOOM,690,04/04/2023, 09:11:51,1066
APRL00001,Super Mario BOOM,693,04/04/2023, 10:12:25,1066
APRL00001,Super Mario BOOM,695,04/04/2023, 11:09:43,1066
APRL00001,Super Mario BOOM,698,04/04/2023, 12:21:21,1066
APRL00001,Super Mario BOOM,699,04/04/2023, 13:15:33,1066
APRL00001,Super Mario BOOM,704,04/04/2023, 14:12:04,1066
APRL00001,Super Mario BOOM,706,04/04/2023, 15:12:12,1066
APRL00001,Super Mario BOOM,711,04/04/2023, 16:15:10,1066
APRL00001,Super Mario BOOM,712,04/04/2023, 17:09:33,1066
APRL00001,Super Mario BOOM,717,04/04/2023, 18:12:24,1066
APRL00001,Super Mario BOOM,720,04/04/2023, 19:09:33,1066
APRL00001,Super Mario BOOM,725,04/04/2023, 20:12:33,1066
APRL00001,Super Mario BOOM,728,04/04/2023, 21:10:23,1066
APRL00001,Super Mario BOOM,735,04/04/2023, 22:12:03,1066
APRL00001,Super Mario BOOM,738,04/04/2023, 23:11:08,1066
APRL00001,Super Mario BOOM,748,04/05/2023, 00:47:19,1066
APRL00001,Super Mario BOOM,755,04/05/2023, 01:47:47,1066
APRL00001,Super Mario BOOM,755,04/05/2023, 02:18:41,1066
APRL00001,Super Mario BOOM,762,04/05/2023, 03:12:51,1066
APRL00001,Super Mario BOOM,770,04/05/2023, 04:14:03,1066
APRL00001,Super Mario BOOM,774,04/05/2023, 05:11:12,1066
APRL00001,Super Mario BOOM,779,04/05/2023, 06:15:33,1066
APRL00001,Super Mario BOOM,781,04/05/2023, 07:11:37,1066
APRL00001,Super Mario BOOM,782,04/05/2023, 08:16:03,1066
APRL00001,Super Mario BOOM,786,04/05/2023, 09:13:04,1066
APRL00001,Super Mario BOOM,790,04/05/2023, 10:14:06,1066
APRL00001,Super Mario BOOM,795,04/05/2023, 11:10:48,1066
APRL00001,Super Mario BOOM,798,04/05/2023, 12:26:56,1066
APRL00001,Super Mario BOOM,799,04/05/2023, 13:23:57,1066
APRL00001,Super Mario BOOM,803,04/05/2023, 14:12:24,1066
APRL00001,Super Mario BOOM,817,04/05/2023, 15:13:53,1066
APRL00001,Super Mario BOOM,821,04/05/2023, 16:18:20,1066
APRL00001,Super Mario BOOM,824,04/05/2023, 17:11:51,1066
APRL00001,Super Mario BOOM,834,04/05/2023, 18:16:31,1066
APRL00001,Super Mario BOOM,841,04/05/2023, 19:10:56,1066
APRL00001,Super Mario BOOM,846,04/05/2023, 20:13:24,1066
APRL00001,Super Mario BOOM,850,04/05/2023, 21:11:40,1066
APRL00001,Super Mario BOOM,856,04/05/2023, 22:10:57,1066
APRL00001,Super Mario BOOM,864,04/05/2023, 23:09:48,1066
APRL00001,Super Mario BOOM,873,04/06/2023, 00:53:48,1066
APRL00001,Super Mario BOOM,881,04/06/2023, 02:02:09,1066
APRL00001,Super Mario BOOM,886,04/06/2023, 03:12:10,1066
APRL00001,Super Mario BOOM,891,04/06/2023, 04:13:52,1066
APRL00001,Super Mario BOOM,895,04/06/2023, 05:11:06,1066
APRL00001,Super Mario BOOM,896,04/06/2023, 06:14:42,1066
APRL00001,Super Mario BOOM,897,04/06/2023, 07:10:53,1066
APRL00001,Super Mario BOOM,902,04/06/2023, 08:14:28,1066
APRL00001,Super Mario BOOM,904,04/06/2023, 09:11:50,1066
APRL00001,Super Mario BOOM,907,04/06/2023, 10:12:01,1066
APRL00001,Super Mario BOOM,909,04/06/2023, 11:09:41,1066
APRL00001,Super Mario BOOM,917,04/06/2023, 12:21:02,1066
APRL00001,Super Mario BOOM,920,04/06/2023, 13:14:17,1066
APRL00001,Super Mario BOOM,928,04/06/2023, 14:10:54,1066
APRL00001,Super Mario BOOM,935,04/06/2023, 15:11:08,1066
APRL00001,Super Mario BOOM,938,04/06/2023, 16:14:55,1066
APRL00001,Super Mario BOOM,945,04/06/2023, 17:10:20,1066
APRL00001,Super Mario BOOM,952,04/06/2023, 18:13:48,1066
APRL00001,Super Mario BOOM,962,04/06/2023, 19:09:24,1066
APRL00001,Super Mario BOOM,965,04/06/2023, 20:11:59,1066
APRL00001,Super Mario BOOM,971,04/06/2023, 21:09:46,1066
APRL00001,Super Mario BOOM,977,04/06/2023, 22:10:50,1066
APRL00001,Super Mario BOOM,983,04/06/2023, 23:11:38,1066
APRL00001,Super Mario BOOM,995,04/07/2023, 00:51:25,1066
APRL00001,Super Mario BOOM,1000,04/07/2023, 01:58:41,1066
APRL00001,Super Mario BOOM,1005,04/07/2023, 02:29:24,1066
APRL00001,Super Mario BOOM,1006,04/07/2023, 03:12:08,1066
APRL00001,Super Mario BOOM,1006,04/07/2023, 04:13:54,1066
APRL00001,Super Mario BOOM,1009,04/07/2023, 05:11:06,1066
APRL00001,Super Mario BOOM,1016,04/07/2023, 06:14:56,1066
APRL00001,Super Mario BOOM,1018,04/07/2023, 07:10:45,1066
APRL00001,Super Mario BOOM,1024,04/07/2023, 08:14:24,1066
APRL00001,Super Mario BOOM,1027,04/07/2023, 09:11:31,1066
APRL00001,Super Mario BOOM,1034,04/07/2023, 10:12:05,1066
APRL00001,Super Mario BOOM,1035,04/07/2023, 11:09:46,1066
APRL00001,Super Mario BOOM,1041,04/07/2023, 12:20:38,1066
APRL00001,Super Mario BOOM,1045,04/07/2023, 13:14:11,1066
APRL00001,Super Mario BOOM,1053,04/07/2023, 14:10:33,1066
APRL00001,Super Mario BOOM,1060,04/07/2023, 15:11:32,1066
APRL00001,Super Mario BOOM,1069,04/07/2023, 16:14:31,1066
APRL00001,Super Mario BOOM,1074,04/07/2023, 17:10:17,1066
APRL00001,Super Mario BOOM,1078,04/07/2023, 18:13:29,1066
APRL00001,Super Mario BOOM,1083,04/07/2023, 19:09:12,1066
APRL00001,Super Mario BOOM,1093,04/07/2023, 20:11:59,1066
APRL00001,Super Mario BOOM,1107,04/07/2023, 21:09:54,1066
APRL00001,Super Mario BOOM,1116,04/07/2023, 22:10:29,1066
APRL00001,Super Mario BOOM,1123,04/07/2023, 23:11:06,1066
APRL00001,Super Mario BOOM,1133,04/08/2023, 00:53:26,1066
APRL00001,Super Mario BOOM,1135,04/08/2023, 01:56:56,1066
APRL00001,Super Mario BOOM,1137,04/08/2023, 02:24:20,1066
APRL00001,Super Mario BOOM,1139,04/08/2023, 03:12:14,1066
APRL00001,Super Mario BOOM,1142,04/08/2023, 04:13:16,1066
APRL00001,Super Mario BOOM,1145,04/08/2023, 05:10:29,1066
APRL00001,Super Mario BOOM,1150,04/08/2023, 06:14:07,1066
APRL00001,Super Mario BOOM,1153,04/08/2023, 07:10:01,1066
APRL00001,Super Mario BOOM,1157,04/08/2023, 08:13:25,1066
APRL00001,Super Mario BOOM,1160,04/08/2023, 09:10:34,1066
APRL00001,Super Mario BOOM,1164,04/08/2023, 10:11:04,1066
APRL00001,Super Mario BOOM,1167,04/08/2023, 11:09:06,1066
APRL00001,Super Mario BOOM,1175,04/08/2023, 12:19:21,1066
APRL00001,Super Mario BOOM,1177,04/08/2023, 13:12:06,1066
APRL00001,Super Mario BOOM,1183,04/08/2023, 14:09:52,1066
APRL00001,Super Mario BOOM,1189,04/08/2023, 15:10:41,1066
APRL00001,Super Mario BOOM,1192,04/08/2023, 16:13:35,1066
APRL00001,Super Mario BOOM,1198,04/08/2023, 17:09:52,1066
APRL00001,Super Mario BOOM,1205,04/08/2023, 18:12:59,1066
APRL00001,Super Mario BOOM,1213,04/08/2023, 19:09:04,1066
APRL00001,Super Mario BOOM,1219,04/08/2023, 20:11:19,1066
APRL00001,Super Mario BOOM,1225,04/08/2023, 21:09:57,1066
APRL00001,Super Mario BOOM,1231,04/08/2023, 22:10:22,1066
APRL00001,Super Mario BOOM,1236,04/08/2023, 23:10:46,1066
APRL00001,Super Mario BOOM,1248,04/09/2023, 00:57:01,1066
APRL00001,Super Mario BOOM,1256,04/09/2023, 02:03:59,1066
APRL00001,Super Mario BOOM,1268,04/09/2023, 03:11:48,1066
APRL00001,Super Mario BOOM,1275,04/09/2023, 04:13:26,1066
APRL00001,Super Mario BOOM,1279,04/09/2023, 05:10:40,1066
APRL00001,Super Mario BOOM,1284,04/09/2023, 06:13:52,1066
APRL00001,Super Mario BOOM,1286,04/09/2023, 07:09:50,1066
APRL00001,Super Mario BOOM,1286,04/09/2023, 08:13:20,1066
APRL00001,Super Mario BOOM,1290,04/09/2023, 09:10:40,1066
APRL00001,Super Mario BOOM,1294,04/09/2023, 10:11:22,1066
APRL00001,Super Mario BOOM,1297,04/09/2023, 11:09:33,1066
APRL00001,Super Mario BOOM,1301,04/09/2023, 12:19:28,1066
APRL00001,Super Mario BOOM,1305,04/09/2023, 13:12:28,1066
APRL00001,Super Mario BOOM,1309,04/09/2023, 14:09:41,1066
APRL00001,Super Mario BOOM,1318,04/09/2023, 15:10:51,1066
APRL00001,Super Mario BOOM,1323,04/09/2023, 16:13:33,1066
APRL00001,Super Mario BOOM,1328,04/09/2023, 17:09:53,1066
APRL00001,Super Mario BOOM,1337,04/09/2023, 18:13:06,1066
APRL00001,Super Mario BOOM,1341,04/09/2023, 19:09:00,1066
APRL00001,Super Mario BOOM,1347,04/09/2023, 20:11:30,1066
APRL00001,Super Mario BOOM,1357,04/09/2023, 21:09:45,1066
APRL00001,Super Mario BOOM,1364,04/09/2023, 22:10:33,1066
APRL00001,Super Mario BOOM,1367,04/09/2023, 23:10:47,1066
APRL00001,Super Mario BOOM,1380,04/10/2023, 00:55:54,1066
APRL00001,Super Mario BOOM,1385,04/10/2023, 01:59:53,1066
APRL00001,Super Mario BOOM,1386,04/10/2023, 02:32:03,1066
APRL00001,Super Mario BOOM,1391,04/10/2023, 03:12:12,1066
APRL00001,Super Mario BOOM,1397,04/10/2023, 04:14:05,1066
APRL00001,Super Mario BOOM,1400,04/10/2023, 05:11:44,1066
APRL00001,Super Mario BOOM,1401,04/10/2023, 06:15:20,1066
APRL00001,Super Mario BOOM,1408,04/10/2023, 07:11:09,1066
APRL00001,Super Mario BOOM,1410,04/10/2023, 08:14:52,1066
APRL00001,Super Mario BOOM,1413,04/10/2023, 09:11:54,1066
APRL00001,Super Mario BOOM,1419,04/10/2023, 10:12:43,1066
APRL00001,Super Mario BOOM,1422,04/10/2023, 11:09:58,1066
APRL00001,Super Mario BOOM,1430,04/10/2023, 12:20:52,1066
APRL00001,Super Mario BOOM,1433,04/10/2023, 13:14:24,1066
APRL00001,Super Mario BOOM,1441,04/10/2023, 14:10:50,1066
APRL00001,Super Mario BOOM,1447,04/10/2023, 15:10:34,1066
APRL00001,Super Mario BOOM,1452,04/10/2023, 16:14:43,1066
APRL00001,Super Mario BOOM,1461,04/10/2023, 17:10:37,1066
APRL00001,Super Mario BOOM,1466,04/10/2023, 18:14:02,1066
APRL00001,Super Mario BOOM,1471,04/10/2023, 19:09:35,1066
APRL00001,Super Mario BOOM,1479,04/10/2023, 20:12:38,1066
APRL00001,Super Mario BOOM,1486,04/10/2023, 21:10:48,1066
APRL00001,Super Mario BOOM,1491,04/10/2023, 22:11:06,1066
APRL00001,Super Mario BOOM,1499,04/10/2023, 23:11:42,1066
APRL00001,Super Mario BOOM,1506,04/11/2023, 00:55:49,1066
APRL00001,Super Mario BOOM,1508,04/11/2023, 02:02:02,1066
APRL00001,Super Mario BOOM,1513,04/11/2023, 03:12:29,1066
APRL00001,Super Mario BOOM,1518,04/11/2023, 04:13:52,1066
APRL00001,Super Mario BOOM,1524,04/11/2023, 05:11:09,1066
APRL00001,Super Mario BOOM,1526,04/11/2023, 06:15:03,1066
APRL00001,Super Mario BOOM,1528,04/11/2023, 07:11:22,1066
APRL00001,Super Mario BOOM,1532,04/11/2023, 08:15:01,1066
APRL00001,Super Mario BOOM,1533,04/11/2023, 09:12:11,1066
APRL00001,Super Mario BOOM,1534,04/11/2023, 10:12:54,1066
APRL00001,Super Mario BOOM,1535,04/11/2023, 11:10:06,1066
APRL00001,Super Mario BOOM,1537,04/11/2023, 12:21:34,1066
APRL00001,Super Mario BOOM,1540,04/11/2023, 13:15:26,1066
APRL00001,Super Mario BOOM,1543,04/11/2023, 14:11:33,1066
APRL00001,Super Mario BOOM,1545,04/11/2023, 15:12:17,1066
APRL00001,Super Mario BOOM,1546,04/11/2023, 16:15:19,1066
APRL00001,Super Mario BOOM,1549,04/11/2023, 17:10:25,1066
APRL00001,Super Mario BOOM,1551,04/11/2023, 18:13:21,1066
APRL00001,Super Mario BOOM,1553,04/11/2023, 19:09:25,1066
APRL00001,Super Mario BOOM,1556,04/11/2023, 20:12:08,1066
APRL00001,Super Mario BOOM,1558,04/11/2023, 21:10:19,1066
APRL00001,Super Mario BOOM,1563,04/11/2023, 22:10:59,1066
APRL00001,Super Mario BOOM,1565,04/11/2023, 23:11:43,1066
APRL00001,Super Mario BOOM,1576,04/12/2023, 00:55:41,1066
APRL00001,Super Mario BOOM,1579,04/12/2023, 02:02:40,1066
APRL00001,Super Mario BOOM,1583,04/12/2023, 03:12:21,1066
APRL00001,Super Mario BOOM,1590,04/12/2023, 04:14:00,1066
APRL00001,Super Mario BOOM,1593,04/12/2023, 05:11:25,1066
APRL00001,Super Mario BOOM,1594,04/12/2023, 06:15:04,1066
APRL00001,Super Mario BOOM,1597,04/12/2023, 07:10:51,1066
APRL00001,Super Mario BOOM,1603,04/12/2023, 08:14:38,1066
APRL00001,Super Mario BOOM,1606,04/12/2023, 09:11:57,1066
APRL00001,Super Mario BOOM,1609,04/12/2023, 10:12:49,1066
APRL00001,Super Mario BOOM,1610,04/12/2023, 11:10:02,1066
APRL00001,Super Mario BOOM,1612,04/12/2023, 12:21:39,1066
APRL00001,Super Mario BOOM,1616,04/12/2023, 13:15:20,1066
APRL00001,Super Mario BOOM,1618,04/12/2023, 14:10:48,1066
APRL00001,Super Mario BOOM,1623,04/12/2023, 15:12:24,1066
APRL00001,Super Mario BOOM,1626,04/12/2023, 16:14:56,1066
APRL00001,Super Mario BOOM,1630,04/12/2023, 17:10:32,1066
APRL00001,Super Mario BOOM,1636,04/12/2023, 18:14:55,1066
APRL00001,Super Mario BOOM,1638,04/12/2023, 19:09:40,1066
APRL00001,Super Mario BOOM,1642,04/12/2023, 20:12:24,1066
APRL00001,Super Mario BOOM,1648,04/12/2023, 21:10:23,1066
APRL00001,Super Mario BOOM,1651,04/12/2023, 22:11:08,1066
APRL00001,Super Mario BOOM,1654,04/12/2023, 23:11:22,1066
APRL00001,Super Mario BOOM,1660,04/13/2023, 00:54:36,1066
APRL00001,Super Mario BOOM,1667,04/13/2023, 02:01:28,1066
APRL00001,Super Mario BOOM,1671,04/13/2023, 02:34:36,1066
APRL00001,Super Mario BOOM,1673,04/13/2023, 03:12:09,1066
APRL00001,Super Mario BOOM,1675,04/13/2023, 04:14:04,1066
APRL00001,Super Mario BOOM,1678,04/13/2023, 05:11:01,1066
APRL00001,Super Mario BOOM,1679,04/13/2023, 06:14:48,1066
APRL00001,Super Mario BOOM,1680,04/13/2023, 07:11:25,1066
APRL00001,Super Mario BOOM,1680,04/13/2023, 08:14:45,1066
APRL00001,Super Mario BOOM,1680,04/13/2023, 09:12:09,1066
APRL00001,Super Mario BOOM,1683,04/13/2023, 10:12:31,1066
APRL00001,Super Mario BOOM,1686,04/13/2023, 11:10:09,1066
APRL00001,Super Mario BOOM,1689,04/13/2023, 12:22:11,1066
APRL00001,Super Mario BOOM,1692,04/13/2023, 13:15:15,1066
APRL00001,Super Mario BOOM,1695,04/13/2023, 14:11:23,1066
APRL00001,Super Mario BOOM,1696,04/13/2023, 15:12:18,1066
APRL00001,Super Mario BOOM,1698,04/13/2023, 16:14:02,1066
APRL00001,Super Mario BOOM,1700,04/13/2023, 17:10:11,1066
APRL00001,Super Mario BOOM,1705,04/13/2023, 18:14:29,1066
APRL00001,Super Mario BOOM,1710,04/13/2023, 19:10:01,1066
APRL00001,Super Mario BOOM,1716,04/13/2023, 20:12:16,1066
APRL00001,Super Mario BOOM,1718,04/13/2023, 21:10:26,1066
APRL00001,Super Mario BOOM,1724,04/13/2023, 22:11:08,1066
APRL00001,Super Mario BOOM,1729,04/13/2023, 23:11:56,1066
APRL00001,Super Mario BOOM,1730,04/14/2023, 00:54:46,1066
APRL00001,Super Mario BOOM,1732,04/14/2023, 02:00:34,1066
APRL00001,Super Mario BOOM,1732,04/14/2023, 02:33:25,1066
APRL00001,Super Mario BOOM,1736,04/14/2023, 03:12:18,1066
APRL00001,Super Mario BOOM,1739,04/14/2023, 04:13:49,1066
APRL00001,Super Mario BOOM,1740,04/14/2023, 05:11:14,1066
APRL00001,Super Mario BOOM,1742,04/14/2023, 06:14:55,1066
APRL00001,Super Mario BOOM,1744,04/14/2023, 07:11:14,1066
APRL00001,Super Mario BOOM,1747,04/14/2023, 08:14:27,1066
APRL00001,Super Mario BOOM,1748,04/14/2023, 09:11:49,1066
APRL00001,Super Mario BOOM,1749,04/14/2023, 10:12:33,1066
APRL00001,Super Mario BOOM,1751,04/14/2023, 11:10:16,1066
APRL00001,Super Mario BOOM,1751,04/14/2023, 12:21:11,1066
APRL00001,Super Mario BOOM,1754,04/14/2023, 13:14:30,1066
APRL00001,Super Mario BOOM,1756,04/14/2023, 14:11:00,1066
APRL00001,Super Mario BOOM,1758,04/14/2023, 15:11:58,1066
APRL00001,Super Mario BOOM,1759,04/14/2023, 16:14:55,1066
APRL00001,Super Mario BOOM,1762,04/14/2023, 17:09:50,1066
APRL00001,Super Mario BOOM,1768,04/14/2023, 18:13:55,1066
APRL00001,Super Mario BOOM,1773,04/14/2023, 19:09:17,1066
APRL00001,Super Mario BOOM,1777,04/14/2023, 20:12:12,1066
APRL00001,Super Mario BOOM,1778,04/14/2023, 21:10:18,1066
APRL00001,Super Mario BOOM,1784,04/14/2023, 22:10:53,1066
APRL00001,Super Mario BOOM,1788,04/14/2023, 23:11:36,1066
APRL00001,Super Mario BOOM,1795,04/15/2023, 00:57:19,1066
APRL00001,Super Mario BOOM,1800,04/15/2023, 02:04:13,1066
APRL00001,Super Mario BOOM,1812,04/15/2023, 03:11:48,1066
APRL00001,Super Mario BOOM,1814,04/15/2023, 04:13:32,1066
APRL00001,Super Mario BOOM,1816,04/15/2023, 05:10:53,1066
APRL00001,Super Mario BOOM,1816,04/15/2023, 06:14:12,1066
APRL00001,Super Mario BOOM,1820,04/15/2023, 07:10:21,1066
APRL00001,Super Mario BOOM,1824,04/15/2023, 08:13:40,1066
APRL00001,Super Mario BOOM,1829,04/15/2023, 09:11:00,1066
APRL00001,Super Mario BOOM,1833,04/15/2023, 10:11:27,1066
APRL00001,Super Mario BOOM,1835,04/15/2023, 11:09:16,1066
APRL00001,Super Mario BOOM,1838,04/15/2023, 12:19:26,1066
APRL00001,Super Mario BOOM,1841,04/15/2023, 13:12:44,1066
APRL00001,Super Mario BOOM,1843,04/15/2023, 14:09:51,1066
APRL00001,Super Mario BOOM,1848,04/15/2023, 15:11:11,1066
APRL00001,Super Mario BOOM,1853,04/15/2023, 16:14:02,1066
APRL00001,Super Mario BOOM,1856,04/15/2023, 17:09:57,1066
APRL00001,Super Mario BOOM,1860,04/15/2023, 18:13:09,1066
APRL00001,Super Mario BOOM,1861,04/15/2023, 19:09:04,1066
APRL00001,Super Mario BOOM,1861,04/15/2023, 20:11:43,1066
APRL00001,Super Mario BOOM,1865,04/15/2023, 21:10:05,1066
APRL00001,Super Mario BOOM,1868,04/15/2023, 22:10:42,1066
APRL00001,Super Mario BOOM,1877,04/15/2023, 23:11:17,1066
APRL00001,Super Mario BOOM,1880,04/16/2023, 00:58:07,1066
APRL00001,Super Mario BOOM,1884,04/16/2023, 02:10:17,1066
APRL00001,Super Mario BOOM,1889,04/16/2023, 03:12:19,1066
APRL00001,Super Mario BOOM,1892,04/16/2023, 04:13:34,1066
APRL00001,Super Mario BOOM,1893,04/16/2023, 05:10:55,1066
APRL00001,Super Mario BOOM,1896,04/16/2023, 06:14:13,1066
APRL00001,Super Mario BOOM,1898,04/16/2023, 07:10:20,1066
APRL00001,Super Mario BOOM,1900,04/16/2023, 08:13:41,1066
APRL00001,Super Mario BOOM,1903,04/16/2023, 09:10:46,1066
APRL00001,Super Mario BOOM,1906,04/16/2023, 10:11:24,1066
APRL00001,Super Mario BOOM,1909,04/16/2023, 11:09:32,1066
APRL00001,Super Mario BOOM,1911,04/16/2023, 12:19:50,1066
APRL00001,Super Mario BOOM,1913,04/16/2023, 13:13:17,1066
APRL00001,Super Mario BOOM,1919,04/16/2023, 14:09:50,1066
APRL00001,Super Mario BOOM,1923,04/16/2023, 15:11:06,1066
APRL00001,Super Mario BOOM,1925,04/16/2023, 16:14:00,1066
APRL00001,Super Mario BOOM,1927,04/16/2023, 17:10:02,1066
APRL00001,Super Mario BOOM,1935,04/16/2023, 18:13:29,1066
APRL00001,Super Mario BOOM,1941,04/16/2023, 19:09:18,1066
APRL00001,Super Mario BOOM,1949,04/16/2023, 20:11:38,1066
APRL00001,Super Mario BOOM,1956,04/16/2023, 21:09:55,1066
APRL00001,Super Mario BOOM,1959,04/16/2023, 22:10:32,1066
APRL00001,Super Mario BOOM,1962,04/16/2023, 23:11:12,1066
APRL00001,Super Mario BOOM,1966,04/17/2023, 00:56:59,1066
APRL00001,Super Mario BOOM,1967,04/17/2023, 02:04:12,1066
APRL00001,Super Mario BOOM,1969,04/17/2023, 03:12:26,1066
APRL00001,Super Mario BOOM,1972,04/17/2023, 04:14:23,1066
APRL00001,Super Mario BOOM,1975,04/17/2023, 05:11:40,1066
APRL00001,Super Mario BOOM,1977,04/17/2023, 06:15:30,1066
APRL00001,Super Mario BOOM,1980,04/17/2023, 07:11:44,1066
APRL00001,Super Mario BOOM,1983,04/17/2023, 08:15:50,1066
APRL00001,Super Mario BOOM,1987,04/17/2023, 09:12:52,1066
APRL00001,Super Mario BOOM,1988,04/17/2023, 10:13:19,1066
APRL00001,Super Mario BOOM,1989,04/17/2023, 11:10:32,1066
APRL00001,Super Mario BOOM,1991,04/17/2023, 12:22:42,1066
APRL00001,Super Mario BOOM,1996,04/17/2023, 13:15:50,1066
APRL00001,Super Mario BOOM,1999,04/17/2023, 14:11:40,1066
APRL00001,Super Mario BOOM,2002,04/17/2023, 15:12:46,1066
APRL00001,Super Mario BOOM,2005,04/17/2023, 16:15:29,1066
APRL00001,Super Mario BOOM,2009,04/17/2023, 17:10:53,1066
APRL00001,Super Mario BOOM,2011,04/17/2023, 18:14:44,1066
APRL00001,Super Mario BOOM,2014,04/17/2023, 19:08:48,1066
APRL00001,Super Mario BOOM,2019,04/17/2023, 20:12:18,1066
APRL00001,Super Mario BOOM,2019,04/17/2023, 21:10:48,1066
APRL00001,Super Mario BOOM,2023,04/17/2023, 22:11:09,1066
APRL00001,Super Mario BOOM,2025,04/17/2023, 23:11:41,1066
APRL00001,Super Mario BOOM,2032,04/18/2023, 00:54:45,1066
APRL00001,Super Mario BOOM,2038,04/18/2023, 02:01:21,1066
APRL00001,Super Mario BOOM,2041,04/18/2023, 02:34:58,1066
APRL00001,Super Mario BOOM,2043,04/18/2023, 03:12:23,1066
APRL00001,Super Mario BOOM,2045,04/18/2023, 04:14:22,1066
APRL00001,Super Mario BOOM,2047,04/18/2023, 05:11:35,1066
APRL00001,Super Mario BOOM,2048,04/18/2023, 06:15:11,1066
APRL00001,Super Mario BOOM,2051,04/18/2023, 07:11:17,1066
APRL00001,Super Mario BOOM,2054,04/18/2023, 08:15:12,1066
APRL00001,Super Mario BOOM,2055,04/18/2023, 09:12:07,1066
APRL00001,Super Mario BOOM,2056,04/18/2023, 10:12:49,1066
APRL00001,Super Mario BOOM,2060,04/18/2023, 11:10:17,1066
APRL00001,Super Mario BOOM,2061,04/18/2023, 12:22:11,1066
APRL00001,Super Mario BOOM,2061,04/18/2023, 13:16:33,1066
APRL00001,Super Mario BOOM,2063,04/18/2023, 14:12:44,1066
APRL00001,Super Mario BOOM,2064,04/18/2023, 15:13:44,1066
APRL00001,Super Mario BOOM,2066,04/18/2023, 16:13:17,1066
APRL00001,Super Mario BOOM,2066,04/18/2023, 17:09:21,1066
APRL00001,Super Mario BOOM,2076,04/18/2023, 18:14:39,1066
APRL00001,Super Mario BOOM,2081,04/18/2023, 19:09:54,1066
APRL00001,Super Mario BOOM,2085,04/18/2023, 20:12:41,1066
APRL00001,Super Mario BOOM,2089,04/18/2023, 21:11:09,1066
APRL00001,Super Mario BOOM,2093,04/18/2023, 22:11:17,1066
APRL00001,Super Mario BOOM,2095,04/18/2023, 23:11:54,1066
APRL00001,Super Mario BOOM,2102,04/19/2023, 00:57:49,1066
APRL00001,Super Mario BOOM,2108,04/19/2023, 02:06:36,1066
APRL00001,Super Mario BOOM,2112,04/19/2023, 03:12:34,1066
APRL00001,Super Mario BOOM,2115,04/19/2023, 04:14:33,1066
APRL00001,Super Mario BOOM,2116,04/19/2023, 05:11:51,1066
APRL00001,Super Mario BOOM,2119,04/19/2023, 06:15:29,1066
APRL00001,Super Mario BOOM,2120,04/19/2023, 07:11:24,1066
APRL00001,Super Mario BOOM,2121,04/19/2023, 08:15:06,1066
APRL00001,Super Mario BOOM,2123,04/19/2023, 09:12:05,1066
APRL00001,Super Mario BOOM,2126,04/19/2023, 10:12:43,1066
APRL00001,Super Mario BOOM,2128,04/19/2023, 11:10:25,1066
APRL00001,Super Mario BOOM,2134,04/19/2023, 12:21:45,1066
APRL00001,Super Mario BOOM,2135,04/19/2023, 13:15:45,1066
APRL00001,Super Mario BOOM,2136,04/19/2023, 14:11:25,1066
APRL00001,Super Mario BOOM,2140,04/19/2023, 15:12:22,1066
APRL00001,Super Mario BOOM,2143,04/19/2023, 16:15:17,1066
APRL00001,Super Mario BOOM,2146,04/19/2023, 17:11:02,1066
APRL00001,Super Mario BOOM,2148,04/19/2023, 18:14:34,1066
APRL00001,Super Mario BOOM,2149,04/19/2023, 19:10:09,1066
APRL00001,Super Mario BOOM,2154,04/19/2023, 20:12:45,1066
APRL00001,Super Mario BOOM,2162,04/19/2023, 21:10:47,1066
APRL00001,Super Mario BOOM,2167,04/19/2023, 22:11:08,1066
APRL00001,Super Mario BOOM,2171,04/19/2023, 23:11:58,1066
APRL00001,Super Mario BOOM,2175,04/20/2023, 00:55:41,1066
APRL00001,Super Mario BOOM,2178,04/20/2023, 02:01:47,1066
APRL00001,Super Mario BOOM,2180,04/20/2023, 03:12:28,1066
APRL00001,Super Mario BOOM,2182,04/20/2023, 04:14:10,1066
APRL00001,Super Mario BOOM,2184,04/20/2023, 05:11:39,1066
APRL00001,Super Mario BOOM,2185,04/20/2023, 06:15:27,1066
APRL00001,Super Mario BOOM,2187,04/20/2023, 07:11:20,1066
APRL00001,Super Mario BOOM,2189,04/20/2023, 08:15:01,1066
APRL00001,Super Mario BOOM,2190,04/20/2023, 09:12:02,1066
APRL00001,Super Mario BOOM,2193,04/20/2023, 10:12:36,1066
APRL00001,Super Mario BOOM,2194,04/20/2023, 11:10:20,1066
APRL00001,Super Mario BOOM,2198,04/20/2023, 12:21:30,1066
APRL00001,Super Mario BOOM,2199,04/20/2023, 13:15:28,1066
APRL00001,Super Mario BOOM,2203,04/20/2023, 14:11:20,1066
APRL00001,Super Mario BOOM,2205,04/20/2023, 15:12:19,1066
APRL00001,Super Mario BOOM,2205,04/20/2023, 16:14:57,1066
APRL00001,Super Mario BOOM,2205,04/20/2023, 17:10:32,1066
APRL00001,Super Mario BOOM,2207,04/20/2023, 18:14:14,1066
APRL00001,Super Mario BOOM,2214,04/20/2023, 19:10:07,1066
APRL00001,Super Mario BOOM,2220,04/20/2023, 20:12:15,1066
APRL00001,Super Mario BOOM,2227,04/20/2023, 21:10:36,1066
APRL00001,Super Mario BOOM,2230,04/20/2023, 22:10:53,1066
APRL00001,Super Mario BOOM,2232,04/20/2023, 23:11:57,1066
APRL00001,Super Mario BOOM,2236,04/21/2023, 00:55:56,1066
APRL00001,Super Mario BOOM,2238,04/21/2023, 02:03:00,1066
APRL00001,Super Mario BOOM,2240,04/21/2023, 03:12:44,1066
APRL00001,Super Mario BOOM,2248,04/21/2023, 05:11:44,1066
APRL00001,Super Mario BOOM,2248,04/21/2023, 06:15:29,1066
APRL00001,Super Mario BOOM,2249,04/21/2023, 07:11:12,1066
APRL00001,Super Mario BOOM,2249,04/21/2023, 08:14:36,1066
APRL00001,Super Mario BOOM,2253,04/21/2023, 09:11:52,1066
APRL00001,Super Mario BOOM,2259,04/21/2023, 10:12:26,1066
APRL00001,Super Mario BOOM,2260,04/21/2023, 11:10:11,1066
APRL00001,Super Mario BOOM,2260,04/21/2023, 12:20:48,1066
APRL00001,Super Mario BOOM,2263,04/21/2023, 13:14:21,1066
APRL00001,Super Mario BOOM,2268,04/21/2023, 14:10:54,1066
APRL00001,Super Mario BOOM,2269,04/21/2023, 15:12:01,1066
APRL00001,Super Mario BOOM,2277,04/21/2023, 16:14:55,1066
APRL00001,Super Mario BOOM,2278,04/21/2023, 17:10:47,1066
APRL00001,Super Mario BOOM,2278,04/21/2023, 18:14:18,1066
APRL00001,Super Mario BOOM,2284,04/21/2023, 19:09:44,1066
APRL00001,Super Mario BOOM,2289,04/21/2023, 20:12:12,1066
APRL00001,Super Mario BOOM,2291,04/21/2023, 21:10:21,1066
APRL00001,Super Mario BOOM,2295,04/21/2023, 22:10:50,1066
APRL00001,Super Mario BOOM,2304,04/21/2023, 23:11:28,1066
APRL00001,Super Mario BOOM,2311,04/22/2023, 00:56:33,1066
APRL00001,Super Mario BOOM,2312,04/22/2023, 02:04:08,1066
APRL00001,Super Mario BOOM,2316,04/22/2023, 03:12:17,1066
APRL00001,Super Mario BOOM,2318,04/22/2023, 04:13:38,1066
APRL00001,Super Mario BOOM,2323,04/22/2023, 05:10:49,1066
APRL00001,Super Mario BOOM,2324,04/22/2023, 06:14:23,1066
APRL00001,Super Mario BOOM,2327,04/22/2023, 07:10:19,1066
APRL00001,Super Mario BOOM,2329,04/22/2023, 08:14:02,1066
APRL00001,Super Mario BOOM,2330,04/22/2023, 09:10:52,1066
APRL00001,Super Mario BOOM,2331,04/22/2023, 10:11:37,1066
APRL00001,Super Mario BOOM,2334,04/22/2023, 11:10:03,1066
APRL00001,Super Mario BOOM,2337,04/22/2023, 12:19:54,1066
APRL00001,Super Mario BOOM,2344,04/22/2023, 13:13:08,1066
APRL00001,Super Mario BOOM,2345,04/22/2023, 14:09:44,1066
APRL00001,Super Mario BOOM,2348,04/22/2023, 15:11:16,1066
APRL00001,Super Mario BOOM,2351,04/22/2023, 16:14:00,1066
APRL00001,Super Mario BOOM,2352,04/22/2023, 17:10:02,1066
APRL00001,Super Mario BOOM,2356,04/22/2023, 18:13:24,1066
APRL00001,Super Mario BOOM,2364,04/22/2023, 19:09:18,1066
APRL00001,Super Mario BOOM,2369,04/22/2023, 20:11:57,1066
APRL00001,Super Mario BOOM,2371,04/22/2023, 21:10:11,1066
APRL00001,Super Mario BOOM,2376,04/22/2023, 22:10:42,1066
APRL00001,Super Mario BOOM,2380,04/22/2023, 23:11:27,1066
APRL00001,Super Mario BOOM,2390,04/23/2023, 01:01:01,1066
APRL00001,Super Mario BOOM,2394,04/23/2023, 02:17:00,1066
APRL00001,Super Mario BOOM,2396,04/23/2023, 03:12:24,1066
APRL00001,Super Mario BOOM,2403,04/23/2023, 04:14:16,1066
APRL00001,Super Mario BOOM,2405,04/23/2023, 05:11:02,1066
APRL00001,Super Mario BOOM,2408,04/23/2023, 06:14:16,1066
APRL00001,Super Mario BOOM,2413,04/23/2023, 07:10:40,1066
APRL00001,Super Mario BOOM,2413,04/23/2023, 08:14:04,1066
APRL00001,Super Mario BOOM,2414,04/23/2023, 09:10:53,1066
APRL00001,Super Mario BOOM,2416,04/23/2023, 10:11:40,1066
APRL00001,Super Mario BOOM,2419,04/23/2023, 11:09:27,1066
APRL00001,Super Mario BOOM,2426,04/23/2023, 12:20:37,1066
APRL00001,Super Mario BOOM,2431,04/23/2023, 13:12:59,1066
APRL00001,Super Mario BOOM,2435,04/23/2023, 14:09:46,1066
APRL00001,Super Mario BOOM,2437,04/23/2023, 15:11:05,1066
APRL00001,Super Mario BOOM,2441,04/23/2023, 16:13:55,1066
APRL00001,Super Mario BOOM,2443,04/23/2023, 17:10:01,1066
APRL00001,Super Mario BOOM,2448,04/23/2023, 18:13:44,1066
APRL00001,Super Mario BOOM,2451,04/23/2023, 19:09:22,1066
APRL00001,Super Mario BOOM,2455,04/23/2023, 20:11:53,1066
APRL00001,Super Mario BOOM,2460,04/23/2023, 21:09:55,1066
APRL00001,Super Mario BOOM,2467,04/23/2023, 22:10:58,1066
APRL00001,Super Mario BOOM,2468,04/23/2023, 23:11:24,1066
APRL00001,Super Mario BOOM,2475,04/24/2023, 00:57:32,1066
APRL00001,Super Mario BOOM,2479,04/24/2023, 02:06:39,1066
APRL00001,Super Mario BOOM,2481,04/24/2023, 03:12:52,1066
APRL00001,Super Mario BOOM,2482,04/24/2023, 04:14:18,1066
APRL00001,Super Mario BOOM,2482,04/24/2023, 05:11:50,1066
APRL00001,Super Mario BOOM,2486,04/24/2023, 06:15:41,1066
APRL00001,Super Mario BOOM,2490,04/24/2023, 07:11:48,1066
APRL00001,Super Mario BOOM,2493,04/24/2023, 08:15:57,1066
APRL00001,Super Mario BOOM,2495,04/24/2023, 09:12:25,1066
APRL00001,Super Mario BOOM,2497,04/24/2023, 10:12:49,1066
APRL00001,Super Mario BOOM,2498,04/24/2023, 11:10:22,1066
APRL00001,Super Mario BOOM,2502,04/24/2023, 12:21:41,1066
APRL00001,Super Mario BOOM,2502,04/24/2023, 13:15:16,1066
APRL00001,Super Mario BOOM,2506,04/24/2023, 14:11:23,1066
APRL00001,Super Mario BOOM,2506,04/24/2023, 15:12:27,1066
APRL00001,Super Mario BOOM,2510,04/24/2023, 16:15:01,1066
APRL00001,Super Mario BOOM,2513,04/24/2023, 17:10:49,1066
APRL00001,Super Mario BOOM,2517,04/24/2023, 18:14:29,1066
APRL00001,Super Mario BOOM,2517,04/24/2023, 19:09:44,1066
APRL00001,Super Mario BOOM,2524,04/24/2023, 20:12:07,1066
APRL00001,Super Mario BOOM,2531,04/24/2023, 21:10:37,1066
APRL00001,Super Mario BOOM,2538,04/24/2023, 22:10:53,1066
APRL00001,Super Mario BOOM,2542,04/24/2023, 23:11:46,1066
APRL00001,Super Mario BOOM,2547,04/25/2023, 00:57:13,1066
APRL00001,Super Mario BOOM,2551,04/25/2023, 02:05:12,1066
APRL00001,Super Mario BOOM,2552,04/25/2023, 03:12:28,1066
APRL00001,Super Mario BOOM,2560,04/25/2023, 05:11:34,1066
APRL00001,Super Mario BOOM,2561,04/25/2023, 06:15:18,1066
APRL00001,Super Mario BOOM,2563,04/25/2023, 07:11:21,1066
APRL00001,Super Mario BOOM,2565,04/25/2023, 08:14:44,1066
APRL00001,Super Mario BOOM,2566,04/25/2023, 09:12:12,1066
APRL00001,Super Mario BOOM,2568,04/25/2023, 10:12:45,1066
APRL00001,Super Mario BOOM,2571,04/25/2023, 11:10:11,1066
APRL00001,Super Mario BOOM,2572,04/25/2023, 12:21:52,1066
APRL00001,Super Mario BOOM,2573,04/25/2023, 13:15:27,1066
APRL00001,Super Mario BOOM,2576,04/25/2023, 14:11:25,1066
APRL00001,Super Mario BOOM,2576,04/25/2023, 15:12:36,1066
APRL00001,Super Mario BOOM,2578,04/25/2023, 16:14:47,1066
APRL00001,Super Mario BOOM,2581,04/25/2023, 17:10:50,1066
APRL00001,Super Mario BOOM,2591,04/25/2023, 18:14:24,1066
APRL00001,Super Mario BOOM,2596,04/25/2023, 19:09:36,1066
APRL00001,Super Mario BOOM,2602,04/25/2023, 20:12:20,1066
APRL00001,Super Mario BOOM,2602,04/25/2023, 21:10:41,1066
APRL00001,Super Mario BOOM,2607,04/25/2023, 22:11:00,1066
APRL00001,Super Mario BOOM,2608,04/25/2023, 23:11:47,1066
APRL00001,Super Mario BOOM,2614,04/26/2023, 00:56:32,1066
APRL00001,Super Mario BOOM,2619,04/26/2023, 02:04:25,1066
APRL00001,Super Mario BOOM,2622,04/26/2023, 03:12:19,1066
APRL00001,Super Mario BOOM,2628,04/26/2023, 04:14:00,1066
APRL00001,Super Mario BOOM,2629,04/26/2023, 05:11:42,1066
APRL00001,Super Mario BOOM,2632,04/26/2023, 06:15:25,1066
APRL00001,Super Mario BOOM,2633,04/26/2023, 07:11:15,1066
APRL00001,Super Mario BOOM,2636,04/26/2023, 08:15:04,1066
APRL00001,Super Mario BOOM,2637,04/26/2023, 09:12:04,1066
APRL00001,Super Mario BOOM,2638,04/26/2023, 10:12:37,1066
APRL00001,Super Mario BOOM,2643,04/26/2023, 11:10:11,1066
APRL00001,Super Mario BOOM,2644,04/26/2023, 12:21:50,1066
APRL00001,Super Mario BOOM,2647,04/26/2023, 13:15:27,1066
APRL00001,Super Mario BOOM,2648,04/26/2023, 14:11:33,1066
APRL00001,Super Mario BOOM,2651,04/26/2023, 15:12:15,1066
APRL00001,Super Mario BOOM,2658,04/26/2023, 16:15:45,1066
APRL00001,Super Mario BOOM,2659,04/26/2023, 17:10:56,1066
APRL00001,Super Mario BOOM,2661,04/26/2023, 18:14:39,1066
APRL00001,Super Mario BOOM,2662,04/26/2023, 19:10:03,1066
APRL00001,Super Mario BOOM,2667,04/26/2023, 20:11:17,1066
APRL00001,Super Mario BOOM,2669,04/26/2023, 21:10:40,1066
APRL00001,Super Mario BOOM,2671,04/26/2023, 22:10:56,1066
APRL00001,Super Mario BOOM,2674,04/26/2023, 23:12:05,1066
APRL00001,Super Mario BOOM,2678,04/27/2023, 00:58:58,1066
APRL00001,Super Mario BOOM,2682,04/27/2023, 02:06:02,1066
APRL00001,Super Mario BOOM,2687,04/27/2023, 03:12:44,1066
APRL00001,Super Mario BOOM,2689,04/27/2023, 04:14:06,1066
APRL00001,Super Mario BOOM,2693,04/27/2023, 05:11:37,1066
APRL00001,Super Mario BOOM,2694,04/27/2023, 06:15:32,1066
APRL00001,Super Mario BOOM,2695,04/27/2023, 07:11:34,1066
APRL00001,Super Mario BOOM,2700,04/27/2023, 08:14:31,1066
APRL00001,Super Mario BOOM,2703,04/27/2023, 09:11:31,1066
APRL00001,Super Mario BOOM,2706,04/27/2023, 10:12:51,1066
APRL00001,Super Mario BOOM,2707,04/27/2023, 11:10:05,1066
APRL00001,Super Mario BOOM,2709,04/27/2023, 12:20:50,1066
APRL00001,Super Mario BOOM,2711,04/27/2023, 13:14:59,1066
APRL00001,Super Mario BOOM,2713,04/27/2023, 14:11:07,1066
APRL00001,Super Mario BOOM,2715,04/27/2023, 15:11:06,1066
APRL00001,Super Mario BOOM,2720,04/27/2023, 16:13:37,1066
APRL00001,Super Mario BOOM,2726,04/27/2023, 17:10:52,1066
APRL00001,Super Mario BOOM,2732,04/27/2023, 18:14:15,1066
APRL00001,Super Mario BOOM,2736,04/27/2023, 19:09:50,1066
APRL00001,Super Mario BOOM,2738,04/27/2023, 20:12:28,1066
APRL00001,Super Mario BOOM,2741,04/27/2023, 21:10:37,1066
APRL00001,Super Mario BOOM,2745,04/27/2023, 22:10:16,1066
APRL00001,Super Mario BOOM,2750,04/27/2023, 23:12:05,1066
APRL00001,Super Mario BOOM,2753,04/28/2023, 00:57:46,1066
APRL00001,Super Mario BOOM,2757,04/28/2023, 02:05:48,1066
APRL00001,Super Mario BOOM,2759,04/28/2023, 03:12:28,1066
APRL00001,Super Mario BOOM,2764,04/28/2023, 04:13:45,1066
APRL00001,Super Mario BOOM,2768,04/28/2023, 05:11:11,1066
APRL00001,Super Mario BOOM,2773,04/28/2023, 06:15:19,1066
APRL00001,Super Mario BOOM,2773,04/28/2023, 07:11:14,1066
APRL00001,Super Mario BOOM,2775,04/28/2023, 08:14:47,1066
APRL00001,Super Mario BOOM,2777,04/28/2023, 09:11:44,1066
APRL00001,Super Mario BOOM,2780,04/28/2023, 10:12:28,1066
APRL00001,Super Mario BOOM,2783,04/28/2023, 11:09:52,1066
APRL00001,Super Mario BOOM,2786,04/28/2023, 12:20:55,1066
APRL00001,Super Mario BOOM,2792,04/28/2023, 13:13:58,1066
APRL00001,Super Mario BOOM,2795,04/28/2023, 15:11:45,1066
APRL00001,Super Mario BOOM,2801,04/28/2023, 16:14:30,1066
APRL00001,Super Mario BOOM,2803,04/28/2023, 17:10:41,1066
APRL00001,Super Mario BOOM,2805,04/28/2023, 18:13:49,1066
APRL00001,Super Mario BOOM,2807,04/28/2023, 19:09:56,1066
APRL00001,Super Mario BOOM,2813,04/28/2023, 20:12:07,1066
APRL00001,Super Mario BOOM,2818,04/28/2023, 21:10:08,1066
APRL00001,Super Mario BOOM,2823,04/28/2023, 22:10:48,1066
APRL00001,Super Mario BOOM,2828,04/28/2023, 23:11:34,1066
APRL00001,Super Mario BOOM,2833,04/29/2023, 00:54:47,1066
APRL00001,Super Mario BOOM,2836,04/29/2023, 02:03:23,1066
APRL00001,Super Mario BOOM,2840,04/29/2023, 03:12:16,1066
APRL00001,Super Mario BOOM,2842,04/29/2023, 04:13:39,1066
APRL00001,Super Mario BOOM,2844,04/29/2023, 05:10:55,1066
APRL00001,Super Mario BOOM,2846,04/29/2023, 06:13:55,1066
APRL00001,Super Mario BOOM,2847,04/29/2023, 07:11:26,1066
APRL00001,Super Mario BOOM,2849,04/29/2023, 08:13:34,1066
APRL00001,Super Mario BOOM,2850,04/29/2023, 09:11:00,1066
APRL00001,Super Mario BOOM,2852,04/29/2023, 10:11:20,1066
APRL00001,Super Mario BOOM,2854,04/29/2023, 11:09:33,1066
APRL00001,Super Mario BOOM,2859,04/29/2023, 12:19:23,1066
APRL00001,Super Mario BOOM,2859,04/29/2023, 13:12:18,1066
APRL00001,Super Mario BOOM,2864,04/29/2023, 14:09:44,1066
APRL00001,Super Mario BOOM,2867,04/29/2023, 15:10:56,1066
APRL00001,Super Mario BOOM,2872,04/29/2023, 16:13:29,1066
APRL00001,Super Mario BOOM,2875,04/29/2023, 17:09:48,1066
APRL00001,Super Mario BOOM,2881,04/29/2023, 18:13:27,1066
APRL00001,Super Mario BOOM,2887,04/29/2023, 19:09:04,1066
APRL00001,Super Mario BOOM,2891,04/29/2023, 20:11:40,1066
APRL00001,Super Mario BOOM,2899,04/29/2023, 21:09:40,1066
APRL00001,Super Mario BOOM,2903,04/29/2023, 22:10:20,1066
APRL00001,Super Mario BOOM,2910,04/29/2023, 23:11:20,1066
APRL00001,Super Mario BOOM,2917,04/30/2023, 01:01:35,1066
APRL00001,Super Mario BOOM,2919,04/30/2023, 02:28:53,1066
APRL00001,Super Mario BOOM,2919,04/30/2023, 03:12:04,1066
APRL00001,Super Mario BOOM,2920,04/30/2023, 04:13:32,1066
APRL00001,Super Mario BOOM,2923,04/30/2023, 05:10:56,1066
APRL00001,Super Mario BOOM,2927,04/30/2023, 06:14:22,1066
APRL00001,Super Mario BOOM,2932,04/30/2023, 07:10:05,1066
APRL00001,Super Mario BOOM,2933,04/30/2023, 08:13:29,1066
APRL00001,Super Mario BOOM,2935,04/30/2023, 09:10:47,1066
APRL00001,Super Mario BOOM,2937,04/30/2023, 10:11:35,1066
APRL00001,Super Mario BOOM,2939,04/30/2023, 11:09:18,1066
APRL00001,Super Mario BOOM,2944,04/30/2023, 12:19:39,1066
APRL00001,Super Mario BOOM,2948,04/30/2023, 13:12:16,1066
APRL00001,Super Mario BOOM,2950,04/30/2023, 14:09:41,1066
APRL00001,Super Mario BOOM,2955,04/30/2023, 15:10:44,1066
APRL00001,Super Mario BOOM,2958,04/30/2023, 16:13:31,1066
APRL00001,Super Mario BOOM,2961,04/30/2023, 17:10:06,1066
APRL00001,Super Mario BOOM,2967,04/30/2023, 18:13:09,1066
APRL00001,Super Mario BOOM,2969,04/30/2023, 19:08:58,1066
APRL00001,Super Mario BOOM,2971,04/30/2023, 20:11:47,1066
APRL00001,Super Mario BOOM,2977,04/30/2023, 21:10:14,1066
APRL00001,Super Mario BOOM,2982,04/30/2023, 22:10:12,1066
APRL00001,Super Mario BOOM,2990,04/30/2023, 23:11:08,1066
APRL00001,Super Mario BOOM,2997,05/01/2023, 00:59:48,1066
APRL00001,Super Mario BOOM,3006,05/01/2023, 02:07:40,1066
APRL00001,Super Mario BOOM,3008,05/01/2023, 03:12:25,1066
APRL00001,Super Mario BOOM,3012,05/01/2023, 04:14:19,1066
APRL00001,Super Mario BOOM,3013,05/01/2023, 05:11:35,1066
APRL00001,Super Mario BOOM,3017,05/01/2023, 06:15:16,1066
APRL00001,Super Mario BOOM,3019,05/01/2023, 07:12:01,1066
APRL00001,Super Mario BOOM,3025,05/01/2023, 08:14:42,1066
APRL00001,Super Mario BOOM,3026,05/01/2023, 09:12:12,1066
APRL00001,Super Mario BOOM,3031,05/01/2023, 11:10:00,1066
APRL00001,Super Mario BOOM,3038,05/01/2023, 12:20:59,1066
APRL00001,Super Mario BOOM,3040,05/01/2023, 13:14:01,1066
APRL00001,Super Mario BOOM,3041,05/01/2023, 14:10:50,1066
APRL00001,Super Mario BOOM,3047,05/01/2023, 15:11:53,1066
APRL00001,Super Mario BOOM,3049,05/01/2023, 16:15:32,1066
APRL00001,Super Mario BOOM,3055,05/01/2023, 17:10:42,1066
APRL00001,Super Mario BOOM,3060,05/01/2023, 18:13:55,1066
APRL00001,Super Mario BOOM,3063,05/01/2023, 19:09:52,1066
APRL00001,Super Mario BOOM,3071,05/01/2023, 20:12:24,1066
APRL00001,Super Mario BOOM,3072,05/01/2023, 21:10:23,1066
APRL00001,Super Mario BOOM,3074,05/01/2023, 22:11:21,1066
APRL00001,Super Mario BOOM,3079,05/01/2023, 23:12:48,1066
APRL00001,Super Mario BOOM,3083,05/02/2023, 00:57:52,1066
APRL00001,Super Mario BOOM,3088,05/02/2023, 02:03:38,1066
APRL00001,Super Mario BOOM,3092,05/02/2023, 03:12:27,1066
APRL00001,Super Mario BOOM,3099,05/02/2023, 04:13:40,1066
APRL00001,Super Mario BOOM,3101,05/02/2023, 05:11:14,1066
APRL00001,Super Mario BOOM,3102,05/02/2023, 06:15:00,1066
APRL00001,Super Mario BOOM,3103,05/02/2023, 07:11:05,1066
APRL00001,Super Mario BOOM,3106,05/02/2023, 08:14:34,1066
APRL00001,Super Mario BOOM,3108,05/02/2023, 09:11:41,1066
APRL00001,Super Mario BOOM,3109,05/02/2023, 10:12:26,1066
APRL00001,Super Mario BOOM,3110,05/02/2023, 11:10:20,1066
APRL00001,Super Mario BOOM,3111,05/02/2023, 12:21:45,1066
APRL00001,Super Mario BOOM,3117,05/02/2023, 13:15:00,1066
APRL00001,Super Mario BOOM,3118,05/02/2023, 14:11:08,1066
APRL00001,Super Mario BOOM,3120,05/02/2023, 15:13:30,1066
APRL00001,Super Mario BOOM,3122,05/02/2023, 16:14:24,1066
APRL00001,Super Mario BOOM,3128,05/02/2023, 17:11:03,1066
APRL00001,Super Mario BOOM,3131,05/02/2023, 18:13:54,1066
APRL00001,Super Mario BOOM,3135,05/02/2023, 19:09:55,1066
APRL00001,Super Mario BOOM,3137,05/02/2023, 20:11:59,1066
APRL00001,Super Mario BOOM,3143,05/02/2023, 21:10:47,1066
APRL00001,Super Mario BOOM,3144,05/02/2023, 22:10:35,1066
APRL00001,Super Mario BOOM,3145,05/02/2023, 23:11:15,1066
APRL00001,Super Mario BOOM,3151,05/03/2023, 00:57:11,1066
APRL00001,Super Mario BOOM,3152,05/03/2023, 02:02:14,1066
APRL00001,Super Mario BOOM,3154,05/03/2023, 03:12:27,1066
APRL00001,Super Mario BOOM,3155,05/03/2023, 04:13:43,1066
APRL00001,Super Mario BOOM,3157,05/03/2023, 05:11:40,1066
APRL00001,Super Mario BOOM,3160,05/03/2023, 06:14:41,1066
APRL00001,Super Mario BOOM,3162,05/03/2023, 07:11:18,1066
APRL00001,Super Mario BOOM,3165,05/03/2023, 08:14:20,1066
APRL00001,Super Mario BOOM,3167,05/03/2023, 09:11:20,1066
APRL00001,Super Mario BOOM,3167,05/03/2023, 10:12:16,1066
APRL00001,Super Mario BOOM,3168,05/03/2023, 11:10:00,1066
APRL00001,Super Mario BOOM,3169,05/03/2023, 12:21:38,1066
APRL00001,Super Mario BOOM,3170,05/03/2023, 13:14:21,1066
APRL00001,Super Mario BOOM,3171,05/03/2023, 14:10:47,1066
APRL00001,Super Mario BOOM,3175,05/03/2023, 15:11:54,1066
APRL00001,Super Mario BOOM,3179,05/03/2023, 16:14:36,1066
APRL00001,Super Mario BOOM,3186,05/03/2023, 17:10:45,1066
APRL00001,Super Mario BOOM,3187,05/03/2023, 18:13:56,1066
APRL00001,Super Mario BOOM,3189,05/03/2023, 19:09:41,1066
APRL00001,Super Mario BOOM,3194,05/03/2023, 20:11:59,1066
APRL00001,Super Mario BOOM,3198,05/03/2023, 21:10:41,1066
APRL00001,Super Mario BOOM,3200,05/03/2023, 22:11:48,1066
APRL00001,Super Mario BOOM,3205,05/03/2023, 23:11:20,1066
APRL00001,Super Mario BOOM,3208,05/04/2023, 00:56:23,1066
APRL00001,Super Mario BOOM,3211,05/04/2023, 02:01:20,1066
APRL00001,Super Mario BOOM,3211,05/04/2023, 02:35:24,1066
APRL00001,Super Mario BOOM,3213,05/04/2023, 03:12:15,1066
APRL00001,Super Mario BOOM,3214,05/04/2023, 04:13:51,1066
APRL00001,Super Mario BOOM,3216,05/04/2023, 05:11:17,1066
APRL00001,Super Mario BOOM,3219,05/04/2023, 06:14:43,1066
APRL00001,Super Mario BOOM,3221,05/04/2023, 07:11:23,1066
APRL00001,Super Mario BOOM,3226,05/04/2023, 08:14:33,1066
APRL00001,Super Mario BOOM,3227,05/04/2023, 09:11:47,1066
APRL00001,Super Mario BOOM,3227,05/04/2023, 10:12:26,1066
APRL00001,Super Mario BOOM,3232,05/04/2023, 11:10:44,1066
APRL00001,Super Mario BOOM,3233,05/04/2023, 13:14:47,1066
APRL00001,Super Mario BOOM,3236,05/04/2023, 14:10:58,1066
APRL00001,Super Mario BOOM,3237,05/04/2023, 15:12:21,1066
APRL00001,Super Mario BOOM,3240,05/04/2023, 16:24:29,1066
APRL00001,Super Mario BOOM,3240,05/04/2023, 17:10:21,1066
APRL00001,Super Mario BOOM,3246,05/04/2023, 18:14:04,1066
APRL00001,Super Mario BOOM,3251,05/04/2023, 19:09:30,1066
APRL00001,Super Mario BOOM,3255,05/04/2023, 20:11:55,1066
APRL00001,Super Mario BOOM,3257,05/04/2023, 21:10:32,1066
APRL00001,Super Mario BOOM,3262,05/04/2023, 22:11:20,1066
APRL00001,Super Mario BOOM,3265,05/04/2023, 23:12:16,1066
APRL00001,Super Mario BOOM,3272,05/05/2023, 00:52:33,1066
APRL00001,Super Mario BOOM,3275,05/05/2023, 01:58:50,1066
APRL00001,Super Mario BOOM,3277,05/05/2023, 02:29:58,1066
APRL00001,Super Mario BOOM,3278,05/05/2023, 03:12:24,1066
APRL00001,Super Mario BOOM,3279,05/05/2023, 04:13:53,1066
APRL00001,Super Mario BOOM,3281,05/05/2023, 05:11:10,1066
APRL00001,Super Mario BOOM,3283,05/05/2023, 06:15:04,1066
APRL00001,Super Mario BOOM,3284,05/05/2023, 07:11:00,1066
APRL00001,Super Mario BOOM,3286,05/05/2023, 08:14:24,1066
APRL00001,Super Mario BOOM,3289,05/05/2023, 09:11:30,1066
APRL00001,Super Mario BOOM,3292,05/05/2023, 10:12:20,1066
APRL00001,Super Mario BOOM,3293,05/05/2023, 11:10:05,1066
APRL00001,Super Mario BOOM,3295,05/05/2023, 12:20:31,1066
APRL00001,Super Mario BOOM,3298,05/05/2023, 13:14:16,1066
APRL00001,Super Mario BOOM,3299,05/05/2023, 14:10:54,1066
APRL00001,Super Mario BOOM,3301,05/05/2023, 15:11:44,1066
APRL00001,Super Mario BOOM,3306,05/05/2023, 17:10:17,1066
APRL00001,Super Mario BOOM,3311,05/05/2023, 18:13:46,1066
APRL00001,Super Mario BOOM,3316,05/05/2023, 19:09:40,1066
APRL00001,Super Mario BOOM,3321,05/05/2023, 20:11:53,1066
APRL00001,Super Mario BOOM,3323,05/05/2023, 21:10:09,1066
APRL00001,Super Mario BOOM,3323,05/05/2023, 22:11:03,1066
APRL00001,Super Mario BOOM,3327,05/05/2023, 23:11:36,1066
APRL00001,Super Mario BOOM,3330,05/06/2023, 00:53:00,1066
APRL00001,Super Mario BOOM,3331,05/06/2023, 01:57:40,1066
APRL00001,Super Mario BOOM,3332,05/06/2023, 02:26:41,1066
APRL00001,Super Mario BOOM,3336,05/06/2023, 03:11:47,1066
APRL00001,Super Mario BOOM,3336,05/06/2023, 04:13:18,1066
APRL00001,Super Mario BOOM,3339,05/06/2023, 05:10:24,1066
APRL00001,Super Mario BOOM,3341,05/06/2023, 06:14:14,1066
APRL00001,Super Mario BOOM,3344,05/06/2023, 07:11:16,1066
APRL00001,Super Mario BOOM,3344,05/06/2023, 08:13:24,1066
APRL00001,Super Mario BOOM,3344,05/06/2023, 09:10:53,1066
APRL00001,Super Mario BOOM,3344,05/06/2023, 10:11:41,1066
APRL00001,Super Mario BOOM,3347,05/06/2023, 11:09:48,1066
APRL00001,Super Mario BOOM,3352,05/06/2023, 12:19:46,1066
APRL00001,Super Mario BOOM,3354,05/06/2023, 13:11:59,1066
APRL00001,Super Mario BOOM,3360,05/06/2023, 14:09:40,1066
APRL00001,Super Mario BOOM,3366,05/06/2023, 15:10:48,1066
APRL00001,Super Mario BOOM,3369,05/06/2023, 16:13:37,1066
APRL00001,Super Mario BOOM,3372,05/06/2023, 17:09:57,1066
APRL00001,Super Mario BOOM,3379,05/06/2023, 18:13:16,1066
APRL00001,Super Mario BOOM,3384,05/06/2023, 19:09:06,1066
APRL00001,Super Mario BOOM,3390,05/06/2023, 20:11:22,1066
APRL00001,Super Mario BOOM,3393,05/06/2023, 21:10:32,1066
APRL00001,Super Mario BOOM,3398,05/06/2023, 22:10:12,1066
APRL00001,Super Mario BOOM,3403,05/06/2023, 23:11:15,1066
APRL00001,Super Mario BOOM,3405,05/07/2023, 01:00:02,1066
APRL00001,Super Mario BOOM,3409,05/07/2023, 02:12:38,1066
APRL00001,Super Mario BOOM,3411,05/07/2023, 03:12:26,1066
APRL00001,Super Mario BOOM,3414,05/07/2023, 04:13:42,1066
APRL00001,Super Mario BOOM,3416,05/07/2023, 05:11:32,1066
APRL00001,Super Mario BOOM,3416,05/07/2023, 06:14:17,1066
APRL00001,Super Mario BOOM,3419,05/07/2023, 07:10:17,1066
APRL00001,Super Mario BOOM,3421,05/07/2023, 08:13:10,1066
APRL00001,Super Mario BOOM,3421,05/07/2023, 09:10:39,1066
APRL00001,Super Mario BOOM,3423,05/07/2023, 10:11:39,1066
APRL00001,Super Mario BOOM,3426,05/07/2023, 11:09:17,1066
APRL00001,Super Mario BOOM,3431,05/07/2023, 12:19:39,1066
APRL00001,Super Mario BOOM,3436,05/07/2023, 13:12:10,1066
APRL00001,Super Mario BOOM,3440,05/07/2023, 14:09:52,1066
APRL00001,Super Mario BOOM,3445,05/07/2023, 15:11:17,1066
APRL00001,Super Mario BOOM,3451,05/07/2023, 16:13:37,1066
APRL00001,Super Mario BOOM,3453,05/07/2023, 17:09:53,1066
APRL00001,Super Mario BOOM,3459,05/07/2023, 18:13:06,1066
APRL00001,Super Mario BOOM,3459,05/07/2023, 19:09:19,1066
APRL00001,Super Mario BOOM,3463,05/07/2023, 20:11:28,1066
APRL00001,Super Mario BOOM,3470,05/07/2023, 21:10:52,1066
APRL00001,Super Mario BOOM,3475,05/07/2023, 22:10:22,1066
APRL00001,Super Mario BOOM,3480,05/07/2023, 23:11:02,1066
APRL00001,Super Mario BOOM,3489,05/08/2023, 00:55:03,1066
APRL00001,Super Mario BOOM,3498,05/08/2023, 02:04:37,1066
APRL00001,Super Mario BOOM,3503,05/08/2023, 03:12:20,1066
APRL00001,Super Mario BOOM,3506,05/08/2023, 04:14:19,1066
APRL00001,Super Mario BOOM,3509,05/08/2023, 05:11:27,1066
APRL00001,Super Mario BOOM,3512,05/08/2023, 06:15:05,1066
APRL00001,Super Mario BOOM,3515,05/08/2023, 07:11:16,1066
APRL00001,Super Mario BOOM,3516,05/08/2023, 08:15:10,1066
APRL00001,Super Mario BOOM,3518,05/08/2023, 09:12:15,1066
APRL00001,Super Mario BOOM,3521,05/08/2023, 10:12:29,1066
APRL00001,Super Mario BOOM,3525,05/08/2023, 11:10:36,1066
APRL00001,Super Mario BOOM,3526,05/08/2023, 12:22:09,1066
APRL00001,Super Mario BOOM,3528,05/08/2023, 13:14:36,1066
APRL00001,Super Mario BOOM,3529,05/08/2023, 14:11:16,1066
APRL00001,Super Mario BOOM,3533,05/08/2023, 15:12:11,1066
APRL00001,Super Mario BOOM,3537,05/08/2023, 16:15:04,1066
APRL00001,Super Mario BOOM,3541,05/08/2023, 17:10:53,1066
APRL00001,Super Mario BOOM,3545,05/08/2023, 18:14:22,1066
APRL00001,Super Mario BOOM,3548,05/08/2023, 19:09:51,1066
APRL00001,Super Mario BOOM,3551,05/08/2023, 20:11:38,1066
APRL00001,Super Mario BOOM,3558,05/08/2023, 21:10:35,1066
APRL00001,Super Mario BOOM,3562,05/08/2023, 22:10:54,1066
APRL00001,Super Mario BOOM,3563,05/08/2023, 23:12:11,1066
APRL00001,Super Mario BOOM,3570,05/09/2023, 00:57:26,1066
APRL00001,Super Mario BOOM,3573,05/09/2023, 02:05:19,1066
APRL00001,Super Mario BOOM,3577,05/09/2023, 03:13:02,1066
APRL00001,Super Mario BOOM,3578,05/09/2023, 04:13:30,1066
APRL00001,Super Mario BOOM,3579,05/09/2023, 05:11:10,1066
APRL00001,Super Mario BOOM,3580,05/09/2023, 06:15:07,1066
APRL00001,Super Mario BOOM,3580,05/09/2023, 07:11:03,1066
APRL00001,Super Mario BOOM,3582,05/09/2023, 08:14:32,1066
APRL00001,Super Mario BOOM,3585,05/09/2023, 09:11:44,1066
APRL00001,Super Mario BOOM,3585,05/09/2023, 10:12:48,1066
APRL00001,Super Mario BOOM,3585,05/09/2023, 11:10:05,1066
APRL00001,Super Mario BOOM,3590,05/09/2023, 12:58:42,1066
APRL00001,Super Mario BOOM,3590,05/09/2023, 13:37:34,1066
APRL00001,Super Mario BOOM,3591,05/09/2023, 14:12:00,1066
APRL00001,Super Mario BOOM,3591,05/09/2023, 15:12:53,1066
APRL00001,Super Mario BOOM,3596,05/09/2023, 16:15:08,1066
APRL00001,Super Mario BOOM,3599,05/09/2023, 17:10:40,1066
APRL00001,Super Mario BOOM,3601,05/09/2023, 18:14:28,1066
APRL00001,Super Mario BOOM,3604,05/09/2023, 19:09:45,1066
APRL00001,Super Mario BOOM,3607,05/09/2023, 20:12:54,1066
APRL00001,Super Mario BOOM,3609,05/09/2023, 21:10:55,1066
APRL00001,Super Mario BOOM,3615,05/09/2023, 22:10:38,1066
APRL00001,Super Mario BOOM,3617,05/09/2023, 23:11:13,1066
APRL00001,Super Mario BOOM,3624,05/10/2023, 00:56:07,1066
APRL00001,Super Mario BOOM,3626,05/10/2023, 02:01:29,1066
APRL00001,Super Mario BOOM,3627,05/10/2023, 02:35:19,1066
APRL00001,Super Mario BOOM,3627,05/10/2023, 03:12:22,1066
APRL00001,Super Mario BOOM,3628,05/10/2023, 04:13:37,1066
APRL00001,Super Mario BOOM,3630,05/10/2023, 05:11:10,1066
APRL00001,Super Mario BOOM,3631,05/10/2023, 06:15:01,1066
APRL00001,Super Mario BOOM,3633,05/10/2023, 07:11:03,1066
APRL00001,Super Mario BOOM,3633,05/10/2023, 08:14:19,1066
APRL00001,Super Mario BOOM,3634,05/10/2023, 09:11:56,1066
APRL00001,Super Mario BOOM,3638,05/10/2023, 10:12:34,1066
APRL00001,Super Mario BOOM,3643,05/10/2023, 11:09:52,1066
APRL00001,Super Mario BOOM,3647,05/10/2023, 12:21:40,1066
APRL00001,Super Mario BOOM,3651,05/10/2023, 14:11:54,1066
APRL00001,Super Mario BOOM,3654,05/10/2023, 15:11:47,1066
APRL00001,Super Mario BOOM,3658,05/10/2023, 17:13:46,1066
APRL00001,Super Mario BOOM,3665,05/10/2023, 20:15:18,1066
APRL00001,Super Mario BOOM,3668,05/10/2023, 21:17:10,1066
APRL00001,Super Mario BOOM,3670,05/10/2023, 22:13:32,1066
APRL00001,Super Mario BOOM,3670,05/10/2023, 23:12:27,1066
APRL00001,Super Mario BOOM,3676,05/11/2023, 00:56:42,1066
APRL00001,Super Mario BOOM,3676,05/11/2023, 02:02:30,1066
APRL00001,Super Mario BOOM,3681,05/11/2023, 03:12:08,1066
APRL00001,Super Mario BOOM,3682,05/11/2023, 04:13:32,1066
APRL00001,Super Mario BOOM,3683,05/11/2023, 05:10:58,1066
APRL00001,Super Mario BOOM,3686,05/11/2023, 06:14:50,1066
APRL00001,Super Mario BOOM,3689,05/11/2023, 07:11:01,1066
APRL00001,Super Mario BOOM,3689,05/11/2023, 08:14:28,1066
APRL00001,Super Mario BOOM,3689,05/11/2023, 09:11:54,1066
APRL00001,Super Mario BOOM,3691,05/11/2023, 10:12:50,1066
APRL00001,Super Mario BOOM,3691,05/11/2023, 11:09:45,1066
APRL00001,Super Mario BOOM,3692,05/11/2023, 12:21:50,1066
APRL00001,Super Mario BOOM,3698,05/11/2023, 13:14:37,1066
APRL00001,Super Mario BOOM,3699,05/11/2023, 14:11:06,1066
APRL00001,Super Mario BOOM,3703,05/11/2023, 15:12:07,1066
APRL00001,Super Mario BOOM,3708,05/11/2023, 16:14:45,1066
APRL00001,Super Mario BOOM,3710,05/11/2023, 17:10:39,1066
APRL00001,Super Mario BOOM,3715,05/11/2023, 18:13:43,1066
APRL00001,Super Mario BOOM,3720,05/11/2023, 19:09:11,1066
APRL00001,Super Mario BOOM,3724,05/11/2023, 20:11:50,1066
APRL00001,Super Mario BOOM,3729,05/11/2023, 21:10:25,1066
APRL00001,Super Mario BOOM,3731,05/11/2023, 22:10:34,1066
APRL00001,Super Mario BOOM,3734,05/11/2023, 23:12:09,1066
APRL00001,Super Mario BOOM,3738,05/12/2023, 00:56:00,1066
APRL00001,Super Mario BOOM,3746,05/12/2023, 02:00:18,1066
APRL00001,Super Mario BOOM,3746,05/12/2023, 02:33:15,1066
APRL00001,Super Mario BOOM,3748,05/12/2023, 03:12:28,1066
APRL00001,Super Mario BOOM,3753,05/12/2023, 05:11:15,1066
APRL00001,Super Mario BOOM,3755,05/12/2023, 06:14:39,1066
APRL00001,Super Mario BOOM,3756,05/12/2023, 07:10:51,1066
APRL00001,Super Mario BOOM,3757,05/12/2023, 08:14:00,1066
APRL00001,Super Mario BOOM,3761,05/12/2023, 09:11:20,1066
APRL00001,Super Mario BOOM,3761,05/12/2023, 10:11:59,1066
APRL00001,Super Mario BOOM,3761,05/12/2023, 11:09:27,1066
APRL00001,Super Mario BOOM,3765,05/12/2023, 12:20:32,1066
APRL00001,Super Mario BOOM,3765,05/12/2023, 13:13:42,1066
APRL00001,Super Mario BOOM,3766,05/12/2023, 14:10:38,1066
APRL00001,Super Mario BOOM,3767,05/12/2023, 15:11:29,1066
APRL00001,Super Mario BOOM,3770,05/12/2023, 16:14:04,1066
APRL00001,Super Mario BOOM,3774,05/12/2023, 17:10:32,1066
APRL00001,Super Mario BOOM,3775,05/12/2023, 18:13:42,1066
APRL00001,Super Mario BOOM,3778,05/12/2023, 19:09:26,1066
APRL00001,Super Mario BOOM,3782,05/12/2023, 20:11:37,1066
APRL00001,Super Mario BOOM,3787,05/12/2023, 21:09:59,1066
APRL00001,Super Mario BOOM,3788,05/12/2023, 22:11:09,1066
APRL00001,Super Mario BOOM,3788,05/12/2023, 23:10:52,1066
APRL00001,Super Mario BOOM,3792,05/13/2023, 00:56:57,1066
APRL00001,Super Mario BOOM,3794,05/13/2023, 02:00:47,1066
APRL00001,Super Mario BOOM,3795,05/13/2023, 02:33:11,1066
APRL00001,Super Mario BOOM,3798,05/13/2023, 03:11:54,1066
APRL00001,Super Mario BOOM,3798,05/13/2023, 04:13:16,1066
APRL00001,Super Mario BOOM,3800,05/13/2023, 05:10:52,1066
APRL00001,Super Mario BOOM,3803,05/13/2023, 06:14:12,1066
APRL00001,Super Mario BOOM,3804,05/13/2023, 07:10:34,1066
APRL00001,Super Mario BOOM,3804,05/13/2023, 08:13:03,1066
APRL00001,Super Mario BOOM,3809,05/13/2023, 09:10:23,1066
APRL00001,Super Mario BOOM,3812,05/13/2023, 10:11:24,1066
APRL00001,Super Mario BOOM,3813,05/13/2023, 11:09:43,1066
APRL00001,Super Mario BOOM,3817,05/13/2023, 12:19:08,1066
APRL00001,Super Mario BOOM,3819,05/13/2023, 13:11:56,1066
APRL00001,Super Mario BOOM,3826,05/13/2023, 14:09:42,1066
APRL00001,Super Mario BOOM,3827,05/13/2023, 15:10:53,1066
APRL00001,Super Mario BOOM,3829,05/13/2023, 16:13:24,1066
APRL00001,Super Mario BOOM,3830,05/13/2023, 17:11:13,1066
APRL00001,Super Mario BOOM,3832,05/13/2023, 18:13:33,1066
APRL00001,Super Mario BOOM,3834,05/13/2023, 19:09:13,1066
APRL00001,Super Mario BOOM,3839,05/13/2023, 20:11:27,1066
APRL00001,Super Mario BOOM,3841,05/13/2023, 21:09:54,1066
APRL00001,Super Mario BOOM,3847,05/13/2023, 22:10:27,1066
APRL00001,Super Mario BOOM,3852,05/13/2023, 23:10:40,1066
APRL00001,Super Mario BOOM,3854,05/14/2023, 00:59:53,1066
APRL00001,Super Mario BOOM,3855,05/14/2023, 02:09:30,1066
APRL00001,Super Mario BOOM,3856,05/14/2023, 03:11:51,1066
APRL00001,Super Mario BOOM,3858,05/14/2023, 04:13:24,1066
APRL00001,Super Mario BOOM,3859,05/14/2023, 05:10:36,1066
APRL00001,Super Mario BOOM,3860,05/14/2023, 06:13:52,1066
APRL00001,Super Mario BOOM,3864,05/14/2023, 07:11:09,1066
APRL00001,Super Mario BOOM,3865,05/14/2023, 08:13:29,1066
APRL00001,Super Mario BOOM,3868,05/14/2023, 09:10:21,1066
APRL00001,Super Mario BOOM,3869,05/14/2023, 10:11:08,1066
APRL00001,Super Mario BOOM,3877,05/14/2023, 11:09:07,1066
APRL00001,Super Mario BOOM,3878,05/14/2023, 12:19:57,1066
APRL00001,Super Mario BOOM,3880,05/14/2023, 13:11:46,1066
APRL00001,Super Mario BOOM,3886,05/14/2023, 14:09:50,1066
APRL00001,Super Mario BOOM,3888,05/14/2023, 15:10:57,1066
APRL00001,Super Mario BOOM,3892,05/14/2023, 16:13:31,1066
APRL00001,Super Mario BOOM,3898,05/14/2023, 17:09:48,1066
APRL00001,Super Mario BOOM,3900,05/14/2023, 18:13:07,1066
APRL00001,Super Mario BOOM,3900,05/14/2023, 19:09:03,1066
APRL00001,Super Mario BOOM,3905,05/14/2023, 20:11:17,1066
APRL00001,Super Mario BOOM,3907,05/14/2023, 21:10:52,1066
APRL00001,Super Mario BOOM,3909,05/14/2023, 22:10:22,1066
APRL00001,Super Mario BOOM,3911,05/14/2023, 23:11:01,1066
APRL00001,Super Mario BOOM,3917,05/15/2023, 00:58:56,1066
APRL00001,Super Mario BOOM,3917,05/15/2023, 02:07:58,1066
APRL00001,Super Mario BOOM,3923,05/15/2023, 03:12:13,1066
APRL00001,Super Mario BOOM,3926,05/15/2023, 04:13:33,1066
APRL00001,Super Mario BOOM,3927,05/15/2023, 05:11:17,1066
APRL00001,Super Mario BOOM,3929,05/15/2023, 06:15:30,1066
APRL00001,Super Mario BOOM,3929,05/15/2023, 07:11:46,1066
APRL00001,Super Mario BOOM,3930,05/15/2023, 08:14:45,1066
APRL00001,Super Mario BOOM,3931,05/15/2023, 09:12:18,1066
APRL00001,Super Mario BOOM,3931,05/15/2023, 10:12:50,1066
APRL00001,Super Mario BOOM,3933,05/15/2023, 11:10:06,1066
APRL00001,Super Mario BOOM,3934,05/15/2023, 12:21:56,1066
APRL00001,Super Mario BOOM,3935,05/15/2023, 13:15:07,1066
APRL00001,Super Mario BOOM,3938,05/15/2023, 14:11:07,1066
APRL00001,Super Mario BOOM,3941,05/15/2023, 15:12:09,1066
APRL00001,Super Mario BOOM,3942,05/15/2023, 16:14:19,1066
APRL00001,Super Mario BOOM,3942,05/15/2023, 17:10:37,1066
APRL00001,Super Mario BOOM,3943,05/15/2023, 18:14:07,1066
APRL00001,Super Mario BOOM,3946,05/15/2023, 19:09:18,1066
APRL00001,Super Mario BOOM,3948,05/15/2023, 20:11:47,1066
APRL00001,Super Mario BOOM,3951,05/15/2023, 21:10:20,1066
APRL00001,Super Mario BOOM,3954,05/15/2023, 22:10:38,1066
APRL00001,Super Mario BOOM,3956,05/15/2023, 23:11:16,1066
APRL00001,Super Mario BOOM,3961,05/16/2023, 00:57:27,1066
APRL00001,Super Mario BOOM,3964,05/16/2023, 02:06:34,1066
APRL00001,Super Mario BOOM,3967,05/16/2023, 03:12:42,1066
APRL00001,Super Mario BOOM,3972,05/16/2023, 04:14:00,1066
APRL00001,Super Mario BOOM,3977,05/16/2023, 05:11:11,1066
APRL00001,Super Mario BOOM,3977,05/16/2023, 06:15:03,1066
APRL00001,Super Mario BOOM,3977,05/16/2023, 07:11:03,1066
APRL00001,Super Mario BOOM,3978,05/16/2023, 08:14:51,1066
APRL00001,Super Mario BOOM,3980,05/16/2023, 09:11:32,1066
APRL00001,Super Mario BOOM,3981,05/16/2023, 10:12:11,1066
APRL00001,Super Mario BOOM,3982,05/16/2023, 11:09:50,1066
APRL00001,Super Mario BOOM,3983,05/16/2023, 12:23:43,1066
APRL00001,Super Mario BOOM,3987,05/16/2023, 13:15:09,1066
APRL00001,Super Mario BOOM,3990,05/16/2023, 14:10:52,1066
APRL00001,Super Mario BOOM,4000,05/16/2023, 15:11:59,1066
APRL00001,Super Mario BOOM,4003,05/16/2023, 16:14:46,1066
APRL00001,Super Mario BOOM,4005,05/16/2023, 17:10:36,1066
APRL00001,Super Mario BOOM,4008,05/16/2023, 18:13:54,1066
APRL00001,Super Mario BOOM,4009,05/16/2023, 19:09:43,1066
APRL00001,Super Mario BOOM,4014,05/16/2023, 20:12:03,1066
APRL00001,Super Mario BOOM,4022,05/16/2023, 22:11:07,1066
APRL00001,Super Mario BOOM,4026,05/16/2023, 23:11:10,1066
APRL00001,Super Mario BOOM,4029,05/17/2023, 00:59:25,1066
APRL00001,Super Mario BOOM,4030,05/17/2023, 02:08:16,1066
APRL00001,Super Mario BOOM,4034,05/17/2023, 03:12:40,1066
APRL00001,Super Mario BOOM,4040,05/17/2023, 04:13:34,1066
APRL00001,Super Mario BOOM,4042,05/17/2023, 05:11:11,1066
APRL00001,Super Mario BOOM,4043,05/17/2023, 06:14:28,1066
APRL00001,Super Mario BOOM,4043,05/17/2023, 07:10:59,1066
APRL00001,Super Mario BOOM,4043,05/17/2023, 08:14:28,1066
APRL00001,Super Mario BOOM,4046,05/17/2023, 09:11:56,1066
APRL00001,Super Mario BOOM,4046,05/17/2023, 10:12:30,1066
APRL00001,Super Mario BOOM,4047,05/17/2023, 11:09:50,1066
APRL00001,Super Mario BOOM,4047,05/17/2023, 12:21:03,1066
APRL00001,Super Mario BOOM,4049,05/17/2023, 13:14:14,1066
APRL00001,Super Mario BOOM,4050,05/17/2023, 14:10:59,1066
APRL00001,Super Mario BOOM,4051,05/17/2023, 15:11:58,1066
APRL00001,Super Mario BOOM,4054,05/17/2023, 16:14:26,1066
APRL00001,Super Mario BOOM,4055,05/17/2023, 17:10:15,1066
APRL00001,Super Mario BOOM,4059,05/17/2023, 18:13:55,1066
APRL00001,Super Mario BOOM,4062,05/17/2023, 19:09:35,1066
APRL00001,Super Mario BOOM,4067,05/17/2023, 20:11:49,1066
APRL00001,Super Mario BOOM,4070,05/17/2023, 21:10:11,1066
APRL00001,Super Mario BOOM,4072,05/17/2023, 22:11:06,1066
APRL00001,Super Mario BOOM,4072,05/17/2023, 23:11:01,1066
APRL00001,Super Mario BOOM,4075,05/18/2023, 00:56:27,1066
APRL00001,Super Mario BOOM,4077,05/18/2023, 02:03:46,1066
APRL00001,Super Mario BOOM,4083,05/18/2023, 03:12:04,1066
APRL00001,Super Mario BOOM,4084,05/18/2023, 04:13:34,1066
APRL00001,Super Mario BOOM,4086,05/18/2023, 05:11:14,1066
APRL00001,Super Mario BOOM,4089,05/18/2023, 06:15:19,1066
APRL00001,Super Mario BOOM,4090,05/18/2023, 07:10:49,1066
APRL00001,Super Mario BOOM,4091,05/18/2023, 08:14:13,1066
APRL00001,Super Mario BOOM,4091,05/18/2023, 09:11:17,1066
APRL00001,Super Mario BOOM,4092,05/18/2023, 10:12:01,1066
APRL00001,Super Mario BOOM,4095,05/18/2023, 11:09:53,1066
APRL00001,Super Mario BOOM,4098,05/18/2023, 12:21:41,1066
APRL00001,Super Mario BOOM,4100,05/18/2023, 13:14:00,1066
APRL00001,Super Mario BOOM,4102,05/18/2023, 14:10:45,1066
APRL00001,Super Mario BOOM,4103,05/18/2023, 15:11:28,1066
APRL00001,Super Mario BOOM,4105,05/18/2023, 16:14:35,1066
APRL00001,Super Mario BOOM,4109,05/18/2023, 17:10:32,1066
APRL00001,Super Mario BOOM,4111,05/18/2023, 18:14:08,1066
APRL00001,Super Mario BOOM,4112,05/18/2023, 19:09:31,1066
APRL00001,Super Mario BOOM,4114,05/18/2023, 20:11:51,1066
APRL00001,Super Mario BOOM,4116,05/18/2023, 21:10:16,1066
APRL00001,Super Mario BOOM,4121,05/18/2023, 22:10:48,1066
APRL00001,Super Mario BOOM,4123,05/18/2023, 23:11:28,1066
APRL00001,Super Mario BOOM,4131,05/19/2023, 00:57:26,1066
APRL00001,Super Mario BOOM,4133,05/19/2023, 02:05:13,1066
APRL00001,Super Mario BOOM,4136,05/19/2023, 03:11:56,1066
APRL00001,Super Mario BOOM,4138,05/19/2023, 04:13:33,1066
APRL00001,Super Mario BOOM,4138,05/19/2023, 05:11:23,1066
APRL00001,Super Mario BOOM,4141,05/19/2023, 06:14:44,1066
APRL00001,Super Mario BOOM,4144,05/19/2023, 07:10:54,1066
APRL00001,Super Mario BOOM,4145,05/19/2023, 08:14:40,1066
APRL00001,Super Mario BOOM,4147,05/19/2023, 09:11:19,1066
APRL00001,Super Mario BOOM,4147,05/19/2023, 10:12:14,1066
APRL00001,Super Mario BOOM,4148,05/19/2023, 11:09:48,1066
APRL00001,Super Mario BOOM,4149,05/19/2023, 12:20:07,1066
APRL00001,Super Mario BOOM,4150,05/19/2023, 13:13:49,1066
APRL00001,Super Mario BOOM,4153,05/19/2023, 14:10:47,1066
APRL00001,Super Mario BOOM,4154,05/19/2023, 15:11:25,1066
APRL00001,Super Mario BOOM,4156,05/19/2023, 16:14:17,1066
APRL00001,Super Mario BOOM,4161,05/19/2023, 17:10:20,1066
APRL00001,Super Mario BOOM,4164,05/19/2023, 18:13:42,1066
APRL00001,Super Mario BOOM,4169,05/19/2023, 19:09:32,1066
APRL00001,Super Mario BOOM,4174,05/19/2023, 20:12:07,1066
APRL00001,Super Mario BOOM,4178,05/19/2023, 21:10:01,1066
APRL00001,Super Mario BOOM,4184,05/19/2023, 22:10:36,1066
APRL00001,Super Mario BOOM,4187,05/19/2023, 23:11:42,1066
APRL00001,Super Mario BOOM,4192,05/20/2023, 00:55:02,1066
APRL00001,Super Mario BOOM,4194,05/20/2023, 02:01:33,1066
APRL00001,Super Mario BOOM,4197,05/20/2023, 02:34:48,1066
APRL00001,Super Mario BOOM,4198,05/20/2023, 03:11:51,1066
APRL00001,Super Mario BOOM,4203,05/20/2023, 04:13:04,1066
APRL00001,Super Mario BOOM,4203,05/20/2023, 05:10:40,1066
APRL00001,Super Mario BOOM,4205,05/20/2023, 06:13:56,1066
APRL00001,Super Mario BOOM,4205,05/20/2023, 07:10:12,1066
APRL00001,Super Mario BOOM,4205,05/20/2023, 08:13:18,1066
APRL00001,Super Mario BOOM,4206,05/20/2023, 09:10:26,1066
APRL00001,Super Mario BOOM,4209,05/20/2023, 10:11:20,1066
APRL00001,Super Mario BOOM,4212,05/20/2023, 11:09:31,1066
APRL00001,Super Mario BOOM,4216,05/20/2023, 12:19:16,1066
APRL00001,Super Mario BOOM,4217,05/20/2023, 13:12:01,1066
APRL00001,Super Mario BOOM,4221,05/20/2023, 14:10:25,1066
APRL00001,Super Mario BOOM,4225,05/20/2023, 15:10:42,1066
APRL00001,Super Mario BOOM,4229,05/20/2023, 16:13:17,1066
APRL00001,Super Mario BOOM,4234,05/20/2023, 17:09:44,1066
APRL00001,Super Mario BOOM,4240,05/20/2023, 18:12:53,1066
APRL00001,Super Mario BOOM,4242,05/20/2023, 19:08:52,1066
APRL00001,Super Mario BOOM,4247,05/20/2023, 20:11:34,1066
APRL00001,Super Mario BOOM,4254,05/20/2023, 21:09:43,1066
APRL00001,Super Mario BOOM,4261,05/20/2023, 22:10:18,1066
APRL00001,Super Mario BOOM,4268,05/20/2023, 23:10:58,1066
APRL00001,Super Mario BOOM,4271,05/21/2023, 01:00:14,1066
APRL00001,Super Mario BOOM,4274,05/21/2023, 02:13:26,1066
APRL00001,Super Mario BOOM,4275,05/21/2023, 03:12:18,1066
APRL00001,Super Mario BOOM,4277,05/21/2023, 04:13:36,1066
APRL00001,Super Mario BOOM,4280,05/21/2023, 05:10:46,1066
APRL00001,Super Mario BOOM,4284,05/21/2023, 06:13:48,1066
APRL00001,Super Mario BOOM,4288,05/21/2023, 07:10:02,1066
APRL00001,Super Mario BOOM,4291,05/21/2023, 08:13:25,1066
APRL00001,Super Mario BOOM,4293,05/21/2023, 09:10:31,1066
APRL00001,Super Mario BOOM,4294,05/21/2023, 10:11:02,1066
APRL00001,Super Mario BOOM,4298,05/21/2023, 11:09:17,1066
APRL00001,Super Mario BOOM,4301,05/21/2023, 12:19:25,1066
APRL00001,Super Mario BOOM,4303,05/21/2023, 13:12:04,1066
APRL00001,Super Mario BOOM,4309,05/21/2023, 14:10:04,1066
APRL00001,Super Mario BOOM,4313,05/21/2023, 15:10:46,1066
APRL00001,Super Mario BOOM,4315,05/21/2023, 16:13:27,1066
APRL00001,Super Mario BOOM,4316,05/21/2023, 17:09:33,1066
APRL00001,Super Mario BOOM,4322,05/21/2023, 18:13:32,1066
APRL00001,Super Mario BOOM,4328,05/21/2023, 19:08:59,1066
APRL00001,Super Mario BOOM,4330,05/21/2023, 20:11:28,1066
APRL00001,Super Mario BOOM,4334,05/21/2023, 21:10:01,1066
APRL00001,Super Mario BOOM,4340,05/21/2023, 22:10:39,1066
APRL00001,Super Mario BOOM,4341,05/21/2023, 23:11:38,1066
APRL00001,Super Mario BOOM,4347,05/22/2023, 01:00:04,1066
APRL00001,Super Mario BOOM,4351,05/22/2023, 02:12:55,1066
APRL00001,Super Mario BOOM,4353,05/22/2023, 03:13:06,1066
APRL00001,Super Mario BOOM,4354,05/22/2023, 04:13:42,1066
APRL00001,Super Mario BOOM,4355,05/22/2023, 05:11:59,1066
APRL00001,Super Mario BOOM,4356,05/22/2023, 06:15:34,1066
APRL00001,Super Mario BOOM,4357,05/22/2023, 07:11:48,1066
APRL00001,Super Mario BOOM,4358,05/22/2023, 08:14:56,1066
APRL00001,Super Mario BOOM,4358,05/22/2023, 09:12:08,1066
APRL00001,Super Mario BOOM,4358,05/22/2023, 10:12:45,1066
APRL00001,Super Mario BOOM,4359,05/22/2023, 11:09:56,1066
APRL00001,Super Mario BOOM,4362,05/22/2023, 12:21:12,1066
APRL00001,Super Mario BOOM,4364,05/22/2023, 13:14:35,1066
APRL00001,Super Mario BOOM,4368,05/22/2023, 14:10:50,1066
APRL00001,Super Mario BOOM,4369,05/22/2023, 15:12:11,1066
APRL00001,Super Mario BOOM,4370,05/22/2023, 16:14:32,1066
APRL00001,Super Mario BOOM,4374,05/22/2023, 17:10:38,1066
APRL00001,Super Mario BOOM,4381,05/22/2023, 18:13:55,1066
APRL00001,Super Mario BOOM,4385,05/22/2023, 19:09:26,1066
APRL00001,Super Mario BOOM,4389,05/22/2023, 20:11:54,1066
APRL00001,Super Mario BOOM,4391,05/22/2023, 21:10:39,1066
APRL00001,Super Mario BOOM,4399,05/22/2023, 22:10:50,1066
APRL00001,Super Mario BOOM,4403,05/22/2023, 23:11:36,1066
APRL00001,Super Mario BOOM,4410,05/23/2023, 00:57:29,1066
APRL00001,Super Mario BOOM,4415,05/23/2023, 02:06:00,1066
APRL00001,Super Mario BOOM,4418,05/23/2023, 03:12:12,1066
APRL00001,Super Mario BOOM,4419,05/23/2023, 04:13:28,1066
APRL00001,Super Mario BOOM,4420,05/23/2023, 05:11:20,1066
APRL00001,Super Mario BOOM,4422,05/23/2023, 06:14:58,1066
APRL00001,Super Mario BOOM,4424,05/23/2023, 07:10:56,1066
APRL00001,Super Mario BOOM,4426,05/23/2023, 08:14:39,1066
APRL00001,Super Mario BOOM,4430,05/23/2023, 09:11:51,1066
APRL00001,Super Mario BOOM,4433,05/23/2023, 10:12:29,1066
APRL00001,Super Mario BOOM,4437,05/23/2023, 11:09:51,1066
APRL00001,Super Mario BOOM,4441,05/23/2023, 12:21:29,1066
APRL00001,Super Mario BOOM,4442,05/23/2023, 13:15:13,1066
APRL00001,Super Mario BOOM,4446,05/23/2023, 14:11:29,1066
APRL00001,Super Mario BOOM,4450,05/23/2023, 15:12:45,1066
APRL00001,Super Mario BOOM,4454,05/23/2023, 16:14:59,1066
APRL00001,Super Mario BOOM,4454,05/23/2023, 17:10:34,1066
APRL00001,Super Mario BOOM,4460,05/23/2023, 18:13:50,1066
APRL00001,Super Mario BOOM,4464,05/23/2023, 19:10:30,1066
APRL00001,Super Mario BOOM,4465,05/23/2023, 20:11:59,1066
APRL00001,Super Mario BOOM,4467,05/23/2023, 21:10:24,1066
APRL00001,Super Mario BOOM,4474,05/23/2023, 22:11:05,1066
APRL00001,Super Mario BOOM,4474,05/23/2023, 23:11:35,1066
APRL00001,Super Mario BOOM,4478,05/24/2023, 00:58:28,1066
APRL00001,Super Mario BOOM,4482,05/24/2023, 02:09:58,1066
APRL00001,Super Mario BOOM,4485,05/24/2023, 03:12:53,1066
APRL00001,Super Mario BOOM,4487,05/24/2023, 04:13:58,1066
APRL00001,Super Mario BOOM,4488,05/24/2023, 05:10:55,1066
APRL00001,Super Mario BOOM,4489,05/24/2023, 06:14:40,1066
APRL00001,Super Mario BOOM,4493,05/24/2023, 07:10:42,1066
APRL00001,Super Mario BOOM,4495,05/24/2023, 08:14:44,1066
APRL00001,Super Mario BOOM,4500,05/24/2023, 09:11:56,1066
APRL00001,Super Mario BOOM,4502,05/24/2023, 10:12:35,1066
APRL00001,Super Mario BOOM,4504,05/24/2023, 11:10:03,1066
APRL00001,Super Mario BOOM,4506,05/24/2023, 12:21:17,1066
APRL00001,Super Mario BOOM,4508,05/24/2023, 13:15:12,1066
APRL00001,Super Mario BOOM,4510,05/24/2023, 14:11:11,1066
APRL00001,Super Mario BOOM,4517,05/24/2023, 15:12:06,1066
APRL00001,Super Mario BOOM,4517,05/24/2023, 16:14:43,1066
APRL00001,Super Mario BOOM,4525,05/24/2023, 17:10:38,1066
APRL00001,Super Mario BOOM,4530,05/24/2023, 18:13:55,1066
APRL00001,Super Mario BOOM,4531,05/24/2023, 19:09:30,1066
APRL00001,Super Mario BOOM,4534,05/24/2023, 20:11:56,1066
APRL00001,Super Mario BOOM,4536,05/24/2023, 21:08:58,1066
APRL00001,Super Mario BOOM,4543,05/24/2023, 22:10:43,1066
APRL00001,Super Mario BOOM,4545,05/24/2023, 23:11:40,1066
APRL00001,Super Mario BOOM,4548,05/25/2023, 00:58:00,1066
APRL00001,Super Mario BOOM,4557,05/25/2023, 02:05:28,1066
APRL00001,Super Mario BOOM,4564,05/25/2023, 03:12:26,1066
APRL00001,Super Mario BOOM,4567,05/25/2023, 04:13:29,1066
APRL00001,Super Mario BOOM,4567,05/25/2023, 05:11:09,1066
APRL00001,Super Mario BOOM,4574,05/25/2023, 07:10:58,1066
APRL00001,Super Mario BOOM,4577,05/25/2023, 08:14:20,1066
APRL00001,Super Mario BOOM,4577,05/25/2023, 09:11:34,1066
APRL00001,Super Mario BOOM,4578,05/25/2023, 10:12:34,1066
APRL00001,Super Mario BOOM,4578,05/25/2023, 11:09:56,1066
APRL00001,Super Mario BOOM,4583,05/25/2023, 12:21:16,1066
APRL00001,Super Mario BOOM,4587,05/25/2023, 13:15:38,1066
APRL00001,Super Mario BOOM,4591,05/25/2023, 14:11:09,1066
APRL00001,Super Mario BOOM,4595,05/25/2023, 15:11:41,1066
APRL00001,Super Mario BOOM,4597,05/25/2023, 16:14:50,1066
APRL00001,Super Mario BOOM,4603,05/25/2023, 17:10:30,1066
APRL00001,Super Mario BOOM,4607,05/25/2023, 18:14:17,1066
APRL00001,Super Mario BOOM,4614,05/25/2023, 19:09:36,1066
APRL00001,Super Mario BOOM,4617,05/25/2023, 20:12:05,1066
APRL00001,Super Mario BOOM,4621,05/25/2023, 21:10:23,1066
APRL00001,Super Mario BOOM,4629,05/25/2023, 22:10:45,1066
APRL00001,Super Mario BOOM,4633,05/25/2023, 23:11:24,1066
APRL00001,Super Mario BOOM,4637,05/26/2023, 00:57:17,1066
APRL00001,Super Mario BOOM,4638,05/26/2023, 02:04:35,1066
APRL00001,Super Mario BOOM,4644,05/26/2023, 03:12:04,1066
APRL00001,Super Mario BOOM,4647,05/26/2023, 04:13:41,1066
APRL00001,Super Mario BOOM,4650,05/26/2023, 05:11:11,1066
APRL00001,Super Mario BOOM,4653,05/26/2023, 06:14:39,1066
APRL00001,Super Mario BOOM,4656,05/26/2023, 07:11:38,1066
APRL00001,Super Mario BOOM,4658,05/26/2023, 08:14:28,1066
APRL00001,Super Mario BOOM,4660,05/26/2023, 09:11:35,1066
APRL00001,Super Mario BOOM,4661,05/26/2023, 10:12:12,1066
APRL00001,Super Mario BOOM,4666,05/26/2023, 11:10:56,1066
APRL00001,Super Mario BOOM,4666,05/26/2023, 12:20:40,1066
APRL00001,Super Mario BOOM,4667,05/26/2023, 13:13:51,1066
APRL00001,Super Mario BOOM,4669,05/26/2023, 14:10:17,1066
APRL00001,Super Mario BOOM,4673,05/26/2023, 15:11:27,1066
APRL00001,Super Mario BOOM,4678,05/26/2023, 16:14:33,1066
APRL00001,Super Mario BOOM,4679,05/26/2023, 17:11:23,1066
APRL00001,Super Mario BOOM,4684,05/26/2023, 18:13:48,1066
APRL00001,Super Mario BOOM,4687,05/26/2023, 19:09:32,1066
APRL00001,Super Mario BOOM,4689,05/26/2023, 20:11:49,1066
APRL00001,Super Mario BOOM,4694,05/26/2023, 21:10:18,1066
APRL00001,Super Mario BOOM,4699,05/26/2023, 22:10:49,1066
APRL00001,Super Mario BOOM,4702,05/26/2023, 23:11:41,1066
APRL00001,Super Mario BOOM,4704,05/27/2023, 01:00:00,1066
APRL00001,Super Mario BOOM,4709,05/27/2023, 02:04:56,1066
APRL00001,Super Mario BOOM,4714,05/27/2023, 03:11:57,1066
APRL00001,Super Mario BOOM,4716,05/27/2023, 04:13:01,1066
APRL00001,Super Mario BOOM,4716,05/27/2023, 05:10:26,1066
APRL00001,Super Mario BOOM,4719,05/27/2023, 06:13:47,1066
APRL00001,Super Mario BOOM,4721,05/27/2023, 08:13:20,1066
APRL00001,Super Mario BOOM,4722,05/27/2023, 09:10:26,1066
APRL00001,Super Mario BOOM,4726,05/27/2023, 10:11:02,1066
APRL00001,Super Mario BOOM,4728,05/27/2023, 11:09:10,1066
APRL00001,Super Mario BOOM,4730,05/27/2023, 12:19:55,1066
APRL00001,Super Mario BOOM,4731,05/27/2023, 13:12:04,1066
APRL00001,Super Mario BOOM,4732,05/27/2023, 14:10:13,1066
APRL00001,Super Mario BOOM,4737,05/27/2023, 15:10:41,1066
APRL00001,Super Mario BOOM,4744,05/27/2023, 16:13:58,1066
APRL00001,Super Mario BOOM,4750,05/27/2023, 18:12:55,1066
APRL00001,Super Mario BOOM,4755,05/27/2023, 19:09:13,1066
APRL00001,Super Mario BOOM,4765,05/27/2023, 20:11:38,1066
APRL00001,Super Mario BOOM,4774,05/27/2023, 21:09:35,1066
APRL00001,Super Mario BOOM,4775,05/27/2023, 22:10:13,1066
APRL00001,Super Mario BOOM,4781,05/27/2023, 23:11:43,1066
APRL00001,Super Mario BOOM,4788,05/28/2023, 01:03:02,1066
APRL00001,Super Mario BOOM,4793,05/28/2023, 02:39:51,1066
APRL00001,Super Mario BOOM,4795,05/28/2023, 03:12:33,1066
APRL00001,Super Mario BOOM,4797,05/28/2023, 04:13:13,1066
APRL00001,Super Mario BOOM,4801,05/28/2023, 05:10:46,1066
APRL00001,Super Mario BOOM,4804,05/28/2023, 06:14:01,1066
APRL00001,Super Mario BOOM,4807,05/28/2023, 07:10:15,1066
APRL00001,Super Mario BOOM,4810,05/28/2023, 08:13:05,1066
APRL00001,Super Mario BOOM,4811,05/28/2023, 09:11:48,1066
APRL00001,Super Mario BOOM,4813,05/28/2023, 10:11:08,1066
APRL00001,Super Mario BOOM,4813,05/28/2023, 11:09:06,1066
APRL00001,Super Mario BOOM,4821,05/28/2023, 12:19:15,1066
APRL00001,Super Mario BOOM,4823,05/28/2023, 13:12:05,1066
APRL00001,Super Mario BOOM,4831,05/28/2023, 14:09:39,1066
APRL00001,Super Mario BOOM,4836,05/28/2023, 15:11:16,1066
APRL00001,Super Mario BOOM,4839,05/28/2023, 16:13:17,1066
APRL00001,Super Mario BOOM,4842,05/28/2023, 17:09:47,1066
APRL00001,Super Mario BOOM,4850,05/28/2023, 18:12:57,1066
APRL00001,Super Mario BOOM,4853,05/28/2023, 19:09:03,1066
APRL00001,Super Mario BOOM,4863,05/28/2023, 20:11:10,1066
APRL00001,Super Mario BOOM,4869,05/28/2023, 21:09:56,1066
APRL00001,Super Mario BOOM,4873,05/28/2023, 22:10:25,1066
APRL00001,Super Mario BOOM,4877,05/28/2023, 23:11:27,1066
APRL00001,Super Mario BOOM,4885,05/29/2023, 00:59:44,1066
APRL00001,Super Mario BOOM,4892,05/29/2023, 02:13:25,1066
APRL00001,Super Mario BOOM,4894,05/29/2023, 03:12:39,1066
APRL00001,Super Mario BOOM,4897,05/29/2023, 04:14:16,1066
APRL00001,Super Mario BOOM,4898,05/29/2023, 05:11:30,1066
APRL00001,Super Mario BOOM,4902,05/29/2023, 06:15:27,1066
APRL00001,Super Mario BOOM,4903,05/29/2023, 07:11:14,1066
APRL00001,Super Mario BOOM,4903,05/29/2023, 08:14:43,1066
APRL00001,Super Mario BOOM,4907,05/29/2023, 09:12:06,1066
APRL00001,Super Mario BOOM,4909,05/29/2023, 10:12:30,1066
APRL00001,Super Mario BOOM,4910,05/29/2023, 11:09:52,1066
APRL00001,Super Mario BOOM,4916,05/29/2023, 12:20:55,1066
APRL00001,Super Mario BOOM,4917,05/29/2023, 13:14:22,1066
APRL00001,Super Mario BOOM,4924,05/29/2023, 14:10:47,1066
APRL00001,Super Mario BOOM,4932,05/29/2023, 15:11:43,1066
APRL00001,Super Mario BOOM,4936,05/29/2023, 16:14:32,1066
APRL00001,Super Mario BOOM,4939,05/29/2023, 17:10:53,1066
APRL00001,Super Mario BOOM,4945,05/29/2023, 18:13:38,1066
APRL00001,Super Mario BOOM,4951,05/29/2023, 19:10:08,1066
APRL00001,Super Mario BOOM,4958,05/29/2023, 20:11:48,1066
APRL00001,Super Mario BOOM,4969,05/29/2023, 21:10:29,1066
APRL00001,Super Mario BOOM,4976,05/29/2023, 22:10:49,1066
APRL00001,Super Mario BOOM,4979,05/29/2023, 23:11:19,1066
APRL00001,Super Mario BOOM,4984,05/30/2023, 00:59:42,1066
APRL00001,Super Mario BOOM,4988,05/30/2023, 02:13:39,1066
APRL00001,Super Mario BOOM,4992,05/30/2023, 03:12:20,1066
APRL00001,Super Mario BOOM,4993,05/30/2023, 04:13:44,1066
APRL00001,Super Mario BOOM,4994,05/30/2023, 05:11:12,1066
APRL00001,Super Mario BOOM,4997,05/30/2023, 06:14:42,1066
APRL00001,Super Mario BOOM,4999,05/30/2023, 07:10:44,1066
APRL00001,Super Mario BOOM,5001,05/30/2023, 08:14:35,1066
APRL00001,Super Mario BOOM,5004,05/30/2023, 09:11:45,1066
APRL00001,Super Mario BOOM,5006,05/30/2023, 10:12:24,1066
APRL00001,Super Mario BOOM,5007,05/30/2023, 11:09:57,1066
APRL00001,Super Mario BOOM,5007,05/30/2023, 12:23:38,1066
APRL00001,Super Mario BOOM,5014,05/30/2023, 13:14:55,1066
APRL00001,Super Mario BOOM,5019,05/30/2023, 14:10:52,1066
APRL00001,Super Mario BOOM,5023,05/30/2023, 15:11:54,1066
APRL00001,Super Mario BOOM,5027,05/30/2023, 16:13:45,1066
APRL00001,Super Mario BOOM,5030,05/30/2023, 17:08:56,1066
APRL00001,Super Mario BOOM,5034,05/30/2023, 18:13:58,1066
APRL00001,Super Mario BOOM,5039,05/30/2023, 19:09:33,1066
APRL00001,Super Mario BOOM,5043,05/30/2023, 20:11:56,1066
APRL00001,Super Mario BOOM,5047,05/30/2023, 21:10:27,1066
APRL00001,Super Mario BOOM,5048,05/30/2023, 22:11:19,1066
APRL00001,Super Mario BOOM,5051,05/30/2023, 23:11:11,1066
APRL00001,Super Mario BOOM,5056,05/31/2023, 01:04:44,1066
APRL00001,Super Mario BOOM,5061,05/31/2023, 02:50:54,1066
APRL00001,Super Mario BOOM,5062,05/31/2023, 03:15:37,1066
APRL00001,Super Mario BOOM,5068,05/31/2023, 04:13:17,1066
APRL00001,Super Mario BOOM,5071,05/31/2023, 05:10:46,1066
APRL00001,Super Mario BOOM,5072,05/31/2023, 06:15:38,1066
APRL00001,Super Mario BOOM,5073,05/31/2023, 07:11:35,1066
APRL00001,Super Mario BOOM,5078,05/31/2023, 08:14:13,1066
APRL00001,Super Mario BOOM,5080,05/31/2023, 09:12:44,1066
APRL00001,Super Mario BOOM,5082,05/31/2023, 10:12:24,1066
APRL00001,Super Mario BOOM,5082,05/31/2023, 11:09:54,1066
APRL00001,Super Mario BOOM,5084,05/31/2023, 12:22:35,1066
APRL00001,Super Mario BOOM,5085,05/31/2023, 13:14:39,1066
APRL00001,Super Mario BOOM,5091,05/31/2023, 14:10:25,1066
APRL00001,Super Mario BOOM,5095,05/31/2023, 15:12:05,1066
APRL00001,Super Mario BOOM,5100,05/31/2023, 16:14:24,1066
APRL00001,Super Mario BOOM,5106,05/31/2023, 17:10:46,1066
APRL00001,Super Mario BOOM,5112,05/31/2023, 18:14:08,1066
APRL00001,Super Mario BOOM,5118,05/31/2023, 19:09:34,1066
APRL00001,Super Mario BOOM,5121,05/31/2023, 20:12:02,1066
APRL00001,Super Mario BOOM,5125,05/31/2023, 21:10:41,1066
APRL00001,Super Mario BOOM,5130,05/31/2023, 22:10:35,1066
APRL00001,Super Mario BOOM,5131,05/31/2023, 23:11:28,1066
APRL00001,Super Mario BOOM,5138,06/01/2023, 01:17:47,1066
APRL00001,Super Mario BOOM,5143,06/01/2023, 03:08:57,1066
APRL00001,Super Mario BOOM,5145,06/01/2023, 04:14:46,1066
APRL00001,Super Mario BOOM,5148,06/01/2023, 05:11:24,1066
APRL00001,Super Mario BOOM,5150,06/01/2023, 06:15:00,1066
APRL00001,Super Mario BOOM,5151,06/01/2023, 07:11:30,1066
APRL00001,Super Mario BOOM,5153,06/01/2023, 08:14:35,1066
APRL00001,Super Mario BOOM,5157,06/01/2023, 09:11:57,1066
APRL00001,Super Mario BOOM,5161,06/01/2023, 10:14:29,1066
APRL00001,Super Mario BOOM,5163,06/01/2023, 11:09:39,1066
APRL00001,Super Mario BOOM,5169,06/01/2023, 12:22:14,1066
APRL00001,Super Mario BOOM,5172,06/01/2023, 13:15:22,1066
APRL00001,Super Mario BOOM,5173,06/01/2023, 14:10:55,1066
APRL00001,Super Mario BOOM,5175,06/01/2023, 15:11:31,1066
APRL00001,Super Mario BOOM,5176,06/01/2023, 16:14:55,1066
APRL00001,Super Mario BOOM,5183,06/01/2023, 17:10:26,1066
APRL00001,Super Mario BOOM,5184,06/01/2023, 18:14:51,1066
APRL00001,Super Mario BOOM,5187,06/01/2023, 19:09:31,1066
APRL00001,Super Mario BOOM,5192,06/01/2023, 20:12:03,1066
APRL00001,Super Mario BOOM,5193,06/01/2023, 21:10:07,1066
APRL00001,Super Mario BOOM,5199,06/01/2023, 22:10:56,1066
APRL00001,Super Mario BOOM,5201,06/01/2023, 23:11:59,1066
APRL00001,Super Mario BOOM,5207,06/02/2023, 01:05:36,1066
APRL00001,Super Mario BOOM,5210,06/02/2023, 02:46:17,1066
APRL00001,Super Mario BOOM,5212,06/02/2023, 03:12:59,1066
APRL00001,Super Mario BOOM,5216,06/02/2023, 04:13:31,1066
APRL00001,Super Mario BOOM,5218,06/02/2023, 05:11:02,1066
APRL00001,Super Mario BOOM,5218,06/02/2023, 06:14:34,1066
APRL00001,Super Mario BOOM,5221,06/02/2023, 07:10:44,1066
APRL00001,Super Mario BOOM,5221,06/02/2023, 08:13:59,1066
APRL00001,Super Mario BOOM,5223,06/02/2023, 09:11:35,1066
APRL00001,Super Mario BOOM,5224,06/02/2023, 10:12:16,1066
APRL00001,Super Mario BOOM,5225,06/02/2023, 11:10:03,1066
APRL00001,Super Mario BOOM,5227,06/02/2023, 12:22:20,1066
APRL00001,Super Mario BOOM,5231,06/02/2023, 13:18:45,1066
APRL00001,Super Mario BOOM,5233,06/02/2023, 14:10:22,1066
APRL00001,Super Mario BOOM,5240,06/02/2023, 15:11:48,1066
APRL00001,Super Mario BOOM,5241,06/02/2023, 16:14:23,1066
APRL00001,Super Mario BOOM,5244,06/02/2023, 17:10:33,1066
APRL00001,Super Mario BOOM,5247,06/02/2023, 18:13:41,1066
APRL00001,Super Mario BOOM,5248,06/02/2023, 19:09:15,1066
APRL00001,Super Mario BOOM,5250,06/02/2023, 20:11:44,1066
APRL00001,Super Mario BOOM,5255,06/02/2023, 21:10:41,1066
APRL00001,Super Mario BOOM,5257,06/02/2023, 22:10:23,1066
APRL00001,Super Mario BOOM,5263,06/02/2023, 23:12:17,1066
APRL00001,Super Mario BOOM,5270,06/03/2023, 01:02:52,1066
APRL00001,Super Mario BOOM,5271,06/03/2023, 02:43:06,1066
APRL00001,Super Mario BOOM,5274,06/03/2023, 03:11:32,1066
APRL00001,Super Mario BOOM,5278,06/03/2023, 04:12:58,1066
APRL00001,Super Mario BOOM,5282,06/03/2023, 05:10:38,1066
APRL00001,Super Mario BOOM,5284,06/03/2023, 06:14:06,1066
APRL00001,Super Mario BOOM,5286,06/03/2023, 07:10:20,1066
APRL00001,Super Mario BOOM,5290,06/03/2023, 08:13:32,1066
APRL00001,Super Mario BOOM,5292,06/03/2023, 09:10:20,1066
APRL00001,Super Mario BOOM,5295,06/03/2023, 10:11:17,1066
APRL00001,Super Mario BOOM,5298,06/03/2023, 11:10:03,1066
APRL00001,Super Mario BOOM,5305,06/03/2023, 12:19:48,1066
APRL00001,Super Mario BOOM,5311,06/03/2023, 13:12:31,1066
APRL00001,Super Mario BOOM,5319,06/03/2023, 14:09:30,1066
APRL00001,Super Mario BOOM,5321,06/03/2023, 15:10:31,1066
APRL00001,Super Mario BOOM,5326,06/03/2023, 16:14:01,1066
APRL00001,Super Mario BOOM,5329,06/03/2023, 17:09:32,1066
APRL00001,Super Mario BOOM,5336,06/03/2023, 18:13:11,1066
APRL00001,Super Mario BOOM,5340,06/03/2023, 19:10:15,1066
APRL00001,Super Mario BOOM,5344,06/03/2023, 20:12:30,1066
APRL00001,Super Mario BOOM,5346,06/03/2023, 21:09:45,1066
APRL00001,Super Mario BOOM,5351,06/03/2023, 22:10:05,1066
APRL00001,Super Mario BOOM,5359,06/03/2023, 23:11:15,1066
APRL00001,Super Mario BOOM,5370,06/04/2023, 01:14:09,1066
APRL00001,Super Mario BOOM,5375,06/04/2023, 03:04:21,1066
APRL00001,Super Mario BOOM,5381,06/04/2023, 04:13:03,1066
APRL00001,Super Mario BOOM,5383,06/04/2023, 05:10:53,1066
APRL00001,Super Mario BOOM,5386,06/04/2023, 06:13:33,1066
APRL00001,Super Mario BOOM,5390,06/04/2023, 07:10:54,1066
APRL00001,Super Mario BOOM,5394,06/04/2023, 08:13:21,1066
APRL00001,Super Mario BOOM,5396,06/04/2023, 09:11:56,1066
APRL00001,Super Mario BOOM,5396,06/04/2023, 10:11:30,1066
APRL00001,Super Mario BOOM,5399,06/04/2023, 11:09:50,1066
APRL00001,Super Mario BOOM,5402,06/04/2023, 12:20:20,1066
APRL00001,Super Mario BOOM,5406,06/04/2023, 13:12:16,1066
APRL00001,Super Mario BOOM,5408,06/04/2023, 14:09:41,1066
APRL00001,Super Mario BOOM,5414,06/04/2023, 15:10:32,1066
APRL00001,Super Mario BOOM,5418,06/04/2023, 16:13:46,1066
APRL00001,Super Mario BOOM,5425,06/04/2023, 17:09:35,1066
APRL00001,Super Mario BOOM,5432,06/04/2023, 18:13:27,1066
APRL00001,Super Mario BOOM,5434,06/04/2023, 19:09:02,1066
APRL00001,Super Mario BOOM,5442,06/04/2023, 20:11:57,1066
APRL00001,Super Mario BOOM,5446,06/04/2023, 21:09:57,1066
APRL00001,Super Mario BOOM,5447,06/04/2023, 22:10:23,1066
APRL00001,Super Mario BOOM,5447,06/04/2023, 23:11:19,1066
APRL00001,Super Mario BOOM,5454,06/05/2023, 01:04:40,1066
APRL00001,Super Mario BOOM,5458,06/05/2023, 02:48:29,1066
APRL00001,Super Mario BOOM,5458,06/05/2023, 03:14:12,1066
APRL00001,Super Mario BOOM,5461,06/05/2023, 04:13:55,1066
APRL00001,Super Mario BOOM,5462,06/05/2023, 05:11:35,1066
APRL00001,Super Mario BOOM,5467,06/05/2023, 06:15:18,1066
APRL00001,Super Mario BOOM,5470,06/05/2023, 07:11:49,1066
APRL00001,Super Mario BOOM,5475,06/05/2023, 08:14:37,1066
APRL00001,Super Mario BOOM,5475,06/05/2023, 09:12:06,1066
APRL00001,Super Mario BOOM,5475,06/05/2023, 10:12:32,1066
APRL00001,Super Mario BOOM,5480,06/05/2023, 11:10:11,1066
APRL00001,Super Mario BOOM,5482,06/05/2023, 12:23:27,1066
APRL00001,Super Mario BOOM,5484,06/05/2023, 13:15:36,1066
APRL00001,Super Mario BOOM,5488,06/05/2023, 14:10:55,1066
APRL00001,Super Mario BOOM,5490,06/05/2023, 15:11:51,1066
APRL00001,Super Mario BOOM,5491,06/05/2023, 16:15:01,1066
APRL00001,Super Mario BOOM,5493,06/05/2023, 17:10:29,1066
APRL00001,Super Mario BOOM,5498,06/05/2023, 18:13:36,1066
APRL00001,Super Mario BOOM,5504,06/05/2023, 19:09:33,1066
APRL00001,Super Mario BOOM,5508,06/05/2023, 20:11:52,1066
APRL00001,Super Mario BOOM,5513,06/05/2023, 21:10:08,1066
APRL00001,Super Mario BOOM,5518,06/05/2023, 22:10:57,1066
APRL00001,Super Mario BOOM,5523,06/05/2023, 23:11:32,1066
APRL00001,Super Mario BOOM,5526,06/06/2023, 01:05:59,1066
APRL00001,Super Mario BOOM,5529,06/06/2023, 02:52:54,1066
APRL00001,Super Mario BOOM,5532,06/06/2023, 03:17:38,1066
APRL00001,Super Mario BOOM,5535,06/06/2023, 04:13:22,1066
APRL00001,Super Mario BOOM,5537,06/06/2023, 05:12:00,1066
APRL00001,Super Mario BOOM,5539,06/06/2023, 06:14:46,1066
APRL00001,Super Mario BOOM,5539,06/06/2023, 07:11:16,1066
APRL00001,Super Mario BOOM,5540,06/06/2023, 08:14:18,1066
APRL00001,Super Mario BOOM,5540,06/06/2023, 09:11:59,1066
APRL00001,Super Mario BOOM,5543,06/06/2023, 10:12:23,1066
APRL00001,Super Mario BOOM,5544,06/06/2023, 11:09:51,1066
APRL00001,Super Mario BOOM,5549,06/06/2023, 12:22:26,1066
APRL00001,Super Mario BOOM,5552,06/06/2023, 13:15:21,1066
APRL00001,Super Mario BOOM,5554,06/06/2023, 14:10:41,1066
APRL00001,Super Mario BOOM,5556,06/06/2023, 15:11:49,1066
APRL00001,Super Mario BOOM,5559,06/06/2023, 16:14:50,1066
APRL00001,Super Mario BOOM,5561,06/06/2023, 17:11:02,1066
APRL00001,Super Mario BOOM,5562,06/06/2023, 18:14:07,1066
APRL00001,Super Mario BOOM,5565,06/06/2023, 19:09:50,1066
APRL00001,Super Mario BOOM,5569,06/06/2023, 20:11:52,1066
APRL00001,Super Mario BOOM,5574,06/06/2023, 21:11:27,1066
APRL00001,Super Mario BOOM,5578,06/06/2023, 22:10:52,1066
APRL00001,Super Mario BOOM,5582,06/06/2023, 23:11:16,1066
APRL00001,Super Mario BOOM,5586,06/07/2023, 01:07:49,1066
APRL00001,Super Mario BOOM,5593,06/07/2023, 02:51:25,1066
APRL00001,Super Mario BOOM,5595,06/07/2023, 03:16:35,1066
APRL00001,Super Mario BOOM,5598,06/07/2023, 04:13:42,1066
APRL00001,Super Mario BOOM,5601,06/07/2023, 05:10:50,1066
APRL00001,Super Mario BOOM,5604,06/07/2023, 06:14:46,1066
APRL00001,Super Mario BOOM,5605,06/07/2023, 07:11:08,1066
APRL00001,Super Mario BOOM,5608,06/07/2023, 08:15:29,1066
APRL00001,Super Mario BOOM,5610,06/07/2023, 09:11:29,1066
APRL00001,Super Mario BOOM,5612,06/07/2023, 10:12:50,1066
APRL00001,Super Mario BOOM,5615,06/07/2023, 11:10:00,1066
APRL00001,Super Mario BOOM,5621,06/07/2023, 12:22:32,1066
APRL00001,Super Mario BOOM,5623,06/07/2023, 13:15:30,1066
APRL00001,Super Mario BOOM,5625,06/07/2023, 14:10:44,1066
APRL00001,Super Mario BOOM,5628,06/07/2023, 15:12:06,1066
APRL00001,Super Mario BOOM,5631,06/07/2023, 16:14:59,1066
APRL00001,Super Mario BOOM,5637,06/07/2023, 17:10:17,1066
APRL00001,Super Mario BOOM,5639,06/07/2023, 18:14:20,1066
APRL00001,Super Mario BOOM,5646,06/07/2023, 19:10:10,1066
APRL00001,Super Mario BOOM,5653,06/07/2023, 20:12:22,1066
APRL00001,Super Mario BOOM,5656,06/07/2023, 21:10:28,1066
APRL00001,Super Mario BOOM,5661,06/07/2023, 22:10:43,1066
APRL00001,Super Mario BOOM,5663,06/07/2023, 23:12:01,1066
APRL00001,Super Mario BOOM,5670,06/08/2023, 01:05:21,1066
APRL00001,Super Mario BOOM,5676,06/08/2023, 02:50:35,1066
APRL00001,Super Mario BOOM,5680,06/08/2023, 03:15:54,1066
APRL00001,Super Mario BOOM,5685,06/08/2023, 04:13:59,1066
APRL00001,Super Mario BOOM,5688,06/08/2023, 05:11:22,1066
APRL00001,Super Mario BOOM,5692,06/08/2023, 06:14:55,1066
APRL00001,Super Mario BOOM,5695,06/08/2023, 07:11:00,1066
APRL00001,Super Mario BOOM,5697,06/08/2023, 08:14:17,1066
APRL00001,Super Mario BOOM,5699,06/08/2023, 09:11:23,1066
APRL00001,Super Mario BOOM,5704,06/08/2023, 10:12:25,1066
APRL00001,Super Mario BOOM,5707,06/08/2023, 11:10:22,1066
APRL00001,Super Mario BOOM,5711,06/08/2023, 12:20:55,1066
APRL00001,Super Mario BOOM,5713,06/08/2023, 13:15:48,1066
APRL00001,Super Mario BOOM,5716,06/08/2023, 14:10:36,1066
APRL00001,Super Mario BOOM,5722,06/08/2023, 15:11:30,1066
APRL00001,Super Mario BOOM,5728,06/08/2023, 16:14:53,1066
APRL00001,Super Mario BOOM,5730,06/08/2023, 17:11:18,1066
APRL00001,Super Mario BOOM,5732,06/08/2023, 18:13:50,1066
APRL00001,Super Mario BOOM,5734,06/08/2023, 19:10:53,1066
APRL00001,Super Mario BOOM,5739,06/08/2023, 20:11:43,1066
APRL00001,Super Mario BOOM,5742,06/08/2023, 21:11:59,1066
APRL00001,Super Mario BOOM,5748,06/08/2023, 22:10:53,1066
APRL00001,Super Mario BOOM,5749,06/08/2023, 23:12:11,1066
APRL00001,Super Mario BOOM,5754,06/09/2023, 01:13:53,1066
APRL00001,Super Mario BOOM,5763,06/09/2023, 02:53:35,1066
APRL00001,Super Mario BOOM,5763,06/09/2023, 03:19:01,1066
APRL00001,Super Mario BOOM,5765,06/09/2023, 04:13:45,1066
APRL00001,Super Mario BOOM,5767,06/09/2023, 05:11:24,1066
APRL00001,Super Mario BOOM,5771,06/09/2023, 06:14:55,1066
APRL00001,Super Mario BOOM,5772,06/09/2023, 07:11:20,1066
APRL00001,Super Mario BOOM,5775,06/09/2023, 08:14:09,1066
APRL00001,Super Mario BOOM,5775,06/09/2023, 09:11:24,1066
APRL00001,Super Mario BOOM,5777,06/09/2023, 10:12:38,1066
APRL00001,Super Mario BOOM,5781,06/09/2023, 11:09:57,1066
APRL00001,Super Mario BOOM,5784,06/09/2023, 12:21:20,1066
APRL00001,Super Mario BOOM,5786,06/09/2023, 13:14:19,1066
APRL00001,Super Mario BOOM,5789,06/09/2023, 14:11:11,1066
APRL00001,Super Mario BOOM,5793,06/09/2023, 15:11:32,1066
APRL00001,Super Mario BOOM,5795,06/09/2023, 16:14:16,1066
APRL00001,Super Mario BOOM,5798,06/09/2023, 17:11:11,1066
APRL00001,Super Mario BOOM,5799,06/09/2023, 18:14:03,1066
APRL00001,Super Mario BOOM,5803,06/09/2023, 19:09:42,1066
APRL00001,Super Mario BOOM,5806,06/09/2023, 20:11:54,1066
APRL00001,Super Mario BOOM,5812,06/09/2023, 21:10:21,1066
APRL00001,Super Mario BOOM,5819,06/09/2023, 22:10:58,1066
APRL00001,Super Mario BOOM,5826,06/09/2023, 23:11:40,1066
APRL00001,Super Mario BOOM,5831,06/10/2023, 01:01:58,1066
APRL00001,Super Mario BOOM,5837,06/10/2023, 02:41:50,1066
APRL00001,Super Mario BOOM,5840,06/10/2023, 03:11:37,1066
APRL00001,Super Mario BOOM,5843,06/10/2023, 04:13:07,1066
APRL00001,Super Mario BOOM,5847,06/10/2023, 05:10:43,1066
APRL00001,Super Mario BOOM,5851,06/10/2023, 06:13:50,1066
APRL00001,Super Mario BOOM,5851,06/10/2023, 07:10:10,1066
APRL00001,Super Mario BOOM,5854,06/10/2023, 08:13:33,1066
APRL00001,Super Mario BOOM,5859,06/10/2023, 09:11:08,1066
APRL00001,Super Mario BOOM,5860,06/10/2023, 10:11:17,1066
APRL00001,Super Mario BOOM,5862,06/10/2023, 11:09:09,1066
APRL00001,Super Mario BOOM,5866,06/10/2023, 12:19:01,1066
APRL00001,Super Mario BOOM,5868,06/10/2023, 13:12:09,1066
APRL00001,Super Mario BOOM,5874,06/10/2023, 14:09:48,1066
APRL00001,Super Mario BOOM,5876,06/10/2023, 15:10:59,1066
APRL00001,Super Mario BOOM,5882,06/10/2023, 16:13:56,1066
APRL00001,Super Mario BOOM,5885,06/10/2023, 17:10:00,1066
APRL00001,Super Mario BOOM,5888,06/10/2023, 18:13:08,1066
APRL00001,Super Mario BOOM,5894,06/10/2023, 19:09:22,1066
APRL00001,Super Mario BOOM,5904,06/10/2023, 20:12:17,1066
APRL00001,Super Mario BOOM,5909,06/10/2023, 21:09:43,1066
APRL00001,Super Mario BOOM,5912,06/10/2023, 22:10:11,1066
APRL00001,Super Mario BOOM,5919,06/10/2023, 23:11:07,1066
APRL00001,Super Mario BOOM,5924,06/11/2023, 01:11:17,1066
APRL00001,Super Mario BOOM,5929,06/11/2023, 02:59:44,1066
APRL00001,Super Mario BOOM,5930,06/11/2023, 03:26:24,1066
APRL00001,Super Mario BOOM,5932,06/11/2023, 04:13:18,1066
APRL00001,Super Mario BOOM,5932,06/11/2023, 05:11:02,1066
APRL00001,Super Mario BOOM,5934,06/11/2023, 06:13:52,1066
APRL00001,Super Mario BOOM,5936,06/11/2023, 07:10:24,1066
APRL00001,Super Mario BOOM,5936,06/11/2023, 08:13:24,1066
APRL00001,Super Mario BOOM,5937,06/11/2023, 09:10:46,1066
APRL00001,Super Mario BOOM,5941,06/11/2023, 10:11:24,1066
APRL00001,Super Mario BOOM,5946,06/11/2023, 11:09:11,1066
APRL00001,Super Mario BOOM,5949,06/11/2023, 12:20:12,1066
APRL00001,Super Mario BOOM,5952,06/11/2023, 13:12:52,1066
APRL00001,Super Mario BOOM,5957,06/11/2023, 14:09:59,1066
APRL00001,Super Mario BOOM,5958,06/11/2023, 15:10:54,1066
APRL00001,Super Mario BOOM,5961,06/11/2023, 16:13:19,1066
APRL00001,Super Mario BOOM,5965,06/11/2023, 17:09:45,1066
APRL00001,Super Mario BOOM,5974,06/11/2023, 18:13:19,1066
APRL00001,Super Mario BOOM,5981,06/11/2023, 19:09:09,1066
APRL00001,Super Mario BOOM,5989,06/11/2023, 20:11:32,1066
APRL00001,Super Mario BOOM,5992,06/11/2023, 21:10:14,1066
APRL00001,Super Mario BOOM,5995,06/11/2023, 22:10:40,1066
APRL00001,Super Mario BOOM,6000,06/11/2023, 23:11:32,1066
APRL00001,Super Mario BOOM,6001,06/12/2023, 01:07:16,1066
APRL00001,Super Mario BOOM,6006,06/12/2023, 02:51:04,1066
APRL00001,Super Mario BOOM,6006,06/12/2023, 03:18:07,1066
APRL00001,Super Mario BOOM,6012,06/12/2023, 04:13:52,1066
APRL00001,Super Mario BOOM,6013,06/12/2023, 05:11:58,1066
APRL00001,Super Mario BOOM,6015,06/12/2023, 06:15:18,1066
APRL00001,Super Mario BOOM,6016,06/12/2023, 07:11:42,1066
APRL00001,Super Mario BOOM,6022,06/12/2023, 08:14:37,1066
APRL00001,Super Mario BOOM,6024,06/12/2023, 09:12:15,1066
APRL00001,Super Mario BOOM,6026,06/12/2023, 10:12:28,1066
APRL00001,Super Mario BOOM,6030,06/12/2023, 11:10:34,1066
APRL00001,Super Mario BOOM,6031,06/12/2023, 12:21:31,1066
APRL00001,Super Mario BOOM,6033,06/12/2023, 13:15:04,1066
APRL00001,Super Mario BOOM,6036,06/12/2023, 14:10:52,1066
APRL00001,Super Mario BOOM,6043,06/12/2023, 15:12:03,1066
APRL00001,Super Mario BOOM,6046,06/12/2023, 16:14:15,1066
APRL00001,Super Mario BOOM,6050,06/12/2023, 17:10:29,1066
APRL00001,Super Mario BOOM,6060,06/12/2023, 18:13:54,1066
APRL00001,Super Mario BOOM,6061,06/12/2023, 19:08:39,1066
APRL00001,Super Mario BOOM,6063,06/12/2023, 20:12:07,1066
APRL00001,Super Mario BOOM,6069,06/12/2023, 21:10:34,1066
APRL00001,Super Mario BOOM,6071,06/12/2023, 22:10:49,1066
APRL00001,Super Mario BOOM,6076,06/12/2023, 23:11:20,1066
APRL00001,Super Mario BOOM,6080,06/13/2023, 01:04:06,1066
APRL00001,Super Mario BOOM,6083,06/13/2023, 02:38:53,1066
APRL00001,Super Mario BOOM,6087,06/13/2023, 03:12:32,1066
APRL00001,Super Mario BOOM,6092,06/13/2023, 04:13:46,1066
APRL00001,Super Mario BOOM,6092,06/13/2023, 05:11:31,1066
APRL00001,Super Mario BOOM,6095,06/13/2023, 06:14:51,1066
APRL00001,Super Mario BOOM,6096,06/13/2023, 07:11:23,1066
APRL00001,Super Mario BOOM,6098,06/13/2023, 08:14:51,1066
APRL00001,Super Mario BOOM,6100,06/13/2023, 09:11:44,1066
APRL00001,Super Mario BOOM,6100,06/13/2023, 10:12:20,1066
APRL00001,Super Mario BOOM,6104,06/13/2023, 11:10:05,1066
APRL00001,Super Mario BOOM,6105,06/13/2023, 12:22:28,1066
APRL00001,Super Mario BOOM,6107,06/13/2023, 13:14:37,1066
APRL00001,Super Mario BOOM,6108,06/13/2023, 14:10:40,1066
APRL00001,Super Mario BOOM,6109,06/13/2023, 15:11:54,1066
APRL00001,Super Mario BOOM,6111,06/13/2023, 16:14:56,1066
APRL00001,Super Mario BOOM,6115,06/13/2023, 17:11:01,1066
APRL00001,Super Mario BOOM,6120,06/13/2023, 18:14:03,1066
APRL00001,Super Mario BOOM,6124,06/13/2023, 19:09:46,1066
APRL00001,Super Mario BOOM,6125,06/13/2023, 20:12:07,1066
APRL00001,Super Mario BOOM,6126,06/13/2023, 21:10:24,1066
APRL00001,Super Mario BOOM,6127,06/13/2023, 22:11:35,1066
APRL00001,Super Mario BOOM,6128,06/13/2023, 23:10:43,1066
APRL00001,Super Mario BOOM,6133,06/14/2023, 01:02:41,1066
APRL00001,Super Mario BOOM,6135,06/14/2023, 02:38:07,1066
APRL00001,Super Mario BOOM,6136,06/14/2023, 03:12:30,1066
APRL00001,Super Mario BOOM,6139,06/14/2023, 04:13:43,1066
APRL00001,Super Mario BOOM,6143,06/14/2023, 05:11:10,1066
APRL00001,Super Mario BOOM,6144,06/14/2023, 06:14:45,1066
APRL00001,Super Mario BOOM,6146,06/14/2023, 07:11:04,1066
APRL00001,Super Mario BOOM,6147,06/14/2023, 08:14:36,1066
APRL00001,Super Mario BOOM,6148,06/14/2023, 09:11:27,1066
APRL00001,Super Mario BOOM,6150,06/14/2023, 10:12:09,1066
APRL00001,Super Mario BOOM,6152,06/14/2023, 11:09:48,1066
APRL00001,Super Mario BOOM,6154,06/14/2023, 12:22:22,1066
APRL00001,Super Mario BOOM,6154,06/14/2023, 13:14:27,1066
APRL00001,Super Mario BOOM,6154,06/14/2023, 14:10:47,1066
APRL00001,Super Mario BOOM,6156,06/14/2023, 15:11:38,1066
APRL00001,Super Mario BOOM,6158,06/14/2023, 16:15:18,1066
APRL00001,Super Mario BOOM,6160,06/14/2023, 17:10:30,1066
APRL00001,Super Mario BOOM,6163,06/14/2023, 18:13:54,1066
APRL00001,Super Mario BOOM,6166,06/14/2023, 19:09:42,1066
APRL00001,Super Mario BOOM,6169,06/14/2023, 20:12:01,1066
APRL00001,Super Mario BOOM,6173,06/14/2023, 21:10:23,1066
APRL00001,Super Mario BOOM,6175,06/14/2023, 22:11:01,1066
APRL00001,Super Mario BOOM,6177,06/14/2023, 23:12:32,1066
APRL00001,Super Mario BOOM,6183,06/15/2023, 01:02:45,1066
APRL00001,Super Mario BOOM,6187,06/15/2023, 02:37:19,1066
APRL00001,Super Mario BOOM,6188,06/15/2023, 03:12:24,1066
APRL00001,Super Mario BOOM,6189,06/15/2023, 04:13:41,1066
APRL00001,Super Mario BOOM,6191,06/15/2023, 05:11:21,1066
APRL00001,Super Mario BOOM,6197,06/15/2023, 06:15:14,1066
APRL00001,Super Mario BOOM,6198,06/15/2023, 07:11:52,1066
APRL00001,Super Mario BOOM,6199,06/15/2023, 08:14:37,1066
APRL00001,Super Mario BOOM,6201,06/15/2023, 09:11:30,1066
APRL00001,Super Mario BOOM,6201,06/15/2023, 10:12:40,1066
APRL00001,Super Mario BOOM,6203,06/15/2023, 11:09:49,1066
APRL00001,Super Mario BOOM,6205,06/15/2023, 12:22:03,1066
APRL00001,Super Mario BOOM,6209,06/15/2023, 13:15:46,1066
APRL00001,Super Mario BOOM,6210,06/15/2023, 14:10:56,1066
APRL00001,Super Mario BOOM,6212,06/15/2023, 15:11:49,1066
APRL00001,Super Mario BOOM,6217,06/15/2023, 16:14:28,1066
APRL00001,Super Mario BOOM,6223,06/15/2023, 17:10:52,1066
APRL00001,Super Mario BOOM,6226,06/15/2023, 18:13:49,1066
APRL00001,Super Mario BOOM,6227,06/15/2023, 19:09:26,1066
APRL00001,Super Mario BOOM,6232,06/15/2023, 20:11:59,1066
APRL00001,Super Mario BOOM,6239,06/15/2023, 21:10:33,1066
APRL00001,Super Mario BOOM,6240,06/15/2023, 22:10:54,1066
APRL00001,Super Mario BOOM,6246,06/15/2023, 23:12:05,1066
APRL00001,Super Mario BOOM,6254,06/16/2023, 01:03:39,1066
APRL00001,Super Mario BOOM,6258,06/16/2023, 02:38:18,1066
APRL00001,Super Mario BOOM,6258,06/16/2023, 03:12:40,1066
APRL00001,Super Mario BOOM,6260,06/16/2023, 04:13:42,1066
APRL00001,Super Mario BOOM,6263,06/16/2023, 05:11:16,1066
APRL00001,Super Mario BOOM,6265,06/16/2023, 06:14:58,1066
APRL00001,Super Mario BOOM,6265,06/16/2023, 07:11:00,1066
APRL00001,Super Mario BOOM,6266,06/16/2023, 08:14:27,1066
APRL00001,Super Mario BOOM,6266,06/16/2023, 09:11:17,1066
APRL00001,Super Mario BOOM,6267,06/16/2023, 10:12:15,1066
APRL00001,Super Mario BOOM,6267,06/16/2023, 11:09:45,1066
APRL00001,Super Mario BOOM,6269,06/16/2023, 12:20:55,1066
APRL00001,Super Mario BOOM,6269,06/16/2023, 13:14:23,1066
APRL00001,Super Mario BOOM,6270,06/16/2023, 14:10:38,1066
APRL00001,Super Mario BOOM,6271,06/16/2023, 15:11:42,1066
APRL00001,Super Mario BOOM,6274,06/16/2023, 16:14:19,1066
APRL00001,Super Mario BOOM,6278,06/16/2023, 17:10:08,1066
APRL00001,Super Mario BOOM,6280,06/16/2023, 18:13:44,1066
APRL00001,Super Mario BOOM,6283,06/16/2023, 19:09:33,1066
APRL00001,Super Mario BOOM,6291,06/16/2023, 20:12:24,1066
APRL00001,Super Mario BOOM,6296,06/16/2023, 21:10:15,1066
APRL00001,Super Mario BOOM,6299,06/16/2023, 22:10:51,1066
APRL00001,Super Mario BOOM,6304,06/16/2023, 23:11:44,1066
APRL00001,Super Mario BOOM,6307,06/17/2023, 01:00:17,1066
APRL00001,Super Mario BOOM,6311,06/17/2023, 02:12:05,1066
APRL00001,Super Mario BOOM,6314,06/17/2023, 03:12:58,1066
APRL00001,Super Mario BOOM,6316,06/17/2023, 04:13:16,1066
APRL00001,Super Mario BOOM,6319,06/17/2023, 05:11:16,1066
APRL00001,Super Mario BOOM,6320,06/17/2023, 06:13:48,1066
APRL00001,Super Mario BOOM,6322,06/17/2023, 07:10:30,1066
APRL00001,Super Mario BOOM,6325,06/17/2023, 08:13:36,1066
APRL00001,Super Mario BOOM,6326,06/17/2023, 09:10:46,1066
APRL00001,Super Mario BOOM,6327,06/17/2023, 10:11:16,1066
APRL00001,Super Mario BOOM,6333,06/17/2023, 11:10:18,1066
APRL00001,Super Mario BOOM,6336,06/17/2023, 12:19:40,1066
APRL00001,Super Mario BOOM,6338,06/17/2023, 13:12:14,1066
APRL00001,Super Mario BOOM,6343,06/17/2023, 14:09:50,1066
APRL00001,Super Mario BOOM,6344,06/17/2023, 15:10:49,1066
APRL00001,Super Mario BOOM,6347,06/17/2023, 16:13:22,1066
APRL00001,Super Mario BOOM,6351,06/17/2023, 17:09:59,1066
APRL00001,Super Mario BOOM,6356,06/17/2023, 19:09:03,1066
APRL00001,Super Mario BOOM,6363,06/17/2023, 20:11:44,1066
APRL00001,Super Mario BOOM,6367,06/17/2023, 21:10:05,1066
APRL00001,Super Mario BOOM,6370,06/17/2023, 22:10:31,1066
APRL00001,Super Mario BOOM,6373,06/17/2023, 23:11:22,1066
APRL00001,Super Mario BOOM,6382,06/18/2023, 01:10:31,1066
APRL00001,Super Mario BOOM,6393,06/18/2023, 02:50:35,1066
APRL00001,Super Mario BOOM,6394,06/18/2023, 03:16:08,1066
APRL00001,Super Mario BOOM,6398,06/18/2023, 04:13:24,1066
APRL00001,Super Mario BOOM,6401,06/18/2023, 05:11:43,1066
APRL00001,Super Mario BOOM,6404,06/18/2023, 06:13:53,1066
APRL00001,Super Mario BOOM,6407,06/18/2023, 07:10:45,1066
APRL00001,Super Mario BOOM,6411,06/18/2023, 08:13:31,1066
APRL00001,Super Mario BOOM,6411,06/18/2023, 09:10:56,1066
APRL00001,Super Mario BOOM,6413,06/18/2023, 10:11:28,1066
APRL00001,Super Mario BOOM,6414,06/18/2023, 11:09:23,1066
APRL00001,Super Mario BOOM,6418,06/18/2023, 12:20:14,1066
APRL00001,Super Mario BOOM,6423,06/18/2023, 13:12:42,1066
APRL00001,Super Mario BOOM,6428,06/18/2023, 14:10:00,1066
APRL00001,Super Mario BOOM,6431,06/18/2023, 15:10:49,1066
APRL00001,Super Mario BOOM,6433,06/18/2023, 16:13:44,1066
APRL00001,Super Mario BOOM,6436,06/18/2023, 17:09:50,1066
APRL00001,Super Mario BOOM,6441,06/18/2023, 18:13:26,1066
APRL00001,Super Mario BOOM,6443,06/18/2023, 19:09:05,1066
APRL00001,Super Mario BOOM,6444,06/18/2023, 20:11:42,1066
APRL00001,Super Mario BOOM,6448,06/18/2023, 21:09:44,1066
APRL00001,Super Mario BOOM,6453,06/18/2023, 22:10:26,1066
APRL00001,Super Mario BOOM,6459,06/18/2023, 23:11:43,1066
APRL00001,Super Mario BOOM,6463,06/19/2023, 01:03:55,1066
APRL00001,Super Mario BOOM,6469,06/19/2023, 02:40:19,1066
APRL00001,Super Mario BOOM,6471,06/19/2023, 03:12:30,1066
APRL00001,Super Mario BOOM,6474,06/19/2023, 04:14:07,1066
APRL00001,Super Mario BOOM,6478,06/19/2023, 05:11:33,1066
APRL00001,Super Mario BOOM,6479,06/19/2023, 06:15:47,1066
APRL00001,Super Mario BOOM,6480,06/19/2023, 07:11:58,1066
APRL00001,Super Mario BOOM,6480,06/19/2023, 08:15:38,1066
APRL00001,Super Mario BOOM,6481,06/19/2023, 09:12:34,1066
APRL00001,Super Mario BOOM,6482,06/19/2023, 10:12:48,1066
APRL00001,Super Mario BOOM,6486,06/19/2023, 11:10:43,1066
APRL00001,Super Mario BOOM,6487,06/19/2023, 12:23:34,1066
APRL00001,Super Mario BOOM,6489,06/19/2023, 13:15:47,1066
APRL00001,Super Mario BOOM,6489,06/19/2023, 14:11:32,1066
APRL00001,Super Mario BOOM,6489,06/19/2023, 15:12:27,1066
APRL00001,Super Mario BOOM,6490,06/19/2023, 16:14:32,1066
APRL00001,Super Mario BOOM,6492,06/19/2023, 17:10:22,1066
APRL00001,Super Mario BOOM,6492,06/19/2023, 18:14:33,1066
APRL00001,Super Mario BOOM,6497,06/19/2023, 19:09:38,1066
APRL00001,Super Mario BOOM,6503,06/19/2023, 20:11:59,1066
APRL00001,Super Mario BOOM,6506,06/19/2023, 21:11:29,1066
APRL00001,Super Mario BOOM,6509,06/19/2023, 22:11:26,1066
APRL00001,Super Mario BOOM,6512,06/19/2023, 23:11:41,1066
APRL00001,Super Mario BOOM,6517,06/20/2023, 01:01:31,1066
APRL00001,Super Mario BOOM,6522,06/20/2023, 02:13:04,1066
APRL00001,Super Mario BOOM,6523,06/20/2023, 03:12:46,1066
APRL00001,Super Mario BOOM,6524,06/20/2023, 04:13:52,1066
APRL00001,Super Mario BOOM,6526,06/20/2023, 05:11:59,1066
APRL00001,Super Mario BOOM,6527,06/20/2023, 06:15:39,1066
APRL00001,Super Mario BOOM,6527,06/20/2023, 07:11:19,1066
APRL00001,Super Mario BOOM,6528,06/20/2023, 08:14:40,1066
APRL00001,Super Mario BOOM,6529,06/20/2023, 09:11:48,1066
APRL00001,Super Mario BOOM,6531,06/20/2023, 10:12:18,1066
APRL00001,Super Mario BOOM,6534,06/20/2023, 11:10:11,1066
APRL00001,Super Mario BOOM,6537,06/20/2023, 12:22:27,1066
APRL00001,Super Mario BOOM,6539,06/20/2023, 13:15:10,1066
APRL00001,Super Mario BOOM,6539,06/20/2023, 14:10:45,1066
APRL00001,Super Mario BOOM,6541,06/20/2023, 15:11:36,1066
APRL00001,Super Mario BOOM,6548,06/20/2023, 16:14:17,1066
APRL00001,Super Mario BOOM,6551,06/20/2023, 17:11:03,1066
APRL00001,Super Mario BOOM,6555,06/20/2023, 18:13:05,1066
APRL00001,Super Mario BOOM,6558,06/20/2023, 19:09:36,1066
APRL00001,Super Mario BOOM,6561,06/20/2023, 20:12:23,1066
APRL00001,Super Mario BOOM,6568,06/20/2023, 21:09:59,1066
APRL00001,Super Mario BOOM,6570,06/20/2023, 22:10:49,1066
APRL00001,Super Mario BOOM,6573,06/20/2023, 23:12:27,1066
APRL00001,Super Mario BOOM,6577,06/21/2023, 01:03:11,1066
APRL00001,Super Mario BOOM,6579,06/21/2023, 02:34:38,1066
APRL00001,Super Mario BOOM,6582,06/21/2023, 03:12:30,1066
APRL00001,Super Mario BOOM,6584,06/21/2023, 04:14:01,1066
APRL00001,Super Mario BOOM,6588,06/21/2023, 06:15:02,1066
APRL00001,Super Mario BOOM,6591,06/21/2023, 07:11:14,1066
APRL00001,Super Mario BOOM,6592,06/21/2023, 08:14:45,1066
APRL00001,Super Mario BOOM,6594,06/21/2023, 09:11:47,1066
APRL00001,Super Mario BOOM,6596,06/21/2023, 10:12:16,1066
APRL00001,Super Mario BOOM,6596,06/21/2023, 11:10:11,1066
APRL00001,Super Mario BOOM,6599,06/21/2023, 12:22:38,1066
APRL00001,Super Mario BOOM,6600,06/21/2023, 13:14:43,1066
APRL00001,Super Mario BOOM,6603,06/21/2023, 14:10:58,1066
APRL00001,Super Mario BOOM,6606,06/21/2023, 15:11:43,1066
APRL00001,Super Mario BOOM,6606,06/21/2023, 16:14:35,1066
APRL00001,Super Mario BOOM,6610,06/21/2023, 17:10:37,1066
APRL00001,Super Mario BOOM,6616,06/21/2023, 18:14:03,1066
APRL00001,Super Mario BOOM,6619,06/21/2023, 19:09:49,1066
APRL00001,Super Mario BOOM,6620,06/21/2023, 20:12:02,1066
APRL00001,Super Mario BOOM,6624,06/21/2023, 21:11:22,1066
APRL00001,Super Mario BOOM,6626,06/21/2023, 22:10:47,1066
APRL00001,Super Mario BOOM,6628,06/21/2023, 23:11:52,1066
APRL00001,Super Mario BOOM,6632,06/22/2023, 01:04:10,1066
APRL00001,Super Mario BOOM,6635,06/22/2023, 02:39:17,1066
APRL00001,Super Mario BOOM,6636,06/22/2023, 03:12:24,1066
APRL00001,Super Mario BOOM,6636,06/22/2023, 04:13:34,1066
APRL00001,Super Mario BOOM,6637,06/22/2023, 05:11:15,1066
APRL00001,Super Mario BOOM,6642,06/22/2023, 06:15:20,1066
APRL00001,Super Mario BOOM,6642,06/22/2023, 07:10:52,1066
APRL00001,Super Mario BOOM,6646,06/22/2023, 08:14:17,1066
APRL00001,Super Mario BOOM,6647,06/22/2023, 09:11:20,1066
APRL00001,Super Mario BOOM,6649,06/22/2023, 10:12:32,1066
APRL00001,Super Mario BOOM,6650,06/22/2023, 11:10:24,1066
APRL00001,Super Mario BOOM,6655,06/22/2023, 12:22:32,1066
APRL00001,Super Mario BOOM,6657,06/22/2023, 13:14:14,1066
APRL00001,Super Mario BOOM,6661,06/22/2023, 14:10:40,1066
APRL00001,Super Mario BOOM,6663,06/22/2023, 15:11:44,1066
APRL00001,Super Mario BOOM,6667,06/22/2023, 16:14:17,1066
APRL00001,Super Mario BOOM,6670,06/22/2023, 17:10:27,1066
APRL00001,Super Mario BOOM,6673,06/22/2023, 18:13:56,1066
APRL00001,Super Mario BOOM,6679,06/22/2023, 19:11:09,1066
APRL00001,Super Mario BOOM,6682,06/22/2023, 20:13:48,1066
APRL00001,Super Mario BOOM,6684,06/22/2023, 21:11:44,1066
APRL00001,Super Mario BOOM,6688,06/22/2023, 22:12:45,1066
APRL00001,Super Mario BOOM,6690,06/22/2023, 23:14:02,1066
APRL00001,Super Mario BOOM,6694,06/23/2023, 01:10:21,1066
APRL00001,Super Mario BOOM,6701,06/23/2023, 02:56:32,1066
APRL00001,Super Mario BOOM,6703,06/23/2023, 03:27:47,1066
APRL00001,Super Mario BOOM,6705,06/23/2023, 04:15:37,1066
APRL00001,Super Mario BOOM,6708,06/23/2023, 05:12:45,1066
APRL00001,Super Mario BOOM,6711,06/23/2023, 06:17:22,1066
APRL00001,Super Mario BOOM,6715,06/23/2023, 07:12:41,1066
APRL00001,Super Mario BOOM,6716,06/23/2023, 08:16:04,1066
APRL00001,Super Mario BOOM,6717,06/23/2023, 09:12:47,1066
APRL00001,Super Mario BOOM,6722,06/23/2023, 10:14:04,1066
APRL00001,Super Mario BOOM,6726,06/23/2023, 11:12:02,1066
APRL00001,Super Mario BOOM,6729,06/23/2023, 12:24:25,1066
APRL00001,Super Mario BOOM,6731,06/23/2023, 13:21:56,1066
APRL00001,Super Mario BOOM,6737,06/23/2023, 14:12:27,1066
APRL00001,Super Mario BOOM,6740,06/23/2023, 15:13:31,1066
APRL00001,Super Mario BOOM,6742,06/23/2023, 16:16:41,1066
APRL00001,Super Mario BOOM,6744,06/23/2023, 17:12:12,1066
APRL00001,Super Mario BOOM,6747,06/23/2023, 18:15:51,1066
APRL00001,Super Mario BOOM,6750,06/23/2023, 19:10:33,1066
APRL00001,Super Mario BOOM,6754,06/23/2023, 20:13:27,1066
APRL00001,Super Mario BOOM,6757,06/23/2023, 21:11:31,1066
APRL00001,Super Mario BOOM,6759,06/23/2023, 22:12:39,1066
APRL00001,Super Mario BOOM,6761,06/23/2023, 23:12:47,1066
APRL00001,Super Mario BOOM,6766,06/24/2023, 01:10:31,1066
APRL00001,Super Mario BOOM,6772,06/24/2023, 02:56:05,1066
APRL00001,Super Mario BOOM,6773,06/24/2023, 03:25:30,1066
APRL00001,Super Mario BOOM,6774,06/24/2023, 04:15:16,1066
APRL00001,Super Mario BOOM,6775,06/24/2023, 05:12:05,1066
APRL00001,Super Mario BOOM,6776,06/24/2023, 06:15:46,1066
APRL00001,Super Mario BOOM,6776,06/24/2023, 07:11:52,1066
APRL00001,Super Mario BOOM,6778,06/24/2023, 08:15:11,1066
APRL00001,Super Mario BOOM,6780,06/24/2023, 09:12:17,1066
APRL00001,Super Mario BOOM,6781,06/24/2023, 10:13:08,1066
APRL00001,Super Mario BOOM,6784,06/24/2023, 11:10:42,1066
APRL00001,Super Mario BOOM,6789,06/24/2023, 12:22:59,1066
APRL00001,Super Mario BOOM,6792,06/24/2023, 13:18:32,1066
APRL00001,Super Mario BOOM,6793,06/24/2023, 14:11:40,1066
APRL00001,Super Mario BOOM,6796,06/24/2023, 15:12:14,1066
APRL00001,Super Mario BOOM,6800,06/24/2023, 16:15:38,1066
APRL00001,Super Mario BOOM,6803,06/24/2023, 17:11:22,1066
APRL00001,Super Mario BOOM,6811,06/24/2023, 18:15:07,1066
APRL00001,Super Mario BOOM,6813,06/24/2023, 19:10:22,1066
APRL00001,Super Mario BOOM,6814,06/24/2023, 20:13:22,1066
APRL00001,Super Mario BOOM,6819,06/24/2023, 21:11:27,1066
APRL00001,Super Mario BOOM,6822,06/24/2023, 22:12:06,1066
APRL00001,Super Mario BOOM,6823,06/24/2023, 23:12:23,1066
APRL00001,Super Mario BOOM,6831,06/25/2023, 01:17:03,1066
APRL00001,Super Mario BOOM,6837,06/25/2023, 03:09:08,1066
APRL00001,Super Mario BOOM,6838,06/25/2023, 04:15:12,1066
APRL00001,Super Mario BOOM,6839,06/25/2023, 05:12:10,1066
APRL00001,Super Mario BOOM,6840,06/25/2023, 06:16:09,1066
APRL00001,Super Mario BOOM,6843,06/25/2023, 07:12:06,1066
APRL00001,Super Mario BOOM,6845,06/25/2023, 08:15:17,1066
APRL00001,Super Mario BOOM,6846,06/25/2023, 09:12:27,1066
APRL00001,Super Mario BOOM,6849,06/25/2023, 10:13:23,1066
APRL00001,Super Mario BOOM,6851,06/25/2023, 11:11:30,1066
APRL00001,Super Mario BOOM,6853,06/25/2023, 12:23:24,1066
APRL00001,Super Mario BOOM,6857,06/25/2023, 13:19:45,1066
APRL00001,Super Mario BOOM,6858,06/25/2023, 14:11:19,1066
APRL00001,Super Mario BOOM,6860,06/25/2023, 15:12:22,1066
APRL00001,Super Mario BOOM,6866,06/25/2023, 16:15:36,1066
APRL00001,Super Mario BOOM,6867,06/25/2023, 17:11:17,1066
APRL00001,Super Mario BOOM,6870,06/25/2023, 18:15:06,1066
APRL00001,Super Mario BOOM,6872,06/25/2023, 19:10:30,1066
APRL00001,Super Mario BOOM,6877,06/25/2023, 20:13:25,1066
APRL00001,Super Mario BOOM,6880,06/25/2023, 21:11:15,1066
APRL00001,Super Mario BOOM,6885,06/25/2023, 22:12:11,1066
APRL00001,Super Mario BOOM,6886,06/25/2023, 23:12:44,1066
APRL00001,Super Mario BOOM,6892,06/26/2023, 01:12:30,1066
APRL00001,Super Mario BOOM,6896,06/26/2023, 03:01:41,1066
APRL00001,Super Mario BOOM,6899,06/26/2023, 04:16:03,1066
APRL00001,Super Mario BOOM,6901,06/26/2023, 05:13:20,1066
APRL00001,Super Mario BOOM,6901,06/26/2023, 06:17:57,1066
APRL00001,Super Mario BOOM,6904,06/26/2023, 07:13:34,1066
APRL00001,Super Mario BOOM,6905,06/26/2023, 08:20:50,1066
APRL00001,Super Mario BOOM,6905,06/26/2023, 09:13:55,1066
APRL00001,Super Mario BOOM,6905,06/26/2023, 10:14:33,1066
APRL00001,Super Mario BOOM,6909,06/26/2023, 11:11:34,1066
APRL00001,Super Mario BOOM,6913,06/26/2023, 12:25:00,1066
APRL00001,Super Mario BOOM,6914,06/26/2023, 13:22:22,1066
APRL00001,Super Mario BOOM,6915,06/26/2023, 14:12:56,1066
APRL00001,Super Mario BOOM,6917,06/26/2023, 15:12:55,1066
APRL00001,Super Mario BOOM,6918,06/26/2023, 16:16:14,1066
APRL00001,Super Mario BOOM,6919,06/26/2023, 17:11:36,1066
APRL00001,Super Mario BOOM,6922,06/26/2023, 18:16:13,1066
APRL00001,Super Mario BOOM,6922,06/26/2023, 19:10:49,1066
APRL00001,Super Mario BOOM,6928,06/26/2023, 20:13:50,1066
APRL00001,Super Mario BOOM,6931,06/26/2023, 21:11:40,1066
APRL00001,Super Mario BOOM,6936,06/26/2023, 22:12:35,1066
APRL00001,Super Mario BOOM,6939,06/26/2023, 23:13:02,1066
APRL00001,Super Mario BOOM,6949,06/27/2023, 01:11:40,1066
APRL00001,Super Mario BOOM,6951,06/27/2023, 02:57:37,1066
APRL00001,Super Mario BOOM,6952,06/27/2023, 03:28:02,1066
APRL00001,Super Mario BOOM,6954,06/27/2023, 04:15:46,1066
APRL00001,Super Mario BOOM,6955,06/27/2023, 05:12:47,1066
APRL00001,Super Mario BOOM,6955,06/27/2023, 06:17:03,1066
APRL00001,Super Mario BOOM,6956,06/27/2023, 07:12:38,1066
APRL00001,Super Mario BOOM,6957,06/27/2023, 08:16:18,1066
APRL00001,Super Mario BOOM,6958,06/27/2023, 09:13:21,1066
APRL00001,Super Mario BOOM,6959,06/27/2023, 10:14:09,1066
APRL00001,Super Mario BOOM,6960,06/27/2023, 11:10:59,1066
APRL00001,Super Mario BOOM,6962,06/27/2023, 12:25:53,1066
APRL00001,Super Mario BOOM,6964,06/27/2023, 13:22:05,1066
APRL00001,Super Mario BOOM,6969,06/27/2023, 14:12:07,1066
APRL00001,Super Mario BOOM,6974,06/27/2023, 15:13:41,1066
APRL00001,Super Mario BOOM,6975,06/27/2023, 16:16:39,1066
APRL00001,Super Mario BOOM,6979,06/27/2023, 17:11:35,1066
APRL00001,Super Mario BOOM,6980,06/27/2023, 18:15:54,1066
APRL00001,Super Mario BOOM,6982,06/27/2023, 19:10:40,1066
APRL00001,Super Mario BOOM,6984,06/27/2023, 20:13:41,1066
APRL00001,Super Mario BOOM,6992,06/27/2023, 21:11:43,1066
APRL00001,Super Mario BOOM,6995,06/27/2023, 22:12:28,1066
APRL00001,Super Mario BOOM,6999,06/27/2023, 23:12:39,1066
APRL00001,Super Mario BOOM,7004,06/28/2023, 01:13:18,1066
APRL00001,Super Mario BOOM,7008,06/28/2023, 02:55:27,1066
APRL00001,Super Mario BOOM,7009,06/28/2023, 03:24:20,1066
APRL00001,Super Mario BOOM,7011,06/28/2023, 04:16:04,1066
APRL00001,Super Mario BOOM,7016,06/28/2023, 05:12:52,1066
APRL00001,Super Mario BOOM,7017,06/28/2023, 06:17:04,1066
APRL00001,Super Mario BOOM,7018,06/28/2023, 07:12:28,1066
APRL00001,Super Mario BOOM,7019,06/28/2023, 08:16:12,1066
APRL00001,Super Mario BOOM,7021,06/28/2023, 09:13:18,1066
APRL00001,Super Mario BOOM,7022,06/28/2023, 10:15:03,1066
APRL00001,Super Mario BOOM,7025,06/28/2023, 11:10:51,1066
APRL00001,Super Mario BOOM,7031,06/28/2023, 12:25:53,1066
APRL00001,Super Mario BOOM,7033,06/28/2023, 13:22:39,1066
APRL00001,Super Mario BOOM,7034,06/28/2023, 14:11:50,1066
APRL00001,Super Mario BOOM,7039,06/28/2023, 16:15:54,1066
APRL00001,Super Mario BOOM,7040,06/28/2023, 17:11:27,1066
APRL00001,Super Mario BOOM,7047,06/28/2023, 18:15:35,1066
APRL00001,Super Mario BOOM,7050,06/28/2023, 19:10:51,1066
APRL00001,Super Mario BOOM,7057,06/28/2023, 21:11:34,1066
APRL00001,Super Mario BOOM,7059,06/28/2023, 22:12:27,1066
APRL00001,Super Mario BOOM,7063,06/28/2023, 23:13:14,1066
APRL00001,Super Mario BOOM,7074,06/29/2023, 01:08:55,1066
APRL00001,Super Mario BOOM,7078,06/29/2023, 02:52:31,1066
APRL00001,Super Mario BOOM,7078,06/29/2023, 03:21:15,1066
APRL00001,Super Mario BOOM,7079,06/29/2023, 04:15:36,1066
APRL00001,Super Mario BOOM,7081,06/29/2023, 05:12:53,1066
APRL00001,Super Mario BOOM,7083,06/29/2023, 06:17:15,1066
APRL00001,Super Mario BOOM,7085,06/29/2023, 07:12:23,1066
APRL00001,Super Mario BOOM,7085,06/29/2023, 08:16:17,1066
APRL00001,Super Mario BOOM,7086,06/29/2023, 09:13:10,1066
APRL00001,Super Mario BOOM,7088,06/29/2023, 10:13:41,1066
APRL00001,Super Mario BOOM,7091,06/29/2023, 11:10:31,1066
APRL00001,Super Mario BOOM,7094,06/29/2023, 12:24:45,1066
APRL00001,Super Mario BOOM,7096,06/29/2023, 13:20:21,1066
APRL00001,Super Mario BOOM,7098,06/29/2023, 14:11:19,1066
APRL00001,Super Mario BOOM,7102,06/29/2023, 15:13:01,1066
APRL00001,Super Mario BOOM,7104,06/29/2023, 16:15:43,1066
APRL00001,Super Mario BOOM,7104,06/29/2023, 17:11:23,1066
APRL00001,Super Mario BOOM,7106,06/29/2023, 18:17:28,1066
APRL00001,Super Mario BOOM,7111,06/29/2023, 19:10:32,1066
APRL00001,Super Mario BOOM,7117,06/29/2023, 20:12:59,1066
APRL00001,Super Mario BOOM,7120,06/29/2023, 21:11:18,1066
APRL00001,Super Mario BOOM,7123,06/29/2023, 22:11:46,1066
APRL00001,Super Mario BOOM,7129,06/29/2023, 23:13:06,1066
APRL00001,Super Mario BOOM,7130,06/30/2023, 01:07:08,1066
APRL00001,Super Mario BOOM,7136,06/30/2023, 02:49:03,1066
APRL00001,Super Mario BOOM,7136,06/30/2023, 03:18:10,1066
APRL00001,Super Mario BOOM,7140,06/30/2023, 04:14:57,1066
APRL00001,Super Mario BOOM,7142,06/30/2023, 05:12:16,1066
APRL00001,Super Mario BOOM,7149,06/30/2023, 06:16:30,1066
APRL00001,Super Mario BOOM,7150,06/30/2023, 07:12:00,1066
APRL00001,Super Mario BOOM,7152,06/30/2023, 08:15:37,1066
APRL00001,Super Mario BOOM,7153,06/30/2023, 09:12:21,1066
APRL00001,Super Mario BOOM,7153,06/30/2023, 10:13:00,1066
APRL00001,Super Mario BOOM,7154,06/30/2023, 11:10:35,1066
APRL00001,Super Mario BOOM,7158,06/30/2023, 12:23:39,1066
APRL00001,Super Mario BOOM,7161,06/30/2023, 13:19:27,1066
APRL00001,Super Mario BOOM,7163,06/30/2023, 14:11:24,1066
APRL00001,Super Mario BOOM,7166,06/30/2023, 15:12:44,1066
APRL00001,Super Mario BOOM,7172,06/30/2023, 16:15:33,1066
APRL00001,Super Mario BOOM,7175,06/30/2023, 17:11:27,1066
APRL00001,Super Mario BOOM,7182,06/30/2023, 18:15:17,1066
APRL00001,Super Mario BOOM,7189,06/30/2023, 19:10:21,1066
APRL00001,Super Mario BOOM,7191,06/30/2023, 20:13:04,1066
APRL00001,Super Mario BOOM,7193,06/30/2023, 21:11:00,1066
APRL00001,Super Mario BOOM,7200,06/30/2023, 22:11:54,1066
APRL00001,Super Mario BOOM,7203,06/30/2023, 23:12:07,1066
APRL00001,Super Mario BOOM,7210,07/01/2023, 01:16:54,1066
APRL00001,Super Mario BOOM,7214,07/01/2023, 03:04:03,1066
APRL00001,Super Mario BOOM,7216,07/01/2023, 04:14:33,1066
APRL00001,Super Mario BOOM,7218,07/01/2023, 05:11:58,1066
APRL00001,Super Mario BOOM,7220,07/01/2023, 06:15:37,1066
APRL00001,Super Mario BOOM,7223,07/01/2023, 07:11:12,1066
APRL00001,Super Mario BOOM,7225,07/01/2023, 08:14:33,1066
APRL00001,Super Mario BOOM,7227,07/01/2023, 09:11:46,1066
APRL00001,Super Mario BOOM,7230,07/01/2023, 10:13:02,1066
APRL00001,Super Mario BOOM,7231,07/01/2023, 11:10:21,1066
APRL00001,Super Mario BOOM,7234,07/01/2023, 12:22:23,1066
APRL00001,Super Mario BOOM,7238,07/01/2023, 13:16:52,1066
APRL00001,Super Mario BOOM,7239,07/01/2023, 14:10:43,1066
APRL00001,Super Mario BOOM,7247,07/01/2023, 15:12:01,1066
APRL00001,Super Mario BOOM,7252,07/01/2023, 16:14:59,1066
APRL00001,Super Mario BOOM,7255,07/01/2023, 17:11:13,1066
APRL00001,Super Mario BOOM,7261,07/01/2023, 18:14:35,1066
APRL00001,Super Mario BOOM,7265,07/01/2023, 19:09:42,1066
APRL00001,Super Mario BOOM,7266,07/01/2023, 20:12:25,1066
APRL00001,Super Mario BOOM,7274,07/01/2023, 21:11:01,1066
APRL00001,Super Mario BOOM,7275,07/01/2023, 22:11:19,1066
APRL00001,Super Mario BOOM,7280,07/01/2023, 23:12:06,1066
APRL00001,Super Mario BOOM,7285,07/02/2023, 01:14:15,1066
APRL00001,Super Mario BOOM,7292,07/02/2023, 03:00:31,1066
APRL00001,Super Mario BOOM,7294,07/02/2023, 03:29:18,1066
APRL00001,Super Mario BOOM,7298,07/02/2023, 04:14:19,1066
APRL00001,Super Mario BOOM,7302,07/02/2023, 05:12:13,1066
APRL00001,Super Mario BOOM,7304,07/02/2023, 06:15:17,1066
APRL00001,Super Mario BOOM,7307,07/02/2023, 07:11:06,1066
APRL00001,Super Mario BOOM,7307,07/02/2023, 08:15:30,1066
APRL00001,Super Mario BOOM,7308,07/02/2023, 09:11:51,1066
APRL00001,Super Mario BOOM,7314,07/02/2023, 10:12:32,1066
APRL00001,Super Mario BOOM,7320,07/02/2023, 11:10:23,1066
APRL00001,Super Mario BOOM,7321,07/02/2023, 12:22:41,1066
APRL00001,Super Mario BOOM,7323,07/02/2023, 13:16:13,1066
APRL00001,Super Mario BOOM,7324,07/02/2023, 14:10:57,1066
APRL00001,Super Mario BOOM,7326,07/02/2023, 15:11:55,1066
APRL00001,Super Mario BOOM,7327,07/02/2023, 16:14:29,1066
APRL00001,Super Mario BOOM,7327,07/02/2023, 17:10:41,1066
APRL00001,Super Mario BOOM,7334,07/02/2023, 18:14:29,1066
APRL00001,Super Mario BOOM,7337,07/02/2023, 19:10:00,1066
APRL00001,Super Mario BOOM,7340,07/02/2023, 20:12:22,1066
APRL00001,Super Mario BOOM,7346,07/02/2023, 21:10:46,1066
APRL00001,Super Mario BOOM,7347,07/02/2023, 22:11:21,1066
APRL00001,Super Mario BOOM,7351,07/02/2023, 23:12:26,1066
APRL00001,Super Mario BOOM,7360,07/03/2023, 01:12:58,1066
APRL00001,Super Mario BOOM,7369,07/03/2023, 02:55:27,1066
APRL00001,Super Mario BOOM,7370,07/03/2023, 03:23:06,1066
APRL00001,Super Mario BOOM,7374,07/03/2023, 04:15:19,1066
APRL00001,Super Mario BOOM,7378,07/03/2023, 05:13:11,1066
APRL00001,Super Mario BOOM,7380,07/03/2023, 06:17:01,1066
APRL00001,Super Mario BOOM,7384,07/03/2023, 08:16:18,1066
APRL00001,Super Mario BOOM,7387,07/03/2023, 09:13:22,1066
APRL00001,Super Mario BOOM,7387,07/03/2023, 10:13:53,1066
APRL00001,Super Mario BOOM,7389,07/03/2023, 11:10:51,1066
APRL00001,Super Mario BOOM,7392,07/03/2023, 12:26:40,1066
APRL00001,Super Mario BOOM,7393,07/03/2023, 13:23:05,1066
APRL00001,Super Mario BOOM,7394,07/03/2023, 14:11:55,1066
APRL00001,Super Mario BOOM,7396,07/03/2023, 15:13:13,1066
APRL00001,Super Mario BOOM,7400,07/03/2023, 16:15:39,1066
APRL00001,Super Mario BOOM,7405,07/03/2023, 17:11:21,1066
APRL00001,Super Mario BOOM,7409,07/03/2023, 18:15:34,1066
APRL00001,Super Mario BOOM,7410,07/03/2023, 19:10:45,1066
APRL00001,Super Mario BOOM,7413,07/03/2023, 20:13:55,1066
APRL00001,Super Mario BOOM,7414,07/03/2023, 21:11:49,1066
APRL00001,Super Mario BOOM,7419,07/03/2023, 22:12:27,1066
APRL00001,Super Mario BOOM,7423,07/03/2023, 23:13:41,1066
APRL00001,Super Mario BOOM,7430,07/04/2023, 01:12:04,1066
APRL00001,Super Mario BOOM,7441,07/04/2023, 02:57:16,1066
APRL00001,Super Mario BOOM,7441,07/04/2023, 03:27:24,1066
APRL00001,Super Mario BOOM,7441,07/04/2023, 04:16:05,1066
APRL00001,Super Mario BOOM,7449,07/04/2023, 05:12:55,1066
APRL00001,Super Mario BOOM,7451,07/04/2023, 06:17:25,1066
APRL00001,Super Mario BOOM,7452,07/04/2023, 07:12:43,1066
APRL00001,Super Mario BOOM,7455,07/04/2023, 08:16:54,1066
APRL00001,Super Mario BOOM,7460,07/04/2023, 09:13:41,1066
APRL00001,Super Mario BOOM,7461,07/04/2023, 10:14:32,1066
APRL00001,Super Mario BOOM,7462,07/04/2023, 11:11:28,1066
APRL00001,Super Mario BOOM,7462,07/04/2023, 12:25:24,1066
APRL00001,Super Mario BOOM,7464,07/04/2023, 13:23:06,1066
APRL00001,Super Mario BOOM,7465,07/04/2023, 14:12:19,1066
APRL00001,Super Mario BOOM,7468,07/04/2023, 15:13:38,1066
APRL00001,Super Mario BOOM,7474,07/04/2023, 16:16:45,1066
APRL00001,Super Mario BOOM,7476,07/04/2023, 17:11:53,1066
APRL00001,Super Mario BOOM,7480,07/04/2023, 18:16:21,1066
APRL00001,Super Mario BOOM,7483,07/04/2023, 19:10:45,1066
APRL00001,Super Mario BOOM,7487,07/04/2023, 20:13:51,1066
APRL00001,Super Mario BOOM,7491,07/04/2023, 21:12:03,1066
APRL00001,Super Mario BOOM,7496,07/04/2023, 22:12:26,1066
APRL00001,Super Mario BOOM,7498,07/04/2023, 23:12:45,1066
APRL00001,Super Mario BOOM,7501,07/05/2023, 01:13:15,1066
APRL00001,Super Mario BOOM,7503,07/05/2023, 02:56:35,1066
APRL00001,Super Mario BOOM,7504,07/05/2023, 03:26:14,1066
APRL00001,Super Mario BOOM,7506,07/05/2023, 04:16:26,1066
APRL00001,Super Mario BOOM,7507,07/05/2023, 05:13:43,1066
APRL00001,Super Mario BOOM,7509,07/05/2023, 06:17:38,1066
APRL00001,Super Mario BOOM,7509,07/05/2023, 07:13:07,1066
APRL00001,Super Mario BOOM,7509,07/05/2023, 08:17:38,1066
APRL00001,Super Mario BOOM,7512,07/05/2023, 09:13:50,1066
APRL00001,Super Mario BOOM,7517,07/05/2023, 10:14:27,1066
APRL00001,Super Mario BOOM,7520,07/05/2023, 11:11:26,1066
APRL00001,Super Mario BOOM,7523,07/05/2023, 12:28:00,1066
APRL00001,Super Mario BOOM,7524,07/05/2023, 13:25:09,1066
APRL00001,Super Mario BOOM,7524,07/05/2023, 14:13:09,1066
APRL00001,Super Mario BOOM,7530,07/05/2023, 15:14:10,1066
APRL00001,Super Mario BOOM,7535,07/05/2023, 16:17:31,1066
APRL00001,Super Mario BOOM,7537,07/05/2023, 17:12:17,1066
APRL00001,Super Mario BOOM,7540,07/05/2023, 18:16:52,1066
APRL00001,Super Mario BOOM,7541,07/05/2023, 19:11:08,1066
APRL00001,Super Mario BOOM,7542,07/05/2023, 20:14:15,1066
APRL00001,Super Mario BOOM,7543,07/05/2023, 21:12:13,1066
APRL00001,Super Mario BOOM,7546,07/05/2023, 22:13:03,1066
APRL00001,Super Mario BOOM,7547,07/05/2023, 23:13:35,1066
APRL00001,Super Mario BOOM,7554,07/06/2023, 01:13:26,1066
APRL00001,Super Mario BOOM,7557,07/06/2023, 02:58:19,1066
APRL00001,Super Mario BOOM,7557,07/06/2023, 03:29:32,1066
APRL00001,Super Mario BOOM,7557,07/06/2023, 04:16:18,1066
APRL00001,Super Mario BOOM,7558,07/06/2023, 05:13:29,1066
APRL00001,Super Mario BOOM,7560,07/06/2023, 06:17:37,1066
APRL00001,Super Mario BOOM,7561,07/06/2023, 07:13:08,1066
APRL00001,Super Mario BOOM,7563,07/06/2023, 08:16:57,1066
APRL00001,Super Mario BOOM,7564,07/06/2023, 09:13:53,1066
APRL00001,Super Mario BOOM,7565,07/06/2023, 10:14:30,1066
APRL00001,Super Mario BOOM,7566,07/06/2023, 11:11:52,1066
APRL00001,Super Mario BOOM,7569,07/06/2023, 12:26:34,1066
APRL00001,Super Mario BOOM,7573,07/06/2023, 13:29:34,1066
APRL00001,Super Mario BOOM,7574,07/06/2023, 14:12:32,1066
APRL00001,Super Mario BOOM,7575,07/06/2023, 15:14:02,1066
APRL00001,Super Mario BOOM,7577,07/06/2023, 16:17:30,1066
APRL00001,Super Mario BOOM,7581,07/06/2023, 17:12:14,1066
APRL00001,Super Mario BOOM,7585,07/06/2023, 18:15:44,1066
APRL00001,Super Mario BOOM,7591,07/06/2023, 20:13:36,1066
APRL00001,Super Mario BOOM,7594,07/06/2023, 21:12:00,1066
APRL00001,Super Mario BOOM,7600,07/06/2023, 22:12:27,1066
APRL00001,Super Mario BOOM,7602,07/06/2023, 23:13:45,1066
APRL00001,Super Mario BOOM,7605,07/07/2023, 01:13:32,1066
APRL00001,Super Mario BOOM,7612,07/07/2023, 02:55:18,1066
APRL00001,Super Mario BOOM,7613,07/07/2023, 03:24:41,1066
APRL00001,Super Mario BOOM,7619,07/07/2023, 04:15:37,1066
APRL00001,Super Mario BOOM,7624,07/07/2023, 05:12:50,1066
APRL00001,Super Mario BOOM,7628,07/07/2023, 06:17:08,1066
APRL00001,Super Mario BOOM,7630,07/07/2023, 07:12:29,1066
APRL00001,Super Mario BOOM,7633,07/07/2023, 08:16:25,1066
APRL00001,Super Mario BOOM,7639,07/07/2023, 10:14:04,1066
APRL00001,Super Mario BOOM,7639,07/07/2023, 11:10:51,1066
APRL00001,Super Mario BOOM,7643,07/07/2023, 12:25:36,1066
APRL00001,Super Mario BOOM,7646,07/07/2023, 13:21:00,1066
APRL00001,Super Mario BOOM,7649,07/07/2023, 14:11:49,1066
APRL00001,Super Mario BOOM,7651,07/07/2023, 15:13:32,1066
APRL00001,Super Mario BOOM,7654,07/07/2023, 16:16:35,1066
APRL00001,Super Mario BOOM,7656,07/07/2023, 17:11:54,1066
APRL00001,Super Mario BOOM,7658,07/07/2023, 18:15:43,1066
APRL00001,Super Mario BOOM,7660,07/07/2023, 19:09:58,1066
APRL00001,Super Mario BOOM,7663,07/07/2023, 20:13:35,1066
APRL00001,Super Mario BOOM,7665,07/07/2023, 21:11:19,1066
APRL00001,Super Mario BOOM,7668,07/07/2023, 22:12:14,1066
APRL00001,Super Mario BOOM,7670,07/07/2023, 23:12:39,1066
APRL00001,Super Mario BOOM,7680,07/08/2023, 01:12:50,1066
APRL00001,Super Mario BOOM,7685,07/08/2023, 02:55:58,1066
APRL00001,Super Mario BOOM,7688,07/08/2023, 03:26:29,1066
APRL00001,Super Mario BOOM,7689,07/08/2023, 04:14:55,1066
APRL00001,Super Mario BOOM,7690,07/08/2023, 05:11:41,1066
APRL00001,Super Mario BOOM,7693,07/08/2023, 06:15:21,1066
APRL00001,Super Mario BOOM,7695,07/08/2023, 07:11:27,1066
APRL00001,Super Mario BOOM,7697,07/08/2023, 08:14:49,1066
APRL00001,Super Mario BOOM,7699,07/08/2023, 09:11:47,1066
APRL00001,Super Mario BOOM,7699,07/08/2023, 10:12:59,1066
APRL00001,Super Mario BOOM,7699,07/08/2023, 11:10:16,1066
APRL00001,Super Mario BOOM,7701,07/08/2023, 12:22:22,1066
APRL00001,Super Mario BOOM,7704,07/08/2023, 13:16:53,1066
APRL00001,Super Mario BOOM,7706,07/08/2023, 14:10:43,1066
APRL00001,Super Mario BOOM,7711,07/08/2023, 15:12:03,1066
APRL00001,Super Mario BOOM,7712,07/08/2023, 16:14:48,1066
APRL00001,Super Mario BOOM,7715,07/08/2023, 17:10:43,1066
APRL00001,Super Mario BOOM,7723,07/08/2023, 18:14:47,1066
APRL00001,Super Mario BOOM,7728,07/08/2023, 19:09:58,1066
APRL00001,Super Mario BOOM,7737,07/08/2023, 20:12:26,1066
APRL00001,Super Mario BOOM,7740,07/08/2023, 21:10:53,1066
APRL00001,Super Mario BOOM,7744,07/08/2023, 22:11:31,1066
APRL00001,Super Mario BOOM,7746,07/08/2023, 23:12:11,1066
APRL00001,Super Mario BOOM,7749,07/09/2023, 01:16:06,1066
APRL00001,Super Mario BOOM,7755,07/09/2023, 03:04:03,1066
APRL00001,Super Mario BOOM,7757,07/09/2023, 04:14:48,1066
APRL00001,Super Mario BOOM,7761,07/09/2023, 05:12:13,1066
APRL00001,Super Mario BOOM,7765,07/09/2023, 06:15:46,1066
APRL00001,Super Mario BOOM,7766,07/09/2023, 07:11:31,1066
APRL00001,Super Mario BOOM,7769,07/09/2023, 08:14:47,1066
APRL00001,Super Mario BOOM,7770,07/09/2023, 09:12:00,1066
APRL00001,Super Mario BOOM,7773,07/09/2023, 10:12:37,1066
APRL00001,Super Mario BOOM,7775,07/09/2023, 11:10:29,1066
APRL00001,Super Mario BOOM,7780,07/09/2023, 12:22:32,1066
APRL00001,Super Mario BOOM,7782,07/09/2023, 13:17:09,1066
APRL00001,Super Mario BOOM,7783,07/09/2023, 14:10:58,1066
APRL00001,Super Mario BOOM,7788,07/09/2023, 15:12:14,1066
APRL00001,Super Mario BOOM,7791,07/09/2023, 16:15:06,1066
APRL00001,Super Mario BOOM,7795,07/09/2023, 17:10:46,1066
APRL00001,Super Mario BOOM,7798,07/09/2023, 18:14:54,1066
APRL00001,Super Mario BOOM,7801,07/09/2023, 19:10:06,1066
APRL00001,Super Mario BOOM,7805,07/09/2023, 20:12:41,1066
APRL00001,Super Mario BOOM,7809,07/09/2023, 21:11:25,1066
APRL00001,Super Mario BOOM,7814,07/09/2023, 22:11:44,1066
APRL00001,Super Mario BOOM,7820,07/09/2023, 23:12:26,1066
APRL00001,Super Mario BOOM,7828,07/10/2023, 01:10:43,1066
APRL00001,Super Mario BOOM,7834,07/10/2023, 02:59:01,1066
APRL00001,Super Mario BOOM,7834,07/10/2023, 03:29:44,1066
APRL00001,Super Mario BOOM,7837,07/10/2023, 04:15:39,1066
APRL00001,Super Mario BOOM,7839,07/10/2023, 05:13:02,1066
APRL00001,Super Mario BOOM,7842,07/10/2023, 06:17:30,1066
APRL00001,Super Mario BOOM,7843,07/10/2023, 07:13:20,1066
APRL00001,Super Mario BOOM,7843,07/10/2023, 08:17:33,1066
APRL00001,Super Mario BOOM,7846,07/10/2023, 10:14:31,1066
APRL00001,Super Mario BOOM,7846,07/10/2023, 11:11:09,1066
APRL00001,Super Mario BOOM,7849,07/10/2023, 12:25:13,1066
APRL00001,Super Mario BOOM,7852,07/10/2023, 13:22:51,1066
APRL00001,Super Mario BOOM,7853,07/10/2023, 14:12:26,1066
APRL00001,Super Mario BOOM,7858,07/10/2023, 15:13:32,1066
APRL00001,Super Mario BOOM,7861,07/10/2023, 16:17:07,1066
APRL00001,Super Mario BOOM,7864,07/10/2023, 17:11:51,1066
APRL00001,Super Mario BOOM,7867,07/10/2023, 18:15:58,1066
APRL00001,Super Mario BOOM,7869,07/10/2023, 19:10:41,1066
APRL00001,Super Mario BOOM,7873,07/10/2023, 20:13:35,1066
APRL00001,Super Mario BOOM,7881,07/10/2023, 21:11:38,1066
APRL00001,Super Mario BOOM,7884,07/10/2023, 22:12:28,1066
APRL00001,Super Mario BOOM,7886,07/10/2023, 23:12:56,1066
APRL00001,Super Mario BOOM,7894,07/11/2023, 01:04:24,1066
APRL00001,Super Mario BOOM,7899,07/11/2023, 02:48:24,1066
APRL00001,Super Mario BOOM,7900,07/11/2023, 03:18:11,1066
APRL00001,Super Mario BOOM,7904,07/11/2023, 04:15:25,1066
APRL00001,Super Mario BOOM,7906,07/11/2023, 05:12:37,1066
APRL00001,Super Mario BOOM,7908,07/11/2023, 06:16:44,1066
APRL00001,Super Mario BOOM,7909,07/11/2023, 07:12:37,1066
APRL00001,Super Mario BOOM,7912,07/11/2023, 08:16:33,1066
APRL00001,Super Mario BOOM,7915,07/11/2023, 09:13:15,1066
APRL00001,Super Mario BOOM,7915,07/11/2023, 10:14:10,1066
APRL00001,Super Mario BOOM,7917,07/11/2023, 11:10:53,1066
APRL00001,Super Mario BOOM,7918,07/11/2023, 12:26:09,1066
APRL00001,Super Mario BOOM,7921,07/11/2023, 13:22:13,1066
APRL00001,Super Mario BOOM,7921,07/11/2023, 14:12:07,1066
APRL00001,Super Mario BOOM,7928,07/11/2023, 15:13:35,1066
APRL00001,Super Mario BOOM,7932,07/11/2023, 16:16:36,1066
APRL00001,Super Mario BOOM,7934,07/11/2023, 17:11:40,1066
APRL00001,Super Mario BOOM,7935,07/11/2023, 18:15:46,1066
APRL00001,Super Mario BOOM,7941,07/11/2023, 19:10:40,1066
APRL00001,Super Mario BOOM,7942,07/11/2023, 20:13:31,1066
APRL00001,Super Mario BOOM,7945,07/11/2023, 21:11:35,1066
APRL00001,Super Mario BOOM,7951,07/11/2023, 22:12:17,1066
APRL00001,Super Mario BOOM,7955,07/11/2023, 23:12:31,1066
APRL00001,Super Mario BOOM,7965,07/12/2023, 01:10:41,1066
APRL00001,Super Mario BOOM,7970,07/12/2023, 02:54:12,1066
APRL00001,Super Mario BOOM,7971,07/12/2023, 03:22:27,1066
APRL00001,Super Mario BOOM,7972,07/12/2023, 04:15:15,1066
APRL00001,Super Mario BOOM,7976,07/12/2023, 05:12:21,1066
APRL00001,Super Mario BOOM,7976,07/12/2023, 06:16:37,1066
APRL00001,Super Mario BOOM,7976,07/12/2023, 07:12:23,1066
APRL00001,Super Mario BOOM,7977,07/12/2023, 08:16:33,1066
APRL00001,Super Mario BOOM,7977,07/12/2023, 09:12:56,1066
APRL00001,Super Mario BOOM,7978,07/12/2023, 10:13:39,1066
APRL00001,Super Mario BOOM,7978,07/12/2023, 11:10:41,1066
APRL00001,Super Mario BOOM,7979,07/12/2023, 12:25:47,1066
APRL00001,Super Mario BOOM,7985,07/12/2023, 13:23:23,1066
APRL00001,Super Mario BOOM,7992,07/12/2023, 14:12:07,1066
APRL00001,Super Mario BOOM,7999,07/12/2023, 15:13:34,1066
APRL00001,Super Mario BOOM,8002,07/12/2023, 16:16:31,1066
APRL00001,Super Mario BOOM,8004,07/12/2023, 17:11:48,1066
APRL00001,Super Mario BOOM,8007,07/12/2023, 18:15:44,1066
APRL00001,Super Mario BOOM,8009,07/12/2023, 19:10:50,1066
APRL00001,Super Mario BOOM,8012,07/12/2023, 20:13:18,1066
APRL00001,Super Mario BOOM,8015,07/12/2023, 21:11:28,1066
APRL00001,Super Mario BOOM,8018,07/12/2023, 22:12:03,1066
APRL00001,Super Mario BOOM,8022,07/12/2023, 23:12:33,1066
APRL00001,Super Mario BOOM,8034,07/13/2023, 01:12:41,1066
APRL00001,Super Mario BOOM,8041,07/13/2023, 02:57:36,1066
APRL00001,Super Mario BOOM,8042,07/13/2023, 03:26:26,1066
APRL00001,Super Mario BOOM,8042,07/13/2023, 04:15:33,1066
APRL00001,Super Mario BOOM,8047,07/13/2023, 05:12:54,1066
APRL00001,Super Mario BOOM,8053,07/13/2023, 06:16:57,1066
APRL00001,Super Mario BOOM,8055,07/13/2023, 07:12:20,1066
APRL00001,Super Mario BOOM,8058,07/13/2023, 08:16:05,1066
APRL00001,Super Mario BOOM,8058,07/13/2023, 09:13:03,1066
APRL00001,Super Mario BOOM,8059,07/13/2023, 10:13:47,1066
APRL00001,Super Mario BOOM,8062,07/13/2023, 11:11:05,1066
APRL00001,Super Mario BOOM,8062,07/13/2023, 12:26:19,1066
APRL00001,Super Mario BOOM,8063,07/13/2023, 13:24:12,1066
APRL00001,Super Mario BOOM,8068,07/13/2023, 14:11:58,1066
APRL00001,Super Mario BOOM,8069,07/13/2023, 15:13:26,1066
APRL00001,Super Mario BOOM,8070,07/13/2023, 16:16:28,1066
APRL00001,Super Mario BOOM,8073,07/13/2023, 17:11:37,1066
APRL00001,Super Mario BOOM,8077,07/13/2023, 18:15:49,1066
APRL00001,Super Mario BOOM,8079,07/13/2023, 19:09:10,1066
APRL00001,Super Mario BOOM,8082,07/13/2023, 20:13:42,1066
APRL00001,Super Mario BOOM,8087,07/13/2023, 21:11:39,1066
APRL00001,Super Mario BOOM,8089,07/13/2023, 22:12:26,1066
APRL00001,Super Mario BOOM,8093,07/13/2023, 23:13:19,1066
APRL00001,Super Mario BOOM,8096,07/14/2023, 01:12:46,1066
APRL00001,Super Mario BOOM,8100,07/14/2023, 02:56:55,1066
APRL00001,Super Mario BOOM,8101,07/14/2023, 03:24:51,1066
APRL00001,Super Mario BOOM,8103,07/14/2023, 04:15:20,1066
APRL00001,Super Mario BOOM,8107,07/14/2023, 05:12:34,1066
APRL00001,Super Mario BOOM,8108,07/14/2023, 06:17:10,1066
APRL00001,Super Mario BOOM,8109,07/14/2023, 07:12:31,1066
APRL00001,Super Mario BOOM,8109,07/14/2023, 08:15:56,1066
APRL00001,Super Mario BOOM,8111,07/14/2023, 09:12:27,1066
APRL00001,Super Mario BOOM,8112,07/14/2023, 10:13:34,1066
APRL00001,Super Mario BOOM,8113,07/14/2023, 11:10:41,1066
APRL00001,Super Mario BOOM,8115,07/14/2023, 12:24:15,1066
APRL00001,Super Mario BOOM,8118,07/14/2023, 13:20:54,1066
APRL00001,Super Mario BOOM,8118,07/14/2023, 14:11:46,1066
APRL00001,Super Mario BOOM,8120,07/14/2023, 15:13:03,1066
APRL00001,Super Mario BOOM,8122,07/14/2023, 16:15:44,1066
APRL00001,Super Mario BOOM,8123,07/14/2023, 17:10:52,1066
APRL00001,Super Mario BOOM,8125,07/14/2023, 18:15:06,1066
APRL00001,Super Mario BOOM,8127,07/14/2023, 19:10:30,1066
APRL00001,Super Mario BOOM,8132,07/14/2023, 20:13:35,1066
APRL00001,Super Mario BOOM,8132,07/14/2023, 21:11:21,1066
APRL00001,Super Mario BOOM,8135,07/14/2023, 22:12:01,1066
APRL00001,Super Mario BOOM,8138,07/14/2023, 23:12:32,1066
APRL00001,Super Mario BOOM,8142,07/15/2023, 01:10:46,1066
APRL00001,Super Mario BOOM,8146,07/15/2023, 02:59:00,1066
APRL00001,Super Mario BOOM,8146,07/15/2023, 03:30:19,1066
APRL00001,Super Mario BOOM,8147,07/15/2023, 04:14:30,1066
APRL00001,Super Mario BOOM,8149,07/15/2023, 05:12:13,1066
APRL00001,Super Mario BOOM,8151,07/15/2023, 06:15:40,1066
APRL00001,Super Mario BOOM,8156,07/15/2023, 07:11:30,1066
APRL00001,Super Mario BOOM,8156,07/15/2023, 08:14:42,1066
APRL00001,Super Mario BOOM,8158,07/15/2023, 09:11:45,1066
APRL00001,Super Mario BOOM,8160,07/15/2023, 10:12:44,1066
APRL00001,Super Mario BOOM,8161,07/15/2023, 11:10:09,1066
APRL00001,Super Mario BOOM,8165,07/15/2023, 12:22:14,1066
APRL00001,Super Mario BOOM,8168,07/15/2023, 13:17:05,1066
APRL00001,Super Mario BOOM,8168,07/15/2023, 14:10:45,1066
APRL00001,Super Mario BOOM,8169,07/15/2023, 15:12:00,1066
APRL00001,Super Mario BOOM,8171,07/15/2023, 16:14:57,1066
APRL00001,Super Mario BOOM,8173,07/15/2023, 17:10:44,1066
APRL00001,Super Mario BOOM,8175,07/15/2023, 18:14:31,1066
APRL00001,Super Mario BOOM,8179,07/15/2023, 19:09:39,1066
APRL00001,Super Mario BOOM,8181,07/15/2023, 20:12:40,1066
APRL00001,Super Mario BOOM,8186,07/15/2023, 21:10:59,1066
APRL00001,Super Mario BOOM,8188,07/15/2023, 22:11:16,1066
APRL00001,Super Mario BOOM,8192,07/15/2023, 23:11:56,1066
APRL00001,Super Mario BOOM,8199,07/16/2023, 01:19:30,1066
APRL00001,Super Mario BOOM,8205,07/16/2023, 03:07:13,1066
APRL00001,Super Mario BOOM,8207,07/16/2023, 04:14:38,1066
APRL00001,Super Mario BOOM,8207,07/16/2023, 05:11:57,1066
APRL00001,Super Mario BOOM,8211,07/16/2023, 06:15:43,1066
APRL00001,Super Mario BOOM,8212,07/16/2023, 07:11:25,1066
APRL00001,Super Mario BOOM,8216,07/16/2023, 08:14:37,1066
APRL00001,Super Mario BOOM,8218,07/16/2023, 09:11:44,1066
APRL00001,Super Mario BOOM,8219,07/16/2023, 10:12:51,1066
APRL00001,Super Mario BOOM,8222,07/16/2023, 11:10:14,1066
APRL00001,Super Mario BOOM,8227,07/16/2023, 12:21:56,1066
APRL00001,Super Mario BOOM,8230,07/16/2023, 13:16:53,1066
APRL00001,Super Mario BOOM,8236,07/16/2023, 14:10:56,1066
APRL00001,Super Mario BOOM,8239,07/16/2023, 15:12:03,1066
APRL00001,Super Mario BOOM,8247,07/16/2023, 16:14:41,1066
APRL00001,Super Mario BOOM,8253,07/16/2023, 17:10:55,1066
APRL00001,Super Mario BOOM,8258,07/16/2023, 18:14:32,1066
APRL00001,Super Mario BOOM,8262,07/16/2023, 19:10:22,1066
APRL00001,Super Mario BOOM,8264,07/16/2023, 20:12:40,1066
APRL00001,Super Mario BOOM,8267,07/16/2023, 21:10:59,1066
APRL00001,Super Mario BOOM,8274,07/16/2023, 22:11:24,1066
APRL00001,Super Mario BOOM,8283,07/17/2023, 01:14:15,1066
APRL00001,Super Mario BOOM,8291,07/17/2023, 03:01:17,1066
APRL00001,Super Mario BOOM,8295,07/17/2023, 03:32:33,1066
APRL00001,Super Mario BOOM,8295,07/17/2023, 04:15:51,1066
APRL00001,Super Mario BOOM,8298,07/17/2023, 05:12:53,1066
APRL00001,Super Mario BOOM,8301,07/17/2023, 06:17:36,1066
APRL00001,Super Mario BOOM,8303,07/17/2023, 07:12:38,1066
APRL00001,Super Mario BOOM,8307,07/17/2023, 08:17:16,1066
APRL00001,Super Mario BOOM,8308,07/17/2023, 09:13:58,1066
APRL00001,Super Mario BOOM,8311,07/17/2023, 10:14:33,1066
APRL00001,Super Mario BOOM,8313,07/17/2023, 11:11:08,1066
APRL00001,Super Mario BOOM,8315,07/17/2023, 12:27:43,1066
APRL00001,Super Mario BOOM,8319,07/17/2023, 13:23:30,1066
APRL00001,Super Mario BOOM,8321,07/17/2023, 14:12:32,1066
APRL00001,Super Mario BOOM,8324,07/17/2023, 15:13:34,1066
APRL00001,Super Mario BOOM,8326,07/17/2023, 16:16:27,1066
APRL00001,Super Mario BOOM,8331,07/17/2023, 17:11:45,1066
APRL00001,Super Mario BOOM,8335,07/17/2023, 18:16:22,1066
APRL00001,Super Mario BOOM,8337,07/17/2023, 19:10:23,1066
APRL00001,Super Mario BOOM,8339,07/17/2023, 20:13:50,1066
APRL00001,Super Mario BOOM,8339,07/17/2023, 21:11:20,1066
APRL00001,Super Mario BOOM,8343,07/17/2023, 22:11:30,1066
APRL00001,Super Mario BOOM,8346,07/17/2023, 23:12:25,1066
APRL00001,Super Mario BOOM,8354,07/18/2023, 01:26:40,1066
APRL00001,Super Mario BOOM,8357,07/18/2023, 02:57:38,1066
APRL00001,Super Mario BOOM,8359,07/18/2023, 03:22:59,1066
APRL00001,Super Mario BOOM,8361,07/18/2023, 04:14:28,1066
APRL00001,Super Mario BOOM,8365,07/18/2023, 05:11:50,1066
APRL00001,Super Mario BOOM,8366,07/18/2023, 06:15:45,1066
APRL00001,Super Mario BOOM,8367,07/18/2023, 07:12:02,1066
APRL00001,Super Mario BOOM,8369,07/18/2023, 08:15:27,1066
APRL00001,Super Mario BOOM,8370,07/18/2023, 09:12:28,1066
APRL00001,Super Mario BOOM,8371,07/18/2023, 10:13:04,1066
APRL00001,Super Mario BOOM,8373,07/18/2023, 11:10:35,1066
APRL00001,Super Mario BOOM,8376,07/18/2023, 12:24:00,1066
APRL00001,Super Mario BOOM,8376,07/18/2023, 13:19:14,1066
APRL00001,Super Mario BOOM,8378,07/18/2023, 14:11:56,1066
APRL00001,Super Mario BOOM,8383,07/18/2023, 15:12:47,1066
APRL00001,Super Mario BOOM,8386,07/18/2023, 16:16:47,1066
APRL00001,Super Mario BOOM,8388,07/18/2023, 17:11:12,1066
APRL00001,Super Mario BOOM,8388,07/18/2023, 18:15:28,1066
APRL00001,Super Mario BOOM,8389,07/18/2023, 19:09:56,1066
APRL00001,Super Mario BOOM,8393,07/18/2023, 20:13:04,1066
APRL00001,Super Mario BOOM,8396,07/18/2023, 21:10:48,1066
APRL00001,Super Mario BOOM,8399,07/18/2023, 22:10:46,1066
APRL00001,Super Mario BOOM,8402,07/18/2023, 23:11:23,1066
APRL00001,Super Mario BOOM,8409,07/19/2023, 02:06:52,1066
APRL00001,Super Mario BOOM,8413,07/19/2023, 03:52:28,1066
APRL00001,Super Mario BOOM,8416,07/19/2023, 04:19:05,1066
APRL00001,Super Mario BOOM,8418,07/19/2023, 05:11:23,1066
APRL00001,Super Mario BOOM,8421,07/19/2023, 06:15:03,1066
APRL00001,Super Mario BOOM,8423,07/19/2023, 07:11:27,1066
APRL00001,Super Mario BOOM,8423,07/19/2023, 08:14:41,1066
APRL00001,Super Mario BOOM,8425,07/19/2023, 09:11:46,1066
APRL00001,Super Mario BOOM,8427,07/19/2023, 10:12:25,1066
APRL00001,Super Mario BOOM,8430,07/19/2023, 11:10:09,1066
APRL00001,Super Mario BOOM,8432,07/19/2023, 12:21:58,1066
APRL00001,Super Mario BOOM,8434,07/19/2023, 13:16:20,1066
APRL00001,Super Mario BOOM,8436,07/19/2023, 14:11:42,1066
APRL00001,Super Mario BOOM,8440,07/19/2023, 15:12:08,1066
APRL00001,Super Mario BOOM,8442,07/19/2023, 16:14:54,1066
APRL00001,Super Mario BOOM,8444,07/19/2023, 17:10:55,1066
APRL00001,Super Mario BOOM,8451,07/19/2023, 18:14:10,1066
APRL00001,Super Mario BOOM,8453,07/19/2023, 19:09:44,1066
APRL00001,Super Mario BOOM,8453,07/19/2023, 20:11:57,1066
APRL00001,Super Mario BOOM,8455,07/19/2023, 21:10:19,1066
APRL00001,Super Mario BOOM,8461,07/19/2023, 22:10:52,1066
APRL00001,Super Mario BOOM,8462,07/19/2023, 23:11:25,1066
APRL00001,Super Mario BOOM,8466,07/20/2023, 01:02:09,1066
APRL00001,Super Mario BOOM,8475,07/20/2023, 02:30:29,1066
APRL00001,Super Mario BOOM,8478,07/20/2023, 03:11:56,1066
APRL00001,Super Mario BOOM,8482,07/20/2023, 04:13:57,1066
APRL00001,Super Mario BOOM,8482,07/20/2023, 05:11:39,1066
APRL00001,Super Mario BOOM,8483,07/20/2023, 06:15:09,1066
APRL00001,Super Mario BOOM,8485,07/20/2023, 07:11:11,1066
APRL00001,Super Mario BOOM,8486,07/20/2023, 08:14:43,1066
APRL00001,Super Mario BOOM,8487,07/20/2023, 09:11:51,1066
APRL00001,Super Mario BOOM,8487,07/20/2023, 10:13:00,1066
APRL00001,Super Mario BOOM,8487,07/20/2023, 11:10:01,1066
APRL00001,Super Mario BOOM,8489,07/20/2023, 12:23:26,1066
APRL00001,Super Mario BOOM,8489,07/20/2023, 13:16:10,1066
APRL00001,Super Mario BOOM,8491,07/20/2023, 14:11:21,1066
APRL00001,Super Mario BOOM,8494,07/20/2023, 15:12:02,1066
APRL00001,Super Mario BOOM,8494,07/20/2023, 16:14:34,1066
APRL00001,Super Mario BOOM,8496,07/20/2023, 17:10:40,1066
APRL00001,Super Mario BOOM,8498,07/20/2023, 18:14:59,1066
APRL00001,Super Mario BOOM,8502,07/20/2023, 19:09:48,1066
APRL00001,Super Mario BOOM,8503,07/20/2023, 20:12:14,1066
APRL00001,Super Mario BOOM,8503,07/20/2023, 21:10:28,1066
APRL00001,Super Mario BOOM,8504,07/20/2023, 22:10:57,1066
APRL00001,Super Mario BOOM,8505,07/20/2023, 23:11:38,1066
APRL00001,Super Mario BOOM,8506,07/21/2023, 01:02:16,1066
APRL00001,Super Mario BOOM,8512,07/21/2023, 02:32:41,1066
APRL00001,Super Mario BOOM,8514,07/21/2023, 03:11:53,1066
APRL00001,Super Mario BOOM,8516,07/21/2023, 04:13:44,1066
APRL00001,Super Mario BOOM,8519,07/21/2023, 05:11:28,1066
APRL00001,Super Mario BOOM,8520,07/21/2023, 06:15:15,1066
APRL00001,Super Mario BOOM,8521,07/21/2023, 07:11:02,1066
APRL00001,Super Mario BOOM,8521,07/21/2023, 08:14:36,1066
APRL00001,Super Mario BOOM,8523,07/21/2023, 09:11:41,1066
APRL00001,Super Mario BOOM,8526,07/21/2023, 10:12:23,1066
APRL00001,Super Mario BOOM,8527,07/21/2023, 11:09:44,1066
APRL00001,Super Mario BOOM,8530,07/21/2023, 12:21:56,1066
APRL00001,Super Mario BOOM,8530,07/21/2023, 13:20:19,1066
APRL00001,Super Mario BOOM,8531,07/21/2023, 14:11:04,1066
APRL00001,Super Mario BOOM,8534,07/21/2023, 15:12:00,1066
APRL00001,Super Mario BOOM,8536,07/21/2023, 16:14:41,1066
APRL00001,Super Mario BOOM,8536,07/21/2023, 17:10:47,1066
APRL00001,Super Mario BOOM,8541,07/21/2023, 18:14:55,1066
APRL00001,Super Mario BOOM,8542,07/21/2023, 19:09:11,1066
APRL00001,Super Mario BOOM,8542,07/21/2023, 20:11:53,1066
APRL00001,Super Mario BOOM,8542,07/21/2023, 21:10:33,1066
APRL00001,Super Mario BOOM,8544,07/21/2023, 22:10:39,1066
APRL00001,Super Mario BOOM,8546,07/21/2023, 23:11:17,1066
APRL00001,Super Mario BOOM,8551,07/22/2023, 01:02:00,1066
APRL00001,Super Mario BOOM,8552,07/22/2023, 02:29:02,1066
APRL00001,Super Mario BOOM,8552,07/22/2023, 03:11:49,1066
APRL00001,Super Mario BOOM,8553,07/22/2023, 04:13:09,1066
APRL00001,Super Mario BOOM,8555,07/22/2023, 05:10:53,1066
APRL00001,Super Mario BOOM,8558,07/22/2023, 06:14:05,1066
APRL00001,Super Mario BOOM,8561,07/22/2023, 07:10:16,1066
APRL00001,Super Mario BOOM,8565,07/22/2023, 08:13:30,1066
APRL00001,Super Mario BOOM,8568,07/22/2023, 09:11:00,1066
APRL00001,Super Mario BOOM,8569,07/22/2023, 10:11:03,1066
APRL00001,Super Mario BOOM,8572,07/22/2023, 11:09:48,1066
APRL00001,Super Mario BOOM,8575,07/22/2023, 12:20:23,1066
APRL00001,Super Mario BOOM,8576,07/22/2023, 13:12:47,1066
APRL00001,Super Mario BOOM,8583,07/22/2023, 14:09:46,1066
APRL00001,Super Mario BOOM,8586,07/22/2023, 15:10:51,1066
APRL00001,Super Mario BOOM,8590,07/22/2023, 16:13:43,1066
APRL00001,Super Mario BOOM,8592,07/22/2023, 17:09:44,1066
APRL00001,Super Mario BOOM,8596,07/22/2023, 18:13:25,1066
APRL00001,Super Mario BOOM,8598,07/22/2023, 19:09:10,1066
APRL00001,Super Mario BOOM,8601,07/22/2023, 20:11:39,1066
APRL00001,Super Mario BOOM,8607,07/22/2023, 21:09:45,1066
APRL00001,Super Mario BOOM,8613,07/22/2023, 22:10:33,1066
APRL00001,Super Mario BOOM,8617,07/22/2023, 23:10:50,1066
APRL00001,Super Mario BOOM,8625,07/23/2023, 01:06:05,1066
APRL00001,Super Mario BOOM,8630,07/23/2023, 02:35:33,1066
APRL00001,Super Mario BOOM,8632,07/23/2023, 03:12:18,1066
APRL00001,Super Mario BOOM,8635,07/23/2023, 04:13:23,1066
APRL00001,Super Mario BOOM,8639,07/23/2023, 05:11:12,1066
APRL00001,Super Mario BOOM,8644,07/23/2023, 06:14:28,1066
APRL00001,Super Mario BOOM,8648,07/23/2023, 07:10:34,1066
APRL00001,Super Mario BOOM,8652,07/23/2023, 08:13:49,1066
APRL00001,Super Mario BOOM,8653,07/23/2023, 09:10:31,1066
APRL00001,Super Mario BOOM,8656,07/23/2023, 10:11:18,1066
APRL00001,Super Mario BOOM,8656,07/23/2023, 11:09:20,1066
APRL00001,Super Mario BOOM,8658,07/23/2023, 12:20:03,1066
APRL00001,Super Mario BOOM,8662,07/23/2023, 13:12:43,1066
APRL00001,Super Mario BOOM,8666,07/23/2023, 14:09:49,1066
APRL00001,Super Mario BOOM,8671,07/23/2023, 15:11:04,1066
APRL00001,Super Mario BOOM,8677,07/23/2023, 16:13:33,1066
APRL00001,Super Mario BOOM,8682,07/23/2023, 17:09:52,1066
APRL00001,Super Mario BOOM,8691,07/23/2023, 18:13:28,1066
APRL00001,Super Mario BOOM,8695,07/23/2023, 19:09:17,1066
APRL00001,Super Mario BOOM,8701,07/23/2023, 20:11:38,1066
APRL00001,Super Mario BOOM,8703,07/23/2023, 21:10:49,1066
APRL00001,Super Mario BOOM,8709,07/23/2023, 22:10:17,1066
APRL00001,Super Mario BOOM,8711,07/23/2023, 23:11:27,1066
APRL00001,Super Mario BOOM,8712,07/24/2023, 01:02:38,1066
APRL00001,Super Mario BOOM,8718,07/24/2023, 02:32:37,1066
APRL00001,Super Mario BOOM,8719,07/24/2023, 03:12:41,1066
APRL00001,Super Mario BOOM,8719,07/24/2023, 04:14:04,1066
APRL00001,Super Mario BOOM,8720,07/24/2023, 05:11:49,1066
APRL00001,Super Mario BOOM,8724,07/24/2023, 06:15:43,1066
APRL00001,Super Mario BOOM,8728,07/24/2023, 07:11:42,1066
APRL00001,Super Mario BOOM,8730,07/24/2023, 08:15:35,1066
APRL00001,Super Mario BOOM,8732,07/24/2023, 09:12:42,1066
APRL00001,Super Mario BOOM,8732,07/24/2023, 10:12:58,1066
APRL00001,Super Mario BOOM,8733,07/24/2023, 11:10:04,1066
APRL00001,Super Mario BOOM,8736,07/24/2023, 12:22:30,1066
APRL00001,Super Mario BOOM,8739,07/24/2023, 13:16:34,1066
APRL00001,Super Mario BOOM,8739,07/24/2023, 14:11:47,1066
APRL00001,Super Mario BOOM,8746,07/24/2023, 15:12:53,1066
APRL00001,Super Mario BOOM,8747,07/24/2023, 16:14:52,1066
APRL00001,Super Mario BOOM,8751,07/24/2023, 17:11:10,1066
APRL00001,Super Mario BOOM,8752,07/24/2023, 18:16:04,1066
APRL00001,Super Mario BOOM,8755,07/24/2023, 19:10:03,1066
APRL00001,Super Mario BOOM,8758,07/24/2023, 20:11:24,1066
APRL00001,Super Mario BOOM,8761,07/24/2023, 21:11:26,1066
APRL00001,Super Mario BOOM,8769,07/24/2023, 22:11:23,1066
APRL00001,Super Mario BOOM,8773,07/24/2023, 23:11:27,1066
APRL00001,Super Mario BOOM,8778,07/25/2023, 01:08:10,1066
APRL00001,Super Mario BOOM,8782,07/25/2023, 02:43:57,1066
APRL00001,Super Mario BOOM,8786,07/25/2023, 03:12:40,1066
APRL00001,Super Mario BOOM,8786,07/25/2023, 04:13:49,1066
APRL00001,Super Mario BOOM,8787,07/25/2023, 05:11:33,1066
APRL00001,Super Mario BOOM,8789,07/25/2023, 06:15:20,1066
APRL00001,Super Mario BOOM,8791,07/25/2023, 07:11:40,1066
APRL00001,Super Mario BOOM,8793,07/25/2023, 08:15:20,1066
APRL00001,Super Mario BOOM,8793,07/25/2023, 09:12:15,1066
APRL00001,Super Mario BOOM,8796,07/25/2023, 10:12:56,1066
APRL00001,Super Mario BOOM,8796,07/25/2023, 11:10:18,1066
APRL00001,Super Mario BOOM,8798,07/25/2023, 12:23:26,1066
APRL00001,Super Mario BOOM,8799,07/25/2023, 13:18:12,1066
APRL00001,Super Mario BOOM,8801,07/25/2023, 14:11:15,1066
APRL00001,Super Mario BOOM,8801,07/25/2023, 15:12:27,1066
APRL00001,Super Mario BOOM,8806,07/25/2023, 16:14:50,1066
APRL00001,Super Mario BOOM,8808,07/25/2023, 17:10:50,1066
APRL00001,Super Mario BOOM,8808,07/25/2023, 18:13:43,1066
APRL00001,Super Mario BOOM,8812,07/25/2023, 19:08:20,1066
APRL00001,Super Mario BOOM,8813,07/25/2023, 20:11:54,1066
APRL00001,Super Mario BOOM,8821,07/25/2023, 21:10:13,1066
APRL00001,Super Mario BOOM,8824,07/25/2023, 22:10:31,1066
APRL00001,Super Mario BOOM,8829,07/25/2023, 23:09:31,1066
APRL00001,Super Mario BOOM,8832,07/26/2023, 01:01:43,1066
APRL00001,Super Mario BOOM,8834,07/26/2023, 02:33:59,1066
APRL00001,Super Mario BOOM,8837,07/26/2023, 03:12:05,1066
APRL00001,Super Mario BOOM,8839,07/26/2023, 04:13:37,1066
APRL00001,Super Mario BOOM,8841,07/26/2023, 05:11:06,1066
APRL00001,Super Mario BOOM,8842,07/26/2023, 06:14:31,1066
APRL00001,Super Mario BOOM,8842,07/26/2023, 07:11:18,1066
APRL00001,Super Mario BOOM,8844,07/26/2023, 08:14:39,1066
APRL00001,Super Mario BOOM,8845,07/26/2023, 09:11:41,1066
APRL00001,Super Mario BOOM,8850,07/26/2023, 10:12:15,1066
APRL00001,Super Mario BOOM,8851,07/26/2023, 11:09:30,1066
APRL00001,Super Mario BOOM,8861,07/26/2023, 12:21:11,1066
APRL00001,Super Mario BOOM,8863,07/26/2023, 13:15:02,1066
APRL00001,Super Mario BOOM,8866,07/26/2023, 14:10:40,1066
APRL00001,Super Mario BOOM,8867,07/26/2023, 15:11:49,1066
APRL00001,Super Mario BOOM,8870,07/26/2023, 16:14:14,1066
APRL00001,Super Mario BOOM,8875,07/26/2023, 17:10:26,1066
APRL00001,Super Mario BOOM,8877,07/26/2023, 18:14:01,1066
APRL00001,Super Mario BOOM,8884,07/26/2023, 19:09:44,1066
APRL00001,Super Mario BOOM,8887,07/26/2023, 20:11:41,1066
APRL00001,Super Mario BOOM,8891,07/26/2023, 21:10:30,1066
APRL00001,Super Mario BOOM,8895,07/26/2023, 22:10:38,1066
APRL00001,Super Mario BOOM,8898,07/26/2023, 23:11:03,1066
APRL00001,Super Mario BOOM,8902,07/27/2023, 00:55:27,1066
APRL00001,Super Mario BOOM,8907,07/27/2023, 01:56:51,1066
APRL00001,Super Mario BOOM,8908,07/27/2023, 02:24:36,1066
APRL00001,Super Mario BOOM,8910,07/27/2023, 03:11:52,1066
APRL00001,Super Mario BOOM,8911,07/27/2023, 04:13:20,1066
APRL00001,Super Mario BOOM,8913,07/27/2023, 05:10:58,1066
APRL00001,Super Mario BOOM,8913,07/27/2023, 06:14:59,1066
APRL00001,Super Mario BOOM,8915,07/27/2023, 07:11:09,1066
APRL00001,Super Mario BOOM,8916,07/27/2023, 08:14:17,1066
APRL00001,Super Mario BOOM,8917,07/27/2023, 09:11:54,1066
APRL00001,Super Mario BOOM,8919,07/27/2023, 10:12:13,1066
APRL00001,Super Mario BOOM,8924,07/27/2023, 11:09:32,1066
APRL00001,Super Mario BOOM,8926,07/27/2023, 12:22:33,1066
APRL00001,Super Mario BOOM,8928,07/27/2023, 13:14:55,1066
APRL00001,Super Mario BOOM,8928,07/27/2023, 14:10:40,1066
APRL00001,Super Mario BOOM,8934,07/27/2023, 15:11:54,1066
APRL00001,Super Mario BOOM,8937,07/27/2023, 16:14:45,1066
APRL00001,Super Mario BOOM,8939,07/27/2023, 17:10:26,1066
APRL00001,Super Mario BOOM,8941,07/27/2023, 18:13:48,1066
APRL00001,Super Mario BOOM,8944,07/27/2023, 19:09:33,1066
APRL00001,Super Mario BOOM,8945,07/27/2023, 20:11:42,1066
APRL00001,Super Mario BOOM,8948,07/27/2023, 21:09:14,1066
APRL00001,Super Mario BOOM,8950,07/27/2023, 22:10:21,1066
APRL00001,Super Mario BOOM,8956,07/27/2023, 23:11:28,1066
APRL00001,Super Mario BOOM,8961,07/28/2023, 00:56:23,1066
APRL00001,Super Mario BOOM,8965,07/28/2023, 02:01:53,1066
APRL00001,Super Mario BOOM,8968,07/28/2023, 03:11:40,1066
APRL00001,Super Mario BOOM,8970,07/28/2023, 04:13:35,1066
APRL00001,Super Mario BOOM,8972,07/28/2023, 05:11:00,1066
APRL00001,Super Mario BOOM,8973,07/28/2023, 06:14:53,1066
APRL00001,Super Mario BOOM,8974,07/28/2023, 07:11:03,1066
APRL00001,Super Mario BOOM,8976,07/28/2023, 08:14:13,1066
APRL00001,Super Mario BOOM,8976,07/28/2023, 09:11:34,1066
APRL00001,Super Mario BOOM,8976,07/28/2023, 10:11:59,1066
APRL00001,Super Mario BOOM,8977,07/28/2023, 11:09:44,1066
APRL00001,Super Mario BOOM,8979,07/28/2023, 12:21:46,1066
APRL00001,Super Mario BOOM,8983,07/28/2023, 13:14:51,1066
APRL00001,Super Mario BOOM,8984,07/28/2023, 14:10:42,1066
APRL00001,Super Mario BOOM,8989,07/28/2023, 15:11:55,1066
APRL00001,Super Mario BOOM,8990,07/28/2023, 16:14:23,1066
APRL00001,Super Mario BOOM,8992,07/28/2023, 17:10:02,1066
APRL00001,Super Mario BOOM,8995,07/28/2023, 18:13:02,1066
APRL00001,Super Mario BOOM,8999,07/28/2023, 19:09:34,1066
APRL00001,Super Mario BOOM,9005,07/28/2023, 20:11:58,1066
APRL00001,Super Mario BOOM,9005,07/28/2023, 21:10:00,1066
APRL00001,Super Mario BOOM,9007,07/28/2023, 22:10:31,1066
APRL00001,Super Mario BOOM,9010,07/28/2023, 23:11:01,1066
APRL00001,Super Mario BOOM,9014,07/29/2023, 00:56:14,1066
APRL00001,Super Mario BOOM,9014,07/29/2023, 01:57:22,1066
APRL00001,Super Mario BOOM,9015,07/29/2023, 02:25:03,1066
APRL00001,Super Mario BOOM,9017,07/29/2023, 03:11:45,1066
APRL00001,Super Mario BOOM,9018,07/29/2023, 04:12:57,1066
APRL00001,Super Mario BOOM,9021,07/29/2023, 05:10:20,1066
APRL00001,Super Mario BOOM,9026,07/29/2023, 06:13:34,1066
APRL00001,Super Mario BOOM,9027,07/29/2023, 07:09:49,1066
APRL00001,Super Mario BOOM,9030,07/29/2023, 08:12:55,1066
APRL00001,Super Mario BOOM,9036,07/29/2023, 09:10:01,1066
APRL00001,Super Mario BOOM,9036,07/29/2023, 10:10:50,1066
APRL00001,Super Mario BOOM,9038,07/29/2023, 11:09:12,1066
APRL00001,Super Mario BOOM,9039,07/29/2023, 12:19:45,1066
APRL00001,Super Mario BOOM,9042,07/29/2023, 13:11:45,1066
APRL00001,Super Mario BOOM,9045,07/29/2023, 14:09:33,1066
APRL00001,Super Mario BOOM,9048,07/29/2023, 15:10:26,1066
APRL00001,Super Mario BOOM,9053,07/29/2023, 16:13:13,1066
APRL00001,Super Mario BOOM,9056,07/29/2023, 17:09:40,1066
APRL00001,Super Mario BOOM,9059,07/29/2023, 18:12:43,1066
APRL00001,Super Mario BOOM,9064,07/29/2023, 19:09:00,1066
APRL00001,Super Mario BOOM,9071,07/29/2023, 20:10:55,1066
APRL00001,Super Mario BOOM,9077,07/29/2023, 21:09:15,1066
APRL00001,Super Mario BOOM,9082,07/29/2023, 22:10:00,1066
APRL00001,Super Mario BOOM,9084,07/29/2023, 23:10:42,1066
APRL00001,Super Mario BOOM,9091,07/30/2023, 00:59:16,1066
APRL00001,Super Mario BOOM,9099,07/30/2023, 02:02:36,1066
APRL00001,Super Mario BOOM,9099,07/30/2023, 03:11:36,1066
APRL00001,Super Mario BOOM,9103,07/30/2023, 04:12:33,1066
APRL00001,Super Mario BOOM,9104,07/30/2023, 05:10:20,1066
APRL00001,Super Mario BOOM,9107,07/30/2023, 06:13:36,1066
APRL00001,Super Mario BOOM,9111,07/30/2023, 07:09:54,1066
APRL00001,Super Mario BOOM,9113,07/30/2023, 08:12:58,1066
APRL00001,Super Mario BOOM,9117,07/30/2023, 09:10:06,1066
APRL00001,Super Mario BOOM,9120,07/30/2023, 10:11:01,1066
APRL00001,Super Mario BOOM,9121,07/30/2023, 11:09:11,1066
APRL00001,Super Mario BOOM,9122,07/30/2023, 12:20:11,1066
APRL00001,Super Mario BOOM,9125,07/30/2023, 13:12:15,1066
APRL00001,Super Mario BOOM,9127,07/30/2023, 14:09:50,1066
APRL00001,Super Mario BOOM,9133,07/30/2023, 15:10:46,1066
APRL00001,Super Mario BOOM,9136,07/30/2023, 16:13:16,1066
APRL00001,Super Mario BOOM,9143,07/30/2023, 17:09:23,1066
APRL00001,Super Mario BOOM,9147,07/30/2023, 18:13:02,1066
APRL00001,Super Mario BOOM,9149,07/30/2023, 19:09:13,1066
APRL00001,Super Mario BOOM,9150,07/30/2023, 20:11:07,1066
APRL00001,Super Mario BOOM,9153,07/30/2023, 21:09:28,1066
APRL00001,Super Mario BOOM,9153,07/30/2023, 22:10:26,1066
APRL00001,Super Mario BOOM,9155,07/30/2023, 23:11:04,1066
APRL00001,Super Mario BOOM,9164,07/31/2023, 00:58:24,1066
APRL00001,Super Mario BOOM,9168,07/31/2023, 02:04:54,1066
APRL00001,Super Mario BOOM,9169,07/31/2023, 03:12:18,1066
APRL00001,Super Mario BOOM,9170,07/31/2023, 04:13:48,1066
APRL00001,Super Mario BOOM,9172,07/31/2023, 05:11:30,1066
APRL00001,Super Mario BOOM,9175,07/31/2023, 06:15:03,1066
APRL00001,Super Mario BOOM,9175,07/31/2023, 07:11:47,1066
APRL00001,Super Mario BOOM,9177,07/31/2023, 08:15:58,1066
APRL00001,Super Mario BOOM,9182,07/31/2023, 09:12:40,1066
APRL00001,Super Mario BOOM,9183,07/31/2023, 10:12:57,1066
APRL00001,Super Mario BOOM,9186,07/31/2023, 11:10:17,1066
APRL00001,Super Mario BOOM,9190,07/31/2023, 12:23:19,1066
APRL00001,Super Mario BOOM,9193,07/31/2023, 13:17:03,1066
APRL00001,Super Mario BOOM,9193,07/31/2023, 14:11:28,1066
APRL00001,Super Mario BOOM,9196,07/31/2023, 15:13:06,1066
APRL00001,Super Mario BOOM,9198,07/31/2023, 16:15:34,1066
APRL00001,Super Mario BOOM,9201,07/31/2023, 17:10:56,1066
APRL00001,Super Mario BOOM,9202,07/31/2023, 18:14:04,1066
APRL00001,Super Mario BOOM,9202,07/31/2023, 19:09:45,1066
APRL00001,Super Mario BOOM,9207,07/31/2023, 20:11:48,1066
APRL00001,Super Mario BOOM,9209,07/31/2023, 21:10:27,1066
APRL00001,Super Mario BOOM,9209,07/31/2023, 22:10:47,1066
APRL00001,Super Mario BOOM,9210,07/31/2023, 23:11:24,1066
APRL00001,Super Mario BOOM,9219,08/01/2023, 01:03:07,1066
APRL00001,Super Mario BOOM,9221,08/01/2023, 02:34:32,1066
APRL00001,Super Mario BOOM,9223,08/01/2023, 03:12:42,1066
APRL00001,Super Mario BOOM,9226,08/01/2023, 04:13:57,1066
APRL00001,Super Mario BOOM,9227,08/01/2023, 05:11:34,1066
APRL00001,Super Mario BOOM,9231,08/01/2023, 06:15:48,1066
APRL00001,Super Mario BOOM,9232,08/01/2023, 07:11:52,1066
APRL00001,Super Mario BOOM,9233,08/01/2023, 08:14:59,1066
APRL00001,Super Mario BOOM,9233,08/01/2023, 09:12:02,1066
APRL00001,Super Mario BOOM,9236,08/01/2023, 10:12:35,1066
APRL00001,Super Mario BOOM,9241,08/01/2023, 11:09:45,1066
APRL00001,Super Mario BOOM,9243,08/01/2023, 12:22:20,1066
APRL00001,Super Mario BOOM,9246,08/01/2023, 13:14:47,1066
APRL00001,Super Mario BOOM,9246,08/01/2023, 14:10:52,1066
APRL00001,Super Mario BOOM,9249,08/01/2023, 15:12:13,1066
APRL00001,Super Mario BOOM,9251,08/01/2023, 16:14:35,1066
APRL00001,Super Mario BOOM,9255,08/01/2023, 17:10:27,1066
APRL00001,Super Mario BOOM,9257,08/01/2023, 18:14:11,1066
APRL00001,Super Mario BOOM,9263,08/01/2023, 19:09:17,1066
APRL00001,Super Mario BOOM,9267,08/01/2023, 20:12:12,1066
APRL00001,Super Mario BOOM,9269,08/01/2023, 21:10:36,1066
APRL00001,Super Mario BOOM,9270,08/01/2023, 22:10:48,1066
APRL00001,Super Mario BOOM,9273,08/01/2023, 23:11:23,1066
APRL00001,Super Mario BOOM,9277,08/02/2023, 00:55:40,1066
APRL00001,Super Mario BOOM,9277,08/02/2023, 01:56:33,1066
APRL00001,Super Mario BOOM,9277,08/02/2023, 02:24:19,1066
APRL00001,Super Mario BOOM,9279,08/02/2023, 03:11:43,1066
APRL00001,Super Mario BOOM,9280,08/02/2023, 04:13:17,1066
APRL00001,Super Mario BOOM,9281,08/02/2023, 05:11:01,1066
APRL00001,Super Mario BOOM,9282,08/02/2023, 06:14:58,1066
APRL00001,Super Mario BOOM,9283,08/02/2023, 07:11:18,1066
APRL00001,Super Mario BOOM,9285,08/02/2023, 08:14:16,1066
APRL00001,Super Mario BOOM,9287,08/02/2023, 09:11:44,1066
APRL00001,Super Mario BOOM,9289,08/02/2023, 10:12:32,1066
APRL00001,Super Mario BOOM,9292,08/02/2023, 11:09:39,1066
APRL00001,Super Mario BOOM,9294,08/02/2023, 12:21:34,1066
APRL00001,Super Mario BOOM,9294,08/02/2023, 13:14:57,1066
APRL00001,Super Mario BOOM,9296,08/02/2023, 14:11:04,1066
APRL00001,Super Mario BOOM,9297,08/02/2023, 15:11:19,1066
APRL00001,Super Mario BOOM,9300,08/02/2023, 16:14:56,1066
APRL00001,Super Mario BOOM,9303,08/02/2023, 17:10:01,1066
APRL00001,Super Mario BOOM,9308,08/02/2023, 18:13:48,1066
APRL00001,Super Mario BOOM,9309,08/02/2023, 19:09:26,1066
APRL00001,Super Mario BOOM,9316,08/02/2023, 20:11:46,1066
APRL00001,Super Mario BOOM,9318,08/02/2023, 21:10:00,1066
APRL00001,Super Mario BOOM,9323,08/02/2023, 22:10:17,1066
APRL00001,Super Mario BOOM,9327,08/02/2023, 23:10:27,1066
APRL00001,Super Mario BOOM,9333,08/03/2023, 00:58:43,1066
APRL00001,Super Mario BOOM,9334,08/03/2023, 02:00:37,1066
APRL00001,Super Mario BOOM,9335,08/03/2023, 02:30:53,1066
APRL00001,Super Mario BOOM,9337,08/03/2023, 03:11:43,1066
APRL00001,Super Mario BOOM,9341,08/03/2023, 04:13:28,1066
APRL00001,Super Mario BOOM,9344,08/03/2023, 05:11:00,1066
APRL00001,Super Mario BOOM,9345,08/03/2023, 06:14:52,1066
APRL00001,Super Mario BOOM,9346,08/03/2023, 07:11:16,1066
APRL00001,Super Mario BOOM,9348,08/03/2023, 08:14:19,1066
APRL00001,Super Mario BOOM,9353,08/03/2023, 09:11:21,1066
APRL00001,Super Mario BOOM,9357,08/03/2023, 10:12:05,1066
APRL00001,Super Mario BOOM,9360,08/03/2023, 11:10:14,1066
APRL00001,Super Mario BOOM,9363,08/03/2023, 12:21:46,1066
APRL00001,Super Mario BOOM,9366,08/03/2023, 13:14:44,1066
APRL00001,Super Mario BOOM,9367,08/03/2023, 14:10:45,1066
APRL00001,Super Mario BOOM,9368,08/03/2023, 15:11:55,1066
APRL00001,Super Mario BOOM,9369,08/03/2023, 16:13:25,1066
APRL00001,Super Mario BOOM,9372,08/03/2023, 17:10:11,1066
APRL00001,Super Mario BOOM,9375,08/03/2023, 18:13:56,1066
APRL00001,Super Mario BOOM,9376,08/03/2023, 19:09:21,1066
APRL00001,Super Mario BOOM,9378,08/03/2023, 20:11:38,1066
APRL00001,Super Mario BOOM,9381,08/03/2023, 21:09:45,1066
APRL00001,Super Mario BOOM,9385,08/03/2023, 22:10:27,1066
APRL00001,Super Mario BOOM,9387,08/03/2023, 23:10:55,1066
APRL00001,Super Mario BOOM,9392,08/04/2023, 00:58:57,1066
APRL00001,Super Mario BOOM,9395,08/04/2023, 02:01:50,1066
APRL00001,Super Mario BOOM,9397,08/04/2023, 03:11:46,1066
APRL00001,Super Mario BOOM,9399,08/04/2023, 04:13:12,1066
APRL00001,Super Mario BOOM,9402,08/04/2023, 05:11:06,1066
APRL00001,Super Mario BOOM,9404,08/04/2023, 06:14:34,1066
APRL00001,Super Mario BOOM,9406,08/04/2023, 07:10:36,1066
APRL00001,Super Mario BOOM,9408,08/04/2023, 08:14:02,1066
APRL00001,Super Mario BOOM,9410,08/04/2023, 09:11:21,1066
APRL00001,Super Mario BOOM,9413,08/04/2023, 10:11:55,1066
APRL00001,Super Mario BOOM,9415,08/04/2023, 11:09:36,1066
APRL00001,Super Mario BOOM,9419,08/04/2023, 12:21:04,1066
APRL00001,Super Mario BOOM,9420,08/04/2023, 13:13:41,1066
APRL00001,Super Mario BOOM,9422,08/04/2023, 14:10:29,1066
APRL00001,Super Mario BOOM,9426,08/04/2023, 15:11:29,1066
APRL00001,Super Mario BOOM,9429,08/04/2023, 16:14:11,1066
APRL00001,Super Mario BOOM,9430,08/04/2023, 17:10:04,1066
APRL00001,Super Mario BOOM,9433,08/04/2023, 18:13:41,1066
APRL00001,Super Mario BOOM,9434,08/04/2023, 19:09:26,1066
APRL00001,Super Mario BOOM,9437,08/04/2023, 20:11:26,1066
APRL00001,Super Mario BOOM,9437,08/04/2023, 21:09:38,1066
APRL00001,Super Mario BOOM,9443,08/04/2023, 22:10:26,1066
APRL00001,Super Mario BOOM,9445,08/04/2023, 23:10:35,1066
APRL00001,Super Mario BOOM,9449,08/05/2023, 00:55:39,1066
APRL00001,Super Mario BOOM,9452,08/05/2023, 01:57:17,1066
APRL00001,Super Mario BOOM,9454,08/05/2023, 02:24:26,1066
APRL00001,Super Mario BOOM,9455,08/05/2023, 03:11:18,1066
APRL00001,Super Mario BOOM,9460,08/05/2023, 04:13:11,1066
APRL00001,Super Mario BOOM,9462,08/05/2023, 05:10:17,1066
APRL00001,Super Mario BOOM,9463,08/05/2023, 06:13:21,1066
APRL00001,Super Mario BOOM,9465,08/05/2023, 07:09:36,1066
APRL00001,Super Mario BOOM,9466,08/05/2023, 08:12:59,1066
APRL00001,Super Mario BOOM,9467,08/05/2023, 09:10:04,1066
APRL00001,Super Mario BOOM,9470,08/05/2023, 10:10:38,1066
APRL00001,Super Mario BOOM,9471,08/05/2023, 11:08:50,1066
APRL00001,Super Mario BOOM,9474,08/05/2023, 12:19:14,1066
APRL00001,Super Mario BOOM,9476,08/05/2023, 13:11:37,1066
APRL00001,Super Mario BOOM,9476,08/05/2023, 14:09:16,1066
APRL00001,Super Mario BOOM,9481,08/05/2023, 15:10:38,1066
APRL00001,Super Mario BOOM,9490,08/05/2023, 16:13:07,1066
APRL00001,Super Mario BOOM,9491,08/05/2023, 17:09:26,1066
APRL00001,Super Mario BOOM,9494,08/05/2023, 18:12:28,1066
APRL00001,Super Mario BOOM,9495,08/05/2023, 19:08:46,1066
APRL00001,Super Mario BOOM,9497,08/05/2023, 20:10:45,1066
APRL00001,Super Mario BOOM,9502,08/05/2023, 21:09:15,1066
APRL00001,Super Mario BOOM,9503,08/05/2023, 22:09:56,1066
APRL00001,Super Mario BOOM,9506,08/05/2023, 23:10:50,1066
APRL00001,Super Mario BOOM,9508,08/06/2023, 00:53:16,1066
APRL00001,Super Mario BOOM,9511,08/06/2023, 01:52:18,1066
APRL00001,Super Mario BOOM,9511,08/06/2023, 02:20:18,1066
APRL00001,Super Mario BOOM,9511,08/06/2023, 03:11:39,1066
APRL00001,Super Mario BOOM,9512,08/06/2023, 04:12:56,1066
APRL00001,Super Mario BOOM,9514,08/06/2023, 05:10:29,1066
APRL00001,Super Mario BOOM,9516,08/06/2023, 06:13:37,1066
APRL00001,Super Mario BOOM,9519,08/06/2023, 07:10:08,1066
APRL00001,Super Mario BOOM,9522,08/06/2023, 08:13:09,1066
APRL00001,Super Mario BOOM,9526,08/06/2023, 09:10:02,1066
APRL00001,Super Mario BOOM,9527,08/06/2023, 10:11:06,1066
APRL00001,Super Mario BOOM,9530,08/06/2023, 11:09:28,1066
APRL00001,Super Mario BOOM,9531,08/06/2023, 12:18:39,1066
APRL00001,Super Mario BOOM,9536,08/06/2023, 13:12:29,1066
APRL00001,Super Mario BOOM,9537,08/06/2023, 14:09:37,1066
APRL00001,Super Mario BOOM,9541,08/06/2023, 15:10:53,1066
APRL00001,Super Mario BOOM,9549,08/06/2023, 16:14:02,1066
APRL00001,Super Mario BOOM,9550,08/06/2023, 17:09:25,1066
APRL00001,Super Mario BOOM,9552,08/06/2023, 18:12:34,1066
APRL00001,Super Mario BOOM,9555,08/06/2023, 19:08:44,1066
APRL00001,Super Mario BOOM,9561,08/06/2023, 20:11:03,1066
APRL00001,Super Mario BOOM,9567,08/06/2023, 21:09:22,1066
APRL00001,Super Mario BOOM,9574,08/06/2023, 22:09:58,1066
APRL00001,Super Mario BOOM,9577,08/06/2023, 23:10:53,1066
APRL00001,Super Mario BOOM,9579,08/07/2023, 00:58:10,1066
APRL00001,Super Mario BOOM,9580,08/07/2023, 02:02:47,1066
APRL00001,Super Mario BOOM,9583,08/07/2023, 03:11:57,1066
APRL00001,Super Mario BOOM,9589,08/07/2023, 04:13:10,1066
APRL00001,Super Mario BOOM,9591,08/07/2023, 05:10:55,1066
APRL00001,Super Mario BOOM,9594,08/07/2023, 06:14:46,1066
APRL00001,Super Mario BOOM,9594,08/07/2023, 07:11:12,1066
APRL00001,Super Mario BOOM,9597,08/07/2023, 08:14:43,1066
APRL00001,Super Mario BOOM,9599,08/07/2023, 09:12:12,1066
APRL00001,Super Mario BOOM,9599,08/07/2023, 10:12:17,1066
APRL00001,Super Mario BOOM,9599,08/07/2023, 11:09:55,1066
APRL00001,Super Mario BOOM,9602,08/07/2023, 12:22:11,1066
APRL00001,Super Mario BOOM,9604,08/07/2023, 13:14:42,1066
APRL00001,Super Mario BOOM,9609,08/07/2023, 14:10:59,1066
APRL00001,Super Mario BOOM,9613,08/07/2023, 15:12:15,1066
APRL00001,Super Mario BOOM,9619,08/07/2023, 16:14:18,1066
APRL00001,Super Mario BOOM,9622,08/07/2023, 17:10:10,1066
APRL00001,Super Mario BOOM,9626,08/07/2023, 18:13:43,1066
APRL00001,Super Mario BOOM,9628,08/07/2023, 19:09:31,1066
APRL00001,Super Mario BOOM,9631,08/07/2023, 20:11:58,1066
APRL00001,Super Mario BOOM,9634,08/07/2023, 21:10:06,1066
APRL00001,Super Mario BOOM,9634,08/07/2023, 22:10:49,1066
APRL00001,Super Mario BOOM,9637,08/07/2023, 23:10:42,1066
APRL00001,Super Mario BOOM,9643,08/08/2023, 00:56:53,1066
APRL00001,Super Mario BOOM,9648,08/08/2023, 01:59:57,1066
APRL00001,Super Mario BOOM,9649,08/08/2023, 02:31:34,1066
APRL00001,Super Mario BOOM,9651,08/08/2023, 03:11:52,1066
APRL00001,Super Mario BOOM,9652,08/08/2023, 04:13:18,1066
APRL00001,Super Mario BOOM,9654,08/08/2023, 05:10:52,1066
APRL00001,Super Mario BOOM,9654,08/08/2023, 06:14:27,1066
APRL00001,Super Mario BOOM,9654,08/08/2023, 07:10:41,1066
APRL00001,Super Mario BOOM,9654,08/08/2023, 08:14:15,1066
APRL00001,Super Mario BOOM,9655,08/08/2023, 09:11:01,1066
APRL00001,Super Mario BOOM,9655,08/08/2023, 10:12:25,1066
APRL00001,Super Mario BOOM,9657,08/08/2023, 11:09:51,1066
APRL00001,Super Mario BOOM,9658,08/08/2023, 12:21:25,1066
APRL00001,Super Mario BOOM,9660,08/08/2023, 13:14:15,1066
APRL00001,Super Mario BOOM,9661,08/08/2023, 14:10:30,1066
APRL00001,Super Mario BOOM,9665,08/08/2023, 15:12:11,1066
APRL00001,Super Mario BOOM,9673,08/08/2023, 16:14:43,1066
APRL00001,Super Mario BOOM,9673,08/08/2023, 17:11:10,1066
APRL00001,Super Mario BOOM,9675,08/08/2023, 18:14:55,1066
APRL00001,Super Mario BOOM,9676,08/08/2023, 19:09:50,1066
APRL00001,Super Mario BOOM,9677,08/08/2023, 20:12:24,1066
APRL00001,Super Mario BOOM,9682,08/08/2023, 21:10:29,1066
APRL00001,Super Mario BOOM,9687,08/08/2023, 22:10:59,1066
APRL00001,Super Mario BOOM,9690,08/08/2023, 23:11:11,1066
APRL00001,Super Mario BOOM,9695,08/09/2023, 00:57:25,1066
APRL00001,Super Mario BOOM,9696,08/09/2023, 02:00:45,1066
APRL00001,Super Mario BOOM,9697,08/09/2023, 02:32:39,1066
APRL00001,Super Mario BOOM,9698,08/09/2023, 03:11:48,1066
APRL00001,Super Mario BOOM,9700,08/09/2023, 04:13:33,1066
APRL00001,Super Mario BOOM,9704,08/09/2023, 05:10:47,1066
APRL00001,Super Mario BOOM,9705,08/09/2023, 06:15:02,1066
APRL00001,Super Mario BOOM,9707,08/09/2023, 07:11:25,1066
APRL00001,Super Mario BOOM,9708,08/09/2023, 08:15:23,1066
APRL00001,Super Mario BOOM,9709,08/09/2023, 09:12:28,1066
APRL00001,Super Mario BOOM,9709,08/09/2023, 10:12:50,1066
APRL00001,Super Mario BOOM,9709,08/09/2023, 11:10:01,1066
APRL00001,Super Mario BOOM,9710,08/09/2023, 12:23:20,1066
APRL00001,Super Mario BOOM,9713,08/09/2023, 13:16:11,1066
APRL00001,Super Mario BOOM,9717,08/09/2023, 14:11:45,1066
APRL00001,Super Mario BOOM,9717,08/09/2023, 15:13:10,1066
APRL00001,Super Mario BOOM,9717,08/09/2023, 16:16:37,1066
APRL00001,Super Mario BOOM,9721,08/09/2023, 17:11:00,1066
APRL00001,Super Mario BOOM,9724,08/09/2023, 18:14:55,1066
APRL00001,Super Mario BOOM,9726,08/09/2023, 19:09:53,1066
APRL00001,Super Mario BOOM,9727,08/09/2023, 20:12:42,1066
APRL00001,Super Mario BOOM,9730,08/09/2023, 21:10:38,1066
APRL00001,Super Mario BOOM,9732,08/09/2023, 22:10:58,1066
APRL00001,Super Mario BOOM,9733,08/09/2023, 23:11:00,1066
APRL00001,Super Mario BOOM,9738,08/10/2023, 00:58:42,1066
APRL00001,Super Mario BOOM,9738,08/10/2023, 02:06:40,1066
APRL00001,Super Mario BOOM,9741,08/10/2023, 03:11:44,1066
APRL00001,Super Mario BOOM,9743,08/10/2023, 04:13:47,1066
APRL00001,Super Mario BOOM,9744,08/10/2023, 05:11:15,1066
APRL00001,Super Mario BOOM,9745,08/10/2023, 06:15:05,1066
APRL00001,Super Mario BOOM,9745,08/10/2023, 07:11:22,1066
APRL00001,Super Mario BOOM,9748,08/10/2023, 08:15:00,1066
APRL00001,Super Mario BOOM,9749,08/10/2023, 09:12:04,1066
APRL00001,Super Mario BOOM,9751,08/10/2023, 10:12:42,1066
APRL00001,Super Mario BOOM,9752,08/10/2023, 11:10:16,1066
APRL00001,Super Mario BOOM,9754,08/10/2023, 12:22:58,1066
APRL00001,Super Mario BOOM,9755,08/10/2023, 13:16:48,1066
APRL00001,Super Mario BOOM,9757,08/10/2023, 14:11:27,1066
APRL00001,Super Mario BOOM,9762,08/10/2023, 15:12:27,1066
APRL00001,Super Mario BOOM,9764,08/10/2023, 16:14:53,1066
APRL00001,Super Mario BOOM,9767,08/10/2023, 17:10:23,1066
APRL00001,Super Mario BOOM,9773,08/10/2023, 18:14:01,1066
APRL00001,Super Mario BOOM,9780,08/10/2023, 19:09:19,1066
APRL00001,Super Mario BOOM,9782,08/10/2023, 20:11:39,1066
APRL00001,Super Mario BOOM,9784,08/10/2023, 21:10:03,1066
APRL00001,Super Mario BOOM,9785,08/10/2023, 22:10:05,1066
APRL00001,Super Mario BOOM,9789,08/10/2023, 23:10:42,1066
APRL00001,Super Mario BOOM,9794,08/11/2023, 00:45:58,1066
APRL00001,Super Mario BOOM,9796,08/11/2023, 01:41:32,1066
APRL00001,Super Mario BOOM,9797,08/11/2023, 02:15:00,1066
APRL00001,Super Mario BOOM,9797,08/11/2023, 03:11:03,1066
APRL00001,Super Mario BOOM,9800,08/11/2023, 04:13:25,1066
APRL00001,Super Mario BOOM,9800,08/11/2023, 05:10:35,1066
APRL00001,Super Mario BOOM,9801,08/11/2023, 06:14:01,1066
APRL00001,Super Mario BOOM,9801,08/11/2023, 07:10:26,1066
APRL00001,Super Mario BOOM,9803,08/11/2023, 08:13:28,1066
APRL00001,Super Mario BOOM,9803,08/11/2023, 09:10:56,1066
APRL00001,Super Mario BOOM,9803,08/11/2023, 10:11:40,1066
APRL00001,Super Mario BOOM,9803,08/11/2023, 11:09:22,1066
APRL00001,Super Mario BOOM,9806,08/11/2023, 12:19:24,1066
APRL00001,Super Mario BOOM,9809,08/11/2023, 13:12:48,1066
APRL00001,Super Mario BOOM,9811,08/11/2023, 14:09:50,1066
APRL00001,Super Mario BOOM,9814,08/11/2023, 15:11:06,1066
APRL00001,Super Mario BOOM,9815,08/11/2023, 16:12:47,1066
APRL00001,Super Mario BOOM,9819,08/11/2023, 17:09:51,1066
APRL00001,Super Mario BOOM,9821,08/11/2023, 18:13:11,1066
APRL00001,Super Mario BOOM,9823,08/11/2023, 19:08:47,1066
APRL00001,Super Mario BOOM,9826,08/11/2023, 20:11:27,1066
APRL00001,Super Mario BOOM,9832,08/11/2023, 21:09:24,1066
APRL00001,Super Mario BOOM,9835,08/11/2023, 22:10:29,1066
APRL00001,Super Mario BOOM,9839,08/11/2023, 23:10:18,1066
APRL00001,Super Mario BOOM,9846,08/12/2023, 00:44:51,1066
APRL00001,Super Mario BOOM,9847,08/12/2023, 01:40:10,1066
APRL00001,Super Mario BOOM,9848,08/12/2023, 02:13:37,1066
APRL00001,Super Mario BOOM,9850,08/12/2023, 03:11:05,1066
APRL00001,Super Mario BOOM,9854,08/12/2023, 04:12:29,1066
APRL00001,Super Mario BOOM,9858,08/12/2023, 05:09:56,1066
APRL00001,Super Mario BOOM,9859,08/12/2023, 06:12:51,1066
APRL00001,Super Mario BOOM,9863,08/12/2023, 07:09:27,1066
APRL00001,Super Mario BOOM,9865,08/12/2023, 08:12:37,1066
APRL00001,Super Mario BOOM,9865,08/12/2023, 09:09:32,1066
APRL00001,Super Mario BOOM,9868,08/12/2023, 10:10:19,1066
APRL00001,Super Mario BOOM,9869,08/12/2023, 11:08:38,1066
APRL00001,Super Mario BOOM,9870,08/12/2023, 12:18:04,1066
APRL00001,Super Mario BOOM,9873,08/12/2023, 13:11:31,1066
APRL00001,Super Mario BOOM,9873,08/12/2023, 14:09:02,1066
APRL00001,Super Mario BOOM,9876,08/12/2023, 15:09:55,1066
APRL00001,Super Mario BOOM,9879,08/12/2023, 16:12:30,1066
APRL00001,Super Mario BOOM,9883,08/12/2023, 17:09:01,1066
APRL00001,Super Mario BOOM,9887,08/12/2023, 18:12:05,1066
APRL00001,Super Mario BOOM,9891,08/12/2023, 19:08:17,1066
APRL00001,Super Mario BOOM,9893,08/12/2023, 20:10:15,1066
APRL00001,Super Mario BOOM,9896,08/12/2023, 21:08:45,1066
APRL00001,Super Mario BOOM,9896,08/12/2023, 22:09:25,1066
APRL00001,Super Mario BOOM,9898,08/12/2023, 23:10:25,1066
APRL00001,Super Mario BOOM,9901,08/13/2023, 00:49:14,1066
APRL00001,Super Mario BOOM,9902,08/13/2023, 01:44:22,1066
APRL00001,Super Mario BOOM,9904,08/13/2023, 02:15:40,1066
APRL00001,Super Mario BOOM,9909,08/13/2023, 03:10:51,1066
APRL00001,Super Mario BOOM,9914,08/13/2023, 04:12:21,1066
APRL00001,Super Mario BOOM,9915,08/13/2023, 05:10:13,1066
APRL00001,Super Mario BOOM,9916,08/13/2023, 06:12:43,1066
APRL00001,Super Mario BOOM,9922,08/13/2023, 07:09:36,1066
APRL00001,Super Mario BOOM,9924,08/13/2023, 08:12:26,1066
APRL00001,Super Mario BOOM,9925,08/13/2023, 09:10:02,1066
APRL00001,Super Mario BOOM,9926,08/13/2023, 10:10:28,1066
APRL00001,Super Mario BOOM,9928,08/13/2023, 11:08:30,1066
APRL00001,Super Mario BOOM,9930,08/13/2023, 12:17:51,1066
APRL00001,Super Mario BOOM,9930,08/13/2023, 13:11:25,1066
APRL00001,Super Mario BOOM,9931,08/13/2023, 14:09:11,1066
APRL00001,Super Mario BOOM,9936,08/13/2023, 15:10:00,1066
APRL00001,Super Mario BOOM,9938,08/13/2023, 16:12:51,1066
APRL00001,Super Mario BOOM,9943,08/13/2023, 17:09:30,1066
APRL00001,Super Mario BOOM,9950,08/13/2023, 18:12:15,1066
APRL00001,Super Mario BOOM,9952,08/13/2023, 19:08:28,1066
APRL00001,Super Mario BOOM,9957,08/13/2023, 20:10:30,1066
APRL00001,Super Mario BOOM,9957,08/13/2023, 21:09:12,1066
APRL00001,Super Mario BOOM,9960,08/13/2023, 22:09:27,1066
APRL00001,Super Mario BOOM,9961,08/13/2023, 23:10:18,1066
APRL00001,Super Mario BOOM,9962,08/14/2023, 00:47:29,1066
APRL00001,Super Mario BOOM,9963,08/14/2023, 01:43:12,1066
APRL00001,Super Mario BOOM,9964,08/14/2023, 02:16:15,1066
APRL00001,Super Mario BOOM,9965,08/14/2023, 03:11:40,1066
APRL00001,Super Mario BOOM,9968,08/14/2023, 04:13:02,1066
APRL00001,Super Mario BOOM,9968,08/14/2023, 05:10:51,1066
APRL00001,Super Mario BOOM,9971,08/14/2023, 06:14:43,1066
APRL00001,Super Mario BOOM,9972,08/14/2023, 07:10:40,1066
APRL00001,Super Mario BOOM,9974,08/14/2023, 08:14:07,1066
APRL00001,Super Mario BOOM,9977,08/14/2023, 09:11:29,1066
APRL00001,Super Mario BOOM,9977,08/14/2023, 10:11:43,1066
APRL00001,Super Mario BOOM,9978,08/14/2023, 11:09:32,1066
APRL00001,Super Mario BOOM,9979,08/14/2023, 12:20:16,1066
APRL00001,Super Mario BOOM,9980,08/14/2023, 13:13:46,1066
APRL00001,Super Mario BOOM,9981,08/14/2023, 14:10:20,1066
APRL00001,Super Mario BOOM,9982,08/14/2023, 15:10:44,1066
APRL00001,Super Mario BOOM,9983,08/14/2023, 16:12:42,1066
APRL00001,Super Mario BOOM,9985,08/14/2023, 17:09:55,1066
APRL00001,Super Mario BOOM,9986,08/14/2023, 18:13:24,1066
APRL00001,Super Mario BOOM,9995,08/14/2023, 19:09:01,1066
APRL00001,Super Mario BOOM,9998,08/14/2023, 20:11:57,1066
APRL00001,Super Mario BOOM,9998,08/14/2023, 21:10:05,1066
APRL00001,Super Mario BOOM,10003,08/14/2023, 22:10:27,1066
APRL00001,Super Mario BOOM,10004,08/14/2023, 23:10:23,1066
APRL00001,Super Mario BOOM,10009,08/15/2023, 00:46:35,1066
APRL00001,Super Mario BOOM,10010,08/15/2023, 01:42:25,1066
APRL00001,Super Mario BOOM,10011,08/15/2023, 02:15:30,1066
APRL00001,Super Mario BOOM,10016,08/15/2023, 03:11:39,1066
APRL00001,Super Mario BOOM,10017,08/15/2023, 04:13:04,1066
APRL00001,Super Mario BOOM,10020,08/15/2023, 05:10:28,1066
APRL00001,Super Mario BOOM,10024,08/15/2023, 06:14:03,1066
APRL00001,Super Mario BOOM,10026,08/15/2023, 07:10:30,1066
APRL00001,Super Mario BOOM,10028,08/15/2023, 08:14:08,1066
APRL00001,Super Mario BOOM,10029,08/15/2023, 09:11:20,1066
APRL00001,Super Mario BOOM,10030,08/15/2023, 10:11:20,1066
APRL00001,Super Mario BOOM,10031,08/15/2023, 11:09:05,1066
APRL00001,Super Mario BOOM,10033,08/15/2023, 12:19:40,1066
APRL00001,Super Mario BOOM,10037,08/15/2023, 13:12:49,1066
APRL00001,Super Mario BOOM,10040,08/15/2023, 14:09:56,1066
APRL00001,Super Mario BOOM,10043,08/15/2023, 15:11:11,1066
APRL00001,Super Mario BOOM,10044,08/15/2023, 16:14:04,1066
APRL00001,Super Mario BOOM,10051,08/15/2023, 17:10:03,1066
APRL00001,Super Mario BOOM,10051,08/15/2023, 18:13:10,1066
APRL00001,Super Mario BOOM,10054,08/15/2023, 19:08:56,1066
APRL00001,Super Mario BOOM,10055,08/15/2023, 20:11:43,1066
APRL00001,Super Mario BOOM,10057,08/15/2023, 21:09:51,1066
APRL00001,Super Mario BOOM,10061,08/15/2023, 22:10:14,1066
APRL00001,Super Mario BOOM,10065,08/15/2023, 23:10:23,1066
APRL00001,Super Mario BOOM,10066,08/16/2023, 00:46:10,1066
APRL00001,Super Mario BOOM,10069,08/16/2023, 01:41:58,1066
APRL00001,Super Mario BOOM,10072,08/16/2023, 02:15:40,1066
APRL00001,Super Mario BOOM,10073,08/16/2023, 03:11:55,1066
APRL00001,Super Mario BOOM,10075,08/16/2023, 04:13:11,1066
APRL00001,Super Mario BOOM,10076,08/16/2023, 05:10:45,1066
APRL00001,Super Mario BOOM,10079,08/16/2023, 06:14:17,1066
APRL00001,Super Mario BOOM,10082,08/16/2023, 07:10:30,1066
APRL00001,Super Mario BOOM,10083,08/16/2023, 08:14:10,1066
APRL00001,Super Mario BOOM,10083,08/16/2023, 09:11:02,1066
APRL00001,Super Mario BOOM,10084,08/16/2023, 10:11:35,1066
APRL00001,Super Mario BOOM,10085,08/16/2023, 11:09:35,1066
APRL00001,Super Mario BOOM,10085,08/16/2023, 12:19:43,1066
APRL00001,Super Mario BOOM,10087,08/16/2023, 13:13:29,1066
APRL00001,Super Mario BOOM,10087,08/16/2023, 14:10:08,1066
APRL00001,Super Mario BOOM,10089,08/16/2023, 15:11:21,1066
APRL00001,Super Mario BOOM,10090,08/16/2023, 16:14:04,1066
APRL00001,Super Mario BOOM,10094,08/16/2023, 17:09:47,1066
APRL00001,Super Mario BOOM,10096,08/16/2023, 18:13:10,1066
APRL00001,Super Mario BOOM,10101,08/16/2023, 19:09:02,1066
APRL00001,Super Mario BOOM,10102,08/16/2023, 20:11:35,1066
APRL00001,Super Mario BOOM,10103,08/16/2023, 21:09:38,1066
APRL00001,Super Mario BOOM,10107,08/16/2023, 22:10:41,1066
APRL00001,Super Mario BOOM,10108,08/16/2023, 23:10:38,1066
APRL00001,Super Mario BOOM,10113,08/17/2023, 00:45:20,1066
APRL00001,Super Mario BOOM,10117,08/17/2023, 01:40:22,1066
APRL00001,Super Mario BOOM,10119,08/17/2023, 02:14:27,1066
APRL00001,Super Mario BOOM,10122,08/17/2023, 03:11:21,1066
APRL00001,Super Mario BOOM,10123,08/17/2023, 04:12:56,1066
APRL00001,Super Mario BOOM,10124,08/17/2023, 05:10:21,1066
APRL00001,Super Mario BOOM,10124,08/17/2023, 06:14:10,1066
APRL00001,Super Mario BOOM,10126,08/17/2023, 07:10:31,1066
APRL00001,Super Mario BOOM,10130,08/17/2023, 08:14:05,1066
APRL00001,Super Mario BOOM,10133,08/17/2023, 09:10:49,1066
APRL00001,Super Mario BOOM,10133,08/17/2023, 10:11:19,1066
APRL00001,Super Mario BOOM,10133,08/17/2023, 11:09:29,1066
APRL00001,Super Mario BOOM,10133,08/17/2023, 12:19:23,1066
APRL00001,Super Mario BOOM,10136,08/17/2023, 13:12:33,1066
APRL00001,Super Mario BOOM,10136,08/17/2023, 14:10:12,1066
APRL00001,Super Mario BOOM,10138,08/17/2023, 15:10:51,1066
APRL00001,Super Mario BOOM,10139,08/17/2023, 16:14:03,1066
APRL00001,Super Mario BOOM,10141,08/17/2023, 17:09:50,1066
APRL00001,Super Mario BOOM,10143,08/17/2023, 18:13:40,1066
APRL00001,Super Mario BOOM,10146,08/17/2023, 19:09:01,1066
APRL00001,Super Mario BOOM,10150,08/17/2023, 20:11:45,1066
APRL00001,Super Mario BOOM,10152,08/17/2023, 21:09:36,1066
APRL00001,Super Mario BOOM,10154,08/17/2023, 22:10:20,1066
APRL00001,Super Mario BOOM,10157,08/17/2023, 23:11:01,1066
APRL00001,Super Mario BOOM,10160,08/18/2023, 00:45:59,1066
APRL00001,Super Mario BOOM,10163,08/18/2023, 01:41:32,1066
APRL00001,Super Mario BOOM,10164,08/18/2023, 02:15:27,1066
APRL00001,Super Mario BOOM,10165,08/18/2023, 03:11:35,1066
APRL00001,Super Mario BOOM,10165,08/18/2023, 04:13:16,1066
APRL00001,Super Mario BOOM,10171,08/18/2023, 05:10:29,1066
APRL00001,Super Mario BOOM,10172,08/18/2023, 06:13:55,1066
APRL00001,Super Mario BOOM,10172,08/18/2023, 07:10:14,1066
APRL00001,Super Mario BOOM,10176,08/18/2023, 08:13:53,1066
APRL00001,Super Mario BOOM,10177,08/18/2023, 09:10:43,1066
APRL00001,Super Mario BOOM,10178,08/18/2023, 10:11:37,1066
APRL00001,Super Mario BOOM,10178,08/18/2023, 11:09:22,1066
APRL00001,Super Mario BOOM,10178,08/18/2023, 12:19:33,1066
APRL00001,Super Mario BOOM,10181,08/18/2023, 13:13:00,1066
APRL00001,Super Mario BOOM,10185,08/18/2023, 14:09:59,1066
APRL00001,Super Mario BOOM,10186,08/18/2023, 15:11:08,1066
APRL00001,Super Mario BOOM,10187,08/18/2023, 16:14:04,1066
APRL00001,Super Mario BOOM,10190,08/18/2023, 17:09:49,1066
APRL00001,Super Mario BOOM,10192,08/18/2023, 18:13:17,1066
APRL00001,Super Mario BOOM,10196,08/18/2023, 19:09:00,1066
APRL00001,Super Mario BOOM,10198,08/18/2023, 20:11:12,1066
APRL00001,Super Mario BOOM,10201,08/18/2023, 21:09:19,1066
APRL00001,Super Mario BOOM,10203,08/18/2023, 22:10:11,1066
APRL00001,Super Mario BOOM,10204,08/18/2023, 23:10:20,1066
APRL00001,Super Mario BOOM,10207,08/19/2023, 00:44:22,1066
APRL00001,Super Mario BOOM,10209,08/19/2023, 01:38:49,1066
APRL00001,Super Mario BOOM,10210,08/19/2023, 02:12:47,1066
APRL00001,Super Mario BOOM,10211,08/19/2023, 03:11:27,1066
APRL00001,Super Mario BOOM,10216,08/19/2023, 04:12:16,1066
APRL00001,Super Mario BOOM,10217,08/19/2023, 05:10:00,1066
APRL00001,Super Mario BOOM,10219,08/19/2023, 06:12:31,1066
APRL00001,Super Mario BOOM,10220,08/19/2023, 07:09:39,1066
APRL00001,Super Mario BOOM,10223,08/19/2023, 08:12:41,1066
APRL00001,Super Mario BOOM,10224,08/19/2023, 09:09:46,1066
APRL00001,Super Mario BOOM,10229,08/19/2023, 10:10:32,1066
APRL00001,Super Mario BOOM,10232,08/19/2023, 11:08:41,1066
APRL00001,Super Mario BOOM,10235,08/19/2023, 12:17:30,1066
APRL00001,Super Mario BOOM,10236,08/19/2023, 13:11:50,1066
APRL00001,Super Mario BOOM,10240,08/19/2023, 14:09:01,1066
APRL00001,Super Mario BOOM,10243,08/19/2023, 15:10:01,1066
APRL00001,Super Mario BOOM,10249,08/19/2023, 16:12:30,1066
APRL00001,Super Mario BOOM,10251,08/19/2023, 17:09:11,1066
APRL00001,Super Mario BOOM,10256,08/19/2023, 18:12:14,1066
APRL00001,Super Mario BOOM,10258,08/19/2023, 19:08:15,1066
APRL00001,Super Mario BOOM,10259,08/19/2023, 20:10:29,1066
APRL00001,Super Mario BOOM,10262,08/19/2023, 21:09:07,1066
APRL00001,Super Mario BOOM,10267,08/19/2023, 22:09:17,1066
APRL00001,Super Mario BOOM,10271,08/19/2023, 23:10:16,1066
APRL00001,Super Mario BOOM,10279,08/20/2023, 01:43:43,1066
APRL00001,Super Mario BOOM,10280,08/20/2023, 02:15:19,1066
APRL00001,Super Mario BOOM,10285,08/20/2023, 03:11:01,1066
APRL00001,Super Mario BOOM,10287,08/20/2023, 04:12:34,1066
APRL00001,Super Mario BOOM,10289,08/20/2023, 05:09:55,1066
APRL00001,Super Mario BOOM,10290,08/20/2023, 06:13:07,1066
APRL00001,Super Mario BOOM,10291,08/20/2023, 07:09:24,1066
APRL00001,Super Mario BOOM,10293,08/20/2023, 08:12:45,1066
APRL00001,Super Mario BOOM,10298,08/20/2023, 10:10:19,1066
APRL00001,Super Mario BOOM,10301,08/20/2023, 11:08:39,1066
APRL00001,Super Mario BOOM,10302,08/20/2023, 12:17:34,1066
APRL00001,Super Mario BOOM,10305,08/20/2023, 13:11:30,1066
APRL00001,Super Mario BOOM,10308,08/20/2023, 14:09:06,1066
APRL00001,Super Mario BOOM,10311,08/20/2023, 15:10:00,1066
APRL00001,Super Mario BOOM,10315,08/20/2023, 16:12:40,1066
APRL00001,Super Mario BOOM,10318,08/20/2023, 17:08:59,1066
APRL00001,Super Mario BOOM,10321,08/20/2023, 18:12:12,1066
APRL00001,Super Mario BOOM,10324,08/20/2023, 19:09:32,1066
APRL00001,Super Mario BOOM,10331,08/20/2023, 20:10:41,1066
APRL00001,Super Mario BOOM,10333,08/20/2023, 21:09:16,1066
APRL00001,Super Mario BOOM,10334,08/20/2023, 22:09:40,1066
APRL00001,Super Mario BOOM,10339,08/20/2023, 23:10:19,1066
APRL00001,Super Mario BOOM,10346,08/21/2023, 00:46:45,1066
APRL00001,Super Mario BOOM,10349,08/21/2023, 01:42:16,1066
APRL00001,Super Mario BOOM,10352,08/21/2023, 02:15:27,1066
APRL00001,Super Mario BOOM,10352,08/21/2023, 03:11:46,1066
APRL00001,Super Mario BOOM,10354,08/21/2023, 04:13:16,1066
APRL00001,Super Mario BOOM,10354,08/21/2023, 05:10:51,1066
APRL00001,Super Mario BOOM,10354,08/21/2023, 06:14:37,1066
APRL00001,Super Mario BOOM,10357,08/21/2023, 07:10:40,1066
APRL00001,Super Mario BOOM,10358,08/21/2023, 08:14:17,1066
APRL00001,Super Mario BOOM,10359,08/21/2023, 09:11:35,1066
APRL00001,Super Mario BOOM,10360,08/21/2023, 10:11:47,1066
APRL00001,Super Mario BOOM,10362,08/21/2023, 11:09:28,1066
APRL00001,Super Mario BOOM,10363,08/21/2023, 12:20:18,1066
APRL00001,Super Mario BOOM,10364,08/21/2023, 13:14:15,1066
APRL00001,Super Mario BOOM,10365,08/21/2023, 14:10:50,1066
APRL00001,Super Mario BOOM,10366,08/21/2023, 15:11:24,1066
APRL00001,Super Mario BOOM,10368,08/21/2023, 16:14:04,1066
APRL00001,Super Mario BOOM,10373,08/21/2023, 17:10:24,1066
APRL00001,Super Mario BOOM,10374,08/21/2023, 18:12:32,1066
APRL00001,Super Mario BOOM,10376,08/21/2023, 19:09:00,1066
APRL00001,Super Mario BOOM,10380,08/21/2023, 20:11:33,1066
APRL00001,Super Mario BOOM,10382,08/21/2023, 21:09:51,1066
APRL00001,Super Mario BOOM,10384,08/21/2023, 22:10:20,1066
APRL00001,Super Mario BOOM,10385,08/21/2023, 23:10:36,1066
APRL00001,Super Mario BOOM,10387,08/22/2023, 00:47:32,1066
APRL00001,Super Mario BOOM,10389,08/22/2023, 01:43:25,1066
APRL00001,Super Mario BOOM,10390,08/22/2023, 02:16:07,1066
APRL00001,Super Mario BOOM,10390,08/22/2023, 03:11:42,1066
APRL00001,Super Mario BOOM,10394,08/22/2023, 04:12:59,1066
APRL00001,Super Mario BOOM,10395,08/22/2023, 05:10:37,1066
APRL00001,Super Mario BOOM,10400,08/22/2023, 06:14:02,1066
APRL00001,Super Mario BOOM,10401,08/22/2023, 07:10:39,1066
APRL00001,Super Mario BOOM,10401,08/22/2023, 08:14:18,1066
APRL00001,Super Mario BOOM,10403,08/22/2023, 09:11:29,1066
APRL00001,Super Mario BOOM,10404,08/22/2023, 10:11:54,1066
APRL00001,Super Mario BOOM,10405,08/22/2023, 11:09:37,1066
APRL00001,Super Mario BOOM,10405,08/22/2023, 12:20:09,1066
APRL00001,Super Mario BOOM,10405,08/22/2023, 13:13:31,1066
APRL00001,Super Mario BOOM,10406,08/22/2023, 14:10:22,1066
APRL00001,Super Mario BOOM,10408,08/22/2023, 15:11:37,1066
APRL00001,Super Mario BOOM,10408,08/22/2023, 16:13:55,1066
APRL00001,Super Mario BOOM,10410,08/22/2023, 17:10:14,1066
APRL00001,Super Mario BOOM,10411,08/22/2023, 18:13:44,1066
APRL00001,Super Mario BOOM,10414,08/22/2023, 19:09:10,1066
APRL00001,Super Mario BOOM,10417,08/22/2023, 20:11:38,1066
APRL00001,Super Mario BOOM,10422,08/22/2023, 21:09:41,1066
APRL00001,Super Mario BOOM,10424,08/22/2023, 22:10:21,1066
APRL00001,Super Mario BOOM,10427,08/22/2023, 23:10:31,1066
APRL00001,Super Mario BOOM,10430,08/23/2023, 00:46:45,1066
APRL00001,Super Mario BOOM,10431,08/23/2023, 01:42:11,1066
APRL00001,Super Mario BOOM,10432,08/23/2023, 02:15:18,1066
APRL00001,Super Mario BOOM,10434,08/23/2023, 03:11:44,1066
APRL00001,Super Mario BOOM,10436,08/23/2023, 04:12:39,1066
APRL00001,Super Mario BOOM,10438,08/23/2023, 05:10:17,1066
APRL00001,Super Mario BOOM,10439,08/23/2023, 06:14:30,1066
APRL00001,Super Mario BOOM,10441,08/23/2023, 07:10:29,1066
APRL00001,Super Mario BOOM,10443,08/23/2023, 08:14:02,1066
APRL00001,Super Mario BOOM,10443,08/23/2023, 09:11:20,1066
APRL00001,Super Mario BOOM,10444,08/23/2023, 10:11:46,1066
APRL00001,Super Mario BOOM,10447,08/23/2023, 11:09:34,1066
APRL00001,Super Mario BOOM,10447,08/23/2023, 12:20:18,1066
APRL00001,Super Mario BOOM,10447,08/23/2023, 13:13:30,1066
APRL00001,Super Mario BOOM,10450,08/23/2023, 14:10:19,1066
APRL00001,Super Mario BOOM,10453,08/23/2023, 15:11:36,1066
APRL00001,Super Mario BOOM,10453,08/23/2023, 16:14:01,1066
APRL00001,Super Mario BOOM,10456,08/23/2023, 17:09:27,1066
APRL00001,Super Mario BOOM,10460,08/23/2023, 18:11:50,1066
APRL00001,Super Mario BOOM,10462,08/23/2023, 19:09:06,1066
APRL00001,Super Mario BOOM,10464,08/23/2023, 20:11:16,1066
APRL00001,Super Mario BOOM,10467,08/23/2023, 21:09:51,1066
APRL00001,Super Mario BOOM,10469,08/23/2023, 22:10:10,1066
APRL00001,Super Mario BOOM,10471,08/23/2023, 23:10:42,1066
APRL00001,Super Mario BOOM,10474,08/24/2023, 00:46:41,1066
APRL00001,Super Mario BOOM,10477,08/24/2023, 01:42:08,1066
APRL00001,Super Mario BOOM,10477,08/24/2023, 02:16:00,1066
APRL00001,Super Mario BOOM,10480,08/24/2023, 03:11:45,1066
APRL00001,Super Mario BOOM,10484,08/24/2023, 04:12:43,1066
APRL00001,Super Mario BOOM,10484,08/24/2023, 05:10:32,1066
APRL00001,Super Mario BOOM,10487,08/24/2023, 06:14:26,1066
APRL00001,Super Mario BOOM,10488,08/24/2023, 07:10:29,1066
APRL00001,Super Mario BOOM,10488,08/24/2023, 08:14:07,1066
APRL00001,Super Mario BOOM,10489,08/24/2023, 09:11:06,1066
APRL00001,Super Mario BOOM,10490,08/24/2023, 10:11:43,1066
APRL00001,Super Mario BOOM,10491,08/24/2023, 11:09:40,1066
APRL00001,Super Mario BOOM,10493,08/24/2023, 12:20:05,1066
APRL00001,Super Mario BOOM,10494,08/24/2023, 13:13:55,1066
APRL00001,Super Mario BOOM,10495,08/24/2023, 14:10:18,1066
APRL00001,Super Mario BOOM,10497,08/24/2023, 15:11:35,1066
APRL00001,Super Mario BOOM,10504,08/24/2023, 16:14:16,1066
APRL00001,Super Mario BOOM,10506,08/24/2023, 17:10:15,1066
APRL00001,Super Mario BOOM,10511,08/24/2023, 18:13:36,1066
APRL00001,Super Mario BOOM,10513,08/24/2023, 19:09:05,1066
APRL00001,Super Mario BOOM,10515,08/24/2023, 20:11:44,1066
APRL00001,Super Mario BOOM,10518,08/24/2023, 21:09:47,1066
APRL00001,Super Mario BOOM,10523,08/24/2023, 22:10:26,1066
APRL00001,Super Mario BOOM,10525,08/24/2023, 23:10:50,1066
APRL00001,Super Mario BOOM,10528,08/25/2023, 00:47:45,1066
APRL00001,Super Mario BOOM,10531,08/25/2023, 01:44:16,1066
APRL00001,Super Mario BOOM,10531,08/25/2023, 02:17:31,1066
APRL00001,Super Mario BOOM,10533,08/25/2023, 03:11:51,1066
APRL00001,Super Mario BOOM,10535,08/25/2023, 04:13:02,1066
APRL00001,Super Mario BOOM,10537,08/25/2023, 05:10:23,1066
APRL00001,Super Mario BOOM,10538,08/25/2023, 06:14:29,1066
APRL00001,Super Mario BOOM,10538,08/25/2023, 07:10:31,1066
APRL00001,Super Mario BOOM,10538,08/25/2023, 08:14:09,1066
APRL00001,Super Mario BOOM,10538,08/25/2023, 09:10:47,1066
APRL00001,Super Mario BOOM,10538,08/25/2023, 10:11:38,1066
APRL00001,Super Mario BOOM,10542,08/25/2023, 11:09:28,1066
APRL00001,Super Mario BOOM,10544,08/25/2023, 12:19:52,1066
APRL00001,Super Mario BOOM,10546,08/25/2023, 13:13:27,1066
APRL00001,Super Mario BOOM,10549,08/25/2023, 14:10:14,1066
APRL00001,Super Mario BOOM,10552,08/25/2023, 15:11:21,1066
APRL00001,Super Mario BOOM,10554,08/25/2023, 16:13:57,1066
APRL00001,Super Mario BOOM,10557,08/25/2023, 17:09:58,1066
APRL00001,Super Mario BOOM,10560,08/25/2023, 18:13:33,1066
APRL00001,Super Mario BOOM,10565,08/25/2023, 19:08:53,1066
APRL00001,Super Mario BOOM,10568,08/25/2023, 20:11:29,1066
APRL00001,Super Mario BOOM,10573,08/25/2023, 21:09:31,1066
APRL00001,Super Mario BOOM,10574,08/25/2023, 22:10:36,1066
APRL00001,Super Mario BOOM,10576,08/25/2023, 23:11:29,1066
APRL00001,Super Mario BOOM,10583,08/26/2023, 00:45:09,1066
APRL00001,Super Mario BOOM,10585,08/26/2023, 01:40:38,1066
APRL00001,Super Mario BOOM,10586,08/26/2023, 02:14:12,1066
APRL00001,Super Mario BOOM,10589,08/26/2023, 03:10:52,1066
APRL00001,Super Mario BOOM,10592,08/26/2023, 04:12:21,1066
APRL00001,Super Mario BOOM,10595,08/26/2023, 05:10:11,1066
APRL00001,Super Mario BOOM,10599,08/26/2023, 06:13:34,1066
APRL00001,Super Mario BOOM,10599,08/26/2023, 07:09:27,1066
APRL00001,Super Mario BOOM,10600,08/26/2023, 08:12:27,1066
APRL00001,Super Mario BOOM,10602,08/26/2023, 09:09:57,1066
APRL00001,Super Mario BOOM,10605,08/26/2023, 10:11:08,1066
APRL00001,Super Mario BOOM,10605,08/26/2023, 11:08:32,1066
APRL00001,Super Mario BOOM,10608,08/26/2023, 12:17:48,1066
APRL00001,Super Mario BOOM,10610,08/26/2023, 13:11:36,1066
APRL00001,Super Mario BOOM,10613,08/26/2023, 14:09:20,1066
APRL00001,Super Mario BOOM,10616,08/26/2023, 15:10:12,1066
APRL00001,Super Mario BOOM,10619,08/26/2023, 16:12:39,1066
APRL00001,Super Mario BOOM,10623,08/26/2023, 17:09:17,1066
APRL00001,Super Mario BOOM,10625,08/26/2023, 18:12:45,1066
APRL00001,Super Mario BOOM,10627,08/26/2023, 19:08:37,1066
APRL00001,Super Mario BOOM,10633,08/26/2023, 20:10:31,1066
APRL00001,Super Mario BOOM,10641,08/26/2023, 21:09:20,1066
APRL00001,Super Mario BOOM,10644,08/26/2023, 22:09:34,1066
APRL00001,Super Mario BOOM,10647,08/26/2023, 23:10:33,1066
APRL00001,Super Mario BOOM,10652,08/27/2023, 00:50:40,1066
APRL00001,Super Mario BOOM,10656,08/27/2023, 01:47:16,1066
APRL00001,Super Mario BOOM,10659,08/27/2023, 02:17:31,1066
APRL00001,Super Mario BOOM,10659,08/27/2023, 03:11:16,1066
APRL00001,Super Mario BOOM,10660,08/27/2023, 04:12:32,1066
APRL00001,Super Mario BOOM,10661,08/27/2023, 05:10:05,1066
APRL00001,Super Mario BOOM,10662,08/27/2023, 06:13:37,1066
APRL00001,Super Mario BOOM,10664,08/27/2023, 07:09:39,1066
APRL00001,Super Mario BOOM,10668,08/27/2023, 08:12:56,1066
APRL00001,Super Mario BOOM,10669,08/27/2023, 09:10:23,1066
APRL00001,Super Mario BOOM,10671,08/27/2023, 10:10:36,1066
APRL00001,Super Mario BOOM,10672,08/27/2023, 11:08:37,1066
APRL00001,Super Mario BOOM,10674,08/27/2023, 12:18:24,1066
APRL00001,Super Mario BOOM,10677,08/27/2023, 13:11:24,1066
APRL00001,Super Mario BOOM,10679,08/27/2023, 14:09:21,1066
APRL00001,Super Mario BOOM,10684,08/27/2023, 15:09:57,1066
APRL00001,Super Mario BOOM,10687,08/27/2023, 16:12:37,1066
APRL00001,Super Mario BOOM,10689,08/27/2023, 17:09:15,1066
APRL00001,Super Mario BOOM,10693,08/27/2023, 18:12:30,1066
APRL00001,Super Mario BOOM,10697,08/27/2023, 19:08:30,1066
APRL00001,Super Mario BOOM,10699,08/27/2023, 20:10:45,1066
APRL00001,Super Mario BOOM,10701,08/27/2023, 21:09:01,1066
APRL00001,Super Mario BOOM,10705,08/27/2023, 22:09:48,1066
APRL00001,Super Mario BOOM,10707,08/27/2023, 23:10:25,1066
APRL00001,Super Mario BOOM,10711,08/28/2023, 00:48:31,1066
APRL00001,Super Mario BOOM,10712,08/28/2023, 01:44:29,1066
APRL00001,Super Mario BOOM,10712,08/28/2023, 02:17:27,1066
APRL00001,Super Mario BOOM,10715,08/28/2023, 03:12:01,1066
APRL00001,Super Mario BOOM,10716,08/28/2023, 04:13:25,1066
APRL00001,Super Mario BOOM,10717,08/28/2023, 05:11:09,1066
APRL00001,Super Mario BOOM,10720,08/28/2023, 06:14:46,1066
APRL00001,Super Mario BOOM,10720,08/28/2023, 07:11:07,1066
APRL00001,Super Mario BOOM,10720,08/28/2023, 08:15:07,1066
APRL00001,Super Mario BOOM,10721,08/28/2023, 09:11:49,1066
APRL00001,Super Mario BOOM,10723,08/28/2023, 10:12:31,1066
APRL00001,Super Mario BOOM,10724,08/28/2023, 11:09:35,1066
APRL00001,Super Mario BOOM,10724,08/28/2023, 12:20:53,1066
APRL00001,Super Mario BOOM,10725,08/28/2023, 13:14:08,1066
APRL00001,Super Mario BOOM,10725,08/28/2023, 14:09:57,1066
APRL00001,Super Mario BOOM,10729,08/28/2023, 15:11:52,1066
APRL00001,Super Mario BOOM,10732,08/28/2023, 16:14:17,1066
APRL00001,Super Mario BOOM,10732,08/28/2023, 17:10:15,1066
APRL00001,Super Mario BOOM,10734,08/28/2023, 18:13:55,1066
APRL00001,Super Mario BOOM,10737,08/28/2023, 19:09:12,1066
APRL00001,Super Mario BOOM,10739,08/28/2023, 20:11:42,1066
APRL00001,Super Mario BOOM,10742,08/28/2023, 21:09:46,1066
APRL00001,Super Mario BOOM,10744,08/28/2023, 22:10:27,1066
APRL00001,Super Mario BOOM,10746,08/28/2023, 23:10:42,1066
APRL00001,Super Mario BOOM,10753,08/29/2023, 00:48:00,1066
APRL00001,Super Mario BOOM,10753,08/29/2023, 01:44:25,1066
APRL00001,Super Mario BOOM,10756,08/29/2023, 02:46:51,1066
APRL00001,Super Mario BOOM,10757,08/29/2023, 03:12:36,1066
APRL00001,Super Mario BOOM,10759,08/29/2023, 04:12:59,1066
APRL00001,Super Mario BOOM,10761,08/29/2023, 05:11:11,1066
APRL00001,Super Mario BOOM,10764,08/29/2023, 06:14:40,1066
APRL00001,Super Mario BOOM,10764,08/29/2023, 07:10:34,1066
APRL00001,Super Mario BOOM,10766,08/29/2023, 08:14:39,1066
APRL00001,Super Mario BOOM,10766,08/29/2023, 09:11:43,1066
APRL00001,Super Mario BOOM,10768,08/29/2023, 10:11:50,1066
APRL00001,Super Mario BOOM,10768,08/29/2023, 11:09:41,1066
APRL00001,Super Mario BOOM,10773,08/29/2023, 12:20:46,1066
APRL00001,Super Mario BOOM,10773,08/29/2023, 13:14:31,1066
APRL00001,Super Mario BOOM,10773,08/29/2023, 14:10:47,1066
APRL00001,Super Mario BOOM,10776,08/29/2023, 15:11:41,1066
APRL00001,Super Mario BOOM,10777,08/29/2023, 16:14:16,1066
APRL00001,Super Mario BOOM,10778,08/29/2023, 17:10:26,1066
APRL00001,Super Mario BOOM,10782,08/29/2023, 18:14:04,1066
APRL00001,Super Mario BOOM,10784,08/29/2023, 19:09:13,1066
APRL00001,Super Mario BOOM,10786,08/29/2023, 20:12:07,1066
APRL00001,Super Mario BOOM,10790,08/29/2023, 21:10:01,1066
APRL00001,Super Mario BOOM,10792,08/29/2023, 22:10:20,1066
APRL00001,Super Mario BOOM,10794,08/29/2023, 23:09:41,1066
APRL00001,Super Mario BOOM,10796,08/30/2023, 00:47:48,1066
APRL00001,Super Mario BOOM,10799,08/30/2023, 01:44:05,1066
APRL00001,Super Mario BOOM,10800,08/30/2023, 02:16:44,1066
APRL00001,Super Mario BOOM,10802,08/30/2023, 03:11:49,1066
APRL00001,Super Mario BOOM,10802,08/30/2023, 04:13:09,1066
APRL00001,Super Mario BOOM,10802,08/30/2023, 05:10:57,1066
APRL00001,Super Mario BOOM,10803,08/30/2023, 06:14:31,1066
APRL00001,Super Mario BOOM,10805,08/30/2023, 07:10:45,1066
APRL00001,Super Mario BOOM,10805,08/30/2023, 08:14:22,1066
APRL00001,Super Mario BOOM,10808,08/30/2023, 09:11:26,1066
APRL00001,Super Mario BOOM,10811,08/30/2023, 10:11:57,1066
APRL00001,Super Mario BOOM,10811,08/30/2023, 11:09:46,1066
APRL00001,Super Mario BOOM,10811,08/30/2023, 12:20:32,1066
APRL00001,Super Mario BOOM,10812,08/30/2023, 13:14:02,1066
APRL00001,Super Mario BOOM,10814,08/30/2023, 14:10:21,1066
APRL00001,Super Mario BOOM,10815,08/30/2023, 15:11:54,1066
APRL00001,Super Mario BOOM,10819,08/30/2023, 16:14:11,1066
APRL00001,Super Mario BOOM,10820,08/30/2023, 17:10:16,1066
APRL00001,Super Mario BOOM,10825,08/30/2023, 18:14:05,1066
APRL00001,Super Mario BOOM,10827,08/30/2023, 19:09:10,1066
APRL00001,Super Mario BOOM,10828,08/30/2023, 20:12:06,1066
APRL00001,Super Mario BOOM,10830,08/30/2023, 21:11:22,1066
APRL00001,Super Mario BOOM,10831,08/30/2023, 22:10:28,1066
APRL00001,Super Mario BOOM,10832,08/30/2023, 23:10:44,1066
APRL00001,Super Mario BOOM,10833,08/31/2023, 00:48:17,1066
APRL00001,Super Mario BOOM,10834,08/31/2023, 01:44:18,1066
APRL00001,Super Mario BOOM,10834,08/31/2023, 02:17:26,1066
APRL00001,Super Mario BOOM,10836,08/31/2023, 03:11:46,1066
APRL00001,Super Mario BOOM,10836,08/31/2023, 04:13:31,1066
APRL00001,Super Mario BOOM,10837,08/31/2023, 05:10:43,1066
APRL00001,Super Mario BOOM,10841,08/31/2023, 06:14:34,1066
APRL00001,Super Mario BOOM,10842,08/31/2023, 07:10:39,1066
APRL00001,Super Mario BOOM,10842,08/31/2023, 08:14:32,1066
APRL00001,Super Mario BOOM,10843,08/31/2023, 09:11:42,1066
APRL00001,Super Mario BOOM,10843,08/31/2023, 10:11:49,1066
APRL00001,Super Mario BOOM,10845,08/31/2023, 11:09:27,1066
APRL00001,Super Mario BOOM,10846,08/31/2023, 12:20:32,1066
APRL00001,Super Mario BOOM,10847,08/31/2023, 13:14:05,1066
APRL00001,Super Mario BOOM,10850,08/31/2023, 14:10:58,1066
APRL00001,Super Mario BOOM,10852,08/31/2023, 15:11:55,1066
APRL00001,Super Mario BOOM,10853,08/31/2023, 16:14:21,1066
APRL00001,Super Mario BOOM,10855,08/31/2023, 17:10:15,1066
APRL00001,Super Mario BOOM,10859,08/31/2023, 18:13:53,1066
APRL00001,Super Mario BOOM,10860,08/31/2023, 19:08:25,1066
APRL00001,Super Mario BOOM,10861,08/31/2023, 20:11:55,1066
APRL00001,Super Mario BOOM,10864,08/31/2023, 21:10:16,1066
APRL00001,Super Mario BOOM,10870,08/31/2023, 22:10:22,1066
APRL00001,Super Mario BOOM,10874,08/31/2023, 23:11:24,1066
APRL00001,Super Mario BOOM,10877,09/01/2023, 00:51:48,1066
APRL00001,Super Mario BOOM,10880,09/01/2023, 01:52:10,1066
APRL00001,Super Mario BOOM,10883,09/01/2023, 02:21:43,1066
APRL00001,Super Mario BOOM,10883,09/01/2023, 03:11:53,1066
APRL00001,Super Mario BOOM,10887,09/01/2023, 04:13:32,1066
APRL00001,Super Mario BOOM,10889,09/01/2023, 05:11:03,1066
APRL00001,Super Mario BOOM,10892,09/01/2023, 06:14:44,1066
APRL00001,Super Mario BOOM,10894,09/01/2023, 07:10:40,1066
APRL00001,Super Mario BOOM,10895,09/01/2023, 08:14:13,1066
APRL00001,Super Mario BOOM,10895,09/01/2023, 09:11:35,1066
APRL00001,Super Mario BOOM,10898,09/01/2023, 10:12:09,1066
APRL00001,Super Mario BOOM,10901,09/01/2023, 11:09:44,1066
APRL00001,Super Mario BOOM,10902,09/01/2023, 12:20:15,1066
APRL00001,Super Mario BOOM,10907,09/01/2023, 13:13:36,1066
APRL00001,Super Mario BOOM,10909,09/01/2023, 14:10:58,1066
APRL00001,Super Mario BOOM,10913,09/01/2023, 15:11:31,1066
APRL00001,Super Mario BOOM,10915,09/01/2023, 16:14:06,1066
APRL00001,Super Mario BOOM,10919,09/01/2023, 17:10:30,1066
APRL00001,Super Mario BOOM,10925,09/01/2023, 18:12:19,1066
APRL00001,Super Mario BOOM,10928,09/01/2023, 19:08:58,1066
APRL00001,Super Mario BOOM,10932,09/01/2023, 20:11:32,1066
APRL00001,Super Mario BOOM,10933,09/01/2023, 21:09:50,1066
APRL00001,Super Mario BOOM,10935,09/01/2023, 22:10:19,1066
APRL00001,Super Mario BOOM,10939,09/01/2023, 23:10:48,1066
APRL00001,Super Mario BOOM,10940,09/02/2023, 00:45:51,1066
APRL00001,Super Mario BOOM,10940,09/02/2023, 01:40:54,1066
APRL00001,Super Mario BOOM,10940,09/02/2023, 02:14:19,1066
APRL00001,Super Mario BOOM,10943,09/02/2023, 03:11:11,1066
APRL00001,Super Mario BOOM,10946,09/02/2023, 04:12:31,1066
APRL00001,Super Mario BOOM,10946,09/02/2023, 05:10:13,1066
APRL00001,Super Mario BOOM,10948,09/02/2023, 06:13:17,1066
APRL00001,Super Mario BOOM,10949,09/02/2023, 07:09:37,1066
APRL00001,Super Mario BOOM,10951,09/02/2023, 08:12:42,1066
APRL00001,Super Mario BOOM,10952,09/02/2023, 09:10:05,1066
APRL00001,Super Mario BOOM,10952,09/02/2023, 10:10:24,1066
APRL00001,Super Mario BOOM,10954,09/02/2023, 11:08:46,1066
APRL00001,Super Mario BOOM,10960,09/02/2023, 12:18:27,1066
APRL00001,Super Mario BOOM,10961,09/02/2023, 13:11:25,1066
APRL00001,Super Mario BOOM,10963,09/02/2023, 14:09:23,1066
APRL00001,Super Mario BOOM,10968,09/02/2023, 15:10:02,1066
APRL00001,Super Mario BOOM,10970,09/02/2023, 16:12:40,1066
APRL00001,Super Mario BOOM,10974,09/02/2023, 17:09:14,1066
APRL00001,Super Mario BOOM,10975,09/02/2023, 18:12:33,1066
APRL00001,Super Mario BOOM,10979,09/02/2023, 19:08:26,1066
APRL00001,Super Mario BOOM,10980,09/02/2023, 20:10:42,1066
APRL00001,Super Mario BOOM,10983,09/02/2023, 21:09:17,1066
APRL00001,Super Mario BOOM,10987,09/02/2023, 22:09:35,1066
APRL00001,Super Mario BOOM,10993,09/02/2023, 23:10:18,1066
APRL00001,Super Mario BOOM,10996,09/03/2023, 00:51:01,1066
APRL00001,Super Mario BOOM,10997,09/03/2023, 01:48:09,1066
APRL00001,Super Mario BOOM,11003,09/03/2023, 02:18:01,1066
APRL00001,Super Mario BOOM,11005,09/03/2023, 03:11:25,1066
APRL00001,Super Mario BOOM,11007,09/03/2023, 04:12:28,1066
APRL00001,Super Mario BOOM,11010,09/03/2023, 05:10:41,1066
APRL00001,Super Mario BOOM,11012,09/03/2023, 06:13:33,1066
APRL00001,Super Mario BOOM,11013,09/03/2023, 07:09:54,1066
APRL00001,Super Mario BOOM,11016,09/03/2023, 08:12:42,1066
APRL00001,Super Mario BOOM,11018,09/03/2023, 09:10:09,1066
APRL00001,Super Mario BOOM,11019,09/03/2023, 10:10:52,1066
APRL00001,Super Mario BOOM,11021,09/03/2023, 11:08:33,1066
APRL00001,Super Mario BOOM,11022,09/03/2023, 12:18:27,1066
APRL00001,Super Mario BOOM,11025,09/03/2023, 13:11:47,1066
APRL00001,Super Mario BOOM,11027,09/03/2023, 14:09:22,1066
APRL00001,Super Mario BOOM,11030,09/03/2023, 15:10:44,1066
APRL00001,Super Mario BOOM,11034,09/03/2023, 16:12:45,1066
APRL00001,Super Mario BOOM,11038,09/03/2023, 17:10:13,1066
APRL00001,Super Mario BOOM,11045,09/03/2023, 18:12:37,1066
APRL00001,Super Mario BOOM,11046,09/03/2023, 19:08:25,1066
APRL00001,Super Mario BOOM,11051,09/03/2023, 20:10:58,1066
APRL00001,Super Mario BOOM,11056,09/03/2023, 21:09:12,1066
APRL00001,Super Mario BOOM,11056,09/03/2023, 22:10:08,1066
APRL00001,Super Mario BOOM,11056,09/03/2023, 23:10:51,1066
APRL00001,Super Mario BOOM,11057,09/04/2023, 00:48:57,1066
APRL00001,Super Mario BOOM,11058,09/04/2023, 01:45:18,1066
APRL00001,Super Mario BOOM,11060,09/04/2023, 02:18:03,1066
APRL00001,Super Mario BOOM,11061,09/04/2023, 03:11:49,1066
APRL00001,Super Mario BOOM,11063,09/04/2023, 04:13:19,1066
APRL00001,Super Mario BOOM,11066,09/04/2023, 05:11:07,1066
APRL00001,Super Mario BOOM,11066,09/04/2023, 06:15:05,1066
APRL00001,Super Mario BOOM,11069,09/04/2023, 07:11:49,1066
APRL00001,Super Mario BOOM,11069,09/04/2023, 08:14:47,1066
APRL00001,Super Mario BOOM,11071,09/04/2023, 09:12:07,1066
APRL00001,Super Mario BOOM,11071,09/04/2023, 10:12:23,1066
APRL00001,Super Mario BOOM,11074,09/04/2023, 11:09:36,1066
APRL00001,Super Mario BOOM,11075,09/04/2023, 12:20:40,1066
APRL00001,Super Mario BOOM,11079,09/04/2023, 13:14:02,1066
APRL00001,Super Mario BOOM,11080,09/04/2023, 14:10:49,1066
APRL00001,Super Mario BOOM,11084,09/04/2023, 15:11:33,1066
APRL00001,Super Mario BOOM,11090,09/04/2023, 16:13:38,1066
APRL00001,Super Mario BOOM,11093,09/04/2023, 17:10:06,1066
APRL00001,Super Mario BOOM,11097,09/04/2023, 18:13:28,1066
APRL00001,Super Mario BOOM,11099,09/04/2023, 19:08:46,1066
APRL00001,Super Mario BOOM,11100,09/04/2023, 20:11:27,1066
APRL00001,Super Mario BOOM,11102,09/04/2023, 21:09:36,1066
APRL00001,Super Mario BOOM,11103,09/04/2023, 22:10:34,1066
APRL00001,Super Mario BOOM,11105,09/04/2023, 23:11:44,1066
APRL00001,Super Mario BOOM,11107,09/05/2023, 00:47:21,1066
APRL00001,Super Mario BOOM,11108,09/05/2023, 01:42:49,1066
APRL00001,Super Mario BOOM,11108,09/05/2023, 02:16:19,1066
APRL00001,Super Mario BOOM,11109,09/05/2023, 03:12:11,1066
APRL00001,Super Mario BOOM,11111,09/05/2023, 05:11:00,1066
APRL00001,Super Mario BOOM,11114,09/05/2023, 06:14:18,1066
APRL00001,Super Mario BOOM,11116,09/05/2023, 07:10:31,1066
APRL00001,Super Mario BOOM,11117,09/05/2023, 08:14:34,1066
APRL00001,Super Mario BOOM,11117,09/05/2023, 09:11:42,1066
APRL00001,Super Mario BOOM,11118,09/05/2023, 10:11:56,1066
APRL00001,Super Mario BOOM,11119,09/05/2023, 11:09:55,1066
APRL00001,Super Mario BOOM,11122,09/05/2023, 12:20:37,1066
APRL00001,Super Mario BOOM,11124,09/05/2023, 13:14:21,1066
APRL00001,Super Mario BOOM,11130,09/05/2023, 14:10:52,1066
APRL00001,Super Mario BOOM,11132,09/05/2023, 15:11:47,1066
APRL00001,Super Mario BOOM,11134,09/05/2023, 16:14:26,1066
APRL00001,Super Mario BOOM,11138,09/05/2023, 17:10:18,1066
APRL00001,Super Mario BOOM,11140,09/05/2023, 18:13:57,1066
APRL00001,Super Mario BOOM,11141,09/05/2023, 19:09:15,1066
APRL00001,Super Mario BOOM,11147,09/05/2023, 20:11:50,1066
APRL00001,Super Mario BOOM,11147,09/05/2023, 21:10:02,1066
APRL00001,Super Mario BOOM,11149,09/05/2023, 22:10:30,1066
APRL00001,Super Mario BOOM,11152,09/05/2023, 23:11:01,1066
APRL00001,Super Mario BOOM,11154,09/06/2023, 00:48:09,1066
APRL00001,Super Mario BOOM,11155,09/06/2023, 01:44:11,1066
APRL00001,Super Mario BOOM,11156,09/06/2023, 02:17:10,1066
APRL00001,Super Mario BOOM,11157,09/06/2023, 03:11:51,1066
APRL00001,Super Mario BOOM,11162,09/06/2023, 04:13:43,1066
APRL00001,Super Mario BOOM,11163,09/06/2023, 05:10:55,1066
APRL00001,Super Mario BOOM,11164,09/06/2023, 06:14:42,1066
APRL00001,Super Mario BOOM,11164,09/06/2023, 07:10:41,1066
APRL00001,Super Mario BOOM,11166,09/06/2023, 08:14:23,1066
APRL00001,Super Mario BOOM,11167,09/06/2023, 09:11:31,1066
APRL00001,Super Mario BOOM,11167,09/06/2023, 10:11:46,1066
APRL00001,Super Mario BOOM,11167,09/06/2023, 11:09:45,1066
APRL00001,Super Mario BOOM,11168,09/06/2023, 12:20:46,1066
APRL00001,Super Mario BOOM,11171,09/06/2023, 13:14:38,1066
APRL00001,Super Mario BOOM,11172,09/06/2023, 14:10:53,1066
APRL00001,Super Mario BOOM,11175,09/06/2023, 15:12:38,1066
APRL00001,Super Mario BOOM,11180,09/06/2023, 16:14:33,1066
APRL00001,Super Mario BOOM,11182,09/06/2023, 17:10:17,1066
APRL00001,Super Mario BOOM,11185,09/06/2023, 18:14:05,1066
APRL00001,Super Mario BOOM,11188,09/06/2023, 19:09:20,1066
APRL00001,Super Mario BOOM,11191,09/06/2023, 20:11:43,1066
APRL00001,Super Mario BOOM,11193,09/06/2023, 21:09:53,1066
APRL00001,Super Mario BOOM,11195,09/06/2023, 22:10:15,1066
APRL00001,Super Mario BOOM,11198,09/06/2023, 23:10:41,1066
APRL00001,Super Mario BOOM,11199,09/07/2023, 00:47:23,1066
APRL00001,Super Mario BOOM,11205,09/07/2023, 01:44:13,1066
APRL00001,Super Mario BOOM,11206,09/07/2023, 02:17:09,1066
APRL00001,Super Mario BOOM,11208,09/07/2023, 03:11:39,1066
APRL00001,Super Mario BOOM,11212,09/07/2023, 04:13:33,1066
APRL00001,Super Mario BOOM,11212,09/07/2023, 05:10:56,1066
APRL00001,Super Mario BOOM,11212,09/07/2023, 06:14:19,1066
APRL00001,Super Mario BOOM,11213,09/07/2023, 07:10:28,1066
APRL00001,Super Mario BOOM,11216,09/07/2023, 08:14:25,1066
APRL00001,Super Mario BOOM,11216,09/07/2023, 09:11:42,1066
APRL00001,Super Mario BOOM,11216,09/07/2023, 10:11:58,1066
APRL00001,Super Mario BOOM,11219,09/07/2023, 11:09:44,1066
APRL00001,Super Mario BOOM,11219,09/07/2023, 12:20:36,1066
APRL00001,Super Mario BOOM,11220,09/07/2023, 13:13:57,1066
APRL00001,Super Mario BOOM,11221,09/07/2023, 14:10:42,1066
APRL00001,Super Mario BOOM,11223,09/07/2023, 15:11:44,1066
APRL00001,Super Mario BOOM,11228,09/07/2023, 16:14:36,1066
APRL00001,Super Mario BOOM,11229,09/07/2023, 17:10:14,1066
APRL00001,Super Mario BOOM,11229,09/07/2023, 18:13:59,1066
APRL00001,Super Mario BOOM,11231,09/07/2023, 19:09:18,1066
APRL00001,Super Mario BOOM,11234,09/07/2023, 20:11:39,1066
APRL00001,Super Mario BOOM,11234,09/07/2023, 21:10:10,1066
APRL00001,Super Mario BOOM,11234,09/07/2023, 22:10:37,1066
APRL00001,Super Mario BOOM,11236,09/07/2023, 23:11:27,1066
APRL00001,Super Mario BOOM,11238,09/08/2023, 00:47:42,1066
APRL00001,Super Mario BOOM,11242,09/08/2023, 01:44:37,1066
APRL00001,Super Mario BOOM,11242,09/08/2023, 02:17:33,1066
APRL00001,Super Mario BOOM,11248,09/08/2023, 03:11:33,1066
APRL00001,Super Mario BOOM,11250,09/08/2023, 04:13:27,1066
APRL00001,Super Mario BOOM,11250,09/08/2023, 05:10:54,1066
APRL00001,Super Mario BOOM,11251,09/08/2023, 06:14:33,1066
APRL00001,Super Mario BOOM,11252,09/08/2023, 07:11:01,1066
APRL00001,Super Mario BOOM,11252,09/08/2023, 08:14:02,1066
APRL00001,Super Mario BOOM,11252,09/08/2023, 09:11:14,1066
APRL00001,Super Mario BOOM,11252,09/08/2023, 10:11:47,1066
APRL00001,Super Mario BOOM,11252,09/08/2023, 11:09:44,1066
APRL00001,Super Mario BOOM,11254,09/08/2023, 12:20:13,1066
APRL00001,Super Mario BOOM,11257,09/08/2023, 13:13:52,1066
APRL00001,Super Mario BOOM,11257,09/08/2023, 14:10:20,1066
APRL00001,Super Mario BOOM,11259,09/08/2023, 15:09:55,1066
APRL00001,Super Mario BOOM,11263,09/08/2023, 16:13:57,1066
APRL00001,Super Mario BOOM,11266,09/08/2023, 17:10:02,1066
APRL00001,Super Mario BOOM,11267,09/08/2023, 18:13:57,1066
APRL00001,Super Mario BOOM,11271,09/08/2023, 19:09:03,1066
APRL00001,Super Mario BOOM,11273,09/08/2023, 20:11:40,1066
APRL00001,Super Mario BOOM,11276,09/08/2023, 21:09:39,1066
APRL00001,Super Mario BOOM,11276,09/08/2023, 22:10:35,1066
APRL00001,Super Mario BOOM,11279,09/08/2023, 23:10:51,1066
APRL00001,Super Mario BOOM,11282,09/09/2023, 00:46:22,1066
APRL00001,Super Mario BOOM,11285,09/09/2023, 01:41:18,1066
APRL00001,Super Mario BOOM,11286,09/09/2023, 02:14:48,1066
APRL00001,Super Mario BOOM,11287,09/09/2023, 03:11:24,1066
APRL00001,Super Mario BOOM,11289,09/09/2023, 04:12:44,1066
APRL00001,Super Mario BOOM,11289,09/09/2023, 05:10:05,1066
APRL00001,Super Mario BOOM,11289,09/09/2023, 06:13:01,1066
APRL00001,Super Mario BOOM,11291,09/09/2023, 07:09:51,1066
APRL00001,Super Mario BOOM,11292,09/09/2023, 08:12:46,1066
APRL00001,Super Mario BOOM,11292,09/09/2023, 09:09:56,1066
APRL00001,Super Mario BOOM,11294,09/09/2023, 10:10:47,1066
APRL00001,Super Mario BOOM,11299,09/09/2023, 11:08:37,1066
APRL00001,Super Mario BOOM,11304,09/09/2023, 12:18:17,1066
APRL00001,Super Mario BOOM,11307,09/09/2023, 13:11:19,1066
APRL00001,Super Mario BOOM,11309,09/09/2023, 14:09:25,1066
APRL00001,Super Mario BOOM,11310,09/09/2023, 15:10:03,1066
APRL00001,Super Mario BOOM,11313,09/09/2023, 16:12:37,1066
APRL00001,Super Mario BOOM,11314,09/09/2023, 17:09:23,1066
APRL00001,Super Mario BOOM,11319,09/09/2023, 18:12:21,1066
APRL00001,Super Mario BOOM,11322,09/09/2023, 19:08:36,1066
APRL00001,Super Mario BOOM,11324,09/09/2023, 20:10:48,1066
APRL00001,Super Mario BOOM,11328,09/09/2023, 21:09:02,1066
APRL00001,Super Mario BOOM,11332,09/09/2023, 22:09:48,1066
APRL00001,Super Mario BOOM,11337,09/09/2023, 23:10:15,1066
APRL00001,Super Mario BOOM,11338,09/10/2023, 00:51:28,1066
APRL00001,Super Mario BOOM,11340,09/10/2023, 01:49:06,1066
APRL00001,Super Mario BOOM,11341,09/10/2023, 02:18:45,1066
APRL00001,Super Mario BOOM,11341,09/10/2023, 03:11:32,1066
APRL00001,Super Mario BOOM,11344,09/10/2023, 04:12:35,1066
APRL00001,Super Mario BOOM,11349,09/10/2023, 05:10:03,1066
APRL00001,Super Mario BOOM,11354,09/10/2023, 06:13:18,1066
APRL00001,Super Mario BOOM,11356,09/10/2023, 07:09:46,1066
APRL00001,Super Mario BOOM,11356,09/10/2023, 08:12:42,1066
APRL00001,Super Mario BOOM,11359,09/10/2023, 09:10:30,1066
APRL00001,Super Mario BOOM,11360,09/10/2023, 10:10:52,1066
APRL00001,Super Mario BOOM,11361,09/10/2023, 11:08:39,1066
APRL00001,Super Mario BOOM,11363,09/10/2023, 12:18:21,1066
APRL00001,Super Mario BOOM,11366,09/10/2023, 13:11:46,1066
APRL00001,Super Mario BOOM,11374,09/10/2023, 14:09:12,1066
APRL00001,Super Mario BOOM,11375,09/10/2023, 15:10:16,1066
APRL00001,Super Mario BOOM,11380,09/10/2023, 16:13:43,1066
APRL00001,Super Mario BOOM,11381,09/10/2023, 17:09:34,1066
APRL00001,Super Mario BOOM,11383,09/10/2023, 18:12:31,1066
APRL00001,Super Mario BOOM,11385,09/10/2023, 19:08:39,1066
APRL00001,Super Mario BOOM,11388,09/10/2023, 20:10:53,1066
APRL00001,Super Mario BOOM,11391,09/10/2023, 21:09:20,1066
APRL00001,Super Mario BOOM,11395,09/10/2023, 22:09:50,1066
APRL00001,Super Mario BOOM,11397,09/10/2023, 23:10:27,1066
APRL00001,Super Mario BOOM,11397,09/11/2023, 00:48:32,1066
APRL00001,Super Mario BOOM,11399,09/11/2023, 01:46:15,1066
APRL00001,Super Mario BOOM,11401,09/11/2023, 02:18:20,1066
APRL00001,Super Mario BOOM,11404,09/11/2023, 03:11:54,1066
APRL00001,Super Mario BOOM,11407,09/11/2023, 04:13:38,1066
APRL00001,Super Mario BOOM,11408,09/11/2023, 05:11:16,1066
APRL00001,Super Mario BOOM,11410,09/11/2023, 06:15:08,1066
APRL00001,Super Mario BOOM,11411,09/11/2023, 07:11:26,1066
APRL00001,Super Mario BOOM,11412,09/11/2023, 08:14:55,1066
APRL00001,Super Mario BOOM,11412,09/11/2023, 09:12:37,1066
APRL00001,Super Mario BOOM,11413,09/11/2023, 10:12:18,1066
APRL00001,Super Mario BOOM,11415,09/11/2023, 11:09:48,1066
APRL00001,Super Mario BOOM,11417,09/11/2023, 12:21:04,1066
APRL00001,Super Mario BOOM,11418,09/11/2023, 13:14:36,1066
APRL00001,Super Mario BOOM,11420,09/11/2023, 14:11:04,1066
APRL00001,Super Mario BOOM,11420,09/11/2023, 15:11:54,1066
APRL00001,Super Mario BOOM,11422,09/11/2023, 16:14:17,1066
APRL00001,Super Mario BOOM,11423,09/11/2023, 17:10:50,1066
APRL00001,Super Mario BOOM,11427,09/11/2023, 18:14:07,1066
APRL00001,Super Mario BOOM,11431,09/11/2023, 19:09:26,1066
APRL00001,Super Mario BOOM,11433,09/11/2023, 20:10:52,1066
APRL00001,Super Mario BOOM,11433,09/11/2023, 21:10:02,1066
APRL00001,Super Mario BOOM,11434,09/11/2023, 22:10:26,1066
APRL00001,Super Mario BOOM,11435,09/11/2023, 23:10:55,1066
APRL00001,Super Mario BOOM,11441,09/12/2023, 00:46:23,1066
APRL00001,Super Mario BOOM,11446,09/12/2023, 01:42:46,1066
APRL00001,Super Mario BOOM,11447,09/12/2023, 02:16:31,1066
APRL00001,Super Mario BOOM,11449,09/12/2023, 03:11:54,1066
APRL00001,Super Mario BOOM,11452,09/12/2023, 04:13:28,1066
APRL00001,Super Mario BOOM,11452,09/12/2023, 05:10:54,1066
APRL00001,Super Mario BOOM,11452,09/12/2023, 06:14:21,1066
APRL00001,Super Mario BOOM,11452,09/12/2023, 07:10:52,1066
APRL00001,Super Mario BOOM,11455,09/12/2023, 08:14:24,1066
APRL00001,Super Mario BOOM,11456,09/12/2023, 09:11:37,1066
APRL00001,Super Mario BOOM,11456,09/12/2023, 10:12:33,1066
APRL00001,Super Mario BOOM,11456,09/12/2023, 11:09:43,1066
APRL00001,Super Mario BOOM,11456,09/12/2023, 12:20:34,1066
APRL00001,Super Mario BOOM,11457,09/12/2023, 13:14:24,1066
APRL00001,Super Mario BOOM,11461,09/12/2023, 14:11:46,1066
APRL00001,Super Mario BOOM,11464,09/12/2023, 15:11:52,1066
APRL00001,Super Mario BOOM,11464,09/12/2023, 16:14:11,1066
APRL00001,Super Mario BOOM,11465,09/12/2023, 17:10:36,1066
APRL00001,Super Mario BOOM,11465,09/12/2023, 18:13:55,1066
APRL00001,Super Mario BOOM,11469,09/12/2023, 19:09:29,1066
APRL00001,Super Mario BOOM,11473,09/12/2023, 20:12:12,1066
APRL00001,Super Mario BOOM,11476,09/12/2023, 21:09:54,1066
APRL00001,Super Mario BOOM,11480,09/12/2023, 22:10:01,1066
APRL00001,Super Mario BOOM,11480,09/12/2023, 23:11:03,1066
APRL00001,Super Mario BOOM,11482,09/13/2023, 00:49:46,1066
APRL00001,Super Mario BOOM,11483,09/13/2023, 01:45:52,1066
APRL00001,Super Mario BOOM,11486,09/13/2023, 02:17:49,1066
APRL00001,Super Mario BOOM,11488,09/13/2023, 03:11:52,1066
APRL00001,Super Mario BOOM,11491,09/13/2023, 04:13:27,1066
APRL00001,Super Mario BOOM,11494,09/13/2023, 05:10:58,1066
APRL00001,Super Mario BOOM,11496,09/13/2023, 06:14:50,1066
APRL00001,Super Mario BOOM,11498,09/13/2023, 07:10:52,1066
APRL00001,Super Mario BOOM,11500,09/13/2023, 08:14:30,1066
APRL00001,Super Mario BOOM,11500,09/13/2023, 09:11:36,1066
APRL00001,Super Mario BOOM,11500,09/13/2023, 10:12:21,1066
APRL00001,Super Mario BOOM,11501,09/13/2023, 11:09:49,1066
APRL00001,Super Mario BOOM,11502,09/13/2023, 12:20:56,1066
APRL00001,Super Mario BOOM,11503,09/13/2023, 13:15:10,1066
APRL00001,Super Mario BOOM,11506,09/13/2023, 14:10:58,1066
APRL00001,Super Mario BOOM,11507,09/13/2023, 15:11:55,1066
APRL00001,Super Mario BOOM,11509,09/13/2023, 16:14:14,1066
APRL00001,Super Mario BOOM,11510,09/13/2023, 17:10:19,1066
APRL00001,Super Mario BOOM,11511,09/13/2023, 18:13:58,1066
APRL00001,Super Mario BOOM,11514,09/13/2023, 19:09:28,1066
APRL00001,Super Mario BOOM,11521,09/13/2023, 20:10:21,1066
APRL00001,Super Mario BOOM,11525,09/13/2023, 21:08:24,1066
APRL00001,Super Mario BOOM,11526,09/13/2023, 22:10:21,1066
APRL00001,Super Mario BOOM,11527,09/13/2023, 23:11:03,1066
APRL00001,Super Mario BOOM,11529,09/14/2023, 00:48:04,1066
APRL00001,Super Mario BOOM,11530,09/14/2023, 01:43:54,1066
APRL00001,Super Mario BOOM,11530,09/14/2023, 02:17:22,1066
APRL00001,Super Mario BOOM,11532,09/14/2023, 03:11:44,1066
APRL00001,Super Mario BOOM,11534,09/14/2023, 04:13:16,1066
APRL00001,Super Mario BOOM,11535,09/14/2023, 05:10:57,1066
APRL00001,Super Mario BOOM,11535,09/14/2023, 06:14:54,1066
APRL00001,Super Mario BOOM,11536,09/14/2023, 07:10:46,1066
APRL00001,Super Mario BOOM,11538,09/14/2023, 08:14:18,1066
APRL00001,Super Mario BOOM,11538,09/14/2023, 09:11:31,1066
APRL00001,Super Mario BOOM,11540,09/14/2023, 10:12:25,1066
APRL00001,Super Mario BOOM,11540,09/14/2023, 11:09:52,1066
APRL00001,Super Mario BOOM,11543,09/14/2023, 12:20:48,1066
APRL00001,Super Mario BOOM,11543,09/14/2023, 13:14:37,1066
APRL00001,Super Mario BOOM,11544,09/14/2023, 14:11:12,1066
APRL00001,Super Mario BOOM,11546,09/14/2023, 15:11:55,1066
APRL00001,Super Mario BOOM,11548,09/14/2023, 16:14:22,1066
APRL00001,Super Mario BOOM,11552,09/14/2023, 17:10:30,1066
APRL00001,Super Mario BOOM,11553,09/14/2023, 18:14:18,1066
APRL00001,Super Mario BOOM,11555,09/14/2023, 19:08:04,1066
APRL00001,Super Mario BOOM,11556,09/14/2023, 20:11:52,1066
APRL00001,Super Mario BOOM,11560,09/14/2023, 21:10:16,1066
APRL00001,Super Mario BOOM,11561,09/14/2023, 22:10:35,1066
APRL00001,Super Mario BOOM,11563,09/14/2023, 23:11:17,1066
APRL00001,Super Mario BOOM,11564,09/15/2023, 00:49:12,1066
APRL00001,Super Mario BOOM,11567,09/15/2023, 01:46:43,1066
APRL00001,Super Mario BOOM,11568,09/15/2023, 02:19:02,1066
APRL00001,Super Mario BOOM,11570,09/15/2023, 03:11:41,1066
APRL00001,Super Mario BOOM,11570,09/15/2023, 04:13:20,1066
APRL00001,Super Mario BOOM,11570,09/15/2023, 05:11:02,1066
APRL00001,Super Mario BOOM,11570,09/15/2023, 06:14:37,1066
APRL00001,Super Mario BOOM,11570,09/15/2023, 07:10:41,1066
APRL00001,Super Mario BOOM,11570,09/15/2023, 08:14:24,1066
APRL00001,Super Mario BOOM,11571,09/15/2023, 09:11:31,1066
APRL00001,Super Mario BOOM,11572,09/15/2023, 10:12:13,1066
APRL00001,Super Mario BOOM,11574,09/15/2023, 11:09:43,1066
APRL00001,Super Mario BOOM,11577,09/15/2023, 12:20:40,1066
APRL00001,Super Mario BOOM,11579,09/15/2023, 13:13:55,1066
APRL00001,Super Mario BOOM,11580,09/15/2023, 14:10:28,1066
APRL00001,Super Mario BOOM,11584,09/15/2023, 15:11:28,1066
APRL00001,Super Mario BOOM,11587,09/15/2023, 16:14:02,1066
APRL00001,Super Mario BOOM,11589,09/15/2023, 17:10:36,1066
APRL00001,Super Mario BOOM,11590,09/15/2023, 18:13:49,1066
APRL00001,Super Mario BOOM,11591,09/15/2023, 19:09:29,1066
APRL00001,Super Mario BOOM,11592,09/15/2023, 20:11:42,1066
APRL00001,Super Mario BOOM,11593,09/15/2023, 21:09:32,1066
APRL00001,Super Mario BOOM,11595,09/15/2023, 22:10:10,1066
APRL00001,Super Mario BOOM,11595,09/15/2023, 23:10:42,1066
APRL00001,Super Mario BOOM,11595,09/16/2023, 00:47:08,1066
APRL00001,Super Mario BOOM,11597,09/16/2023, 01:42:06,1066
APRL00001,Super Mario BOOM,11600,09/16/2023, 02:15:04,1066
APRL00001,Super Mario BOOM,11601,09/16/2023, 03:11:34,1066
APRL00001,Super Mario BOOM,11603,09/16/2023, 04:12:45,1066
APRL00001,Super Mario BOOM,11605,09/16/2023, 05:10:02,1066
APRL00001,Super Mario BOOM,11606,09/16/2023, 06:13:15,1066
APRL00001,Super Mario BOOM,11606,09/16/2023, 07:09:47,1066
APRL00001,Super Mario BOOM,11608,09/16/2023, 08:12:55,1066
APRL00001,Super Mario BOOM,11609,09/16/2023, 09:10:33,1066
APRL00001,Super Mario BOOM,11612,09/16/2023, 10:10:39,1066
APRL00001,Super Mario BOOM,11613,09/16/2023, 11:08:30,1066
APRL00001,Super Mario BOOM,11618,09/16/2023, 12:18:11,1066
APRL00001,Super Mario BOOM,11618,09/16/2023, 13:11:29,1066
APRL00001,Super Mario BOOM,11620,09/16/2023, 14:09:25,1066
APRL00001,Super Mario BOOM,11622,09/16/2023, 15:10:11,1066
APRL00001,Super Mario BOOM,11623,09/16/2023, 16:12:38,1066
APRL00001,Super Mario BOOM,11624,09/16/2023, 17:09:08,1066
APRL00001,Super Mario BOOM,11625,09/16/2023, 18:12:56,1066
APRL00001,Super Mario BOOM,11627,09/16/2023, 19:08:56,1066
APRL00001,Super Mario BOOM,11631,09/16/2023, 20:10:52,1066
APRL00001,Super Mario BOOM,11633,09/16/2023, 21:09:16,1066
APRL00001,Super Mario BOOM,11635,09/16/2023, 22:10:00,1066
APRL00001,Super Mario BOOM,11638,09/16/2023, 23:10:25,1066
APRL00001,Super Mario BOOM,11638,09/17/2023, 00:51:44,1066
APRL00001,Super Mario BOOM,11638,09/17/2023, 01:49:57,1066
APRL00001,Super Mario BOOM,11638,09/17/2023, 02:18:52,1066
APRL00001,Super Mario BOOM,11641,09/17/2023, 03:11:19,1066
APRL00001,Super Mario BOOM,11644,09/17/2023, 04:12:51,1066
APRL00001,Super Mario BOOM,11646,09/17/2023, 05:11:08,1066
APRL00001,Super Mario BOOM,11646,09/17/2023, 06:13:32,1066
APRL00001,Super Mario BOOM,11647,09/17/2023, 07:10:09,1066
APRL00001,Super Mario BOOM,11650,09/17/2023, 08:12:37,1066
APRL00001,Super Mario BOOM,11653,09/17/2023, 09:10:37,1066
APRL00001,Super Mario BOOM,11657,09/17/2023, 10:10:50,1066
APRL00001,Super Mario BOOM,11657,09/17/2023, 11:08:33,1066
APRL00001,Super Mario BOOM,11657,09/17/2023, 12:18:31,1066
APRL00001,Super Mario BOOM,11659,09/17/2023, 13:11:22,1066
APRL00001,Super Mario BOOM,11664,09/17/2023, 14:09:21,1066
APRL00001,Super Mario BOOM,11666,09/17/2023, 15:10:12,1066
APRL00001,Super Mario BOOM,11668,09/17/2023, 16:12:38,1066
APRL00001,Super Mario BOOM,11671,09/17/2023, 17:09:25,1066
APRL00001,Super Mario BOOM,11673,09/17/2023, 18:13:07,1066
APRL00001,Super Mario BOOM,11673,09/17/2023, 19:08:50,1066
APRL00001,Super Mario BOOM,11674,09/17/2023, 20:11:00,1066
APRL00001,Super Mario BOOM,11676,09/17/2023, 21:09:13,1066
APRL00001,Super Mario BOOM,11679,09/17/2023, 22:10:09,1066
APRL00001,Super Mario BOOM,11682,09/17/2023, 23:10:32,1066
APRL00001,Super Mario BOOM,11688,09/18/2023, 00:48:51,1066
APRL00001,Super Mario BOOM,11688,09/18/2023, 01:45:17,1066
APRL00001,Super Mario BOOM,11689,09/18/2023, 02:18:09,1066
APRL00001,Super Mario BOOM,11690,09/18/2023, 03:11:56,1066
APRL00001,Super Mario BOOM,11693,09/18/2023, 04:13:32,1066
APRL00001,Super Mario BOOM,11695,09/18/2023, 05:11:10,1066
APRL00001,Super Mario BOOM,11695,09/18/2023, 06:14:46,1066
APRL00001,Super Mario BOOM,11695,09/18/2023, 07:11:24,1066
APRL00001,Super Mario BOOM,11697,09/18/2023, 08:15:32,1066
APRL00001,Super Mario BOOM,11698,09/18/2023, 09:12:20,1066
APRL00001,Super Mario BOOM,11699,09/18/2023, 10:12:18,1066
APRL00001,Super Mario BOOM,11699,09/18/2023, 11:09:38,1066
APRL00001,Super Mario BOOM,11699,09/18/2023, 12:21:24,1066
APRL00001,Super Mario BOOM,11701,09/18/2023, 13:13:09,1066
APRL00001,Super Mario BOOM,11702,09/18/2023, 14:11:16,1066
APRL00001,Super Mario BOOM,11703,09/18/2023, 15:12:29,1066
APRL00001,Super Mario BOOM,11704,09/18/2023, 16:14:25,1066
APRL00001,Super Mario BOOM,11705,09/18/2023, 17:10:45,1066
APRL00001,Super Mario BOOM,11709,09/18/2023, 18:14:29,1066
APRL00001,Super Mario BOOM,11711,09/18/2023, 19:09:27,1066
APRL00001,Super Mario BOOM,11712,09/18/2023, 20:11:48,1066
APRL00001,Super Mario BOOM,11717,09/18/2023, 21:10:11,1066
APRL00001,Super Mario BOOM,11722,09/18/2023, 22:10:28,1066
APRL00001,Super Mario BOOM,11723,09/18/2023, 23:11:03,1066
APRL00001,Super Mario BOOM,11725,09/19/2023, 00:49:02,1066
APRL00001,Super Mario BOOM,11726,09/19/2023, 01:47:55,1066
APRL00001,Super Mario BOOM,11726,09/19/2023, 02:19:02,1066
APRL00001,Super Mario BOOM,11727,09/19/2023, 03:11:57,1066
APRL00001,Super Mario BOOM,11727,09/19/2023, 04:13:25,1066
APRL00001,Super Mario BOOM,11729,09/19/2023, 05:10:53,1066
APRL00001,Super Mario BOOM,11729,09/19/2023, 06:15:14,1066
APRL00001,Super Mario BOOM,11731,09/19/2023, 07:10:49,1066
APRL00001,Super Mario BOOM,11732,09/19/2023, 08:15:09,1066
APRL00001,Super Mario BOOM,11733,09/19/2023, 09:11:49,1066
APRL00001,Super Mario BOOM,11733,09/19/2023, 10:12:20,1066
APRL00001,Super Mario BOOM,11734,09/19/2023, 11:09:41,1066
APRL00001,Super Mario BOOM,11739,09/19/2023, 12:21:39,1066
APRL00001,Super Mario BOOM,11740,09/19/2023, 13:14:00,1066
APRL00001,Super Mario BOOM,11740,09/19/2023, 14:10:49,1066
APRL00001,Super Mario BOOM,11741,09/19/2023, 15:12:04,1066
APRL00001,Super Mario BOOM,11744,09/19/2023, 16:14:28,1066
APRL00001,Super Mario BOOM,11745,09/19/2023, 17:10:15,1066
APRL00001,Super Mario BOOM,11746,09/19/2023, 18:13:57,1066
APRL00001,Super Mario BOOM,11746,09/19/2023, 19:09:09,1066
APRL00001,Super Mario BOOM,11749,09/19/2023, 20:11:31,1066
APRL00001,Super Mario BOOM,11751,09/19/2023, 21:10:29,1066
APRL00001,Super Mario BOOM,11754,09/19/2023, 22:10:17,1066
APRL00001,Super Mario BOOM,11754,09/19/2023, 23:10:48,1066
APRL00001,Super Mario BOOM,11757,09/20/2023, 00:48:57,1066
APRL00001,Super Mario BOOM,11757,09/20/2023, 01:45:21,1066
APRL00001,Super Mario BOOM,11757,09/20/2023, 02:17:59,1066
APRL00001,Super Mario BOOM,11757,09/20/2023, 03:11:45,1066
APRL00001,Super Mario BOOM,11757,09/20/2023, 04:13:30,1066
APRL00001,Super Mario BOOM,11759,09/20/2023, 05:10:54,1066
APRL00001,Super Mario BOOM,11759,09/20/2023, 06:14:41,1066
APRL00001,Super Mario BOOM,11760,09/20/2023, 07:10:32,1066
APRL00001,Super Mario BOOM,11761,09/20/2023, 08:14:39,1066
APRL00001,Super Mario BOOM,11764,09/20/2023, 09:11:24,1066
APRL00001,Super Mario BOOM,11770,09/20/2023, 10:12:37,1066
APRL00001,Super Mario BOOM,11771,09/20/2023, 11:09:42,1066
APRL00001,Super Mario BOOM,11771,09/20/2023, 12:21:19,1066
APRL00001,Super Mario BOOM,11772,09/20/2023, 13:15:00,1066
APRL00001,Super Mario BOOM,11773,09/20/2023, 14:11:38,1066
APRL00001,Super Mario BOOM,11778,09/20/2023, 15:11:49,1066
APRL00001,Super Mario BOOM,11780,09/20/2023, 16:14:19,1066
APRL00001,Super Mario BOOM,11783,09/20/2023, 17:10:24,1066
APRL00001,Super Mario BOOM,11784,09/20/2023, 18:14:30,1066
APRL00001,Super Mario BOOM,11785,09/20/2023, 19:09:23,1066
APRL00001,Super Mario BOOM,11786,09/20/2023, 20:11:58,1066
APRL00001,Super Mario BOOM,11787,09/20/2023, 21:10:04,1066
APRL00001,Super Mario BOOM,11791,09/20/2023, 22:10:27,1066
APRL00001,Super Mario BOOM,11792,09/20/2023, 23:10:57,1066
APRL00001,Super Mario BOOM,11793,09/21/2023, 00:48:24,1066
APRL00001,Super Mario BOOM,11797,09/21/2023, 01:44:06,1066
APRL00001,Super Mario BOOM,11797,09/21/2023, 02:17:14,1066
APRL00001,Super Mario BOOM,11797,09/21/2023, 03:11:48,1066
APRL00001,Super Mario BOOM,11800,09/21/2023, 04:13:26,1066
APRL00001,Super Mario BOOM,11801,09/21/2023, 05:11:02,1066
APRL00001,Super Mario BOOM,11801,09/21/2023, 06:14:46,1066
APRL00001,Super Mario BOOM,11801,09/21/2023, 07:10:59,1066
APRL00001,Super Mario BOOM,11801,09/21/2023, 08:14:29,1066
APRL00001,Super Mario BOOM,11804,09/21/2023, 09:11:50,1066
APRL00001,Super Mario BOOM,11804,09/21/2023, 10:12:46,1066
APRL00001,Super Mario BOOM,11805,09/21/2023, 11:09:40,1066
APRL00001,Super Mario BOOM,11809,09/21/2023, 12:20:57,1066
APRL00001,Super Mario BOOM,11811,09/21/2023, 13:14:40,1066
APRL00001,Super Mario BOOM,11813,09/21/2023, 14:11:03,1066
APRL00001,Super Mario BOOM,11814,09/21/2023, 15:10:42,1066
APRL00001,Super Mario BOOM,11818,09/21/2023, 16:13:46,1066
APRL00001,Super Mario BOOM,11818,09/21/2023, 17:10:48,1066
APRL00001,Super Mario BOOM,11819,09/21/2023, 18:14:49,1066
APRL00001,Super Mario BOOM,11820,09/21/2023, 19:09:29,1066
APRL00001,Super Mario BOOM,11822,09/21/2023, 20:10:46,1066
APRL00001,Super Mario BOOM,11824,09/21/2023, 21:10:16,1066
APRL00001,Super Mario BOOM,11827,09/21/2023, 22:10:27,1066
APRL00001,Super Mario BOOM,11828,09/21/2023, 23:11:17,1066
APRL00001,Super Mario BOOM,11833,09/22/2023, 00:48:54,1066
APRL00001,Super Mario BOOM,11833,09/22/2023, 01:45:00,1066
APRL00001,Super Mario BOOM,11833,09/22/2023, 02:18:13,1066
APRL00001,Super Mario BOOM,11833,09/22/2023, 03:11:44,1066
APRL00001,Super Mario BOOM,11833,09/22/2023, 04:13:09,1066
APRL00001,Super Mario BOOM,11833,09/22/2023, 05:10:54,1066
APRL00001,Super Mario BOOM,11836,09/22/2023, 06:15:09,1066
APRL00001,Super Mario BOOM,11836,09/22/2023, 07:10:29,1066
APRL00001,Super Mario BOOM,11836,09/22/2023, 08:14:47,1066
APRL00001,Super Mario BOOM,11836,09/22/2023, 09:11:29,1066
APRL00001,Super Mario BOOM,11836,09/22/2023, 10:12:27,1066
APRL00001,Super Mario BOOM,11837,09/22/2023, 11:09:43,1066
APRL00001,Super Mario BOOM,11838,09/22/2023, 12:20:36,1066
APRL00001,Super Mario BOOM,11838,09/22/2023, 13:13:54,1066
APRL00001,Super Mario BOOM,11840,09/22/2023, 14:10:41,1066
APRL00001,Super Mario BOOM,11842,09/22/2023, 15:11:37,1066
APRL00001,Super Mario BOOM,11843,09/22/2023, 16:13:52,1066
APRL00001,Super Mario BOOM,11845,09/22/2023, 17:10:06,1066
APRL00001,Super Mario BOOM,11846,09/22/2023, 18:14:18,1066
APRL00001,Super Mario BOOM,11847,09/22/2023, 19:09:04,1066
APRL00001,Super Mario BOOM,11848,09/22/2023, 20:11:32,1066
APRL00001,Super Mario BOOM,11850,09/22/2023, 21:09:54,1066
APRL00001,Super Mario BOOM,11850,09/22/2023, 22:10:14,1066
APRL00001,Super Mario BOOM,11852,09/22/2023, 23:10:43,1066
APRL00001,Super Mario BOOM,11855,09/23/2023, 00:47:03,1066
APRL00001,Super Mario BOOM,11855,09/23/2023, 01:42:00,1066
APRL00001,Super Mario BOOM,11856,09/23/2023, 02:15:07,1066
APRL00001,Super Mario BOOM,11857,09/23/2023, 03:11:25,1066
APRL00001,Super Mario BOOM,11858,09/23/2023, 04:12:32,1066
APRL00001,Super Mario BOOM,11860,09/23/2023, 05:10:10,1066
APRL00001,Super Mario BOOM,11861,09/23/2023, 06:13:45,1066
APRL00001,Super Mario BOOM,11862,09/23/2023, 07:09:47,1066
APRL00001,Super Mario BOOM,11862,09/23/2023, 08:13:03,1066
APRL00001,Super Mario BOOM,11863,09/23/2023, 09:09:51,1066
APRL00001,Super Mario BOOM,11863,09/23/2023, 10:10:45,1066
APRL00001,Super Mario BOOM,11864,09/23/2023, 11:08:42,1066
APRL00001,Super Mario BOOM,11864,09/23/2023, 12:18:41,1066
APRL00001,Super Mario BOOM,11869,09/23/2023, 13:11:20,1066
APRL00001,Super Mario BOOM,11870,09/23/2023, 14:08:53,1066
APRL00001,Super Mario BOOM,11872,09/23/2023, 15:10:08,1066
APRL00001,Super Mario BOOM,11873,09/23/2023, 16:12:41,1066
APRL00001,Super Mario BOOM,11875,09/23/2023, 17:09:32,1066
APRL00001,Super Mario BOOM,11876,09/23/2023, 18:12:48,1066
APRL00001,Super Mario BOOM,11881,09/23/2023, 19:08:22,1066
APRL00001,Super Mario BOOM,11883,09/23/2023, 20:10:47,1066
APRL00001,Super Mario BOOM,11885,09/23/2023, 21:09:01,1066
APRL00001,Super Mario BOOM,11887,09/23/2023, 22:09:51,1066
APRL00001,Super Mario BOOM,11887,09/23/2023, 23:10:18,1066
APRL00001,Super Mario BOOM,11888,09/24/2023, 00:51:40,1066
APRL00001,Super Mario BOOM,11890,09/24/2023, 01:51:03,1066
APRL00001,Super Mario BOOM,11891,09/24/2023, 02:19:27,1066
APRL00001,Super Mario BOOM,11893,09/24/2023, 03:11:14,1066
APRL00001,Super Mario BOOM,11897,09/24/2023, 04:12:37,1066
APRL00001,Super Mario BOOM,11897,09/24/2023, 05:10:38,1066
APRL00001,Super Mario BOOM,11898,09/24/2023, 06:13:16,1066
APRL00001,Super Mario BOOM,11899,09/24/2023, 07:09:59,1066
APRL00001,Super Mario BOOM,11901,09/24/2023, 08:12:40,1066
APRL00001,Super Mario BOOM,11902,09/24/2023, 09:10:08,1066
APRL00001,Super Mario BOOM,11903,09/24/2023, 10:10:46,1066
APRL00001,Super Mario BOOM,11905,09/24/2023, 11:09:10,1066
APRL00001,Super Mario BOOM,11908,09/24/2023, 12:18:50,1066
APRL00001,Super Mario BOOM,11908,09/24/2023, 13:11:26,1066
APRL00001,Super Mario BOOM,11909,09/24/2023, 14:09:18,1066
APRL00001,Super Mario BOOM,11914,09/24/2023, 15:10:04,1066
APRL00001,Super Mario BOOM,11915,09/24/2023, 16:12:36,1066
APRL00001,Super Mario BOOM,11921,09/24/2023, 17:09:31,1066
APRL00001,Super Mario BOOM,11924,09/24/2023, 18:12:47,1066
APRL00001,Super Mario BOOM,11924,09/24/2023, 19:08:22,1066
APRL00001,Super Mario BOOM,11927,09/24/2023, 20:10:41,1066
APRL00001,Super Mario BOOM,11931,09/24/2023, 21:09:04,1066
APRL00001,Super Mario BOOM,11931,09/24/2023, 22:09:55,1066
APRL00001,Super Mario BOOM,11933,09/24/2023, 23:10:49,1066
APRL00001,Super Mario BOOM,11936,09/25/2023, 00:49:09,1066
APRL00001,Super Mario BOOM,11938,09/25/2023, 01:47:41,1066
APRL00001,Super Mario BOOM,11938,09/25/2023, 02:19:14,1066
APRL00001,Super Mario BOOM,11938,09/25/2023, 03:11:46,1066
APRL00001,Super Mario BOOM,11939,09/25/2023, 04:13:36,1066
APRL00001,Super Mario BOOM,11939,09/25/2023, 05:10:59,1066
APRL00001,Super Mario BOOM,11941,09/25/2023, 06:15:05,1066
APRL00001,Super Mario BOOM,11942,09/25/2023, 07:11:33,1066
APRL00001,Super Mario BOOM,11942,09/25/2023, 08:15:04,1066
APRL00001,Super Mario BOOM,11942,09/25/2023, 09:12:15,1066
APRL00001,Super Mario BOOM,11943,09/25/2023, 10:12:07,1066
APRL00001,Super Mario BOOM,11943,09/25/2023, 11:09:44,1066
APRL00001,Super Mario BOOM,11943,09/25/2023, 12:21:34,1066
APRL00001,Super Mario BOOM,11943,09/25/2023, 13:14:36,1066
APRL00001,Super Mario BOOM,11944,09/25/2023, 14:10:52,1066
APRL00001,Super Mario BOOM,11944,09/25/2023, 15:12:04,1066
APRL00001,Super Mario BOOM,11948,09/25/2023, 16:14:28,1066
APRL00001,Super Mario BOOM,11950,09/25/2023, 17:10:40,1066
APRL00001,Super Mario BOOM,11950,09/25/2023, 18:14:50,1066
APRL00001,Super Mario BOOM,11952,09/25/2023, 19:09:29,1066
APRL00001,Super Mario BOOM,11955,09/25/2023, 20:11:47,1066
APRL00001,Super Mario BOOM,11955,09/25/2023, 21:09:57,1066
APRL00001,Super Mario BOOM,11955,09/25/2023, 22:10:27,1066
APRL00001,Super Mario BOOM,11957,09/25/2023, 23:10:50,1066
APRL00001,Super Mario BOOM,11958,09/26/2023, 00:49:35,1066
APRL00001,Super Mario BOOM,11960,09/26/2023, 01:47:08,1066
APRL00001,Super Mario BOOM,11961,09/26/2023, 02:18:58,1066
APRL00001,Super Mario BOOM,11963,09/26/2023, 03:11:46,1066
APRL00001,Super Mario BOOM,11964,09/26/2023, 04:13:40,1066
APRL00001,Super Mario BOOM,11964,09/26/2023, 05:11:01,1066
APRL00001,Super Mario BOOM,11964,09/26/2023, 06:15:22,1066
APRL00001,Super Mario BOOM,11964,09/26/2023, 07:10:47,1066
APRL00001,Super Mario BOOM,11965,09/26/2023, 08:15:09,1066
APRL00001,Super Mario BOOM,11965,09/26/2023, 09:11:44,1066
APRL00001,Super Mario BOOM,11966,09/26/2023, 10:12:24,1066
APRL00001,Super Mario BOOM,11966,09/26/2023, 11:09:38,1066
APRL00001,Super Mario BOOM,11969,09/26/2023, 12:21:31,1066
APRL00001,Super Mario BOOM,11972,09/26/2023, 13:14:51,1066
APRL00001,Super Mario BOOM,11973,09/26/2023, 14:11:40,1066
APRL00001,Super Mario BOOM,11974,09/26/2023, 15:11:50,1066
APRL00001,Super Mario BOOM,11975,09/26/2023, 16:14:24,1066
APRL00001,Super Mario BOOM,11977,09/26/2023, 17:10:48,1066
APRL00001,Super Mario BOOM,11981,09/26/2023, 18:14:30,1066
APRL00001,Super Mario BOOM,11984,09/26/2023, 19:09:11,1066
APRL00001,Super Mario BOOM,11984,09/26/2023, 20:12:05,1066
APRL00001,Super Mario BOOM,11987,09/26/2023, 21:10:20,1066
APRL00001,Super Mario BOOM,11990,09/26/2023, 22:10:31,1066
APRL00001,Super Mario BOOM,11990,09/26/2023, 23:10:54,1066
APRL00001,Super Mario BOOM,11994,09/27/2023, 00:49:48,1066
APRL00001,Super Mario BOOM,11996,09/27/2023, 01:46:51,1066
APRL00001,Super Mario BOOM,11997,09/27/2023, 02:18:27,1066
APRL00001,Super Mario BOOM,11999,09/27/2023, 03:12:01,1066
APRL00001,Super Mario BOOM,12000,09/27/2023, 04:13:34,1066
APRL00001,Super Mario BOOM,12001,09/27/2023, 05:10:44,1066
APRL00001,Super Mario BOOM,12002,09/27/2023, 06:15:17,1066
APRL00001,Super Mario BOOM,12004,09/27/2023, 07:10:26,1066
APRL00001,Super Mario BOOM,12004,09/27/2023, 08:14:54,1066
APRL00001,Super Mario BOOM,12004,09/27/2023, 09:11:36,1066
APRL00001,Super Mario BOOM,12007,09/27/2023, 10:12:33,1066
APRL00001,Super Mario BOOM,12008,09/27/2023, 11:09:31,1066
APRL00001,Super Mario BOOM,12008,09/27/2023, 12:21:19,1066
APRL00001,Super Mario BOOM,12009,09/27/2023, 13:14:29,1066
APRL00001,Super Mario BOOM,12010,09/27/2023, 14:10:58,1066
APRL00001,Super Mario BOOM,12010,09/27/2023, 15:11:51,1066
APRL00001,Super Mario BOOM,12012,09/27/2023, 16:14:16,1066
APRL00001,Super Mario BOOM,12012,09/27/2023, 17:10:27,1066
APRL00001,Super Mario BOOM,12014,09/27/2023, 18:14:30,1066
APRL00001,Super Mario BOOM,12014,09/27/2023, 19:09:17,1066
APRL00001,Super Mario BOOM,12015,09/27/2023, 20:11:41,1066
APRL00001,Super Mario BOOM,12015,09/27/2023, 21:10:21,1066
APRL00001,Super Mario BOOM,12016,09/27/2023, 22:10:21,1066
APRL00001,Super Mario BOOM,12018,09/27/2023, 23:11:05,1066
APRL00001,Super Mario BOOM,12020,09/28/2023, 00:48:48,1066
APRL00001,Super Mario BOOM,12020,09/28/2023, 01:45:39,1066
APRL00001,Super Mario BOOM,12022,09/28/2023, 02:18:02,1066
APRL00001,Super Mario BOOM,12022,09/28/2023, 03:11:42,1066
APRL00001,Super Mario BOOM,12022,09/28/2023, 04:13:17,1066
APRL00001,Super Mario BOOM,12024,09/28/2023, 05:11:07,1066
APRL00001,Super Mario BOOM,12024,09/28/2023, 06:16:03,1066
APRL00001,Super Mario BOOM,12024,09/28/2023, 07:11:22,1066
APRL00001,Super Mario BOOM,12024,09/28/2023, 08:15:00,1066
APRL00001,Super Mario BOOM,12024,09/28/2023, 09:11:33,1066
APRL00001,Super Mario BOOM,12025,09/28/2023, 10:11:55,1066
APRL00001,Super Mario BOOM,12025,09/28/2023, 11:09:44,1066
APRL00001,Super Mario BOOM,12027,09/28/2023, 12:21:00,1066
APRL00001,Super Mario BOOM,12027,09/28/2023, 13:14:20,1066
APRL00001,Super Mario BOOM,12030,09/28/2023, 14:11:12,1066
APRL00001,Super Mario BOOM,12031,09/28/2023, 15:11:59,1066
APRL00001,Super Mario BOOM,12032,09/28/2023, 16:14:20,1066
APRL00001,Super Mario BOOM,12035,09/28/2023, 17:10:34,1066
APRL00001,Super Mario BOOM,12036,09/28/2023, 18:14:17,1066
APRL00001,Super Mario BOOM,12037,09/28/2023, 19:09:44,1066
APRL00001,Super Mario BOOM,12039,09/28/2023, 20:10:54,1066
APRL00001,Super Mario BOOM,12041,09/28/2023, 22:11:00,1066
APRL00001,Super Mario BOOM,12042,09/28/2023, 23:11:11,1066
APRL00001,Super Mario BOOM,12044,09/29/2023, 00:49:11,1066
APRL00001,Super Mario BOOM,12044,09/29/2023, 01:45:35,1066
APRL00001,Super Mario BOOM,12044,09/29/2023, 02:18:06,1066
APRL00001,Super Mario BOOM,12045,09/29/2023, 03:11:50,1066
APRL00001,Super Mario BOOM,12045,09/29/2023, 04:13:39,1066
APRL00001,Super Mario BOOM,12047,09/29/2023, 05:11:08,1066
APRL00001,Super Mario BOOM,12048,09/29/2023, 06:14:34,1066
APRL00001,Super Mario BOOM,12050,09/29/2023, 07:10:36,1066
APRL00001,Super Mario BOOM,12051,09/29/2023, 08:14:23,1066
APRL00001,Super Mario BOOM,12052,09/29/2023, 09:11:29,1066
APRL00001,Super Mario BOOM,12052,09/29/2023, 10:12:14,1066
APRL00001,Super Mario BOOM,12053,09/29/2023, 11:09:44,1066
APRL00001,Super Mario BOOM,12057,09/29/2023, 12:20:52,1066
APRL00001,Super Mario BOOM,12058,09/29/2023, 13:13:40,1066
APRL00001,Super Mario BOOM,12059,09/29/2023, 14:09:34,1066
APRL00001,Super Mario BOOM,12061,09/29/2023, 15:12:05,1066
APRL00001,Super Mario BOOM,12063,09/29/2023, 16:14:14,1066
APRL00001,Super Mario BOOM,12066,09/29/2023, 17:10:26,1066
APRL00001,Super Mario BOOM,12067,09/29/2023, 18:14:27,1066
APRL00001,Super Mario BOOM,12068,09/29/2023, 19:09:25,1066
APRL00001,Super Mario BOOM,12071,09/29/2023, 20:11:49,1066
APRL00001,Super Mario BOOM,12071,09/29/2023, 21:09:42,1066
APRL00001,Super Mario BOOM,12071,09/29/2023, 22:10:26,1066
APRL00001,Super Mario BOOM,12072,09/29/2023, 23:10:39,1066
APRL00001,Super Mario BOOM,12074,09/30/2023, 00:47:28,1066
APRL00001,Super Mario BOOM,12075,09/30/2023, 01:42:58,1066
APRL00001,Super Mario BOOM,12075,09/30/2023, 02:15:44,1066
APRL00001,Super Mario BOOM,12077,09/30/2023, 03:11:26,1066
APRL00001,Super Mario BOOM,12078,09/30/2023, 04:12:52,1066
APRL00001,Super Mario BOOM,12079,09/30/2023, 05:10:23,1066
APRL00001,Super Mario BOOM,12081,09/30/2023, 06:13:36,1066
APRL00001,Super Mario BOOM,12084,09/30/2023, 07:09:25,1066
APRL00001,Super Mario BOOM,12085,09/30/2023, 08:12:43,1066
APRL00001,Super Mario BOOM,12086,09/30/2023, 09:09:57,1066
APRL00001,Super Mario BOOM,12087,09/30/2023, 10:10:28,1066
APRL00001,Super Mario BOOM,12087,09/30/2023, 11:08:32,1066
APRL00001,Super Mario BOOM,12088,09/30/2023, 12:18:50,1066
APRL00001,Super Mario BOOM,12089,09/30/2023, 13:11:37,1066
APRL00001,Super Mario BOOM,12089,09/30/2023, 14:09:22,1066
APRL00001,Super Mario BOOM,12093,09/30/2023, 15:09:57,1066
APRL00001,Super Mario BOOM,12097,09/30/2023, 16:12:55,1066
APRL00001,Super Mario BOOM,12097,09/30/2023, 17:09:22,1066
APRL00001,Super Mario BOOM,12098,09/30/2023, 18:13:17,1066
APRL00001,Super Mario BOOM,12100,09/30/2023, 19:08:17,1066
APRL00001,Super Mario BOOM,12102,09/30/2023, 20:10:36,1066
APRL00001,Super Mario BOOM,12104,09/30/2023, 21:09:26,1066
APRL00001,Super Mario BOOM,12106,09/30/2023, 22:09:57,1066
APRL00001,Super Mario BOOM,12108,09/30/2023, 23:10:26,1066
APRL00001,Super Mario BOOM,12110,10/01/2023, 00:56:00,1066
APRL00001,Super Mario BOOM,12111,10/01/2023, 01:56:46,1066
APRL00001,Super Mario BOOM,12113,10/01/2023, 02:25:03,1066
APRL00001,Super Mario BOOM,12113,10/01/2023, 03:11:48,1066
APRL00001,Super Mario BOOM,12113,10/01/2023, 04:13:21,1066
APRL00001,Super Mario BOOM,12113,10/01/2023, 05:10:31,1066
APRL00001,Super Mario BOOM,12113,10/01/2023, 06:13:54,1066
APRL00001,Super Mario BOOM,12117,10/01/2023, 07:10:17,1066
APRL00001,Super Mario BOOM,12119,10/01/2023, 08:13:18,1066
APRL00001,Super Mario BOOM,12122,10/01/2023, 09:10:29,1066
APRL00001,Super Mario BOOM,12122,10/01/2023, 10:10:51,1066
APRL00001,Super Mario BOOM,12124,10/01/2023, 11:08:54,1066
APRL00001,Super Mario BOOM,12124,10/01/2023, 12:19:01,1066
APRL00001,Super Mario BOOM,12124,10/01/2023, 13:11:21,1066
APRL00001,Super Mario BOOM,12125,10/01/2023, 14:09:27,1066
APRL00001,Super Mario BOOM,12130,10/01/2023, 15:10:05,1066
APRL00001,Super Mario BOOM,12131,10/01/2023, 16:12:50,1066
APRL00001,Super Mario BOOM,12131,10/01/2023, 17:09:48,1066
APRL00001,Super Mario BOOM,12134,10/01/2023, 18:13:06,1066
APRL00001,Super Mario BOOM,12136,10/01/2023, 19:08:48,1066
APRL00001,Super Mario BOOM,12137,10/01/2023, 20:10:50,1066
APRL00001,Super Mario BOOM,12141,10/01/2023, 21:09:35,1066
APRL00001,Super Mario BOOM,12143,10/01/2023, 22:09:43,1066
APRL00001,Super Mario BOOM,12143,10/01/2023, 23:10:45,1066
APRL00001,Super Mario BOOM,12146,10/02/2023, 00:49:58,1066
APRL00001,Super Mario BOOM,12147,10/02/2023, 01:48:06,1066
APRL00001,Super Mario BOOM,12147,10/02/2023, 02:19:25,1066
APRL00001,Super Mario BOOM,12147,10/02/2023, 03:12:21,1066
APRL00001,Super Mario BOOM,12149,10/02/2023, 04:13:18,1066
APRL00001,Super Mario BOOM,12150,10/02/2023, 05:10:43,1066
APRL00001,Super Mario BOOM,12152,10/02/2023, 06:15:32,1066
APRL00001,Super Mario BOOM,12153,10/02/2023, 07:11:11,1066
APRL00001,Super Mario BOOM,12153,10/02/2023, 08:14:38,1066
APRL00001,Super Mario BOOM,12154,10/02/2023, 09:12:13,1066
APRL00001,Super Mario BOOM,12154,10/02/2023, 10:12:15,1066
APRL00001,Super Mario BOOM,12155,10/02/2023, 11:09:41,1066
APRL00001,Super Mario BOOM,12156,10/02/2023, 12:21:15,1066
APRL00001,Super Mario BOOM,12156,10/02/2023, 13:14:49,1066
APRL00001,Super Mario BOOM,12157,10/02/2023, 14:11:13,1066
APRL00001,Super Mario BOOM,12157,10/02/2023, 15:12:14,1066
APRL00001,Super Mario BOOM,12159,10/02/2023, 16:14:19,1066
APRL00001,Super Mario BOOM,12160,10/02/2023, 17:10:23,1066
APRL00001,Super Mario BOOM,12161,10/02/2023, 18:14:39,1066
APRL00001,Super Mario BOOM,12161,10/02/2023, 19:09:16,1066
APRL00001,Super Mario BOOM,12164,10/02/2023, 20:12:04,1066
APRL00001,Super Mario BOOM,12169,10/02/2023, 21:10:21,1066
APRL00001,Super Mario BOOM,12173,10/02/2023, 22:10:30,1066
APRL00001,Super Mario BOOM,12174,10/02/2023, 23:11:32,1066
APRL00001,Super Mario BOOM,12177,10/03/2023, 00:50:07,1066
APRL00001,Super Mario BOOM,12177,10/03/2023, 01:47:36,1066
APRL00001,Super Mario BOOM,12178,10/03/2023, 02:19:09,1066
APRL00001,Super Mario BOOM,12179,10/03/2023, 03:11:51,1066
APRL00001,Super Mario BOOM,12180,10/03/2023, 04:13:11,1066
APRL00001,Super Mario BOOM,12180,10/03/2023, 05:10:51,1066
APRL00001,Super Mario BOOM,12180,10/03/2023, 06:15:10,1066
APRL00001,Super Mario BOOM,12181,10/03/2023, 07:10:57,1066
APRL00001,Super Mario BOOM,12181,10/03/2023, 08:14:33,1066
APRL00001,Super Mario BOOM,12181,10/03/2023, 09:11:24,1066
APRL00001,Super Mario BOOM,12182,10/03/2023, 10:12:43,1066
APRL00001,Super Mario BOOM,12182,10/03/2023, 11:10:12,1066
APRL00001,Super Mario BOOM,12183,10/03/2023, 12:21:12,1066
APRL00001,Super Mario BOOM,12189,10/03/2023, 13:15:07,1066
APRL00001,Super Mario BOOM,12190,10/03/2023, 14:11:04,1066
APRL00001,Super Mario BOOM,12193,10/03/2023, 15:12:16,1066
APRL00001,Super Mario BOOM,12194,10/03/2023, 16:14:41,1066
APRL00001,Super Mario BOOM,12196,10/03/2023, 17:10:31,1066
APRL00001,Super Mario BOOM,12197,10/03/2023, 18:14:41,1066
APRL00001,Super Mario BOOM,12199,10/03/2023, 19:09:43,1066
APRL00001,Super Mario BOOM,12201,10/03/2023, 20:12:00,1066
APRL00001,Super Mario BOOM,12201,10/03/2023, 21:10:21,1066
APRL00001,Super Mario BOOM,12203,10/03/2023, 22:10:28,1066
APRL00001,Super Mario BOOM,12203,10/03/2023, 23:10:50,1066
APRL00001,Super Mario BOOM,12204,10/04/2023, 00:50:26,1066
APRL00001,Super Mario BOOM,12204,10/04/2023, 01:49:52,1066
APRL00001,Super Mario BOOM,12204,10/04/2023, 02:19:51,1066
APRL00001,Super Mario BOOM,12205,10/04/2023, 03:12:10,1066
APRL00001,Super Mario BOOM,12206,10/04/2023, 04:13:45,1066
APRL00001,Super Mario BOOM,12207,10/04/2023, 05:11:12,1066
APRL00001,Super Mario BOOM,12207,10/04/2023, 06:15:22,1066
APRL00001,Super Mario BOOM,12208,10/04/2023, 07:11:17,1066
APRL00001,Super Mario BOOM,12209,10/04/2023, 08:15:12,1066
APRL00001,Super Mario BOOM,12211,10/04/2023, 09:11:36,1066
APRL00001,Super Mario BOOM,12214,10/04/2023, 10:12:36,1066
APRL00001,Super Mario BOOM,12215,10/04/2023, 11:09:43,1066
APRL00001,Super Mario BOOM,12218,10/04/2023, 12:21:57,1066
APRL00001,Super Mario BOOM,12220,10/04/2023, 13:15:53,1066
APRL00001,Super Mario BOOM,12221,10/04/2023, 14:11:33,1066
APRL00001,Super Mario BOOM,12222,10/04/2023, 15:12:04,1066
APRL00001,Super Mario BOOM,12223,10/04/2023, 16:15:08,1066
APRL00001,Super Mario BOOM,12224,10/04/2023, 17:10:51,1066
APRL00001,Super Mario BOOM,12225,10/04/2023, 18:15:07,1066
APRL00001,Super Mario BOOM,12228,10/04/2023, 19:09:15,1066
APRL00001,Super Mario BOOM,12230,10/04/2023, 20:11:47,1066
APRL00001,Super Mario BOOM,12233,10/04/2023, 21:11:22,1066
APRL00001,Super Mario BOOM,12233,10/04/2023, 22:11:37,1066
APRL00001,Super Mario BOOM,12233,10/04/2023, 23:11:39,1066
APRL00001,Super Mario BOOM,12234,10/05/2023, 00:49:18,1066
APRL00001,Super Mario BOOM,12237,10/05/2023, 01:51:39,1066
APRL00001,Super Mario BOOM,12238,10/05/2023, 02:21:12,1066
APRL00001,Super Mario BOOM,12241,10/05/2023, 03:11:26,1066
APRL00001,Super Mario BOOM,12243,10/05/2023, 04:13:30,1066
APRL00001,Super Mario BOOM,12246,10/05/2023, 05:11:18,1066
APRL00001,Super Mario BOOM,12246,10/05/2023, 06:15:22,1066
APRL00001,Super Mario BOOM,12247,10/05/2023, 07:10:33,1066
APRL00001,Super Mario BOOM,12248,10/05/2023, 08:15:39,1066
APRL00001,Super Mario BOOM,12248,10/05/2023, 09:11:55,1066
APRL00001,Super Mario BOOM,12248,10/05/2023, 10:13:03,1066
APRL00001,Super Mario BOOM,12249,10/05/2023, 11:09:48,1066
APRL00001,Super Mario BOOM,12251,10/05/2023, 12:22:20,1066
APRL00001,Super Mario BOOM,12252,10/05/2023, 13:16:31,1066
APRL00001,Super Mario BOOM,12253,10/05/2023, 14:10:50,1066
APRL00001,Super Mario BOOM,12255,10/05/2023, 15:12:12,1066
APRL00001,Super Mario BOOM,12258,10/05/2023, 16:15:28,1066
APRL00001,Super Mario BOOM,12260,10/05/2023, 17:10:57,1066
APRL00001,Super Mario BOOM,12264,10/05/2023, 18:14:59,1066
APRL00001,Super Mario BOOM,12266,10/05/2023, 19:09:21,1066
APRL00001,Super Mario BOOM,12268,10/05/2023, 20:11:59,1066
APRL00001,Super Mario BOOM,12269,10/05/2023, 21:10:32,1066
APRL00001,Super Mario BOOM,12269,10/05/2023, 22:10:15,1066
APRL00001,Super Mario BOOM,12271,10/05/2023, 23:11:31,1066
APRL00001,Super Mario BOOM,12275,10/06/2023, 00:49:15,1066
APRL00001,Super Mario BOOM,12275,10/06/2023, 01:46:52,1066
APRL00001,Super Mario BOOM,12277,10/06/2023, 02:19:01,1066
APRL00001,Super Mario BOOM,12278,10/06/2023, 03:11:46,1066
APRL00001,Super Mario BOOM,12278,10/06/2023, 04:13:08,1066
APRL00001,Super Mario BOOM,12280,10/06/2023, 05:11:20,1066
APRL00001,Super Mario BOOM,12280,10/06/2023, 06:15:13,1066
APRL00001,Super Mario BOOM,12280,10/06/2023, 07:10:48,1066
APRL00001,Super Mario BOOM,12283,10/06/2023, 08:14:50,1066
APRL00001,Super Mario BOOM,12283,10/06/2023, 09:11:17,1066
APRL00001,Super Mario BOOM,12283,10/06/2023, 10:12:18,1066
APRL00001,Super Mario BOOM,12284,10/06/2023, 11:10:02,1066
APRL00001,Super Mario BOOM,12285,10/06/2023, 12:21:42,1066
APRL00001,Super Mario BOOM,12286,10/06/2023, 13:14:43,1066
APRL00001,Super Mario BOOM,12287,10/06/2023, 14:11:17,1066
APRL00001,Super Mario BOOM,12289,10/06/2023, 15:12:29,1066
APRL00001,Super Mario BOOM,12289,10/06/2023, 16:14:36,1066
APRL00001,Super Mario BOOM,12290,10/06/2023, 17:10:41,1066
APRL00001,Super Mario BOOM,12290,10/06/2023, 18:14:14,1066
APRL00001,Super Mario BOOM,12292,10/06/2023, 19:09:26,1066
APRL00001,Super Mario BOOM,12294,10/06/2023, 20:12:18,1066
APRL00001,Super Mario BOOM,12297,10/06/2023, 21:10:10,1066
APRL00001,Super Mario BOOM,12298,10/06/2023, 22:10:24,1066
APRL00001,Super Mario BOOM,12298,10/06/2023, 23:10:56,1066
APRL00001,Super Mario BOOM,12299,10/07/2023, 00:48:27,1066
APRL00001,Super Mario BOOM,12301,10/07/2023, 01:43:53,1066
APRL00001,Super Mario BOOM,12301,10/07/2023, 02:17:11,1066
APRL00001,Super Mario BOOM,12301,10/07/2023, 03:11:36,1066
APRL00001,Super Mario BOOM,12304,10/07/2023, 04:13:25,1066
APRL00001,Super Mario BOOM,12304,10/07/2023, 05:10:09,1066
APRL00001,Super Mario BOOM,12304,10/07/2023, 06:14:10,1066
APRL00001,Super Mario BOOM,12306,10/07/2023, 07:10:11,1066
APRL00001,Super Mario BOOM,12308,10/07/2023, 08:12:58,1066
APRL00001,Super Mario BOOM,12308,10/07/2023, 09:10:15,1066
APRL00001,Super Mario BOOM,12310,10/07/2023, 10:10:56,1066
APRL00001,Super Mario BOOM,12311,10/07/2023, 11:09:10,1066
APRL00001,Super Mario BOOM,12313,10/07/2023, 12:19:00,1066
APRL00001,Super Mario BOOM,12315,10/07/2023, 13:11:31,1066
APRL00001,Super Mario BOOM,12316,10/07/2023, 14:09:22,1066
APRL00001,Super Mario BOOM,12317,10/07/2023, 15:10:16,1066
APRL00001,Super Mario BOOM,12318,10/07/2023, 16:12:50,1066
APRL00001,Super Mario BOOM,12322,10/07/2023, 17:09:42,1066
APRL00001,Super Mario BOOM,12325,10/07/2023, 18:13:20,1066
APRL00001,Super Mario BOOM,12325,10/07/2023, 19:08:44,1066
APRL00001,Super Mario BOOM,12327,10/07/2023, 20:11:02,1066
APRL00001,Super Mario BOOM,12330,10/07/2023, 21:09:19,1066
APRL00001,Super Mario BOOM,12333,10/07/2023, 22:10:03,1066
APRL00001,Super Mario BOOM,12334,10/07/2023, 23:10:31,1066
APRL00001,Super Mario BOOM,12338,10/08/2023, 00:53:09,1066
APRL00001,Super Mario BOOM,12340,10/08/2023, 01:52:31,1066
APRL00001,Super Mario BOOM,12341,10/08/2023, 02:21:15,1066
APRL00001,Super Mario BOOM,12342,10/08/2023, 03:11:17,1066
APRL00001,Super Mario BOOM,12343,10/08/2023, 04:12:52,1066
APRL00001,Super Mario BOOM,12343,10/08/2023, 05:10:10,1066
APRL00001,Super Mario BOOM,12345,10/08/2023, 06:14:27,1066
APRL00001,Super Mario BOOM,12347,10/08/2023, 07:09:54,1066
APRL00001,Super Mario BOOM,12349,10/08/2023, 08:13:13,1066
APRL00001,Super Mario BOOM,12352,10/08/2023, 09:09:49,1066
APRL00001,Super Mario BOOM,12354,10/08/2023, 10:10:26,1066
APRL00001,Super Mario BOOM,12355,10/08/2023, 11:09:05,1066
APRL00001,Super Mario BOOM,12357,10/08/2023, 12:19:18,1066
APRL00001,Super Mario BOOM,12359,10/08/2023, 13:11:43,1066
APRL00001,Super Mario BOOM,12362,10/08/2023, 14:09:30,1066
APRL00001,Super Mario BOOM,12365,10/08/2023, 15:10:20,1066
APRL00001,Super Mario BOOM,12368,10/08/2023, 16:13:06,1066
APRL00001,Super Mario BOOM,12371,10/08/2023, 17:09:31,1066
APRL00001,Super Mario BOOM,12374,10/08/2023, 18:13:23,1066
APRL00001,Super Mario BOOM,12375,10/08/2023, 19:08:41,1066
APRL00001,Super Mario BOOM,12378,10/08/2023, 20:11:06,1066
APRL00001,Super Mario BOOM,12379,10/08/2023, 21:09:40,1066
APRL00001,Super Mario BOOM,12382,10/08/2023, 22:10:05,1066
APRL00001,Super Mario BOOM,12385,10/08/2023, 23:11:00,1066
APRL00001,Super Mario BOOM,12385,10/09/2023, 03:11:50,1066
APRL00001,Super Mario BOOM,12387,10/09/2023, 04:14:02,1066
APRL00001,Super Mario BOOM,12388,10/09/2023, 05:11:05,1066
APRL00001,Super Mario BOOM,12389,10/09/2023, 06:15:41,1066
APRL00001,Super Mario BOOM,12390,10/09/2023, 07:11:19,1066
APRL00001,Super Mario BOOM,12390,10/09/2023, 08:15:25,1066
APRL00001,Super Mario BOOM,12390,10/09/2023, 09:12:38,1066
APRL00001,Super Mario BOOM,12390,10/09/2023, 10:12:51,1066
APRL00001,Super Mario BOOM,12390,10/09/2023, 11:10:11,1066
APRL00001,Super Mario BOOM,12392,10/09/2023, 12:23:03,1066
APRL00001,Super Mario BOOM,12398,10/09/2023, 13:16:56,1066
APRL00001,Super Mario BOOM,12399,10/09/2023, 14:11:39,1066
APRL00001,Super Mario BOOM,12400,10/09/2023, 15:12:27,1066
APRL00001,Super Mario BOOM,12401,10/09/2023, 16:14:51,1066
APRL00001,Super Mario BOOM,12402,10/09/2023, 17:10:43,1066
APRL00001,Super Mario BOOM,12402,10/09/2023, 18:14:17,1066
APRL00001,Super Mario BOOM,12404,10/09/2023, 19:09:10,1066
APRL00001,Super Mario BOOM,12405,10/09/2023, 20:11:25,1066
APRL00001,Super Mario BOOM,12405,10/09/2023, 21:10:20,1066
APRL00001,Super Mario BOOM,12408,10/09/2023, 22:10:24,1066
APRL00001,Super Mario BOOM,12411,10/09/2023, 23:11:10,1066
APRL00001,Super Mario BOOM,12412,10/10/2023, 00:49:11,1066
APRL00001,Super Mario BOOM,12412,10/10/2023, 01:45:39,1066
APRL00001,Super Mario BOOM,12413,10/10/2023, 02:18:41,1066
APRL00001,Super Mario BOOM,12414,10/10/2023, 03:11:52,1066
APRL00001,Super Mario BOOM,12415,10/10/2023, 04:13:26,1066
APRL00001,Super Mario BOOM,12415,10/10/2023, 05:11:18,1066
APRL00001,Super Mario BOOM,12416,10/10/2023, 06:15:48,1066
APRL00001,Super Mario BOOM,12416,10/10/2023, 07:10:53,1066
APRL00001,Super Mario BOOM,12416,10/10/2023, 08:15:09,1066
APRL00001,Super Mario BOOM,12417,10/10/2023, 09:12:05,1066
APRL00001,Super Mario BOOM,12418,10/10/2023, 10:12:31,1066
APRL00001,Super Mario BOOM,12420,10/10/2023, 11:09:53,1066
APRL00001,Super Mario BOOM,12422,10/10/2023, 12:21:16,1066
APRL00001,Super Mario BOOM,12424,10/10/2023, 13:15:02,1066
APRL00001,Super Mario BOOM,12424,10/10/2023, 14:10:57,1066
APRL00001,Super Mario BOOM,12425,10/10/2023, 15:12:21,1066
APRL00001,Super Mario BOOM,12426,10/10/2023, 16:14:54,1066
APRL00001,Super Mario BOOM,12427,10/10/2023, 17:10:16,1066
APRL00001,Super Mario BOOM,12429,10/10/2023, 18:15:04,1066
APRL00001,Super Mario BOOM,12429,10/10/2023, 19:08:48,1066
APRL00001,Super Mario BOOM,12429,10/10/2023, 20:10:51,1066
APRL00001,Super Mario BOOM,12431,10/10/2023, 21:10:52,1066
APRL00001,Super Mario BOOM,12432,10/10/2023, 22:10:33,1066
APRL00001,Super Mario BOOM,12434,10/10/2023, 23:10:46,1066
APRL00001,Super Mario BOOM,12440,10/11/2023, 00:51:29,1066
APRL00001,Super Mario BOOM,12443,10/11/2023, 01:46:11,1066
APRL00001,Super Mario BOOM,12443,10/11/2023, 02:18:39,1066
APRL00001,Super Mario BOOM,12444,10/11/2023, 03:11:46,1066
APRL00001,Super Mario BOOM,12446,10/11/2023, 04:13:33,1066
APRL00001,Super Mario BOOM,12446,10/11/2023, 05:10:59,1066
APRL00001,Super Mario BOOM,12447,10/11/2023, 06:16:12,1066
APRL00001,Super Mario BOOM,12450,10/11/2023, 07:11:02,1066
APRL00001,Super Mario BOOM,12450,10/11/2023, 08:15:15,1066
APRL00001,Super Mario BOOM,12450,10/11/2023, 09:11:48,1066
APRL00001,Super Mario BOOM,12450,10/11/2023, 10:12:43,1066
APRL00001,Super Mario BOOM,12451,10/11/2023, 11:10:16,1066
APRL00001,Super Mario BOOM,12452,10/11/2023, 12:22:03,1066
APRL00001,Super Mario BOOM,12453,10/11/2023, 13:15:26,1066
APRL00001,Super Mario BOOM,12455,10/11/2023, 14:11:44,1066
APRL00001,Super Mario BOOM,12455,10/11/2023, 15:11:20,1066
APRL00001,Super Mario BOOM,12456,10/11/2023, 16:14:41,1066
APRL00001,Super Mario BOOM,12458,10/11/2023, 17:10:54,1066
APRL00001,Super Mario BOOM,12460,10/11/2023, 18:15:07,1066
APRL00001,Super Mario BOOM,12460,10/11/2023, 19:09:45,1066
APRL00001,Super Mario BOOM,12462,10/11/2023, 20:12:08,1066
APRL00001,Super Mario BOOM,12464,10/11/2023, 21:10:48,1066
APRL00001,Super Mario BOOM,12466,10/11/2023, 22:10:36,1066
APRL00001,Super Mario BOOM,12466,10/11/2023, 23:11:20,1066
APRL00001,Super Mario BOOM,12468,10/12/2023, 00:46:49,1066
APRL00001,Super Mario BOOM,12470,10/12/2023, 01:43:58,1066
APRL00001,Super Mario BOOM,12472,10/12/2023, 02:16:59,1066
APRL00001,Super Mario BOOM,12473,10/12/2023, 03:12:06,1066
APRL00001,Super Mario BOOM,12473,10/12/2023, 04:13:16,1066
APRL00001,Super Mario BOOM,12473,10/12/2023, 05:11:16,1066
APRL00001,Super Mario BOOM,12474,10/12/2023, 06:15:11,1066
APRL00001,Super Mario BOOM,12474,10/12/2023, 07:11:38,1066
APRL00001,Super Mario BOOM,12475,10/12/2023, 08:14:56,1066
APRL00001,Super Mario BOOM,12475,10/12/2023, 09:11:30,1066
APRL00001,Super Mario BOOM,12478,10/12/2023, 10:12:03,1066
APRL00001,Super Mario BOOM,12478,10/12/2023, 11:10:07,1066
APRL00001,Super Mario BOOM,12480,10/12/2023, 12:21:42,1066
APRL00001,Super Mario BOOM,12481,10/12/2023, 13:15:05,1066
APRL00001,Super Mario BOOM,12481,10/12/2023, 14:10:51,1066
APRL00001,Super Mario BOOM,12483,10/12/2023, 15:12:05,1066
APRL00001,Super Mario BOOM,12484,10/12/2023, 16:15:07,1066
APRL00001,Super Mario BOOM,12484,10/12/2023, 17:10:56,1066
APRL00001,Super Mario BOOM,12488,10/12/2023, 18:14:37,1066
APRL00001,Super Mario BOOM,12492,10/12/2023, 19:09:20,1066
APRL00001,Super Mario BOOM,12494,10/12/2023, 20:11:10,1066
APRL00001,Super Mario BOOM,12498,10/12/2023, 21:10:14,1066
APRL00001,Super Mario BOOM,12500,10/12/2023, 22:10:47,1066
APRL00001,Super Mario BOOM,12502,10/12/2023, 23:11:53,1066
APRL00001,Super Mario BOOM,12503,10/13/2023, 00:50:45,1066
APRL00001,Super Mario BOOM,12503,10/13/2023, 01:52:16,1066
APRL00001,Super Mario BOOM,12503,10/13/2023, 02:22:23,1066
APRL00001,Super Mario BOOM,12504,10/13/2023, 03:12:11,1066
APRL00001,Super Mario BOOM,12504,10/13/2023, 04:13:24,1066
APRL00001,Super Mario BOOM,12506,10/13/2023, 05:11:15,1066
APRL00001,Super Mario BOOM,12507,10/13/2023, 06:15:30,1066
APRL00001,Super Mario BOOM,12507,10/13/2023, 07:10:56,1066
APRL00001,Super Mario BOOM,12507,10/13/2023, 08:15:17,1066
APRL00001,Super Mario BOOM,12508,10/13/2023, 09:11:30,1066
APRL00001,Super Mario BOOM,12512,10/13/2023, 10:12:35,1066
APRL00001,Super Mario BOOM,12514,10/13/2023, 11:09:40,1066
APRL00001,Super Mario BOOM,12515,10/13/2023, 12:21:42,1066
APRL00001,Super Mario BOOM,12517,10/13/2023, 13:15:26,1066
APRL00001,Super Mario BOOM,12519,10/13/2023, 14:11:03,1066
APRL00001,Super Mario BOOM,12523,10/13/2023, 15:11:56,1066
APRL00001,Super Mario BOOM,12523,10/13/2023, 16:14:17,1066
APRL00001,Super Mario BOOM,12525,10/13/2023, 17:10:32,1066
APRL00001,Super Mario BOOM,12526,10/13/2023, 18:14:56,1066
APRL00001,Super Mario BOOM,12527,10/13/2023, 19:09:32,1066
APRL00001,Super Mario BOOM,12529,10/13/2023, 20:12:38,1066
APRL00001,Super Mario BOOM,12530,10/13/2023, 21:10:11,1066
APRL00001,Super Mario BOOM,12531,10/13/2023, 22:10:43,1066
APRL00001,Super Mario BOOM,12535,10/13/2023, 23:10:53,1066
APRL00001,Super Mario BOOM,12537,10/14/2023, 00:47:45,1066
APRL00001,Super Mario BOOM,12539,10/14/2023, 01:43:03,1066
APRL00001,Super Mario BOOM,12539,10/14/2023, 02:15:39,1066
APRL00001,Super Mario BOOM,12540,10/14/2023, 03:11:43,1066
APRL00001,Super Mario BOOM,12541,10/14/2023, 04:13:01,1066
APRL00001,Super Mario BOOM,12541,10/14/2023, 05:10:31,1066
APRL00001,Super Mario BOOM,12543,10/14/2023, 06:13:58,1066
APRL00001,Super Mario BOOM,12543,10/14/2023, 07:10:01,1066
APRL00001,Super Mario BOOM,12543,10/14/2023, 08:13:00,1066
APRL00001,Super Mario BOOM,12546,10/14/2023, 09:10:11,1066
APRL00001,Super Mario BOOM,12547,10/14/2023, 10:10:41,1066
APRL00001,Super Mario BOOM,12547,10/14/2023, 11:09:13,1066
APRL00001,Super Mario BOOM,12549,10/14/2023, 12:18:51,1066
APRL00001,Super Mario BOOM,12551,10/14/2023, 13:11:49,1066
APRL00001,Super Mario BOOM,12552,10/14/2023, 14:09:26,1066
APRL00001,Super Mario BOOM,12553,10/14/2023, 15:10:43,1066
APRL00001,Super Mario BOOM,12557,10/14/2023, 16:12:44,1066
APRL00001,Super Mario BOOM,12557,10/14/2023, 17:09:22,1066
APRL00001,Super Mario BOOM,12558,10/14/2023, 18:13:33,1066
APRL00001,Super Mario BOOM,12559,10/14/2023, 19:08:30,1066
APRL00001,Super Mario BOOM,12562,10/14/2023, 20:11:21,1066
APRL00001,Super Mario BOOM,12565,10/14/2023, 21:09:22,1066
APRL00001,Super Mario BOOM,12568,10/14/2023, 22:09:51,1066
APRL00001,Super Mario BOOM,12569,10/14/2023, 23:10:53,1066
APRL00001,Super Mario BOOM,12570,10/15/2023, 00:52:58,1066
APRL00001,Super Mario BOOM,12571,10/15/2023, 01:53:12,1066
APRL00001,Super Mario BOOM,12571,10/15/2023, 02:21:34,1066
APRL00001,Super Mario BOOM,12575,10/15/2023, 03:11:29,1066
APRL00001,Super Mario BOOM,12575,10/15/2023, 04:13:07,1066
APRL00001,Super Mario BOOM,12577,10/15/2023, 05:10:51,1066
APRL00001,Super Mario BOOM,12577,10/15/2023, 06:14:18,1066
APRL00001,Super Mario BOOM,12577,10/15/2023, 07:10:04,1066
APRL00001,Super Mario BOOM,12578,10/15/2023, 08:13:15,1066
APRL00001,Super Mario BOOM,12578,10/15/2023, 09:10:00,1066
APRL00001,Super Mario BOOM,12580,10/15/2023, 10:11:07,1066
APRL00001,Super Mario BOOM,12583,10/15/2023, 11:08:48,1066
APRL00001,Super Mario BOOM,12584,10/15/2023, 12:19:31,1066
APRL00001,Super Mario BOOM,12584,10/15/2023, 13:11:25,1066
APRL00001,Super Mario BOOM,12586,10/15/2023, 14:09:59,1066
APRL00001,Super Mario BOOM,12586,10/15/2023, 15:10:37,1066
APRL00001,Super Mario BOOM,12587,10/15/2023, 16:15:26,1066
APRL00001,Super Mario BOOM,12591,10/15/2023, 17:09:22,1066
APRL00001,Super Mario BOOM,12594,10/15/2023, 18:13:44,1066
APRL00001,Super Mario BOOM,12597,10/15/2023, 19:09:05,1066
APRL00001,Super Mario BOOM,12601,10/15/2023, 20:11:06,1066
APRL00001,Super Mario BOOM,12602,10/15/2023, 21:09:37,1066
APRL00001,Super Mario BOOM,12605,10/15/2023, 22:10:17,1066
APRL00001,Super Mario BOOM,12607,10/15/2023, 23:10:49,1066
APRL00001,Super Mario BOOM,12610,10/16/2023, 00:50:42,1066
APRL00001,Super Mario BOOM,12610,10/16/2023, 01:51:12,1066
APRL00001,Super Mario BOOM,12610,10/16/2023, 02:21:06,1066
APRL00001,Super Mario BOOM,12610,10/16/2023, 03:12:32,1066
APRL00001,Super Mario BOOM,12611,10/16/2023, 04:13:40,1066
APRL00001,Super Mario BOOM,12611,10/16/2023, 05:11:40,1066
APRL00001,Super Mario BOOM,12611,10/16/2023, 06:15:36,1066
APRL00001,Super Mario BOOM,12613,10/16/2023, 07:11:28,1066
APRL00001,Super Mario BOOM,12613,10/16/2023, 08:15:56,1066
APRL00001,Super Mario BOOM,12613,10/16/2023, 09:12:45,1066
APRL00001,Super Mario BOOM,12614,10/16/2023, 10:13:08,1066
APRL00001,Super Mario BOOM,12616,10/16/2023, 11:10:18,1066
APRL00001,Super Mario BOOM,12617,10/16/2023, 12:22:14,1066
APRL00001,Super Mario BOOM,12619,10/16/2023, 13:15:58,1066
APRL00001,Super Mario BOOM,12620,10/16/2023, 14:12:02,1066
APRL00001,Super Mario BOOM,12621,10/16/2023, 15:11:54,1066
APRL00001,Super Mario BOOM,12621,10/16/2023, 16:15:11,1066
APRL00001,Super Mario BOOM,12621,10/16/2023, 17:10:56,1066
APRL00001,Super Mario BOOM,12623,10/16/2023, 18:15:33,1066
APRL00001,Super Mario BOOM,12624,10/16/2023, 19:09:43,1066
APRL00001,Super Mario BOOM,12626,10/16/2023, 20:13:05,1066
APRL00001,Super Mario BOOM,12626,10/16/2023, 21:10:46,1066
APRL00001,Super Mario BOOM,12626,10/16/2023, 22:10:52,1066
APRL00001,Super Mario BOOM,12628,10/16/2023, 23:10:59,1066
APRL00001,Super Mario BOOM,12629,10/17/2023, 00:50:09,1066
APRL00001,Super Mario BOOM,12629,10/17/2023, 01:48:51,1066
APRL00001,Super Mario BOOM,12629,10/17/2023, 02:19:28,1066
APRL00001,Super Mario BOOM,12629,10/17/2023, 03:12:24,1066
APRL00001,Super Mario BOOM,12630,10/17/2023, 04:13:28,1066
APRL00001,Super Mario BOOM,12630,10/17/2023, 05:11:20,1066
APRL00001,Super Mario BOOM,12631,10/17/2023, 06:15:50,1066
APRL00001,Super Mario BOOM,12632,10/17/2023, 07:11:37,1066
APRL00001,Super Mario BOOM,12635,10/17/2023, 08:15:12,1066
APRL00001,Super Mario BOOM,12636,10/17/2023, 09:11:54,1066
APRL00001,Super Mario BOOM,12636,10/17/2023, 10:12:51,1066
APRL00001,Super Mario BOOM,12637,10/17/2023, 11:09:43,1066
APRL00001,Super Mario BOOM,12637,10/17/2023, 12:22:07,1066
APRL00001,Super Mario BOOM,12638,10/17/2023, 13:15:19,1066
APRL00001,Super Mario BOOM,12640,10/17/2023, 14:11:10,1066
APRL00001,Super Mario BOOM,12643,10/17/2023, 15:12:00,1066
APRL00001,Super Mario BOOM,12643,10/17/2023, 16:15:15,1066
APRL00001,Super Mario BOOM,12645,10/17/2023, 17:10:51,1066
APRL00001,Super Mario BOOM,12646,10/17/2023, 18:15:25,1066
APRL00001,Super Mario BOOM,12648,10/17/2023, 19:09:34,1066
APRL00001,Super Mario BOOM,12648,10/17/2023, 20:12:01,1066
APRL00001,Super Mario BOOM,12648,10/17/2023, 21:10:34,1066
APRL00001,Super Mario BOOM,12652,10/17/2023, 22:10:39,1066
APRL00001,Super Mario BOOM,12653,10/17/2023, 23:11:19,1066
APRL00001,Super Mario BOOM,12657,10/18/2023, 00:49:38,1066
APRL00001,Super Mario BOOM,12658,10/18/2023, 01:48:49,1066
APRL00001,Super Mario BOOM,12659,10/18/2023, 02:19:22,1066
APRL00001,Super Mario BOOM,12659,10/18/2023, 03:12:24,1066
APRL00001,Super Mario BOOM,12660,10/18/2023, 04:13:47,1066
APRL00001,Super Mario BOOM,12660,10/18/2023, 05:11:15,1066
APRL00001,Super Mario BOOM,12660,10/18/2023, 06:15:22,1066
APRL00001,Super Mario BOOM,12661,10/18/2023, 07:11:15,1066
APRL00001,Super Mario BOOM,12662,10/18/2023, 08:14:42,1066
APRL00001,Super Mario BOOM,12662,10/18/2023, 09:12:18,1066
APRL00001,Super Mario BOOM,12663,10/18/2023, 10:12:14,1066
APRL00001,Super Mario BOOM,12663,10/18/2023, 11:09:44,1066
APRL00001,Super Mario BOOM,12664,10/18/2023, 12:21:51,1066
APRL00001,Super Mario BOOM,12666,10/18/2023, 13:14:53,1066
APRL00001,Super Mario BOOM,12667,10/18/2023, 14:10:57,1066
APRL00001,Super Mario BOOM,12668,10/18/2023, 15:12:18,1066
APRL00001,Super Mario BOOM,12669,10/18/2023, 16:14:47,1066
APRL00001,Super Mario BOOM,12670,10/18/2023, 17:11:25,1066
APRL00001,Super Mario BOOM,12675,10/18/2023, 18:15:19,1066
APRL00001,Super Mario BOOM,12678,10/18/2023, 19:10:14,1066
APRL00001,Super Mario BOOM,12679,10/18/2023, 20:12:07,1066
APRL00001,Super Mario BOOM,12681,10/18/2023, 21:10:10,1066
APRL00001,Super Mario BOOM,12682,10/18/2023, 22:11:07,1066
APRL00001,Super Mario BOOM,12682,10/18/2023, 23:11:15,1066
APRL00001,Super Mario BOOM,12683,10/19/2023, 00:49:13,1066
APRL00001,Super Mario BOOM,12684,10/19/2023, 01:47:29,1066
APRL00001,Super Mario BOOM,12684,10/19/2023, 02:19:02,1066
APRL00001,Super Mario BOOM,12685,10/19/2023, 03:12:15,1066
APRL00001,Super Mario BOOM,12685,10/19/2023, 04:13:32,1066
APRL00001,Super Mario BOOM,12685,10/19/2023, 05:11:16,1066
APRL00001,Super Mario BOOM,12686,10/19/2023, 06:15:43,1066
APRL00001,Super Mario BOOM,12687,10/19/2023, 07:11:08,1066
APRL00001,Super Mario BOOM,12687,10/19/2023, 08:14:57,1066
APRL00001,Super Mario BOOM,12688,10/19/2023, 09:11:35,1066
APRL00001,Super Mario BOOM,12689,10/19/2023, 10:12:29,1066
APRL00001,Super Mario BOOM,12689,10/19/2023, 11:09:44,1066
APRL00001,Super Mario BOOM,12689,10/19/2023, 12:21:46,1066
APRL00001,Super Mario BOOM,12689,10/19/2023, 13:14:57,1066
APRL00001,Super Mario BOOM,12690,10/19/2023, 14:11:16,1066
APRL00001,Super Mario BOOM,12692,10/19/2023, 15:11:48,1066
APRL00001,Super Mario BOOM,12692,10/19/2023, 16:15:00,1066
APRL00001,Super Mario BOOM,12693,10/19/2023, 17:10:16,1066
APRL00001,Super Mario BOOM,12695,10/19/2023, 18:14:33,1066
APRL00001,Super Mario BOOM,12697,10/19/2023, 19:09:41,1066
APRL00001,Super Mario BOOM,12698,10/19/2023, 20:12:28,1066
APRL00001,Super Mario BOOM,12698,10/19/2023, 21:09:39,1066
APRL00001,Super Mario BOOM,12701,10/19/2023, 22:10:27,1066
APRL00001,Super Mario BOOM,12701,10/19/2023, 23:11:32,1066
APRL00001,Super Mario BOOM,12705,10/20/2023, 00:49:36,1066
APRL00001,Super Mario BOOM,12706,10/20/2023, 01:46:50,1066
APRL00001,Super Mario BOOM,12706,10/20/2023, 02:19:00,1066
APRL00001,Super Mario BOOM,12706,10/20/2023, 03:12:04,1066
APRL00001,Super Mario BOOM,12706,10/20/2023, 04:13:46,1066
APRL00001,Super Mario BOOM,12707,10/20/2023, 05:10:52,1066
APRL00001,Super Mario BOOM,12708,10/20/2023, 06:15:06,1066
APRL00001,Super Mario BOOM,12709,10/20/2023, 07:11:20,1066
APRL00001,Super Mario BOOM,12710,10/20/2023, 08:14:53,1066
APRL00001,Super Mario BOOM,12710,10/20/2023, 09:11:35,1066
APRL00001,Super Mario BOOM,12710,10/20/2023, 10:12:26,1066
APRL00001,Super Mario BOOM,12712,10/20/2023, 11:10:03,1066
APRL00001,Super Mario BOOM,12712,10/20/2023, 12:21:02,1066
APRL00001,Super Mario BOOM,12715,10/20/2023, 13:14:23,1066
APRL00001,Super Mario BOOM,12717,10/20/2023, 14:10:50,1066
APRL00001,Super Mario BOOM,12717,10/20/2023, 15:10:29,1066
APRL00001,Super Mario BOOM,12719,10/20/2023, 16:14:15,1066
APRL00001,Super Mario BOOM,12722,10/20/2023, 17:10:22,1066
APRL00001,Super Mario BOOM,12725,10/20/2023, 18:13:47,1066
APRL00001,Super Mario BOOM,12727,10/20/2023, 19:09:08,1066
APRL00001,Super Mario BOOM,12727,10/20/2023, 20:11:51,1066
APRL00001,Super Mario BOOM,12732,10/20/2023, 21:09:51,1066
APRL00001,Super Mario BOOM,12734,10/20/2023, 22:10:29,1066
APRL00001,Super Mario BOOM,12734,10/20/2023, 23:10:53,1066
APRL00001,Super Mario BOOM,12735,10/21/2023, 00:47:27,1066
APRL00001,Super Mario BOOM,12735,10/21/2023, 01:42:53,1066
APRL00001,Super Mario BOOM,12737,10/21/2023, 02:16:06,1066
APRL00001,Super Mario BOOM,12738,10/21/2023, 03:11:41,1066
APRL00001,Super Mario BOOM,12739,10/21/2023, 04:13:19,1066
APRL00001,Super Mario BOOM,12740,10/21/2023, 05:11:31,1066
APRL00001,Super Mario BOOM,12743,10/21/2023, 06:13:59,1066
APRL00001,Super Mario BOOM,12744,10/21/2023, 07:09:59,1066
APRL00001,Super Mario BOOM,12744,10/21/2023, 08:13:08,1066
APRL00001,Super Mario BOOM,12747,10/21/2023, 09:10:06,1066
APRL00001,Super Mario BOOM,12748,10/21/2023, 10:10:41,1066
APRL00001,Super Mario BOOM,12748,10/21/2023, 11:09:19,1066
APRL00001,Super Mario BOOM,12750,10/21/2023, 12:18:46,1066
APRL00001,Super Mario BOOM,12754,10/21/2023, 13:11:29,1066
APRL00001,Super Mario BOOM,12756,10/21/2023, 14:09:13,1066
APRL00001,Super Mario BOOM,12756,10/21/2023, 15:10:35,1066
APRL00001,Super Mario BOOM,12759,10/21/2023, 16:13:26,1066
APRL00001,Super Mario BOOM,12760,10/21/2023, 17:09:38,1066
APRL00001,Super Mario BOOM,12760,10/21/2023, 18:13:01,1066
APRL00001,Super Mario BOOM,12762,10/21/2023, 19:08:46,1066
APRL00001,Super Mario BOOM,12764,10/21/2023, 20:11:12,1066
APRL00001,Super Mario BOOM,12764,10/21/2023, 21:09:27,1066
APRL00001,Super Mario BOOM,12766,10/21/2023, 22:10:17,1066
APRL00001,Super Mario BOOM,12767,10/21/2023, 23:10:39,1066
APRL00001,Super Mario BOOM,12770,10/22/2023, 00:53:17,1066
APRL00001,Super Mario BOOM,12775,10/22/2023, 01:53:24,1066
APRL00001,Super Mario BOOM,12775,10/22/2023, 02:21:28,1066
APRL00001,Super Mario BOOM,12775,10/22/2023, 03:11:44,1066
APRL00001,Super Mario BOOM,12776,10/22/2023, 04:13:21,1066
APRL00001,Super Mario BOOM,12777,10/22/2023, 05:11:16,1066
APRL00001,Super Mario BOOM,12777,10/22/2023, 06:14:25,1066
APRL00001,Super Mario BOOM,12779,10/22/2023, 07:09:55,1066
APRL00001,Super Mario BOOM,12780,10/22/2023, 08:12:59,1066
APRL00001,Super Mario BOOM,12784,10/22/2023, 09:10:21,1066
APRL00001,Super Mario BOOM,12785,10/22/2023, 10:11:24,1066
APRL00001,Super Mario BOOM,12786,10/22/2023, 11:09:15,1066
APRL00001,Super Mario BOOM,12790,10/22/2023, 12:19:26,1066
APRL00001,Super Mario BOOM,12792,10/22/2023, 13:12:01,1066
APRL00001,Super Mario BOOM,12792,10/22/2023, 14:10:04,1066
APRL00001,Super Mario BOOM,12792,10/22/2023, 15:10:17,1066
APRL00001,Super Mario BOOM,12793,10/22/2023, 16:13:42,1066
APRL00001,Super Mario BOOM,12795,10/22/2023, 17:10:19,1066
APRL00001,Super Mario BOOM,12795,10/22/2023, 18:12:54,1066
APRL00001,Super Mario BOOM,12796,10/22/2023, 19:10:12,1066
APRL00001,Super Mario BOOM,12796,10/22/2023, 20:11:02,1066
APRL00001,Super Mario BOOM,12796,10/22/2023, 21:09:39,1066
APRL00001,Super Mario BOOM,12798,10/22/2023, 22:09:54,1066
APRL00001,Super Mario BOOM,12799,10/22/2023, 23:10:45,1066
APRL00001,Super Mario BOOM,12802,10/23/2023, 00:50:06,1066
APRL00001,Super Mario BOOM,12803,10/23/2023, 01:48:42,1066
APRL00001,Super Mario BOOM,12803,10/23/2023, 02:19:56,1066
APRL00001,Super Mario BOOM,12805,10/23/2023, 03:12:32,1066
APRL00001,Super Mario BOOM,12805,10/23/2023, 04:13:52,1066
APRL00001,Super Mario BOOM,12805,10/23/2023, 05:11:38,1066
APRL00001,Super Mario BOOM,12806,10/23/2023, 06:15:52,1066
APRL00001,Super Mario BOOM,12806,10/23/2023, 07:11:25,1066
APRL00001,Super Mario BOOM,12806,10/23/2023, 08:15:35,1066
APRL00001,Super Mario BOOM,12807,10/23/2023, 09:12:39,1066
APRL00001,Super Mario BOOM,12809,10/23/2023, 10:13:12,1066
APRL00001,Super Mario BOOM,12809,10/23/2023, 11:09:41,1066
APRL00001,Super Mario BOOM,12810,10/23/2023, 12:21:42,1066
APRL00001,Super Mario BOOM,12811,10/23/2023, 13:15:18,1066
APRL00001,Super Mario BOOM,12812,10/23/2023, 14:11:19,1066
APRL00001,Super Mario BOOM,12814,10/23/2023, 15:12:30,1066
APRL00001,Super Mario BOOM,12815,10/23/2023, 16:14:50,1066
APRL00001,Super Mario BOOM,12816,10/23/2023, 17:10:01,1066
APRL00001,Super Mario BOOM,12818,10/23/2023, 18:13:42,1066
APRL00001,Super Mario BOOM,12820,10/23/2023, 19:09:48,1066
APRL00001,Super Mario BOOM,12820,10/23/2023, 20:11:16,1066
APRL00001,Super Mario BOOM,12822,10/23/2023, 21:10:27,1066
APRL00001,Super Mario BOOM,12824,10/23/2023, 22:11:19,1066
APRL00001,Super Mario BOOM,12825,10/23/2023, 23:11:27,1066
APRL00001,Super Mario BOOM,12828,10/24/2023, 00:49:29,1066
APRL00001,Super Mario BOOM,12828,10/24/2023, 01:46:41,1066
APRL00001,Super Mario BOOM,12828,10/24/2023, 02:19:17,1066
APRL00001,Super Mario BOOM,12832,10/24/2023, 03:12:57,1066
APRL00001,Super Mario BOOM,12832,10/24/2023, 04:13:03,1066
APRL00001,Super Mario BOOM,12834,10/24/2023, 05:11:01,1066
APRL00001,Super Mario BOOM,12837,10/24/2023, 06:14:51,1066
APRL00001,Super Mario BOOM,12840,10/24/2023, 07:11:11,1066
APRL00001,Super Mario BOOM,12841,10/24/2023, 08:14:59,1066
APRL00001,Super Mario BOOM,12843,10/24/2023, 09:11:50,1066
APRL00001,Super Mario BOOM,12843,10/24/2023, 10:12:37,1066
APRL00001,Super Mario BOOM,12844,10/24/2023, 11:09:17,1066
APRL00001,Super Mario BOOM,12844,10/24/2023, 12:20:44,1066
APRL00001,Super Mario BOOM,12845,10/24/2023, 13:14:20,1066
APRL00001,Super Mario BOOM,12846,10/24/2023, 14:10:01,1066
APRL00001,Super Mario BOOM,12849,10/24/2023, 15:12:55,1066
APRL00001,Super Mario BOOM,12852,10/24/2023, 16:15:09,1066
APRL00001,Super Mario BOOM,12852,10/24/2023, 17:10:56,1066
APRL00001,Super Mario BOOM,12856,10/24/2023, 18:14:47,1066
APRL00001,Super Mario BOOM,12860,10/24/2023, 19:09:19,1066
APRL00001,Super Mario BOOM,12860,10/24/2023, 20:12:19,1066
APRL00001,Super Mario BOOM,12861,10/24/2023, 21:10:18,1066
APRL00001,Super Mario BOOM,12862,10/24/2023, 22:10:36,1066
APRL00001,Super Mario BOOM,12864,10/24/2023, 23:11:11,1066
APRL00001,Super Mario BOOM,12866,10/25/2023, 00:49:31,1066
APRL00001,Super Mario BOOM,12869,10/25/2023, 01:46:18,1066
APRL00001,Super Mario BOOM,12869,10/25/2023, 02:18:45,1066
APRL00001,Super Mario BOOM,12869,10/25/2023, 03:12:19,1066
APRL00001,Super Mario BOOM,12870,10/25/2023, 04:14:00,1066
APRL00001,Super Mario BOOM,12871,10/25/2023, 05:11:09,1066
APRL00001,Super Mario BOOM,12872,10/25/2023, 06:15:04,1066
APRL00001,Super Mario BOOM,12872,10/25/2023, 07:11:44,1066
APRL00001,Super Mario BOOM,12873,10/25/2023, 08:15:10,1066
APRL00001,Super Mario BOOM,12873,10/25/2023, 09:12:20,1066
APRL00001,Super Mario BOOM,12873,10/25/2023, 10:12:32,1066
APRL00001,Super Mario BOOM,12874,10/25/2023, 11:10:02,1066
APRL00001,Super Mario BOOM,12876,10/25/2023, 12:21:04,1066
APRL00001,Super Mario BOOM,12876,10/25/2023, 13:14:12,1066
APRL00001,Super Mario BOOM,12876,10/25/2023, 14:10:39,1066
APRL00001,Super Mario BOOM,12877,10/25/2023, 15:11:30,1066
APRL00001,Super Mario BOOM,12878,10/25/2023, 16:14:26,1066
APRL00001,Super Mario BOOM,12879,10/25/2023, 17:09:38,1066
APRL00001,Super Mario BOOM,12881,10/25/2023, 18:14:29,1066
APRL00001,Super Mario BOOM,12881,10/25/2023, 19:09:06,1066
APRL00001,Super Mario BOOM,12884,10/25/2023, 20:11:44,1066
APRL00001,Super Mario BOOM,12887,10/25/2023, 21:10:23,1066
APRL00001,Super Mario BOOM,12889,10/25/2023, 22:10:30,1066
APRL00001,Super Mario BOOM,12890,10/25/2023, 23:11:47,1066
APRL00001,Super Mario BOOM,12891,10/26/2023, 00:48:36,1066
APRL00001,Super Mario BOOM,12893,10/26/2023, 01:43:56,1066
APRL00001,Super Mario BOOM,12895,10/26/2023, 02:17:43,1066
APRL00001,Super Mario BOOM,12895,10/26/2023, 03:12:02,1066
APRL00001,Super Mario BOOM,12896,10/26/2023, 04:13:20,1066
APRL00001,Super Mario BOOM,12900,10/26/2023, 05:11:09,1066
APRL00001,Super Mario BOOM,12900,10/26/2023, 06:14:47,1066
APRL00001,Super Mario BOOM,12901,10/26/2023, 07:11:16,1066
APRL00001,Super Mario BOOM,12901,10/26/2023, 08:14:36,1066
APRL00001,Super Mario BOOM,12902,10/26/2023, 09:11:37,1066
APRL00001,Super Mario BOOM,12902,10/26/2023, 10:12:07,1066
APRL00001,Super Mario BOOM,12902,10/26/2023, 11:09:35,1066
APRL00001,Super Mario BOOM,12906,10/26/2023, 15:11:43,1066
APRL00001,Super Mario BOOM,12909,10/26/2023, 16:14:03,1066
APRL00001,Super Mario BOOM,12910,10/26/2023, 17:10:35,1066
APRL00001,Super Mario BOOM,12913,10/26/2023, 18:14:43,1066
APRL00001,Super Mario BOOM,12914,10/26/2023, 19:09:29,1066
APRL00001,Super Mario BOOM,12916,10/26/2023, 20:12:13,1066
APRL00001,Super Mario BOOM,12916,10/26/2023, 21:10:35,1066
APRL00001,Super Mario BOOM,12918,10/26/2023, 22:10:52,1066
APRL00001,Super Mario BOOM,12918,10/26/2023, 23:11:47,1066
APRL00001,Super Mario BOOM,12920,10/27/2023, 00:48:22,1066
APRL00001,Super Mario BOOM,12920,10/27/2023, 01:44:29,1066
APRL00001,Super Mario BOOM,12921,10/27/2023, 02:17:30,1066
APRL00001,Super Mario BOOM,12921,10/27/2023, 03:12:12,1066
APRL00001,Super Mario BOOM,12922,10/27/2023, 04:13:49,1066
APRL00001,Super Mario BOOM,12922,10/27/2023, 05:11:08,1066
APRL00001,Super Mario BOOM,12923,10/27/2023, 06:15:10,1066
APRL00001,Super Mario BOOM,12924,10/27/2023, 07:10:58,1066
APRL00001,Super Mario BOOM,12924,10/27/2023, 08:14:24,1066
APRL00001,Super Mario BOOM,12925,10/27/2023, 09:10:58,1066
APRL00001,Super Mario BOOM,12925,10/27/2023, 10:12:11,1066
APRL00001,Super Mario BOOM,12929,10/27/2023, 11:09:37,1066
APRL00001,Super Mario BOOM,12929,10/27/2023, 12:20:25,1066
APRL00001,Super Mario BOOM,12929,10/27/2023, 13:13:41,1066
APRL00001,Super Mario BOOM,12929,10/27/2023, 14:10:35,1066
APRL00001,Super Mario BOOM,12930,10/27/2023, 15:11:40,1066
APRL00001,Super Mario BOOM,12931,10/27/2023, 16:13:56,1066
APRL00001,Super Mario BOOM,12931,10/27/2023, 17:08:56,1066
APRL00001,Super Mario BOOM,12932,10/27/2023, 18:14:16,1066
APRL00001,Super Mario BOOM,12932,10/27/2023, 19:08:36,1066
APRL00001,Super Mario BOOM,12933,10/27/2023, 20:11:35,1066
APRL00001,Super Mario BOOM,12933,10/27/2023, 21:10:04,1066
APRL00001,Super Mario BOOM,12933,10/27/2023, 22:11:04,1066
APRL00001,Super Mario BOOM,12935,10/27/2023, 23:10:55,1066
APRL00001,Super Mario BOOM,12938,10/28/2023, 00:46:56,1066
APRL00001,Super Mario BOOM,12938,10/28/2023, 01:42:19,1066
APRL00001,Super Mario BOOM,12941,10/28/2023, 02:15:55,1066
APRL00001,Super Mario BOOM,12943,10/28/2023, 03:11:48,1066
APRL00001,Super Mario BOOM,12946,10/28/2023, 04:13:10,1066
APRL00001,Super Mario BOOM,12949,10/28/2023, 05:10:23,1066
APRL00001,Super Mario BOOM,12950,10/28/2023, 06:13:57,1066
APRL00001,Super Mario BOOM,12950,10/28/2023, 07:10:38,1066
APRL00001,Super Mario BOOM,12950,10/28/2023, 08:13:11,1066
APRL00001,Super Mario BOOM,12951,10/28/2023, 09:10:25,1066
APRL00001,Super Mario BOOM,12951,10/28/2023, 10:11:07,1066
APRL00001,Super Mario BOOM,12953,10/28/2023, 11:09:18,1066
APRL00001,Super Mario BOOM,12955,10/28/2023, 12:18:46,1066
APRL00001,Super Mario BOOM,12956,10/28/2023, 13:11:39,1066
APRL00001,Super Mario BOOM,12957,10/28/2023, 14:09:44,1066
APRL00001,Super Mario BOOM,12958,10/28/2023, 15:11:38,1066
APRL00001,Super Mario BOOM,12961,10/28/2023, 16:13:07,1066
APRL00001,Super Mario BOOM,12963,10/28/2023, 17:09:46,1066
APRL00001,Super Mario BOOM,12963,10/28/2023, 18:13:10,1066
APRL00001,Super Mario BOOM,12965,10/28/2023, 19:08:54,1066
APRL00001,Super Mario BOOM,12966,10/28/2023, 20:10:38,1066
APRL00001,Super Mario BOOM,12967,10/28/2023, 21:09:26,1066
APRL00001,Super Mario BOOM,12969,10/28/2023, 22:09:55,1066
APRL00001,Super Mario BOOM,12969,10/28/2023, 23:10:15,1066
APRL00001,Super Mario BOOM,12973,10/29/2023, 00:53:23,1066
APRL00001,Super Mario BOOM,12975,10/29/2023, 01:51:51,1066
APRL00001,Super Mario BOOM,12975,10/29/2023, 02:20:20,1066
APRL00001,Super Mario BOOM,12975,10/29/2023, 03:11:52,1066
APRL00001,Super Mario BOOM,12977,10/29/2023, 04:12:56,1066
APRL00001,Super Mario BOOM,12978,10/29/2023, 05:10:37,1066
APRL00001,Super Mario BOOM,12979,10/29/2023, 06:13:26,1066
APRL00001,Super Mario BOOM,12979,10/29/2023, 07:10:14,1066
APRL00001,Super Mario BOOM,12979,10/29/2023, 08:12:53,1066
APRL00001,Super Mario BOOM,12980,10/29/2023, 09:10:49,1066
APRL00001,Super Mario BOOM,12981,10/29/2023, 10:10:48,1066
APRL00001,Super Mario BOOM,12981,10/29/2023, 11:09:18,1066
APRL00001,Super Mario BOOM,12984,10/29/2023, 12:18:36,1066
APRL00001,Super Mario BOOM,12985,10/29/2023, 13:12:11,1066
APRL00001,Super Mario BOOM,12986,10/29/2023, 14:10:00,1066
APRL00001,Super Mario BOOM,12989,10/29/2023, 15:10:38,1066
APRL00001,Super Mario BOOM,12990,10/29/2023, 16:14:05,1066
APRL00001,Super Mario BOOM,12992,10/29/2023, 17:09:18,1066
APRL00001,Super Mario BOOM,12993,10/29/2023, 18:13:40,1066
APRL00001,Super Mario BOOM,12995,10/29/2023, 19:09:03,1066
APRL00001,Super Mario BOOM,12997,10/29/2023, 20:11:08,1066
APRL00001,Super Mario BOOM,13002,10/29/2023, 21:09:48,1066
APRL00001,Super Mario BOOM,13005,10/29/2023, 22:10:21,1066
APRL00001,Super Mario BOOM,13010,10/29/2023, 23:10:58,1066
APRL00001,Super Mario BOOM,13015,10/30/2023, 00:50:18,1066
APRL00001,Super Mario BOOM,13018,10/30/2023, 01:49:47,1066
APRL00001,Super Mario BOOM,13018,10/30/2023, 02:20:36,1066
APRL00001,Super Mario BOOM,13020,10/30/2023, 03:12:19,1066
APRL00001,Super Mario BOOM,13021,10/30/2023, 04:13:50,1066
APRL00001,Super Mario BOOM,13021,10/30/2023, 05:11:46,1066
APRL00001,Super Mario BOOM,13021,10/30/2023, 06:15:03,1066
APRL00001,Super Mario BOOM,13021,10/30/2023, 07:11:12,1066
APRL00001,Super Mario BOOM,13022,10/30/2023, 08:14:56,1066
APRL00001,Super Mario BOOM,13023,10/30/2023, 09:12:10,1066
APRL00001,Super Mario BOOM,13023,10/30/2023, 10:12:49,1066
APRL00001,Super Mario BOOM,13024,10/30/2023, 11:09:36,1066
APRL00001,Super Mario BOOM,13025,10/30/2023, 12:21:07,1066
APRL00001,Super Mario BOOM,13027,10/30/2023, 13:14:15,1066
APRL00001,Super Mario BOOM,13028,10/30/2023, 14:11:21,1066
APRL00001,Super Mario BOOM,13030,10/30/2023, 15:12:30,1066
APRL00001,Super Mario BOOM,13032,10/30/2023, 16:14:50,1066
APRL00001,Super Mario BOOM,13035,10/30/2023, 17:10:34,1066
APRL00001,Super Mario BOOM,13037,10/30/2023, 18:14:22,1066
APRL00001,Super Mario BOOM,13040,10/30/2023, 19:09:37,1066
APRL00001,Super Mario BOOM,13041,10/30/2023, 20:12:12,1066
APRL00001,Super Mario BOOM,13042,10/30/2023, 21:09:32,1066
APRL00001,Super Mario BOOM,13043,10/30/2023, 22:11:02,1066
APRL00001,Super Mario BOOM,13043,10/30/2023, 23:11:23,1066
APRL00001,Super Mario BOOM,13044,10/31/2023, 00:50:19,1066
APRL00001,Super Mario BOOM,13045,10/31/2023, 01:48:47,1066
APRL00001,Super Mario BOOM,13046,10/31/2023, 02:19:56,1066
APRL00001,Super Mario BOOM,13049,10/31/2023, 03:11:55,1066
APRL00001,Super Mario BOOM,13049,10/31/2023, 04:13:38,1066
APRL00001,Super Mario BOOM,13052,10/31/2023, 05:11:14,1066
APRL00001,Super Mario BOOM,13054,10/31/2023, 06:15:11,1066
APRL00001,Super Mario BOOM,13054,10/31/2023, 07:11:09,1066
APRL00001,Super Mario BOOM,13054,10/31/2023, 08:14:20,1066
APRL00001,Super Mario BOOM,13054,10/31/2023, 09:11:54,1066
APRL00001,Super Mario BOOM,13054,10/31/2023, 10:12:34,1066
APRL00001,Super Mario BOOM,13055,10/31/2023, 11:09:57,1066
APRL00001,Super Mario BOOM,13057,10/31/2023, 12:20:54,1066
APRL00001,Super Mario BOOM,13061,10/31/2023, 13:13:43,1066
APRL00001,Super Mario BOOM,13063,10/31/2023, 14:11:17,1066
APRL00001,Super Mario BOOM,13064,10/31/2023, 15:12:27,1066
APRL00001,Super Mario BOOM,13065,10/31/2023, 16:15:08,1066
APRL00001,Super Mario BOOM,13069,10/31/2023, 17:10:50,1066
APRL00001,Super Mario BOOM,13072,10/31/2023, 18:14:39,1066
APRL00001,Super Mario BOOM,13073,10/31/2023, 19:10:34,1066
APRL00001,Super Mario BOOM,13075,10/31/2023, 20:12:16,1066
APRL00001,Super Mario BOOM,13078,10/31/2023, 21:09:54,1066
APRL00001,Super Mario BOOM,13082,10/31/2023, 22:10:39,1066
APRL00001,Super Mario BOOM,13086,10/31/2023, 23:10:57,1066
APRL00001,Super Mario BOOM,13091,11/01/2023, 00:53:12,1066
APRL00001,Super Mario BOOM,13093,11/01/2023, 01:53:58,1066
APRL00001,Super Mario BOOM,13093,11/01/2023, 02:23:11,1066
APRL00001,Super Mario BOOM,13094,11/01/2023, 03:12:31,1066
APRL00001,Super Mario BOOM,13096,11/01/2023, 04:14:04,1066
APRL00001,Super Mario BOOM,13096,11/01/2023, 05:11:28,1066
APRL00001,Super Mario BOOM,13097,11/01/2023, 06:15:43,1066
APRL00001,Super Mario BOOM,13098,11/01/2023, 07:11:31,1066
APRL00001,Super Mario BOOM,13101,11/01/2023, 08:14:43,1066
APRL00001,Super Mario BOOM,13101,11/01/2023, 09:11:43,1066
APRL00001,Super Mario BOOM,13102,11/01/2023, 10:11:59,1066
APRL00001,Super Mario BOOM,13102,11/01/2023, 11:10:03,1066
APRL00001,Super Mario BOOM,13104,11/01/2023, 12:21:25,1066
APRL00001,Super Mario BOOM,13105,11/01/2023, 13:14:04,1066
APRL00001,Super Mario BOOM,13106,11/01/2023, 14:10:49,1066
APRL00001,Super Mario BOOM,13107,11/01/2023, 15:11:46,1066
APRL00001,Super Mario BOOM,13107,11/01/2023, 16:14:55,1066
APRL00001,Super Mario BOOM,13107,11/01/2023, 17:10:39,1066
APRL00001,Super Mario BOOM,13108,11/01/2023, 18:14:15,1066
APRL00001,Super Mario BOOM,13108,11/01/2023, 19:09:11,1066
APRL00001,Super Mario BOOM,13110,11/01/2023, 20:12:21,1066
APRL00001,Super Mario BOOM,13110,11/01/2023, 21:10:01,1066
APRL00001,Super Mario BOOM,13111,11/01/2023, 22:11:03,1066
APRL00001,Super Mario BOOM,13111,11/01/2023, 23:11:32,1066
APRL00001,Super Mario BOOM,13114,11/02/2023, 00:49:29,1066
APRL00001,Super Mario BOOM,13114,11/02/2023, 01:46:58,1066
APRL00001,Super Mario BOOM,13114,11/02/2023, 02:18:48,1066
APRL00001,Super Mario BOOM,13116,11/02/2023, 03:12:30,1066
APRL00001,Super Mario BOOM,13117,11/02/2023, 04:13:31,1066
APRL00001,Super Mario BOOM,13118,11/02/2023, 05:11:38,1066
APRL00001,Super Mario BOOM,13118,11/02/2023, 06:14:56,1066
APRL00001,Super Mario BOOM,13118,11/02/2023, 07:11:47,1066
APRL00001,Super Mario BOOM,13118,11/02/2023, 08:14:04,1066
APRL00001,Super Mario BOOM,13118,11/02/2023, 09:11:49,1066
APRL00001,Super Mario BOOM,13118,11/02/2023, 10:12:37,1066
APRL00001,Super Mario BOOM,13118,11/02/2023, 11:10:25,1066
APRL00001,Super Mario BOOM,13119,11/02/2023, 12:21:07,1066
APRL00001,Super Mario BOOM,13119,11/02/2023, 13:14:07,1066
APRL00001,Super Mario BOOM,13121,11/02/2023, 14:11:14,1066
APRL00001,Super Mario BOOM,13122,11/02/2023, 15:11:56,1066
APRL00001,Super Mario BOOM,13122,11/02/2023, 16:15:26,1066
APRL00001,Super Mario BOOM,13122,11/02/2023, 17:11:02,1066
APRL00001,Super Mario BOOM,13125,11/02/2023, 18:14:20,1066
APRL00001,Super Mario BOOM,13125,11/02/2023, 19:09:35,1066
APRL00001,Super Mario BOOM,13128,11/02/2023, 20:12:15,1066
APRL00001,Super Mario BOOM,13130,11/02/2023, 21:10:06,1066
APRL00001,Super Mario BOOM,13130,11/02/2023, 22:10:00,1066
APRL00001,Super Mario BOOM,13132,11/02/2023, 23:11:27,1066
APRL00001,Super Mario BOOM,13136,11/03/2023, 00:50:33,1066
APRL00001,Super Mario BOOM,13137,11/03/2023, 01:49:20,1066
APRL00001,Super Mario BOOM,13137,11/03/2023, 02:20:29,1066
APRL00001,Super Mario BOOM,13137,11/03/2023, 03:11:58,1066
APRL00001,Super Mario BOOM,13137,11/03/2023, 04:13:43,1066
APRL00001,Super Mario BOOM,13138,11/03/2023, 05:11:21,1066
APRL00001,Super Mario BOOM,13140,11/03/2023, 06:14:58,1066
APRL00001,Super Mario BOOM,13145,11/03/2023, 07:10:46,1066
APRL00001,Super Mario BOOM,13147,11/03/2023, 08:14:25,1066
APRL00001,Super Mario BOOM,13147,11/03/2023, 09:12:04,1066
APRL00001,Super Mario BOOM,13150,11/03/2023, 10:12:42,1066
APRL00001,Super Mario BOOM,13151,11/03/2023, 11:10:03,1066
APRL00001,Super Mario BOOM,13156,11/03/2023, 12:21:24,1066
APRL00001,Super Mario BOOM,13159,11/03/2023, 13:14:38,1066
APRL00001,Super Mario BOOM,13160,11/03/2023, 14:11:09,1066
APRL00001,Super Mario BOOM,13162,11/03/2023, 15:12:22,1066
APRL00001,Super Mario BOOM,13164,11/03/2023, 16:14:58,1066
APRL00001,Super Mario BOOM,13166,11/03/2023, 17:10:58,1066
APRL00001,Super Mario BOOM,13169,11/03/2023, 18:14:41,1066
APRL00001,Super Mario BOOM,13172,11/03/2023, 19:09:46,1066
APRL00001,Super Mario BOOM,13174,11/03/2023, 20:12:35,1066
APRL00001,Super Mario BOOM,13175,11/03/2023, 21:09:13,1066
APRL00001,Super Mario BOOM,13177,11/03/2023, 22:11:14,1066
APRL00001,Super Mario BOOM,13179,11/03/2023, 23:11:38,1066
APRL00001,Super Mario BOOM,13181,11/04/2023, 00:49:34,1066
APRL00001,Super Mario BOOM,13182,11/04/2023, 01:45:53,1066
APRL00001,Super Mario BOOM,13182,11/04/2023, 02:18:11,1066
APRL00001,Super Mario BOOM,13183,11/04/2023, 03:11:43,1066
APRL00001,Super Mario BOOM,13184,11/04/2023, 04:13:31,1066
APRL00001,Super Mario BOOM,13184,11/04/2023, 05:11:12,1066
APRL00001,Super Mario BOOM,13184,11/04/2023, 06:13:31,1066
APRL00001,Super Mario BOOM,13185,11/04/2023, 07:10:46,1066
APRL00001,Super Mario BOOM,13186,11/04/2023, 08:13:31,1066
APRL00001,Super Mario BOOM,13189,11/04/2023, 09:10:34,1066
APRL00001,Super Mario BOOM,13189,11/04/2023, 10:11:39,1066
APRL00001,Super Mario BOOM,13189,11/04/2023, 11:10:05,1066
APRL00001,Super Mario BOOM,13193,11/04/2023, 12:18:38,1066
APRL00001,Super Mario BOOM,13195,11/04/2023, 13:11:53,1066
APRL00001,Super Mario BOOM,13197,11/04/2023, 14:10:02,1066
APRL00001,Super Mario BOOM,13197,11/04/2023, 15:10:42,1066
APRL00001,Super Mario BOOM,13199,11/04/2023, 16:13:33,1066
APRL00001,Super Mario BOOM,13202,11/04/2023, 17:09:50,1066
APRL00001,Super Mario BOOM,13206,11/04/2023, 18:13:29,1066
APRL00001,Super Mario BOOM,13208,11/04/2023, 19:08:54,1066
APRL00001,Super Mario BOOM,13210,11/04/2023, 20:11:30,1066
APRL00001,Super Mario BOOM,13211,11/04/2023, 21:09:46,1066
APRL00001,Super Mario BOOM,13214,11/04/2023, 22:10:52,1066
APRL00001,Super Mario BOOM,13217,11/04/2023, 23:10:56,1066
APRL00001,Super Mario BOOM,13221,11/05/2023, 00:53:31,1066
APRL00001,Super Mario BOOM,13223,11/05/2023, 01:53:54,1066
APRL00001,Super Mario BOOM,13223,11/05/2023, 02:23:10,1066
APRL00001,Super Mario BOOM,13225,11/05/2023, 03:12:45,1066
APRL00001,Super Mario BOOM,13228,11/05/2023, 04:13:02,1066
APRL00001,Super Mario BOOM,13228,11/05/2023, 05:10:59,1066
APRL00001,Super Mario BOOM,13229,11/05/2023, 06:13:31,1066
APRL00001,Super Mario BOOM,13230,11/05/2023, 07:10:11,1066
APRL00001,Super Mario BOOM,13230,11/05/2023, 08:13:19,1066
APRL00001,Super Mario BOOM,13231,11/05/2023, 09:10:42,1066
APRL00001,Super Mario BOOM,13235,11/05/2023, 10:11:06,1066
APRL00001,Super Mario BOOM,13235,11/05/2023, 11:08:54,1066
APRL00001,Super Mario BOOM,13236,11/05/2023, 12:19:04,1066
APRL00001,Super Mario BOOM,13238,11/05/2023, 13:11:40,1066
APRL00001,Super Mario BOOM,13240,11/05/2023, 14:09:36,1066
APRL00001,Super Mario BOOM,13242,11/05/2023, 15:10:37,1066
APRL00001,Super Mario BOOM,13243,11/05/2023, 16:13:30,1066
APRL00001,Super Mario BOOM,13245,11/05/2023, 17:09:39,1066
APRL00001,Super Mario BOOM,13248,11/05/2023, 18:13:17,1066
APRL00001,Super Mario BOOM,13248,11/05/2023, 19:09:19,1066
APRL00001,Super Mario BOOM,13248,11/05/2023, 20:11:16,1066
APRL00001,Super Mario BOOM,13250,11/05/2023, 21:09:56,1066
APRL00001,Super Mario BOOM,13251,11/05/2023, 22:10:13,1066
APRL00001,Super Mario BOOM,13253,11/05/2023, 23:10:40,1066
APRL00001,Super Mario BOOM,13255,11/06/2023, 00:51:29,1066
APRL00001,Super Mario BOOM,13255,11/06/2023, 01:53:16,1066
APRL00001,Super Mario BOOM,13255,11/06/2023, 02:23:47,1066
APRL00001,Super Mario BOOM,13255,11/06/2023, 03:12:22,1066
APRL00001,Super Mario BOOM,13259,11/06/2023, 04:14:27,1066
APRL00001,Super Mario BOOM,13260,11/06/2023, 05:12:02,1066
APRL00001,Super Mario BOOM,13260,11/06/2023, 06:15:31,1066
APRL00001,Super Mario BOOM,13260,11/06/2023, 07:11:15,1066
APRL00001,Super Mario BOOM,13261,11/06/2023, 08:15:55,1066
APRL00001,Super Mario BOOM,13262,11/06/2023, 09:12:30,1066
APRL00001,Super Mario BOOM,13262,11/06/2023, 10:13:36,1066
APRL00001,Super Mario BOOM,13262,11/06/2023, 11:10:42,1066
APRL00001,Super Mario BOOM,13262,11/06/2023, 12:22:17,1066
APRL00001,Super Mario BOOM,13262,11/06/2023, 13:16:00,1066
APRL00001,Super Mario BOOM,13263,11/06/2023, 14:12:00,1066
APRL00001,Super Mario BOOM,13265,11/06/2023, 15:12:53,1066
APRL00001,Super Mario BOOM,13267,11/06/2023, 16:15:04,1066
APRL00001,Super Mario BOOM,13267,11/06/2023, 17:10:50,1066
APRL00001,Super Mario BOOM,13270,11/06/2023, 18:14:47,1066
APRL00001,Super Mario BOOM,13272,11/06/2023, 19:09:44,1066
APRL00001,Super Mario BOOM,13272,11/06/2023, 20:12:34,1066
APRL00001,Super Mario BOOM,13274,11/06/2023, 21:10:06,1066
APRL00001,Super Mario BOOM,13281,11/06/2023, 22:11:17,1066
APRL00001,Super Mario BOOM,13281,11/06/2023, 23:11:34,1066
APRL00001,Super Mario BOOM,13285,11/07/2023, 00:51:30,1066
APRL00001,Super Mario BOOM,13289,11/07/2023, 01:51:47,1066
APRL00001,Super Mario BOOM,13290,11/07/2023, 02:22:01,1066
APRL00001,Super Mario BOOM,13291,11/07/2023, 03:11:46,1066
APRL00001,Super Mario BOOM,13291,11/07/2023, 04:14:02,1066
APRL00001,Super Mario BOOM,13291,11/07/2023, 05:11:20,1066
APRL00001,Super Mario BOOM,13293,11/07/2023, 06:14:54,1066
APRL00001,Super Mario BOOM,13294,11/07/2023, 07:10:58,1066
APRL00001,Super Mario BOOM,13295,11/07/2023, 08:14:44,1066
APRL00001,Super Mario BOOM,13296,11/07/2023, 09:11:31,1066
APRL00001,Super Mario BOOM,13298,11/07/2023, 10:12:34,1066
APRL00001,Super Mario BOOM,13301,11/07/2023, 11:09:55,1066
APRL00001,Super Mario BOOM,13302,11/07/2023, 12:21:00,1066
APRL00001,Super Mario BOOM,13302,11/07/2023, 13:13:52,1066
APRL00001,Super Mario BOOM,13303,11/07/2023, 14:11:07,1066
APRL00001,Super Mario BOOM,13304,11/07/2023, 15:12:06,1066
APRL00001,Super Mario BOOM,13308,11/07/2023, 16:14:41,1066
APRL00001,Super Mario BOOM,13309,11/07/2023, 17:10:30,1066
APRL00001,Super Mario BOOM,13310,11/07/2023, 18:14:22,1066
APRL00001,Super Mario BOOM,13311,11/07/2023, 19:09:28,1066
APRL00001,Super Mario BOOM,13313,11/07/2023, 20:12:01,1066
APRL00001,Super Mario BOOM,13314,11/07/2023, 21:10:02,1066
APRL00001,Super Mario BOOM,13315,11/07/2023, 22:11:08,1066
APRL00001,Super Mario BOOM,13316,11/07/2023, 23:12:01,1066
APRL00001,Super Mario BOOM,13317,11/08/2023, 00:50:46,1066
APRL00001,Super Mario BOOM,13317,11/08/2023, 01:50:25,1066
APRL00001,Super Mario BOOM,13317,11/08/2023, 02:21:07,1066
APRL00001,Super Mario BOOM,13319,11/08/2023, 03:12:00,1066
APRL00001,Super Mario BOOM,13319,11/08/2023, 04:13:50,1066
APRL00001,Super Mario BOOM,13319,11/08/2023, 05:11:16,1066
APRL00001,Super Mario BOOM,13319,11/08/2023, 06:15:11,1066
APRL00001,Super Mario BOOM,13319,11/08/2023, 07:10:50,1066
APRL00001,Super Mario BOOM,13320,11/08/2023, 08:14:29,1066
APRL00001,Super Mario BOOM,13320,11/08/2023, 09:11:39,1066
APRL00001,Super Mario BOOM,13320,11/08/2023, 10:12:04,1066
APRL00001,Super Mario BOOM,13320,11/08/2023, 11:10:08,1066
APRL00001,Super Mario BOOM,13320,11/08/2023, 12:20:45,1066
APRL00001,Super Mario BOOM,13320,11/08/2023, 13:14:16,1066
APRL00001,Super Mario BOOM,13320,11/08/2023, 14:11:10,1066
APRL00001,Super Mario BOOM,13321,11/08/2023, 15:12:28,1066
APRL00001,Super Mario BOOM,13323,11/08/2023, 16:15:02,1066
APRL00001,Super Mario BOOM,13323,11/08/2023, 17:10:30,1066
APRL00001,Super Mario BOOM,13325,11/08/2023, 18:14:36,1066
APRL00001,Super Mario BOOM,13326,11/08/2023, 19:09:22,1066
APRL00001,Super Mario BOOM,13329,11/08/2023, 20:12:04,1066
APRL00001,Super Mario BOOM,13330,11/08/2023, 21:10:31,1066
APRL00001,Super Mario BOOM,13332,11/08/2023, 22:10:57,1066
APRL00001,Super Mario BOOM,13332,11/08/2023, 23:11:59,1066
APRL00001,Super Mario BOOM,13332,11/09/2023, 00:51:07,1066
APRL00001,Super Mario BOOM,13333,11/09/2023, 01:50:55,1066
APRL00001,Super Mario BOOM,13335,11/09/2023, 02:21:03,1066
APRL00001,Super Mario BOOM,13335,11/09/2023, 03:12:31,1066
APRL00001,Super Mario BOOM,13337,11/09/2023, 04:13:41,1066
APRL00001,Super Mario BOOM,13340,11/09/2023, 05:11:23,1066
APRL00001,Super Mario BOOM,13344,11/09/2023, 06:15:05,1066
APRL00001,Super Mario BOOM,13344,11/09/2023, 07:10:40,1066
APRL00001,Super Mario BOOM,13346,11/09/2023, 08:14:31,1066
APRL00001,Super Mario BOOM,13349,11/09/2023, 09:11:33,1066
APRL00001,Super Mario BOOM,13349,11/09/2023, 10:12:35,1066
APRL00001,Super Mario BOOM,13349,11/09/2023, 11:10:04,1066
APRL00001,Super Mario BOOM,13352,11/09/2023, 12:21:04,1066
APRL00001,Super Mario BOOM,13352,11/09/2023, 13:13:48,1066
APRL00001,Super Mario BOOM,13353,11/09/2023, 14:10:53,1066
APRL00001,Super Mario BOOM,13357,11/09/2023, 15:11:43,1066
APRL00001,Super Mario BOOM,13360,11/09/2023, 16:14:33,1066
APRL00001,Super Mario BOOM,13361,11/09/2023, 17:10:39,1066
APRL00001,Super Mario BOOM,13363,11/09/2023, 18:14:27,1066
APRL00001,Super Mario BOOM,13364,11/09/2023, 19:09:25,1066
APRL00001,Super Mario BOOM,13368,11/09/2023, 20:12:15,1066
APRL00001,Super Mario BOOM,13371,11/09/2023, 21:10:36,1066
APRL00001,Super Mario BOOM,13372,11/09/2023, 22:10:54,1066
APRL00001,Super Mario BOOM,13374,11/09/2023, 23:11:37,1066
APRL00001,Super Mario BOOM,13375,11/10/2023, 00:50:38,1066
APRL00001,Super Mario BOOM,13375,11/10/2023, 01:50:13,1066
APRL00001,Super Mario BOOM,13375,11/10/2023, 02:21:13,1066
APRL00001,Super Mario BOOM,13375,11/10/2023, 03:12:16,1066
APRL00001,Super Mario BOOM,13375,11/10/2023, 04:14:14,1066
APRL00001,Super Mario BOOM,13376,11/10/2023, 05:11:14,1066
APRL00001,Super Mario BOOM,13376,11/10/2023, 06:15:03,1066
APRL00001,Super Mario BOOM,13376,11/10/2023, 07:11:01,1066
APRL00001,Super Mario BOOM,13378,11/10/2023, 08:14:09,1066
APRL00001,Super Mario BOOM,13378,11/10/2023, 09:11:25,1066
APRL00001,Super Mario BOOM,13379,11/10/2023, 10:12:25,1066
APRL00001,Super Mario BOOM,13380,11/10/2023, 11:09:56,1066
APRL00001,Super Mario BOOM,13381,11/10/2023, 12:20:37,1066
APRL00001,Super Mario BOOM,13382,11/10/2023, 13:14:16,1066
APRL00001,Super Mario BOOM,13383,11/10/2023, 14:10:44,1066
APRL00001,Super Mario BOOM,13385,11/10/2023, 15:11:36,1066
APRL00001,Super Mario BOOM,13387,11/10/2023, 16:14:22,1066
APRL00001,Super Mario BOOM,13388,11/10/2023, 17:10:46,1066
APRL00001,Super Mario BOOM,13390,11/10/2023, 18:14:09,1066
APRL00001,Super Mario BOOM,13392,11/10/2023, 19:09:10,1066
APRL00001,Super Mario BOOM,13396,11/10/2023, 20:11:51,1066
APRL00001,Super Mario BOOM,13398,11/10/2023, 21:10:01,1066
APRL00001,Super Mario BOOM,13399,11/10/2023, 22:10:37,1066
APRL00001,Super Mario BOOM,13400,11/10/2023, 23:10:53,1066
APRL00001,Super Mario BOOM,13405,11/11/2023, 00:49:58,1066
APRL00001,Super Mario BOOM,13405,11/11/2023, 01:45:56,1066
APRL00001,Super Mario BOOM,13407,11/11/2023, 02:50:38,1066
APRL00001,Super Mario BOOM,13408,11/11/2023, 03:14:31,1066
APRL00001,Super Mario BOOM,13408,11/11/2023, 04:13:21,1066
APRL00001,Super Mario BOOM,13408,11/11/2023, 05:10:35,1066
APRL00001,Super Mario BOOM,13408,11/11/2023, 06:13:56,1066
APRL00001,Super Mario BOOM,13409,11/11/2023, 07:09:45,1066
APRL00001,Super Mario BOOM,13409,11/11/2023, 08:13:22,1066
APRL00001,Super Mario BOOM,13412,11/11/2023, 09:10:35,1066
APRL00001,Super Mario BOOM,13413,11/11/2023, 10:10:50,1066
APRL00001,Super Mario BOOM,13413,11/11/2023, 11:08:58,1066
APRL00001,Super Mario BOOM,13416,11/11/2023, 12:18:54,1066
APRL00001,Super Mario BOOM,13416,11/11/2023, 13:11:54,1066
APRL00001,Super Mario BOOM,13417,11/11/2023, 14:09:40,1066
APRL00001,Super Mario BOOM,13420,11/11/2023, 15:10:30,1066
APRL00001,Super Mario BOOM,13423,11/11/2023, 16:14:24,1066
APRL00001,Super Mario BOOM,13426,11/11/2023, 17:09:54,1066
APRL00001,Super Mario BOOM,13427,11/11/2023, 18:12:52,1066
APRL00001,Super Mario BOOM,13430,11/11/2023, 19:09:03,1066
APRL00001,Super Mario BOOM,13432,11/11/2023, 20:11:01,1066
APRL00001,Super Mario BOOM,13432,11/11/2023, 21:09:37,1066
APRL00001,Super Mario BOOM,13434,11/11/2023, 22:10:08,1066
APRL00001,Super Mario BOOM,13437,11/11/2023, 23:11:08,1066
APRL00001,Super Mario BOOM,13444,11/12/2023, 00:54:32,1066
APRL00001,Super Mario BOOM,13445,11/12/2023, 01:55:06,1066
APRL00001,Super Mario BOOM,13446,11/12/2023, 02:24:06,1066
APRL00001,Super Mario BOOM,13450,11/12/2023, 03:11:41,1066
APRL00001,Super Mario BOOM,13451,11/12/2023, 04:13:36,1066
APRL00001,Super Mario BOOM,13452,11/12/2023, 05:10:45,1066
APRL00001,Super Mario BOOM,13453,11/12/2023, 06:14:12,1066
APRL00001,Super Mario BOOM,13454,11/12/2023, 07:11:45,1066
APRL00001,Super Mario BOOM,13454,11/12/2023, 08:13:31,1066
APRL00001,Super Mario BOOM,13454,11/12/2023, 09:10:49,1066
APRL00001,Super Mario BOOM,13457,11/12/2023, 10:11:08,1066
APRL00001,Super Mario BOOM,13458,11/12/2023, 11:09:18,1066
APRL00001,Super Mario BOOM,13459,11/12/2023, 12:19:27,1066
APRL00001,Super Mario BOOM,13461,11/12/2023, 13:12:00,1066
APRL00001,Super Mario BOOM,13462,11/12/2023, 14:09:49,1066
APRL00001,Super Mario BOOM,13466,11/12/2023, 15:10:31,1066
APRL00001,Super Mario BOOM,13466,11/12/2023, 16:13:01,1066
APRL00001,Super Mario BOOM,13468,11/12/2023, 17:09:25,1066
APRL00001,Super Mario BOOM,13475,11/12/2023, 18:13:22,1066
APRL00001,Super Mario BOOM,13477,11/12/2023, 19:08:48,1066
APRL00001,Super Mario BOOM,13478,11/12/2023, 20:11:23,1066
APRL00001,Super Mario BOOM,13479,11/12/2023, 21:09:42,1066
APRL00001,Super Mario BOOM,13481,11/12/2023, 22:10:29,1066
APRL00001,Super Mario BOOM,13484,11/12/2023, 23:11:13,1066
APRL00001,Super Mario BOOM,13487,11/13/2023, 00:52:07,1066
APRL00001,Super Mario BOOM,13490,11/13/2023, 01:53:32,1066
APRL00001,Super Mario BOOM,13491,11/13/2023, 02:23:49,1066
APRL00001,Super Mario BOOM,13491,11/13/2023, 03:12:34,1066
APRL00001,Super Mario BOOM,13492,11/13/2023, 04:14:02,1066
APRL00001,Super Mario BOOM,13493,11/13/2023, 05:11:26,1066
APRL00001,Super Mario BOOM,13493,11/13/2023, 06:15:52,1066
APRL00001,Super Mario BOOM,13493,11/13/2023, 07:11:54,1066
APRL00001,Super Mario BOOM,13494,11/13/2023, 08:15:33,1066
APRL00001,Super Mario BOOM,13495,11/13/2023, 09:12:37,1066
APRL00001,Super Mario BOOM,13495,11/13/2023, 10:13:16,1066
APRL00001,Super Mario BOOM,13497,11/13/2023, 11:10:38,1066
APRL00001,Super Mario BOOM,13498,11/13/2023, 12:21:30,1066
APRL00001,Super Mario BOOM,13499,11/13/2023, 13:14:18,1066
APRL00001,Super Mario BOOM,13499,11/13/2023, 14:11:34,1066
APRL00001,Super Mario BOOM,13502,11/13/2023, 15:12:29,1066
APRL00001,Super Mario BOOM,13504,11/13/2023, 16:14:54,1066
APRL00001,Super Mario BOOM,13505,11/13/2023, 17:11:04,1066
APRL00001,Super Mario BOOM,13506,11/13/2023, 18:14:27,1066
APRL00001,Super Mario BOOM,13508,11/13/2023, 19:09:42,1066
APRL00001,Super Mario BOOM,13509,11/13/2023, 20:10:32,1066
APRL00001,Super Mario BOOM,13509,11/13/2023, 21:11:24,1066
APRL00001,Super Mario BOOM,13511,11/13/2023, 22:11:01,1066
APRL00001,Super Mario BOOM,13512,11/13/2023, 23:11:54,1066
APRL00001,Super Mario BOOM,13515,11/14/2023, 00:51:23,1066
APRL00001,Super Mario BOOM,13520,11/14/2023, 02:22:02,1066
APRL00001,Super Mario BOOM,13521,11/14/2023, 03:12:12,1066
APRL00001,Super Mario BOOM,13522,11/14/2023, 04:13:35,1066
APRL00001,Super Mario BOOM,13522,11/14/2023, 05:11:20,1066
APRL00001,Super Mario BOOM,13524,11/14/2023, 06:15:30,1066
APRL00001,Super Mario BOOM,13527,11/14/2023, 07:11:02,1066
APRL00001,Super Mario BOOM,13527,11/14/2023, 08:14:45,1066
APRL00001,Super Mario BOOM,13528,11/14/2023, 09:11:33,1066
APRL00001,Super Mario BOOM,13528,11/14/2023, 10:12:57,1066
APRL00001,Super Mario BOOM,13529,11/14/2023, 11:10:16,1066
APRL00001,Super Mario BOOM,13530,11/14/2023, 12:21:16,1066
APRL00001,Super Mario BOOM,13530,11/14/2023, 13:14:43,1066
APRL00001,Super Mario BOOM,13531,11/14/2023, 14:11:06,1066
APRL00001,Super Mario BOOM,13531,11/14/2023, 15:12:50,1066
APRL00001,Super Mario BOOM,13531,11/14/2023, 16:12:40,1066
APRL00001,Super Mario BOOM,13532,11/14/2023, 17:09:17,1066
APRL00001,Super Mario BOOM,13532,11/14/2023, 18:13:16,1066
APRL00001,Super Mario BOOM,13532,11/14/2023, 19:08:10,1066
APRL00001,Super Mario BOOM,13537,11/14/2023, 20:11:33,1066
APRL00001,Super Mario BOOM,13538,11/14/2023, 21:09:02,1066
APRL00001,Super Mario BOOM,13540,11/14/2023, 22:11:12,1066
APRL00001,Super Mario BOOM,13545,11/14/2023, 23:11:55,1066
APRL00001,Super Mario BOOM,13546,11/15/2023, 00:51:46,1066
APRL00001,Super Mario BOOM,13547,11/15/2023, 01:54:17,1066
APRL00001,Super Mario BOOM,13548,11/15/2023, 02:24:56,1066
APRL00001,Super Mario BOOM,13548,11/15/2023, 03:12:45,1066
APRL00001,Super Mario BOOM,13548,11/15/2023, 04:14:04,1066
APRL00001,Super Mario BOOM,13550,11/15/2023, 05:11:24,1066
APRL00001,Super Mario BOOM,13550,11/15/2023, 06:15:39,1066
APRL00001,Super Mario BOOM,13552,11/15/2023, 07:11:26,1066
APRL00001,Super Mario BOOM,13552,11/15/2023, 08:14:50,1066
APRL00001,Super Mario BOOM,13552,11/15/2023, 09:12:24,1066
APRL00001,Super Mario BOOM,13552,11/15/2023, 10:13:22,1066
APRL00001,Super Mario BOOM,13552,11/15/2023, 11:10:43,1066
APRL00001,Super Mario BOOM,13552,11/15/2023, 12:21:29,1066
APRL00001,Super Mario BOOM,13552,11/15/2023, 13:15:18,1066
APRL00001,Super Mario BOOM,13552,11/15/2023, 14:11:31,1066
APRL00001,Super Mario BOOM,13552,11/15/2023, 15:12:20,1066
APRL00001,Super Mario BOOM,13553,11/15/2023, 16:15:07,1066
APRL00001,Super Mario BOOM,13555,11/15/2023, 17:11:18,1066
APRL00001,Super Mario BOOM,13557,11/15/2023, 18:14:38,1066
APRL00001,Super Mario BOOM,13557,11/15/2023, 19:09:51,1066
APRL00001,Super Mario BOOM,13559,11/15/2023, 20:12:30,1066
APRL00001,Super Mario BOOM,13561,11/15/2023, 21:10:47,1066
APRL00001,Super Mario BOOM,13561,11/15/2023, 22:11:15,1066
APRL00001,Super Mario BOOM,13563,11/15/2023, 23:11:53,1066
APRL00001,Super Mario BOOM,13565,11/16/2023, 00:52:52,1066
APRL00001,Super Mario BOOM,13569,11/16/2023, 01:54:29,1066
APRL00001,Super Mario BOOM,13570,11/16/2023, 02:25:39,1066
APRL00001,Super Mario BOOM,13570,11/16/2023, 03:12:24,1066
APRL00001,Super Mario BOOM,13573,11/16/2023, 04:14:11,1066
APRL00001,Super Mario BOOM,13573,11/16/2023, 05:11:57,1066
APRL00001,Super Mario BOOM,13575,11/16/2023, 06:15:57,1066
APRL00001,Super Mario BOOM,13575,11/16/2023, 07:11:13,1066
APRL00001,Super Mario BOOM,13576,11/16/2023, 08:14:56,1066
APRL00001,Super Mario BOOM,13578,11/16/2023, 09:12:16,1066
APRL00001,Super Mario BOOM,13578,11/16/2023, 10:12:42,1066
APRL00001,Super Mario BOOM,13578,11/16/2023, 11:10:19,1066
APRL00001,Super Mario BOOM,13578,11/16/2023, 12:22:02,1066
APRL00001,Super Mario BOOM,13578,11/16/2023, 13:15:07,1066
APRL00001,Super Mario BOOM,13581,11/16/2023, 14:11:24,1066
APRL00001,Super Mario BOOM,13581,11/16/2023, 15:12:57,1066
APRL00001,Super Mario BOOM,13583,11/16/2023, 16:15:41,1066
APRL00001,Super Mario BOOM,13584,11/16/2023, 17:10:43,1066
APRL00001,Super Mario BOOM,13587,11/16/2023, 18:15:00,1066
APRL00001,Super Mario BOOM,13587,11/16/2023, 19:08:24,1066
APRL00001,Super Mario BOOM,13588,11/16/2023, 20:12:41,1066
APRL00001,Super Mario BOOM,13588,11/16/2023, 21:10:45,1066
APRL00001,Super Mario BOOM,13591,11/16/2023, 22:11:22,1066
APRL00001,Super Mario BOOM,13593,11/16/2023, 23:11:57,1066
APRL00001,Super Mario BOOM,13596,11/17/2023, 00:52:32,1066
APRL00001,Super Mario BOOM,13599,11/17/2023, 01:54:23,1066
APRL00001,Super Mario BOOM,13599,11/17/2023, 02:25:09,1066
APRL00001,Super Mario BOOM,13599,11/17/2023, 03:12:40,1066
APRL00001,Super Mario BOOM,13599,11/17/2023, 04:14:03,1066
APRL00001,Super Mario BOOM,13599,11/17/2023, 05:11:39,1066
APRL00001,Super Mario BOOM,13600,11/17/2023, 06:15:46,1066
APRL00001,Super Mario BOOM,13600,11/17/2023, 07:10:55,1066
APRL00001,Super Mario BOOM,13600,11/17/2023, 08:14:55,1066
APRL00001,Super Mario BOOM,13601,11/17/2023, 09:12:09,1066
APRL00001,Super Mario BOOM,13602,11/17/2023, 10:12:39,1066
APRL00001,Super Mario BOOM,13603,11/17/2023, 11:10:06,1066
APRL00001,Super Mario BOOM,13604,11/17/2023, 12:21:09,1066
APRL00001,Super Mario BOOM,13604,11/17/2023, 13:14:50,1066
APRL00001,Super Mario BOOM,13606,11/17/2023, 14:11:16,1066
APRL00001,Super Mario BOOM,13607,11/17/2023, 15:12:21,1066
APRL00001,Super Mario BOOM,13608,11/17/2023, 16:16:21,1066
APRL00001,Super Mario BOOM,13609,11/17/2023, 17:10:41,1066
APRL00001,Super Mario BOOM,13612,11/17/2023, 18:14:55,1066
APRL00001,Super Mario BOOM,13612,11/17/2023, 19:10:00,1066
APRL00001,Super Mario BOOM,13614,11/17/2023, 20:12:56,1066
APRL00001,Super Mario BOOM,13615,11/17/2023, 21:10:34,1066
APRL00001,Super Mario BOOM,13616,11/17/2023, 22:11:19,1066
APRL00001,Super Mario BOOM,13617,11/17/2023, 23:11:46,1066
APRL00001,Super Mario BOOM,13619,11/18/2023, 00:51:43,1066
APRL00001,Super Mario BOOM,13620,11/18/2023, 01:52:33,1066
APRL00001,Super Mario BOOM,13621,11/18/2023, 02:23:07,1066
APRL00001,Super Mario BOOM,13621,11/18/2023, 03:12:19,1066
APRL00001,Super Mario BOOM,13621,11/18/2023, 04:14:00,1066
APRL00001,Super Mario BOOM,13621,11/18/2023, 05:10:49,1066
APRL00001,Super Mario BOOM,13623,11/18/2023, 06:13:53,1066
APRL00001,Super Mario BOOM,13626,11/18/2023, 07:10:35,1066
APRL00001,Super Mario BOOM,13626,11/18/2023, 08:13:40,1066
APRL00001,Super Mario BOOM,13626,11/18/2023, 09:10:28,1066
APRL00001,Super Mario BOOM,13626,11/18/2023, 10:11:17,1066
APRL00001,Super Mario BOOM,13627,11/18/2023, 11:09:12,1066
APRL00001,Super Mario BOOM,13631,11/18/2023, 12:19:11,1066
APRL00001,Super Mario BOOM,13633,11/18/2023, 13:12:19,1066
APRL00001,Super Mario BOOM,13633,11/18/2023, 14:09:42,1066
APRL00001,Super Mario BOOM,13634,11/18/2023, 15:10:48,1066
APRL00001,Super Mario BOOM,13635,11/18/2023, 16:13:19,1066
APRL00001,Super Mario BOOM,13636,11/18/2023, 17:10:09,1066
APRL00001,Super Mario BOOM,13638,11/18/2023, 18:13:07,1066
APRL00001,Super Mario BOOM,13639,11/18/2023, 19:09:00,1066
APRL00001,Super Mario BOOM,13643,11/18/2023, 20:11:38,1066
APRL00001,Super Mario BOOM,13645,11/18/2023, 21:10:07,1066
APRL00001,Super Mario BOOM,13647,11/18/2023, 22:10:29,1066
APRL00001,Super Mario BOOM,13647,11/18/2023, 23:10:59,1066
APRL00001,Super Mario BOOM,13649,11/19/2023, 00:56:06,1066
APRL00001,Super Mario BOOM,13650,11/19/2023, 01:57:49,1066
APRL00001,Super Mario BOOM,13650,11/19/2023, 02:28:51,1066
APRL00001,Super Mario BOOM,13650,11/19/2023, 03:12:17,1066
APRL00001,Super Mario BOOM,13652,11/19/2023, 04:13:43,1066
APRL00001,Super Mario BOOM,13654,11/19/2023, 05:10:57,1066
APRL00001,Super Mario BOOM,13654,11/19/2023, 06:14:14,1066
APRL00001,Super Mario BOOM,13654,11/19/2023, 07:11:07,1066
APRL00001,Super Mario BOOM,13655,11/19/2023, 08:14:05,1066
APRL00001,Super Mario BOOM,13658,11/19/2023, 09:10:53,1066
APRL00001,Super Mario BOOM,13662,11/19/2023, 10:11:59,1066
APRL00001,Super Mario BOOM,13663,11/19/2023, 11:09:26,1066
APRL00001,Super Mario BOOM,13663,11/19/2023, 12:19:48,1066
APRL00001,Super Mario BOOM,13664,11/19/2023, 13:12:33,1066
APRL00001,Super Mario BOOM,13665,11/19/2023, 14:09:52,1066
APRL00001,Super Mario BOOM,13669,11/19/2023, 15:11:06,1066
APRL00001,Super Mario BOOM,13670,11/19/2023, 16:13:23,1066
APRL00001,Super Mario BOOM,13671,11/19/2023, 17:10:14,1066
APRL00001,Super Mario BOOM,13671,11/19/2023, 18:13:13,1066
APRL00001,Super Mario BOOM,13674,11/19/2023, 19:09:03,1066
APRL00001,Super Mario BOOM,13678,11/19/2023, 20:12:06,1066
APRL00001,Super Mario BOOM,13678,11/19/2023, 21:10:10,1066
APRL00001,Super Mario BOOM,13679,11/19/2023, 22:10:37,1066
APRL00001,Super Mario BOOM,13681,11/19/2023, 23:11:44,1066
APRL00001,Super Mario BOOM,13684,11/20/2023, 00:53:13,1066
APRL00001,Super Mario BOOM,13684,11/20/2023, 01:55:16,1066
APRL00001,Super Mario BOOM,13685,11/20/2023, 02:26:24,1066
APRL00001,Super Mario BOOM,13686,11/20/2023, 03:12:57,1066
APRL00001,Super Mario BOOM,13686,11/20/2023, 04:14:36,1066
APRL00001,Super Mario BOOM,13687,11/20/2023, 05:11:47,1066
APRL00001,Super Mario BOOM,13687,11/20/2023, 06:16:11,1066
APRL00001,Super Mario BOOM,13688,11/20/2023, 07:11:43,1066
APRL00001,Super Mario BOOM,13688,11/20/2023, 08:16:05,1066
APRL00001,Super Mario BOOM,13690,11/20/2023, 09:13:07,1066
APRL00001,Super Mario BOOM,13691,11/20/2023, 10:13:36,1066
APRL00001,Super Mario BOOM,13693,11/20/2023, 11:10:20,1066
APRL00001,Super Mario BOOM,13694,11/20/2023, 12:22:41,1066
APRL00001,Super Mario BOOM,13694,11/20/2023, 13:16:41,1066
APRL00001,Super Mario BOOM,13700,11/20/2023, 14:12:01,1066
APRL00001,Super Mario BOOM,13700,11/20/2023, 15:12:50,1066
APRL00001,Super Mario BOOM,13700,11/20/2023, 16:16:36,1066
APRL00001,Super Mario BOOM,13703,11/20/2023, 17:09:19,1066
APRL00001,Super Mario BOOM,13703,11/20/2023, 18:15:01,1066
APRL00001,Super Mario BOOM,13705,11/20/2023, 19:10:07,1066
APRL00001,Super Mario BOOM,13707,11/20/2023, 20:12:45,1066
APRL00001,Super Mario BOOM,13708,11/20/2023, 21:11:13,1066
APRL00001,Super Mario BOOM,13710,11/20/2023, 22:12:11,1066
APRL00001,Super Mario BOOM,13713,11/20/2023, 23:12:17,1066
APRL00001,Super Mario BOOM,13715,11/21/2023, 00:53:18,1066
APRL00001,Super Mario BOOM,13717,11/21/2023, 01:58:15,1066
APRL00001,Super Mario BOOM,13718,11/21/2023, 02:29:46,1066
APRL00001,Super Mario BOOM,13718,11/21/2023, 03:12:57,1066
APRL00001,Super Mario BOOM,13719,11/21/2023, 04:14:18,1066
APRL00001,Super Mario BOOM,13721,11/21/2023, 05:11:41,1066
APRL00001,Super Mario BOOM,13721,11/21/2023, 06:15:34,1066
APRL00001,Super Mario BOOM,13721,11/21/2023, 07:10:55,1066
APRL00001,Super Mario BOOM,13722,11/21/2023, 08:15:27,1066
APRL00001,Super Mario BOOM,13722,11/21/2023, 09:12:38,1066
APRL00001,Super Mario BOOM,13724,11/21/2023, 10:18:41,1066
APRL00001,Super Mario BOOM,13726,11/21/2023, 11:10:40,1066
APRL00001,Super Mario BOOM,13727,11/21/2023, 12:22:28,1066
APRL00001,Super Mario BOOM,13727,11/21/2023, 13:15:57,1066
APRL00001,Super Mario BOOM,13730,11/21/2023, 14:11:54,1066
APRL00001,Super Mario BOOM,13731,11/21/2023, 15:12:14,1066
APRL00001,Super Mario BOOM,13733,11/21/2023, 16:15:59,1066
APRL00001,Super Mario BOOM,13737,11/21/2023, 17:12:13,1066
APRL00001,Super Mario BOOM,13738,11/21/2023, 18:15:35,1066
APRL00001,Super Mario BOOM,13740,11/21/2023, 19:10:04,1066
APRL00001,Super Mario BOOM,13741,11/21/2023, 20:11:26,1066
APRL00001,Super Mario BOOM,13741,11/21/2023, 21:11:17,1066
APRL00001,Super Mario BOOM,13744,11/21/2023, 22:11:10,1066
APRL00001,Super Mario BOOM,13747,11/21/2023, 23:12:31,1066
APRL00001,Super Mario BOOM,13749,11/22/2023, 00:54:39,1066
APRL00001,Super Mario BOOM,13750,11/22/2023, 01:56:36,1066
APRL00001,Super Mario BOOM,13751,11/22/2023, 02:28:23,1066
APRL00001,Super Mario BOOM,13752,11/22/2023, 03:13:07,1066
APRL00001,Super Mario BOOM,13753,11/22/2023, 04:14:22,1066
APRL00001,Super Mario BOOM,13755,11/22/2023, 05:11:47,1066
APRL00001,Super Mario BOOM,13755,11/22/2023, 06:15:46,1066
APRL00001,Super Mario BOOM,13756,11/22/2023, 07:11:25,1066
APRL00001,Super Mario BOOM,13757,11/22/2023, 08:15:48,1066
APRL00001,Super Mario BOOM,13757,11/22/2023, 09:12:25,1066
APRL00001,Super Mario BOOM,13757,11/22/2023, 10:13:55,1066
APRL00001,Super Mario BOOM,13757,11/22/2023, 11:10:22,1066
APRL00001,Super Mario BOOM,13757,11/22/2023, 12:22:16,1066
APRL00001,Super Mario BOOM,13757,11/22/2023, 13:16:24,1066
APRL00001,Super Mario BOOM,13757,11/22/2023, 14:11:40,1066
APRL00001,Super Mario BOOM,13759,11/22/2023, 15:12:28,1066
APRL00001,Super Mario BOOM,13766,11/22/2023, 16:15:14,1066
APRL00001,Super Mario BOOM,13767,11/22/2023, 17:11:44,1066
APRL00001,Super Mario BOOM,13767,11/22/2023, 18:14:50,1066
APRL00001,Super Mario BOOM,13767,11/22/2023, 19:09:42,1066
APRL00001,Super Mario BOOM,13772,11/22/2023, 20:12:12,1066
APRL00001,Super Mario BOOM,13775,11/22/2023, 21:10:30,1066
APRL00001,Super Mario BOOM,13775,11/22/2023, 22:09:49,1066
APRL00001,Super Mario BOOM,13777,11/22/2023, 23:11:41,1066
APRL00001,Super Mario BOOM,13777,11/23/2023, 00:52:09,1066
APRL00001,Super Mario BOOM,13777,11/23/2023, 01:53:56,1066
APRL00001,Super Mario BOOM,13780,11/23/2023, 02:24:05,1066
APRL00001,Super Mario BOOM,13781,11/23/2023, 03:12:22,1066
APRL00001,Super Mario BOOM,13783,11/23/2023, 04:14:16,1066
APRL00001,Super Mario BOOM,13785,11/23/2023, 05:11:40,1066
APRL00001,Super Mario BOOM,13785,11/23/2023, 06:15:09,1066
APRL00001,Super Mario BOOM,13786,11/23/2023, 07:11:31,1066
APRL00001,Super Mario BOOM,13788,11/23/2023, 08:14:37,1066
APRL00001,Super Mario BOOM,13788,11/23/2023, 09:11:56,1066
APRL00001,Super Mario BOOM,13788,11/23/2023, 10:12:48,1066
APRL00001,Super Mario BOOM,13788,11/23/2023, 11:10:24,1066
APRL00001,Super Mario BOOM,13790,11/23/2023, 12:21:30,1066
APRL00001,Super Mario BOOM,13790,11/23/2023, 13:15:09,1066
APRL00001,Super Mario BOOM,13794,11/23/2023, 14:11:20,1066
APRL00001,Super Mario BOOM,13795,11/23/2023, 15:12:34,1066
APRL00001,Super Mario BOOM,13796,11/23/2023, 16:14:54,1066
APRL00001,Super Mario BOOM,13798,11/23/2023, 17:11:05,1066
APRL00001,Super Mario BOOM,13799,11/23/2023, 18:14:34,1066
APRL00001,Super Mario BOOM,13801,11/23/2023, 19:09:30,1066
APRL00001,Super Mario BOOM,13801,11/23/2023, 20:11:54,1066
APRL00001,Super Mario BOOM,13801,11/23/2023, 21:10:30,1066
APRL00001,Super Mario BOOM,13803,11/23/2023, 22:11:36,1066
APRL00001,Super Mario BOOM,13806,11/23/2023, 23:12:15,1066
APRL00001,Super Mario BOOM,13813,11/24/2023, 00:50:53,1066
APRL00001,Super Mario BOOM,13813,11/24/2023, 01:51:40,1066
APRL00001,Super Mario BOOM,13813,11/24/2023, 02:22:30,1066
APRL00001,Super Mario BOOM,13816,11/24/2023, 03:12:12,1066
APRL00001,Super Mario BOOM,13819,11/24/2023, 04:14:19,1066
APRL00001,Super Mario BOOM,13820,11/24/2023, 05:11:17,1066
APRL00001,Super Mario BOOM,13822,11/24/2023, 06:15:07,1066
APRL00001,Super Mario BOOM,13823,11/24/2023, 07:10:56,1066
APRL00001,Super Mario BOOM,13824,11/24/2023, 08:14:30,1066
APRL00001,Super Mario BOOM,13824,11/24/2023, 09:11:49,1066
APRL00001,Super Mario BOOM,13826,11/24/2023, 10:13:18,1066
APRL00001,Super Mario BOOM,13827,11/24/2023, 11:10:30,1066
APRL00001,Super Mario BOOM,13828,11/24/2023, 12:21:02,1066
APRL00001,Super Mario BOOM,13830,11/24/2023, 13:14:22,1066
APRL00001,Super Mario BOOM,13831,11/24/2023, 14:11:16,1066
APRL00001,Super Mario BOOM,13831,11/24/2023, 15:11:50,1066
APRL00001,Super Mario BOOM,13832,11/24/2023, 16:14:38,1066
APRL00001,Super Mario BOOM,13834,11/24/2023, 17:11:02,1066
APRL00001,Super Mario BOOM,13838,11/24/2023, 18:14:08,1066
APRL00001,Super Mario BOOM,13839,11/24/2023, 19:09:31,1066
APRL00001,Super Mario BOOM,13841,11/24/2023, 20:12:16,1066
APRL00001,Super Mario BOOM,13844,11/24/2023, 21:10:07,1066
APRL00001,Super Mario BOOM,13845,11/24/2023, 22:10:49,1066
APRL00001,Super Mario BOOM,13846,11/24/2023, 23:11:41,1066
APRL00001,Super Mario BOOM,13847,11/25/2023, 00:49:56,1066
APRL00001,Super Mario BOOM,13847,11/25/2023, 01:48:30,1066
APRL00001,Super Mario BOOM,13847,11/25/2023, 02:20:24,1066
APRL00001,Super Mario BOOM,13847,11/25/2023, 03:12:42,1066
APRL00001,Super Mario BOOM,13850,11/25/2023, 04:13:45,1066
APRL00001,Super Mario BOOM,13851,11/25/2023, 05:11:01,1066
APRL00001,Super Mario BOOM,13851,11/25/2023, 06:14:07,1066
APRL00001,Super Mario BOOM,13851,11/25/2023, 07:09:47,1066
APRL00001,Super Mario BOOM,13851,11/25/2023, 08:13:08,1066
APRL00001,Super Mario BOOM,13855,11/25/2023, 09:10:17,1066
APRL00001,Super Mario BOOM,13856,11/25/2023, 10:11:09,1066
APRL00001,Super Mario BOOM,13859,11/25/2023, 11:09:25,1066
APRL00001,Super Mario BOOM,13861,11/25/2023, 12:19:32,1066
APRL00001,Super Mario BOOM,13862,11/25/2023, 13:12:06,1066
APRL00001,Super Mario BOOM,13863,11/25/2023, 14:10:05,1066
APRL00001,Super Mario BOOM,13863,11/25/2023, 15:10:58,1066
APRL00001,Super Mario BOOM,13865,11/25/2023, 16:13:08,1066
APRL00001,Super Mario BOOM,13868,11/25/2023, 17:09:53,1066
APRL00001,Super Mario BOOM,13871,11/25/2023, 18:13:28,1066
APRL00001,Super Mario BOOM,13874,11/25/2023, 19:08:44,1066
APRL00001,Super Mario BOOM,13875,11/25/2023, 20:11:17,1066
APRL00001,Super Mario BOOM,13877,11/25/2023, 21:09:35,1066
APRL00001,Super Mario BOOM,13881,11/25/2023, 22:10:02,1066
APRL00001,Super Mario BOOM,13881,11/25/2023, 23:10:51,1066
APRL00001,Super Mario BOOM,13882,11/26/2023, 00:55:15,1066
APRL00001,Super Mario BOOM,13884,11/26/2023, 01:56:43,1066
APRL00001,Super Mario BOOM,13884,11/26/2023, 02:25:59,1066
APRL00001,Super Mario BOOM,13889,11/26/2023, 03:12:27,1066
APRL00001,Super Mario BOOM,13892,11/26/2023, 04:13:50,1066
APRL00001,Super Mario BOOM,13892,11/26/2023, 05:10:55,1066
APRL00001,Super Mario BOOM,13892,11/26/2023, 06:13:59,1066
APRL00001,Super Mario BOOM,13893,11/26/2023, 07:10:59,1066
APRL00001,Super Mario BOOM,13893,11/26/2023, 08:13:41,1066
APRL00001,Super Mario BOOM,13893,11/26/2023, 09:10:25,1066
APRL00001,Super Mario BOOM,13895,11/26/2023, 10:11:53,1066
APRL00001,Super Mario BOOM,13898,11/26/2023, 11:09:05,1066
APRL00001,Super Mario BOOM,13903,11/26/2023, 12:19:44,1066
APRL00001,Super Mario BOOM,13906,11/26/2023, 13:12:48,1066
APRL00001,Super Mario BOOM,13906,11/26/2023, 14:10:01,1066
APRL00001,Super Mario BOOM,13912,11/26/2023, 15:10:41,1066
APRL00001,Super Mario BOOM,13913,11/26/2023, 16:13:29,1066
APRL00001,Super Mario BOOM,13914,11/26/2023, 17:09:51,1066
APRL00001,Super Mario BOOM,13914,11/26/2023, 18:13:07,1066
APRL00001,Super Mario BOOM,13916,11/26/2023, 19:09:19,1066
APRL00001,Super Mario BOOM,13917,11/26/2023, 20:11:34,1066
APRL00001,Super Mario BOOM,13921,11/26/2023, 21:11:02,1066
APRL00001,Super Mario BOOM,13924,11/26/2023, 22:10:18,1066
APRL00001,Super Mario BOOM,13925,11/26/2023, 23:11:36,1066
APRL00001,Super Mario BOOM,13929,11/27/2023, 00:52:51,1066
APRL00001,Super Mario BOOM,13929,11/27/2023, 01:54:31,1066
APRL00001,Super Mario BOOM,13929,11/27/2023, 02:25:20,1066
APRL00001,Super Mario BOOM,13929,11/27/2023, 03:12:49,1066
APRL00001,Super Mario BOOM,13929,11/27/2023, 04:14:21,1066
APRL00001,Super Mario BOOM,13932,11/27/2023, 05:11:46,1066
APRL00001,Super Mario BOOM,13932,11/27/2023, 06:15:51,1066
APRL00001,Super Mario BOOM,13934,11/27/2023, 07:11:51,1066
APRL00001,Super Mario BOOM,13936,11/27/2023, 08:16:06,1066
APRL00001,Super Mario BOOM,13937,11/27/2023, 09:13:13,1066
APRL00001,Super Mario BOOM,13937,11/27/2023, 10:13:08,1066
APRL00001,Super Mario BOOM,13939,11/27/2023, 11:10:35,1066
APRL00001,Super Mario BOOM,13940,11/27/2023, 12:22:06,1066
APRL00001,Super Mario BOOM,13940,11/27/2023, 13:15:16,1066
APRL00001,Super Mario BOOM,13940,11/27/2023, 14:11:31,1066
APRL00001,Super Mario BOOM,13942,11/27/2023, 15:12:22,1066
APRL00001,Super Mario BOOM,13942,11/27/2023, 16:15:14,1066
APRL00001,Super Mario BOOM,13942,11/27/2023, 17:11:00,1066
APRL00001,Super Mario BOOM,13944,11/27/2023, 18:14:45,1066
APRL00001,Super Mario BOOM,13948,11/27/2023, 19:09:43,1066
APRL00001,Super Mario BOOM,13953,11/27/2023, 20:11:50,1066
APRL00001,Super Mario BOOM,13954,11/27/2023, 21:10:52,1066
APRL00001,Super Mario BOOM,13958,11/27/2023, 22:09:57,1066
APRL00001,Super Mario BOOM,13959,11/27/2023, 23:12:08,1066
APRL00001,Super Mario BOOM,13961,11/28/2023, 00:53:11,1066
APRL00001,Super Mario BOOM,13962,11/28/2023, 01:55:19,1066
APRL00001,Super Mario BOOM,13963,11/28/2023, 02:26:45,1066
APRL00001,Super Mario BOOM,13963,11/28/2023, 03:12:27,1066
APRL00001,Super Mario BOOM,13963,11/28/2023, 04:14:07,1066
APRL00001,Super Mario BOOM,13964,11/28/2023, 05:11:54,1066
APRL00001,Super Mario BOOM,13965,11/28/2023, 06:15:52,1066
APRL00001,Super Mario BOOM,13966,11/28/2023, 07:11:34,1066
APRL00001,Super Mario BOOM,13966,11/28/2023, 08:15:24,1066
APRL00001,Super Mario BOOM,13967,11/28/2023, 09:12:33,1066
APRL00001,Super Mario BOOM,13968,11/28/2023, 10:13:06,1066
APRL00001,Super Mario BOOM,13968,11/28/2023, 11:10:44,1066
APRL00001,Super Mario BOOM,13970,11/28/2023, 12:21:38,1066
APRL00001,Super Mario BOOM,13971,11/28/2023, 13:14:42,1066
APRL00001,Super Mario BOOM,13972,11/28/2023, 14:11:23,1066
APRL00001,Super Mario BOOM,13973,11/28/2023, 15:13:10,1066
APRL00001,Super Mario BOOM,13973,11/28/2023, 16:15:28,1066
APRL00001,Super Mario BOOM,13975,11/28/2023, 17:10:52,1066
APRL00001,Super Mario BOOM,13977,11/28/2023, 18:14:57,1066
APRL00001,Super Mario BOOM,13979,11/28/2023, 19:09:55,1066
APRL00001,Super Mario BOOM,13982,11/28/2023, 20:12:30,1066
APRL00001,Super Mario BOOM,13984,11/28/2023, 21:10:26,1066
APRL00001,Super Mario BOOM,13986,11/28/2023, 22:11:15,1066
APRL00001,Super Mario BOOM,13988,11/28/2023, 23:12:04,1066
APRL00001,Super Mario BOOM,13989,11/29/2023, 00:53:09,1066
APRL00001,Super Mario BOOM,13989,11/29/2023, 01:54:40,1066
APRL00001,Super Mario BOOM,13990,11/29/2023, 02:25:05,1066
APRL00001,Super Mario BOOM,13993,11/29/2023, 03:12:43,1066
APRL00001,Super Mario BOOM,13993,11/29/2023, 04:14:26,1066
APRL00001,Super Mario BOOM,13995,11/29/2023, 05:25:29,1066
APRL00001,Super Mario BOOM,13995,11/29/2023, 06:15:33,1066
APRL00001,Super Mario BOOM,13995,11/29/2023, 07:11:33,1066
APRL00001,Super Mario BOOM,13996,11/29/2023, 08:15:31,1066
APRL00001,Super Mario BOOM,13997,11/29/2023, 09:12:22,1066
APRL00001,Super Mario BOOM,13997,11/29/2023, 10:13:15,1066
APRL00001,Super Mario BOOM,13998,11/29/2023, 11:10:18,1066
APRL00001,Super Mario BOOM,13999,11/29/2023, 12:21:52,1066
APRL00001,Super Mario BOOM,14001,11/29/2023, 13:14:55,1066
APRL00001,Super Mario BOOM,14004,11/29/2023, 14:11:17,1066
APRL00001,Super Mario BOOM,14007,11/29/2023, 15:12:27,1066
APRL00001,Super Mario BOOM,14009,11/29/2023, 16:14:57,1066
APRL00001,Super Mario BOOM,14010,11/29/2023, 17:11:28,1066
APRL00001,Super Mario BOOM,14013,11/29/2023, 18:14:42,1066
APRL00001,Super Mario BOOM,14014,11/29/2023, 19:10:16,1066
APRL00001,Super Mario BOOM,14016,11/29/2023, 20:12:47,1066
APRL00001,Super Mario BOOM,14017,11/29/2023, 21:10:48,1066
APRL00001,Super Mario BOOM,14017,11/29/2023, 22:11:27,1066
APRL00001,Super Mario BOOM,14018,11/29/2023, 23:11:53,1066
APRL00001,Super Mario BOOM,14022,11/30/2023, 00:52:26,1066
APRL00001,Super Mario BOOM,14022,11/30/2023, 01:54:06,1066
APRL00001,Super Mario BOOM,14023,11/30/2023, 02:25:32,1066
APRL00001,Super Mario BOOM,14023,11/30/2023, 03:12:09,1066
APRL00001,Super Mario BOOM,14024,11/30/2023, 04:14:17,1066
APRL00001,Super Mario BOOM,14024,11/30/2023, 05:11:54,1066
APRL00001,Super Mario BOOM,14027,11/30/2023, 06:15:16,1066
APRL00001,Super Mario BOOM,14027,11/30/2023, 07:11:20,1066
APRL00001,Super Mario BOOM,14027,11/30/2023, 08:15:29,1066
APRL00001,Super Mario BOOM,14029,11/30/2023, 09:11:55,1066
APRL00001,Super Mario BOOM,14029,11/30/2023, 10:12:52,1066
APRL00001,Super Mario BOOM,14029,11/30/2023, 11:10:26,1066
APRL00001,Super Mario BOOM,14029,11/30/2023, 12:21:51,1066
APRL00001,Super Mario BOOM,14029,11/30/2023, 13:15:06,1066
APRL00001,Super Mario BOOM,14030,11/30/2023, 14:11:40,1066
APRL00001,Super Mario BOOM,14030,11/30/2023, 15:11:12,1066
APRL00001,Super Mario BOOM,14031,11/30/2023, 16:15:24,1066
APRL00001,Super Mario BOOM,14033,11/30/2023, 17:11:23,1066
APRL00001,Super Mario BOOM,14036,11/30/2023, 18:15:19,1066
APRL00001,Super Mario BOOM,14036,11/30/2023, 19:08:44,1066
APRL00001,Super Mario BOOM,14041,11/30/2023, 20:12:50,1066
APRL00001,Super Mario BOOM,14043,11/30/2023, 21:11:10,1066
APRL00001,Super Mario BOOM,14045,11/30/2023, 22:11:19,1066
APRL00001,Super Mario BOOM,14046,11/30/2023, 23:12:13,1066
APRL00001,Super Mario BOOM,14054,12/01/2023, 00:57:06,1066
APRL00001,Super Mario BOOM,14054,12/01/2023, 02:01:25,1066
APRL00001,Super Mario BOOM,14055,12/01/2023, 02:37:14,1066
APRL00001,Super Mario BOOM,14056,12/01/2023, 03:13:02,1066
APRL00001,Super Mario BOOM,14056,12/01/2023, 04:14:33,1066
APRL00001,Super Mario BOOM,14058,12/01/2023, 05:11:52,1066
APRL00001,Super Mario BOOM,14059,12/01/2023, 06:16:00,1066
APRL00001,Super Mario BOOM,14060,12/01/2023, 07:11:23,1066
APRL00001,Super Mario BOOM,14063,12/01/2023, 08:15:21,1066
APRL00001,Super Mario BOOM,14064,12/01/2023, 09:12:07,1066
APRL00001,Super Mario BOOM,14065,12/01/2023, 10:12:58,1066
APRL00001,Super Mario BOOM,14066,12/01/2023, 11:10:09,1066
APRL00001,Super Mario BOOM,14066,12/01/2023, 12:21:38,1066
APRL00001,Super Mario BOOM,14066,12/01/2023, 13:15:39,1066
APRL00001,Super Mario BOOM,14068,12/01/2023, 14:11:32,1066
APRL00001,Super Mario BOOM,14068,12/01/2023, 15:12:27,1066
APRL00001,Super Mario BOOM,14069,12/01/2023, 16:14:45,1066
APRL00001,Super Mario BOOM,14071,12/01/2023, 17:11:12,1066
APRL00001,Super Mario BOOM,14074,12/01/2023, 18:14:27,1066
APRL00001,Super Mario BOOM,14076,12/01/2023, 19:09:46,1066
APRL00001,Super Mario BOOM,14077,12/01/2023, 20:12:39,1066
APRL00001,Super Mario BOOM,14079,12/01/2023, 21:10:41,1066
APRL00001,Super Mario BOOM,14083,12/01/2023, 22:10:50,1066
APRL00001,Super Mario BOOM,14086,12/01/2023, 23:11:53,1066
APRL00001,Super Mario BOOM,14087,12/02/2023, 00:51:34,1066
APRL00001,Super Mario BOOM,14090,12/02/2023, 01:48:39,1066
APRL00001,Super Mario BOOM,14090,12/02/2023, 02:20:54,1066
APRL00001,Super Mario BOOM,14090,12/02/2023, 03:12:13,1066
APRL00001,Super Mario BOOM,14090,12/02/2023, 04:13:40,1066
APRL00001,Super Mario BOOM,14090,12/02/2023, 05:11:01,1066
APRL00001,Super Mario BOOM,14095,12/02/2023, 06:14:27,1066
APRL00001,Super Mario BOOM,14096,12/02/2023, 07:10:22,1066
APRL00001,Super Mario BOOM,14101,12/02/2023, 08:13:43,1066
APRL00001,Super Mario BOOM,14103,12/02/2023, 09:10:41,1066
APRL00001,Super Mario BOOM,14103,12/02/2023, 10:11:11,1066
APRL00001,Super Mario BOOM,14107,12/02/2023, 11:09:51,1066
APRL00001,Super Mario BOOM,14108,12/02/2023, 12:19:18,1066
APRL00001,Super Mario BOOM,14110,12/02/2023, 13:11:54,1066
APRL00001,Super Mario BOOM,14112,12/02/2023, 14:09:43,1066
APRL00001,Super Mario BOOM,14117,12/02/2023, 15:10:36,1066
APRL00001,Super Mario BOOM,14118,12/02/2023, 16:13:34,1066
APRL00001,Super Mario BOOM,14121,12/02/2023, 17:09:57,1066
APRL00001,Super Mario BOOM,14123,12/02/2023, 18:13:16,1066
APRL00001,Super Mario BOOM,14124,12/02/2023, 19:10:00,1066
APRL00001,Super Mario BOOM,14126,12/02/2023, 20:11:23,1066
APRL00001,Super Mario BOOM,14129,12/02/2023, 21:09:42,1066
APRL00001,Super Mario BOOM,14129,12/02/2023, 22:10:21,1066
APRL00001,Super Mario BOOM,14132,12/02/2023, 23:11:16,1066
APRL00001,Super Mario BOOM,14135,12/03/2023, 00:55:22,1066
APRL00001,Super Mario BOOM,14135,12/03/2023, 01:56:41,1066
APRL00001,Super Mario BOOM,14135,12/03/2023, 02:25:46,1066
APRL00001,Super Mario BOOM,14136,12/03/2023, 03:12:17,1066
APRL00001,Super Mario BOOM,14136,12/03/2023, 04:13:44,1066
APRL00001,Super Mario BOOM,14138,12/03/2023, 05:10:48,1066
APRL00001,Super Mario BOOM,14139,12/03/2023, 06:14:04,1066
APRL00001,Super Mario BOOM,14139,12/03/2023, 07:10:18,1066
APRL00001,Super Mario BOOM,14139,12/03/2023, 08:14:09,1066
APRL00001,Super Mario BOOM,14140,12/03/2023, 09:10:48,1066
APRL00001,Super Mario BOOM,14140,12/03/2023, 10:11:26,1066
APRL00001,Super Mario BOOM,14142,12/03/2023, 11:09:11,1066
APRL00001,Super Mario BOOM,14146,12/03/2023, 12:19:58,1066
APRL00001,Super Mario BOOM,14148,12/03/2023, 13:12:51,1066
APRL00001,Super Mario BOOM,14149,12/03/2023, 14:09:49,1066
APRL00001,Super Mario BOOM,14152,12/03/2023, 15:10:39,1066
APRL00001,Super Mario BOOM,14155,12/03/2023, 16:14:01,1066
APRL00001,Super Mario BOOM,14159,12/03/2023, 17:09:49,1066
APRL00001,Super Mario BOOM,14162,12/03/2023, 18:13:20,1066
APRL00001,Super Mario BOOM,14164,12/03/2023, 19:09:42,1066
APRL00001,Super Mario BOOM,14166,12/03/2023, 20:11:56,1066
APRL00001,Super Mario BOOM,14167,12/03/2023, 21:09:55,1066
APRL00001,Super Mario BOOM,14169,12/03/2023, 22:10:39,1066
APRL00001,Super Mario BOOM,14169,12/03/2023, 23:12:05,1066
APRL00001,Super Mario BOOM,14171,12/04/2023, 00:53:27,1066
APRL00001,Super Mario BOOM,14171,12/04/2023, 01:55:27,1066
APRL00001,Super Mario BOOM,14173,12/04/2023, 02:26:52,1066
APRL00001,Super Mario BOOM,14174,12/04/2023, 03:13:01,1066
APRL00001,Super Mario BOOM,14175,12/04/2023, 04:14:15,1066
APRL00001,Super Mario BOOM,14176,12/04/2023, 05:12:02,1066
APRL00001,Super Mario BOOM,14177,12/04/2023, 06:16:12,1066
APRL00001,Super Mario BOOM,14179,12/04/2023, 07:11:37,1066
APRL00001,Super Mario BOOM,14180,12/04/2023, 08:16:00,1066
APRL00001,Super Mario BOOM,14184,12/04/2023, 09:12:53,1066
APRL00001,Super Mario BOOM,14184,12/04/2023, 10:13:48,1066
APRL00001,Super Mario BOOM,14185,12/04/2023, 11:10:25,1066
APRL00001,Super Mario BOOM,14186,12/04/2023, 12:21:30,1066
APRL00001,Super Mario BOOM,14186,12/04/2023, 13:15:39,1066
APRL00001,Super Mario BOOM,14187,12/04/2023, 14:11:49,1066
APRL00001,Super Mario BOOM,14191,12/04/2023, 15:12:39,1066
APRL00001,Super Mario BOOM,14193,12/04/2023, 16:15:46,1066
APRL00001,Super Mario BOOM,14193,12/04/2023, 17:11:21,1066
APRL00001,Super Mario BOOM,14194,12/04/2023, 18:15:30,1066
APRL00001,Super Mario BOOM,14196,12/04/2023, 19:10:17,1066
APRL00001,Super Mario BOOM,14199,12/04/2023, 20:12:38,1066
APRL00001,Super Mario BOOM,14201,12/04/2023, 21:09:48,1066
APRL00001,Super Mario BOOM,14204,12/04/2023, 22:11:16,1066
APRL00001,Super Mario BOOM,14204,12/04/2023, 23:12:15,1066
APRL00001,Super Mario BOOM,14205,12/05/2023, 00:53:41,1066
APRL00001,Super Mario BOOM,14208,12/05/2023, 01:56:10,1066
APRL00001,Super Mario BOOM,14208,12/05/2023, 02:27:14,1066
APRL00001,Super Mario BOOM,14209,12/05/2023, 03:12:50,1066
APRL00001,Super Mario BOOM,14210,12/05/2023, 04:13:54,1066
APRL00001,Super Mario BOOM,14213,12/05/2023, 05:11:29,1066
APRL00001,Super Mario BOOM,14214,12/05/2023, 06:16:09,1066
APRL00001,Super Mario BOOM,14215,12/05/2023, 07:11:30,1066
APRL00001,Super Mario BOOM,14216,12/05/2023, 08:15:12,1066
APRL00001,Super Mario BOOM,14216,12/05/2023, 09:12:54,1066
APRL00001,Super Mario BOOM,14216,12/05/2023, 10:13:30,1066
APRL00001,Super Mario BOOM,14218,12/05/2023, 11:10:15,1066
APRL00001,Super Mario BOOM,14219,12/05/2023, 12:21:45,1066
APRL00001,Super Mario BOOM,14219,12/05/2023, 13:15:39,1066
APRL00001,Super Mario BOOM,14221,12/05/2023, 14:11:35,1066
APRL00001,Super Mario BOOM,14224,12/05/2023, 15:12:57,1066
APRL00001,Super Mario BOOM,14227,12/05/2023, 16:15:43,1066
APRL00001,Super Mario BOOM,14227,12/05/2023, 17:11:28,1066
APRL00001,Super Mario BOOM,14228,12/05/2023, 18:15:02,1066
APRL00001,Super Mario BOOM,14229,12/05/2023, 19:08:59,1066
APRL00001,Super Mario BOOM,14230,12/05/2023, 20:12:37,1066
APRL00001,Super Mario BOOM,14230,12/05/2023, 21:11:13,1066
APRL00001,Super Mario BOOM,14230,12/05/2023, 22:11:46,1066
APRL00001,Super Mario BOOM,14230,12/05/2023, 23:12:21,1066
APRL00001,Super Mario BOOM,14230,12/06/2023, 00:53:25,1066
APRL00001,Super Mario BOOM,14232,12/06/2023, 01:55:16,1066
APRL00001,Super Mario BOOM,14233,12/06/2023, 02:25:48,1066
APRL00001,Super Mario BOOM,14233,12/06/2023, 03:12:28,1066
APRL00001,Super Mario BOOM,14233,12/06/2023, 04:14:27,1066
APRL00001,Super Mario BOOM,14233,12/06/2023, 05:11:57,1066
APRL00001,Super Mario BOOM,14235,12/06/2023, 06:15:55,1066
APRL00001,Super Mario BOOM,14235,12/06/2023, 07:11:25,1066
APRL00001,Super Mario BOOM,14235,12/06/2023, 08:15:13,1066
APRL00001,Super Mario BOOM,14236,12/06/2023, 09:12:01,1066
APRL00001,Super Mario BOOM,14238,12/06/2023, 10:12:54,1066
APRL00001,Super Mario BOOM,14238,12/06/2023, 11:10:39,1066
APRL00001,Super Mario BOOM,14239,12/06/2023, 12:22:13,1066
APRL00001,Super Mario BOOM,14240,12/06/2023, 13:15:29,1066
APRL00001,Super Mario BOOM,14241,12/06/2023, 14:11:17,1066
APRL00001,Super Mario BOOM,14242,12/06/2023, 15:13:11,1066
APRL00001,Super Mario BOOM,14243,12/06/2023, 16:15:58,1066
APRL00001,Super Mario BOOM,14243,12/06/2023, 17:11:23,1066
APRL00001,Super Mario BOOM,14243,12/06/2023, 18:14:49,1066
APRL00001,Super Mario BOOM,14246,12/06/2023, 19:10:13,1066
APRL00001,Super Mario BOOM,14247,12/06/2023, 20:12:38,1066
APRL00001,Super Mario BOOM,14248,12/06/2023, 21:10:57,1066
APRL00001,Super Mario BOOM,14248,12/06/2023, 22:11:35,1066
APRL00001,Super Mario BOOM,14248,12/06/2023, 23:12:14,1066
APRL00001,Super Mario BOOM,14249,12/07/2023, 00:52:44,1066
APRL00001,Super Mario BOOM,14251,12/07/2023, 01:55:08,1066
APRL00001,Super Mario BOOM,14251,12/07/2023, 02:26:12,1066
APRL00001,Super Mario BOOM,14251,12/07/2023, 03:12:29,1066
APRL00001,Super Mario BOOM,14253,12/07/2023, 04:14:28,1066
APRL00001,Super Mario BOOM,14254,12/07/2023, 05:11:42,1066
APRL00001,Super Mario BOOM,14255,12/07/2023, 06:15:41,1066
APRL00001,Super Mario BOOM,14255,12/07/2023, 07:11:39,1066
APRL00001,Super Mario BOOM,14256,12/07/2023, 08:15:29,1066
APRL00001,Super Mario BOOM,14256,12/07/2023, 09:12:04,1066
APRL00001,Super Mario BOOM,14257,12/07/2023, 10:13:05,1066
APRL00001,Super Mario BOOM,14259,12/07/2023, 11:10:47,1066
APRL00001,Super Mario BOOM,14260,12/07/2023, 12:21:55,1066
APRL00001,Super Mario BOOM,14262,12/07/2023, 13:15:04,1066
APRL00001,Super Mario BOOM,14263,12/07/2023, 14:11:29,1066
APRL00001,Super Mario BOOM,14264,12/07/2023, 15:12:36,1066
APRL00001,Super Mario BOOM,14266,12/07/2023, 16:15:33,1066
APRL00001,Super Mario BOOM,14266,12/07/2023, 17:11:24,1066
APRL00001,Super Mario BOOM,14266,12/07/2023, 18:15:02,1066
APRL00001,Super Mario BOOM,14266,12/07/2023, 19:10:01,1066
APRL00001,Super Mario BOOM,14270,12/07/2023, 20:13:05,1066
APRL00001,Super Mario BOOM,14273,12/07/2023, 21:11:22,1066
APRL00001,Super Mario BOOM,14278,12/07/2023, 22:11:15,1066
APRL00001,Super Mario BOOM,14280,12/07/2023, 23:11:57,1066
APRL00001,Super Mario BOOM,14287,12/08/2023, 00:53:34,1066
APRL00001,Super Mario BOOM,14287,12/08/2023, 01:55:28,1066
APRL00001,Super Mario BOOM,14287,12/08/2023, 02:26:16,1066
APRL00001,Super Mario BOOM,14289,12/08/2023, 03:12:33,1066
APRL00001,Super Mario BOOM,14290,12/08/2023, 04:14:28,1066
APRL00001,Super Mario BOOM,14294,12/08/2023, 05:11:41,1066
APRL00001,Super Mario BOOM,14295,12/08/2023, 06:15:32,1066
APRL00001,Super Mario BOOM,14297,12/08/2023, 07:11:20,1066
APRL00001,Super Mario BOOM,14299,12/08/2023, 08:15:22,1066
APRL00001,Super Mario BOOM,14300,12/08/2023, 09:12:16,1066
APRL00001,Super Mario BOOM,14300,12/08/2023, 10:12:32,1066
APRL00001,Super Mario BOOM,14300,12/08/2023, 11:10:34,1066
APRL00001,Super Mario BOOM,14300,12/08/2023, 12:21:36,1066
APRL00001,Super Mario BOOM,14300,12/08/2023, 13:14:45,1066
APRL00001,Super Mario BOOM,14301,12/08/2023, 14:11:23,1066
APRL00001,Super Mario BOOM,14304,12/08/2023, 15:12:16,1066
APRL00001,Super Mario BOOM,14307,12/08/2023, 16:14:47,1066
APRL00001,Super Mario BOOM,14310,12/08/2023, 17:11:03,1066
APRL00001,Super Mario BOOM,14312,12/08/2023, 18:14:49,1066
APRL00001,Super Mario BOOM,14314,12/08/2023, 19:09:36,1066
APRL00001,Super Mario BOOM,14318,12/08/2023, 20:12:32,1066
APRL00001,Super Mario BOOM,14319,12/08/2023, 21:10:31,1066
APRL00001,Super Mario BOOM,14320,12/08/2023, 22:11:10,1066
APRL00001,Super Mario BOOM,14324,12/08/2023, 23:12:02,1066
APRL00001,Super Mario BOOM,14327,12/09/2023, 00:52:03,1066
APRL00001,Super Mario BOOM,14327,12/09/2023, 01:51:52,1066
APRL00001,Super Mario BOOM,14327,12/09/2023, 02:22:28,1066
APRL00001,Super Mario BOOM,14329,12/09/2023, 03:12:16,1066
APRL00001,Super Mario BOOM,14330,12/09/2023, 04:14:07,1066
APRL00001,Super Mario BOOM,14333,12/09/2023, 05:10:54,1066
APRL00001,Super Mario BOOM,14333,12/09/2023, 06:14:10,1066
APRL00001,Super Mario BOOM,14333,12/09/2023, 07:10:42,1066
APRL00001,Super Mario BOOM,14334,12/09/2023, 08:14:07,1066
APRL00001,Super Mario BOOM,14335,12/09/2023, 09:10:49,1066
APRL00001,Super Mario BOOM,14336,12/09/2023, 10:11:28,1066
APRL00001,Super Mario BOOM,14338,12/09/2023, 11:09:33,1066
APRL00001,Super Mario BOOM,14339,12/09/2023, 12:19:48,1066
APRL00001,Super Mario BOOM,14340,12/09/2023, 13:12:06,1066
APRL00001,Super Mario BOOM,14340,12/09/2023, 14:10:09,1066
APRL00001,Super Mario BOOM,14342,12/09/2023, 15:10:35,1066
APRL00001,Super Mario BOOM,14344,12/09/2023, 16:13:46,1066
APRL00001,Super Mario BOOM,14346,12/09/2023, 17:09:57,1066
APRL00001,Super Mario BOOM,14347,12/09/2023, 18:13:44,1066
APRL00001,Super Mario BOOM,14347,12/09/2023, 19:08:56,1066
APRL00001,Super Mario BOOM,14349,12/09/2023, 20:11:33,1066
APRL00001,Super Mario BOOM,14350,12/09/2023, 21:09:56,1066
APRL00001,Super Mario BOOM,14351,12/09/2023, 22:10:46,1066
APRL00001,Super Mario BOOM,14355,12/09/2023, 23:11:14,1066
APRL00001,Super Mario BOOM,14358,12/10/2023, 00:56:19,1066
APRL00001,Super Mario BOOM,14361,12/10/2023, 01:58:20,1066
APRL00001,Super Mario BOOM,14361,12/10/2023, 02:29:19,1066
APRL00001,Super Mario BOOM,14362,12/10/2023, 03:12:45,1066
APRL00001,Super Mario BOOM,14362,12/10/2023, 04:14:28,1066
APRL00001,Super Mario BOOM,14363,12/10/2023, 05:10:55,1066
APRL00001,Super Mario BOOM,14367,12/10/2023, 06:14:10,1066
APRL00001,Super Mario BOOM,14367,12/10/2023, 07:10:34,1066
APRL00001,Super Mario BOOM,14368,12/10/2023, 08:14:26,1066
APRL00001,Super Mario BOOM,14369,12/10/2023, 09:10:47,1066
APRL00001,Super Mario BOOM,14370,12/10/2023, 10:11:21,1066
APRL00001,Super Mario BOOM,14373,12/10/2023, 11:09:53,1066
APRL00001,Super Mario BOOM,14376,12/10/2023, 12:19:32,1066
APRL00001,Super Mario BOOM,14376,12/10/2023, 13:12:16,1066
APRL00001,Super Mario BOOM,14377,12/10/2023, 14:10:25,1066
APRL00001,Super Mario BOOM,14379,12/10/2023, 15:10:58,1066
APRL00001,Super Mario BOOM,14380,12/10/2023, 16:14:01,1066
APRL00001,Super Mario BOOM,14386,12/10/2023, 17:09:46,1066
APRL00001,Super Mario BOOM,14388,12/10/2023, 18:13:36,1066
APRL00001,Super Mario BOOM,14393,12/10/2023, 19:09:22,1066
APRL00001,Super Mario BOOM,14394,12/10/2023, 20:11:51,1066
APRL00001,Super Mario BOOM,14397,12/10/2023, 21:09:56,1066
APRL00001,Super Mario BOOM,14399,12/10/2023, 22:10:30,1066
APRL00001,Super Mario BOOM,14402,12/10/2023, 23:11:09,1066
APRL00001,Super Mario BOOM,14407,12/11/2023, 00:53:48,1066
APRL00001,Super Mario BOOM,14409,12/11/2023, 01:55:40,1066
APRL00001,Super Mario BOOM,14409,12/11/2023, 02:26:31,1066
APRL00001,Super Mario BOOM,14411,12/11/2023, 03:13:12,1066
APRL00001,Super Mario BOOM,14414,12/11/2023, 04:14:45,1066
APRL00001,Super Mario BOOM,14416,12/11/2023, 05:12:32,1066
APRL00001,Super Mario BOOM,14417,12/11/2023, 06:16:02,1066
APRL00001,Super Mario BOOM,14417,12/11/2023, 07:11:38,1066
APRL00001,Super Mario BOOM,14417,12/11/2023, 08:15:57,1066
APRL00001,Super Mario BOOM,14419,12/11/2023, 09:13:11,1066
APRL00001,Super Mario BOOM,14421,12/11/2023, 10:13:45,1066
APRL00001,Super Mario BOOM,14424,12/11/2023, 11:11:00,1066
APRL00001,Super Mario BOOM,14424,12/11/2023, 12:22:19,1066
APRL00001,Super Mario BOOM,14426,12/11/2023, 13:15:53,1066
APRL00001,Super Mario BOOM,14426,12/11/2023, 14:12:15,1066
APRL00001,Super Mario BOOM,14426,12/11/2023, 15:13:00,1066
APRL00001,Super Mario BOOM,14426,12/11/2023, 16:15:53,1066
APRL00001,Super Mario BOOM,14427,12/11/2023, 17:11:27,1066
APRL00001,Super Mario BOOM,14427,12/11/2023, 18:15:09,1066
APRL00001,Super Mario BOOM,14428,12/11/2023, 19:10:04,1066
APRL00001,Super Mario BOOM,14430,12/11/2023, 20:13:07,1066
APRL00001,Super Mario BOOM,14435,12/11/2023, 21:11:24,1066
APRL00001,Super Mario BOOM,14437,12/11/2023, 22:11:17,1066
APRL00001,Super Mario BOOM,14438,12/11/2023, 23:12:07,1066
APRL00001,Super Mario BOOM,14443,12/12/2023, 00:53:18,1066
APRL00001,Super Mario BOOM,14449,12/12/2023, 01:55:59,1066
APRL00001,Super Mario BOOM,14450,12/12/2023, 02:27:10,1066
APRL00001,Super Mario BOOM,14450,12/12/2023, 03:13:00,1066
APRL00001,Super Mario BOOM,14450,12/12/2023, 04:14:24,1066
APRL00001,Super Mario BOOM,14451,12/12/2023, 05:11:53,1066
APRL00001,Super Mario BOOM,14452,12/12/2023, 06:15:33,1066
APRL00001,Super Mario BOOM,14452,12/12/2023, 07:11:33,1066
APRL00001,Super Mario BOOM,14452,12/12/2023, 08:15:19,1066
APRL00001,Super Mario BOOM,14453,12/12/2023, 09:12:13,1066
APRL00001,Super Mario BOOM,14454,12/12/2023, 10:13:11,1066
APRL00001,Super Mario BOOM,14455,12/12/2023, 11:10:34,1066
APRL00001,Super Mario BOOM,14455,12/12/2023, 12:21:51,1066
APRL00001,Super Mario BOOM,14456,12/12/2023, 13:15:02,1066
APRL00001,Super Mario BOOM,14458,12/12/2023, 14:11:27,1066
APRL00001,Super Mario BOOM,14459,12/12/2023, 15:12:15,1066
APRL00001,Super Mario BOOM,14461,12/12/2023, 16:14:18,1066
APRL00001,Super Mario BOOM,14463,12/12/2023, 17:11:16,1066
APRL00001,Super Mario BOOM,14466,12/12/2023, 18:14:53,1066
APRL00001,Super Mario BOOM,14467,12/12/2023, 19:10:19,1066
APRL00001,Super Mario BOOM,14469,12/12/2023, 20:12:36,1066
APRL00001,Super Mario BOOM,14471,12/12/2023, 21:10:53,1066
APRL00001,Super Mario BOOM,14472,12/12/2023, 22:11:22,1066
APRL00001,Super Mario BOOM,14475,12/12/2023, 23:11:38,1066
APRL00001,Super Mario BOOM,14476,12/13/2023, 00:52:38,1066
APRL00001,Super Mario BOOM,14476,12/13/2023, 01:55:49,1066
APRL00001,Super Mario BOOM,14478,12/13/2023, 02:26:35,1066
APRL00001,Super Mario BOOM,14479,12/13/2023, 03:13:08,1066
APRL00001,Super Mario BOOM,14479,12/13/2023, 04:15:00,1066
APRL00001,Super Mario BOOM,14480,12/13/2023, 05:11:32,1066
APRL00001,Super Mario BOOM,14482,12/13/2023, 06:15:43,1066
APRL00001,Super Mario BOOM,14482,12/13/2023, 07:11:37,1066
APRL00001,Super Mario BOOM,14483,12/13/2023, 08:15:21,1066
APRL00001,Super Mario BOOM,14484,12/13/2023, 09:12:05,1066
APRL00001,Super Mario BOOM,14484,12/13/2023, 10:12:52,1066
APRL00001,Super Mario BOOM,14485,12/13/2023, 11:10:22,1066
APRL00001,Super Mario BOOM,14486,12/13/2023, 12:21:29,1066
APRL00001,Super Mario BOOM,14488,12/13/2023, 13:15:35,1066
APRL00001,Super Mario BOOM,14489,12/13/2023, 14:11:58,1066
APRL00001,Super Mario BOOM,14490,12/13/2023, 15:12:54,1066
APRL00001,Super Mario BOOM,14492,12/13/2023, 16:14:16,1066
APRL00001,Super Mario BOOM,14492,12/13/2023, 17:11:21,1066
APRL00001,Super Mario BOOM,14493,12/13/2023, 18:13:02,1066
APRL00001,Super Mario BOOM,14494,12/13/2023, 19:10:11,1066
APRL00001,Super Mario BOOM,14497,12/13/2023, 20:12:53,1066
APRL00001,Super Mario BOOM,14498,12/13/2023, 21:10:53,1066
APRL00001,Super Mario BOOM,14501,12/13/2023, 22:11:24,1066
APRL00001,Super Mario BOOM,14503,12/13/2023, 23:12:17,1066
APRL00001,Super Mario BOOM,14505,12/14/2023, 00:52:34,1066
APRL00001,Super Mario BOOM,14506,12/14/2023, 01:53:38,1066
APRL00001,Super Mario BOOM,14506,12/14/2023, 02:24:34,1066
APRL00001,Super Mario BOOM,14507,12/14/2023, 03:12:51,1066
APRL00001,Super Mario BOOM,14508,12/14/2023, 04:15:05,1066
APRL00001,Super Mario BOOM,14508,12/14/2023, 05:11:47,1066
APRL00001,Super Mario BOOM,14509,12/14/2023, 06:16:01,1066
APRL00001,Super Mario BOOM,14509,12/14/2023, 07:11:22,1066
APRL00001,Super Mario BOOM,14510,12/14/2023, 08:15:19,1066
APRL00001,Super Mario BOOM,14510,12/14/2023, 09:11:56,1066
APRL00001,Super Mario BOOM,14511,12/14/2023, 10:14:13,1066
APRL00001,Super Mario BOOM,14513,12/14/2023, 11:10:43,1066
APRL00001,Super Mario BOOM,14514,12/14/2023, 12:21:27,1066
APRL00001,Super Mario BOOM,14515,12/14/2023, 13:15:09,1066
APRL00001,Super Mario BOOM,14516,12/14/2023, 14:11:41,1066
APRL00001,Super Mario BOOM,14518,12/14/2023, 15:12:36,1066
APRL00001,Super Mario BOOM,14518,12/14/2023, 16:13:11,1066
APRL00001,Super Mario BOOM,14518,12/14/2023, 17:11:40,1066
APRL00001,Super Mario BOOM,14519,12/14/2023, 18:14:59,1066
APRL00001,Super Mario BOOM,14522,12/14/2023, 19:09:49,1066
APRL00001,Super Mario BOOM,14524,12/14/2023, 20:12:52,1066
APRL00001,Super Mario BOOM,14526,12/14/2023, 21:10:50,1066
APRL00001,Super Mario BOOM,14526,12/14/2023, 22:11:27,1066
APRL00001,Super Mario BOOM,14529,12/14/2023, 23:12:04,1066
APRL00001,Super Mario BOOM,14532,12/15/2023, 00:53:22,1066
APRL00001,Super Mario BOOM,14535,12/15/2023, 01:55:30,1066
APRL00001,Super Mario BOOM,14535,12/15/2023, 02:26:49,1066
APRL00001,Super Mario BOOM,14535,12/15/2023, 03:13:09,1066
APRL00001,Super Mario BOOM,14535,12/15/2023, 04:14:23,1066
APRL00001,Super Mario BOOM,14535,12/15/2023, 05:11:47,1066
APRL00001,Super Mario BOOM,14536,12/15/2023, 06:15:50,1066
APRL00001,Super Mario BOOM,14537,12/15/2023, 07:11:42,1066
APRL00001,Super Mario BOOM,14538,12/15/2023, 08:15:24,1066
APRL00001,Super Mario BOOM,14539,12/15/2023, 09:12:23,1066
APRL00001,Super Mario BOOM,14540,12/15/2023, 10:13:03,1066
APRL00001,Super Mario BOOM,14541,12/15/2023, 11:10:28,1066
APRL00001,Super Mario BOOM,14542,12/15/2023, 12:21:38,1066
APRL00001,Super Mario BOOM,14542,12/15/2023, 13:14:50,1066
APRL00001,Super Mario BOOM,14544,12/15/2023, 14:11:15,1066
APRL00001,Super Mario BOOM,14545,12/15/2023, 15:12:12,1066
APRL00001,Super Mario BOOM,14546,12/15/2023, 16:15:05,1066
APRL00001,Super Mario BOOM,14549,12/15/2023, 17:11:19,1066
APRL00001,Super Mario BOOM,14550,12/15/2023, 18:14:47,1066
APRL00001,Super Mario BOOM,14554,12/15/2023, 19:10:04,1066
APRL00001,Super Mario BOOM,14557,12/15/2023, 20:12:51,1066
APRL00001,Super Mario BOOM,14557,12/15/2023, 21:10:49,1066
APRL00001,Super Mario BOOM,14558,12/15/2023, 22:10:57,1066
APRL00001,Super Mario BOOM,14559,12/15/2023, 23:12:04,1066
APRL00001,Super Mario BOOM,14560,12/16/2023, 00:52:13,1066
APRL00001,Super Mario BOOM,14561,12/16/2023, 01:52:36,1066
APRL00001,Super Mario BOOM,14562,12/16/2023, 02:23:17,1066
APRL00001,Super Mario BOOM,14562,12/16/2023, 03:12:47,1066
APRL00001,Super Mario BOOM,14566,12/16/2023, 04:14:18,1066
APRL00001,Super Mario BOOM,14566,12/16/2023, 05:11:22,1066
APRL00001,Super Mario BOOM,14568,12/16/2023, 06:14:41,1066
APRL00001,Super Mario BOOM,14570,12/16/2023, 07:10:43,1066
APRL00001,Super Mario BOOM,14571,12/16/2023, 08:14:02,1066
APRL00001,Super Mario BOOM,14571,12/16/2023, 09:11:25,1066
APRL00001,Super Mario BOOM,14572,12/16/2023, 10:11:32,1066
APRL00001,Super Mario BOOM,14573,12/16/2023, 11:09:46,1066
APRL00001,Super Mario BOOM,14574,12/16/2023, 12:19:53,1066
APRL00001,Super Mario BOOM,14576,12/16/2023, 13:12:40,1066
APRL00001,Super Mario BOOM,14577,12/16/2023, 14:11:13,1066
APRL00001,Super Mario BOOM,14580,12/16/2023, 15:11:03,1066
APRL00001,Super Mario BOOM,14582,12/16/2023, 16:13:46,1066
APRL00001,Super Mario BOOM,14586,12/16/2023, 17:10:10,1066
APRL00001,Super Mario BOOM,14587,12/16/2023, 18:13:59,1066
APRL00001,Super Mario BOOM,14588,12/16/2023, 19:08:58,1066
APRL00001,Super Mario BOOM,14593,12/16/2023, 20:11:46,1066
APRL00001,Super Mario BOOM,14594,12/16/2023, 21:10:08,1066
APRL00001,Super Mario BOOM,14595,12/16/2023, 22:10:50,1066
APRL00001,Super Mario BOOM,14599,12/16/2023, 23:11:35,1066
APRL00001,Super Mario BOOM,14602,12/17/2023, 00:56:10,1066
APRL00001,Super Mario BOOM,14603,12/17/2023, 01:57:52,1066
APRL00001,Super Mario BOOM,14603,12/17/2023, 02:29:04,1066
APRL00001,Super Mario BOOM,14607,12/17/2023, 03:12:28,1066
APRL00001,Super Mario BOOM,14608,12/17/2023, 04:14:05,1066
APRL00001,Super Mario BOOM,14610,12/17/2023, 05:11:28,1066
APRL00001,Super Mario BOOM,14612,12/17/2023, 06:14:26,1066
APRL00001,Super Mario BOOM,14613,12/17/2023, 07:10:57,1066
APRL00001,Super Mario BOOM,14613,12/17/2023, 08:13:59,1066
APRL00001,Super Mario BOOM,14616,12/17/2023, 09:11:35,1066
APRL00001,Super Mario BOOM,14617,12/17/2023, 10:11:51,1066
APRL00001,Super Mario BOOM,14618,12/17/2023, 11:09:45,1066
APRL00001,Super Mario BOOM,14618,12/17/2023, 12:19:50,1066
APRL00001,Super Mario BOOM,14622,12/17/2023, 13:12:44,1066
APRL00001,Super Mario BOOM,14624,12/17/2023, 14:09:55,1066
APRL00001,Super Mario BOOM,14625,12/17/2023, 15:11:00,1066
APRL00001,Super Mario BOOM,14629,12/17/2023, 16:13:42,1066
APRL00001,Super Mario BOOM,14630,12/17/2023, 17:10:05,1066
APRL00001,Super Mario BOOM,14633,12/17/2023, 18:13:58,1066
APRL00001,Super Mario BOOM,14634,12/17/2023, 19:09:22,1066
APRL00001,Super Mario BOOM,14636,12/17/2023, 20:12:04,1066
APRL00001,Super Mario BOOM,14639,12/17/2023, 21:10:23,1066
APRL00001,Super Mario BOOM,14645,12/17/2023, 22:10:43,1066
APRL00001,Super Mario BOOM,14645,12/17/2023, 23:11:33,1066
APRL00001,Super Mario BOOM,14649,12/18/2023, 00:53:37,1066
APRL00001,Super Mario BOOM,14651,12/18/2023, 01:55:23,1066
APRL00001,Super Mario BOOM,14652,12/18/2023, 02:26:13,1066
APRL00001,Super Mario BOOM,14657,12/18/2023, 03:13:21,1066
APRL00001,Super Mario BOOM,14658,12/18/2023, 04:14:58,1066
APRL00001,Super Mario BOOM,14658,12/18/2023, 05:12:33,1066
APRL00001,Super Mario BOOM,14661,12/18/2023, 06:16:20,1066
APRL00001,Super Mario BOOM,14662,12/18/2023, 07:11:25,1066
APRL00001,Super Mario BOOM,14662,12/18/2023, 08:16:25,1066
APRL00001,Super Mario BOOM,14662,12/18/2023, 09:12:40,1066
APRL00001,Super Mario BOOM,14664,12/18/2023, 10:13:37,1066
APRL00001,Super Mario BOOM,14665,12/18/2023, 11:10:35,1066
APRL00001,Super Mario BOOM,14668,12/18/2023, 12:21:56,1066
APRL00001,Super Mario BOOM,14668,12/18/2023, 13:15:45,1066
APRL00001,Super Mario BOOM,14669,12/18/2023, 14:11:46,1066
APRL00001,Super Mario BOOM,14671,12/18/2023, 15:12:44,1066
APRL00001,Super Mario BOOM,14672,12/18/2023, 16:14:54,1066
APRL00001,Super Mario BOOM,14674,12/18/2023, 17:11:29,1066
APRL00001,Super Mario BOOM,14676,12/18/2023, 18:15:01,1066
APRL00001,Super Mario BOOM,14678,12/18/2023, 19:09:55,1066
APRL00001,Super Mario BOOM,14679,12/18/2023, 20:12:58,1066
APRL00001,Super Mario BOOM,14680,12/18/2023, 21:10:59,1066
APRL00001,Super Mario BOOM,14681,12/18/2023, 22:11:45,1066
APRL00001,Super Mario BOOM,14683,12/18/2023, 23:11:55,1066
APRL00001,Super Mario BOOM,14687,12/19/2023, 00:52:39,1066
APRL00001,Super Mario BOOM,14689,12/19/2023, 01:54:46,1066
APRL00001,Super Mario BOOM,14689,12/19/2023, 02:25:37,1066
APRL00001,Super Mario BOOM,14689,12/19/2023, 03:12:48,1066
APRL00001,Super Mario BOOM,14692,12/19/2023, 04:14:23,1066
APRL00001,Super Mario BOOM,14692,12/19/2023, 05:11:50,1066
APRL00001,Super Mario BOOM,14694,12/19/2023, 06:15:43,1066
APRL00001,Super Mario BOOM,14694,12/19/2023, 07:11:54,1066
APRL00001,Super Mario BOOM,14694,12/19/2023, 08:15:22,1066
APRL00001,Super Mario BOOM,14695,12/19/2023, 09:12:20,1066
APRL00001,Super Mario BOOM,14695,12/19/2023, 10:12:25,1066
APRL00001,Super Mario BOOM,14695,12/19/2023, 11:10:17,1066
APRL00001,Super Mario BOOM,14695,12/19/2023, 12:21:22,1066
APRL00001,Super Mario BOOM,14695,12/19/2023, 13:14:33,1066
APRL00001,Super Mario BOOM,14696,12/19/2023, 14:11:29,1066
APRL00001,Super Mario BOOM,14698,12/19/2023, 15:12:00,1066
APRL00001,Super Mario BOOM,14698,12/19/2023, 16:13:54,1066
APRL00001,Super Mario BOOM,14702,12/19/2023, 17:09:28,1066
APRL00001,Super Mario BOOM,14705,12/19/2023, 18:12:33,1066
APRL00001,Super Mario BOOM,14707,12/19/2023, 19:08:28,1066
APRL00001,Super Mario BOOM,14711,12/19/2023, 20:11:26,1066
APRL00001,Super Mario BOOM,14711,12/19/2023, 21:09:33,1066
APRL00001,Super Mario BOOM,14714,12/19/2023, 22:10:00,1066
APRL00001,Super Mario BOOM,14716,12/19/2023, 23:09:56,1066
APRL00001,Super Mario BOOM,14719,12/20/2023, 00:42:15,1066
APRL00001,Super Mario BOOM,14720,12/20/2023, 01:32:53,1066
APRL00001,Super Mario BOOM,14720,12/20/2023, 02:10:50,1066
APRL00001,Super Mario BOOM,14723,12/20/2023, 03:10:33,1066
APRL00001,Super Mario BOOM,14725,12/20/2023, 04:11:57,1066
APRL00001,Super Mario BOOM,14727,12/20/2023, 05:09:43,1066
APRL00001,Super Mario BOOM,14728,12/20/2023, 06:13:11,1066
APRL00001,Super Mario BOOM,14729,12/20/2023, 07:09:30,1066
APRL00001,Super Mario BOOM,14729,12/20/2023, 08:13:03,1066
APRL00001,Super Mario BOOM,14730,12/20/2023, 09:10:13,1066
APRL00001,Super Mario BOOM,14730,12/20/2023, 10:10:43,1066
APRL00001,Super Mario BOOM,14731,12/20/2023, 11:09:50,1066
APRL00001,Super Mario BOOM,14732,12/20/2023, 12:17:54,1066
APRL00001,Super Mario BOOM,14732,12/20/2023, 13:11:36,1066
APRL00001,Super Mario BOOM,14733,12/20/2023, 14:09:40,1066
APRL00001,Super Mario BOOM,14734,12/20/2023, 15:10:11,1066
APRL00001,Super Mario BOOM,14734,12/20/2023, 16:13:41,1066
APRL00001,Super Mario BOOM,14737,12/20/2023, 17:09:56,1066
APRL00001,Super Mario BOOM,14739,12/20/2023, 18:14:50,1066
APRL00001,Super Mario BOOM,14741,12/20/2023, 19:08:24,1066
APRL00001,Super Mario BOOM,14741,12/20/2023, 20:12:44,1066
APRL00001,Super Mario BOOM,14742,12/20/2023, 21:10:24,1066
APRL00001,Super Mario BOOM,14744,12/20/2023, 22:11:03,1066
APRL00001,Super Mario BOOM,14747,12/20/2023, 23:12:20,1066
APRL00001,Super Mario BOOM,14749,12/21/2023, 00:52:09,1066
APRL00001,Super Mario BOOM,14750,12/21/2023, 01:53:13,1066
APRL00001,Super Mario BOOM,14750,12/21/2023, 02:24:10,1066
APRL00001,Super Mario BOOM,14750,12/21/2023, 03:12:28,1066
APRL00001,Super Mario BOOM,14751,12/21/2023, 04:14:09,1066
APRL00001,Super Mario BOOM,14754,12/21/2023, 05:11:37,1066
APRL00001,Super Mario BOOM,14756,12/21/2023, 06:15:21,1066
APRL00001,Super Mario BOOM,14756,12/21/2023, 07:11:29,1066
APRL00001,Super Mario BOOM,14757,12/21/2023, 08:14:43,1066
APRL00001,Super Mario BOOM,14758,12/21/2023, 09:11:51,1066
APRL00001,Super Mario BOOM,14759,12/21/2023, 10:12:33,1066
APRL00001,Super Mario BOOM,14759,12/21/2023, 11:10:22,1066
APRL00001,Super Mario BOOM,14762,12/21/2023, 12:20:51,1066
APRL00001,Super Mario BOOM,14762,12/21/2023, 13:14:17,1066
APRL00001,Super Mario BOOM,14762,12/21/2023, 14:10:54,1066
APRL00001,Super Mario BOOM,14763,12/21/2023, 15:12:26,1066
APRL00001,Super Mario BOOM,14764,12/21/2023, 16:15:01,1066
APRL00001,Super Mario BOOM,14765,12/21/2023, 17:11:15,1066
APRL00001,Super Mario BOOM,14767,12/21/2023, 18:13:17,1066
APRL00001,Super Mario BOOM,14768,12/21/2023, 19:08:17,1066
APRL00001,Super Mario BOOM,14770,12/21/2023, 20:12:10,1066
APRL00001,Super Mario BOOM,14772,12/21/2023, 21:12:10,1066
APRL00001,Super Mario BOOM,14777,12/21/2023, 22:10:35,1066
APRL00001,Super Mario BOOM,14778,12/21/2023, 23:12:34,1066
APRL00001,Super Mario BOOM,14783,12/22/2023, 00:51:56,1066
APRL00001,Super Mario BOOM,14785,12/22/2023, 01:52:14,1066
APRL00001,Super Mario BOOM,14785,12/22/2023, 02:23:07,1066
APRL00001,Super Mario BOOM,14785,12/22/2023, 03:12:38,1066
APRL00001,Super Mario BOOM,14786,12/22/2023, 04:14:21,1066
APRL00001,Super Mario BOOM,14787,12/22/2023, 05:11:48,1066
APRL00001,Super Mario BOOM,14788,12/22/2023, 06:15:40,1066
APRL00001,Super Mario BOOM,14788,12/22/2023, 07:11:01,1066
APRL00001,Super Mario BOOM,14788,12/22/2023, 08:14:56,1066
APRL00001,Super Mario BOOM,14788,12/22/2023, 09:11:50,1066
APRL00001,Super Mario BOOM,14788,12/22/2023, 10:12:46,1066
APRL00001,Super Mario BOOM,14788,12/22/2023, 11:10:23,1066
APRL00001,Super Mario BOOM,14790,12/22/2023, 12:20:45,1066
APRL00001,Super Mario BOOM,14791,12/22/2023, 13:13:26,1066
APRL00001,Super Mario BOOM,14791,12/22/2023, 14:11:16,1066
APRL00001,Super Mario BOOM,14792,12/22/2023, 15:11:42,1066
APRL00001,Super Mario BOOM,14794,12/22/2023, 16:14:33,1066
APRL00001,Super Mario BOOM,14796,12/22/2023, 17:10:42,1066
APRL00001,Super Mario BOOM,14796,12/22/2023, 18:14:35,1066
APRL00001,Super Mario BOOM,14798,12/22/2023, 19:09:24,1066
APRL00001,Super Mario BOOM,14800,12/22/2023, 20:12:26,1066
APRL00001,Super Mario BOOM,14806,12/22/2023, 21:10:22,1066
APRL00001,Super Mario BOOM,14807,12/22/2023, 22:11:00,1066
APRL00001,Super Mario BOOM,14810,12/22/2023, 23:12:09,1066
APRL00001,Super Mario BOOM,14812,12/23/2023, 00:49:36,1066
APRL00001,Super Mario BOOM,14812,12/23/2023, 01:45:38,1066
APRL00001,Super Mario BOOM,14814,12/23/2023, 02:19:50,1066
APRL00001,Super Mario BOOM,14816,12/23/2023, 03:12:21,1066
APRL00001,Super Mario BOOM,14817,12/23/2023, 04:13:40,1066
APRL00001,Super Mario BOOM,14819,12/23/2023, 05:11:13,1066
APRL00001,Super Mario BOOM,14819,12/23/2023, 06:14:20,1066
APRL00001,Super Mario BOOM,14821,12/23/2023, 07:10:17,1066
APRL00001,Super Mario BOOM,14823,12/23/2023, 08:13:42,1066
APRL00001,Super Mario BOOM,14824,12/23/2023, 09:11:07,1066
APRL00001,Super Mario BOOM,14824,12/23/2023, 10:11:21,1066
APRL00001,Super Mario BOOM,14825,12/23/2023, 11:09:46,1066
APRL00001,Super Mario BOOM,14832,12/23/2023, 12:18:56,1066
APRL00001,Super Mario BOOM,14833,12/23/2023, 13:12:26,1066
APRL00001,Super Mario BOOM,14833,12/23/2023, 14:10:07,1066
APRL00001,Super Mario BOOM,14837,12/23/2023, 15:10:51,1066
APRL00001,Super Mario BOOM,14838,12/23/2023, 16:13:39,1066
APRL00001,Super Mario BOOM,14839,12/23/2023, 17:10:18,1066
APRL00001,Super Mario BOOM,14839,12/23/2023, 18:13:27,1066
APRL00001,Super Mario BOOM,14841,12/23/2023, 19:08:54,1066
APRL00001,Super Mario BOOM,14843,12/23/2023, 20:11:17,1066
APRL00001,Super Mario BOOM,14846,12/23/2023, 21:09:31,1066
APRL00001,Super Mario BOOM,14849,12/23/2023, 22:10:13,1066
APRL00001,Super Mario BOOM,14851,12/23/2023, 23:11:41,1066
APRL00001,Super Mario BOOM,14855,12/24/2023, 00:55:31,1066
APRL00001,Super Mario BOOM,14858,12/24/2023, 01:56:02,1066
APRL00001,Super Mario BOOM,14858,12/24/2023, 02:25:28,1066
APRL00001,Super Mario BOOM,14860,12/24/2023, 03:12:02,1066
APRL00001,Super Mario BOOM,14860,12/24/2023, 04:13:42,1066
APRL00001,Super Mario BOOM,14861,12/24/2023, 05:11:11,1066
APRL00001,Super Mario BOOM,14862,12/24/2023, 06:14:15,1066
APRL00001,Super Mario BOOM,14863,12/24/2023, 07:10:41,1066
APRL00001,Super Mario BOOM,14864,12/24/2023, 08:13:31,1066
APRL00001,Super Mario BOOM,14865,12/24/2023, 09:11:54,1066
APRL00001,Super Mario BOOM,14865,12/24/2023, 10:11:50,1066
APRL00001,Super Mario BOOM,14868,12/24/2023, 11:09:24,1066
APRL00001,Super Mario BOOM,14868,12/24/2023, 12:18:59,1066
APRL00001,Super Mario BOOM,14871,12/24/2023, 13:12:18,1066
APRL00001,Super Mario BOOM,14871,12/24/2023, 14:10:24,1066
APRL00001,Super Mario BOOM,14872,12/24/2023, 15:10:46,1066
APRL00001,Super Mario BOOM,14875,12/24/2023, 16:13:36,1066
APRL00001,Super Mario BOOM,14878,12/24/2023, 17:10:08,1066
APRL00001,Super Mario BOOM,14880,12/24/2023, 18:13:16,1066
APRL00001,Super Mario BOOM,14882,12/24/2023, 19:09:16,1066
APRL00001,Super Mario BOOM,14883,12/24/2023, 20:11:28,1066
APRL00001,Super Mario BOOM,14883,12/24/2023, 21:09:48,1066
APRL00001,Super Mario BOOM,14888,12/24/2023, 22:10:24,1066
APRL00001,Super Mario BOOM,14890,12/24/2023, 23:11:23,1066
APRL00001,Super Mario BOOM,14894,12/25/2023, 00:52:56,1066
APRL00001,Super Mario BOOM,14895,12/25/2023, 01:54:07,1066
APRL00001,Super Mario BOOM,14895,12/25/2023, 02:25:13,1066
APRL00001,Super Mario BOOM,14897,12/25/2023, 03:12:46,1066
APRL00001,Super Mario BOOM,14897,12/25/2023, 04:14:16,1066
APRL00001,Super Mario BOOM,14899,12/25/2023, 05:12:33,1066
APRL00001,Super Mario BOOM,14902,12/25/2023, 06:15:57,1066
APRL00001,Super Mario BOOM,14903,12/25/2023, 07:11:13,1066
APRL00001,Super Mario BOOM,14904,12/25/2023, 08:15:02,1066
APRL00001,Super Mario BOOM,14905,12/25/2023, 09:12:08,1066
APRL00001,Super Mario BOOM,14911,12/25/2023, 10:12:37,1066
APRL00001,Super Mario BOOM,14913,12/25/2023, 11:10:08,1066
APRL00001,Super Mario BOOM,14915,12/25/2023, 12:20:41,1066
APRL00001,Super Mario BOOM,14917,12/25/2023, 13:13:07,1066
APRL00001,Super Mario BOOM,14918,12/25/2023, 14:10:46,1066
APRL00001,Super Mario BOOM,14920,12/25/2023, 15:12:49,1066
APRL00001,Super Mario BOOM,14925,12/25/2023, 16:14:05,1066
APRL00001,Super Mario BOOM,14926,12/25/2023, 17:10:25,1066
APRL00001,Super Mario BOOM,14932,12/25/2023, 18:13:59,1066
APRL00001,Super Mario BOOM,14934,12/25/2023, 19:10:30,1066
APRL00001,Super Mario BOOM,14937,12/25/2023, 20:12:12,1066
APRL00001,Super Mario BOOM,14939,12/25/2023, 21:10:36,1066
APRL00001,Super Mario BOOM,14941,12/25/2023, 22:10:47,1066
APRL00001,Super Mario BOOM,14944,12/25/2023, 23:11:37,1066
APRL00001,Super Mario BOOM,14947,12/26/2023, 00:50:41,1066
APRL00001,Super Mario BOOM,14948,12/26/2023, 01:49:58,1066
APRL00001,Super Mario BOOM,14948,12/26/2023, 02:21:30,1066
APRL00001,Super Mario BOOM,14949,12/26/2023, 03:12:44,1066
APRL00001,Super Mario BOOM,14950,12/26/2023, 04:14:19,1066
APRL00001,Super Mario BOOM,14951,12/26/2023, 05:11:53,1066
APRL00001,Super Mario BOOM,14953,12/26/2023, 06:15:15,1066
APRL00001,Super Mario BOOM,14953,12/26/2023, 07:10:51,1066
APRL00001,Super Mario BOOM,14954,12/26/2023, 08:14:35,1066
APRL00001,Super Mario BOOM,14958,12/26/2023, 09:11:37,1066
APRL00001,Super Mario BOOM,14959,12/26/2023, 10:12:08,1066
APRL00001,Super Mario BOOM,14960,12/26/2023, 11:10:05,1066
APRL00001,Super Mario BOOM,14964,12/26/2023, 12:19:53,1066
APRL00001,Super Mario BOOM,14965,12/26/2023, 13:12:58,1066
APRL00001,Super Mario BOOM,14968,12/26/2023, 14:10:48,1066
APRL00001,Super Mario BOOM,14969,12/26/2023, 15:11:22,1066
APRL00001,Super Mario BOOM,14969,12/26/2023, 16:14:27,1066
APRL00001,Super Mario BOOM,14973,12/26/2023, 17:10:43,1066
APRL00001,Super Mario BOOM,14975,12/26/2023, 18:14:00,1066
APRL00001,Super Mario BOOM,14980,12/26/2023, 19:09:42,1066
APRL00001,Super Mario BOOM,14982,12/26/2023, 20:12:06,1066
APRL00001,Super Mario BOOM,14986,12/26/2023, 21:10:11,1066
APRL00001,Super Mario BOOM,14988,12/26/2023, 22:10:39,1066
APRL00001,Super Mario BOOM,14992,12/26/2023, 23:12:21,1066
APRL00001,Super Mario BOOM,14997,12/27/2023, 00:50:55,1066
APRL00001,Super Mario BOOM,14998,12/27/2023, 01:51:18,1066
APRL00001,Super Mario BOOM,14998,12/27/2023, 02:22:02,1066
APRL00001,Super Mario BOOM,14998,12/27/2023, 03:12:42,1066
APRL00001,Super Mario BOOM,15001,12/27/2023, 04:14:34,1066
APRL00001,Super Mario BOOM,15001,12/27/2023, 05:11:22,1066
APRL00001,Super Mario BOOM,15001,12/27/2023, 06:15:36,1066
APRL00001,Super Mario BOOM,15005,12/27/2023, 07:11:08,1066
APRL00001,Super Mario BOOM,15008,12/27/2023, 08:14:44,1066
APRL00001,Super Mario BOOM,15008,12/27/2023, 09:11:32,1066
APRL00001,Super Mario BOOM,15010,12/27/2023, 10:12:16,1066
APRL00001,Super Mario BOOM,15011,12/27/2023, 11:10:00,1066
APRL00001,Super Mario BOOM,15013,12/27/2023, 12:20:31,1066
APRL00001,Super Mario BOOM,15019,12/27/2023, 13:13:32,1066
APRL00001,Super Mario BOOM,15021,12/27/2023, 14:10:33,1066
APRL00001,Super Mario BOOM,15021,12/27/2023, 15:11:55,1066
APRL00001,Super Mario BOOM,15025,12/27/2023, 16:14:05,1066
APRL00001,Super Mario BOOM,15026,12/27/2023, 17:10:06,1066
APRL00001,Super Mario BOOM,15028,12/27/2023, 18:14:19,1066
APRL00001,Super Mario BOOM,15037,12/27/2023, 19:09:47,1066
APRL00001,Super Mario BOOM,15037,12/27/2023, 20:11:58,1066
APRL00001,Super Mario BOOM,15038,12/27/2023, 21:10:57,1066
APRL00001,Super Mario BOOM,15039,12/27/2023, 22:10:48,1066
APRL00001,Super Mario BOOM,15042,12/27/2023, 23:11:45,1066
APRL00001,Super Mario BOOM,15043,12/28/2023, 00:50:47,1066
APRL00001,Super Mario BOOM,15044,12/28/2023, 01:50:32,1066
APRL00001,Super Mario BOOM,15045,12/28/2023, 02:21:43,1066
APRL00001,Super Mario BOOM,15047,12/28/2023, 03:12:17,1066
APRL00001,Super Mario BOOM,15050,12/28/2023, 04:14:16,1066
APRL00001,Super Mario BOOM,15051,12/28/2023, 05:11:49,1066
APRL00001,Super Mario BOOM,15052,12/28/2023, 06:15:06,1066
APRL00001,Super Mario BOOM,15053,12/28/2023, 07:11:12,1066
APRL00001,Super Mario BOOM,15054,12/28/2023, 08:14:50,1066
APRL00001,Super Mario BOOM,15054,12/28/2023, 09:12:15,1066
APRL00001,Super Mario BOOM,15054,12/28/2023, 10:12:40,1066
APRL00001,Super Mario BOOM,15055,12/28/2023, 11:10:10,1066
APRL00001,Super Mario BOOM,15058,12/28/2023, 12:21:06,1066
APRL00001,Super Mario BOOM,15058,12/28/2023, 13:13:14,1066
APRL00001,Super Mario BOOM,15059,12/28/2023, 14:10:57,1066
APRL00001,Super Mario BOOM,15059,12/28/2023, 15:11:38,1066
APRL00001,Super Mario BOOM,15059,12/28/2023, 16:14:30,1066
APRL00001,Super Mario BOOM,15061,12/28/2023, 17:10:47,1066
APRL00001,Super Mario BOOM,15064,12/28/2023, 18:14:16,1066
APRL00001,Super Mario BOOM,15069,12/28/2023, 19:09:27,1066
APRL00001,Super Mario BOOM,15071,12/28/2023, 20:11:24,1066
APRL00001,Super Mario BOOM,15072,12/28/2023, 21:10:26,1066
APRL00001,Super Mario BOOM,15072,12/28/2023, 22:10:38,1066
APRL00001,Super Mario BOOM,15074,12/28/2023, 23:12:29,1066
APRL00001,Super Mario BOOM,15077,12/29/2023, 00:41:53,1066
APRL00001,Super Mario BOOM,15078,12/29/2023, 01:40:19,1066
APRL00001,Super Mario BOOM,15078,12/29/2023, 02:18:18,1066
APRL00001,Super Mario BOOM,15079,12/29/2023, 03:13:03,1066
APRL00001,Super Mario BOOM,15081,12/29/2023, 04:14:39,1066
APRL00001,Super Mario BOOM,15082,12/29/2023, 05:11:31,1066
APRL00001,Super Mario BOOM,15084,12/29/2023, 06:15:38,1066
APRL00001,Super Mario BOOM,15084,12/29/2023, 07:11:01,1066
APRL00001,Super Mario BOOM,15086,12/29/2023, 08:14:23,1066
APRL00001,Super Mario BOOM,15087,12/29/2023, 09:12:00,1066
APRL00001,Super Mario BOOM,15088,12/29/2023, 10:12:37,1066
APRL00001,Super Mario BOOM,15090,12/29/2023, 11:10:51,1066
APRL00001,Super Mario BOOM,15091,12/29/2023, 12:18:09,1066
APRL00001,Super Mario BOOM,15092,12/29/2023, 13:13:31,1066
APRL00001,Super Mario BOOM,15095,12/29/2023, 14:10:40,1066
APRL00001,Super Mario BOOM,15095,12/29/2023, 15:11:18,1066
APRL00001,Super Mario BOOM,15096,12/29/2023, 16:15:42,1066
APRL00001,Super Mario BOOM,15099,12/29/2023, 17:11:25,1066
APRL00001,Super Mario BOOM,15100,12/29/2023, 18:14:06,1066
APRL00001,Super Mario BOOM,15101,12/29/2023, 19:09:44,1066
APRL00001,Super Mario BOOM,15106,12/29/2023, 20:12:02,1066
APRL00001,Super Mario BOOM,15111,12/29/2023, 21:10:20,1066
APRL00001,Super Mario BOOM,15115,12/29/2023, 22:10:59,1066
APRL00001,Super Mario BOOM,15116,12/29/2023, 23:11:34,1066
APRL00001,Super Mario BOOM,15118,12/30/2023, 00:50:31,1066
APRL00001,Super Mario BOOM,15119,12/30/2023, 01:47:48,1066
APRL00001,Super Mario BOOM,15120,12/30/2023, 02:21:34,1066
APRL00001,Super Mario BOOM,15122,12/30/2023, 03:12:32,1066
APRL00001,Super Mario BOOM,15122,12/30/2023, 04:14:24,1066
APRL00001,Super Mario BOOM,15124,12/30/2023, 05:10:56,1066
APRL00001,Super Mario BOOM,15124,12/30/2023, 06:14:00,1066
APRL00001,Super Mario BOOM,15127,12/30/2023, 07:10:16,1066
APRL00001,Super Mario BOOM,15129,12/30/2023, 08:14:04,1066
APRL00001,Super Mario BOOM,15132,12/30/2023, 09:10:52,1066
APRL00001,Super Mario BOOM,15134,12/30/2023, 10:11:24,1066
APRL00001,Super Mario BOOM,15134,12/30/2023, 11:09:42,1066
APRL00001,Super Mario BOOM,15136,12/30/2023, 12:19:12,1066
APRL00001,Super Mario BOOM,15137,12/30/2023, 13:12:16,1066
APRL00001,Super Mario BOOM,15137,12/30/2023, 14:10:06,1066
APRL00001,Super Mario BOOM,15140,12/30/2023, 15:10:53,1066
APRL00001,Super Mario BOOM,15143,12/30/2023, 16:13:33,1066
APRL00001,Super Mario BOOM,15145,12/30/2023, 17:09:58,1066
APRL00001,Super Mario BOOM,15148,12/30/2023, 18:14:13,1066
APRL00001,Super Mario BOOM,15148,12/30/2023, 19:09:10,1066
APRL00001,Super Mario BOOM,15151,12/30/2023, 20:11:48,1066
APRL00001,Super Mario BOOM,15155,12/30/2023, 21:10:12,1066
APRL00001,Super Mario BOOM,15157,12/30/2023, 22:10:22,1066
APRL00001,Super Mario BOOM,15157,12/30/2023, 23:11:02,1066
APRL00001,Super Mario BOOM,15161,12/31/2023, 00:55:47,1066
APRL00001,Super Mario BOOM,15165,12/31/2023, 01:56:43,1066
APRL00001,Super Mario BOOM,15165,12/31/2023, 02:26:09,1066
APRL00001,Super Mario BOOM,15165,12/31/2023, 03:12:29,1066
APRL00001,Super Mario BOOM,15166,12/31/2023, 04:13:43,1066
APRL00001,Super Mario BOOM,15167,12/31/2023, 05:11:12,1066
APRL00001,Super Mario BOOM,15167,12/31/2023, 06:14:09,1066
APRL00001,Super Mario BOOM,15171,12/31/2023, 07:10:38,1066
APRL00001,Super Mario BOOM,15172,12/31/2023, 08:13:51,1066
APRL00001,Super Mario BOOM,15172,12/31/2023, 09:11:07,1066
APRL00001,Super Mario BOOM,15174,12/31/2023, 10:11:43,1066
APRL00001,Super Mario BOOM,15174,12/31/2023, 11:09:37,1066
APRL00001,Super Mario BOOM,15176,12/31/2023, 12:19:39,1066
APRL00001,Super Mario BOOM,15177,12/31/2023, 13:12:09,1066
APRL00001,Super Mario BOOM,15180,12/31/2023, 14:10:07,1066
APRL00001,Super Mario BOOM,15184,12/31/2023, 15:10:46,1066
APRL00001,Super Mario BOOM,15187,12/31/2023, 16:13:29,1066
APRL00001,Super Mario BOOM,15190,12/31/2023, 17:09:52,1066
APRL00001,Super Mario BOOM,15193,12/31/2023, 18:13:17,1066
APRL00001,Super Mario BOOM,15194,12/31/2023, 19:09:15,1066
APRL00001,Super Mario BOOM,15196,12/31/2023, 20:11:41,1066
APRL00001,Super Mario BOOM,15200,12/31/2023, 21:10:16,1066
APRL00001,Super Mario BOOM,15202,12/31/2023, 22:10:33,1066
APRL00001,Super Mario BOOM,15205,12/31/2023, 23:11:43,1066
APRL00001,Super Mario BOOM,15207,01/01/2024, 00:57:27,1066
APRL00001,Super Mario BOOM,15207,01/01/2024, 02:01:08,1066
APRL00001,Super Mario BOOM,15207,01/01/2024, 02:36:38,1066
APRL00001,Super Mario BOOM,15207,01/01/2024, 03:13:30,1066
APRL00001,Super Mario BOOM,15208,01/01/2024, 04:14:30,1066
APRL00001,Super Mario BOOM,15210,01/01/2024, 05:12:39,1066
APRL00001,Super Mario BOOM,15210,01/01/2024, 06:16:21,1066
APRL00001,Super Mario BOOM,15211,01/01/2024, 07:11:10,1066
APRL00001,Super Mario BOOM,15211,01/01/2024, 08:15:15,1066
APRL00001,Super Mario BOOM,15212,01/01/2024, 09:12:36,1066
APRL00001,Super Mario BOOM,15213,01/01/2024, 10:13:05,1066
APRL00001,Super Mario BOOM,15214,01/01/2024, 11:10:21,1066
APRL00001,Super Mario BOOM,15217,01/01/2024, 12:20:51,1066
APRL00001,Super Mario BOOM,15218,01/01/2024, 13:13:58,1066
APRL00001,Super Mario BOOM,15219,01/01/2024, 14:11:07,1066
APRL00001,Super Mario BOOM,15219,01/01/2024, 15:11:59,1066
APRL00001,Super Mario BOOM,15221,01/01/2024, 16:14:09,1066
APRL00001,Super Mario BOOM,15223,01/01/2024, 17:10:43,1066
APRL00001,Super Mario BOOM,15224,01/01/2024, 18:14:59,1066
APRL00001,Super Mario BOOM,15224,01/01/2024, 19:09:41,1066
APRL00001,Super Mario BOOM,15224,01/01/2024, 20:12:01,1066
APRL00001,Super Mario BOOM,15226,01/01/2024, 21:10:40,1066
APRL00001,Super Mario BOOM,15228,01/01/2024, 22:11:32,1066
APRL00001,Super Mario BOOM,15231,01/01/2024, 23:11:55,1066
APRL00001,Super Mario BOOM,15234,01/02/2024, 00:51:25,1066
APRL00001,Super Mario BOOM,15235,01/02/2024, 01:55:11,1066
APRL00001,Super Mario BOOM,15235,01/02/2024, 02:25:31,1066
APRL00001,Super Mario BOOM,15236,01/02/2024, 03:12:35,1066
APRL00001,Super Mario BOOM,15239,01/02/2024, 04:14:24,1066
APRL00001,Super Mario BOOM,15240,01/02/2024, 05:11:53,1066
APRL00001,Super Mario BOOM,15240,01/02/2024, 06:15:16,1066
APRL00001,Super Mario BOOM,15240,01/02/2024, 07:11:19,1066
APRL00001,Super Mario BOOM,15240,01/02/2024, 08:14:55,1066
APRL00001,Super Mario BOOM,15241,01/02/2024, 09:12:05,1066
APRL00001,Super Mario BOOM,15241,01/02/2024, 10:12:51,1066
APRL00001,Super Mario BOOM,15241,01/02/2024, 11:10:01,1066
APRL00001,Super Mario BOOM,15245,01/02/2024, 12:20:30,1066
APRL00001,Super Mario BOOM,15246,01/02/2024, 13:13:56,1066
APRL00001,Super Mario BOOM,15247,01/02/2024, 14:11:24,1066
APRL00001,Super Mario BOOM,15249,01/02/2024, 15:11:57,1066
APRL00001,Super Mario BOOM,15251,01/02/2024, 16:13:24,1066
APRL00001,Super Mario BOOM,15252,01/02/2024, 17:11:10,1066
APRL00001,Super Mario BOOM,15255,01/02/2024, 18:14:55,1066
APRL00001,Super Mario BOOM,15256,01/02/2024, 19:09:48,1066
APRL00001,Super Mario BOOM,15259,01/02/2024, 20:12:19,1066
APRL00001,Super Mario BOOM,15260,01/02/2024, 21:10:28,1066
APRL00001,Super Mario BOOM,15261,01/02/2024, 22:11:08,1066
APRL00001,Super Mario BOOM,15262,01/02/2024, 23:11:30,1066
APRL00001,Super Mario BOOM,15266,01/03/2024, 00:52:35,1066
APRL00001,Super Mario BOOM,15268,01/03/2024, 01:52:52,1066
APRL00001,Super Mario BOOM,15269,01/03/2024, 02:23:45,1066
APRL00001,Super Mario BOOM,15269,01/03/2024, 03:12:57,1066
APRL00001,Super Mario BOOM,15269,01/03/2024, 04:14:09,1066
APRL00001,Super Mario BOOM,15270,01/03/2024, 05:11:39,1066
APRL00001,Super Mario BOOM,15273,01/03/2024, 06:15:16,1066
APRL00001,Super Mario BOOM,15275,01/03/2024, 07:11:30,1066
APRL00001,Super Mario BOOM,15276,01/03/2024, 08:14:41,1066
APRL00001,Super Mario BOOM,15277,01/03/2024, 09:13:16,1066
APRL00001,Super Mario BOOM,15277,01/03/2024, 10:12:37,1066
APRL00001,Super Mario BOOM,15279,01/03/2024, 11:10:42,1066
APRL00001,Super Mario BOOM,15280,01/03/2024, 12:20:45,1066
APRL00001,Super Mario BOOM,15283,01/03/2024, 13:14:18,1066
APRL00001,Super Mario BOOM,15285,01/03/2024, 14:11:02,1066
APRL00001,Super Mario BOOM,15285,01/03/2024, 15:11:52,1066
APRL00001,Super Mario BOOM,15287,01/03/2024, 16:14:42,1066
APRL00001,Super Mario BOOM,15288,01/03/2024, 17:11:02,1066
APRL00001,Super Mario BOOM,15291,01/03/2024, 18:14:47,1066
APRL00001,Super Mario BOOM,15294,01/03/2024, 19:10:09,1066
APRL00001,Super Mario BOOM,15298,01/03/2024, 20:12:48,1066
APRL00001,Super Mario BOOM,15300,01/03/2024, 21:10:50,1066
APRL00001,Super Mario BOOM,15303,01/03/2024, 22:11:38,1066
APRL00001,Super Mario BOOM,15307,01/03/2024, 23:13:15,1066
APRL00001,Super Mario BOOM,15307,01/04/2024, 00:52:43,1066
APRL00001,Super Mario BOOM,15308,01/04/2024, 01:52:55,1066
APRL00001,Super Mario BOOM,15310,01/04/2024, 02:24:12,1066
APRL00001,Super Mario BOOM,15312,01/04/2024, 03:13:02,1066
APRL00001,Super Mario BOOM,15315,01/04/2024, 04:14:25,1066
APRL00001,Super Mario BOOM,15315,01/04/2024, 05:11:31,1066
APRL00001,Super Mario BOOM,15315,01/04/2024, 06:15:19,1066
APRL00001,Super Mario BOOM,15316,01/04/2024, 07:11:49,1066
APRL00001,Super Mario BOOM,15317,01/04/2024, 08:14:41,1066
APRL00001,Super Mario BOOM,15318,01/04/2024, 09:12:15,1066
APRL00001,Super Mario BOOM,15318,01/04/2024, 10:12:45,1066
APRL00001,Super Mario BOOM,15318,01/04/2024, 11:10:30,1066
APRL00001,Super Mario BOOM,15321,01/04/2024, 12:20:46,1066
APRL00001,Super Mario BOOM,15323,01/04/2024, 13:14:09,1066
APRL00001,Super Mario BOOM,15323,01/04/2024, 14:11:10,1066
APRL00001,Super Mario BOOM,15325,01/04/2024, 15:13:22,1066
APRL00001,Super Mario BOOM,15327,01/04/2024, 16:14:42,1066
APRL00001,Super Mario BOOM,15333,01/04/2024, 17:11:08,1066
APRL00001,Super Mario BOOM,15336,01/04/2024, 18:14:49,1066
APRL00001,Super Mario BOOM,15338,01/04/2024, 19:09:49,1066
APRL00001,Super Mario BOOM,15340,01/04/2024, 20:12:42,1066
APRL00001,Super Mario BOOM,15343,01/04/2024, 21:11:15,1066
APRL00001,Super Mario BOOM,15346,01/04/2024, 22:11:55,1066
APRL00001,Super Mario BOOM,15348,01/04/2024, 23:12:46,1066
APRL00001,Super Mario BOOM,15350,01/05/2024, 00:52:31,1066
APRL00001,Super Mario BOOM,15353,01/05/2024, 01:54:27,1066
APRL00001,Super Mario BOOM,15353,01/05/2024, 02:25:25,1066
APRL00001,Super Mario BOOM,15354,01/05/2024, 03:12:50,1066
APRL00001,Super Mario BOOM,15355,01/05/2024, 04:14:37,1066
APRL00001,Super Mario BOOM,15357,01/05/2024, 05:11:49,1066
APRL00001,Super Mario BOOM,15361,01/05/2024, 06:15:28,1066
APRL00001,Super Mario BOOM,15363,01/05/2024, 07:11:22,1066
APRL00001,Super Mario BOOM,15364,01/05/2024, 08:15:05,1066
APRL00001,Super Mario BOOM,15365,01/05/2024, 09:12:06,1066
APRL00001,Super Mario BOOM,15366,01/05/2024, 10:13:01,1066
APRL00001,Super Mario BOOM,15367,01/05/2024, 11:10:39,1066
APRL00001,Super Mario BOOM,15370,01/05/2024, 12:21:06,1066
APRL00001,Super Mario BOOM,15370,01/05/2024, 13:14:26,1066
APRL00001,Super Mario BOOM,15370,01/05/2024, 14:11:15,1066
APRL00001,Super Mario BOOM,15371,01/05/2024, 15:11:54,1066
APRL00001,Super Mario BOOM,15372,01/05/2024, 16:13:26,1066
APRL00001,Super Mario BOOM,15375,01/05/2024, 17:11:18,1066
APRL00001,Super Mario BOOM,15376,01/05/2024, 18:14:22,1066
APRL00001,Super Mario BOOM,15378,01/05/2024, 19:09:58,1066
APRL00001,Super Mario BOOM,15379,01/05/2024, 20:12:30,1066
APRL00001,Super Mario BOOM,15380,01/05/2024, 21:10:39,1066
APRL00001,Super Mario BOOM,15381,01/05/2024, 22:11:26,1066
APRL00001,Super Mario BOOM,15381,01/05/2024, 23:11:49,1066
APRL00001,Super Mario BOOM,15383,01/06/2024, 00:51:49,1066
APRL00001,Super Mario BOOM,15386,01/06/2024, 01:52:40,1066
APRL00001,Super Mario BOOM,15386,01/06/2024, 02:23:01,1066
APRL00001,Super Mario BOOM,15387,01/06/2024, 03:12:22,1066
APRL00001,Super Mario BOOM,15389,01/06/2024, 04:13:58,1066
APRL00001,Super Mario BOOM,15389,01/06/2024, 05:11:06,1066
APRL00001,Super Mario BOOM,15389,01/06/2024, 06:14:05,1066
APRL00001,Super Mario BOOM,15390,01/06/2024, 07:10:47,1066
APRL00001,Super Mario BOOM,15391,01/06/2024, 08:14:13,1066
APRL00001,Super Mario BOOM,15391,01/06/2024, 09:10:55,1066
APRL00001,Super Mario BOOM,15391,01/06/2024, 10:11:38,1066
APRL00001,Super Mario BOOM,15394,01/06/2024, 11:09:46,1066
APRL00001,Super Mario BOOM,15396,01/06/2024, 12:19:37,1066
APRL00001,Super Mario BOOM,15398,01/06/2024, 13:13:19,1066
APRL00001,Super Mario BOOM,15400,01/06/2024, 14:10:34,1066
APRL00001,Super Mario BOOM,15401,01/06/2024, 15:11:11,1066
APRL00001,Super Mario BOOM,15402,01/06/2024, 16:14:00,1066
APRL00001,Super Mario BOOM,15405,01/06/2024, 17:10:07,1066
APRL00001,Super Mario BOOM,15409,01/06/2024, 18:13:42,1066
APRL00001,Super Mario BOOM,15413,01/06/2024, 19:09:16,1066
APRL00001,Super Mario BOOM,15416,01/06/2024, 20:11:58,1066
APRL00001,Super Mario BOOM,15420,01/06/2024, 21:10:39,1066
APRL00001,Super Mario BOOM,15422,01/06/2024, 22:10:39,1066
APRL00001,Super Mario BOOM,15424,01/06/2024, 23:11:35,1066
APRL00001,Super Mario BOOM,15429,01/07/2024, 00:57:25,1066
APRL00001,Super Mario BOOM,15430,01/07/2024, 02:00:42,1066
APRL00001,Super Mario BOOM,15430,01/07/2024, 02:34:20,1066
APRL00001,Super Mario BOOM,15431,01/07/2024, 03:12:24,1066
APRL00001,Super Mario BOOM,15435,01/07/2024, 04:13:50,1066
APRL00001,Super Mario BOOM,15436,01/07/2024, 05:11:51,1066
APRL00001,Super Mario BOOM,15439,01/07/2024, 06:14:48,1066
APRL00001,Super Mario BOOM,15439,01/07/2024, 07:10:41,1066
APRL00001,Super Mario BOOM,15441,01/07/2024, 08:14:15,1066
APRL00001,Super Mario BOOM,15441,01/07/2024, 09:11:27,1066
APRL00001,Super Mario BOOM,15441,01/07/2024, 10:11:49,1066
APRL00001,Super Mario BOOM,15442,01/07/2024, 11:10:10,1066
APRL00001,Super Mario BOOM,15442,01/07/2024, 12:19:48,1066
APRL00001,Super Mario BOOM,15444,01/07/2024, 13:13:16,1066
APRL00001,Super Mario BOOM,15444,01/07/2024, 14:10:30,1066
APRL00001,Super Mario BOOM,15445,01/07/2024, 15:11:24,1066
APRL00001,Super Mario BOOM,15446,01/07/2024, 16:13:31,1066
APRL00001,Super Mario BOOM,15448,01/07/2024, 17:10:33,1066
APRL00001,Super Mario BOOM,15451,01/07/2024, 18:13:51,1066
APRL00001,Super Mario BOOM,15452,01/07/2024, 19:09:39,1066
APRL00001,Super Mario BOOM,15455,01/07/2024, 20:11:55,1066
APRL00001,Super Mario BOOM,15459,01/07/2024, 21:10:08,1066
APRL00001,Super Mario BOOM,15462,01/07/2024, 22:11:02,1066
APRL00001,Super Mario BOOM,15464,01/07/2024, 23:11:28,1066
APRL00001,Super Mario BOOM,15469,01/08/2024, 00:54:10,1066
APRL00001,Super Mario BOOM,15470,01/08/2024, 01:55:53,1066
APRL00001,Super Mario BOOM,15472,01/08/2024, 02:27:07,1066
APRL00001,Super Mario BOOM,15474,01/08/2024, 03:12:52,1066
APRL00001,Super Mario BOOM,15475,01/08/2024, 04:14:59,1066
APRL00001,Super Mario BOOM,15476,01/08/2024, 05:12:13,1066
APRL00001,Super Mario BOOM,15476,01/08/2024, 06:15:59,1066
APRL00001,Super Mario BOOM,15477,01/08/2024, 07:11:42,1066
APRL00001,Super Mario BOOM,15478,01/08/2024, 08:16:06,1066
APRL00001,Super Mario BOOM,15479,01/08/2024, 09:12:51,1066
APRL00001,Super Mario BOOM,15481,01/08/2024, 10:13:52,1066
APRL00001,Super Mario BOOM,15482,01/08/2024, 11:10:51,1066
APRL00001,Super Mario BOOM,15484,01/08/2024, 12:21:47,1066
APRL00001,Super Mario BOOM,15486,01/08/2024, 13:15:13,1066
APRL00001,Super Mario BOOM,15488,01/08/2024, 14:11:56,1066
APRL00001,Super Mario BOOM,15490,01/08/2024, 15:12:26,1066
APRL00001,Super Mario BOOM,15492,01/08/2024, 16:15:01,1066
APRL00001,Super Mario BOOM,15493,01/08/2024, 17:11:07,1066
APRL00001,Super Mario BOOM,15495,01/08/2024, 18:15:35,1066
APRL00001,Super Mario BOOM,15495,01/08/2024, 19:10:23,1066
APRL00001,Super Mario BOOM,15497,01/08/2024, 20:12:57,1066
APRL00001,Super Mario BOOM,15499,01/08/2024, 21:09:50,1066
APRL00001,Super Mario BOOM,15501,01/08/2024, 22:10:46,1066
APRL00001,Super Mario BOOM,15503,01/08/2024, 23:12:29,1066
APRL00001,Super Mario BOOM,15505,01/09/2024, 00:53:42,1066
APRL00001,Super Mario BOOM,15508,01/09/2024, 01:55:58,1066
APRL00001,Super Mario BOOM,15508,01/09/2024, 02:27:27,1066
APRL00001,Super Mario BOOM,15509,01/09/2024, 03:13:06,1066
APRL00001,Super Mario BOOM,15510,01/09/2024, 04:14:39,1066
APRL00001,Super Mario BOOM,15510,01/09/2024, 05:12:10,1066
APRL00001,Super Mario BOOM,15511,01/09/2024, 06:15:41,1066
APRL00001,Super Mario BOOM,15512,01/09/2024, 07:13:32,1066
APRL00001,Super Mario BOOM,15512,01/09/2024, 08:15:29,1066
APRL00001,Super Mario BOOM,15513,01/09/2024, 09:12:11,1066
APRL00001,Super Mario BOOM,15514,01/09/2024, 10:13:06,1066
APRL00001,Super Mario BOOM,15515,01/09/2024, 11:11:02,1066
APRL00001,Super Mario BOOM,15516,01/09/2024, 12:21:58,1066
APRL00001,Super Mario BOOM,15517,01/09/2024, 13:21:19,1066
APRL00001,Super Mario BOOM,15519,01/09/2024, 14:11:59,1066
APRL00001,Super Mario BOOM,15519,01/09/2024, 15:12:32,1066
APRL00001,Super Mario BOOM,15520,01/09/2024, 16:15:23,1066
APRL00001,Super Mario BOOM,15524,01/09/2024, 17:11:25,1066
APRL00001,Super Mario BOOM,15527,01/09/2024, 18:12:39,1066
APRL00001,Super Mario BOOM,15527,01/09/2024, 19:09:59,1066
APRL00001,Super Mario BOOM,15530,01/09/2024, 20:13:12,1066
APRL00001,Super Mario BOOM,15532,01/09/2024, 21:10:57,1066
APRL00001,Super Mario BOOM,15536,01/09/2024, 22:11:36,1066
APRL00001,Super Mario BOOM,15537,01/09/2024, 23:11:43,1066
APRL00001,Super Mario BOOM,15542,01/10/2024, 00:53:38,1066
APRL00001,Super Mario BOOM,15544,01/10/2024, 01:56:35,1066
APRL00001,Super Mario BOOM,15546,01/10/2024, 02:26:10,1066
APRL00001,Super Mario BOOM,15546,01/10/2024, 03:13:03,1066
APRL00001,Super Mario BOOM,15547,01/10/2024, 04:14:47,1066
APRL00001,Super Mario BOOM,15547,01/10/2024, 05:12:05,1066
APRL00001,Super Mario BOOM,15550,01/10/2024, 06:15:43,1066
APRL00001,Super Mario BOOM,15551,01/10/2024, 07:11:20,1066
APRL00001,Super Mario BOOM,15553,01/10/2024, 08:15:23,1066
APRL00001,Super Mario BOOM,15554,01/10/2024, 09:12:39,1066
APRL00001,Super Mario BOOM,15554,01/10/2024, 10:12:56,1066
APRL00001,Super Mario BOOM,15556,01/10/2024, 11:10:23,1066
APRL00001,Super Mario BOOM,15556,01/10/2024, 12:21:46,1066
APRL00001,Super Mario BOOM,15556,01/10/2024, 13:14:37,1066
APRL00001,Super Mario BOOM,15557,01/10/2024, 14:11:30,1066
APRL00001,Super Mario BOOM,15558,01/10/2024, 15:12:18,1066
APRL00001,Super Mario BOOM,15560,01/10/2024, 16:15:31,1066
APRL00001,Super Mario BOOM,15560,01/10/2024, 17:11:26,1066
APRL00001,Super Mario BOOM,15560,01/10/2024, 18:14:56,1066
APRL00001,Super Mario BOOM,15560,01/10/2024, 19:10:01,1066
APRL00001,Super Mario BOOM,15561,01/10/2024, 20:13:02,1066
APRL00001,Super Mario BOOM,15563,01/10/2024, 21:10:51,1066
APRL00001,Super Mario BOOM,15564,01/10/2024, 22:11:28,1066
APRL00001,Super Mario BOOM,15565,01/10/2024, 23:11:45,1066
APRL00001,Super Mario BOOM,15568,01/11/2024, 00:53:37,1066
APRL00001,Super Mario BOOM,15570,01/11/2024, 01:56:18,1066
APRL00001,Super Mario BOOM,15572,01/11/2024, 02:27:18,1066
APRL00001,Super Mario BOOM,15573,01/11/2024, 03:13:01,1066
APRL00001,Super Mario BOOM,15573,01/11/2024, 04:14:32,1066
APRL00001,Super Mario BOOM,15574,01/11/2024, 05:11:54,1066
APRL00001,Super Mario BOOM,15574,01/11/2024, 06:15:37,1066
APRL00001,Super Mario BOOM,15576,01/11/2024, 07:11:29,1066
APRL00001,Super Mario BOOM,15577,01/11/2024, 08:15:14,1066
APRL00001,Super Mario BOOM,15578,01/11/2024, 09:12:34,1066
APRL00001,Super Mario BOOM,15579,01/11/2024, 10:12:45,1066
APRL00001,Super Mario BOOM,15580,01/11/2024, 11:10:42,1066
APRL00001,Super Mario BOOM,15580,01/11/2024, 12:21:23,1066
APRL00001,Super Mario BOOM,15580,01/11/2024, 13:14:47,1066
APRL00001,Super Mario BOOM,15581,01/11/2024, 14:11:34,1066
APRL00001,Super Mario BOOM,15583,01/11/2024, 15:12:38,1066
APRL00001,Super Mario BOOM,15586,01/11/2024, 16:15:30,1066
APRL00001,Super Mario BOOM,15591,01/11/2024, 17:10:51,1066
APRL00001,Super Mario BOOM,15593,01/11/2024, 18:15:01,1066
APRL00001,Super Mario BOOM,15600,01/11/2024, 19:10:33,1066
APRL00001,Super Mario BOOM,15604,01/11/2024, 20:12:54,1066
APRL00001,Super Mario BOOM,15606,01/11/2024, 21:11:00,1066
APRL00001,Super Mario BOOM,15608,01/11/2024, 22:11:32,1066
APRL00001,Super Mario BOOM,15610,01/11/2024, 23:12:28,1066
APRL00001,Super Mario BOOM,15614,01/12/2024, 00:54:02,1066
APRL00001,Super Mario BOOM,15615,01/12/2024, 01:56:32,1066
APRL00001,Super Mario BOOM,15617,01/12/2024, 02:27:59,1066
APRL00001,Super Mario BOOM,15618,01/12/2024, 03:12:52,1066
APRL00001,Super Mario BOOM,15618,01/12/2024, 04:14:49,1066
APRL00001,Super Mario BOOM,15619,01/12/2024, 05:12:23,1066
APRL00001,Super Mario BOOM,15619,01/12/2024, 06:15:37,1066
APRL00001,Super Mario BOOM,15620,01/12/2024, 07:11:30,1066
APRL00001,Super Mario BOOM,15621,01/12/2024, 08:15:33,1066
APRL00001,Super Mario BOOM,15621,01/12/2024, 09:12:37,1066
APRL00001,Super Mario BOOM,15621,01/12/2024, 10:13:03,1066
APRL00001,Super Mario BOOM,15622,01/12/2024, 11:11:00,1066
APRL00001,Super Mario BOOM,15622,01/12/2024, 12:21:24,1066
APRL00001,Super Mario BOOM,15622,01/12/2024, 13:14:38,1066
APRL00001,Super Mario BOOM,15623,01/12/2024, 14:11:59,1066
APRL00001,Super Mario BOOM,15623,01/12/2024, 15:11:52,1066
APRL00001,Super Mario BOOM,15624,01/12/2024, 16:15:17,1066
APRL00001,Super Mario BOOM,15625,01/12/2024, 17:11:10,1066
APRL00001,Super Mario BOOM,15627,01/12/2024, 18:14:47,1066
APRL00001,Super Mario BOOM,15628,01/12/2024, 19:10:07,1066
APRL00001,Super Mario BOOM,15632,01/12/2024, 20:12:41,1066
APRL00001,Super Mario BOOM,15636,01/12/2024, 21:10:31,1066
APRL00001,Super Mario BOOM,15639,01/12/2024, 22:11:23,1066
APRL00001,Super Mario BOOM,15640,01/12/2024, 23:10:58,1066
APRL00001,Super Mario BOOM,15642,01/13/2024, 00:52:59,1066
APRL00001,Super Mario BOOM,15643,01/13/2024, 01:54:12,1066
APRL00001,Super Mario BOOM,15644,01/13/2024, 02:25:31,1066
APRL00001,Super Mario BOOM,15644,01/13/2024, 03:12:28,1066
APRL00001,Super Mario BOOM,15645,01/13/2024, 04:14:32,1066
APRL00001,Super Mario BOOM,15648,01/13/2024, 05:11:53,1066
APRL00001,Super Mario BOOM,15649,01/13/2024, 06:14:30,1066
APRL00001,Super Mario BOOM,15649,01/13/2024, 07:10:54,1066
APRL00001,Super Mario BOOM,15649,01/13/2024, 08:14:02,1066
APRL00001,Super Mario BOOM,15649,01/13/2024, 09:11:09,1066
APRL00001,Super Mario BOOM,15649,01/13/2024, 10:11:28,1066
APRL00001,Super Mario BOOM,15649,01/13/2024, 11:10:02,1066
APRL00001,Super Mario BOOM,15654,01/13/2024, 12:19:51,1066
APRL00001,Super Mario BOOM,15655,01/13/2024, 13:12:50,1066
APRL00001,Super Mario BOOM,15655,01/13/2024, 14:10:39,1066
APRL00001,Super Mario BOOM,15655,01/13/2024, 15:11:03,1066
APRL00001,Super Mario BOOM,15660,01/13/2024, 16:14:04,1066
APRL00001,Super Mario BOOM,15661,01/13/2024, 17:10:08,1066
APRL00001,Super Mario BOOM,15663,01/13/2024, 18:13:41,1066
APRL00001,Super Mario BOOM,15663,01/13/2024, 19:09:37,1066
APRL00001,Super Mario BOOM,15666,01/13/2024, 20:11:47,1066
APRL00001,Super Mario BOOM,15671,01/13/2024, 21:10:22,1066
APRL00001,Super Mario BOOM,15676,01/13/2024, 22:10:31,1066
APRL00001,Super Mario BOOM,15679,01/13/2024, 23:12:25,1066
APRL00001,Super Mario BOOM,15685,01/14/2024, 00:57:46,1066
APRL00001,Super Mario BOOM,15686,01/14/2024, 02:01:18,1066
APRL00001,Super Mario BOOM,15687,01/14/2024, 02:36:07,1066
APRL00001,Super Mario BOOM,15688,01/14/2024, 03:12:53,1066
APRL00001,Super Mario BOOM,15690,01/14/2024, 04:14:22,1066
APRL00001,Super Mario BOOM,15692,01/14/2024, 05:11:26,1066
APRL00001,Super Mario BOOM,15693,01/14/2024, 06:14:46,1066
APRL00001,Super Mario BOOM,15693,01/14/2024, 07:10:47,1066
APRL00001,Super Mario BOOM,15694,01/14/2024, 08:14:15,1066
APRL00001,Super Mario BOOM,15695,01/14/2024, 09:11:09,1066
APRL00001,Super Mario BOOM,15697,01/14/2024, 10:11:52,1066
APRL00001,Super Mario BOOM,15698,01/14/2024, 11:09:51,1066
APRL00001,Super Mario BOOM,15700,01/14/2024, 12:20:13,1066
APRL00001,Super Mario BOOM,15704,01/14/2024, 13:12:37,1066
APRL00001,Super Mario BOOM,15704,01/14/2024, 14:10:37,1066
APRL00001,Super Mario BOOM,15705,01/14/2024, 15:11:16,1066
APRL00001,Super Mario BOOM,15706,01/14/2024, 16:14:16,1066
APRL00001,Super Mario BOOM,15708,01/14/2024, 17:10:13,1066
APRL00001,Super Mario BOOM,15709,01/14/2024, 18:13:50,1066
APRL00001,Super Mario BOOM,15709,01/14/2024, 19:09:38,1066
APRL00001,Super Mario BOOM,15709,01/14/2024, 20:12:17,1066
APRL00001,Super Mario BOOM,15710,01/14/2024, 21:10:46,1066
APRL00001,Super Mario BOOM,15712,01/14/2024, 22:10:53,1066
APRL00001,Super Mario BOOM,15716,01/14/2024, 23:12:03,1066
APRL00001,Super Mario BOOM,15723,01/15/2024, 00:55:50,1066
APRL00001,Super Mario BOOM,15724,01/15/2024, 01:59:01,1066
APRL00001,Super Mario BOOM,15725,01/15/2024, 02:33:24,1066
APRL00001,Super Mario BOOM,15726,01/15/2024, 03:13:07,1066
APRL00001,Super Mario BOOM,15729,01/15/2024, 04:14:58,1066
APRL00001,Super Mario BOOM,15731,01/15/2024, 05:12:30,1066
APRL00001,Super Mario BOOM,15731,01/15/2024, 06:16:38,1066
APRL00001,Super Mario BOOM,15733,01/15/2024, 07:12:02,1066
APRL00001,Super Mario BOOM,15734,01/15/2024, 08:16:23,1066
APRL00001,Super Mario BOOM,15737,01/15/2024, 09:12:57,1066
APRL00001,Super Mario BOOM,15737,01/15/2024, 10:13:53,1066
APRL00001,Super Mario BOOM,15737,01/15/2024, 11:11:12,1066
APRL00001,Super Mario BOOM,15737,01/15/2024, 12:22:13,1066
APRL00001,Super Mario BOOM,15738,01/15/2024, 13:15:33,1066
APRL00001,Super Mario BOOM,15740,01/15/2024, 14:12:04,1066
APRL00001,Super Mario BOOM,15742,01/15/2024, 15:12:35,1066
APRL00001,Super Mario BOOM,15744,01/15/2024, 16:15:13,1066
APRL00001,Super Mario BOOM,15744,01/15/2024, 17:11:16,1066
APRL00001,Super Mario BOOM,15745,01/15/2024, 18:14:46,1066
APRL00001,Super Mario BOOM,15748,01/15/2024, 19:09:54,1066
APRL00001,Super Mario BOOM,15751,01/15/2024, 20:12:38,1066
APRL00001,Super Mario BOOM,15752,01/15/2024, 21:11:37,1066
APRL00001,Super Mario BOOM,15753,01/15/2024, 22:11:32,1066
APRL00001,Super Mario BOOM,15753,01/15/2024, 23:12:29,1066
APRL00001,Super Mario BOOM,15755,01/16/2024, 00:53:29,1066
APRL00001,Super Mario BOOM,15758,01/16/2024, 01:55:38,1066
APRL00001,Super Mario BOOM,15758,01/16/2024, 02:27:26,1066
APRL00001,Super Mario BOOM,15759,01/16/2024, 03:12:54,1066
APRL00001,Super Mario BOOM,15761,01/16/2024, 04:14:39,1066
APRL00001,Super Mario BOOM,15761,01/16/2024, 05:12:09,1066
APRL00001,Super Mario BOOM,15762,01/16/2024, 06:15:54,1066
APRL00001,Super Mario BOOM,15762,01/16/2024, 07:11:33,1066
APRL00001,Super Mario BOOM,15763,01/16/2024, 08:15:37,1066
APRL00001,Super Mario BOOM,15763,01/16/2024, 09:12:32,1066
APRL00001,Super Mario BOOM,15763,01/16/2024, 10:13:11,1066
APRL00001,Super Mario BOOM,15763,01/16/2024, 11:10:40,1066
APRL00001,Super Mario BOOM,15764,01/16/2024, 12:22:04,1066
APRL00001,Super Mario BOOM,15764,01/16/2024, 13:14:55,1066
APRL00001,Super Mario BOOM,15768,01/16/2024, 14:11:50,1066
APRL00001,Super Mario BOOM,15770,01/16/2024, 15:12:36,1066
APRL00001,Super Mario BOOM,15771,01/16/2024, 16:15:23,1066
APRL00001,Super Mario BOOM,15774,01/16/2024, 17:11:14,1066
APRL00001,Super Mario BOOM,15776,01/16/2024, 18:14:42,1066
APRL00001,Super Mario BOOM,15777,01/16/2024, 19:09:59,1066
APRL00001,Super Mario BOOM,15779,01/16/2024, 20:13:07,1066
APRL00001,Super Mario BOOM,15783,01/16/2024, 21:11:18,1066
APRL00001,Super Mario BOOM,15785,01/16/2024, 22:11:36,1066
APRL00001,Super Mario BOOM,15786,01/16/2024, 23:12:06,1066
APRL00001,Super Mario BOOM,15786,01/17/2024, 00:53:50,1066
APRL00001,Super Mario BOOM,15788,01/17/2024, 01:56:12,1066
APRL00001,Super Mario BOOM,15789,01/17/2024, 02:27:16,1066
APRL00001,Super Mario BOOM,15790,01/17/2024, 03:12:51,1066
APRL00001,Super Mario BOOM,15791,01/17/2024, 04:15:05,1066
APRL00001,Super Mario BOOM,15794,01/17/2024, 05:12:09,1066
APRL00001,Super Mario BOOM,15795,01/17/2024, 06:16:02,1066
APRL00001,Super Mario BOOM,15795,01/17/2024, 07:12:13,1066
APRL00001,Super Mario BOOM,15796,01/17/2024, 08:16:05,1066
APRL00001,Super Mario BOOM,15796,01/17/2024, 09:12:49,1066
APRL00001,Super Mario BOOM,15797,01/17/2024, 10:13:30,1066
APRL00001,Super Mario BOOM,15799,01/17/2024, 11:10:48,1066
APRL00001,Super Mario BOOM,15800,01/17/2024, 12:22:11,1066
APRL00001,Super Mario BOOM,15802,01/17/2024, 13:15:17,1066
APRL00001,Super Mario BOOM,15804,01/17/2024, 14:12:05,1066
APRL00001,Super Mario BOOM,15804,01/17/2024, 15:12:24,1066
APRL00001,Super Mario BOOM,15807,01/17/2024, 16:15:41,1066
APRL00001,Super Mario BOOM,15807,01/17/2024, 17:11:30,1066
APRL00001,Super Mario BOOM,15808,01/17/2024, 18:15:23,1066
APRL00001,Super Mario BOOM,15809,01/17/2024, 19:10:08,1066
APRL00001,Super Mario BOOM,15812,01/17/2024, 20:13:01,1066
APRL00001,Super Mario BOOM,15813,01/17/2024, 21:11:11,1066
APRL00001,Super Mario BOOM,15815,01/17/2024, 22:11:35,1066
APRL00001,Super Mario BOOM,15817,01/17/2024, 23:12:58,1066
APRL00001,Super Mario BOOM,15820,01/18/2024, 00:53:21,1066
APRL00001,Super Mario BOOM,15822,01/18/2024, 01:55:19,1066
APRL00001,Super Mario BOOM,15825,01/18/2024, 02:27:14,1066
APRL00001,Super Mario BOOM,15826,01/18/2024, 03:13:20,1066
APRL00001,Super Mario BOOM,15827,01/18/2024, 04:14:22,1066
APRL00001,Super Mario BOOM,15830,01/18/2024, 05:12:16,1066
APRL00001,Super Mario BOOM,15833,01/18/2024, 06:16:07,1066
APRL00001,Super Mario BOOM,15834,01/18/2024, 07:12:07,1066
APRL00001,Super Mario BOOM,15836,01/18/2024, 08:15:18,1066
APRL00001,Super Mario BOOM,15836,01/18/2024, 09:12:34,1066
APRL00001,Super Mario BOOM,15838,01/18/2024, 10:13:33,1066
APRL00001,Super Mario BOOM,15839,01/18/2024, 11:10:55,1066
APRL00001,Super Mario BOOM,15841,01/18/2024, 12:22:12,1066
APRL00001,Super Mario BOOM,15841,01/18/2024, 13:15:20,1066
APRL00001,Super Mario BOOM,15841,01/18/2024, 14:11:49,1066
APRL00001,Super Mario BOOM,15844,01/18/2024, 15:12:30,1066
APRL00001,Super Mario BOOM,15846,01/18/2024, 16:15:00,1066
APRL00001,Super Mario BOOM,15847,01/18/2024, 17:11:24,1066
APRL00001,Super Mario BOOM,15848,01/18/2024, 18:14:52,1066
APRL00001,Super Mario BOOM,15850,01/18/2024, 19:10:02,1066
APRL00001,Super Mario BOOM,15851,01/18/2024, 20:13:24,1066
APRL00001,Super Mario BOOM,15853,01/18/2024, 21:10:41,1066
APRL00001,Super Mario BOOM,15854,01/18/2024, 22:11:27,1066
APRL00001,Super Mario BOOM,15860,01/18/2024, 23:12:22,1066
APRL00001,Super Mario BOOM,15865,01/19/2024, 00:54:03,1066
APRL00001,Super Mario BOOM,15866,01/19/2024, 01:56:45,1066
APRL00001,Super Mario BOOM,15869,01/19/2024, 02:28:38,1066
APRL00001,Super Mario BOOM,15870,01/19/2024, 03:13:13,1066
APRL00001,Super Mario BOOM,15875,01/19/2024, 04:15:09,1066
APRL00001,Super Mario BOOM,15877,01/19/2024, 05:12:10,1066
APRL00001,Super Mario BOOM,15881,01/19/2024, 06:15:53,1066
APRL00001,Super Mario BOOM,15883,01/19/2024, 07:11:29,1066
APRL00001,Super Mario BOOM,15884,01/19/2024, 08:15:28,1066
APRL00001,Super Mario BOOM,15884,01/19/2024, 09:12:31,1066
APRL00001,Super Mario BOOM,15884,01/19/2024, 10:13:18,1066
APRL00001,Super Mario BOOM,15886,01/19/2024, 11:11:12,1066
APRL00001,Super Mario BOOM,15887,01/19/2024, 12:21:53,1066
APRL00001,Super Mario BOOM,15887,01/19/2024, 13:14:46,1066
APRL00001,Super Mario BOOM,15889,01/19/2024, 14:11:49,1066
APRL00001,Super Mario BOOM,15890,01/19/2024, 15:12:46,1066
APRL00001,Super Mario BOOM,15890,01/19/2024, 16:15:14,1066
APRL00001,Super Mario BOOM,15893,01/19/2024, 17:11:12,1066
APRL00001,Super Mario BOOM,15895,01/19/2024, 18:15:16,1066
APRL00001,Super Mario BOOM,15896,01/19/2024, 19:09:44,1066
APRL00001,Super Mario BOOM,15901,01/19/2024, 20:12:56,1066
APRL00001,Super Mario BOOM,15905,01/19/2024, 21:10:53,1066
APRL00001,Super Mario BOOM,15908,01/19/2024, 22:11:14,1066
APRL00001,Super Mario BOOM,15913,01/19/2024, 23:10:26,1066
APRL00001,Super Mario BOOM,15916,01/20/2024, 00:52:59,1066
APRL00001,Super Mario BOOM,15918,01/20/2024, 01:53:58,1066
APRL00001,Super Mario BOOM,15918,01/20/2024, 02:25:26,1066
APRL00001,Super Mario BOOM,15919,01/20/2024, 03:12:35,1066
APRL00001,Super Mario BOOM,15920,01/20/2024, 04:14:43,1066
APRL00001,Super Mario BOOM,15921,01/20/2024, 05:11:22,1066
APRL00001,Super Mario BOOM,15923,01/20/2024, 06:14:39,1066
APRL00001,Super Mario BOOM,15925,01/20/2024, 07:10:57,1066
APRL00001,Super Mario BOOM,15925,01/20/2024, 08:14:25,1066
APRL00001,Super Mario BOOM,15925,01/20/2024, 09:11:19,1066
APRL00001,Super Mario BOOM,15928,01/20/2024, 10:11:51,1066
APRL00001,Super Mario BOOM,15930,01/20/2024, 11:09:47,1066
APRL00001,Super Mario BOOM,15931,01/20/2024, 12:19:52,1066
APRL00001,Super Mario BOOM,15931,01/20/2024, 13:12:48,1066
APRL00001,Super Mario BOOM,15933,01/20/2024, 14:10:34,1066
APRL00001,Super Mario BOOM,15935,01/20/2024, 15:11:01,1066
APRL00001,Super Mario BOOM,15936,01/20/2024, 16:14:25,1066
APRL00001,Super Mario BOOM,15939,01/20/2024, 17:10:32,1066
APRL00001,Super Mario BOOM,15942,01/20/2024, 18:13:40,1066
APRL00001,Super Mario BOOM,15944,01/20/2024, 19:09:30,1066
APRL00001,Super Mario BOOM,15945,01/20/2024, 20:12:25,1066
APRL00001,Super Mario BOOM,15946,01/20/2024, 21:10:11,1066
APRL00001,Super Mario BOOM,15950,01/20/2024, 22:11:14,1066
APRL00001,Super Mario BOOM,15951,01/20/2024, 23:12:29,1066
APRL00001,Super Mario BOOM,15953,01/21/2024, 00:57:57,1066
APRL00001,Super Mario BOOM,15956,01/21/2024, 02:01:47,1066
APRL00001,Super Mario BOOM,15960,01/21/2024, 03:12:36,1066
APRL00001,Super Mario BOOM,15962,01/21/2024, 04:14:04,1066
APRL00001,Super Mario BOOM,15966,01/21/2024, 05:40:27,1066
APRL00001,Super Mario BOOM,15966,01/21/2024, 06:15:03,1066
APRL00001,Super Mario BOOM,15966,01/21/2024, 07:10:54,1066
APRL00001,Super Mario BOOM,15967,01/21/2024, 08:14:05,1066
APRL00001,Super Mario BOOM,15969,01/21/2024, 09:11:29,1066
APRL00001,Super Mario BOOM,15970,01/21/2024, 10:12:30,1066
APRL00001,Super Mario BOOM,15973,01/21/2024, 11:09:56,1066
APRL00001,Super Mario BOOM,15975,01/21/2024, 12:20:10,1066
APRL00001,Super Mario BOOM,15977,01/21/2024, 13:13:48,1066
APRL00001,Super Mario BOOM,15980,01/21/2024, 14:10:57,1066
APRL00001,Super Mario BOOM,15983,01/21/2024, 15:11:17,1066
APRL00001,Super Mario BOOM,15986,01/21/2024, 16:14:00,1066
APRL00001,Super Mario BOOM,15987,01/21/2024, 17:10:51,1066
APRL00001,Super Mario BOOM,15989,01/21/2024, 18:14:23,1066
APRL00001,Super Mario BOOM,15991,01/21/2024, 19:09:47,1066
APRL00001,Super Mario BOOM,15993,01/21/2024, 20:12:41,1066
APRL00001,Super Mario BOOM,15994,01/21/2024, 21:10:42,1066
APRL00001,Super Mario BOOM,15999,01/21/2024, 22:11:09,1066
APRL00001,Super Mario BOOM,16001,01/21/2024, 23:11:46,1066
APRL00001,Super Mario BOOM,16003,01/22/2024, 00:56:03,1066
APRL00001,Super Mario BOOM,16003,01/22/2024, 01:59:59,1066
APRL00001,Super Mario BOOM,16003,01/22/2024, 02:35:53,1066
APRL00001,Super Mario BOOM,16004,01/22/2024, 03:13:32,1066
APRL00001,Super Mario BOOM,16005,01/22/2024, 04:15:12,1066
APRL00001,Super Mario BOOM,16007,01/22/2024, 05:12:22,1066
APRL00001,Super Mario BOOM,16007,01/22/2024, 06:16:37,1066
APRL00001,Super Mario BOOM,16007,01/22/2024, 07:12:14,1066
APRL00001,Super Mario BOOM,16008,01/22/2024, 08:16:32,1066
APRL00001,Super Mario BOOM,16009,01/22/2024, 09:13:27,1066
APRL00001,Super Mario BOOM,16010,01/22/2024, 10:13:33,1066
APRL00001,Super Mario BOOM,16012,01/22/2024, 11:10:51,1066
APRL00001,Super Mario BOOM,16012,01/22/2024, 12:23:32,1066
APRL00001,Super Mario BOOM,16012,01/22/2024, 13:16:17,1066
APRL00001,Super Mario BOOM,16012,01/22/2024, 14:12:25,1066
APRL00001,Super Mario BOOM,16014,01/22/2024, 15:13:04,1066
APRL00001,Super Mario BOOM,16015,01/22/2024, 16:15:26,1066
APRL00001,Super Mario BOOM,16019,01/22/2024, 17:11:21,1066
APRL00001,Super Mario BOOM,16020,01/22/2024, 18:15:16,1066
APRL00001,Super Mario BOOM,16021,01/22/2024, 19:10:22,1066
APRL00001,Super Mario BOOM,16022,01/22/2024, 20:12:38,1066
APRL00001,Super Mario BOOM,16025,01/22/2024, 21:11:09,1066
APRL00001,Super Mario BOOM,16029,01/22/2024, 22:10:57,1066
APRL00001,Super Mario BOOM,16029,01/22/2024, 23:12:08,1066
APRL00001,Super Mario BOOM,16030,01/23/2024, 00:54:47,1066
APRL00001,Super Mario BOOM,16030,01/23/2024, 01:57:41,1066
APRL00001,Super Mario BOOM,16030,01/23/2024, 02:29:59,1066
APRL00001,Super Mario BOOM,16032,01/23/2024, 03:12:59,1066
APRL00001,Super Mario BOOM,16034,01/23/2024, 04:14:57,1066
APRL00001,Super Mario BOOM,16035,01/23/2024, 05:12:04,1066
APRL00001,Super Mario BOOM,16035,01/23/2024, 06:16:15,1066
APRL00001,Super Mario BOOM,16036,01/23/2024, 07:12:11,1066
APRL00001,Super Mario BOOM,16037,01/23/2024, 08:15:51,1066
APRL00001,Super Mario BOOM,16038,01/23/2024, 09:12:34,1066
APRL00001,Super Mario BOOM,16040,01/23/2024, 10:13:13,1066
APRL00001,Super Mario BOOM,16040,01/23/2024, 11:10:48,1066
APRL00001,Super Mario BOOM,16042,01/23/2024, 12:22:07,1066
APRL00001,Super Mario BOOM,16043,01/23/2024, 13:15:32,1066
APRL00001,Super Mario BOOM,16044,01/23/2024, 14:11:46,1066
APRL00001,Super Mario BOOM,16046,01/23/2024, 15:12:53,1066
APRL00001,Super Mario BOOM,16049,01/23/2024, 16:15:33,1066
APRL00001,Super Mario BOOM,16051,01/23/2024, 17:11:22,1066
APRL00001,Super Mario BOOM,16054,01/23/2024, 18:15:14,1066
APRL00001,Super Mario BOOM,16055,01/23/2024, 19:10:35,1066
APRL00001,Super Mario BOOM,16058,01/23/2024, 20:13:00,1066
APRL00001,Super Mario BOOM,16059,01/23/2024, 21:11:08,1066
APRL00001,Super Mario BOOM,16061,01/23/2024, 22:11:38,1066
APRL00001,Super Mario BOOM,16066,01/23/2024, 23:12:55,1066
APRL00001,Super Mario BOOM,16068,01/24/2024, 00:54:38,1066
APRL00001,Super Mario BOOM,16072,01/24/2024, 01:57:35,1066
APRL00001,Super Mario BOOM,16073,01/24/2024, 02:29:13,1066
APRL00001,Super Mario BOOM,16074,01/24/2024, 03:13:01,1066
APRL00001,Super Mario BOOM,16074,01/24/2024, 04:15:06,1066
APRL00001,Super Mario BOOM,16074,01/24/2024, 05:12:19,1066
APRL00001,Super Mario BOOM,16075,01/24/2024, 06:16:27,1066
APRL00001,Super Mario BOOM,16077,01/24/2024, 07:11:46,1066
APRL00001,Super Mario BOOM,16079,01/24/2024, 08:15:25,1066
APRL00001,Super Mario BOOM,16081,01/24/2024, 09:12:33,1066
APRL00001,Super Mario BOOM,16082,01/24/2024, 10:13:07,1066
APRL00001,Super Mario BOOM,16082,01/24/2024, 11:10:41,1066
APRL00001,Super Mario BOOM,16083,01/24/2024, 12:22:32,1066
APRL00001,Super Mario BOOM,16084,01/24/2024, 13:15:37,1066
APRL00001,Super Mario BOOM,16085,01/24/2024, 14:12:08,1066
APRL00001,Super Mario BOOM,16085,01/24/2024, 15:13:17,1066
APRL00001,Super Mario BOOM,16086,01/24/2024, 16:15:56,1066
APRL00001,Super Mario BOOM,16087,01/24/2024, 17:11:29,1066
APRL00001,Super Mario BOOM,16090,01/24/2024, 18:14:55,1066
APRL00001,Super Mario BOOM,16091,01/24/2024, 19:10:36,1066
APRL00001,Super Mario BOOM,16093,01/24/2024, 20:13:17,1066
APRL00001,Super Mario BOOM,16093,01/24/2024, 21:10:58,1066
APRL00001,Super Mario BOOM,16098,01/24/2024, 22:11:32,1066
APRL00001,Super Mario BOOM,16102,01/24/2024, 23:11:47,1066
APRL00001,Super Mario BOOM,16105,01/25/2024, 00:54:40,1066
APRL00001,Super Mario BOOM,16107,01/25/2024, 01:58:17,1066
APRL00001,Super Mario BOOM,16108,01/25/2024, 02:31:05,1066
APRL00001,Super Mario BOOM,16110,01/25/2024, 03:12:46,1066
APRL00001,Super Mario BOOM,16110,01/25/2024, 04:15:12,1066
APRL00001,Super Mario BOOM,16112,01/25/2024, 05:12:16,1066
APRL00001,Super Mario BOOM,16112,01/25/2024, 06:15:59,1066
APRL00001,Super Mario BOOM,16112,01/25/2024, 07:11:33,1066
APRL00001,Super Mario BOOM,16112,01/25/2024, 08:15:37,1066
APRL00001,Super Mario BOOM,16114,01/25/2024, 09:12:26,1066
APRL00001,Super Mario BOOM,16114,01/25/2024, 10:13:08,1066
APRL00001,Super Mario BOOM,16115,01/25/2024, 11:10:49,1066
APRL00001,Super Mario BOOM,16117,01/25/2024, 12:21:53,1066
APRL00001,Super Mario BOOM,16118,01/25/2024, 13:15:20,1066
APRL00001,Super Mario BOOM,16119,01/25/2024, 14:11:54,1066
APRL00001,Super Mario BOOM,16123,01/25/2024, 15:12:48,1066
APRL00001,Super Mario BOOM,16125,01/25/2024, 16:15:33,1066
APRL00001,Super Mario BOOM,16126,01/25/2024, 17:11:20,1066
APRL00001,Super Mario BOOM,16126,01/25/2024, 18:15:31,1066
APRL00001,Super Mario BOOM,16127,01/25/2024, 19:10:14,1066
APRL00001,Super Mario BOOM,16130,01/25/2024, 20:12:27,1066
APRL00001,Super Mario BOOM,16134,01/25/2024, 21:10:22,1066
APRL00001,Super Mario BOOM,16135,01/25/2024, 22:09:32,1066
APRL00001,Super Mario BOOM,16136,01/25/2024, 23:12:28,1066
APRL00001,Super Mario BOOM,16139,01/26/2024, 00:50:34,1066
APRL00001,Super Mario BOOM,16139,01/26/2024, 01:47:16,1066
APRL00001,Super Mario BOOM,16139,01/26/2024, 02:20:07,1066
APRL00001,Super Mario BOOM,16140,01/26/2024, 03:13:08,1066
APRL00001,Super Mario BOOM,16144,01/26/2024, 04:14:35,1066
APRL00001,Super Mario BOOM,16144,01/26/2024, 05:11:17,1066
APRL00001,Super Mario BOOM,16144,01/26/2024, 06:14:53,1066
APRL00001,Super Mario BOOM,16144,01/26/2024, 07:10:26,1066
APRL00001,Super Mario BOOM,16145,01/26/2024, 08:14:08,1066
APRL00001,Super Mario BOOM,16145,01/26/2024, 09:12:35,1066
APRL00001,Super Mario BOOM,16146,01/26/2024, 10:12:20,1066
APRL00001,Super Mario BOOM,16146,01/26/2024, 11:09:44,1066
APRL00001,Super Mario BOOM,16146,01/26/2024, 12:19:51,1066
APRL00001,Super Mario BOOM,16146,01/26/2024, 13:12:21,1066
APRL00001,Super Mario BOOM,16149,01/26/2024, 14:11:02,1066
APRL00001,Super Mario BOOM,16151,01/26/2024, 15:11:54,1066
APRL00001,Super Mario BOOM,16154,01/26/2024, 16:14:20,1066
APRL00001,Super Mario BOOM,16154,01/26/2024, 17:10:15,1066
APRL00001,Super Mario BOOM,16156,01/26/2024, 18:14:16,1066
APRL00001,Super Mario BOOM,16161,01/26/2024, 19:09:01,1066
APRL00001,Super Mario BOOM,16162,01/26/2024, 20:11:58,1066
APRL00001,Super Mario BOOM,16163,01/26/2024, 21:10:36,1066
APRL00001,Super Mario BOOM,16166,01/26/2024, 22:11:03,1066
APRL00001,Super Mario BOOM,16169,01/26/2024, 23:11:59,1066
APRL00001,Super Mario BOOM,16172,01/27/2024, 00:49:28,1066
APRL00001,Super Mario BOOM,16173,01/27/2024, 01:42:09,1066
APRL00001,Super Mario BOOM,16174,01/27/2024, 02:15:23,1066
APRL00001,Super Mario BOOM,16174,01/27/2024, 03:11:45,1066
APRL00001,Super Mario BOOM,16176,01/27/2024, 04:13:03,1066
APRL00001,Super Mario BOOM,16176,01/27/2024, 05:10:42,1066
APRL00001,Super Mario BOOM,16179,01/27/2024, 06:13:20,1066
APRL00001,Super Mario BOOM,16179,01/27/2024, 07:10:19,1066
APRL00001,Super Mario BOOM,16179,01/27/2024, 08:13:37,1066
APRL00001,Super Mario BOOM,16179,01/27/2024, 09:10:28,1066
APRL00001,Super Mario BOOM,16179,01/27/2024, 10:11:58,1066
APRL00001,Super Mario BOOM,16180,01/27/2024, 11:09:02,1066
APRL00001,Super Mario BOOM,16182,01/27/2024, 12:17:40,1066
APRL00001,Super Mario BOOM,16187,01/27/2024, 13:11:17,1066
APRL00001,Super Mario BOOM,16189,01/27/2024, 14:10:38,1066
APRL00001,Super Mario BOOM,16190,01/27/2024, 15:10:13,1066
APRL00001,Super Mario BOOM,16192,01/27/2024, 16:12:49,1066
APRL00001,Super Mario BOOM,16193,01/27/2024, 17:12:21,1066
APRL00001,Super Mario BOOM,16195,01/27/2024, 18:12:30,1066
APRL00001,Super Mario BOOM,16197,01/27/2024, 19:10:05,1066
APRL00001,Super Mario BOOM,16198,01/27/2024, 20:10:36,1066
APRL00001,Super Mario BOOM,16198,01/27/2024, 21:09:45,1066
APRL00001,Super Mario BOOM,16201,01/27/2024, 22:11:01,1066
APRL00001,Super Mario BOOM,16207,01/27/2024, 23:11:35,1066
APRL00001,Super Mario BOOM,16209,01/28/2024, 00:53:09,1066
APRL00001,Super Mario BOOM,16210,01/28/2024, 01:51:09,1066
APRL00001,Super Mario BOOM,16211,01/28/2024, 02:19:39,1066
APRL00001,Super Mario BOOM,16212,01/28/2024, 03:11:47,1066
APRL00001,Super Mario BOOM,16214,01/28/2024, 04:14:11,1066
APRL00001,Super Mario BOOM,16214,01/28/2024, 05:11:52,1066
APRL00001,Super Mario BOOM,16217,01/28/2024, 06:13:34,1066
APRL00001,Super Mario BOOM,16219,01/28/2024, 07:11:06,1066
APRL00001,Super Mario BOOM,16219,01/28/2024, 08:13:52,1066
APRL00001,Super Mario BOOM,16220,01/28/2024, 09:11:48,1066
APRL00001,Super Mario BOOM,16222,01/28/2024, 10:11:25,1066
APRL00001,Super Mario BOOM,16222,01/28/2024, 11:09:03,1066
APRL00001,Super Mario BOOM,16223,01/28/2024, 12:17:57,1066
APRL00001,Super Mario BOOM,16223,01/28/2024, 13:13:14,1066
APRL00001,Super Mario BOOM,16225,01/28/2024, 14:09:23,1066
APRL00001,Super Mario BOOM,16228,01/28/2024, 15:10:03,1066
APRL00001,Super Mario BOOM,16229,01/28/2024, 16:12:26,1066
APRL00001,Super Mario BOOM,16230,01/28/2024, 17:12:33,1066
APRL00001,Super Mario BOOM,16231,01/28/2024, 18:12:20,1066
APRL00001,Super Mario BOOM,16235,01/28/2024, 19:08:53,1066
APRL00001,Super Mario BOOM,16237,01/28/2024, 20:11:20,1066
APRL00001,Super Mario BOOM,16239,01/28/2024, 21:12:17,1066
APRL00001,Super Mario BOOM,16243,01/28/2024, 22:10:39,1066
APRL00001,Super Mario BOOM,16243,01/28/2024, 23:12:44,1066
APRL00001,Super Mario BOOM,16246,01/29/2024, 00:50:49,1066
APRL00001,Super Mario BOOM,16249,01/29/2024, 01:44:26,1066
APRL00001,Super Mario BOOM,16250,01/29/2024, 02:17:45,1066
APRL00001,Super Mario BOOM,16251,01/29/2024, 03:12:17,1066
APRL00001,Super Mario BOOM,16252,01/29/2024, 04:14:08,1066
APRL00001,Super Mario BOOM,16253,01/29/2024, 05:12:26,1066
APRL00001,Super Mario BOOM,16254,01/29/2024, 06:15:03,1066
APRL00001,Super Mario BOOM,16255,01/29/2024, 07:11:35,1066
APRL00001,Super Mario BOOM,16256,01/29/2024, 08:14:38,1066
APRL00001,Super Mario BOOM,16256,01/29/2024, 10:12:39,1066
APRL00001,Super Mario BOOM,16257,01/29/2024, 11:10:23,1066
APRL00001,Super Mario BOOM,16257,01/29/2024, 12:20:00,1066
APRL00001,Super Mario BOOM,16258,01/29/2024, 13:12:35,1066
APRL00001,Super Mario BOOM,16260,01/29/2024, 14:11:00,1066
APRL00001,Super Mario BOOM,16260,01/29/2024, 15:11:34,1066
APRL00001,Super Mario BOOM,16283,01/29/2024, 16:13:36,1066
APRL00001,Super Mario BOOM,16286,01/29/2024, 17:12:20,1066
APRL00001,Super Mario BOOM,16289,01/29/2024, 18:14:04,1066
APRL00001,Super Mario BOOM,16290,01/29/2024, 19:09:18,1066
APRL00001,Super Mario BOOM,16291,01/29/2024, 20:12:24,1066
APRL00001,Super Mario BOOM,16291,01/29/2024, 21:10:02,1066
APRL00001,Super Mario BOOM,16292,01/29/2024, 22:11:15,1066
APRL00001,Super Mario BOOM,16295,01/29/2024, 23:12:35,1066
APRL00001,Super Mario BOOM,16298,01/30/2024, 00:49:45,1066
APRL00001,Super Mario BOOM,16299,01/30/2024, 01:43:59,1066
APRL00001,Super Mario BOOM,16299,01/30/2024, 02:17:25,1066
APRL00001,Super Mario BOOM,16299,01/30/2024, 03:12:07,1066
APRL00001,Super Mario BOOM,16299,01/30/2024, 04:13:29,1066
APRL00001,Super Mario BOOM,16299,01/30/2024, 05:11:03,1066
APRL00001,Super Mario BOOM,16300,01/30/2024, 06:15:30,1066
APRL00001,Super Mario BOOM,16301,01/30/2024, 07:11:40,1066
APRL00001,Super Mario BOOM,16301,01/30/2024, 08:14:35,1066
APRL00001,Super Mario BOOM,16304,01/30/2024, 09:12:35,1066
APRL00001,Super Mario BOOM,16305,01/30/2024, 10:13:08,1066
APRL00001,Super Mario BOOM,16305,01/30/2024, 11:10:42,1066
APRL00001,Super Mario BOOM,16305,01/30/2024, 12:19:17,1066
APRL00001,Super Mario BOOM,16306,01/30/2024, 13:12:25,1066
APRL00001,Super Mario BOOM,16307,01/30/2024, 14:11:00,1066
APRL00001,Super Mario BOOM,16307,01/30/2024, 15:11:38,1066
APRL00001,Super Mario BOOM,16310,01/30/2024, 16:14:11,1066
APRL00001,Super Mario BOOM,16312,01/30/2024, 17:11:53,1066
APRL00001,Super Mario BOOM,16314,01/30/2024, 18:14:19,1066
APRL00001,Super Mario BOOM,16317,01/30/2024, 19:09:48,1066
APRL00001,Super Mario BOOM,16320,01/30/2024, 20:11:28,1066
APRL00001,Super Mario BOOM,16321,01/30/2024, 21:12:14,1066
APRL00001,Super Mario BOOM,16321,01/30/2024, 22:10:46,1066
APRL00001,Super Mario BOOM,16322,01/30/2024, 23:12:42,1066
APRL00001,Super Mario BOOM,16326,01/31/2024, 00:50:18,1066
APRL00001,Super Mario BOOM,16326,01/31/2024, 01:44:23,1066
APRL00001,Super Mario BOOM,16328,01/31/2024, 02:18:15,1066
APRL00001,Super Mario BOOM,16329,01/31/2024, 03:12:24,1066
APRL00001,Super Mario BOOM,16330,01/31/2024, 04:13:59,1066
APRL00001,Super Mario BOOM,16331,01/31/2024, 05:12:11,1066
APRL00001,Super Mario BOOM,16332,01/31/2024, 06:14:56,1066
APRL00001,Super Mario BOOM,16333,01/31/2024, 07:11:29,1066
APRL00001,Super Mario BOOM,16334,01/31/2024, 08:13:56,1066
APRL00001,Super Mario BOOM,16335,01/31/2024, 09:11:11,1066
APRL00001,Super Mario BOOM,16336,01/31/2024, 10:12:05,1066
APRL00001,Super Mario BOOM,16336,01/31/2024, 11:10:01,1066
APRL00001,Super Mario BOOM,16337,01/31/2024, 12:19:52,1066
APRL00001,Super Mario BOOM,16338,01/31/2024, 13:12:16,1066
APRL00001,Super Mario BOOM,16338,01/31/2024, 14:10:26,1066
APRL00001,Super Mario BOOM,16340,01/31/2024, 15:11:32,1066
APRL00001,Super Mario BOOM,16342,01/31/2024, 16:13:40,1066
APRL00001,Super Mario BOOM,16342,01/31/2024, 17:10:10,1066
APRL00001,Super Mario BOOM,16343,01/31/2024, 18:11:49,1066
APRL00001,Super Mario BOOM,16345,01/31/2024, 19:09:56,1066
APRL00001,Super Mario BOOM,16348,01/31/2024, 20:11:45,1066
APRL00001,Super Mario BOOM,16349,01/31/2024, 21:12:08,1066
APRL00001,Super Mario BOOM,16352,01/31/2024, 22:11:33,1066
APRL00001,Super Mario BOOM,16352,01/31/2024, 23:12:01,1066
APRL00001,Super Mario BOOM,16355,02/01/2024, 00:52:22,1066
APRL00001,Super Mario BOOM,16356,02/01/2024, 01:51:22,1066
APRL00001,Super Mario BOOM,16357,02/01/2024, 02:21:39,1066
APRL00001,Super Mario BOOM,16358,02/01/2024, 03:13:23,1066
APRL00001,Super Mario BOOM,16360,02/01/2024, 04:15:27,1066
APRL00001,Super Mario BOOM,16360,02/01/2024, 05:11:11,1066
APRL00001,Super Mario BOOM,16360,02/01/2024, 06:15:29,1066
APRL00001,Super Mario BOOM,16361,02/01/2024, 07:11:47,1066
APRL00001,Super Mario BOOM,16362,02/01/2024, 08:14:44,1066
APRL00001,Super Mario BOOM,16363,02/01/2024, 09:12:30,1066
APRL00001,Super Mario BOOM,16364,02/01/2024, 10:12:41,1066
APRL00001,Super Mario BOOM,16365,02/01/2024, 11:10:01,1066
APRL00001,Super Mario BOOM,16365,02/01/2024, 12:19:56,1066
APRL00001,Super Mario BOOM,16366,02/01/2024, 13:12:23,1066
APRL00001,Super Mario BOOM,16366,02/01/2024, 14:11:13,1066
APRL00001,Super Mario BOOM,16366,02/01/2024, 15:11:12,1066
APRL00001,Super Mario BOOM,16369,02/01/2024, 16:14:23,1066
APRL00001,Super Mario BOOM,16371,02/01/2024, 17:12:56,1066
APRL00001,Super Mario BOOM,16372,02/01/2024, 18:13:56,1066
APRL00001,Super Mario BOOM,16375,02/01/2024, 19:10:48,1066
APRL00001,Super Mario BOOM,16376,02/01/2024, 20:11:58,1066
APRL00001,Super Mario BOOM,16376,02/01/2024, 21:10:40,1066
APRL00001,Super Mario BOOM,16379,02/01/2024, 22:11:46,1066
APRL00001,Super Mario BOOM,16380,02/01/2024, 23:11:21,1066
APRL00001,Super Mario BOOM,16384,02/02/2024, 00:49:52,1066
APRL00001,Super Mario BOOM,16386,02/02/2024, 01:44:06,1066
APRL00001,Super Mario BOOM,16388,02/02/2024, 02:17:24,1066
APRL00001,Super Mario BOOM,16389,02/02/2024, 03:12:45,1066
APRL00001,Super Mario BOOM,16390,02/02/2024, 04:14:35,1066
APRL00001,Super Mario BOOM,16392,02/02/2024, 05:12:27,1066
APRL00001,Super Mario BOOM,16396,02/02/2024, 06:14:33,1066
APRL00001,Super Mario BOOM,16396,02/02/2024, 07:10:39,1066
APRL00001,Super Mario BOOM,16397,02/02/2024, 08:14:22,1066
APRL00001,Super Mario BOOM,16398,02/02/2024, 09:12:53,1066
APRL00001,Super Mario BOOM,16398,02/02/2024, 10:12:49,1066
APRL00001,Super Mario BOOM,16401,02/02/2024, 11:10:13,1066
APRL00001,Super Mario BOOM,16401,02/02/2024, 12:19:40,1066
APRL00001,Super Mario BOOM,16402,02/02/2024, 13:12:27,1066
APRL00001,Super Mario BOOM,16403,02/02/2024, 14:11:12,1066
APRL00001,Super Mario BOOM,16407,02/02/2024, 15:12:15,1066
APRL00001,Super Mario BOOM,16408,02/02/2024, 16:12:50,1066
APRL00001,Super Mario BOOM,16408,02/02/2024, 17:12:16,1066
APRL00001,Super Mario BOOM,16412,02/02/2024, 18:15:26,1066
APRL00001,Super Mario BOOM,16414,02/02/2024, 19:11:17,1066
APRL00001,Super Mario BOOM,16415,02/02/2024, 20:11:19,1066
APRL00001,Super Mario BOOM,16416,02/02/2024, 21:10:11,1066
APRL00001,Super Mario BOOM,16417,02/02/2024, 22:10:37,1066
APRL00001,Super Mario BOOM,16418,02/02/2024, 23:11:06,1066
APRL00001,Super Mario BOOM,16422,02/03/2024, 00:49:02,1066
APRL00001,Super Mario BOOM,16422,02/03/2024, 01:41:10,1066
APRL00001,Super Mario BOOM,16423,02/03/2024, 02:14:50,1066
APRL00001,Super Mario BOOM,16425,02/03/2024, 03:13:49,1066
APRL00001,Super Mario BOOM,16426,02/03/2024, 04:12:51,1066
APRL00001,Super Mario BOOM,16426,02/03/2024, 05:10:24,1066
APRL00001,Super Mario BOOM,16431,02/03/2024, 06:13:46,1066
APRL00001,Super Mario BOOM,16432,02/03/2024, 07:10:39,1066
APRL00001,Super Mario BOOM,16433,02/03/2024, 08:14:06,1066
APRL00001,Super Mario BOOM,16435,02/03/2024, 09:11:15,1066
APRL00001,Super Mario BOOM,16438,02/03/2024, 10:11:10,1066
APRL00001,Super Mario BOOM,16438,02/03/2024, 11:09:59,1066
APRL00001,Super Mario BOOM,16439,02/03/2024, 12:19:01,1066
APRL00001,Super Mario BOOM,16439,02/03/2024, 13:11:56,1066
APRL00001,Super Mario BOOM,16439,02/03/2024, 14:09:42,1066
APRL00001,Super Mario BOOM,16441,02/03/2024, 15:11:31,1066
APRL00001,Super Mario BOOM,16442,02/03/2024, 16:14:22,1066
APRL00001,Super Mario BOOM,16445,02/03/2024, 17:11:04,1066
APRL00001,Super Mario BOOM,16451,02/03/2024, 18:13:06,1066
APRL00001,Super Mario BOOM,16453,02/03/2024, 19:08:56,1066
APRL00001,Super Mario BOOM,16456,02/03/2024, 20:12:23,1066
APRL00001,Super Mario BOOM,16460,02/03/2024, 21:09:42,1066
APRL00001,Super Mario BOOM,16461,02/03/2024, 22:11:06,1066
APRL00001,Super Mario BOOM,16462,02/03/2024, 23:11:43,1066
APRL00001,Super Mario BOOM,16469,02/04/2024, 00:53:33,1066
APRL00001,Super Mario BOOM,16473,02/04/2024, 01:51:01,1066
APRL00001,Super Mario BOOM,16473,02/04/2024, 02:21:39,1066
APRL00001,Super Mario BOOM,16474,02/04/2024, 03:12:21,1066
APRL00001,Super Mario BOOM,16478,02/04/2024, 04:13:11,1066
APRL00001,Super Mario BOOM,16478,02/04/2024, 05:10:43,1066
APRL00001,Super Mario BOOM,16481,02/04/2024, 06:13:50,1066
APRL00001,Super Mario BOOM,16482,02/04/2024, 07:12:06,1066
APRL00001,Super Mario BOOM,16487,02/04/2024, 08:13:58,1066
APRL00001,Super Mario BOOM,16487,02/04/2024, 09:11:47,1066
APRL00001,Super Mario BOOM,16487,02/04/2024, 10:11:55,1066
APRL00001,Super Mario BOOM,16488,02/04/2024, 11:09:28,1066
APRL00001,Super Mario BOOM,16489,02/04/2024, 12:18:30,1066
APRL00001,Super Mario BOOM,16495,02/04/2024, 13:13:47,1066
APRL00001,Super Mario BOOM,16495,02/04/2024, 14:09:44,1066
APRL00001,Super Mario BOOM,16497,02/04/2024, 15:10:06,1066
APRL00001,Super Mario BOOM,16499,02/04/2024, 16:13:09,1066
APRL00001,Super Mario BOOM,16499,02/04/2024, 17:10:47,1066
APRL00001,Super Mario BOOM,16501,02/04/2024, 18:14:52,1066
APRL00001,Super Mario BOOM,16503,02/04/2024, 19:10:11,1066
APRL00001,Super Mario BOOM,16507,02/04/2024, 20:11:19,1066
APRL00001,Super Mario BOOM,16507,02/04/2024, 21:09:49,1066
APRL00001,Super Mario BOOM,16509,02/04/2024, 22:11:05,1066
APRL00001,Super Mario BOOM,16515,02/04/2024, 23:11:06,1066
APRL00001,Super Mario BOOM,16516,02/05/2024, 00:51:52,1066
APRL00001,Super Mario BOOM,16516,02/05/2024, 01:51:08,1066
APRL00001,Super Mario BOOM,16517,02/05/2024, 02:24:52,1066
APRL00001,Super Mario BOOM,16517,02/05/2024, 03:13:36,1066
APRL00001,Super Mario BOOM,16517,02/05/2024, 04:14:50,1066
APRL00001,Super Mario BOOM,16518,02/05/2024, 05:13:07,1066
APRL00001,Super Mario BOOM,16519,02/05/2024, 06:15:00,1066
APRL00001,Super Mario BOOM,16521,02/05/2024, 07:12:18,1066
APRL00001,Super Mario BOOM,16522,02/05/2024, 08:14:58,1066
APRL00001,Super Mario BOOM,16523,02/05/2024, 09:12:04,1066
APRL00001,Super Mario BOOM,16523,02/05/2024, 10:13:06,1066
APRL00001,Super Mario BOOM,16523,02/05/2024, 11:10:30,1066
APRL00001,Super Mario BOOM,16523,02/05/2024, 12:20:12,1066
APRL00001,Super Mario BOOM,16523,02/05/2024, 13:12:31,1066
APRL00001,Super Mario BOOM,16524,02/05/2024, 14:11:23,1066
APRL00001,Super Mario BOOM,16527,02/05/2024, 15:11:37,1066
APRL00001,Super Mario BOOM,16528,02/05/2024, 16:14:08,1066
APRL00001,Super Mario BOOM,16530,02/05/2024, 17:11:10,1066
APRL00001,Super Mario BOOM,16534,02/05/2024, 18:14:55,1066
APRL00001,Super Mario BOOM,16534,02/05/2024, 19:10:37,1066
APRL00001,Super Mario BOOM,16537,02/05/2024, 20:12:40,1066
APRL00001,Super Mario BOOM,16538,02/05/2024, 21:10:56,1066
APRL00001,Super Mario BOOM,16542,02/05/2024, 22:12:40,1066
APRL00001,Super Mario BOOM,16544,02/05/2024, 23:12:15,1066
APRL00001,Super Mario BOOM,16545,02/06/2024, 00:49:20,1066
APRL00001,Super Mario BOOM,16545,02/06/2024, 01:43:09,1066
APRL00001,Super Mario BOOM,16546,02/06/2024, 02:17:42,1066
APRL00001,Super Mario BOOM,16547,02/06/2024, 03:13:03,1066
APRL00001,Super Mario BOOM,16549,02/06/2024, 04:13:12,1066
APRL00001,Super Mario BOOM,16552,02/06/2024, 05:12:03,1066
APRL00001,Super Mario BOOM,16554,02/06/2024, 06:14:56,1066
APRL00001,Super Mario BOOM,16554,02/06/2024, 07:10:42,1066
APRL00001,Super Mario BOOM,16554,02/06/2024, 08:15:17,1066
APRL00001,Super Mario BOOM,16554,02/06/2024, 09:11:25,1066
APRL00001,Super Mario BOOM,16556,02/06/2024, 10:12:35,1066
APRL00001,Super Mario BOOM,16556,02/06/2024, 11:10:21,1066
APRL00001,Super Mario BOOM,16557,02/06/2024, 12:20:37,1066
APRL00001,Super Mario BOOM,16559,02/06/2024, 13:14:06,1066
APRL00001,Super Mario BOOM,16559,02/06/2024, 14:11:34,1066
APRL00001,Super Mario BOOM,16559,02/06/2024, 15:11:31,1066
APRL00001,Super Mario BOOM,16561,02/06/2024, 16:14:05,1066
APRL00001,Super Mario BOOM,16562,02/06/2024, 17:10:30,1066
APRL00001,Super Mario BOOM,16562,02/06/2024, 18:13:10,1066
APRL00001,Super Mario BOOM,16563,02/06/2024, 19:10:21,1066
APRL00001,Super Mario BOOM,16565,02/06/2024, 20:12:37,1066
APRL00001,Super Mario BOOM,16567,02/06/2024, 21:10:45,1066
APRL00001,Super Mario BOOM,16568,02/06/2024, 22:10:51,1066
APRL00001,Super Mario BOOM,16570,02/06/2024, 23:11:37,1066
APRL00001,Super Mario BOOM,16574,02/07/2024, 00:47:55,1066
APRL00001,Super Mario BOOM,16574,02/07/2024, 01:42:38,1066
APRL00001,Super Mario BOOM,16575,02/07/2024, 02:16:47,1066
APRL00001,Super Mario BOOM,16576,02/07/2024, 03:13:30,1066
APRL00001,Super Mario BOOM,16578,02/07/2024, 04:14:18,1066
APRL00001,Super Mario BOOM,16581,02/07/2024, 05:11:57,1066
APRL00001,Super Mario BOOM,16581,02/07/2024, 06:14:46,1066
APRL00001,Super Mario BOOM,16581,02/07/2024, 07:12:10,1066
APRL00001,Super Mario BOOM,16582,02/07/2024, 08:14:13,1066
APRL00001,Super Mario BOOM,16582,02/07/2024, 09:12:34,1066
APRL00001,Super Mario BOOM,16584,02/07/2024, 10:13:01,1066
APRL00001,Super Mario BOOM,16584,02/07/2024, 11:10:58,1066
APRL00001,Super Mario BOOM,16586,02/07/2024, 12:19:43,1066
APRL00001,Super Mario BOOM,16588,02/07/2024, 13:12:08,1066
APRL00001,Super Mario BOOM,16588,02/07/2024, 14:10:29,1066
APRL00001,Super Mario BOOM,16590,02/07/2024, 15:12:40,1066
APRL00001,Super Mario BOOM,16590,02/07/2024, 16:15:29,1066
APRL00001,Super Mario BOOM,16590,02/07/2024, 17:11:17,1066
APRL00001,Super Mario BOOM,16590,02/07/2024, 18:14:28,1066
APRL00001,Super Mario BOOM,16592,02/07/2024, 19:09:33,1066
APRL00001,Super Mario BOOM,16595,02/07/2024, 20:11:24,1066
APRL00001,Super Mario BOOM,16599,02/07/2024, 21:10:47,1066
APRL00001,Super Mario BOOM,16603,02/07/2024, 22:10:47,1066
APRL00001,Super Mario BOOM,16606,02/07/2024, 23:12:16,1066
APRL00001,Super Mario BOOM,16606,02/08/2024, 00:49:04,1066
APRL00001,Super Mario BOOM,16607,02/08/2024, 01:42:49,1066
APRL00001,Super Mario BOOM,16607,02/08/2024, 02:17:14,1066
APRL00001,Super Mario BOOM,16609,02/08/2024, 03:12:58,1066
APRL00001,Super Mario BOOM,16609,02/08/2024, 04:14:07,1066
APRL00001,Super Mario BOOM,16610,02/08/2024, 05:13:05,1066
APRL00001,Super Mario BOOM,16612,02/08/2024, 06:15:37,1066
APRL00001,Super Mario BOOM,16612,02/08/2024, 07:12:22,1066
APRL00001,Super Mario BOOM,16613,02/08/2024, 08:14:26,1066
APRL00001,Super Mario BOOM,16613,02/08/2024, 09:12:08,1066
APRL00001,Super Mario BOOM,16615,02/08/2024, 10:12:17,1066
APRL00001,Super Mario BOOM,16617,02/08/2024, 11:09:41,1066
APRL00001,Super Mario BOOM,16619,02/08/2024, 12:20:01,1066
APRL00001,Super Mario BOOM,16619,02/08/2024, 13:12:23,1066
APRL00001,Super Mario BOOM,16621,02/08/2024, 14:10:45,1066
APRL00001,Super Mario BOOM,16621,02/08/2024, 15:12:07,1066
APRL00001,Super Mario BOOM,16622,02/08/2024, 16:14:32,1066
APRL00001,Super Mario BOOM,16623,02/08/2024, 17:12:07,1066
APRL00001,Super Mario BOOM,16624,02/08/2024, 18:14:37,1066
APRL00001,Super Mario BOOM,16625,02/08/2024, 19:10:10,1066
APRL00001,Super Mario BOOM,16629,02/08/2024, 20:11:56,1066
APRL00001,Super Mario BOOM,16629,02/08/2024, 21:10:16,1066
APRL00001,Super Mario BOOM,16629,02/08/2024, 22:10:56,1066
APRL00001,Super Mario BOOM,16629,02/08/2024, 23:12:35,1066
APRL00001,Super Mario BOOM,16631,02/09/2024, 00:48:28,1066
APRL00001,Super Mario BOOM,16632,02/09/2024, 01:42:32,1066
APRL00001,Super Mario BOOM,16633,02/09/2024, 02:16:40,1066
APRL00001,Super Mario BOOM,16635,02/09/2024, 03:12:35,1066
APRL00001,Super Mario BOOM,16637,02/09/2024, 04:14:06,1066
APRL00001,Super Mario BOOM,16637,02/09/2024, 05:11:20,1066
APRL00001,Super Mario BOOM,16637,02/09/2024, 06:14:47,1066
APRL00001,Super Mario BOOM,16638,02/09/2024, 07:10:35,1066
APRL00001,Super Mario BOOM,16639,02/09/2024, 08:14:06,1066
APRL00001,Super Mario BOOM,16639,02/09/2024, 09:12:44,1066
APRL00001,Super Mario BOOM,16641,02/09/2024, 10:12:32,1066
APRL00001,Super Mario BOOM,16641,02/09/2024, 11:10:25,1066
APRL00001,Super Mario BOOM,16643,02/09/2024, 12:19:36,1066
APRL00001,Super Mario BOOM,16643,02/09/2024, 13:12:24,1066
APRL00001,Super Mario BOOM,16647,02/09/2024, 14:10:46,1066
APRL00001,Super Mario BOOM,16647,02/09/2024, 15:11:10,1066
APRL00001,Super Mario BOOM,16650,02/09/2024, 16:14:06,1066
APRL00001,Super Mario BOOM,16651,02/09/2024, 17:10:52,1066
APRL00001,Super Mario BOOM,16652,02/09/2024, 18:14:19,1066
APRL00001,Super Mario BOOM,16652,02/09/2024, 19:11:01,1066
APRL00001,Super Mario BOOM,16657,02/09/2024, 20:11:36,1066
APRL00001,Super Mario BOOM,16659,02/09/2024, 21:10:51,1066
APRL00001,Super Mario BOOM,16661,02/09/2024, 22:11:41,1066
APRL00001,Super Mario BOOM,16661,02/09/2024, 23:11:35,1066
APRL00001,Super Mario BOOM,16663,02/10/2024, 00:47:45,1066
APRL00001,Super Mario BOOM,16663,02/10/2024, 01:41:05,1066
APRL00001,Super Mario BOOM,16664,02/10/2024, 02:15:20,1066
APRL00001,Super Mario BOOM,16664,02/10/2024, 03:12:52,1066
APRL00001,Super Mario BOOM,16665,02/10/2024, 04:14:22,1066
APRL00001,Super Mario BOOM,16665,02/10/2024, 05:10:36,1066
APRL00001,Super Mario BOOM,16666,02/10/2024, 06:14:07,1066
APRL00001,Super Mario BOOM,16667,02/10/2024, 07:10:38,1066
APRL00001,Super Mario BOOM,16669,02/10/2024, 08:12:45,1066
APRL00001,Super Mario BOOM,16671,02/10/2024, 09:11:19,1066
APRL00001,Super Mario BOOM,16672,02/10/2024, 10:10:59,1066
APRL00001,Super Mario BOOM,16672,02/10/2024, 11:08:55,1066
APRL00001,Super Mario BOOM,16672,02/10/2024, 12:18:55,1066
APRL00001,Super Mario BOOM,16673,02/10/2024, 13:13:17,1066
APRL00001,Super Mario BOOM,16674,02/10/2024, 14:10:10,1066
APRL00001,Super Mario BOOM,16677,02/10/2024, 15:10:20,1066
APRL00001,Super Mario BOOM,16680,02/10/2024, 16:13:54,1066
APRL00001,Super Mario BOOM,16682,02/10/2024, 17:11:18,1066
APRL00001,Super Mario BOOM,16683,02/10/2024, 18:13:39,1066
APRL00001,Super Mario BOOM,16685,02/10/2024, 19:09:18,1066
APRL00001,Super Mario BOOM,16687,02/10/2024, 20:11:38,1066
APRL00001,Super Mario BOOM,16688,02/10/2024, 21:10:53,1066
APRL00001,Super Mario BOOM,16689,02/10/2024, 22:10:29,1066
APRL00001,Super Mario BOOM,16691,02/10/2024, 23:11:41,1066
APRL00001,Super Mario BOOM,16694,02/11/2024, 00:53:50,1066
APRL00001,Super Mario BOOM,16694,02/11/2024, 01:51:07,1066
APRL00001,Super Mario BOOM,16695,02/11/2024, 02:20:21,1066
APRL00001,Super Mario BOOM,16695,02/11/2024, 03:11:49,1066
APRL00001,Super Mario BOOM,16695,02/11/2024, 04:14:12,1066
APRL00001,Super Mario BOOM,16696,02/11/2024, 05:10:37,1066
APRL00001,Super Mario BOOM,16697,02/11/2024, 06:14:36,1066
APRL00001,Super Mario BOOM,16698,02/11/2024, 07:11:48,1066
APRL00001,Super Mario BOOM,16699,02/11/2024, 08:14:11,1066
APRL00001,Super Mario BOOM,16700,02/11/2024, 09:10:31,1066
APRL00001,Super Mario BOOM,16701,02/11/2024, 10:11:45,1066
APRL00001,Super Mario BOOM,16703,02/11/2024, 11:09:50,1066
APRL00001,Super Mario BOOM,16705,02/11/2024, 12:18:23,1066
APRL00001,Super Mario BOOM,16707,02/11/2024, 13:12:32,1066
APRL00001,Super Mario BOOM,16708,02/11/2024, 14:10:50,1066
APRL00001,Super Mario BOOM,16712,02/11/2024, 15:12:37,1066
APRL00001,Super Mario BOOM,16714,02/11/2024, 16:13:58,1066
APRL00001,Super Mario BOOM,16714,02/11/2024, 17:10:39,1066
APRL00001,Super Mario BOOM,16716,02/11/2024, 18:14:12,1066
APRL00001,Super Mario BOOM,16716,02/11/2024, 19:10:34,1066
APRL00001,Super Mario BOOM,16718,02/11/2024, 20:12:04,1066
APRL00001,Super Mario BOOM,16722,02/11/2024, 21:10:57,1066
APRL00001,Super Mario BOOM,16725,02/11/2024, 22:10:24,1066
APRL00001,Super Mario BOOM,16726,02/11/2024, 23:11:05,1066
APRL00001,Super Mario BOOM,16731,02/12/2024, 00:50:25,1066
APRL00001,Super Mario BOOM,16732,02/12/2024, 01:43:53,1066
APRL00001,Super Mario BOOM,16732,02/12/2024, 02:19:06,1066
APRL00001,Super Mario BOOM,16734,02/12/2024, 03:12:23,1066
APRL00001,Super Mario BOOM,16737,02/12/2024, 04:14:40,1066
APRL00001,Super Mario BOOM,16737,02/12/2024, 05:12:34,1066
APRL00001,Super Mario BOOM,16737,02/12/2024, 06:15:30,1066
APRL00001,Super Mario BOOM,16737,02/12/2024, 07:11:20,1066
APRL00001,Super Mario BOOM,16738,02/12/2024, 08:15:11,1066
APRL00001,Super Mario BOOM,16739,02/12/2024, 09:12:55,1066
APRL00001,Super Mario BOOM,16742,02/12/2024, 10:14:45,1066
APRL00001,Super Mario BOOM,16742,02/12/2024, 11:10:17,1066
APRL00001,Super Mario BOOM,16743,02/12/2024, 12:20:27,1066
APRL00001,Super Mario BOOM,16743,02/12/2024, 13:12:31,1066
APRL00001,Super Mario BOOM,16743,02/12/2024, 14:11:00,1066
APRL00001,Super Mario BOOM,16745,02/12/2024, 15:12:31,1066
APRL00001,Super Mario BOOM,16747,02/12/2024, 16:14:13,1066
APRL00001,Super Mario BOOM,16749,02/12/2024, 17:10:45,1066
APRL00001,Super Mario BOOM,16750,02/12/2024, 18:13:55,1066
APRL00001,Super Mario BOOM,16751,02/12/2024, 19:11:36,1066
APRL00001,Super Mario BOOM,16753,02/12/2024, 20:12:19,1066
APRL00001,Super Mario BOOM,16755,02/12/2024, 21:10:10,1066
APRL00001,Super Mario BOOM,16757,02/12/2024, 22:10:44,1066
APRL00001,Super Mario BOOM,16757,02/12/2024, 23:11:41,1066
APRL00001,Super Mario BOOM,16758,02/13/2024, 00:50:18,1066
APRL00001,Super Mario BOOM,16759,02/13/2024, 01:44:02,1066
APRL00001,Super Mario BOOM,16759,02/13/2024, 02:17:50,1066
APRL00001,Super Mario BOOM,16760,02/13/2024, 03:13:23,1066
APRL00001,Super Mario BOOM,16761,02/13/2024, 04:13:39,1066
APRL00001,Super Mario BOOM,16763,02/13/2024, 05:11:20,1066
APRL00001,Super Mario BOOM,16763,02/13/2024, 06:16:26,1066
APRL00001,Super Mario BOOM,16764,02/13/2024, 07:11:37,1066
APRL00001,Super Mario BOOM,16764,02/13/2024, 08:14:58,1066
APRL00001,Super Mario BOOM,16764,02/13/2024, 09:11:55,1066
APRL00001,Super Mario BOOM,16764,02/13/2024, 10:11:59,1066
APRL00001,Super Mario BOOM,16764,02/13/2024, 11:11:54,1066
APRL00001,Super Mario BOOM,16766,02/13/2024, 12:19:36,1066
APRL00001,Super Mario BOOM,16768,02/13/2024, 13:14:38,1066
APRL00001,Super Mario BOOM,16771,02/13/2024, 14:10:46,1066
APRL00001,Super Mario BOOM,16774,02/13/2024, 15:11:07,1066
APRL00001,Super Mario BOOM,16777,02/13/2024, 16:14:44,1066
APRL00001,Super Mario BOOM,16778,02/13/2024, 17:10:41,1066
APRL00001,Super Mario BOOM,16779,02/13/2024, 18:15:25,1066
APRL00001,Super Mario BOOM,16779,02/13/2024, 19:09:21,1066
APRL00001,Super Mario BOOM,16783,02/13/2024, 20:13:31,1066
APRL00001,Super Mario BOOM,16784,02/13/2024, 21:11:23,1066
APRL00001,Super Mario BOOM,16785,02/13/2024, 22:13:00,1066
APRL00001,Super Mario BOOM,16786,02/13/2024, 23:11:36,1066
APRL00001,Super Mario BOOM,16788,02/14/2024, 00:50:37,1066
APRL00001,Super Mario BOOM,16791,02/14/2024, 01:44:45,1066
APRL00001,Super Mario BOOM,16792,02/14/2024, 02:18:00,1066
APRL00001,Super Mario BOOM,16794,02/14/2024, 03:13:20,1066
APRL00001,Super Mario BOOM,16795,02/14/2024, 04:14:20,1066
APRL00001,Super Mario BOOM,16797,02/14/2024, 05:11:59,1066
APRL00001,Super Mario BOOM,16800,02/14/2024, 06:15:19,1066
APRL00001,Super Mario BOOM,16801,02/14/2024, 07:12:45,1066
APRL00001,Super Mario BOOM,16802,02/14/2024, 08:14:52,1066
APRL00001,Super Mario BOOM,16806,02/14/2024, 09:11:31,1066
APRL00001,Super Mario BOOM,16809,02/14/2024, 10:12:35,1066
APRL00001,Super Mario BOOM,16809,02/14/2024, 11:11:36,1066
APRL00001,Super Mario BOOM,16809,02/14/2024, 12:20:27,1066
APRL00001,Super Mario BOOM,16810,02/14/2024, 13:12:20,1066
APRL00001,Super Mario BOOM,16812,02/14/2024, 14:11:20,1066
APRL00001,Super Mario BOOM,16813,02/14/2024, 15:11:39,1066
APRL00001,Super Mario BOOM,16815,02/14/2024, 16:14:21,1066
APRL00001,Super Mario BOOM,16815,02/14/2024, 17:11:03,1066
APRL00001,Super Mario BOOM,16817,02/14/2024, 18:13:55,1066
APRL00001,Super Mario BOOM,16819,02/14/2024, 19:09:36,1066
APRL00001,Super Mario BOOM,16822,02/14/2024, 20:12:23,1066
APRL00001,Super Mario BOOM,16822,02/14/2024, 21:11:06,1066
APRL00001,Super Mario BOOM,16825,02/14/2024, 22:11:06,1066
APRL00001,Super Mario BOOM,16825,02/14/2024, 23:11:54,1066
APRL00001,Super Mario BOOM,16828,02/15/2024, 00:50:22,1066
APRL00001,Super Mario BOOM,16828,02/15/2024, 01:44:17,1066
APRL00001,Super Mario BOOM,16829,02/15/2024, 02:18:24,1066
APRL00001,Super Mario BOOM,16831,02/15/2024, 03:13:24,1066
APRL00001,Super Mario BOOM,16833,02/15/2024, 04:14:36,1066
APRL00001,Super Mario BOOM,16833,02/15/2024, 05:12:26,1066
APRL00001,Super Mario BOOM,16833,02/15/2024, 06:15:06,1066
APRL00001,Super Mario BOOM,16834,02/15/2024, 07:10:52,1066
APRL00001,Super Mario BOOM,16834,02/15/2024, 08:14:43,1066
APRL00001,Super Mario BOOM,16834,02/15/2024, 09:13:57,1066
APRL00001,Super Mario BOOM,16834,02/15/2024, 10:12:43,1066
APRL00001,Super Mario BOOM,16837,02/15/2024, 11:10:53,1066
APRL00001,Super Mario BOOM,16837,02/15/2024, 12:19:25,1066
APRL00001,Super Mario BOOM,16837,02/15/2024, 13:12:46,1066
APRL00001,Super Mario BOOM,16837,02/15/2024, 14:10:51,1066
APRL00001,Super Mario BOOM,16839,02/15/2024, 15:12:01,1066
APRL00001,Super Mario BOOM,16840,02/15/2024, 16:14:15,1066
APRL00001,Super Mario BOOM,16840,02/15/2024, 17:12:24,1066
APRL00001,Super Mario BOOM,16845,02/15/2024, 18:15:12,1066
APRL00001,Super Mario BOOM,16846,02/15/2024, 19:10:29,1066
APRL00001,Super Mario BOOM,16848,02/15/2024, 20:10:30,1066
APRL00001,Super Mario BOOM,16850,02/15/2024, 21:11:28,1066
APRL00001,Super Mario BOOM,16854,02/15/2024, 22:10:49,1066
APRL00001,Super Mario BOOM,16856,02/15/2024, 23:11:27,1066
APRL00001,Super Mario BOOM,16859,02/16/2024, 00:48:46,1066
APRL00001,Super Mario BOOM,16859,02/16/2024, 01:43:17,1066
APRL00001,Super Mario BOOM,16859,02/16/2024, 02:17:47,1066
APRL00001,Super Mario BOOM,16859,02/16/2024, 03:13:47,1066
APRL00001,Super Mario BOOM,16859,02/16/2024, 04:13:26,1066
APRL00001,Super Mario BOOM,16860,02/16/2024, 05:12:05,1066
APRL00001,Super Mario BOOM,16862,02/16/2024, 06:15:26,1066
APRL00001,Super Mario BOOM,16863,02/16/2024, 07:10:59,1066
APRL00001,Super Mario BOOM,16864,02/16/2024, 08:14:31,1066
APRL00001,Super Mario BOOM,16864,02/16/2024, 09:11:36,1066
APRL00001,Super Mario BOOM,16864,02/16/2024, 10:12:37,1066
APRL00001,Super Mario BOOM,16864,02/16/2024, 11:09:26,1066
APRL00001,Super Mario BOOM,16864,02/16/2024, 12:19:43,1066
APRL00001,Super Mario BOOM,16864,02/16/2024, 13:12:24,1066
APRL00001,Super Mario BOOM,16865,02/16/2024, 14:11:49,1066
APRL00001,Super Mario BOOM,16867,02/16/2024, 15:12:32,1066
APRL00001,Super Mario BOOM,16869,02/16/2024, 16:14:22,1066
APRL00001,Super Mario BOOM,16870,02/16/2024, 17:10:55,1066
APRL00001,Super Mario BOOM,16870,02/16/2024, 18:14:43,1066
APRL00001,Super Mario BOOM,16873,02/16/2024, 19:10:48,1066
APRL00001,Super Mario BOOM,16875,02/16/2024, 20:11:47,1066
APRL00001,Super Mario BOOM,16880,02/16/2024, 21:10:09,1066
APRL00001,Super Mario BOOM,16880,02/16/2024, 22:11:04,1066
APRL00001,Super Mario BOOM,16881,02/16/2024, 23:11:17,1066
APRL00001,Super Mario BOOM,16882,02/17/2024, 00:48:43,1066
APRL00001,Super Mario BOOM,16885,02/17/2024, 01:42:25,1066
APRL00001,Super Mario BOOM,16886,02/17/2024, 02:16:27,1066
APRL00001,Super Mario BOOM,16886,02/17/2024, 03:12:57,1066
APRL00001,Super Mario BOOM,16887,02/17/2024, 04:15:16,1066
APRL00001,Super Mario BOOM,16889,02/17/2024, 05:10:38,1066
APRL00001,Super Mario BOOM,16889,02/17/2024, 06:14:58,1066
APRL00001,Super Mario BOOM,16889,02/17/2024, 07:10:25,1066
APRL00001,Super Mario BOOM,16889,02/17/2024, 08:13:27,1066
APRL00001,Super Mario BOOM,16891,02/17/2024, 09:10:28,1066
APRL00001,Super Mario BOOM,16894,02/17/2024, 10:11:27,1066
APRL00001,Super Mario BOOM,16894,02/17/2024, 11:09:01,1066
APRL00001,Super Mario BOOM,16900,02/17/2024, 12:18:24,1066
APRL00001,Super Mario BOOM,16901,02/17/2024, 13:11:27,1066
APRL00001,Super Mario BOOM,16904,02/17/2024, 14:10:55,1066
APRL00001,Super Mario BOOM,16911,02/17/2024, 15:11:29,1066
APRL00001,Super Mario BOOM,16911,02/17/2024, 16:14:10,1066
APRL00001,Super Mario BOOM,16911,02/17/2024, 17:10:55,1066
APRL00001,Super Mario BOOM,16911,02/17/2024, 18:13:31,1066
APRL00001,Super Mario BOOM,16911,02/17/2024, 19:09:52,1066
APRL00001,Super Mario BOOM,16912,02/17/2024, 20:11:17,1066
APRL00001,Super Mario BOOM,16914,02/17/2024, 21:09:39,1066
APRL00001,Super Mario BOOM,16919,02/17/2024, 22:11:33,1066
APRL00001,Super Mario BOOM,16919,02/17/2024, 23:10:36,1066
APRL00001,Super Mario BOOM,16926,02/18/2024, 00:52:50,1066
APRL00001,Super Mario BOOM,16926,02/18/2024, 01:50:31,1066
APRL00001,Super Mario BOOM,16927,02/18/2024, 02:19:31,1066
APRL00001,Super Mario BOOM,16929,02/18/2024, 03:12:13,1066
APRL00001,Super Mario BOOM,16930,02/18/2024, 04:13:24,1066
APRL00001,Super Mario BOOM,16930,02/18/2024, 05:10:46,1066
APRL00001,Super Mario BOOM,16932,02/18/2024, 06:14:50,1066
APRL00001,Super Mario BOOM,16933,02/18/2024, 07:12:43,1066
APRL00001,Super Mario BOOM,16934,02/18/2024, 08:14:06,1066
APRL00001,Super Mario BOOM,16936,02/18/2024, 09:11:20,1066
APRL00001,Super Mario BOOM,16938,02/18/2024, 10:12:50,1066
APRL00001,Super Mario BOOM,16939,02/18/2024, 11:09:15,1066
APRL00001,Super Mario BOOM,16941,02/18/2024, 12:18:35,1066
APRL00001,Super Mario BOOM,16943,02/18/2024, 13:12:35,1066
APRL00001,Super Mario BOOM,16945,02/18/2024, 14:10:07,1066
APRL00001,Super Mario BOOM,16946,02/18/2024, 15:12:29,1066
APRL00001,Super Mario BOOM,16949,02/18/2024, 16:13:46,1066
APRL00001,Super Mario BOOM,16950,02/18/2024, 17:09:31,1066
APRL00001,Super Mario BOOM,16956,02/18/2024, 18:13:11,1066
APRL00001,Super Mario BOOM,16960,02/18/2024, 19:09:26,1066
APRL00001,Super Mario BOOM,16960,02/18/2024, 20:12:13,1066
APRL00001,Super Mario BOOM,16964,02/18/2024, 21:09:49,1066
APRL00001,Super Mario BOOM,16964,02/18/2024, 22:12:35,1066
APRL00001,Super Mario BOOM,16965,02/18/2024, 23:11:14,1066
APRL00001,Super Mario BOOM,16967,02/19/2024, 00:51:14,1066
APRL00001,Super Mario BOOM,16969,02/19/2024, 01:46:02,1066
APRL00001,Super Mario BOOM,16970,02/19/2024, 02:19:14,1066
APRL00001,Super Mario BOOM,16973,02/19/2024, 03:12:59,1066
APRL00001,Super Mario BOOM,16973,02/19/2024, 04:14:08,1066
APRL00001,Super Mario BOOM,16975,02/19/2024, 05:12:21,1066
APRL00001,Super Mario BOOM,16975,02/19/2024, 06:15:49,1066
APRL00001,Super Mario BOOM,16975,02/19/2024, 07:12:36,1066
APRL00001,Super Mario BOOM,16977,02/19/2024, 08:15:30,1066
APRL00001,Super Mario BOOM,16977,02/19/2024, 09:12:20,1066
APRL00001,Super Mario BOOM,16977,02/19/2024, 10:13:12,1066
APRL00001,Super Mario BOOM,16977,02/19/2024, 11:10:02,1066
APRL00001,Super Mario BOOM,16980,02/19/2024, 12:20:59,1066
APRL00001,Super Mario BOOM,16981,02/19/2024, 13:12:24,1066
APRL00001,Super Mario BOOM,16981,02/19/2024, 14:11:36,1066
APRL00001,Super Mario BOOM,16982,02/19/2024, 15:12:23,1066
APRL00001,Super Mario BOOM,16983,02/19/2024, 16:15:58,1066
APRL00001,Super Mario BOOM,16984,02/19/2024, 17:11:21,1066
APRL00001,Super Mario BOOM,16986,02/19/2024, 18:15:12,1066
APRL00001,Super Mario BOOM,16989,02/19/2024, 19:10:01,1066
APRL00001,Super Mario BOOM,16990,02/19/2024, 20:12:00,1066
APRL00001,Super Mario BOOM,16992,02/19/2024, 21:11:21,1066
APRL00001,Super Mario BOOM,16992,02/19/2024, 22:11:30,1066
APRL00001,Super Mario BOOM,16993,02/19/2024, 23:11:20,1066
APRL00001,Super Mario BOOM,16995,02/20/2024, 00:48:54,1066
APRL00001,Super Mario BOOM,16995,02/20/2024, 01:42:35,1066
APRL00001,Super Mario BOOM,16995,02/20/2024, 02:16:34,1066
APRL00001,Super Mario BOOM,16997,02/20/2024, 03:12:40,1066
APRL00001,Super Mario BOOM,16998,02/20/2024, 04:15:35,1066
APRL00001,Super Mario BOOM,16999,02/20/2024, 05:12:39,1066
APRL00001,Super Mario BOOM,17001,02/20/2024, 06:15:35,1066
APRL00001,Super Mario BOOM,17001,02/20/2024, 07:12:03,1066
APRL00001,Super Mario BOOM,17001,02/20/2024, 08:14:39,1066
APRL00001,Super Mario BOOM,17001,02/20/2024, 09:11:54,1066
APRL00001,Super Mario BOOM,17005,02/20/2024, 10:11:59,1066
APRL00001,Super Mario BOOM,17005,02/20/2024, 11:10:40,1066
APRL00001,Super Mario BOOM,17006,02/20/2024, 12:19:57,1066
APRL00001,Super Mario BOOM,17006,02/20/2024, 13:13:18,1066
APRL00001,Super Mario BOOM,17006,02/20/2024, 14:11:12,1066
APRL00001,Super Mario BOOM,17010,02/20/2024, 15:11:17,1066
APRL00001,Super Mario BOOM,17011,02/20/2024, 16:14:43,1066
APRL00001,Super Mario BOOM,17016,02/20/2024, 17:10:39,1066
APRL00001,Super Mario BOOM,17023,02/20/2024, 18:16:14,1066
APRL00001,Super Mario BOOM,17024,02/20/2024, 19:09:37,1066
APRL00001,Super Mario BOOM,17025,02/20/2024, 20:13:00,1066
APRL00001,Super Mario BOOM,17028,02/20/2024, 21:10:09,1066
APRL00001,Super Mario BOOM,17029,02/20/2024, 22:10:44,1066
APRL00001,Super Mario BOOM,17033,02/20/2024, 23:11:16,1066
APRL00001,Super Mario BOOM,17035,02/21/2024, 00:50:05,1066
APRL00001,Super Mario BOOM,17039,02/21/2024, 01:44:00,1066
APRL00001,Super Mario BOOM,17039,02/21/2024, 02:17:34,1066
APRL00001,Super Mario BOOM,17039,02/21/2024, 03:12:28,1066
APRL00001,Super Mario BOOM,17043,02/21/2024, 04:13:50,1066
APRL00001,Super Mario BOOM,17043,02/21/2024, 05:11:20,1066
APRL00001,Super Mario BOOM,17045,02/21/2024, 06:14:50,1066
APRL00001,Super Mario BOOM,17045,02/21/2024, 07:11:20,1066
APRL00001,Super Mario BOOM,17046,02/21/2024, 08:15:29,1066
APRL00001,Super Mario BOOM,17046,02/21/2024, 09:14:10,1066
APRL00001,Super Mario BOOM,17049,02/21/2024, 10:13:17,1066
APRL00001,Super Mario BOOM,17049,02/21/2024, 11:10:21,1066
APRL00001,Super Mario BOOM,17049,02/21/2024, 12:19:55,1066
APRL00001,Super Mario BOOM,17050,02/21/2024, 13:12:36,1066
APRL00001,Super Mario BOOM,17050,02/21/2024, 14:11:02,1066
APRL00001,Super Mario BOOM,17051,02/21/2024, 15:11:49,1066
APRL00001,Super Mario BOOM,17052,02/21/2024, 16:15:10,1066
APRL00001,Super Mario BOOM,17053,02/21/2024, 17:10:22,1066
APRL00001,Super Mario BOOM,17053,02/21/2024, 18:14:12,1066
APRL00001,Super Mario BOOM,17054,02/21/2024, 19:09:55,1066
APRL00001,Super Mario BOOM,17056,02/21/2024, 20:12:12,1066
APRL00001,Super Mario BOOM,17059,02/21/2024, 21:10:18,1066
APRL00001,Super Mario BOOM,17062,02/21/2024, 22:10:51,1066
APRL00001,Super Mario BOOM,17063,02/21/2024, 23:12:29,1066
APRL00001,Super Mario BOOM,17065,02/22/2024, 00:49:23,1066
APRL00001,Super Mario BOOM,17066,02/22/2024, 01:42:59,1066
APRL00001,Super Mario BOOM,17067,02/22/2024, 02:17:07,1066
APRL00001,Super Mario BOOM,17069,02/22/2024, 03:12:35,1066
APRL00001,Super Mario BOOM,17070,02/22/2024, 04:13:30,1066
APRL00001,Super Mario BOOM,17070,02/22/2024, 05:12:30,1066
APRL00001,Super Mario BOOM,17075,02/22/2024, 06:15:27,1066
APRL00001,Super Mario BOOM,17075,02/22/2024, 07:11:54,1066
APRL00001,Super Mario BOOM,17077,02/22/2024, 08:15:06,1066
APRL00001,Super Mario BOOM,17078,02/22/2024, 09:13:01,1066
APRL00001,Super Mario BOOM,17080,02/22/2024, 10:12:06,1066
APRL00001,Super Mario BOOM,17080,02/22/2024, 11:09:59,1066
APRL00001,Super Mario BOOM,17081,02/22/2024, 12:19:16,1066
APRL00001,Super Mario BOOM,17083,02/22/2024, 13:14:02,1066
APRL00001,Super Mario BOOM,17083,02/22/2024, 14:12:03,1066
APRL00001,Super Mario BOOM,17083,02/22/2024, 15:12:02,1066
APRL00001,Super Mario BOOM,17084,02/22/2024, 16:14:31,1066
APRL00001,Super Mario BOOM,17086,02/22/2024, 17:10:57,1066
APRL00001,Super Mario BOOM,17087,02/22/2024, 18:14:46,1066
APRL00001,Super Mario BOOM,17090,02/22/2024, 19:09:29,1066
APRL00001,Super Mario BOOM,17092,02/22/2024, 20:11:41,1066
APRL00001,Super Mario BOOM,17095,02/22/2024, 21:10:20,1066
APRL00001,Super Mario BOOM,17097,02/22/2024, 22:11:02,1066
APRL00001,Super Mario BOOM,17097,02/22/2024, 23:13:38,1066
APRL00001,Super Mario BOOM,17098,02/23/2024, 00:48:48,1066
APRL00001,Super Mario BOOM,17099,02/23/2024, 01:42:46,1066
APRL00001,Super Mario BOOM,17099,02/23/2024, 02:17:37,1066
APRL00001,Super Mario BOOM,17100,02/23/2024, 03:12:13,1066
APRL00001,Super Mario BOOM,17101,02/23/2024, 04:13:25,1066
APRL00001,Super Mario BOOM,17102,02/23/2024, 05:12:23,1066
APRL00001,Super Mario BOOM,17102,02/23/2024, 06:15:19,1066
APRL00001,Super Mario BOOM,17102,02/23/2024, 07:12:44,1066
APRL00001,Super Mario BOOM,17102,02/23/2024, 08:14:59,1066
APRL00001,Super Mario BOOM,17104,02/23/2024, 09:11:31,1066
APRL00001,Super Mario BOOM,17106,02/23/2024, 10:13:24,1066
APRL00001,Super Mario BOOM,17108,02/23/2024, 11:10:32,1066
APRL00001,Super Mario BOOM,17108,02/23/2024, 12:19:54,1066
APRL00001,Super Mario BOOM,17108,02/23/2024, 13:13:18,1066
APRL00001,Super Mario BOOM,17108,02/23/2024, 14:11:02,1066
APRL00001,Super Mario BOOM,17108,02/23/2024, 15:12:53,1066
APRL00001,Super Mario BOOM,17110,02/23/2024, 16:13:49,1066
APRL00001,Super Mario BOOM,17111,02/23/2024, 17:10:29,1066
APRL00001,Super Mario BOOM,17113,02/23/2024, 18:14:49,1066
APRL00001,Super Mario BOOM,17113,02/23/2024, 19:11:22,1066
APRL00001,Super Mario BOOM,17114,02/23/2024, 20:13:29,1066
APRL00001,Super Mario BOOM,17116,02/23/2024, 21:10:33,1066
APRL00001,Super Mario BOOM,17120,02/23/2024, 22:10:49,1066
APRL00001,Super Mario BOOM,17124,02/23/2024, 23:10:53,1066
APRL00001,Super Mario BOOM,17127,02/24/2024, 00:46:58,1066
APRL00001,Super Mario BOOM,17128,02/24/2024, 01:40:15,1066
APRL00001,Super Mario BOOM,17128,02/24/2024, 02:15:00,1066
APRL00001,Super Mario BOOM,17129,02/24/2024, 03:14:21,1066
APRL00001,Super Mario BOOM,17131,02/24/2024, 04:14:18,1066
APRL00001,Super Mario BOOM,17132,02/24/2024, 05:13:22,1066
APRL00001,Super Mario BOOM,17134,02/24/2024, 06:14:00,1066
APRL00001,Super Mario BOOM,17134,02/24/2024, 07:11:08,1066
APRL00001,Super Mario BOOM,17134,02/24/2024, 08:12:59,1066
APRL00001,Super Mario BOOM,17135,02/24/2024, 09:10:14,1066
APRL00001,Super Mario BOOM,17137,02/24/2024, 10:12:17,1066
APRL00001,Super Mario BOOM,17138,02/24/2024, 11:09:26,1066
APRL00001,Super Mario BOOM,17140,02/24/2024, 12:17:55,1066
APRL00001,Super Mario BOOM,17140,02/24/2024, 13:12:14,1066
APRL00001,Super Mario BOOM,17142,02/24/2024, 14:09:43,1066
APRL00001,Super Mario BOOM,17146,02/24/2024, 15:10:29,1066
APRL00001,Super Mario BOOM,17147,02/24/2024, 16:12:53,1066
APRL00001,Super Mario BOOM,17150,02/24/2024, 17:11:53,1066
APRL00001,Super Mario BOOM,17153,02/24/2024, 18:14:04,1066
APRL00001,Super Mario BOOM,17155,02/24/2024, 19:09:06,1066
APRL00001,Super Mario BOOM,17157,02/24/2024, 20:11:08,1066
APRL00001,Super Mario BOOM,17159,02/24/2024, 21:09:51,1066
APRL00001,Super Mario BOOM,17160,02/24/2024, 22:10:45,1066
APRL00001,Super Mario BOOM,17163,02/24/2024, 23:11:55,1066
APRL00001,Super Mario BOOM,17167,02/25/2024, 00:53:23,1066
APRL00001,Super Mario BOOM,17167,02/25/2024, 01:49:53,1066
APRL00001,Super Mario BOOM,17169,02/25/2024, 02:20:13,1066
APRL00001,Super Mario BOOM,17171,02/25/2024, 03:12:43,1066
APRL00001,Super Mario BOOM,17171,02/25/2024, 04:14:12,1066
APRL00001,Super Mario BOOM,17174,02/25/2024, 05:11:42,1066
APRL00001,Super Mario BOOM,17174,02/25/2024, 06:14:02,1066
APRL00001,Super Mario BOOM,17175,02/25/2024, 07:12:13,1066
APRL00001,Super Mario BOOM,17178,02/25/2024, 08:13:29,1066
APRL00001,Super Mario BOOM,17179,02/25/2024, 09:10:29,1066
APRL00001,Super Mario BOOM,17180,02/25/2024, 10:11:08,1066
APRL00001,Super Mario BOOM,17180,02/25/2024, 11:09:24,1066
APRL00001,Super Mario BOOM,17181,02/25/2024, 12:18:22,1066
APRL00001,Super Mario BOOM,17184,02/25/2024, 13:11:56,1066
APRL00001,Super Mario BOOM,17185,02/25/2024, 14:09:54,1066
APRL00001,Super Mario BOOM,17188,02/25/2024, 15:10:40,1066
APRL00001,Super Mario BOOM,17190,02/25/2024, 16:14:01,1066
APRL00001,Super Mario BOOM,17192,02/25/2024, 17:10:22,1066
APRL00001,Super Mario BOOM,17193,02/25/2024, 18:13:34,1066
APRL00001,Super Mario BOOM,17197,02/25/2024, 19:10:55,1066
APRL00001,Super Mario BOOM,17199,02/25/2024, 20:11:12,1066
APRL00001,Super Mario BOOM,17199,02/25/2024, 21:11:45,1066
APRL00001,Super Mario BOOM,17200,02/25/2024, 22:10:43,1066
APRL00001,Super Mario BOOM,17201,02/25/2024, 23:11:39,1066
APRL00001,Super Mario BOOM,17205,02/26/2024, 00:51:11,1066
APRL00001,Super Mario BOOM,17206,02/26/2024, 01:46:12,1066
APRL00001,Super Mario BOOM,17206,02/26/2024, 02:21:03,1066
APRL00001,Super Mario BOOM,17207,02/26/2024, 03:13:23,1066
APRL00001,Super Mario BOOM,17207,02/26/2024, 04:13:40,1066
APRL00001,Super Mario BOOM,17208,02/26/2024, 05:12:36,1066
APRL00001,Super Mario BOOM,17209,02/26/2024, 06:15:59,1066
APRL00001,Super Mario BOOM,17209,02/26/2024, 07:12:27,1066
APRL00001,Super Mario BOOM,17209,02/26/2024, 08:14:46,1066
APRL00001,Super Mario BOOM,17210,02/26/2024, 09:13:13,1066
APRL00001,Super Mario BOOM,17211,02/26/2024, 10:13:22,1066
APRL00001,Super Mario BOOM,17211,02/26/2024, 11:09:13,1066
APRL00001,Super Mario BOOM,17212,02/26/2024, 12:20:50,1066
APRL00001,Super Mario BOOM,17213,02/26/2024, 13:12:28,1066
APRL00001,Super Mario BOOM,17214,02/26/2024, 14:12:15,1066
APRL00001,Super Mario BOOM,17214,02/26/2024, 15:12:39,1066
APRL00001,Super Mario BOOM,17215,02/26/2024, 16:14:36,1066
APRL00001,Super Mario BOOM,17215,02/26/2024, 17:11:22,1066
APRL00001,Super Mario BOOM,17216,02/26/2024, 18:14:23,1066
APRL00001,Super Mario BOOM,17218,02/26/2024, 19:09:55,1066
APRL00001,Super Mario BOOM,17218,02/26/2024, 20:13:14,1066
APRL00001,Super Mario BOOM,17220,02/26/2024, 21:12:09,1066
APRL00001,Super Mario BOOM,17222,02/26/2024, 22:11:59,1066
APRL00001,Super Mario BOOM,17224,02/26/2024, 23:12:23,1066
APRL00001,Super Mario BOOM,17226,02/27/2024, 00:48:53,1066
APRL00001,Super Mario BOOM,17228,02/27/2024, 01:42:12,1066
APRL00001,Super Mario BOOM,17229,02/27/2024, 02:16:33,1066
APRL00001,Super Mario BOOM,17230,02/27/2024, 03:13:19,1066
APRL00001,Super Mario BOOM,17231,02/27/2024, 04:14:29,1066
APRL00001,Super Mario BOOM,17231,02/27/2024, 05:12:26,1066
APRL00001,Super Mario BOOM,17232,02/27/2024, 06:14:37,1066
APRL00001,Super Mario BOOM,17232,02/27/2024, 07:12:58,1066
APRL00001,Super Mario BOOM,17233,02/27/2024, 08:14:29,1066
APRL00001,Super Mario BOOM,17233,02/27/2024, 09:11:39,1066
APRL00001,Super Mario BOOM,17234,02/27/2024, 10:13:50,1066
APRL00001,Super Mario BOOM,17234,02/27/2024, 11:10:06,1066
APRL00001,Super Mario BOOM,17235,02/27/2024, 12:19:25,1066
APRL00001,Super Mario BOOM,17236,02/27/2024, 13:12:19,1066
APRL00001,Super Mario BOOM,17237,02/27/2024, 14:10:59,1066
APRL00001,Super Mario BOOM,17239,02/27/2024, 15:12:10,1066
APRL00001,Super Mario BOOM,17242,02/27/2024, 16:15:00,1066
APRL00001,Super Mario BOOM,17245,02/27/2024, 17:12:29,1066
APRL00001,Super Mario BOOM,17245,02/27/2024, 18:14:40,1066
APRL00001,Super Mario BOOM,17245,02/27/2024, 19:10:02,1066
APRL00001,Super Mario BOOM,17246,02/27/2024, 20:12:28,1066
APRL00001,Super Mario BOOM,17246,02/27/2024, 21:10:08,1066
APRL00001,Super Mario BOOM,17247,02/27/2024, 22:12:33,1066
APRL00001,Super Mario BOOM,17247,02/27/2024, 23:11:10,1066
APRL00001,Super Mario BOOM,17249,02/28/2024, 00:48:39,1066
APRL00001,Super Mario BOOM,17252,02/28/2024, 01:44:14,1066
APRL00001,Super Mario BOOM,17252,02/28/2024, 02:18:17,1066
APRL00001,Super Mario BOOM,17255,02/28/2024, 03:12:35,1066
APRL00001,Super Mario BOOM,17257,02/28/2024, 04:14:25,1066
APRL00001,Super Mario BOOM,17257,02/28/2024, 05:12:14,1066
APRL00001,Super Mario BOOM,17257,02/28/2024, 06:14:50,1066
APRL00001,Super Mario BOOM,17258,02/28/2024, 07:11:15,1066
APRL00001,Super Mario BOOM,17260,02/28/2024, 08:14:55,1066
APRL00001,Super Mario BOOM,17261,02/28/2024, 09:12:03,1066
APRL00001,Super Mario BOOM,17261,02/28/2024, 10:13:38,1066
APRL00001,Super Mario BOOM,17261,02/28/2024, 11:11:16,1066
APRL00001,Super Mario BOOM,17263,02/28/2024, 12:19:42,1066
APRL00001,Super Mario BOOM,17263,02/28/2024, 13:12:30,1066
APRL00001,Super Mario BOOM,17263,02/28/2024, 14:10:40,1066
APRL00001,Super Mario BOOM,17263,02/28/2024, 15:12:03,1066
APRL00001,Super Mario BOOM,17264,02/28/2024, 16:14:39,1066
APRL00001,Super Mario BOOM,17264,02/28/2024, 17:11:24,1066
APRL00001,Super Mario BOOM,17265,02/28/2024, 18:14:24,1066
APRL00001,Super Mario BOOM,17268,02/28/2024, 20:12:50,1066
APRL00001,Super Mario BOOM,17271,02/28/2024, 21:11:01,1066
APRL00001,Super Mario BOOM,17271,02/28/2024, 22:10:41,1066
APRL00001,Super Mario BOOM,17273,02/28/2024, 23:13:27,1066
APRL00001,Super Mario BOOM,17275,02/29/2024, 00:48:58,1066
APRL00001,Super Mario BOOM,17279,02/29/2024, 01:42:22,1066
APRL00001,Super Mario BOOM,17279,02/29/2024, 02:16:44,1066
APRL00001,Super Mario BOOM,17279,02/29/2024, 03:13:10,1066
APRL00001,Super Mario BOOM,17281,02/29/2024, 04:13:59,1066
APRL00001,Super Mario BOOM,17282,02/29/2024, 05:13:25,1066
APRL00001,Super Mario BOOM,17282,02/29/2024, 06:15:07,1066
APRL00001,Super Mario BOOM,17283,02/29/2024, 07:12:36,1066
APRL00001,Super Mario BOOM,17283,02/29/2024, 08:14:26,1066
APRL00001,Super Mario BOOM,17283,02/29/2024, 09:12:47,1066
APRL00001,Super Mario BOOM,17283,02/29/2024, 10:13:35,1066
APRL00001,Super Mario BOOM,17283,02/29/2024, 11:11:06,1066
APRL00001,Super Mario BOOM,17283,02/29/2024, 12:20:42,1066
APRL00001,Super Mario BOOM,17283,02/29/2024, 13:12:55,1066
APRL00001,Super Mario BOOM,17283,02/29/2024, 14:14:11,1066
APRL00001,Super Mario BOOM,17284,02/29/2024, 15:12:06,1066
APRL00001,Super Mario BOOM,17286,02/29/2024, 16:13:55,1066
APRL00001,Super Mario BOOM,17286,02/29/2024, 17:10:45,1066
APRL00001,Super Mario BOOM,17291,02/29/2024, 18:15:36,1066
APRL00001,Super Mario BOOM,17296,02/29/2024, 19:09:29,1066
APRL00001,Super Mario BOOM,17297,02/29/2024, 20:13:50,1066
APRL00001,Super Mario BOOM,17299,02/29/2024, 21:13:11,1066
APRL00001,Super Mario BOOM,17303,02/29/2024, 22:10:55,1066
APRL00001,Super Mario BOOM,17303,02/29/2024, 23:12:10,1066
APRL00001,Super Mario BOOM,17305,03/01/2024, 00:54:26,1066
APRL00001,Super Mario BOOM,17305,03/01/2024, 01:52:50,1066
APRL00001,Super Mario BOOM,17305,03/01/2024, 02:22:27,1066
APRL00001,Super Mario BOOM,17306,03/01/2024, 03:15:28,1066
APRL00001,Super Mario BOOM,17307,03/01/2024, 04:15:00,1066
APRL00001,Super Mario BOOM,17309,03/01/2024, 05:12:21,1066
APRL00001,Super Mario BOOM,17310,03/01/2024, 06:15:37,1066
APRL00001,Super Mario BOOM,17311,03/01/2024, 07:11:25,1066
APRL00001,Super Mario BOOM,17311,03/01/2024, 08:14:24,1066
APRL00001,Super Mario BOOM,17311,03/01/2024, 09:14:02,1066
APRL00001,Super Mario BOOM,17311,03/01/2024, 10:12:36,1066
APRL00001,Super Mario BOOM,17311,03/01/2024, 11:10:13,1066
APRL00001,Super Mario BOOM,17311,03/01/2024, 12:20:05,1066
APRL00001,Super Mario BOOM,17312,03/01/2024, 13:12:08,1066
APRL00001,Super Mario BOOM,17314,03/01/2024, 14:11:06,1066
APRL00001,Super Mario BOOM,17314,03/01/2024, 15:12:32,1066
APRL00001,Super Mario BOOM,17314,03/01/2024, 16:13:41,1066
APRL00001,Super Mario BOOM,17315,03/01/2024, 17:14:55,1066
APRL00001,Super Mario BOOM,17316,03/01/2024, 18:15:49,1066
APRL00001,Super Mario BOOM,17318,03/01/2024, 19:10:37,1066
APRL00001,Super Mario BOOM,17320,03/01/2024, 20:13:00,1066
APRL00001,Super Mario BOOM,17320,03/01/2024, 21:12:07,1066
APRL00001,Super Mario BOOM,17320,03/01/2024, 22:10:59,1066
APRL00001,Super Mario BOOM,17320,03/01/2024, 23:10:52,1066
APRL00001,Super Mario BOOM,17322,03/02/2024, 00:48:09,1066
APRL00001,Super Mario BOOM,17325,03/02/2024, 01:41:23,1066
APRL00001,Super Mario BOOM,17325,03/02/2024, 02:15:47,1066
APRL00001,Super Mario BOOM,17325,03/02/2024, 03:12:02,1066
APRL00001,Super Mario BOOM,17325,03/02/2024, 04:13:39,1066
APRL00001,Super Mario BOOM,17327,03/02/2024, 05:11:34,1066
APRL00001,Super Mario BOOM,17329,03/02/2024, 06:15:34,1066
APRL00001,Super Mario BOOM,17333,03/02/2024, 07:10:18,1066
APRL00001,Super Mario BOOM,17333,03/02/2024, 08:13:14,1066
APRL00001,Super Mario BOOM,17337,03/02/2024, 09:10:55,1066
APRL00001,Super Mario BOOM,17337,03/02/2024, 10:11:12,1066
APRL00001,Super Mario BOOM,17338,03/02/2024, 11:10:27,1066
APRL00001,Super Mario BOOM,17339,03/02/2024, 12:18:33,1066
APRL00001,Super Mario BOOM,17341,03/02/2024, 13:11:27,1066
APRL00001,Super Mario BOOM,17343,03/02/2024, 14:10:34,1066
APRL00001,Super Mario BOOM,17346,03/02/2024, 15:11:09,1066
APRL00001,Super Mario BOOM,17348,03/02/2024, 16:13:48,1066
APRL00001,Super Mario BOOM,17351,03/02/2024, 17:09:30,1066
APRL00001,Super Mario BOOM,17355,03/02/2024, 18:14:21,1066
APRL00001,Super Mario BOOM,17355,03/02/2024, 19:09:08,1066
APRL00001,Super Mario BOOM,17357,03/02/2024, 20:10:50,1066
APRL00001,Super Mario BOOM,17360,03/02/2024, 21:09:45,1066
APRL00001,Super Mario BOOM,17363,03/02/2024, 22:11:19,1066
APRL00001,Super Mario BOOM,17365,03/02/2024, 23:11:45,1066
APRL00001,Super Mario BOOM,17366,03/03/2024, 00:52:30,1066
APRL00001,Super Mario BOOM,17366,03/03/2024, 01:46:16,1066
APRL00001,Super Mario BOOM,17367,03/03/2024, 02:19:34,1066
APRL00001,Super Mario BOOM,17370,03/03/2024, 03:12:09,1066
APRL00001,Super Mario BOOM,17371,03/03/2024, 04:14:52,1066
APRL00001,Super Mario BOOM,17372,03/03/2024, 05:11:31,1066
APRL00001,Super Mario BOOM,17372,03/03/2024, 06:14:30,1066
APRL00001,Super Mario BOOM,17372,03/03/2024, 07:10:05,1066
APRL00001,Super Mario BOOM,17372,03/03/2024, 08:14:46,1066
APRL00001,Super Mario BOOM,17374,03/03/2024, 09:11:56,1066
APRL00001,Super Mario BOOM,17376,03/03/2024, 10:13:47,1066
APRL00001,Super Mario BOOM,17377,03/03/2024, 11:08:56,1066
APRL00001,Super Mario BOOM,17378,03/03/2024, 12:19:03,1066
APRL00001,Super Mario BOOM,17379,03/03/2024, 13:11:56,1066
APRL00001,Super Mario BOOM,17380,03/03/2024, 14:10:56,1066
APRL00001,Super Mario BOOM,17381,03/03/2024, 15:10:41,1066
APRL00001,Super Mario BOOM,17383,03/03/2024, 16:12:41,1066
APRL00001,Super Mario BOOM,17386,03/03/2024, 17:09:43,1066
APRL00001,Super Mario BOOM,17388,03/03/2024, 18:13:21,1066
APRL00001,Super Mario BOOM,17391,03/03/2024, 19:08:45,1066
APRL00001,Super Mario BOOM,17392,03/03/2024, 20:12:19,1066
APRL00001,Super Mario BOOM,17393,03/03/2024, 21:10:46,1066
APRL00001,Super Mario BOOM,17400,03/03/2024, 22:10:17,1066
APRL00001,Super Mario BOOM,17403,03/03/2024, 23:10:46,1066
APRL00001,Super Mario BOOM,17404,03/04/2024, 00:50:47,1066
APRL00001,Super Mario BOOM,17405,03/04/2024, 02:00:41,1066
APRL00001,Super Mario BOOM,17407,03/04/2024, 03:04:12,1066
APRL00001,Super Mario BOOM,17409,03/04/2024, 04:41:26,1066
APRL00001,Super Mario BOOM,17409,03/04/2024, 05:45:52,1066
APRL00001,Super Mario BOOM,17410,03/04/2024, 06:59:56,1066
APRL00001,Super Mario BOOM,17411,03/04/2024, 07:58:24,1066
APRL00001,Super Mario BOOM,17412,03/04/2024, 10:07:39,1066
APRL00001,Super Mario BOOM,17413,03/04/2024, 11:59:10,1066
APRL00001,Super Mario BOOM,17413,03/04/2024, 12:31:49,1066
APRL00001,Super Mario BOOM,17413,03/04/2024, 13:15:10,1066
APRL00001,Super Mario BOOM,17413,03/04/2024, 14:11:24,1066
APRL00001,Super Mario BOOM,17413,03/04/2024, 15:13:06,1066
APRL00001,Super Mario BOOM,17413,03/04/2024, 16:15:21,1066
APRL00001,Super Mario BOOM,17416,03/04/2024, 17:12:51,1066
APRL00001,Super Mario BOOM,17417,03/04/2024, 18:14:38,1066
APRL00001,Super Mario BOOM,17417,03/04/2024, 19:10:21,1066
APRL00001,Super Mario BOOM,17420,03/04/2024, 20:12:01,1066
APRL00001,Super Mario BOOM,17421,03/04/2024, 21:11:29,1066
APRL00001,Super Mario BOOM,17427,03/04/2024, 22:10:32,1066
APRL00001,Super Mario BOOM,17427,03/04/2024, 23:12:41,1066
APRL00001,Super Mario BOOM,17429,03/05/2024, 00:49:25,1066
APRL00001,Super Mario BOOM,17430,03/05/2024, 01:43:16,1066
APRL00001,Super Mario BOOM,17431,03/05/2024, 02:17:17,1066
APRL00001,Super Mario BOOM,17431,03/05/2024, 03:13:10,1066
APRL00001,Super Mario BOOM,17433,03/05/2024, 05:11:35,1066
APRL00001,Super Mario BOOM,17434,03/05/2024, 06:14:51,1066
APRL00001,Super Mario BOOM,17434,03/05/2024, 07:11:15,1066
APRL00001,Super Mario BOOM,17435,03/05/2024, 08:15:27,1066
APRL00001,Super Mario BOOM,17435,03/05/2024, 09:12:03,1066
APRL00001,Super Mario BOOM,17437,03/05/2024, 10:13:28,1066
APRL00001,Super Mario BOOM,17437,03/05/2024, 11:11:39,1066
APRL00001,Super Mario BOOM,17437,03/05/2024, 12:20:18,1066
APRL00001,Super Mario BOOM,17437,03/05/2024, 13:12:29,1066
APRL00001,Super Mario BOOM,17438,03/05/2024, 14:11:29,1066
APRL00001,Super Mario BOOM,17438,03/05/2024, 15:11:39,1066
APRL00001,Super Mario BOOM,17440,03/05/2024, 16:14:00,1066
APRL00001,Super Mario BOOM,17443,03/05/2024, 17:12:41,1066
APRL00001,Super Mario BOOM,17445,03/05/2024, 18:14:15,1066
APRL00001,Super Mario BOOM,17446,03/05/2024, 19:09:43,1066
APRL00001,Super Mario BOOM,17449,03/05/2024, 20:12:09,1066
APRL00001,Super Mario BOOM,17450,03/05/2024, 21:11:20,1066
APRL00001,Super Mario BOOM,17451,03/05/2024, 22:10:41,1066
APRL00001,Super Mario BOOM,17451,03/05/2024, 23:11:09,1066
APRL00001,Super Mario BOOM,17454,03/06/2024, 00:49:41,1066
APRL00001,Super Mario BOOM,17454,03/06/2024, 01:43:33,1066
APRL00001,Super Mario BOOM,17455,03/06/2024, 02:17:22,1066
APRL00001,Super Mario BOOM,17456,03/06/2024, 03:12:14,1066
APRL00001,Super Mario BOOM,17458,03/06/2024, 04:13:36,1066
APRL00001,Super Mario BOOM,17460,03/06/2024, 05:11:32,1066
APRL00001,Super Mario BOOM,17460,03/06/2024, 06:16:05,1066
APRL00001,Super Mario BOOM,17460,03/06/2024, 07:11:27,1066
APRL00001,Super Mario BOOM,17461,03/06/2024, 08:15:50,1066
APRL00001,Super Mario BOOM,17462,03/06/2024, 09:12:24,1066
APRL00001,Super Mario BOOM,17463,03/06/2024, 10:12:35,1066
APRL00001,Super Mario BOOM,17464,03/06/2024, 11:10:27,1066
APRL00001,Super Mario BOOM,17467,03/06/2024, 12:22:00,1066
APRL00001,Super Mario BOOM,17467,03/06/2024, 13:12:11,1066
APRL00001,Super Mario BOOM,17467,03/06/2024, 14:11:01,1066
APRL00001,Super Mario BOOM,17468,03/06/2024, 15:13:41,1066
APRL00001,Super Mario BOOM,17468,03/06/2024, 16:14:13,1066
APRL00001,Super Mario BOOM,17468,03/06/2024, 17:11:28,1066
APRL00001,Super Mario BOOM,17469,03/06/2024, 18:15:13,1066
APRL00001,Super Mario BOOM,17471,03/06/2024, 19:08:57,1066
APRL00001,Super Mario BOOM,17471,03/06/2024, 20:12:04,1066
APRL00001,Super Mario BOOM,17472,03/06/2024, 21:10:42,1066
APRL00001,Super Mario BOOM,17475,03/06/2024, 22:12:11,1066
APRL00001,Super Mario BOOM,17476,03/06/2024, 23:12:35,1066
APRL00001,Super Mario BOOM,17479,03/07/2024, 00:40:11,1066
APRL00001,Super Mario BOOM,17480,03/07/2024, 01:28:40,1066
APRL00001,Super Mario BOOM,17482,03/07/2024, 02:11:09,1066
APRL00001,Super Mario BOOM,17484,03/07/2024, 03:11:19,1066
APRL00001,Super Mario BOOM,17485,03/07/2024, 04:13:54,1066
APRL00001,Super Mario BOOM,17487,03/07/2024, 05:10:32,1066
APRL00001,Super Mario BOOM,17488,03/07/2024, 06:15:39,1066
APRL00001,Super Mario BOOM,17489,03/07/2024, 07:10:15,1066
APRL00001,Super Mario BOOM,17490,03/07/2024, 08:12:09,1066
APRL00001,Super Mario BOOM,17490,03/07/2024, 09:10:27,1066
APRL00001,Super Mario BOOM,17494,03/07/2024, 10:12:03,1066
APRL00001,Super Mario BOOM,17495,03/07/2024, 11:10:27,1066
APRL00001,Super Mario BOOM,17496,03/07/2024, 12:20:01,1066
APRL00001,Super Mario BOOM,17496,03/07/2024, 13:12:18,1066
APRL00001,Super Mario BOOM,17496,03/07/2024, 14:12:01,1066
APRL00001,Super Mario BOOM,17497,03/07/2024, 15:11:52,1066
APRL00001,Super Mario BOOM,17497,03/07/2024, 16:14:03,1066
APRL00001,Super Mario BOOM,17497,03/07/2024, 17:11:56,1066
APRL00001,Super Mario BOOM,17497,03/07/2024, 18:14:29,1066
APRL00001,Super Mario BOOM,17497,03/07/2024, 19:09:23,1066
APRL00001,Super Mario BOOM,17500,03/07/2024, 20:11:50,1066
APRL00001,Super Mario BOOM,17501,03/07/2024, 21:11:26,1066
APRL00001,Super Mario BOOM,17503,03/07/2024, 22:11:17,1066
APRL00001,Super Mario BOOM,17506,03/07/2024, 23:13:15,1066
APRL00001,Super Mario BOOM,17509,03/08/2024, 00:49:27,1066
APRL00001,Super Mario BOOM,17511,03/08/2024, 01:43:09,1066
APRL00001,Super Mario BOOM,17512,03/08/2024, 02:18:56,1066
APRL00001,Super Mario BOOM,17513,03/08/2024, 03:12:15,1066
APRL00001,Super Mario BOOM,17513,03/08/2024, 04:14:27,1066
APRL00001,Super Mario BOOM,17513,03/08/2024, 05:12:45,1066
APRL00001,Super Mario BOOM,17514,03/08/2024, 06:14:49,1066
APRL00001,Super Mario BOOM,17516,03/08/2024, 07:13:29,1066
APRL00001,Super Mario BOOM,17517,03/08/2024, 08:13:59,1066
APRL00001,Super Mario BOOM,17517,03/08/2024, 09:12:02,1066
APRL00001,Super Mario BOOM,17519,03/08/2024, 10:14:28,1066
APRL00001,Super Mario BOOM,17521,03/08/2024, 11:09:37,1066
APRL00001,Super Mario BOOM,17523,03/08/2024, 12:20:44,1066
APRL00001,Super Mario BOOM,17523,03/08/2024, 13:12:36,1066
APRL00001,Super Mario BOOM,17523,03/08/2024, 14:11:52,1066
APRL00001,Super Mario BOOM,17525,03/08/2024, 15:12:33,1066
APRL00001,Super Mario BOOM,17527,03/08/2024, 16:13:02,1066
APRL00001,Super Mario BOOM,17531,03/08/2024, 17:10:42,1066
APRL00001,Super Mario BOOM,17534,03/08/2024, 18:14:28,1066
APRL00001,Super Mario BOOM,17535,03/08/2024, 19:10:38,1066
APRL00001,Super Mario BOOM,17536,03/08/2024, 20:11:27,1066
APRL00001,Super Mario BOOM,17539,03/08/2024, 21:11:08,1066
APRL00001,Super Mario BOOM,17542,03/08/2024, 22:12:40,1066
APRL00001,Super Mario BOOM,17543,03/08/2024, 23:13:31,1066
APRL00001,Super Mario BOOM,17547,03/09/2024, 00:47:23,1066
APRL00001,Super Mario BOOM,17550,03/09/2024, 01:39:14,1066
APRL00001,Super Mario BOOM,17550,03/09/2024, 02:14:43,1066
APRL00001,Super Mario BOOM,17551,03/09/2024, 03:14:59,1066
APRL00001,Super Mario BOOM,17553,03/09/2024, 04:13:06,1066
APRL00001,Super Mario BOOM,17554,03/09/2024, 05:13:12,1066
APRL00001,Super Mario BOOM,17555,03/09/2024, 06:16:09,1066
APRL00001,Super Mario BOOM,17555,03/09/2024, 07:10:25,1066
APRL00001,Super Mario BOOM,17556,03/09/2024, 08:13:21,1066
APRL00001,Super Mario BOOM,17557,03/09/2024, 09:13:26,1066
APRL00001,Super Mario BOOM,17559,03/09/2024, 10:12:49,1066
APRL00001,Super Mario BOOM,17561,03/09/2024, 11:12:01,1066
APRL00001,Super Mario BOOM,17562,03/09/2024, 12:18:00,1066
APRL00001,Super Mario BOOM,17564,03/09/2024, 13:11:19,1066
APRL00001,Super Mario BOOM,17565,03/09/2024, 14:12:54,1066
APRL00001,Super Mario BOOM,17569,03/09/2024, 15:10:29,1066
APRL00001,Super Mario BOOM,17569,03/09/2024, 16:13:27,1066
APRL00001,Super Mario BOOM,17569,03/09/2024, 17:10:37,1066
APRL00001,Super Mario BOOM,17575,03/09/2024, 18:13:33,1066
APRL00001,Super Mario BOOM,17579,03/09/2024, 19:08:49,1066
APRL00001,Super Mario BOOM,17580,03/09/2024, 20:11:03,1066
APRL00001,Super Mario BOOM,17582,03/09/2024, 21:11:38,1066
APRL00001,Super Mario BOOM,17585,03/09/2024, 22:12:02,1066
APRL00001,Super Mario BOOM,17588,03/09/2024, 23:12:07,1066
APRL00001,Super Mario BOOM,17590,03/10/2024, 00:53:24,1066
APRL00001,Super Mario BOOM,17592,03/10/2024, 01:51:05,1066
APRL00001,Super Mario BOOM,17592,03/10/2024, 02:22:15,1066
APRL00001,Super Mario BOOM,17592,03/10/2024, 03:12:47,1066
APRL00001,Super Mario BOOM,17593,03/10/2024, 04:13:12,1066
APRL00001,Super Mario BOOM,17594,03/10/2024, 05:11:14,1066
APRL00001,Super Mario BOOM,17596,03/10/2024, 06:13:52,1066
APRL00001,Super Mario BOOM,17597,03/10/2024, 07:11:06,1066
APRL00001,Super Mario BOOM,17598,03/10/2024, 08:13:50,1066
APRL00001,Super Mario BOOM,17599,03/10/2024, 09:11:36,1066
APRL00001,Super Mario BOOM,17602,03/10/2024, 10:10:52,1066
APRL00001,Super Mario BOOM,17602,03/10/2024, 11:10:15,1066
APRL00001,Super Mario BOOM,17602,03/10/2024, 12:18:06,1066
APRL00001,Super Mario BOOM,17603,03/10/2024, 13:12:27,1066
APRL00001,Super Mario BOOM,17604,03/10/2024, 14:11:02,1066
APRL00001,Super Mario BOOM,17608,03/10/2024, 15:10:30,1066
APRL00001,Super Mario BOOM,17610,03/10/2024, 16:13:44,1066
APRL00001,Super Mario BOOM,17612,03/10/2024, 17:11:25,1066
APRL00001,Super Mario BOOM,17613,03/10/2024, 18:12:47,1066
APRL00001,Super Mario BOOM,17614,03/10/2024, 19:08:56,1066
APRL00001,Super Mario BOOM,17614,03/10/2024, 20:12:39,1066
APRL00001,Super Mario BOOM,17615,03/10/2024, 21:09:42,1066
APRL00001,Super Mario BOOM,17615,03/10/2024, 22:11:52,1066
APRL00001,Super Mario BOOM,17616,03/10/2024, 23:11:53,1066
APRL00001,Super Mario BOOM,17617,03/11/2024, 00:50:56,1066
APRL00001,Super Mario BOOM,17618,03/11/2024, 01:44:08,1066
APRL00001,Super Mario BOOM,17618,03/11/2024, 02:19:18,1066
APRL00001,Super Mario BOOM,17619,03/11/2024, 03:14:26,1066
APRL00001,Super Mario BOOM,17620,03/11/2024, 04:14:48,1066
APRL00001,Super Mario BOOM,17620,03/11/2024, 05:12:41,1066
APRL00001,Super Mario BOOM,17622,03/11/2024, 06:14:57,1066
APRL00001,Super Mario BOOM,17623,03/11/2024, 07:12:14,1066
APRL00001,Super Mario BOOM,17623,03/11/2024, 08:15:11,1066
APRL00001,Super Mario BOOM,17623,03/11/2024, 09:13:21,1066
APRL00001,Super Mario BOOM,17623,03/11/2024, 10:14:18,1066
APRL00001,Super Mario BOOM,17623,03/11/2024, 11:11:54,1066
APRL00001,Super Mario BOOM,17624,03/11/2024, 12:20:47,1066
APRL00001,Super Mario BOOM,17627,03/11/2024, 13:12:48,1066
APRL00001,Super Mario BOOM,17630,03/11/2024, 14:11:19,1066
APRL00001,Super Mario BOOM,17631,03/11/2024, 15:12:45,1066
APRL00001,Super Mario BOOM,17632,03/11/2024, 16:14:32,1066
APRL00001,Super Mario BOOM,17635,03/11/2024, 17:11:46,1066
APRL00001,Super Mario BOOM,17635,03/11/2024, 18:14:40,1066
APRL00001,Super Mario BOOM,17637,03/11/2024, 19:10:37,1066
APRL00001,Super Mario BOOM,17637,03/11/2024, 20:13:36,1066
APRL00001,Super Mario BOOM,17637,03/11/2024, 21:13:05,1066
APRL00001,Super Mario BOOM,17639,03/11/2024, 22:11:01,1066
APRL00001,Super Mario BOOM,17640,03/11/2024, 23:12:40,1066
APRL00001,Super Mario BOOM,17642,03/12/2024, 00:49:02,1066
APRL00001,Super Mario BOOM,17643,03/12/2024, 01:43:04,1066
APRL00001,Super Mario BOOM,17644,03/12/2024, 02:17:03,1066
APRL00001,Super Mario BOOM,17645,03/12/2024, 03:15:07,1066
APRL00001,Super Mario BOOM,17646,03/12/2024, 04:15:48,1066
APRL00001,Super Mario BOOM,17648,03/12/2024, 05:13:02,1066
APRL00001,Super Mario BOOM,17648,03/12/2024, 06:14:58,1066
APRL00001,Super Mario BOOM,17649,03/12/2024, 07:11:35,1066
APRL00001,Super Mario BOOM,17651,03/12/2024, 08:14:32,1066
APRL00001,Super Mario BOOM,17651,03/12/2024, 09:14:12,1066
APRL00001,Super Mario BOOM,17651,03/12/2024, 10:12:14,1066
APRL00001,Super Mario BOOM,17651,03/12/2024, 11:10:05,1066
APRL00001,Super Mario BOOM,17653,03/12/2024, 12:19:52,1066
APRL00001,Super Mario BOOM,17653,03/12/2024, 13:12:51,1066
APRL00001,Super Mario BOOM,17653,03/12/2024, 14:11:14,1066
APRL00001,Super Mario BOOM,17653,03/12/2024, 15:12:01,1066
APRL00001,Super Mario BOOM,17656,03/12/2024, 16:15:04,1066
APRL00001,Super Mario BOOM,17659,03/12/2024, 17:11:30,1066
APRL00001,Super Mario BOOM,17660,03/12/2024, 18:14:18,1066
APRL00001,Super Mario BOOM,17661,03/12/2024, 19:12:10,1066
APRL00001,Super Mario BOOM,17661,03/12/2024, 20:12:25,1066
APRL00001,Super Mario BOOM,17663,03/12/2024, 21:11:38,1066
APRL00001,Super Mario BOOM,17667,03/12/2024, 22:10:58,1066
APRL00001,Super Mario BOOM,17668,03/12/2024, 23:12:23,1066
APRL00001,Super Mario BOOM,17671,03/13/2024, 00:50:33,1066
APRL00001,Super Mario BOOM,17671,03/13/2024, 01:47:25,1066
APRL00001,Super Mario BOOM,17671,03/13/2024, 02:19:46,1066
APRL00001,Super Mario BOOM,17671,03/13/2024, 03:13:55,1066
APRL00001,Super Mario BOOM,17673,03/13/2024, 04:13:40,1066
APRL00001,Super Mario BOOM,17673,03/13/2024, 05:13:06,1066
APRL00001,Super Mario BOOM,17676,03/13/2024, 06:15:33,1066
APRL00001,Super Mario BOOM,17677,03/13/2024, 07:11:17,1066
APRL00001,Super Mario BOOM,17678,03/13/2024, 08:14:14,1066
APRL00001,Super Mario BOOM,17678,03/13/2024, 09:12:52,1066
APRL00001,Super Mario BOOM,17679,03/13/2024, 10:12:39,1066
APRL00001,Super Mario BOOM,17680,03/13/2024, 11:12:56,1066
APRL00001,Super Mario BOOM,17680,03/13/2024, 15:12:37,1066
APRL00001,Super Mario BOOM,17682,03/13/2024, 16:14:04,1066
APRL00001,Super Mario BOOM,17683,03/13/2024, 17:11:59,1066
APRL00001,Super Mario BOOM,17687,03/13/2024, 18:14:08,1066
APRL00001,Super Mario BOOM,17687,03/13/2024, 19:10:31,1066
APRL00001,Super Mario BOOM,17687,03/13/2024, 20:11:59,1066
APRL00001,Super Mario BOOM,17687,03/13/2024, 21:12:32,1066
APRL00001,Super Mario BOOM,17688,03/13/2024, 22:11:24,1066
APRL00001,Super Mario BOOM,17692,03/13/2024, 23:11:51,1066
APRL00001,Super Mario BOOM,17696,03/14/2024, 00:49:37,1066
APRL00001,Super Mario BOOM,17696,03/14/2024, 01:43:37,1066
APRL00001,Super Mario BOOM,17697,03/14/2024, 02:17:21,1066
APRL00001,Super Mario BOOM,17699,03/14/2024, 03:13:09,1066
APRL00001,Super Mario BOOM,17699,03/14/2024, 04:13:45,1066
APRL00001,Super Mario BOOM,17700,03/14/2024, 05:11:25,1066
APRL00001,Super Mario BOOM,17700,03/14/2024, 06:14:53,1066
APRL00001,Super Mario BOOM,17702,03/14/2024, 07:13:08,1066
APRL00001,Super Mario BOOM,17702,03/14/2024, 08:14:54,1066
APRL00001,Super Mario BOOM,17702,03/14/2024, 09:11:52,1066
APRL00001,Super Mario BOOM,17703,03/14/2024, 10:12:57,1066
APRL00001,Super Mario BOOM,17703,03/14/2024, 11:09:47,1066
APRL00001,Super Mario BOOM,17703,03/14/2024, 12:21:09,1066
APRL00001,Super Mario BOOM,17705,03/14/2024, 13:13:06,1066
APRL00001,Super Mario BOOM,17705,03/14/2024, 14:11:38,1066
APRL00001,Super Mario BOOM,17708,03/14/2024, 15:12:00,1066
APRL00001,Super Mario BOOM,17708,03/14/2024, 16:14:54,1066
APRL00001,Super Mario BOOM,17711,03/14/2024, 17:10:58,1066
APRL00001,Super Mario BOOM,17711,03/14/2024, 18:14:29,1066
APRL00001,Super Mario BOOM,17711,03/14/2024, 19:09:37,1066
APRL00001,Super Mario BOOM,17713,03/14/2024, 20:12:41,1066
APRL00001,Super Mario BOOM,17714,03/14/2024, 21:11:14,1066
APRL00001,Super Mario BOOM,17716,03/14/2024, 22:10:47,1066
APRL00001,Super Mario BOOM,17718,03/14/2024, 23:11:28,1066
APRL00001,Super Mario BOOM,17721,03/15/2024, 00:50:24,1066
APRL00001,Super Mario BOOM,17724,03/15/2024, 01:45:23,1066
APRL00001,Super Mario BOOM,17725,03/15/2024, 02:18:31,1066
APRL00001,Super Mario BOOM,17726,03/15/2024, 03:13:37,1066
APRL00001,Super Mario BOOM,17729,03/15/2024, 04:14:26,1066
APRL00001,Super Mario BOOM,17729,03/15/2024, 05:12:34,1066
APRL00001,Super Mario BOOM,17729,03/15/2024, 06:15:16,1066
APRL00001,Super Mario BOOM,17729,03/15/2024, 07:11:34,1066
APRL00001,Super Mario BOOM,17729,03/15/2024, 08:14:49,1066
APRL00001,Super Mario BOOM,17729,03/15/2024, 09:11:56,1066
APRL00001,Super Mario BOOM,17730,03/15/2024, 10:11:52,1066
APRL00001,Super Mario BOOM,17730,03/15/2024, 11:09:59,1066
APRL00001,Super Mario BOOM,17731,03/15/2024, 12:19:49,1066
APRL00001,Super Mario BOOM,17731,03/15/2024, 13:13:14,1066
APRL00001,Super Mario BOOM,17735,03/15/2024, 14:11:55,1066
APRL00001,Super Mario BOOM,17736,03/15/2024, 15:11:53,1066
APRL00001,Super Mario BOOM,17740,03/15/2024, 16:15:00,1066
APRL00001,Super Mario BOOM,17740,03/15/2024, 17:11:13,1066
APRL00001,Super Mario BOOM,17740,03/15/2024, 18:15:35,1066
APRL00001,Super Mario BOOM,17742,03/15/2024, 19:10:15,1066
APRL00001,Super Mario BOOM,17744,03/15/2024, 20:14:22,1066
APRL00001,Super Mario BOOM,17745,03/15/2024, 21:10:05,1066
APRL00001,Super Mario BOOM,17747,03/15/2024, 22:11:54,1066
APRL00001,Super Mario BOOM,17750,03/15/2024, 23:12:10,1066
APRL00001,Super Mario BOOM,17752,03/16/2024, 00:48:36,1066
APRL00001,Super Mario BOOM,17754,03/16/2024, 01:41:35,1066
APRL00001,Super Mario BOOM,17754,03/16/2024, 02:16:49,1066
APRL00001,Super Mario BOOM,17755,03/16/2024, 03:12:55,1066
APRL00001,Super Mario BOOM,17756,03/16/2024, 04:13:14,1066
APRL00001,Super Mario BOOM,17758,03/16/2024, 05:12:45,1066
APRL00001,Super Mario BOOM,17758,03/16/2024, 06:13:58,1066
APRL00001,Super Mario BOOM,17758,03/16/2024, 07:11:10,1066
APRL00001,Super Mario BOOM,17759,03/16/2024, 08:13:32,1066
APRL00001,Super Mario BOOM,17761,03/16/2024, 09:11:05,1066
APRL00001,Super Mario BOOM,17763,03/16/2024, 10:12:59,1066
APRL00001,Super Mario BOOM,17763,03/16/2024, 11:09:19,1066
APRL00001,Super Mario BOOM,17763,03/16/2024, 12:21:02,1066
APRL00001,Super Mario BOOM,17763,03/16/2024, 13:12:49,1066
APRL00001,Super Mario BOOM,17767,03/16/2024, 14:10:36,1066
APRL00001,Super Mario BOOM,17767,03/16/2024, 15:10:36,1066
APRL00001,Super Mario BOOM,17769,03/16/2024, 16:12:34,1066
APRL00001,Super Mario BOOM,17773,03/16/2024, 17:10:58,1066
APRL00001,Super Mario BOOM,17774,03/16/2024, 18:14:10,1066
APRL00001,Super Mario BOOM,17776,03/16/2024, 19:09:47,1066
APRL00001,Super Mario BOOM,17779,03/16/2024, 20:11:37,1066
APRL00001,Super Mario BOOM,17779,03/16/2024, 21:11:30,1066
APRL00001,Super Mario BOOM,17780,03/16/2024, 22:11:07,1066
APRL00001,Super Mario BOOM,17780,03/16/2024, 23:12:45,1066
APRL00001,Super Mario BOOM,17784,03/17/2024, 00:53:11,1066
APRL00001,Super Mario BOOM,17784,03/17/2024, 01:49:52,1066
APRL00001,Super Mario BOOM,17786,03/17/2024, 02:19:28,1066
APRL00001,Super Mario BOOM,17786,03/17/2024, 03:12:03,1066
APRL00001,Super Mario BOOM,17788,03/17/2024, 04:14:04,1066
APRL00001,Super Mario BOOM,17791,03/17/2024, 05:12:45,1066
APRL00001,Super Mario BOOM,17793,03/17/2024, 06:14:03,1066
APRL00001,Super Mario BOOM,17794,03/17/2024, 07:10:13,1066
APRL00001,Super Mario BOOM,17795,03/17/2024, 08:13:39,1066
APRL00001,Super Mario BOOM,17796,03/17/2024, 09:10:40,1066
APRL00001,Super Mario BOOM,17797,03/17/2024, 10:11:13,1066
APRL00001,Super Mario BOOM,17799,03/17/2024, 11:11:50,1066
APRL00001,Super Mario BOOM,17803,03/17/2024, 12:21:02,1066
APRL00001,Super Mario BOOM,17804,03/17/2024, 13:14:10,1066
APRL00001,Super Mario BOOM,17806,03/17/2024, 14:10:08,1066
APRL00001,Super Mario BOOM,17809,03/17/2024, 15:12:21,1066
APRL00001,Super Mario BOOM,17811,03/17/2024, 16:13:25,1066
APRL00001,Super Mario BOOM,17815,03/17/2024, 17:09:57,1066
APRL00001,Super Mario BOOM,17817,03/17/2024, 18:13:08,1066
APRL00001,Super Mario BOOM,17818,03/17/2024, 19:09:33,1066
APRL00001,Super Mario BOOM,17822,03/17/2024, 20:12:04,1066
APRL00001,Super Mario BOOM,17824,03/17/2024, 21:12:09,1066
APRL00001,Super Mario BOOM,17827,03/17/2024, 22:10:35,1066
APRL00001,Super Mario BOOM,17827,03/17/2024, 23:14:03,1066
APRL00001,Super Mario BOOM,17827,03/18/2024, 00:51:04,1066
APRL00001,Super Mario BOOM,17827,03/18/2024, 01:46:46,1066
APRL00001,Super Mario BOOM,17827,03/18/2024, 02:18:11,1066
APRL00001,Super Mario BOOM,17829,03/18/2024, 03:13:18,1066
APRL00001,Super Mario BOOM,17831,03/18/2024, 04:13:55,1066
APRL00001,Super Mario BOOM,17831,03/18/2024, 05:13:23,1066
APRL00001,Super Mario BOOM,17831,03/18/2024, 06:15:57,1066
APRL00001,Super Mario BOOM,17832,03/18/2024, 07:12:14,1066
APRL00001,Super Mario BOOM,17837,03/18/2024, 08:14:42,1066
APRL00001,Super Mario BOOM,17837,03/18/2024, 09:13:06,1066
APRL00001,Super Mario BOOM,17838,03/18/2024, 10:13:00,1066
APRL00001,Super Mario BOOM,17839,03/18/2024, 11:10:59,1066
APRL00001,Super Mario BOOM,17840,03/18/2024, 12:20:11,1066
APRL00001,Super Mario BOOM,17842,03/18/2024, 13:13:39,1066
APRL00001,Super Mario BOOM,17845,03/18/2024, 14:12:06,1066
APRL00001,Super Mario BOOM,17847,03/18/2024, 15:12:00,1066
APRL00001,Super Mario BOOM,17848,03/18/2024, 16:15:05,1066
APRL00001,Super Mario BOOM,17848,03/18/2024, 17:12:20,1066
APRL00001,Super Mario BOOM,17852,03/18/2024, 18:14:28,1066
APRL00001,Super Mario BOOM,17852,03/18/2024, 19:10:23,1066
APRL00001,Super Mario BOOM,17856,03/18/2024, 20:12:42,1066
APRL00001,Super Mario BOOM,17859,03/18/2024, 21:12:25,1066
APRL00001,Super Mario BOOM,17859,03/18/2024, 22:11:56,1066
APRL00001,Super Mario BOOM,17860,03/18/2024, 23:12:33,1066
APRL00001,Super Mario BOOM,17861,03/19/2024, 00:49:42,1066
APRL00001,Super Mario BOOM,17861,03/19/2024, 01:44:03,1066
APRL00001,Super Mario BOOM,17861,03/19/2024, 02:18:11,1066
APRL00001,Super Mario BOOM,17864,03/19/2024, 03:13:05,1066
APRL00001,Super Mario BOOM,17865,03/19/2024, 04:14:09,1066
APRL00001,Super Mario BOOM,17866,03/19/2024, 05:12:19,1066
APRL00001,Super Mario BOOM,17867,03/19/2024, 06:14:56,1066
APRL00001,Super Mario BOOM,17868,03/19/2024, 07:12:07,1066
APRL00001,Super Mario BOOM,17868,03/19/2024, 08:14:40,1066
APRL00001,Super Mario BOOM,17869,03/19/2024, 09:11:53,1066
APRL00001,Super Mario BOOM,17872,03/19/2024, 10:12:42,1066
APRL00001,Super Mario BOOM,17872,03/19/2024, 11:10:57,1066
APRL00001,Super Mario BOOM,17872,03/19/2024, 12:20:18,1066
APRL00001,Super Mario BOOM,17872,03/19/2024, 13:14:13,1066
APRL00001,Super Mario BOOM,17874,03/19/2024, 14:11:23,1066
APRL00001,Super Mario BOOM,17874,03/19/2024, 15:13:06,1066
APRL00001,Super Mario BOOM,17875,03/19/2024, 16:15:20,1066
APRL00001,Super Mario BOOM,17876,03/19/2024, 17:11:31,1066
APRL00001,Super Mario BOOM,17878,03/19/2024, 18:14:36,1066
APRL00001,Super Mario BOOM,17878,03/19/2024, 19:10:47,1066
APRL00001,Super Mario BOOM,17880,03/19/2024, 20:12:32,1066
APRL00001,Super Mario BOOM,17880,03/19/2024, 21:10:05,1066
APRL00001,Super Mario BOOM,17880,03/19/2024, 22:11:03,1066
APRL00001,Super Mario BOOM,17881,03/19/2024, 23:12:04,1066
APRL00001,Super Mario BOOM,17885,03/20/2024, 00:49:32,1066
APRL00001,Super Mario BOOM,17885,03/20/2024, 01:43:34,1066
APRL00001,Super Mario BOOM,17885,03/20/2024, 02:17:36,1066
APRL00001,Super Mario BOOM,17885,03/20/2024, 03:13:29,1066
APRL00001,Super Mario BOOM,17886,03/20/2024, 04:15:18,1066
APRL00001,Super Mario BOOM,17888,03/20/2024, 05:12:15,1066
APRL00001,Super Mario BOOM,17888,03/20/2024, 06:14:54,1066
APRL00001,Super Mario BOOM,17889,03/20/2024, 07:12:51,1066
APRL00001,Super Mario BOOM,17889,03/20/2024, 08:14:27,1066
APRL00001,Super Mario BOOM,17889,03/20/2024, 09:12:50,1066
APRL00001,Super Mario BOOM,17889,03/20/2024, 10:12:23,1066
APRL00001,Super Mario BOOM,17891,03/20/2024, 11:10:25,1066
APRL00001,Super Mario BOOM,17891,03/20/2024, 12:20:18,1066
APRL00001,Super Mario BOOM,17892,03/20/2024, 13:14:42,1066
APRL00001,Super Mario BOOM,17892,03/20/2024, 14:11:29,1066
APRL00001,Super Mario BOOM,17894,03/20/2024, 15:13:15,1066
APRL00001,Super Mario BOOM,17894,03/20/2024, 16:15:42,1066
APRL00001,Super Mario BOOM,17895,03/20/2024, 17:09:41,1066
APRL00001,Super Mario BOOM,17897,03/20/2024, 18:14:27,1066
APRL00001,Super Mario BOOM,17899,03/20/2024, 19:09:53,1066
APRL00001,Super Mario BOOM,17900,03/20/2024, 20:12:52,1066
APRL00001,Super Mario BOOM,17900,03/20/2024, 21:11:47,1066
APRL00001,Super Mario BOOM,17904,03/20/2024, 22:10:40,1066
APRL00001,Super Mario BOOM,17905,03/20/2024, 23:13:15,1066
APRL00001,Super Mario BOOM,17905,03/21/2024, 00:51:43,1066
APRL00001,Super Mario BOOM,17907,03/21/2024, 01:45:23,1066
APRL00001,Super Mario BOOM,17908,03/21/2024, 02:20:09,1066
APRL00001,Super Mario BOOM,17908,03/21/2024, 03:14:03,1066
APRL00001,Super Mario BOOM,17908,03/21/2024, 04:14:16,1066
APRL00001,Super Mario BOOM,17910,03/21/2024, 05:11:39,1066
APRL00001,Super Mario BOOM,17911,03/21/2024, 06:15:04,1066
APRL00001,Super Mario BOOM,17911,03/21/2024, 07:11:41,1066
APRL00001,Super Mario BOOM,17913,03/21/2024, 08:14:31,1066
APRL00001,Super Mario BOOM,17914,03/21/2024, 09:11:51,1066
APRL00001,Super Mario BOOM,17915,03/21/2024, 10:12:09,1066
APRL00001,Super Mario BOOM,17915,03/21/2024, 11:11:00,1066
APRL00001,Super Mario BOOM,17915,03/21/2024, 12:20:31,1066
APRL00001,Super Mario BOOM,17916,03/21/2024, 13:13:55,1066
APRL00001,Super Mario BOOM,17918,03/21/2024, 14:11:46,1066
APRL00001,Super Mario BOOM,17919,03/21/2024, 15:13:11,1066
APRL00001,Super Mario BOOM,17920,03/21/2024, 16:15:55,1066
APRL00001,Super Mario BOOM,17920,03/21/2024, 17:11:04,1066
APRL00001,Super Mario BOOM,17922,03/21/2024, 18:14:35,1066
APRL00001,Super Mario BOOM,17922,03/21/2024, 19:11:10,1066
APRL00001,Super Mario BOOM,17923,03/21/2024, 20:13:15,1066
APRL00001,Super Mario BOOM,17924,03/21/2024, 21:12:21,1066
APRL00001,Super Mario BOOM,17924,03/21/2024, 22:11:46,1066
APRL00001,Super Mario BOOM,17925,03/21/2024, 23:12:53,1066
APRL00001,Super Mario BOOM,17927,03/22/2024, 00:49:52,1066
APRL00001,Super Mario BOOM,17927,03/22/2024, 01:43:15,1066
APRL00001,Super Mario BOOM,17928,03/22/2024, 02:17:57,1066
APRL00001,Super Mario BOOM,17928,03/22/2024, 03:12:55,1066
APRL00001,Super Mario BOOM,17929,03/22/2024, 04:14:07,1066
APRL00001,Super Mario BOOM,17933,03/22/2024, 05:12:31,1066
APRL00001,Super Mario BOOM,17933,03/22/2024, 06:14:51,1066
APRL00001,Super Mario BOOM,17936,03/22/2024, 07:12:07,1066
APRL00001,Super Mario BOOM,17938,03/22/2024, 08:15:04,1066
APRL00001,Super Mario BOOM,17938,03/22/2024, 09:13:34,1066
APRL00001,Super Mario BOOM,17939,03/22/2024, 10:13:21,1066
APRL00001,Super Mario BOOM,17940,03/22/2024, 11:10:44,1066
APRL00001,Super Mario BOOM,17941,03/22/2024, 12:20:17,1066
APRL00001,Super Mario BOOM,17942,03/22/2024, 13:12:12,1066
APRL00001,Super Mario BOOM,17943,03/22/2024, 14:12:11,1066
APRL00001,Super Mario BOOM,17944,03/22/2024, 15:12:14,1066
APRL00001,Super Mario BOOM,17946,03/22/2024, 16:15:23,1066
APRL00001,Super Mario BOOM,17946,03/22/2024, 17:10:26,1066
APRL00001,Super Mario BOOM,17949,03/22/2024, 18:14:38,1066
APRL00001,Super Mario BOOM,17949,03/22/2024, 19:10:46,1066
APRL00001,Super Mario BOOM,17949,03/22/2024, 20:12:10,1066
APRL00001,Super Mario BOOM,17952,03/22/2024, 21:11:20,1066
APRL00001,Super Mario BOOM,17957,03/22/2024, 22:11:18,1066
APRL00001,Super Mario BOOM,17960,03/22/2024, 23:11:04,1066
APRL00001,Super Mario BOOM,17963,03/23/2024, 00:48:35,1066
APRL00001,Super Mario BOOM,17963,03/23/2024, 01:41:38,1066
APRL00001,Super Mario BOOM,17963,03/23/2024, 02:17:40,1066
APRL00001,Super Mario BOOM,17964,03/23/2024, 03:13:53,1066
APRL00001,Super Mario BOOM,17965,03/23/2024, 04:15:31,1066
APRL00001,Super Mario BOOM,17966,03/23/2024, 05:11:57,1066
APRL00001,Super Mario BOOM,17966,03/23/2024, 06:18:48,1066
APRL00001,Super Mario BOOM,17966,03/23/2024, 07:12:03,1066
APRL00001,Super Mario BOOM,17966,03/23/2024, 08:13:32,1066
APRL00001,Super Mario BOOM,17968,03/23/2024, 09:11:53,1066
APRL00001,Super Mario BOOM,17970,03/23/2024, 10:11:54,1066
APRL00001,Super Mario BOOM,17971,03/23/2024, 11:09:19,1066
APRL00001,Super Mario BOOM,17975,03/23/2024, 12:21:26,1066
APRL00001,Super Mario BOOM,17975,03/23/2024, 13:11:18,1066
APRL00001,Super Mario BOOM,17978,03/23/2024, 14:09:57,1066
APRL00001,Super Mario BOOM,17986,03/23/2024, 15:13:17,1066
APRL00001,Super Mario BOOM,17990,03/23/2024, 16:13:02,1066
APRL00001,Super Mario BOOM,17995,03/23/2024, 17:11:01,1066
APRL00001,Super Mario BOOM,17998,03/23/2024, 18:13:38,1066
APRL00001,Super Mario BOOM,18001,03/23/2024, 19:09:12,1066
APRL00001,Super Mario BOOM,18002,03/23/2024, 20:13:03,1066
APRL00001,Super Mario BOOM,18004,03/23/2024, 21:10:00,1066
APRL00001,Super Mario BOOM,18005,03/23/2024, 22:11:17,1066
APRL00001,Super Mario BOOM,18008,03/23/2024, 23:11:06,1066
APRL00001,Super Mario BOOM,18011,03/24/2024, 00:55:16,1066
APRL00001,Super Mario BOOM,18014,03/24/2024, 01:53:42,1066
APRL00001,Super Mario BOOM,18014,03/24/2024, 02:22:13,1066
APRL00001,Super Mario BOOM,18015,03/24/2024, 03:12:15,1066
APRL00001,Super Mario BOOM,18017,03/24/2024, 04:14:51,1066
APRL00001,Super Mario BOOM,18017,03/24/2024, 05:11:36,1066
APRL00001,Super Mario BOOM,18017,03/24/2024, 06:15:07,1066
APRL00001,Super Mario BOOM,18019,03/24/2024, 07:10:15,1066
APRL00001,Super Mario BOOM,18021,03/24/2024, 08:13:50,1066
APRL00001,Super Mario BOOM,18021,03/24/2024, 09:12:50,1066
APRL00001,Super Mario BOOM,18024,03/24/2024, 10:11:52,1066
APRL00001,Super Mario BOOM,18025,03/24/2024, 11:09:16,1066
APRL00001,Super Mario BOOM,18026,03/24/2024, 12:19:44,1066
APRL00001,Super Mario BOOM,18029,03/24/2024, 13:12:47,1066
APRL00001,Super Mario BOOM,18033,03/24/2024, 14:10:02,1066
APRL00001,Super Mario BOOM,18034,03/24/2024, 15:10:59,1066
APRL00001,Super Mario BOOM,18035,03/24/2024, 16:13:21,1066
APRL00001,Super Mario BOOM,18036,03/24/2024, 17:10:52,1066
APRL00001,Super Mario BOOM,18039,03/24/2024, 18:16:08,1066
APRL00001,Super Mario BOOM,18044,03/24/2024, 19:11:10,1066
APRL00001,Super Mario BOOM,18045,03/24/2024, 20:11:31,1066
APRL00001,Super Mario BOOM,18047,03/24/2024, 21:09:59,1066
APRL00001,Super Mario BOOM,18048,03/24/2024, 22:12:17,1066
APRL00001,Super Mario BOOM,18048,03/24/2024, 23:13:16,1066
APRL00001,Super Mario BOOM,18050,03/25/2024, 00:51:48,1066
APRL00001,Super Mario BOOM,18051,03/25/2024, 01:48:33,1066
APRL00001,Super Mario BOOM,18051,03/25/2024, 02:20:51,1066
APRL00001,Super Mario BOOM,18051,03/25/2024, 03:14:37,1066
APRL00001,Super Mario BOOM,18052,03/25/2024, 04:14:53,1066
APRL00001,Super Mario BOOM,18052,03/25/2024, 05:13:03,1066
APRL00001,Super Mario BOOM,18052,03/25/2024, 06:15:46,1066
APRL00001,Super Mario BOOM,18053,03/25/2024, 07:11:45,1066
APRL00001,Super Mario BOOM,18054,03/25/2024, 08:16:28,1066
APRL00001,Super Mario BOOM,18054,03/25/2024, 09:12:05,1066
APRL00001,Super Mario BOOM,18055,03/25/2024, 10:13:11,1066
APRL00001,Super Mario BOOM,18056,03/25/2024, 11:11:31,1066
APRL00001,Super Mario BOOM,18058,03/25/2024, 12:20:07,1066
APRL00001,Super Mario BOOM,18058,03/25/2024, 13:13:08,1066
APRL00001,Super Mario BOOM,18059,03/25/2024, 14:11:28,1066
APRL00001,Super Mario BOOM,18060,03/25/2024, 15:13:12,1066
APRL00001,Super Mario BOOM,18062,03/25/2024, 16:15:01,1066
APRL00001,Super Mario BOOM,18064,03/25/2024, 17:11:44,1066
APRL00001,Super Mario BOOM,18066,03/25/2024, 18:15:25,1066
APRL00001,Super Mario BOOM,18067,03/25/2024, 19:10:27,1066
APRL00001,Super Mario BOOM,18068,03/25/2024, 20:12:38,1066
APRL00001,Super Mario BOOM,18069,03/25/2024, 21:11:10,1066
APRL00001,Super Mario BOOM,18071,03/25/2024, 22:11:58,1066
APRL00001,Super Mario BOOM,18072,03/25/2024, 23:12:22,1066
APRL00001,Super Mario BOOM,18072,03/26/2024, 00:50:11,1066
APRL00001,Super Mario BOOM,18074,03/26/2024, 01:44:09,1066
APRL00001,Super Mario BOOM,18075,03/26/2024, 02:17:50,1066
APRL00001,Super Mario BOOM,18076,03/26/2024, 03:12:22,1066
APRL00001,Super Mario BOOM,18077,03/26/2024, 04:13:52,1066
APRL00001,Super Mario BOOM,18078,03/26/2024, 05:11:45,1066
APRL00001,Super Mario BOOM,18079,03/26/2024, 06:15:41,1066
APRL00001,Super Mario BOOM,18079,03/26/2024, 07:10:57,1066
APRL00001,Super Mario BOOM,18081,03/26/2024, 08:14:27,1066
APRL00001,Super Mario BOOM,18081,03/26/2024, 09:12:43,1066
APRL00001,Super Mario BOOM,18082,03/26/2024, 10:13:42,1066
APRL00001,Super Mario BOOM,18085,03/26/2024, 11:11:17,1066
APRL00001,Super Mario BOOM,18087,03/26/2024, 12:21:04,1066
APRL00001,Super Mario BOOM,18088,03/26/2024, 13:12:53,1066
APRL00001,Super Mario BOOM,18089,03/26/2024, 14:12:00,1066
APRL00001,Super Mario BOOM,18091,03/26/2024, 15:11:56,1066
APRL00001,Super Mario BOOM,18092,03/26/2024, 16:14:43,1066
APRL00001,Super Mario BOOM,18093,03/26/2024, 17:10:59,1066
APRL00001,Super Mario BOOM,18093,03/26/2024, 18:14:38,1066
APRL00001,Super Mario BOOM,18093,03/26/2024, 19:10:33,1066
APRL00001,Super Mario BOOM,18094,03/26/2024, 20:12:49,1066
APRL00001,Super Mario BOOM,18095,03/26/2024, 21:12:00,1066
APRL00001,Super Mario BOOM,18095,03/26/2024, 22:11:49,1066
APRL00001,Super Mario BOOM,18096,03/26/2024, 23:13:12,1066
APRL00001,Super Mario BOOM,18097,03/27/2024, 00:49:54,1066
APRL00001,Super Mario BOOM,18098,03/27/2024, 01:44:33,1066
APRL00001,Super Mario BOOM,18098,03/27/2024, 02:18:10,1066
APRL00001,Super Mario BOOM,18099,03/27/2024, 03:13:48,1066
APRL00001,Super Mario BOOM,18099,03/27/2024, 04:16:02,1066
APRL00001,Super Mario BOOM,18099,03/27/2024, 05:13:06,1066
APRL00001,Super Mario BOOM,18101,03/27/2024, 06:15:08,1066
APRL00001,Super Mario BOOM,18101,03/27/2024, 07:11:21,1066
APRL00001,Super Mario BOOM,18102,03/27/2024, 08:15:42,1066
APRL00001,Super Mario BOOM,18103,03/27/2024, 09:13:47,1066
APRL00001,Super Mario BOOM,18105,03/27/2024, 10:12:54,1066
APRL00001,Super Mario BOOM,18105,03/27/2024, 11:10:13,1066
APRL00001,Super Mario BOOM,18106,03/27/2024, 12:21:48,1066
APRL00001,Super Mario BOOM,18106,03/27/2024, 13:12:29,1066
APRL00001,Super Mario BOOM,18107,03/27/2024, 14:12:15,1066
APRL00001,Super Mario BOOM,18108,03/27/2024, 15:13:14,1066
APRL00001,Super Mario BOOM,18111,03/27/2024, 16:15:26,1066
APRL00001,Super Mario BOOM,18116,03/27/2024, 17:10:27,1066
APRL00001,Super Mario BOOM,18119,03/27/2024, 18:15:33,1066
APRL00001,Super Mario BOOM,18119,03/27/2024, 19:09:56,1066
APRL00001,Super Mario BOOM,18119,03/27/2024, 20:13:02,1066
APRL00001,Super Mario BOOM,18119,03/27/2024, 21:10:37,1066
APRL00001,Super Mario BOOM,18123,03/27/2024, 22:12:49,1066
APRL00001,Super Mario BOOM,18124,03/27/2024, 23:11:32,1066
APRL00001,Super Mario BOOM,18125,03/28/2024, 00:50:40,1066
APRL00001,Super Mario BOOM,18127,03/28/2024, 01:44:32,1066
APRL00001,Super Mario BOOM,18128,03/28/2024, 02:21:54,1066
APRL00001,Super Mario BOOM,18131,03/28/2024, 03:12:28,1066
APRL00001,Super Mario BOOM,18132,03/28/2024, 04:13:39,1066
APRL00001,Super Mario BOOM,18132,03/28/2024, 05:13:42,1066
APRL00001,Super Mario BOOM,18134,03/28/2024, 06:15:21,1066
APRL00001,Super Mario BOOM,18134,03/28/2024, 07:11:05,1066
APRL00001,Super Mario BOOM,18135,03/28/2024, 08:14:42,1066
APRL00001,Super Mario BOOM,18135,03/28/2024, 09:12:54,1066
APRL00001,Super Mario BOOM,18135,03/28/2024, 10:12:36,1066
APRL00001,Super Mario BOOM,18135,03/28/2024, 11:10:53,1066
APRL00001,Super Mario BOOM,18135,03/28/2024, 12:21:19,1066
APRL00001,Super Mario BOOM,18137,03/28/2024, 13:12:50,1066
APRL00001,Super Mario BOOM,18140,03/28/2024, 14:12:29,1066
APRL00001,Super Mario BOOM,18143,03/28/2024, 15:13:03,1066
APRL00001,Super Mario BOOM,18145,03/28/2024, 16:14:18,1066
APRL00001,Super Mario BOOM,18147,03/28/2024, 17:12:38,1066
APRL00001,Super Mario BOOM,18149,03/28/2024, 18:14:42,1066
APRL00001,Super Mario BOOM,18149,03/28/2024, 19:09:06,1066
APRL00001,Super Mario BOOM,18151,03/28/2024, 20:13:21,1066
APRL00001,Super Mario BOOM,18154,03/28/2024, 21:11:55,1066
APRL00001,Super Mario BOOM,18154,03/28/2024, 22:11:33,1066
APRL00001,Super Mario BOOM,18155,03/28/2024, 23:12:13,1066
APRL00001,Super Mario BOOM,18158,03/29/2024, 00:50:45,1066
APRL00001,Super Mario BOOM,18158,03/29/2024, 01:44:02,1066
APRL00001,Super Mario BOOM,18158,03/29/2024, 02:18:03,1066
APRL00001,Super Mario BOOM,18161,03/29/2024, 03:12:29,1066
APRL00001,Super Mario BOOM,18161,03/29/2024, 04:15:08,1066
APRL00001,Super Mario BOOM,18162,03/29/2024, 05:12:34,1066
APRL00001,Super Mario BOOM,18162,03/29/2024, 06:14:54,1066
APRL00001,Super Mario BOOM,18163,03/29/2024, 07:12:51,1066
APRL00001,Super Mario BOOM,18166,03/29/2024, 08:14:49,1066
APRL00001,Super Mario BOOM,18166,03/29/2024, 09:11:35,1066
APRL00001,Super Mario BOOM,18166,03/29/2024, 10:12:56,1066
APRL00001,Super Mario BOOM,18167,03/29/2024, 11:11:48,1066
APRL00001,Super Mario BOOM,18171,03/29/2024, 12:21:11,1066
APRL00001,Super Mario BOOM,18172,03/29/2024, 13:12:43,1066
APRL00001,Super Mario BOOM,18172,03/29/2024, 14:10:48,1066
APRL00001,Super Mario BOOM,18174,03/29/2024, 15:11:51,1066
APRL00001,Super Mario BOOM,18176,03/29/2024, 16:13:30,1066
APRL00001,Super Mario BOOM,18177,03/29/2024, 17:11:09,1066
APRL00001,Super Mario BOOM,18181,03/29/2024, 18:14:28,1066
APRL00001,Super Mario BOOM,18183,03/29/2024, 19:10:20,1066
APRL00001,Super Mario BOOM,18185,03/29/2024, 20:13:00,1066
APRL00001,Super Mario BOOM,18187,03/29/2024, 21:11:18,1066
APRL00001,Super Mario BOOM,18190,03/29/2024, 22:11:34,1066
APRL00001,Super Mario BOOM,18190,03/29/2024, 23:11:24,1066
APRL00001,Super Mario BOOM,18191,03/30/2024, 00:48:25,1066
APRL00001,Super Mario BOOM,18192,03/30/2024, 01:41:05,1066
APRL00001,Super Mario BOOM,18192,03/30/2024, 02:15:41,1066
APRL00001,Super Mario BOOM,18192,03/30/2024, 03:15:45,1066
APRL00001,Super Mario BOOM,18196,03/30/2024, 04:13:23,1066
APRL00001,Super Mario BOOM,18197,03/30/2024, 05:12:33,1066
APRL00001,Super Mario BOOM,18197,03/30/2024, 06:14:23,1066
APRL00001,Super Mario BOOM,18198,03/30/2024, 07:11:34,1066
APRL00001,Super Mario BOOM,18200,03/30/2024, 08:15:10,1066
APRL00001,Super Mario BOOM,18200,03/30/2024, 09:10:45,1066
APRL00001,Super Mario BOOM,18201,03/30/2024, 10:12:21,1066
APRL00001,Super Mario BOOM,18202,03/30/2024, 11:10:35,1066
APRL00001,Super Mario BOOM,18203,03/30/2024, 12:18:46,1066
APRL00001,Super Mario BOOM,18204,03/30/2024, 13:13:29,1066
APRL00001,Super Mario BOOM,18204,03/30/2024, 14:09:47,1066
APRL00001,Super Mario BOOM,18206,03/30/2024, 15:12:32,1066
APRL00001,Super Mario BOOM,18207,03/30/2024, 16:14:20,1066
APRL00001,Super Mario BOOM,18208,03/30/2024, 17:09:39,1066
APRL00001,Super Mario BOOM,18209,03/30/2024, 18:15:26,1066
APRL00001,Super Mario BOOM,18211,03/30/2024, 19:10:06,1066
APRL00001,Super Mario BOOM,18214,03/30/2024, 20:11:23,1066
APRL00001,Super Mario BOOM,18215,03/30/2024, 21:10:12,1066
APRL00001,Super Mario BOOM,18215,03/30/2024, 22:11:41,1066
APRL00001,Super Mario BOOM,18217,03/30/2024, 23:10:50,1066
APRL00001,Super Mario BOOM,18222,03/31/2024, 00:55:34,1066
APRL00001,Super Mario BOOM,18223,03/31/2024, 01:53:37,1066
APRL00001,Super Mario BOOM,18223,03/31/2024, 02:22:01,1066
APRL00001,Super Mario BOOM,18224,03/31/2024, 03:13:05,1066
APRL00001,Super Mario BOOM,18225,03/31/2024, 04:15:25,1066
APRL00001,Super Mario BOOM,18226,03/31/2024, 05:11:55,1066
APRL00001,Super Mario BOOM,18227,03/31/2024, 06:14:13,1066
APRL00001,Super Mario BOOM,18228,03/31/2024, 07:11:47,1066
APRL00001,Super Mario BOOM,18230,03/31/2024, 08:14:51,1066
APRL00001,Super Mario BOOM,18232,03/31/2024, 09:11:51,1066
APRL00001,Super Mario BOOM,18234,03/31/2024, 10:12:19,1066
APRL00001,Super Mario BOOM,18234,03/31/2024, 11:10:24,1066
APRL00001,Super Mario BOOM,18235,03/31/2024, 12:19:22,1066
APRL00001,Super Mario BOOM,18236,03/31/2024, 13:13:23,1066
APRL00001,Super Mario BOOM,18238,03/31/2024, 14:09:52,1066
APRL00001,Super Mario BOOM,18241,03/31/2024, 15:10:57,1066
APRL00001,Super Mario BOOM,18241,03/31/2024, 16:13:04,1066
APRL00001,Super Mario BOOM,18241,03/31/2024, 17:11:00,1066
APRL00001,Super Mario BOOM,18241,03/31/2024, 18:13:38,1066
APRL00001,Super Mario BOOM,18241,03/31/2024, 19:10:20,1066
APRL00001,Super Mario BOOM,18245,03/31/2024, 20:12:47,1066
APRL00001,Super Mario BOOM,18246,03/31/2024, 21:10:08,1066
APRL00001,Super Mario BOOM,18248,03/31/2024, 22:11:16,1066
APRL00001,Super Mario BOOM,18249,03/31/2024, 23:11:27,1066
APRL00001,Super Mario BOOM,18251,04/01/2024, 00:55:38,1066
APRL00001,Super Mario BOOM,18252,04/01/2024, 01:57:48,1066
APRL00001,Super Mario BOOM,18252,04/01/2024, 02:27:57,1066
APRL00001,Super Mario BOOM,18253,04/01/2024, 03:12:58,1066
APRL00001,Super Mario BOOM,18254,04/01/2024, 04:14:39,1066
APRL00001,Super Mario BOOM,18254,04/01/2024, 05:12:48,1066
APRL00001,Super Mario BOOM,18254,04/01/2024, 06:15:49,1066
APRL00001,Super Mario BOOM,18255,04/01/2024, 07:11:30,1066
APRL00001,Super Mario BOOM,18256,04/01/2024, 08:16:55,1066
APRL00001,Super Mario BOOM,18256,04/01/2024, 09:13:57,1066
APRL00001,Super Mario BOOM,18257,04/01/2024, 10:13:45,1066
APRL00001,Super Mario BOOM,18257,04/01/2024, 11:12:07,1066
APRL00001,Super Mario BOOM,18260,04/01/2024, 12:21:52,1066
APRL00001,Super Mario BOOM,18261,04/01/2024, 13:12:34,1066
APRL00001,Super Mario BOOM,18261,04/01/2024, 14:11:32,1066
APRL00001,Super Mario BOOM,18262,04/01/2024, 15:12:11,1066
APRL00001,Super Mario BOOM,18262,04/01/2024, 16:15:39,1066
APRL00001,Super Mario BOOM,18264,04/01/2024, 17:13:07,1066
APRL00001,Super Mario BOOM,18264,04/01/2024, 18:14:36,1066
APRL00001,Super Mario BOOM,18264,04/01/2024, 19:09:38,1066
APRL00001,Super Mario BOOM,18265,04/01/2024, 20:13:13,1066
APRL00001,Super Mario BOOM,18268,04/01/2024, 21:11:32,1066
APRL00001,Super Mario BOOM,18269,04/01/2024, 22:11:57,1066
APRL00001,Super Mario BOOM,18269,04/01/2024, 23:13:33,1066
APRL00001,Super Mario BOOM,18270,04/02/2024, 00:53:03,1066
APRL00001,Super Mario BOOM,18271,04/02/2024, 01:52:40,1066
APRL00001,Super Mario BOOM,18274,04/02/2024, 02:21:48,1066
APRL00001,Super Mario BOOM,18274,04/02/2024, 03:14:37,1066
APRL00001,Super Mario BOOM,18276,04/02/2024, 04:14:16,1066
APRL00001,Super Mario BOOM,18276,04/02/2024, 05:11:22,1066
APRL00001,Super Mario BOOM,18277,04/02/2024, 06:15:34,1066
APRL00001,Super Mario BOOM,18278,04/02/2024, 07:13:42,1066
APRL00001,Super Mario BOOM,18279,04/02/2024, 08:15:22,1066
APRL00001,Super Mario BOOM,18279,04/02/2024, 09:12:57,1066
APRL00001,Super Mario BOOM,18279,04/02/2024, 10:13:32,1066
APRL00001,Super Mario BOOM,18280,04/02/2024, 11:10:56,1066
APRL00001,Super Mario BOOM,18280,04/02/2024, 12:20:57,1066
APRL00001,Super Mario BOOM,18284,04/02/2024, 13:13:02,1066
APRL00001,Super Mario BOOM,18285,04/02/2024, 14:11:14,1066
APRL00001,Super Mario BOOM,18285,04/02/2024, 15:11:46,1066
APRL00001,Super Mario BOOM,18286,04/02/2024, 16:15:01,1066
APRL00001,Super Mario BOOM,18288,04/02/2024, 17:13:17,1066
APRL00001,Super Mario BOOM,18289,04/02/2024, 18:14:37,1066
APRL00001,Super Mario BOOM,18290,04/02/2024, 19:10:07,1066
APRL00001,Super Mario BOOM,18291,04/02/2024, 20:11:56,1066
APRL00001,Super Mario BOOM,18291,04/02/2024, 21:11:06,1066
APRL00001,Super Mario BOOM,18294,04/02/2024, 22:13:44,1066
APRL00001,Super Mario BOOM,18295,04/02/2024, 23:13:15,1066
APRL00001,Super Mario BOOM,18298,04/03/2024, 00:50:06,1066
APRL00001,Super Mario BOOM,18301,04/03/2024, 01:46:30,1066
APRL00001,Super Mario BOOM,18301,04/03/2024, 02:19:56,1066
APRL00001,Super Mario BOOM,18303,04/03/2024, 03:13:43,1066
APRL00001,Super Mario BOOM,18303,04/03/2024, 04:14:54,1066
APRL00001,Super Mario BOOM,18305,04/03/2024, 05:12:27,1066
APRL00001,Super Mario BOOM,18306,04/03/2024, 06:15:07,1066
APRL00001,Super Mario BOOM,18306,04/03/2024, 07:11:40,1066
APRL00001,Super Mario BOOM,18306,04/03/2024, 08:15:32,1066
APRL00001,Super Mario BOOM,18306,04/03/2024, 09:12:44,1066
APRL00001,Super Mario BOOM,18308,04/03/2024, 10:13:16,1066
APRL00001,Super Mario BOOM,18308,04/03/2024, 11:10:21,1066
APRL00001,Super Mario BOOM,18308,04/03/2024, 12:20:29,1066
APRL00001,Super Mario BOOM,18308,04/03/2024, 13:14:22,1066
APRL00001,Super Mario BOOM,18309,04/03/2024, 14:11:32,1066
APRL00001,Super Mario BOOM,18310,04/03/2024, 15:11:58,1066
APRL00001,Super Mario BOOM,18312,04/03/2024, 16:13:58,1066
APRL00001,Super Mario BOOM,18313,04/03/2024, 17:10:53,1066
APRL00001,Super Mario BOOM,18315,04/03/2024, 18:15:02,1066
APRL00001,Super Mario BOOM,18315,04/03/2024, 19:11:42,1066
APRL00001,Super Mario BOOM,18316,04/03/2024, 20:13:58,1066
APRL00001,Super Mario BOOM,18319,04/03/2024, 21:11:44,1066
APRL00001,Super Mario BOOM,18322,04/03/2024, 22:10:48,1066
APRL00001,Super Mario BOOM,18323,04/03/2024, 23:11:44,1066
APRL00001,Super Mario BOOM,18323,04/04/2024, 00:52:21,1066
APRL00001,Super Mario BOOM,18323,04/04/2024, 01:48:26,1066
APRL00001,Super Mario BOOM,18323,04/04/2024, 02:21:53,1066
APRL00001,Super Mario BOOM,18324,04/04/2024, 03:14:19,1066
APRL00001,Super Mario BOOM,18327,04/04/2024, 04:15:42,1066
APRL00001,Super Mario BOOM,18328,04/04/2024, 05:14:17,1066
APRL00001,Super Mario BOOM,18329,04/04/2024, 06:15:06,1066
APRL00001,Super Mario BOOM,18330,04/04/2024, 07:11:47,1066
APRL00001,Super Mario BOOM,18331,04/04/2024, 08:15:39,1066
APRL00001,Super Mario BOOM,18331,04/04/2024, 09:12:27,1066
APRL00001,Super Mario BOOM,18331,04/04/2024, 10:12:37,1066
APRL00001,Super Mario BOOM,18331,04/04/2024, 11:10:04,1066
APRL00001,Super Mario BOOM,18331,04/04/2024, 12:20:51,1066
APRL00001,Super Mario BOOM,18332,04/04/2024, 13:12:32,1066
APRL00001,Super Mario BOOM,18334,04/04/2024, 14:12:59,1066
APRL00001,Super Mario BOOM,18334,04/04/2024, 15:12:17,1066
APRL00001,Super Mario BOOM,18334,04/04/2024, 16:14:42,1066
APRL00001,Super Mario BOOM,18334,04/04/2024, 17:10:27,1066
APRL00001,Super Mario BOOM,18334,04/04/2024, 18:15:16,1066
APRL00001,Super Mario BOOM,18334,04/04/2024, 19:11:01,1066
APRL00001,Super Mario BOOM,18338,04/04/2024, 20:13:01,1066
APRL00001,Super Mario BOOM,18338,04/04/2024, 21:11:01,1066
APRL00001,Super Mario BOOM,18341,04/04/2024, 22:11:00,1066
APRL00001,Super Mario BOOM,18343,04/04/2024, 23:12:38,1066
APRL00001,Super Mario BOOM,18344,04/05/2024, 00:51:20,1066
APRL00001,Super Mario BOOM,18344,04/05/2024, 01:45:48,1066
APRL00001,Super Mario BOOM,18345,04/05/2024, 02:19:19,1066
APRL00001,Super Mario BOOM,18345,04/05/2024, 03:14:11,1066
APRL00001,Super Mario BOOM,18345,04/05/2024, 04:16:50,1066
APRL00001,Super Mario BOOM,18345,04/05/2024, 05:11:48,1066
APRL00001,Super Mario BOOM,18346,04/05/2024, 06:15:33,1066
APRL00001,Super Mario BOOM,18346,04/05/2024, 07:11:33,1066
APRL00001,Super Mario BOOM,18349,04/05/2024, 08:14:47,1066
APRL00001,Super Mario BOOM,18349,04/05/2024, 09:11:55,1066
APRL00001,Super Mario BOOM,18350,04/05/2024, 10:13:49,1066
APRL00001,Super Mario BOOM,18350,04/05/2024, 11:10:35,1066
APRL00001,Super Mario BOOM,18350,04/05/2024, 12:19:58,1066
APRL00001,Super Mario BOOM,18352,04/05/2024, 13:13:31,1066
APRL00001,Super Mario BOOM,18352,04/05/2024, 14:13:13,1066
APRL00001,Super Mario BOOM,18354,04/05/2024, 15:16:51,1066
APRL00001,Super Mario BOOM,18355,04/05/2024, 16:16:03,1066
APRL00001,Super Mario BOOM,18358,04/05/2024, 17:10:30,1066
APRL00001,Super Mario BOOM,18360,04/05/2024, 18:14:43,1066
APRL00001,Super Mario BOOM,18361,04/05/2024, 19:11:22,1066
APRL00001,Super Mario BOOM,18363,04/05/2024, 20:12:51,1066
APRL00001,Super Mario BOOM,18365,04/05/2024, 21:11:35,1066
APRL00001,Super Mario BOOM,18365,04/05/2024, 22:11:45,1066
APRL00001,Super Mario BOOM,18365,04/05/2024, 23:13:09,1066
APRL00001,Super Mario BOOM,18367,04/06/2024, 00:49:18,1066
APRL00001,Super Mario BOOM,18368,04/06/2024, 01:42:59,1066
APRL00001,Super Mario BOOM,18369,04/06/2024, 02:17:52,1066
APRL00001,Super Mario BOOM,18371,04/06/2024, 03:13:21,1066
APRL00001,Super Mario BOOM,18372,04/06/2024, 04:15:12,1066
APRL00001,Super Mario BOOM,18373,04/06/2024, 05:12:11,1066
APRL00001,Super Mario BOOM,18373,04/06/2024, 06:14:51,1066
APRL00001,Super Mario BOOM,18374,04/06/2024, 07:11:18,1066
APRL00001,Super Mario BOOM,18375,04/06/2024, 08:14:37,1066
APRL00001,Super Mario BOOM,18377,04/06/2024, 09:12:05,1066
APRL00001,Super Mario BOOM,18377,04/06/2024, 10:12:14,1066
APRL00001,Super Mario BOOM,18379,04/06/2024, 11:09:41,1066
APRL00001,Super Mario BOOM,18380,04/06/2024, 12:20:11,1066
APRL00001,Super Mario BOOM,18383,04/06/2024, 13:13:25,1066
APRL00001,Super Mario BOOM,18384,04/06/2024, 14:09:53,1066
APRL00001,Super Mario BOOM,18384,04/06/2024, 15:11:35,1066
APRL00001,Super Mario BOOM,18385,04/06/2024, 16:14:25,1066
APRL00001,Super Mario BOOM,18387,04/06/2024, 17:11:47,1066
APRL00001,Super Mario BOOM,18393,04/06/2024, 18:14:08,1066
APRL00001,Super Mario BOOM,18394,04/06/2024, 19:09:28,1066
APRL00001,Super Mario BOOM,18395,04/06/2024, 20:13:24,1066
APRL00001,Super Mario BOOM,18395,04/06/2024, 21:11:18,1066
APRL00001,Super Mario BOOM,18397,04/06/2024, 22:10:29,1066
APRL00001,Super Mario BOOM,18398,04/06/2024, 23:11:53,1066
APRL00001,Super Mario BOOM,18405,04/07/2024, 00:55:38,1066
APRL00001,Super Mario BOOM,18407,04/07/2024, 01:53:49,1066
APRL00001,Super Mario BOOM,18408,04/07/2024, 02:22:51,1066
APRL00001,Super Mario BOOM,18411,04/07/2024, 03:13:00,1066
APRL00001,Super Mario BOOM,18412,04/07/2024, 04:16:09,1066
APRL00001,Super Mario BOOM,18412,04/07/2024, 05:13:33,1066
APRL00001,Super Mario BOOM,18413,04/07/2024, 06:14:13,1066
APRL00001,Super Mario BOOM,18415,04/07/2024, 07:10:33,1066
APRL00001,Super Mario BOOM,18416,04/07/2024, 08:16:02,1066
APRL00001,Super Mario BOOM,18417,04/07/2024, 09:12:10,1066
APRL00001,Super Mario BOOM,18418,04/07/2024, 10:11:22,1066
APRL00001,Super Mario BOOM,18418,04/07/2024, 11:10:56,1066
APRL00001,Super Mario BOOM,18418,04/07/2024, 12:19:03,1066
APRL00001,Super Mario BOOM,18418,04/07/2024, 13:14:07,1066
APRL00001,Super Mario BOOM,18418,04/07/2024, 14:11:10,1066
APRL00001,Super Mario BOOM,18419,04/07/2024, 15:12:12,1066
APRL00001,Super Mario BOOM,18419,04/07/2024, 16:13:09,1066
APRL00001,Super Mario BOOM,18419,04/07/2024, 17:10:54,1066
APRL00001,Super Mario BOOM,18421,04/07/2024, 18:13:57,1066
APRL00001,Super Mario BOOM,18422,04/07/2024, 19:09:31,1066
APRL00001,Super Mario BOOM,18423,04/07/2024, 20:11:44,1066
APRL00001,Super Mario BOOM,18425,04/07/2024, 21:11:27,1066
APRL00001,Super Mario BOOM,18426,04/07/2024, 22:10:49,1066
APRL00001,Super Mario BOOM,18428,04/07/2024, 23:12:11,1066
APRL00001,Super Mario BOOM,18431,04/08/2024, 00:52:10,1066
APRL00001,Super Mario BOOM,18432,04/08/2024, 01:49:45,1066
APRL00001,Super Mario BOOM,18434,04/08/2024, 02:21:53,1066
APRL00001,Super Mario BOOM,18435,04/08/2024, 03:13:36,1066
APRL00001,Super Mario BOOM,18435,04/08/2024, 04:14:51,1066
APRL00001,Super Mario BOOM,18435,04/08/2024, 05:12:09,1066
APRL00001,Super Mario BOOM,18435,04/08/2024, 06:16:11,1066
APRL00001,Super Mario BOOM,18435,04/08/2024, 07:13:17,1066
APRL00001,Super Mario BOOM,18437,04/08/2024, 08:15:32,1066
APRL00001,Super Mario BOOM,18437,04/08/2024, 09:13:42,1066
APRL00001,Super Mario BOOM,18437,04/08/2024, 10:14:54,1066
APRL00001,Super Mario BOOM,18439,04/08/2024, 11:10:55,1066
APRL00001,Super Mario BOOM,18439,04/08/2024, 12:20:39,1066
APRL00001,Super Mario BOOM,18440,04/08/2024, 13:12:53,1066
APRL00001,Super Mario BOOM,18440,04/08/2024, 14:12:22,1066
APRL00001,Super Mario BOOM,18441,04/08/2024, 15:11:38,1066
APRL00001,Super Mario BOOM,18443,04/08/2024, 16:16:54,1066
APRL00001,Super Mario BOOM,18445,04/08/2024, 17:12:38,1066
APRL00001,Super Mario BOOM,18447,04/08/2024, 18:15:37,1066
APRL00001,Super Mario BOOM,18449,04/08/2024, 19:10:31,1066
APRL00001,Super Mario BOOM,18450,04/08/2024, 20:15:04,1066
APRL00001,Super Mario BOOM,18451,04/08/2024, 21:10:52,1066
APRL00001,Super Mario BOOM,18451,04/08/2024, 22:13:05,1066
APRL00001,Super Mario BOOM,18452,04/08/2024, 23:12:17,1066
APRL00001,Super Mario BOOM,18452,04/09/2024, 00:51:01,1066
APRL00001,Super Mario BOOM,18454,04/09/2024, 01:46:33,1066
APRL00001,Super Mario BOOM,18455,04/09/2024, 02:20:05,1066
APRL00001,Super Mario BOOM,18456,04/09/2024, 03:14:41,1066
APRL00001,Super Mario BOOM,18457,04/09/2024, 04:15:47,1066
APRL00001,Super Mario BOOM,18459,04/09/2024, 05:11:45,1066
APRL00001,Super Mario BOOM,18459,04/09/2024, 06:15:40,1066
APRL00001,Super Mario BOOM,18459,04/09/2024, 07:13:19,1066
APRL00001,Super Mario BOOM,18460,04/09/2024, 08:14:58,1066
APRL00001,Super Mario BOOM,18461,04/09/2024, 09:12:42,1066
APRL00001,Super Mario BOOM,18463,04/09/2024, 10:15:00,1066
APRL00001,Super Mario BOOM,18465,04/09/2024, 11:10:17,1066
APRL00001,Super Mario BOOM,18466,04/09/2024, 12:21:15,1066
APRL00001,Super Mario BOOM,18466,04/09/2024, 13:12:32,1066
APRL00001,Super Mario BOOM,18466,04/09/2024, 14:11:33,1066
APRL00001,Super Mario BOOM,18466,04/09/2024, 15:12:12,1066
APRL00001,Super Mario BOOM,18468,04/09/2024, 16:13:46,1066
APRL00001,Super Mario BOOM,18468,04/09/2024, 17:11:22,1066
APRL00001,Super Mario BOOM,18468,04/09/2024, 18:14:25,1066
APRL00001,Super Mario BOOM,18468,04/09/2024, 19:09:14,1066
APRL00001,Super Mario BOOM,18469,04/09/2024, 20:11:50,1066
APRL00001,Super Mario BOOM,18470,04/09/2024, 21:12:17,1066
APRL00001,Super Mario BOOM,18470,04/09/2024, 22:10:51,1066
APRL00001,Super Mario BOOM,18470,04/09/2024, 23:12:35,1066
APRL00001,Super Mario BOOM,18471,04/10/2024, 00:50:55,1066
APRL00001,Super Mario BOOM,18473,04/10/2024, 01:46:07,1066
APRL00001,Super Mario BOOM,18474,04/10/2024, 02:20:18,1066
APRL00001,Super Mario BOOM,18475,04/10/2024, 03:14:14,1066
APRL00001,Super Mario BOOM,18475,04/10/2024, 04:14:08,1066
APRL00001,Super Mario BOOM,18477,04/10/2024, 05:11:36,1066
APRL00001,Super Mario BOOM,18480,04/10/2024, 06:15:58,1066
APRL00001,Super Mario BOOM,18480,04/10/2024, 07:13:06,1066
APRL00001,Super Mario BOOM,18482,04/10/2024, 08:17:24,1066
APRL00001,Super Mario BOOM,18483,04/10/2024, 09:14:03,1066
APRL00001,Super Mario BOOM,18487,04/10/2024, 10:12:25,1066
APRL00001,Super Mario BOOM,18487,04/10/2024, 11:13:03,1066
APRL00001,Super Mario BOOM,18488,04/10/2024, 12:20:40,1066
APRL00001,Super Mario BOOM,18489,04/10/2024, 13:13:21,1066
APRL00001,Super Mario BOOM,18491,04/10/2024, 14:11:14,1066
APRL00001,Super Mario BOOM,18493,04/10/2024, 15:12:25,1066
APRL00001,Super Mario BOOM,18494,04/10/2024, 16:16:50,1066
APRL00001,Super Mario BOOM,18496,04/10/2024, 17:10:46,1066
APRL00001,Super Mario BOOM,18497,04/10/2024, 18:16:18,1066
APRL00001,Super Mario BOOM,18497,04/10/2024, 19:11:17,1066
APRL00001,Super Mario BOOM,18500,04/10/2024, 20:13:10,1066
APRL00001,Super Mario BOOM,18502,04/10/2024, 21:11:44,1066
APRL00001,Super Mario BOOM,18503,04/10/2024, 22:13:37,1066
APRL00001,Super Mario BOOM,18503,04/10/2024, 23:12:57,1066
APRL00001,Super Mario BOOM,18507,04/11/2024, 00:51:39,1066
APRL00001,Super Mario BOOM,18507,04/11/2024, 01:49:37,1066
APRL00001,Super Mario BOOM,18508,04/11/2024, 02:21:43,1066
APRL00001,Super Mario BOOM,18509,04/11/2024, 03:12:39,1066
APRL00001,Super Mario BOOM,18509,04/11/2024, 04:13:51,1066
APRL00001,Super Mario BOOM,18510,04/11/2024, 05:12:19,1066
APRL00001,Super Mario BOOM,18510,04/11/2024, 06:15:29,1066
APRL00001,Super Mario BOOM,18511,04/11/2024, 07:12:49,1066
APRL00001,Super Mario BOOM,18512,04/11/2024, 08:15:08,1066
APRL00001,Super Mario BOOM,18512,04/11/2024, 09:12:54,1066
APRL00001,Super Mario BOOM,18513,04/11/2024, 10:13:29,1066
APRL00001,Super Mario BOOM,18513,04/11/2024, 11:11:25,1066
APRL00001,Super Mario BOOM,18515,04/11/2024, 12:20:44,1066
APRL00001,Super Mario BOOM,18516,04/11/2024, 13:12:43,1066
APRL00001,Super Mario BOOM,18516,04/11/2024, 14:11:19,1066
APRL00001,Super Mario BOOM,18517,04/11/2024, 15:12:40,1066
APRL00001,Super Mario BOOM,18517,04/11/2024, 16:12:51,1066
APRL00001,Super Mario BOOM,18520,04/11/2024, 17:12:16,1066
APRL00001,Super Mario BOOM,18521,04/11/2024, 18:14:30,1066
APRL00001,Super Mario BOOM,18524,04/11/2024, 19:10:09,1066
APRL00001,Super Mario BOOM,18525,04/11/2024, 20:12:10,1066
APRL00001,Super Mario BOOM,18525,04/11/2024, 21:11:45,1066
APRL00001,Super Mario BOOM,18526,04/11/2024, 22:11:19,1066
APRL00001,Super Mario BOOM,18527,04/11/2024, 23:13:18,1066
APRL00001,Super Mario BOOM,18529,04/12/2024, 00:51:40,1066
APRL00001,Super Mario BOOM,18532,04/12/2024, 01:47:46,1066
APRL00001,Super Mario BOOM,18533,04/12/2024, 02:23:25,1066
APRL00001,Super Mario BOOM,18533,04/12/2024, 03:13:39,1066
APRL00001,Super Mario BOOM,18534,04/12/2024, 04:14:10,1066
APRL00001,Super Mario BOOM,18534,04/12/2024, 05:12:39,1066
APRL00001,Super Mario BOOM,18536,04/12/2024, 06:15:53,1066
APRL00001,Super Mario BOOM,18536,04/12/2024, 07:13:52,1066
APRL00001,Super Mario BOOM,18537,04/12/2024, 08:14:50,1066
APRL00001,Super Mario BOOM,18538,04/12/2024, 09:12:56,1066
APRL00001,Super Mario BOOM,18538,04/12/2024, 10:13:09,1066
APRL00001,Super Mario BOOM,18541,04/12/2024, 11:12:56,1066
APRL00001,Super Mario BOOM,18543,04/12/2024, 12:20:48,1066
APRL00001,Super Mario BOOM,18544,04/12/2024, 13:12:29,1066
APRL00001,Super Mario BOOM,18546,04/12/2024, 14:11:36,1066
APRL00001,Super Mario BOOM,18547,04/12/2024, 15:11:37,1066
APRL00001,Super Mario BOOM,18548,04/12/2024, 16:14:11,1066
APRL00001,Super Mario BOOM,18548,04/12/2024, 17:12:51,1066
APRL00001,Super Mario BOOM,18550,04/12/2024, 18:13:06,1066
APRL00001,Super Mario BOOM,18552,04/12/2024, 19:10:20,1066
APRL00001,Super Mario BOOM,18553,04/12/2024, 20:12:17,1066
APRL00001,Super Mario BOOM,18555,04/12/2024, 21:11:34,1066
APRL00001,Super Mario BOOM,18555,04/12/2024, 22:10:27,1066
APRL00001,Super Mario BOOM,18556,04/12/2024, 23:09:30,1066
APRL00001,Super Mario BOOM,18559,04/13/2024, 00:42:43,1066
APRL00001,Super Mario BOOM,18559,04/13/2024, 01:31:33,1066
APRL00001,Super Mario BOOM,18560,04/13/2024, 02:11:20,1066
APRL00001,Super Mario BOOM,18561,04/13/2024, 03:10:40,1066
APRL00001,Super Mario BOOM,18561,04/13/2024, 04:13:38,1066
APRL00001,Super Mario BOOM,18562,04/13/2024, 05:14:45,1066
APRL00001,Super Mario BOOM,18562,04/13/2024, 06:12:07,1066
APRL00001,Super Mario BOOM,18562,04/13/2024, 07:12:03,1066
APRL00001,Super Mario BOOM,18562,04/13/2024, 08:11:45,1066
APRL00001,Super Mario BOOM,18564,04/13/2024, 09:10:30,1066
APRL00001,Super Mario BOOM,18566,04/13/2024, 10:10:30,1066
APRL00001,Super Mario BOOM,18567,04/13/2024, 11:09:06,1066
APRL00001,Super Mario BOOM,18568,04/13/2024, 12:17:07,1066
APRL00001,Super Mario BOOM,18571,04/13/2024, 13:11:41,1066
APRL00001,Super Mario BOOM,18572,04/13/2024, 14:11:33,1066
APRL00001,Super Mario BOOM,18572,04/13/2024, 15:09:10,1066
APRL00001,Super Mario BOOM,18575,04/13/2024, 16:14:14,1066
APRL00001,Super Mario BOOM,18575,04/13/2024, 17:08:23,1066
APRL00001,Super Mario BOOM,18575,04/13/2024, 18:11:53,1066
APRL00001,Super Mario BOOM,18576,04/13/2024, 19:08:55,1066
APRL00001,Super Mario BOOM,18577,04/13/2024, 20:10:45,1066
APRL00001,Super Mario BOOM,18580,04/13/2024, 21:09:59,1066
APRL00001,Super Mario BOOM,18582,04/13/2024, 22:10:43,1066
APRL00001,Super Mario BOOM,18583,04/13/2024, 23:12:14,1066
APRL00001,Super Mario BOOM,18585,04/14/2024, 01:06:46,1066
APRL00001,Super Mario BOOM,18587,04/14/2024, 03:14:50,1066
APRL00001,Super Mario BOOM,18587,04/14/2024, 04:36:16,1066
APRL00001,Super Mario BOOM,18588,04/14/2024, 05:57:40,1066
APRL00001,Super Mario BOOM,18590,04/14/2024, 07:55:07,1066
APRL00001,Super Mario BOOM,18593,04/14/2024, 10:39:56,1066
APRL00001,Super Mario BOOM,18599,04/14/2024, 14:28:49,1066
APRL00001,Super Mario BOOM,18617,04/14/2024, 22:04:10,1066
APRL00001,Super Mario BOOM,18620,04/14/2024, 23:59:12,1066
APRL00001,Super Mario BOOM,18625,04/15/2024, 03:27:36,1066
APRL00001,Super Mario BOOM,18626,04/15/2024, 04:28:22,1066
APRL00001,Super Mario BOOM,18626,04/15/2024, 05:11:21,1066
APRL00001,Super Mario BOOM,18626,04/15/2024, 06:17:00,1066
APRL00001,Super Mario BOOM,18627,04/15/2024, 07:10:06,1066
APRL00001,Super Mario BOOM,18627,04/15/2024, 08:13:00,1066
APRL00001,Super Mario BOOM,18627,04/15/2024, 09:11:46,1066
APRL00001,Super Mario BOOM,18628,04/15/2024, 10:11:44,1066
APRL00001,Super Mario BOOM,18629,04/15/2024, 11:09:14,1066
APRL00001,Super Mario BOOM,18630,04/15/2024, 12:21:54,1066
APRL00001,Super Mario BOOM,18631,04/15/2024, 13:13:50,1066
APRL00001,Super Mario BOOM,18633,04/15/2024, 14:10:54,1066
APRL00001,Super Mario BOOM,18633,04/15/2024, 15:13:09,1066
APRL00001,Super Mario BOOM,18633,04/15/2024, 16:14:42,1066
APRL00001,Super Mario BOOM,18634,04/15/2024, 17:10:41,1066
APRL00001,Super Mario BOOM,18636,04/15/2024, 18:14:54,1066
APRL00001,Super Mario BOOM,18637,04/15/2024, 19:10:53,1066
APRL00001,Super Mario BOOM,18638,04/15/2024, 20:12:14,1066
APRL00001,Super Mario BOOM,18638,04/15/2024, 21:12:43,1066
APRL00001,Super Mario BOOM,18639,04/15/2024, 22:10:52,1066
APRL00001,Super Mario BOOM,18640,04/15/2024, 23:11:37,1066
APRL00001,Super Mario BOOM,18642,04/16/2024, 00:50:53,1066
APRL00001,Super Mario BOOM,18643,04/16/2024, 01:47:43,1066
APRL00001,Super Mario BOOM,18643,04/16/2024, 02:19:54,1066
APRL00001,Super Mario BOOM,18643,04/16/2024, 03:13:59,1066
APRL00001,Super Mario BOOM,18644,04/16/2024, 04:14:33,1066
APRL00001,Super Mario BOOM,18644,04/16/2024, 05:12:49,1066
APRL00001,Super Mario BOOM,18646,04/16/2024, 06:15:32,1066
APRL00001,Super Mario BOOM,18647,04/16/2024, 07:14:00,1066
APRL00001,Super Mario BOOM,18647,04/16/2024, 08:15:06,1066
APRL00001,Super Mario BOOM,18647,04/16/2024, 09:12:46,1066
APRL00001,Super Mario BOOM,18649,04/16/2024, 10:12:57,1066
APRL00001,Super Mario BOOM,18650,04/16/2024, 11:10:40,1066
APRL00001,Super Mario BOOM,18653,04/16/2024, 12:20:38,1066
APRL00001,Super Mario BOOM,18653,04/16/2024, 13:12:45,1066
APRL00001,Super Mario BOOM,18654,04/16/2024, 14:12:14,1066
APRL00001,Super Mario BOOM,18655,04/16/2024, 15:12:34,1066
APRL00001,Super Mario BOOM,18655,04/16/2024, 16:15:03,1066
APRL00001,Super Mario BOOM,18657,04/16/2024, 17:11:48,1066
APRL00001,Super Mario BOOM,18658,04/16/2024, 18:14:46,1066
APRL00001,Super Mario BOOM,18659,04/16/2024, 19:09:47,1066
APRL00001,Super Mario BOOM,18659,04/16/2024, 20:12:22,1066
APRL00001,Super Mario BOOM,18663,04/16/2024, 21:11:56,1066
APRL00001,Super Mario BOOM,18664,04/16/2024, 22:11:55,1066
APRL00001,Super Mario BOOM,18664,04/16/2024, 23:12:36,1066
APRL00001,Super Mario BOOM,18665,04/17/2024, 00:51:47,1066
APRL00001,Super Mario BOOM,18665,04/17/2024, 01:49:34,1066
APRL00001,Super Mario BOOM,18665,04/17/2024, 02:22:06,1066
APRL00001,Super Mario BOOM,18665,04/17/2024, 03:12:47,1066
APRL00001,Super Mario BOOM,18669,04/17/2024, 04:15:38,1066
APRL00001,Super Mario BOOM,18670,04/17/2024, 05:12:04,1066
APRL00001,Super Mario BOOM,18671,04/17/2024, 06:17:59,1066
APRL00001,Super Mario BOOM,18671,04/17/2024, 07:12:28,1066
APRL00001,Super Mario BOOM,18671,04/17/2024, 08:14:52,1066
APRL00001,Super Mario BOOM,18672,04/17/2024, 09:13:29,1066
APRL00001,Super Mario BOOM,18673,04/17/2024, 10:13:23,1066
APRL00001,Super Mario BOOM,18675,04/17/2024, 11:11:07,1066
APRL00001,Super Mario BOOM,18675,04/17/2024, 12:21:04,1066
APRL00001,Super Mario BOOM,18676,04/17/2024, 13:12:48,1066
APRL00001,Super Mario BOOM,18677,04/17/2024, 14:11:46,1066
APRL00001,Super Mario BOOM,18679,04/17/2024, 15:13:40,1066
APRL00001,Super Mario BOOM,18680,04/17/2024, 16:15:38,1066
APRL00001,Super Mario BOOM,18681,04/17/2024, 17:10:36,1066
APRL00001,Super Mario BOOM,18684,04/17/2024, 18:15:15,1066
APRL00001,Super Mario BOOM,18685,04/17/2024, 19:08:51,1066
APRL00001,Super Mario BOOM,18686,04/17/2024, 20:12:23,1066
APRL00001,Super Mario BOOM,18688,04/17/2024, 21:12:37,1066
APRL00001,Super Mario BOOM,18691,04/17/2024, 22:11:04,1066
APRL00001,Super Mario BOOM,18692,04/17/2024, 23:13:08,1066
APRL00001,Super Mario BOOM,18693,04/18/2024, 00:50:45,1066
APRL00001,Super Mario BOOM,18695,04/18/2024, 01:46:18,1066
APRL00001,Super Mario BOOM,18696,04/18/2024, 02:20:49,1066
APRL00001,Super Mario BOOM,18697,04/18/2024, 03:12:43,1066
APRL00001,Super Mario BOOM,18698,04/18/2024, 04:14:31,1066
APRL00001,Super Mario BOOM,18701,04/18/2024, 05:13:23,1066
APRL00001,Super Mario BOOM,18702,04/18/2024, 06:15:46,1066
APRL00001,Super Mario BOOM,18702,04/18/2024, 07:12:46,1066
APRL00001,Super Mario BOOM,18703,04/18/2024, 08:15:36,1066
APRL00001,Super Mario BOOM,18704,04/18/2024, 09:12:51,1066
APRL00001,Super Mario BOOM,18705,04/18/2024, 10:14:43,1066
APRL00001,Super Mario BOOM,18705,04/18/2024, 11:10:13,1066
APRL00001,Super Mario BOOM,18705,04/18/2024, 12:20:34,1066
APRL00001,Super Mario BOOM,18705,04/18/2024, 13:12:36,1066
APRL00001,Super Mario BOOM,18707,04/18/2024, 14:11:26,1066
APRL00001,Super Mario BOOM,18707,04/18/2024, 15:13:07,1066
APRL00001,Super Mario BOOM,18707,04/18/2024, 16:14:06,1066
APRL00001,Super Mario BOOM,18708,04/18/2024, 17:11:19,1066
APRL00001,Super Mario BOOM,18709,04/18/2024, 18:15:09,1066
APRL00001,Super Mario BOOM,18712,04/18/2024, 19:10:28,1066
APRL00001,Super Mario BOOM,18713,04/18/2024, 20:13:09,1066
APRL00001,Super Mario BOOM,18713,04/18/2024, 21:11:09,1066
APRL00001,Super Mario BOOM,18714,04/18/2024, 22:11:05,1066
APRL00001,Super Mario BOOM,18716,04/18/2024, 23:12:53,1066
APRL00001,Super Mario BOOM,18720,04/19/2024, 00:51:26,1066
APRL00001,Super Mario BOOM,18720,04/19/2024, 01:49:29,1066
APRL00001,Super Mario BOOM,18722,04/19/2024, 02:22:54,1066
APRL00001,Super Mario BOOM,18722,04/19/2024, 03:12:44,1066
APRL00001,Super Mario BOOM,18722,04/19/2024, 04:14:03,1066
APRL00001,Super Mario BOOM,18723,04/19/2024, 05:12:13,1066
APRL00001,Super Mario BOOM,18723,04/19/2024, 06:16:17,1066
APRL00001,Super Mario BOOM,18723,04/19/2024, 07:13:03,1066
APRL00001,Super Mario BOOM,18725,04/19/2024, 08:15:28,1066
APRL00001,Super Mario BOOM,18726,04/19/2024, 09:12:37,1066
APRL00001,Super Mario BOOM,18726,04/19/2024, 10:13:40,1066
APRL00001,Super Mario BOOM,18726,04/19/2024, 11:10:30,1066
APRL00001,Super Mario BOOM,18726,04/19/2024, 12:20:49,1066
APRL00001,Super Mario BOOM,18728,04/19/2024, 13:13:28,1066
APRL00001,Super Mario BOOM,18730,04/19/2024, 14:11:13,1066
APRL00001,Super Mario BOOM,18731,04/19/2024, 15:12:54,1066
APRL00001,Super Mario BOOM,18732,04/19/2024, 16:14:33,1066
APRL00001,Super Mario BOOM,18733,04/19/2024, 17:11:33,1066
APRL00001,Super Mario BOOM,18737,04/19/2024, 18:14:32,1066
APRL00001,Super Mario BOOM,18741,04/19/2024, 19:10:38,1066
APRL00001,Super Mario BOOM,18741,04/19/2024, 20:12:38,1066
APRL00001,Super Mario BOOM,18741,04/19/2024, 21:11:39,1066
APRL00001,Super Mario BOOM,18744,04/19/2024, 22:10:53,1066
APRL00001,Super Mario BOOM,18747,04/19/2024, 23:13:54,1066
APRL00001,Super Mario BOOM,18750,04/20/2024, 00:51:49,1066
APRL00001,Super Mario BOOM,18750,04/20/2024, 01:48:41,1066
APRL00001,Super Mario BOOM,18752,04/20/2024, 02:19:19,1066
APRL00001,Super Mario BOOM,18753,04/20/2024, 03:13:58,1066
APRL00001,Super Mario BOOM,18753,04/20/2024, 04:15:46,1066
APRL00001,Super Mario BOOM,18753,04/20/2024, 05:12:08,1066
APRL00001,Super Mario BOOM,18755,04/20/2024, 06:14:12,1066
APRL00001,Super Mario BOOM,18755,04/20/2024, 07:10:14,1066
APRL00001,Super Mario BOOM,18756,04/20/2024, 08:13:30,1066
APRL00001,Super Mario BOOM,18757,04/20/2024, 09:10:55,1066
APRL00001,Super Mario BOOM,18761,04/20/2024, 10:12:20,1066
APRL00001,Super Mario BOOM,18761,04/20/2024, 11:09:36,1066
APRL00001,Super Mario BOOM,18762,04/20/2024, 12:19:43,1066
APRL00001,Super Mario BOOM,18762,04/20/2024, 13:12:54,1066
APRL00001,Super Mario BOOM,18762,04/20/2024, 14:10:02,1066
APRL00001,Super Mario BOOM,18763,04/20/2024, 15:12:01,1066
APRL00001,Super Mario BOOM,18767,04/20/2024, 16:14:35,1066
APRL00001,Super Mario BOOM,18769,04/20/2024, 17:10:12,1066
APRL00001,Super Mario BOOM,18770,04/20/2024, 18:15:19,1066
APRL00001,Super Mario BOOM,18773,04/20/2024, 19:10:10,1066
APRL00001,Super Mario BOOM,18773,04/20/2024, 20:11:54,1066
APRL00001,Super Mario BOOM,18776,04/20/2024, 21:10:51,1066
APRL00001,Super Mario BOOM,18777,04/20/2024, 22:11:45,1066
APRL00001,Super Mario BOOM,18780,04/20/2024, 23:10:56,1066
APRL00001,Super Mario BOOM,18782,04/21/2024, 00:55:19,1066
APRL00001,Super Mario BOOM,18783,04/21/2024, 01:54:54,1066
APRL00001,Super Mario BOOM,18784,04/21/2024, 02:23:49,1066
APRL00001,Super Mario BOOM,18785,04/21/2024, 03:12:33,1066
APRL00001,Super Mario BOOM,18785,04/21/2024, 04:13:38,1066
APRL00001,Super Mario BOOM,18788,04/21/2024, 05:12:05,1066
APRL00001,Super Mario BOOM,18788,04/21/2024, 06:16:27,1066
APRL00001,Super Mario BOOM,18789,04/21/2024, 07:11:50,1066
APRL00001,Super Mario BOOM,18790,04/21/2024, 08:14:02,1066
APRL00001,Super Mario BOOM,18791,04/21/2024, 09:12:10,1066
APRL00001,Super Mario BOOM,18791,04/21/2024, 10:11:41,1066
APRL00001,Super Mario BOOM,18792,04/21/2024, 11:10:04,1066
APRL00001,Super Mario BOOM,18794,04/21/2024, 12:20:34,1066
APRL00001,Super Mario BOOM,18796,04/21/2024, 13:13:01,1066
APRL00001,Super Mario BOOM,18796,04/21/2024, 14:10:52,1066
APRL00001,Super Mario BOOM,18798,04/21/2024, 15:11:47,1066
APRL00001,Super Mario BOOM,18799,04/21/2024, 16:14:51,1066
APRL00001,Super Mario BOOM,18799,04/21/2024, 17:11:21,1066
APRL00001,Super Mario BOOM,18801,04/21/2024, 18:15:47,1066
APRL00001,Super Mario BOOM,18802,04/21/2024, 19:11:17,1066
APRL00001,Super Mario BOOM,18805,04/21/2024, 20:12:52,1066
APRL00001,Super Mario BOOM,18809,04/21/2024, 21:11:03,1066
APRL00001,Super Mario BOOM,18810,04/21/2024, 22:11:51,1066
APRL00001,Super Mario BOOM,18811,04/21/2024, 23:12:09,1066
APRL00001,Super Mario BOOM,18816,04/22/2024, 00:53:21,1066
APRL00001,Super Mario BOOM,18818,04/22/2024, 01:53:23,1066
APRL00001,Super Mario BOOM,18818,04/22/2024, 02:23:28,1066
APRL00001,Super Mario BOOM,18818,04/22/2024, 03:13:28,1066
APRL00001,Super Mario BOOM,18818,04/22/2024, 04:14:40,1066
APRL00001,Super Mario BOOM,18818,04/22/2024, 05:12:56,1066
APRL00001,Super Mario BOOM,18818,04/22/2024, 06:16:06,1066
APRL00001,Super Mario BOOM,18819,04/22/2024, 07:11:56,1066
APRL00001,Super Mario BOOM,18820,04/22/2024, 08:16:26,1066
APRL00001,Super Mario BOOM,18821,04/22/2024, 09:14:06,1066
APRL00001,Super Mario BOOM,18822,04/22/2024, 10:14:16,1066
APRL00001,Super Mario BOOM,18822,04/22/2024, 11:10:29,1066
APRL00001,Super Mario BOOM,18823,04/22/2024, 12:22:39,1066
APRL00001,Super Mario BOOM,18824,04/22/2024, 13:13:22,1066
APRL00001,Super Mario BOOM,18825,04/22/2024, 14:11:56,1066
APRL00001,Super Mario BOOM,18827,04/22/2024, 15:13:01,1066
APRL00001,Super Mario BOOM,18828,04/22/2024, 16:14:43,1066
APRL00001,Super Mario BOOM,18831,04/22/2024, 17:10:27,1066
APRL00001,Super Mario BOOM,18833,04/22/2024, 18:15:04,1066
APRL00001,Super Mario BOOM,18834,04/22/2024, 19:10:58,1066
APRL00001,Super Mario BOOM,18838,04/22/2024, 20:13:08,1066
APRL00001,Super Mario BOOM,18838,04/22/2024, 21:11:07,1066
APRL00001,Super Mario BOOM,18839,04/22/2024, 22:12:51,1066
APRL00001,Super Mario BOOM,18841,04/22/2024, 23:11:49,1066
APRL00001,Super Mario BOOM,18843,04/23/2024, 00:51:48,1066
APRL00001,Super Mario BOOM,18843,04/23/2024, 01:52:21,1066
APRL00001,Super Mario BOOM,18843,04/23/2024, 02:23:31,1066
APRL00001,Super Mario BOOM,18844,04/23/2024, 03:13:02,1066
APRL00001,Super Mario BOOM,18846,04/23/2024, 04:15:02,1066
APRL00001,Super Mario BOOM,18846,04/23/2024, 05:11:44,1066
APRL00001,Super Mario BOOM,18847,04/23/2024, 06:15:49,1066
APRL00001,Super Mario BOOM,18849,04/23/2024, 07:11:39,1066
APRL00001,Super Mario BOOM,18849,04/23/2024, 08:15:20,1066
APRL00001,Super Mario BOOM,18849,04/23/2024, 09:12:51,1066
APRL00001,Super Mario BOOM,18851,04/23/2024, 10:12:42,1066
APRL00001,Super Mario BOOM,18851,04/23/2024, 11:11:24,1066
APRL00001,Super Mario BOOM,18851,04/23/2024, 12:21:58,1066
APRL00001,Super Mario BOOM,18852,04/23/2024, 13:13:25,1066
APRL00001,Super Mario BOOM,18854,04/23/2024, 14:11:39,1066
APRL00001,Super Mario BOOM,18855,04/23/2024, 15:12:46,1066
APRL00001,Super Mario BOOM,18855,04/23/2024, 16:14:42,1066
APRL00001,Super Mario BOOM,18859,04/23/2024, 17:12:30,1066
APRL00001,Super Mario BOOM,18860,04/23/2024, 18:14:45,1066
APRL00001,Super Mario BOOM,18861,04/23/2024, 19:09:57,1066
APRL00001,Super Mario BOOM,18862,04/23/2024, 20:12:42,1066
APRL00001,Super Mario BOOM,18863,04/23/2024, 21:11:20,1066
APRL00001,Super Mario BOOM,18864,04/23/2024, 22:13:15,1066
APRL00001,Super Mario BOOM,18866,04/23/2024, 23:12:18,1066
APRL00001,Super Mario BOOM,18867,04/24/2024, 00:51:44,1066
APRL00001,Super Mario BOOM,18868,04/24/2024, 01:52:32,1066
APRL00001,Super Mario BOOM,18869,04/24/2024, 02:22:09,1066
APRL00001,Super Mario BOOM,18869,04/24/2024, 03:14:13,1066
APRL00001,Super Mario BOOM,18871,04/24/2024, 04:14:19,1066
APRL00001,Super Mario BOOM,18872,04/24/2024, 05:13:23,1066
APRL00001,Super Mario BOOM,18874,04/24/2024, 06:17:48,1066
APRL00001,Super Mario BOOM,18875,04/24/2024, 07:11:39,1066
APRL00001,Super Mario BOOM,18876,04/24/2024, 08:16:11,1066
APRL00001,Super Mario BOOM,18877,04/24/2024, 09:12:22,1066
APRL00001,Super Mario BOOM,18877,04/24/2024, 10:14:26,1066
APRL00001,Super Mario BOOM,18878,04/24/2024, 11:11:28,1066
APRL00001,Super Mario BOOM,18878,04/24/2024, 12:25:09,1066
APRL00001,Super Mario BOOM,18878,04/24/2024, 13:18:49,1066
APRL00001,Super Mario BOOM,18881,04/24/2024, 14:12:37,1066
APRL00001,Super Mario BOOM,18881,04/24/2024, 15:13:12,1066
APRL00001,Super Mario BOOM,18882,04/24/2024, 16:14:20,1066
APRL00001,Super Mario BOOM,18883,04/24/2024, 17:13:12,1066
APRL00001,Super Mario BOOM,18883,04/24/2024, 18:15:00,1066
APRL00001,Super Mario BOOM,18884,04/24/2024, 19:09:47,1066
APRL00001,Super Mario BOOM,18885,04/24/2024, 20:12:57,1066
APRL00001,Super Mario BOOM,18886,04/24/2024, 21:12:00,1066
APRL00001,Super Mario BOOM,18887,04/24/2024, 22:12:54,1066
APRL00001,Super Mario BOOM,18889,04/24/2024, 23:14:13,1066
APRL00001,Super Mario BOOM,18889,04/25/2024, 00:54:28,1066
APRL00001,Super Mario BOOM,18889,04/25/2024, 01:52:38,1066
APRL00001,Super Mario BOOM,18889,04/25/2024, 02:23:16,1066
APRL00001,Super Mario BOOM,18893,04/25/2024, 03:13:15,1066
APRL00001,Super Mario BOOM,18895,04/25/2024, 04:14:39,1066
APRL00001,Super Mario BOOM,18897,04/25/2024, 05:12:13,1066
APRL00001,Super Mario BOOM,18899,04/25/2024, 06:16:04,1066
APRL00001,Super Mario BOOM,18899,04/25/2024, 07:12:54,1066
APRL00001,Super Mario BOOM,18902,04/25/2024, 08:15:10,1066
APRL00001,Super Mario BOOM,18902,04/25/2024, 09:12:42,1066
APRL00001,Super Mario BOOM,18903,04/25/2024, 10:12:32,1066
APRL00001,Super Mario BOOM,18904,04/25/2024, 11:11:38,1066
APRL00001,Super Mario BOOM,18904,04/25/2024, 12:18:04,1066
APRL00001,Super Mario BOOM,18904,04/25/2024, 13:11:12,1066
APRL00001,Super Mario BOOM,18904,04/25/2024, 14:09:44,1066
APRL00001,Super Mario BOOM,18905,04/25/2024, 15:12:46,1066
APRL00001,Super Mario BOOM,18905,04/25/2024, 16:15:12,1066
APRL00001,Super Mario BOOM,18906,04/25/2024, 17:13:32,1066
APRL00001,Super Mario BOOM,18908,04/25/2024, 18:15:28,1066
APRL00001,Super Mario BOOM,18911,04/25/2024, 19:11:04,1066
APRL00001,Super Mario BOOM,18914,04/25/2024, 20:12:22,1066
APRL00001,Super Mario BOOM,18917,04/25/2024, 21:13:52,1066
APRL00001,Super Mario BOOM,18920,04/25/2024, 22:11:22,1066
APRL00001,Super Mario BOOM,18921,04/25/2024, 23:12:44,1066
APRL00001,Super Mario BOOM,18922,04/26/2024, 00:52:00,1066
APRL00001,Super Mario BOOM,18922,04/26/2024, 01:50:59,1066
APRL00001,Super Mario BOOM,18922,04/26/2024, 02:22:17,1066
APRL00001,Super Mario BOOM,18923,04/26/2024, 03:14:17,1066
APRL00001,Super Mario BOOM,18923,04/26/2024, 04:14:01,1066
APRL00001,Super Mario BOOM,18925,04/26/2024, 05:11:42,1066
APRL00001,Super Mario BOOM,18925,04/26/2024, 06:16:58,1066
APRL00001,Super Mario BOOM,18925,04/26/2024, 07:12:38,1066
APRL00001,Super Mario BOOM,18925,04/26/2024, 08:15:08,1066
APRL00001,Super Mario BOOM,18926,04/26/2024, 09:13:10,1066
APRL00001,Super Mario BOOM,18926,04/26/2024, 10:13:16,1066
APRL00001,Super Mario BOOM,18926,04/26/2024, 11:10:26,1066
APRL00001,Super Mario BOOM,18927,04/26/2024, 12:21:15,1066
APRL00001,Super Mario BOOM,18927,04/26/2024, 13:12:38,1066
APRL00001,Super Mario BOOM,18927,04/26/2024, 14:11:16,1066
APRL00001,Super Mario BOOM,18929,04/26/2024, 15:13:30,1066
APRL00001,Super Mario BOOM,18929,04/26/2024, 16:15:34,1066
APRL00001,Super Mario BOOM,18930,04/26/2024, 17:13:03,1066
APRL00001,Super Mario BOOM,18930,04/26/2024, 18:14:39,1066
APRL00001,Super Mario BOOM,18930,04/26/2024, 19:10:23,1066
APRL00001,Super Mario BOOM,18932,04/26/2024, 20:13:21,1066
APRL00001,Super Mario BOOM,18937,04/26/2024, 21:10:55,1066
APRL00001,Super Mario BOOM,18941,04/26/2024, 22:12:58,1066
APRL00001,Super Mario BOOM,18944,04/26/2024, 23:12:38,1066
APRL00001,Super Mario BOOM,18945,04/27/2024, 00:51:39,1066
APRL00001,Super Mario BOOM,18945,04/27/2024, 01:47:41,1066
APRL00001,Super Mario BOOM,18948,04/27/2024, 02:21:53,1066
APRL00001,Super Mario BOOM,18948,04/27/2024, 03:14:14,1066
APRL00001,Super Mario BOOM,18949,04/27/2024, 04:13:58,1066
APRL00001,Super Mario BOOM,18951,04/27/2024, 05:12:03,1066
APRL00001,Super Mario BOOM,18951,04/27/2024, 06:16:00,1066
APRL00001,Super Mario BOOM,18953,04/27/2024, 07:10:44,1066
APRL00001,Super Mario BOOM,18954,04/27/2024, 08:15:01,1066
APRL00001,Super Mario BOOM,18955,04/27/2024, 09:11:27,1066
APRL00001,Super Mario BOOM,18955,04/27/2024, 10:13:19,1066
APRL00001,Super Mario BOOM,18956,04/27/2024, 11:09:31,1066
APRL00001,Super Mario BOOM,18957,04/27/2024, 12:18:50,1066
APRL00001,Super Mario BOOM,18959,04/27/2024, 13:13:29,1066
APRL00001,Super Mario BOOM,18962,04/27/2024, 14:09:55,1066
APRL00001,Super Mario BOOM,18962,04/27/2024, 15:11:34,1066
APRL00001,Super Mario BOOM,18963,04/27/2024, 16:13:11,1066
APRL00001,Super Mario BOOM,18966,04/27/2024, 17:11:16,1066
APRL00001,Super Mario BOOM,18971,04/27/2024, 18:13:46,1066
APRL00001,Super Mario BOOM,18973,04/27/2024, 19:09:18,1066
APRL00001,Super Mario BOOM,18975,04/27/2024, 20:11:51,1066
APRL00001,Super Mario BOOM,18976,04/27/2024, 21:10:51,1066
APRL00001,Super Mario BOOM,18977,04/27/2024, 22:11:50,1066
APRL00001,Super Mario BOOM,18977,04/27/2024, 23:12:17,1066
APRL00001,Super Mario BOOM,18978,04/28/2024, 00:56:12,1066
APRL00001,Super Mario BOOM,18978,04/28/2024, 01:57:06,1066
APRL00001,Super Mario BOOM,18979,04/28/2024, 02:27:20,1066
APRL00001,Super Mario BOOM,18979,04/28/2024, 03:13:37,1066
APRL00001,Super Mario BOOM,18980,04/28/2024, 04:13:46,1066
APRL00001,Super Mario BOOM,18982,04/28/2024, 05:12:32,1066
APRL00001,Super Mario BOOM,18984,04/28/2024, 06:15:56,1066
APRL00001,Super Mario BOOM,18984,04/28/2024, 07:10:58,1066
APRL00001,Super Mario BOOM,18986,04/28/2024, 08:15:49,1066
APRL00001,Super Mario BOOM,18989,04/28/2024, 09:11:33,1066
APRL00001,Super Mario BOOM,18989,04/28/2024, 10:12:53,1066
APRL00001,Super Mario BOOM,18991,04/28/2024, 11:09:56,1066
APRL00001,Super Mario BOOM,18992,04/28/2024, 12:21:35,1066
APRL00001,Super Mario BOOM,18994,04/28/2024, 13:12:54,1066
APRL00001,Super Mario BOOM,18997,04/28/2024, 14:10:21,1066
APRL00001,Super Mario BOOM,18999,04/28/2024, 15:12:08,1066
APRL00001,Super Mario BOOM,19001,04/28/2024, 16:13:59,1066
APRL00001,Super Mario BOOM,19002,04/28/2024, 17:11:15,1066
APRL00001,Super Mario BOOM,19005,04/28/2024, 18:14:15,1066
APRL00001,Super Mario BOOM,19005,04/28/2024, 19:09:53,1066
APRL00001,Super Mario BOOM,19005,04/28/2024, 20:12:38,1066
APRL00001,Super Mario BOOM,19005,04/28/2024, 21:11:37,1066
APRL00001,Super Mario BOOM,19006,04/28/2024, 22:11:28,1066
APRL00001,Super Mario BOOM,19008,04/28/2024, 23:11:24,1066
APRL00001,Super Mario BOOM,19010,04/29/2024, 00:53:12,1066
APRL00001,Super Mario BOOM,19011,04/29/2024, 01:53:38,1066
APRL00001,Super Mario BOOM,19011,04/29/2024, 02:23:38,1066
APRL00001,Super Mario BOOM,19013,04/29/2024, 03:13:43,1066
APRL00001,Super Mario BOOM,19017,04/29/2024, 04:14:53,1066
APRL00001,Super Mario BOOM,19017,04/29/2024, 05:14:19,1066
APRL00001,Super Mario BOOM,19019,04/29/2024, 06:16:28,1066
APRL00001,Super Mario BOOM,19019,04/29/2024, 07:11:49,1066
APRL00001,Super Mario BOOM,19020,04/29/2024, 08:16:43,1066
APRL00001,Super Mario BOOM,19020,04/29/2024, 09:13:47,1066
APRL00001,Super Mario BOOM,19021,04/29/2024, 10:13:45,1066
APRL00001,Super Mario BOOM,19021,04/29/2024, 11:11:56,1066
APRL00001,Super Mario BOOM,19025,04/29/2024, 12:22:03,1066
APRL00001,Super Mario BOOM,19026,04/29/2024, 13:13:39,1066
APRL00001,Super Mario BOOM,19027,04/29/2024, 14:12:57,1066
APRL00001,Super Mario BOOM,19028,04/29/2024, 15:12:50,1066
APRL00001,Super Mario BOOM,19030,04/29/2024, 16:14:50,1066
APRL00001,Super Mario BOOM,19032,04/29/2024, 17:10:46,1066
APRL00001,Super Mario BOOM,19037,04/29/2024, 18:15:36,1066
APRL00001,Super Mario BOOM,19037,04/29/2024, 19:09:56,1066
APRL00001,Super Mario BOOM,19039,04/29/2024, 20:12:51,1066
APRL00001,Super Mario BOOM,19041,04/29/2024, 21:11:37,1066
APRL00001,Super Mario BOOM,19041,04/29/2024, 22:11:44,1066
APRL00001,Super Mario BOOM,19041,04/29/2024, 23:11:24,1066
APRL00001,Super Mario BOOM,19043,04/30/2024, 00:51:49,1066
APRL00001,Super Mario BOOM,19045,04/30/2024, 01:51:06,1066
APRL00001,Super Mario BOOM,19045,04/30/2024, 02:21:57,1066
APRL00001,Super Mario BOOM,19047,04/30/2024, 03:13:21,1066
APRL00001,Super Mario BOOM,19048,04/30/2024, 04:15:38,1066
APRL00001,Super Mario BOOM,19048,04/30/2024, 05:11:49,1066
APRL00001,Super Mario BOOM,19048,04/30/2024, 06:15:57,1066
APRL00001,Super Mario BOOM,19049,04/30/2024, 07:12:48,1066
APRL00001,Super Mario BOOM,19049,04/30/2024, 08:15:52,1066
APRL00001,Super Mario BOOM,19050,04/30/2024, 09:13:56,1066
APRL00001,Super Mario BOOM,19050,04/30/2024, 10:13:52,1066
APRL00001,Super Mario BOOM,19052,04/30/2024, 11:12:05,1066
APRL00001,Super Mario BOOM,19052,04/30/2024, 12:21:23,1066
APRL00001,Super Mario BOOM,19052,04/30/2024, 13:13:03,1066
APRL00001,Super Mario BOOM,19052,04/30/2024, 14:12:27,1066
APRL00001,Super Mario BOOM,19052,04/30/2024, 15:10:50,1066
APRL00001,Super Mario BOOM,19053,04/30/2024, 16:15:44,1066
APRL00001,Super Mario BOOM,19055,04/30/2024, 17:11:18,1066
APRL00001,Super Mario BOOM,19055,04/30/2024, 18:17:26,1066
APRL00001,Super Mario BOOM,19056,04/30/2024, 19:09:47,1066
APRL00001,Super Mario BOOM,19057,04/30/2024, 20:12:52,1066
APRL00001,Super Mario BOOM,19059,04/30/2024, 21:13:03,1066
APRL00001,Super Mario BOOM,19062,04/30/2024, 22:12:17,1066
APRL00001,Super Mario BOOM,19065,04/30/2024, 23:12:28,1066
APRL00001,Super Mario BOOM,19066,05/01/2024, 00:56:01,1066
APRL00001,Super Mario BOOM,19066,05/01/2024, 01:57:18,1066
APRL00001,Super Mario BOOM,19067,05/01/2024, 02:28:10,1066
APRL00001,Super Mario BOOM,19073,05/01/2024, 03:13:42,1066
APRL00001,Super Mario BOOM,19073,05/01/2024, 04:14:22,1066
APRL00001,Super Mario BOOM,19075,05/01/2024, 05:12:11,1066
APRL00001,Super Mario BOOM,19075,05/01/2024, 06:17:02,1066
APRL00001,Super Mario BOOM,19075,05/01/2024, 07:14:22,1066
APRL00001,Super Mario BOOM,19077,05/01/2024, 08:18:13,1066
APRL00001,Super Mario BOOM,19079,05/01/2024, 09:15:02,1066
APRL00001,Super Mario BOOM,19080,05/01/2024, 10:13:51,1066
APRL00001,Super Mario BOOM,19081,05/01/2024, 11:10:35,1066
APRL00001,Super Mario BOOM,19081,05/01/2024, 12:22:11,1066
APRL00001,Super Mario BOOM,19081,05/01/2024, 13:13:10,1066
APRL00001,Super Mario BOOM,19083,05/01/2024, 14:13:22,1066
APRL00001,Super Mario BOOM,19085,05/01/2024, 15:12:13,1066
APRL00001,Super Mario BOOM,19086,05/01/2024, 16:15:10,1066
APRL00001,Super Mario BOOM,19087,05/01/2024, 17:11:50,1066
APRL00001,Super Mario BOOM,19088,05/01/2024, 18:15:25,1066
APRL00001,Super Mario BOOM,19088,05/01/2024, 19:12:11,1066
APRL00001,Super Mario BOOM,19089,05/01/2024, 20:14:24,1066
APRL00001,Super Mario BOOM,19091,05/01/2024, 21:11:25,1066
APRL00001,Super Mario BOOM,19093,05/01/2024, 22:12:11,1066
APRL00001,Super Mario BOOM,19094,05/01/2024, 23:13:21,1066
APRL00001,Super Mario BOOM,19095,05/02/2024, 00:51:49,1066
APRL00001,Super Mario BOOM,19096,05/02/2024, 01:51:31,1066
APRL00001,Super Mario BOOM,19096,05/02/2024, 02:22:56,1066
APRL00001,Super Mario BOOM,19096,05/02/2024, 03:13:23,1066
APRL00001,Super Mario BOOM,19096,05/02/2024, 04:14:37,1066
APRL00001,Super Mario BOOM,19097,05/02/2024, 05:13:34,1066
APRL00001,Super Mario BOOM,19098,05/02/2024, 06:15:53,1066
APRL00001,Super Mario BOOM,19098,05/02/2024, 07:12:45,1066
APRL00001,Super Mario BOOM,19098,05/02/2024, 08:15:42,1066
APRL00001,Super Mario BOOM,19098,05/02/2024, 09:13:08,1066
APRL00001,Super Mario BOOM,19098,05/02/2024, 10:13:46,1066
APRL00001,Super Mario BOOM,19099,05/02/2024, 11:10:36,1066
APRL00001,Super Mario BOOM,19100,05/02/2024, 12:22:21,1066
APRL00001,Super Mario BOOM,19101,05/02/2024, 13:13:25,1066
APRL00001,Super Mario BOOM,19102,05/02/2024, 14:12:02,1066
APRL00001,Super Mario BOOM,19106,05/02/2024, 15:13:18,1066
APRL00001,Super Mario BOOM,19108,05/02/2024, 16:14:30,1066
APRL00001,Super Mario BOOM,19110,05/02/2024, 17:11:55,1066
APRL00001,Super Mario BOOM,19111,05/02/2024, 18:15:39,1066
APRL00001,Super Mario BOOM,19111,05/02/2024, 19:10:09,1066
APRL00001,Super Mario BOOM,19112,05/02/2024, 20:13:49,1066
APRL00001,Super Mario BOOM,19113,05/02/2024, 21:11:18,1066
APRL00001,Super Mario BOOM,19113,05/02/2024, 22:12:08,1066
APRL00001,Super Mario BOOM,19113,05/02/2024, 23:14:12,1066
APRL00001,Super Mario BOOM,19113,05/03/2024, 00:54:59,1066
APRL00001,Super Mario BOOM,19113,05/03/2024, 01:55:00,1066
APRL00001,Super Mario BOOM,19113,05/03/2024, 02:25:25,1066
APRL00001,Super Mario BOOM,19114,05/03/2024, 03:14:24,1066
APRL00001,Super Mario BOOM,19115,05/03/2024, 04:16:15,1066
APRL00001,Super Mario BOOM,19116,05/03/2024, 05:12:23,1066
APRL00001,Super Mario BOOM,19116,05/03/2024, 06:16:13,1066
APRL00001,Super Mario BOOM,19118,05/03/2024, 07:12:06,1066
APRL00001,Super Mario BOOM,19118,05/03/2024, 08:15:05,1066
APRL00001,Super Mario BOOM,19118,05/03/2024, 09:13:28,1066
APRL00001,Super Mario BOOM,19118,05/03/2024, 10:13:24,1066
APRL00001,Super Mario BOOM,19119,05/03/2024, 11:10:52,1066
APRL00001,Super Mario BOOM,19119,05/03/2024, 12:20:38,1066
APRL00001,Super Mario BOOM,19122,05/03/2024, 13:13:41,1066
APRL00001,Super Mario BOOM,19123,05/03/2024, 14:12:27,1066
APRL00001,Super Mario BOOM,19124,05/03/2024, 15:13:09,1066
APRL00001,Super Mario BOOM,19124,05/03/2024, 16:15:26,1066
APRL00001,Super Mario BOOM,19127,05/03/2024, 17:11:01,1066
APRL00001,Super Mario BOOM,19127,05/03/2024, 18:15:12,1066
APRL00001,Super Mario BOOM,19130,05/03/2024, 19:10:22,1066
APRL00001,Super Mario BOOM,19131,05/03/2024, 20:13:42,1066
APRL00001,Super Mario BOOM,19133,05/03/2024, 21:10:55,1066
APRL00001,Super Mario BOOM,19135,05/03/2024, 22:11:43,1066
APRL00001,Super Mario BOOM,19136,05/03/2024, 23:12:47,1066
APRL00001,Super Mario BOOM,19143,05/04/2024, 00:51:59,1066
APRL00001,Super Mario BOOM,19143,05/04/2024, 01:48:44,1066
APRL00001,Super Mario BOOM,19143,05/04/2024, 02:20:48,1066
APRL00001,Super Mario BOOM,19144,05/04/2024, 03:13:59,1066
APRL00001,Super Mario BOOM,19146,05/04/2024, 04:15:07,1066
APRL00001,Super Mario BOOM,19149,05/04/2024, 05:12:48,1066
APRL00001,Super Mario BOOM,19149,05/04/2024, 06:15:40,1066
APRL00001,Super Mario BOOM,19150,05/04/2024, 07:11:51,1066
APRL00001,Super Mario BOOM,19151,05/04/2024, 08:14:20,1066
APRL00001,Super Mario BOOM,19151,05/04/2024, 09:13:05,1066
APRL00001,Super Mario BOOM,19151,05/04/2024, 10:11:42,1066
APRL00001,Super Mario BOOM,19152,05/04/2024, 11:09:36,1066
APRL00001,Super Mario BOOM,19152,05/04/2024, 12:19:47,1066
APRL00001,Super Mario BOOM,19152,05/04/2024, 13:13:07,1066
APRL00001,Super Mario BOOM,19152,05/04/2024, 14:12:21,1066
APRL00001,Super Mario BOOM,19154,05/04/2024, 15:12:12,1066
APRL00001,Super Mario BOOM,19154,05/04/2024, 16:14:13,1066
APRL00001,Super Mario BOOM,19155,05/04/2024, 17:10:10,1066
APRL00001,Super Mario BOOM,19157,05/04/2024, 18:14:50,1066
APRL00001,Super Mario BOOM,19158,05/04/2024, 19:11:15,1066
APRL00001,Super Mario BOOM,19160,05/04/2024, 20:13:32,1066
APRL00001,Super Mario BOOM,19162,05/04/2024, 21:11:45,1066
APRL00001,Super Mario BOOM,19163,05/04/2024, 22:10:55,1066
APRL00001,Super Mario BOOM,19166,05/04/2024, 23:12:19,1066
APRL00001,Super Mario BOOM,19168,05/05/2024, 00:56:02,1066
APRL00001,Super Mario BOOM,19169,05/05/2024, 01:56:19,1066
APRL00001,Super Mario BOOM,19169,05/05/2024, 02:25:34,1066
APRL00001,Super Mario BOOM,19170,05/05/2024, 03:12:57,1066
APRL00001,Super Mario BOOM,19171,05/05/2024, 04:15:56,1066
APRL00001,Super Mario BOOM,19173,05/05/2024, 05:12:10,1066
APRL00001,Super Mario BOOM,19174,05/05/2024, 06:15:35,1066
APRL00001,Super Mario BOOM,19176,05/05/2024, 07:11:11,1066
APRL00001,Super Mario BOOM,19176,05/05/2024, 08:14:29,1066
APRL00001,Super Mario BOOM,19177,05/05/2024, 09:13:36,1066
APRL00001,Super Mario BOOM,19177,05/05/2024, 10:12:37,1066
APRL00001,Super Mario BOOM,19179,05/05/2024, 11:10:26,1066
APRL00001,Super Mario BOOM,19180,05/05/2024, 12:20:24,1066
APRL00001,Super Mario BOOM,19181,05/05/2024, 13:12:36,1066
APRL00001,Super Mario BOOM,19182,05/05/2024, 14:11:13,1066
APRL00001,Super Mario BOOM,19184,05/05/2024, 15:13:19,1066
APRL00001,Super Mario BOOM,19184,05/05/2024, 16:14:27,1066
APRL00001,Super Mario BOOM,19185,05/05/2024, 17:10:03,1066
APRL00001,Super Mario BOOM,19189,05/05/2024, 18:14:31,1066
APRL00001,Super Mario BOOM,19195,05/05/2024, 19:11:38,1066
APRL00001,Super Mario BOOM,19198,05/05/2024, 20:12:32,1066
APRL00001,Super Mario BOOM,19199,05/05/2024, 21:10:49,1066
APRL00001,Super Mario BOOM,19199,05/05/2024, 22:12:48,1066
APRL00001,Super Mario BOOM,19199,05/05/2024, 23:11:41,1066
APRL00001,Super Mario BOOM,19204,05/06/2024, 00:53:37,1066
APRL00001,Super Mario BOOM,19204,05/06/2024, 01:54:51,1066
APRL00001,Super Mario BOOM,19206,05/06/2024, 02:27:04,1066
APRL00001,Super Mario BOOM,19208,05/06/2024, 03:14:15,1066
APRL00001,Super Mario BOOM,19208,05/06/2024, 04:15:43,1066
APRL00001,Super Mario BOOM,19209,05/06/2024, 05:13:31,1066
APRL00001,Super Mario BOOM,19209,05/06/2024, 06:17:14,1066
APRL00001,Super Mario BOOM,19209,05/06/2024, 07:12:36,1066
APRL00001,Super Mario BOOM,19212,05/06/2024, 08:16:01,1066
APRL00001,Super Mario BOOM,19212,05/06/2024, 09:14:04,1066
APRL00001,Super Mario BOOM,19213,05/06/2024, 10:13:07,1066
APRL00001,Super Mario BOOM,19213,05/06/2024, 11:10:25,1066
APRL00001,Super Mario BOOM,19213,05/06/2024, 12:21:47,1066
APRL00001,Super Mario BOOM,19214,05/06/2024, 13:14:09,1066
APRL00001,Super Mario BOOM,19214,05/06/2024, 14:12:33,1066
APRL00001,Super Mario BOOM,19216,05/06/2024, 15:12:55,1066
APRL00001,Super Mario BOOM,19216,05/06/2024, 16:15:43,1066
APRL00001,Super Mario BOOM,19217,05/06/2024, 17:13:41,1066
APRL00001,Super Mario BOOM,19218,05/06/2024, 18:17:40,1066
APRL00001,Super Mario BOOM,19218,05/06/2024, 19:10:49,1066
APRL00001,Super Mario BOOM,19220,05/06/2024, 20:12:52,1066
APRL00001,Super Mario BOOM,19220,05/06/2024, 21:12:12,1066
APRL00001,Super Mario BOOM,19221,05/06/2024, 22:12:26,1066
APRL00001,Super Mario BOOM,19221,05/06/2024, 23:11:57,1066
APRL00001,Super Mario BOOM,19222,05/07/2024, 00:52:40,1066
APRL00001,Super Mario BOOM,19223,05/07/2024, 01:54:40,1066
APRL00001,Super Mario BOOM,19223,05/07/2024, 02:29:57,1066
APRL00001,Super Mario BOOM,19223,05/07/2024, 03:14:24,1066
APRL00001,Super Mario BOOM,19225,05/07/2024, 04:15:58,1066
APRL00001,Super Mario BOOM,19227,05/07/2024, 05:13:51,1066
APRL00001,Super Mario BOOM,19229,05/07/2024, 06:16:45,1066
APRL00001,Super Mario BOOM,19230,05/07/2024, 07:17:38,1066
APRL00001,Super Mario BOOM,19230,05/07/2024, 08:15:26,1066
APRL00001,Super Mario BOOM,19230,05/07/2024, 09:14:36,1066
APRL00001,Super Mario BOOM,19231,05/07/2024, 10:13:47,1066
APRL00001,Super Mario BOOM,19231,05/07/2024, 11:11:19,1066
APRL00001,Super Mario BOOM,19231,05/07/2024, 12:21:38,1066
APRL00001,Super Mario BOOM,19233,05/07/2024, 13:12:53,1066
APRL00001,Super Mario BOOM,19233,05/07/2024, 14:11:47,1066
APRL00001,Super Mario BOOM,19234,05/07/2024, 15:11:54,1066
APRL00001,Super Mario BOOM,19234,05/07/2024, 16:14:17,1066
APRL00001,Super Mario BOOM,19235,05/07/2024, 17:11:22,1066
APRL00001,Super Mario BOOM,19238,05/07/2024, 18:15:55,1066
APRL00001,Super Mario BOOM,19238,05/07/2024, 19:10:43,1066
APRL00001,Super Mario BOOM,19238,05/07/2024, 20:11:02,1066
APRL00001,Super Mario BOOM,19242,05/07/2024, 21:11:56,1066
APRL00001,Super Mario BOOM,19243,05/07/2024, 22:12:20,1066
APRL00001,Super Mario BOOM,19244,05/07/2024, 23:10:58,1066
APRL00001,Super Mario BOOM,19245,05/08/2024, 00:43:02,1066
APRL00001,Super Mario BOOM,19247,05/08/2024, 01:32:47,1066
APRL00001,Super Mario BOOM,19248,05/08/2024, 02:13:24,1066
APRL00001,Super Mario BOOM,19249,05/08/2024, 03:14:06,1066
APRL00001,Super Mario BOOM,19251,05/08/2024, 04:13:06,1066
APRL00001,Super Mario BOOM,19252,05/08/2024, 05:12:14,1066
APRL00001,Super Mario BOOM,19253,05/08/2024, 06:14:53,1066
APRL00001,Super Mario BOOM,19253,05/08/2024, 07:13:41,1066
APRL00001,Super Mario BOOM,19254,05/08/2024, 08:13:45,1066
APRL00001,Super Mario BOOM,19254,05/08/2024, 09:13:16,1066
APRL00001,Super Mario BOOM,19254,05/08/2024, 10:14:07,1066
APRL00001,Super Mario BOOM,19254,05/08/2024, 11:12:13,1066
APRL00001,Super Mario BOOM,19255,05/08/2024, 12:22:23,1066
APRL00001,Super Mario BOOM,19257,05/08/2024, 13:15:25,1066
APRL00001,Super Mario BOOM,19258,05/08/2024, 14:11:21,1066
APRL00001,Super Mario BOOM,19258,05/08/2024, 15:12:40,1066
APRL00001,Super Mario BOOM,19259,05/08/2024, 16:15:42,1066
APRL00001,Super Mario BOOM,19260,05/08/2024, 17:10:48,1066
APRL00001,Super Mario BOOM,19261,05/08/2024, 18:16:08,1066
APRL00001,Super Mario BOOM,19263,05/08/2024, 19:10:03,1066
APRL00001,Super Mario BOOM,19263,05/08/2024, 20:12:41,1066
APRL00001,Super Mario BOOM,19264,05/08/2024, 21:13:47,1066
APRL00001,Super Mario BOOM,19265,05/08/2024, 22:11:14,1066
APRL00001,Super Mario BOOM,19265,05/08/2024, 23:13:28,1066
APRL00001,Super Mario BOOM,19270,05/09/2024, 00:53:13,1066
APRL00001,Super Mario BOOM,19271,05/09/2024, 01:56:10,1066
APRL00001,Super Mario BOOM,19271,05/09/2024, 02:27:37,1066
APRL00001,Super Mario BOOM,19271,05/09/2024, 03:13:29,1066
APRL00001,Super Mario BOOM,19271,05/09/2024, 04:17:30,1066
APRL00001,Super Mario BOOM,19271,05/09/2024, 05:13:21,1066
APRL00001,Super Mario BOOM,19272,05/09/2024, 06:16:28,1066
APRL00001,Super Mario BOOM,19272,05/09/2024, 07:13:55,1066
APRL00001,Super Mario BOOM,19273,05/09/2024, 08:15:54,1066
APRL00001,Super Mario BOOM,19274,05/09/2024, 09:13:43,1066
APRL00001,Super Mario BOOM,19274,05/09/2024, 10:14:38,1066
APRL00001,Super Mario BOOM,19276,05/09/2024, 11:11:23,1066
APRL00001,Super Mario BOOM,19276,05/09/2024, 12:21:50,1066
APRL00001,Super Mario BOOM,19277,05/09/2024, 13:15:01,1066
APRL00001,Super Mario BOOM,19277,05/09/2024, 14:12:34,1066
APRL00001,Super Mario BOOM,19279,05/09/2024, 15:14:19,1066
APRL00001,Super Mario BOOM,19280,05/09/2024, 16:15:47,1066
APRL00001,Super Mario BOOM,19280,05/09/2024, 17:11:20,1066
APRL00001,Super Mario BOOM,19281,05/09/2024, 18:14:41,1066
APRL00001,Super Mario BOOM,19282,05/09/2024, 19:09:55,1066
APRL00001,Super Mario BOOM,19284,05/09/2024, 20:12:48,1066
APRL00001,Super Mario BOOM,19289,05/09/2024, 21:13:24,1066
APRL00001,Super Mario BOOM,19291,05/09/2024, 22:11:05,1066
APRL00001,Super Mario BOOM,19292,05/09/2024, 23:12:16,1066
APRL00001,Super Mario BOOM,19294,05/10/2024, 00:53:11,1066
APRL00001,Super Mario BOOM,19295,05/10/2024, 02:00:07,1066
APRL00001,Super Mario BOOM,19295,05/10/2024, 02:29:29,1066
APRL00001,Super Mario BOOM,19297,05/10/2024, 03:13:35,1066
APRL00001,Super Mario BOOM,19297,05/10/2024, 04:14:28,1066
APRL00001,Super Mario BOOM,19297,05/10/2024, 05:12:21,1066
APRL00001,Super Mario BOOM,19297,05/10/2024, 06:16:05,1066
APRL00001,Super Mario BOOM,19301,05/10/2024, 07:13:52,1066
APRL00001,Super Mario BOOM,19301,05/10/2024, 08:15:44,1066
APRL00001,Super Mario BOOM,19304,05/10/2024, 09:13:38,1066
APRL00001,Super Mario BOOM,19306,05/10/2024, 10:13:44,1066
APRL00001,Super Mario BOOM,19306,05/10/2024, 11:11:26,1066
APRL00001,Super Mario BOOM,19306,05/10/2024, 12:21:13,1066
APRL00001,Super Mario BOOM,19308,05/10/2024, 13:13:42,1066
APRL00001,Super Mario BOOM,19308,05/10/2024, 14:11:21,1066
APRL00001,Super Mario BOOM,19311,05/10/2024, 15:12:14,1066
APRL00001,Super Mario BOOM,19311,05/10/2024, 16:15:25,1066
APRL00001,Super Mario BOOM,19313,05/10/2024, 17:11:14,1066
APRL00001,Super Mario BOOM,19315,05/10/2024, 18:15:57,1066
APRL00001,Super Mario BOOM,19315,05/10/2024, 19:10:33,1066
APRL00001,Super Mario BOOM,19316,05/10/2024, 20:12:36,1066
APRL00001,Super Mario BOOM,19316,05/10/2024, 21:13:32,1066
APRL00001,Super Mario BOOM,19317,05/10/2024, 22:13:26,1066
APRL00001,Super Mario BOOM,19319,05/10/2024, 23:12:12,1066
APRL00001,Super Mario BOOM,19324,05/11/2024, 00:52:20,1066
APRL00001,Super Mario BOOM,19328,05/11/2024, 01:51:51,1066
APRL00001,Super Mario BOOM,19329,05/11/2024, 02:22:25,1066
APRL00001,Super Mario BOOM,19330,05/11/2024, 03:13:49,1066
APRL00001,Super Mario BOOM,19331,05/11/2024, 04:15:23,1066
APRL00001,Super Mario BOOM,19331,05/11/2024, 05:12:14,1066
APRL00001,Super Mario BOOM,19332,05/11/2024, 06:15:19,1066
APRL00001,Super Mario BOOM,19332,05/11/2024, 07:13:00,1066
APRL00001,Super Mario BOOM,19332,05/11/2024, 08:14:59,1066
APRL00001,Super Mario BOOM,19332,05/11/2024, 09:12:42,1066
APRL00001,Super Mario BOOM,19332,05/11/2024, 10:13:24,1066
APRL00001,Super Mario BOOM,19332,05/11/2024, 11:09:45,1066
APRL00001,Super Mario BOOM,19332,05/11/2024, 12:20:38,1066
APRL00001,Super Mario BOOM,19334,05/11/2024, 13:11:53,1066
APRL00001,Super Mario BOOM,19334,05/11/2024, 14:10:37,1066
APRL00001,Super Mario BOOM,19335,05/11/2024, 15:11:42,1066
APRL00001,Super Mario BOOM,19336,05/11/2024, 16:14:15,1066
APRL00001,Super Mario BOOM,19339,05/11/2024, 17:12:15,1066
APRL00001,Super Mario BOOM,19339,05/11/2024, 18:15:12,1066
APRL00001,Super Mario BOOM,19339,05/11/2024, 19:10:09,1066
APRL00001,Super Mario BOOM,19341,05/11/2024, 20:12:45,1066
APRL00001,Super Mario BOOM,19344,05/11/2024, 21:11:41,1066
APRL00001,Super Mario BOOM,19346,05/11/2024, 22:11:08,1066
APRL00001,Super Mario BOOM,19346,05/11/2024, 23:12:17,1066
APRL00001,Super Mario BOOM,19354,05/12/2024, 00:57:33,1066
APRL00001,Super Mario BOOM,19355,05/12/2024, 01:58:47,1066
APRL00001,Super Mario BOOM,19355,05/12/2024, 02:30:00,1066
APRL00001,Super Mario BOOM,19355,05/12/2024, 03:13:20,1066
APRL00001,Super Mario BOOM,19356,05/12/2024, 04:15:17,1066
APRL00001,Super Mario BOOM,19356,05/12/2024, 05:12:58,1066
APRL00001,Super Mario BOOM,19357,05/12/2024, 06:16:04,1066
APRL00001,Super Mario BOOM,19357,05/12/2024, 07:10:38,1066
APRL00001,Super Mario BOOM,19357,05/12/2024, 08:15:23,1066
APRL00001,Super Mario BOOM,19359,05/12/2024, 09:12:12,1066
APRL00001,Super Mario BOOM,19359,05/12/2024, 10:12:03,1066
APRL00001,Super Mario BOOM,19359,05/12/2024, 11:11:06,1066
APRL00001,Super Mario BOOM,19359,05/12/2024, 12:22:05,1066
APRL00001,Super Mario BOOM,19359,05/12/2024, 13:12:11,1066
APRL00001,Super Mario BOOM,19360,05/12/2024, 14:11:04,1066
APRL00001,Super Mario BOOM,19360,05/12/2024, 15:12:12,1066
APRL00001,Super Mario BOOM,19364,05/12/2024, 16:14:17,1066
APRL00001,Super Mario BOOM,19364,05/12/2024, 17:10:23,1066
APRL00001,Super Mario BOOM,19364,05/12/2024, 18:16:24,1066
APRL00001,Super Mario BOOM,19365,05/12/2024, 19:09:53,1066
APRL00001,Super Mario BOOM,19368,05/12/2024, 20:12:12,1066
APRL00001,Super Mario BOOM,19370,05/12/2024, 21:12:02,1066
APRL00001,Super Mario BOOM,19372,05/12/2024, 22:11:10,1066
APRL00001,Super Mario BOOM,19373,05/12/2024, 23:12:36,1066
APRL00001,Super Mario BOOM,19378,05/13/2024, 00:54:45,1066
APRL00001,Super Mario BOOM,19378,05/13/2024, 01:56:57,1066
APRL00001,Super Mario BOOM,19378,05/13/2024, 02:28:44,1066
APRL00001,Super Mario BOOM,19378,05/13/2024, 03:13:40,1066
APRL00001,Super Mario BOOM,19380,05/13/2024, 04:15:52,1066
APRL00001,Super Mario BOOM,19380,05/13/2024, 05:14:31,1066
APRL00001,Super Mario BOOM,19380,05/13/2024, 06:16:55,1066
APRL00001,Super Mario BOOM,19380,05/13/2024, 07:12:50,1066
APRL00001,Super Mario BOOM,19381,05/13/2024, 08:16:54,1066
APRL00001,Super Mario BOOM,19381,05/13/2024, 09:13:32,1066
APRL00001,Super Mario BOOM,19381,05/13/2024, 10:13:25,1066
APRL00001,Super Mario BOOM,19382,05/13/2024, 11:10:44,1066
APRL00001,Super Mario BOOM,19384,05/13/2024, 12:22:27,1066
APRL00001,Super Mario BOOM,19385,05/13/2024, 13:14:50,1066
APRL00001,Super Mario BOOM,19385,05/13/2024, 14:11:56,1066
APRL00001,Super Mario BOOM,19386,05/13/2024, 15:14:11,1066
APRL00001,Super Mario BOOM,19388,05/13/2024, 16:17:09,1066
APRL00001,Super Mario BOOM,19389,05/13/2024, 17:11:28,1066
APRL00001,Super Mario BOOM,19390,05/13/2024, 18:14:29,1066
APRL00001,Super Mario BOOM,19394,05/13/2024, 19:10:01,1066
APRL00001,Super Mario BOOM,19394,05/13/2024, 20:12:44,1066
APRL00001,Super Mario BOOM,19394,05/13/2024, 21:13:34,1066
APRL00001,Super Mario BOOM,19395,05/13/2024, 22:13:01,1066
APRL00001,Super Mario BOOM,19395,05/13/2024, 23:12:53,1066
APRL00001,Super Mario BOOM,19396,05/14/2024, 00:53:56,1066
APRL00001,Super Mario BOOM,19396,05/14/2024, 01:53:41,1066
APRL00001,Super Mario BOOM,19398,05/14/2024, 02:24:47,1066
APRL00001,Super Mario BOOM,19399,05/14/2024, 03:14:42,1066
APRL00001,Super Mario BOOM,19401,05/14/2024, 04:14:16,1066
APRL00001,Super Mario BOOM,19402,05/14/2024, 05:13:19,1066
APRL00001,Super Mario BOOM,19402,05/14/2024, 06:17:58,1066
APRL00001,Super Mario BOOM,19402,05/14/2024, 07:12:47,1066
APRL00001,Super Mario BOOM,19407,05/14/2024, 08:17:22,1066
APRL00001,Super Mario BOOM,19407,05/14/2024, 09:13:45,1066
APRL00001,Super Mario BOOM,19407,05/14/2024, 10:15:04,1066
APRL00001,Super Mario BOOM,19407,05/14/2024, 11:10:37,1066
APRL00001,Super Mario BOOM,19407,05/14/2024, 12:22:52,1066
APRL00001,Super Mario BOOM,19407,05/14/2024, 13:14:12,1066
APRL00001,Super Mario BOOM,19409,05/14/2024, 14:11:52,1066
APRL00001,Super Mario BOOM,19409,05/14/2024, 15:14:28,1066
APRL00001,Super Mario BOOM,19411,05/14/2024, 16:16:38,1066
APRL00001,Super Mario BOOM,19414,05/14/2024, 17:10:57,1066
APRL00001,Super Mario BOOM,19418,05/14/2024, 18:15:49,1066
APRL00001,Super Mario BOOM,19418,05/14/2024, 19:10:04,1066
APRL00001,Super Mario BOOM,19418,05/14/2024, 20:14:32,1066
APRL00001,Super Mario BOOM,19418,05/14/2024, 21:11:50,1066
APRL00001,Super Mario BOOM,19419,05/14/2024, 22:12:32,1066
APRL00001,Super Mario BOOM,19419,05/14/2024, 23:11:52,1066
APRL00001,Super Mario BOOM,19423,05/15/2024, 00:53:37,1066
APRL00001,Super Mario BOOM,19423,05/15/2024, 01:57:53,1066
APRL00001,Super Mario BOOM,19423,05/15/2024, 02:30:31,1066
APRL00001,Super Mario BOOM,19423,05/15/2024, 03:15:37,1066
APRL00001,Super Mario BOOM,19423,05/15/2024, 04:16:06,1066
APRL00001,Super Mario BOOM,19425,05/15/2024, 05:13:25,1066
APRL00001,Super Mario BOOM,19425,05/15/2024, 06:16:43,1066
APRL00001,Super Mario BOOM,19426,05/15/2024, 07:12:36,1066
APRL00001,Super Mario BOOM,19429,05/15/2024, 08:15:48,1066
APRL00001,Super Mario BOOM,19429,05/15/2024, 09:15:28,1066
APRL00001,Super Mario BOOM,19433,05/15/2024, 10:13:45,1066
APRL00001,Super Mario BOOM,19433,05/15/2024, 11:11:03,1066
APRL00001,Super Mario BOOM,19434,05/15/2024, 12:23:32,1066
APRL00001,Super Mario BOOM,19434,05/15/2024, 13:14:43,1066
APRL00001,Super Mario BOOM,19436,05/15/2024, 14:13:29,1066
APRL00001,Super Mario BOOM,19438,05/15/2024, 15:12:24,1066
APRL00001,Super Mario BOOM,19441,05/15/2024, 16:15:27,1066
APRL00001,Super Mario BOOM,19442,05/15/2024, 17:12:49,1066
APRL00001,Super Mario BOOM,19444,05/15/2024, 18:16:11,1066
APRL00001,Super Mario BOOM,19448,05/15/2024, 19:11:07,1066
APRL00001,Super Mario BOOM,19450,05/15/2024, 20:14:28,1066
APRL00001,Super Mario BOOM,19452,05/15/2024, 21:12:34,1066
APRL00001,Super Mario BOOM,19453,05/15/2024, 22:13:25,1066
APRL00001,Super Mario BOOM,19455,05/15/2024, 23:13:16,1066
APRL00001,Super Mario BOOM,19456,05/16/2024, 00:53:49,1066
APRL00001,Super Mario BOOM,19460,05/16/2024, 01:54:45,1066
APRL00001,Super Mario BOOM,19460,05/16/2024, 02:25:49,1066
APRL00001,Super Mario BOOM,19461,05/16/2024, 03:15:35,1066
APRL00001,Super Mario BOOM,19462,05/16/2024, 04:13:15,1066
APRL00001,Super Mario BOOM,19462,05/16/2024, 05:13:19,1066
APRL00001,Super Mario BOOM,19462,05/16/2024, 06:14:24,1066
APRL00001,Super Mario BOOM,19462,05/16/2024, 07:10:32,1066
APRL00001,Super Mario BOOM,19463,05/16/2024, 08:13:19,1066
APRL00001,Super Mario BOOM,19463,05/16/2024, 09:12:59,1066
APRL00001,Super Mario BOOM,19463,05/16/2024, 10:13:09,1066
APRL00001,Super Mario BOOM,19464,05/16/2024, 11:11:12,1066
APRL00001,Super Mario BOOM,19464,05/16/2024, 12:22:41,1066
APRL00001,Super Mario BOOM,19465,05/16/2024, 13:14:35,1066
APRL00001,Super Mario BOOM,19466,05/16/2024, 14:12:59,1066
APRL00001,Super Mario BOOM,19466,05/16/2024, 15:12:56,1066
APRL00001,Super Mario BOOM,19468,05/16/2024, 16:14:44,1066
APRL00001,Super Mario BOOM,19469,05/16/2024, 17:12:44,1066
APRL00001,Super Mario BOOM,19470,05/16/2024, 18:15:28,1066
APRL00001,Super Mario BOOM,19471,05/16/2024, 19:10:02,1066
APRL00001,Super Mario BOOM,19474,05/16/2024, 20:12:44,1066
APRL00001,Super Mario BOOM,19474,05/16/2024, 21:12:52,1066
APRL00001,Super Mario BOOM,19477,05/16/2024, 22:12:44,1066
APRL00001,Super Mario BOOM,19477,05/16/2024, 23:12:29,1066
APRL00001,Super Mario BOOM,19477,05/17/2024, 00:54:05,1066
APRL00001,Super Mario BOOM,19478,05/17/2024, 01:54:27,1066
APRL00001,Super Mario BOOM,19480,05/17/2024, 02:25:19,1066
APRL00001,Super Mario BOOM,19481,05/17/2024, 03:13:52,1066
APRL00001,Super Mario BOOM,19481,05/17/2024, 04:15:08,1066
APRL00001,Super Mario BOOM,19481,05/17/2024, 05:13:56,1066
APRL00001,Super Mario BOOM,19482,05/17/2024, 06:17:10,1066
APRL00001,Super Mario BOOM,19482,05/17/2024, 07:12:13,1066
APRL00001,Super Mario BOOM,19482,05/17/2024, 08:15:43,1066
APRL00001,Super Mario BOOM,19483,05/17/2024, 09:14:49,1066
APRL00001,Super Mario BOOM,19483,05/17/2024, 10:13:19,1066
APRL00001,Super Mario BOOM,19483,05/17/2024, 11:11:45,1066
APRL00001,Super Mario BOOM,19484,05/17/2024, 12:21:24,1066
APRL00001,Super Mario BOOM,19485,05/17/2024, 13:14:05,1066
APRL00001,Super Mario BOOM,19485,05/17/2024, 14:12:52,1066
APRL00001,Super Mario BOOM,19486,05/17/2024, 15:13:15,1066
APRL00001,Super Mario BOOM,19487,05/17/2024, 16:14:37,1066
APRL00001,Super Mario BOOM,19487,05/17/2024, 17:11:45,1066
APRL00001,Super Mario BOOM,19488,05/17/2024, 18:16:34,1066
APRL00001,Super Mario BOOM,19491,05/17/2024, 19:11:03,1066
APRL00001,Super Mario BOOM,19494,05/17/2024, 20:13:54,1066
APRL00001,Super Mario BOOM,19495,05/17/2024, 21:11:37,1066
APRL00001,Super Mario BOOM,19497,05/17/2024, 22:12:18,1066
APRL00001,Super Mario BOOM,19501,05/17/2024, 23:13:56,1066
APRL00001,Super Mario BOOM,19501,05/18/2024, 00:53:08,1066
APRL00001,Super Mario BOOM,19501,05/18/2024, 01:52:56,1066
APRL00001,Super Mario BOOM,19503,05/18/2024, 02:25:47,1066
APRL00001,Super Mario BOOM,19505,05/18/2024, 03:13:50,1066
APRL00001,Super Mario BOOM,19505,05/18/2024, 04:14:43,1066
APRL00001,Super Mario BOOM,19506,05/18/2024, 05:12:44,1066
APRL00001,Super Mario BOOM,19506,05/18/2024, 06:15:36,1066
APRL00001,Super Mario BOOM,19508,05/18/2024, 07:12:26,1066
APRL00001,Super Mario BOOM,19511,05/18/2024, 08:14:14,1066
APRL00001,Super Mario BOOM,19511,05/18/2024, 09:13:22,1066
APRL00001,Super Mario BOOM,19512,05/18/2024, 10:11:59,1066
APRL00001,Super Mario BOOM,19514,05/18/2024, 11:10:21,1066
APRL00001,Super Mario BOOM,19514,05/18/2024, 12:20:49,1066
APRL00001,Super Mario BOOM,19515,05/18/2024, 13:13:20,1066
APRL00001,Super Mario BOOM,19515,05/18/2024, 14:11:28,1066
APRL00001,Super Mario BOOM,19515,05/18/2024, 15:13:36,1066
APRL00001,Super Mario BOOM,19517,05/18/2024, 16:14:23,1066
APRL00001,Super Mario BOOM,19518,05/18/2024, 17:10:07,1066
APRL00001,Super Mario BOOM,19519,05/18/2024, 18:15:37,1066
APRL00001,Super Mario BOOM,19519,05/18/2024, 19:09:41,1066
APRL00001,Super Mario BOOM,19520,05/18/2024, 20:13:12,1066
APRL00001,Super Mario BOOM,19521,05/18/2024, 21:10:49,1066
APRL00001,Super Mario BOOM,19522,05/18/2024, 22:10:56,1066
APRL00001,Super Mario BOOM,19523,05/18/2024, 23:11:52,1066
APRL00001,Super Mario BOOM,19524,05/19/2024, 00:57:31,1066
APRL00001,Super Mario BOOM,19525,05/19/2024, 01:59:31,1066
APRL00001,Super Mario BOOM,19525,05/19/2024, 02:31:43,1066
APRL00001,Super Mario BOOM,19525,05/19/2024, 03:14:58,1066
APRL00001,Super Mario BOOM,19525,05/19/2024, 04:15:12,1066
APRL00001,Super Mario BOOM,19526,05/19/2024, 05:12:33,1066
APRL00001,Super Mario BOOM,19526,05/19/2024, 06:15:36,1066
APRL00001,Super Mario BOOM,19526,05/19/2024, 07:10:51,1066
APRL00001,Super Mario BOOM,19528,05/19/2024, 08:14:35,1066
APRL00001,Super Mario BOOM,19529,05/19/2024, 09:13:13,1066
APRL00001,Super Mario BOOM,19530,05/19/2024, 10:12:02,1066
APRL00001,Super Mario BOOM,19530,05/19/2024, 11:11:02,1066
APRL00001,Super Mario BOOM,19532,05/19/2024, 12:21:47,1066
APRL00001,Super Mario BOOM,19533,05/19/2024, 13:12:01,1066
APRL00001,Super Mario BOOM,19537,05/19/2024, 14:11:36,1066
APRL00001,Super Mario BOOM,19540,05/19/2024, 15:12:00,1066
APRL00001,Super Mario BOOM,19541,05/19/2024, 16:14:47,1066
APRL00001,Super Mario BOOM,19544,05/19/2024, 17:11:30,1066
APRL00001,Super Mario BOOM,19545,05/19/2024, 18:15:19,1066
APRL00001,Super Mario BOOM,19546,05/19/2024, 19:09:41,1066
APRL00001,Super Mario BOOM,19547,05/19/2024, 20:13:34,1066
APRL00001,Super Mario BOOM,19549,05/19/2024, 21:12:23,1066
APRL00001,Super Mario BOOM,19549,05/19/2024, 22:14:10,1066
APRL00001,Super Mario BOOM,19549,05/19/2024, 23:13:49,1066
APRL00001,Super Mario BOOM,19552,05/20/2024, 00:54:16,1066
APRL00001,Super Mario BOOM,19553,05/20/2024, 01:57:14,1066
APRL00001,Super Mario BOOM,19553,05/20/2024, 02:29:39,1066
APRL00001,Super Mario BOOM,19553,05/20/2024, 03:14:31,1066
APRL00001,Super Mario BOOM,19553,05/20/2024, 04:15:46,1066
APRL00001,Super Mario BOOM,19554,05/20/2024, 05:14:20,1066
APRL00001,Super Mario BOOM,19555,05/20/2024, 06:17:30,1066
APRL00001,Super Mario BOOM,19557,05/20/2024, 07:13:38,1066
APRL00001,Super Mario BOOM,19558,05/20/2024, 08:16:32,1066
APRL00001,Super Mario BOOM,19559,05/20/2024, 09:16:05,1066
APRL00001,Super Mario BOOM,19560,05/20/2024, 10:13:40,1066
APRL00001,Super Mario BOOM,19560,05/20/2024, 11:11:43,1066
APRL00001,Super Mario BOOM,19562,05/20/2024, 12:24:41,1066
APRL00001,Super Mario BOOM,19563,05/20/2024, 13:15:39,1066
APRL00001,Super Mario BOOM,19563,05/20/2024, 14:12:38,1066
APRL00001,Super Mario BOOM,19564,05/20/2024, 15:13:50,1066
APRL00001,Super Mario BOOM,19565,05/20/2024, 16:16:01,1066
APRL00001,Super Mario BOOM,19566,05/20/2024, 17:13:50,1066
APRL00001,Super Mario BOOM,19566,05/20/2024, 18:16:02,1066
APRL00001,Super Mario BOOM,19566,05/20/2024, 19:10:15,1066
APRL00001,Super Mario BOOM,19566,05/20/2024, 20:13:03,1066
APRL00001,Super Mario BOOM,19567,05/20/2024, 21:11:39,1066
APRL00001,Super Mario BOOM,19568,05/20/2024, 22:11:50,1066
APRL00001,Super Mario BOOM,19570,05/20/2024, 23:13:10,1066
APRL00001,Super Mario BOOM,19572,05/21/2024, 00:53:54,1066
APRL00001,Super Mario BOOM,19572,05/21/2024, 01:54:45,1066
APRL00001,Super Mario BOOM,19573,05/21/2024, 02:26:35,1066
APRL00001,Super Mario BOOM,19573,05/21/2024, 03:14:16,1066
APRL00001,Super Mario BOOM,19573,05/21/2024, 04:15:00,1066
APRL00001,Super Mario BOOM,19574,05/21/2024, 05:13:30,1066
APRL00001,Super Mario BOOM,19575,05/21/2024, 06:17:39,1066
APRL00001,Super Mario BOOM,19575,05/21/2024, 07:12:14,1066
APRL00001,Super Mario BOOM,19577,05/21/2024, 08:15:51,1066
APRL00001,Super Mario BOOM,19579,05/21/2024, 09:13:59,1066
APRL00001,Super Mario BOOM,19579,05/21/2024, 10:13:19,1066
APRL00001,Super Mario BOOM,19579,05/21/2024, 11:11:45,1066
APRL00001,Super Mario BOOM,19579,05/21/2024, 12:22:11,1066
APRL00001,Super Mario BOOM,19579,05/21/2024, 13:15:05,1066
APRL00001,Super Mario BOOM,19579,05/21/2024, 14:11:50,1066
APRL00001,Super Mario BOOM,19579,05/21/2024, 15:13:09,1066
APRL00001,Super Mario BOOM,19581,05/21/2024, 16:15:05,1066
APRL00001,Super Mario BOOM,19584,05/21/2024, 17:11:40,1066
APRL00001,Super Mario BOOM,19585,05/21/2024, 18:15:55,1066
APRL00001,Super Mario BOOM,19585,05/21/2024, 19:11:26,1066
APRL00001,Super Mario BOOM,19587,05/21/2024, 20:14:26,1066
APRL00001,Super Mario BOOM,19587,05/21/2024, 21:11:59,1066
APRL00001,Super Mario BOOM,19587,05/21/2024, 22:12:00,1066
APRL00001,Super Mario BOOM,19587,05/21/2024, 23:14:08,1066
APRL00001,Super Mario BOOM,19587,05/22/2024, 00:54:10,1066
APRL00001,Super Mario BOOM,19588,05/22/2024, 01:55:41,1066
APRL00001,Super Mario BOOM,19589,05/22/2024, 02:27:02,1066
APRL00001,Super Mario BOOM,19590,05/22/2024, 03:15:17,1066
APRL00001,Super Mario BOOM,19593,05/22/2024, 04:14:58,1066
APRL00001,Super Mario BOOM,19595,05/22/2024, 05:14:09,1066
APRL00001,Super Mario BOOM,19596,05/22/2024, 06:17:11,1066
APRL00001,Super Mario BOOM,19597,05/22/2024, 07:12:32,1066
APRL00001,Super Mario BOOM,19599,05/22/2024, 08:16:44,1066
APRL00001,Super Mario BOOM,19601,05/22/2024, 09:14:56,1066
APRL00001,Super Mario BOOM,19601,05/22/2024, 10:13:49,1066
APRL00001,Super Mario BOOM,19602,05/22/2024, 11:12:09,1066
APRL00001,Super Mario BOOM,19605,05/22/2024, 12:22:59,1066
APRL00001,Super Mario BOOM,19605,05/22/2024, 13:15:02,1066
APRL00001,Super Mario BOOM,19605,05/22/2024, 14:12:05,1066
APRL00001,Super Mario BOOM,19607,05/22/2024, 15:13:35,1066
APRL00001,Super Mario BOOM,19607,05/22/2024, 16:17:07,1066
APRL00001,Super Mario BOOM,19607,05/22/2024, 17:11:18,1066
APRL00001,Super Mario BOOM,19607,05/22/2024, 18:16:21,1066
APRL00001,Super Mario BOOM,19609,05/22/2024, 19:10:27,1066
APRL00001,Super Mario BOOM,19610,05/22/2024, 20:13:30,1066
APRL00001,Super Mario BOOM,19611,05/22/2024, 21:13:48,1066
APRL00001,Super Mario BOOM,19611,05/22/2024, 22:11:49,1066
APRL00001,Super Mario BOOM,19612,05/22/2024, 23:14:22,1066
APRL00001,Super Mario BOOM,19613,05/23/2024, 00:53:56,1066
APRL00001,Super Mario BOOM,19614,05/23/2024, 01:54:50,1066
APRL00001,Super Mario BOOM,19615,05/23/2024, 02:26:38,1066
APRL00001,Super Mario BOOM,19616,05/23/2024, 03:14:02,1066
APRL00001,Super Mario BOOM,19618,05/23/2024, 04:14:49,1066
APRL00001,Super Mario BOOM,19618,05/23/2024, 05:14:47,1066
APRL00001,Super Mario BOOM,19618,05/23/2024, 06:18:07,1066
APRL00001,Super Mario BOOM,19619,05/23/2024, 07:12:06,1066
APRL00001,Super Mario BOOM,19620,05/23/2024, 08:15:55,1066
APRL00001,Super Mario BOOM,19620,05/23/2024, 09:14:46,1066
APRL00001,Super Mario BOOM,19620,05/23/2024, 10:14:55,1066
APRL00001,Super Mario BOOM,19622,05/23/2024, 11:12:43,1066
APRL00001,Super Mario BOOM,19622,05/23/2024, 12:22:14,1066
APRL00001,Super Mario BOOM,19623,05/23/2024, 13:14:23,1066
APRL00001,Super Mario BOOM,19625,05/23/2024, 14:12:36,1066
APRL00001,Super Mario BOOM,19625,05/23/2024, 15:14:02,1066
APRL00001,Super Mario BOOM,19627,05/23/2024, 16:15:59,1066
APRL00001,Super Mario BOOM,19629,05/23/2024, 17:13:10,1066
APRL00001,Super Mario BOOM,19630,05/23/2024, 18:15:59,1066
APRL00001,Super Mario BOOM,19630,05/23/2024, 19:11:30,1066
APRL00001,Super Mario BOOM,19631,05/23/2024, 20:13:54,1066
APRL00001,Super Mario BOOM,19632,05/23/2024, 21:11:56,1066
APRL00001,Super Mario BOOM,19633,05/23/2024, 22:12:19,1066
APRL00001,Super Mario BOOM,19635,05/23/2024, 23:13:24,1066
APRL00001,Super Mario BOOM,19641,05/24/2024, 00:54:10,1066
APRL00001,Super Mario BOOM,19642,05/24/2024, 01:56:14,1066
APRL00001,Super Mario BOOM,19642,05/24/2024, 02:27:11,1066
APRL00001,Super Mario BOOM,19643,05/24/2024, 03:14:08,1066
APRL00001,Super Mario BOOM,19645,05/24/2024, 04:16:00,1066
APRL00001,Super Mario BOOM,19645,05/24/2024, 05:12:49,1066
APRL00001,Super Mario BOOM,19645,05/24/2024, 06:17:24,1066
APRL00001,Super Mario BOOM,19645,05/24/2024, 07:11:44,1066
APRL00001,Super Mario BOOM,19645,05/24/2024, 08:15:53,1066
APRL00001,Super Mario BOOM,19647,05/24/2024, 09:13:49,1066
APRL00001,Super Mario BOOM,19649,05/24/2024, 10:13:30,1066
APRL00001,Super Mario BOOM,19649,05/24/2024, 11:12:54,1066
APRL00001,Super Mario BOOM,19649,05/24/2024, 12:22:10,1066
APRL00001,Super Mario BOOM,19650,05/24/2024, 13:14:26,1066
APRL00001,Super Mario BOOM,19651,05/24/2024, 14:13:02,1066
APRL00001,Super Mario BOOM,19651,05/24/2024, 15:14:07,1066
APRL00001,Super Mario BOOM,19651,05/24/2024, 16:14:46,1066
APRL00001,Super Mario BOOM,19654,05/24/2024, 17:12:10,1066
APRL00001,Super Mario BOOM,19655,05/24/2024, 18:16:21,1066
APRL00001,Super Mario BOOM,19658,05/24/2024, 19:10:51,1066
APRL00001,Super Mario BOOM,19659,05/24/2024, 20:13:29,1066
APRL00001,Super Mario BOOM,19661,05/24/2024, 21:12:10,1066
APRL00001,Super Mario BOOM,19661,05/24/2024, 22:12:34,1066
APRL00001,Super Mario BOOM,19661,05/24/2024, 23:12:11,1066
APRL00001,Super Mario BOOM,19663,05/25/2024, 00:52:59,1066
APRL00001,Super Mario BOOM,19663,05/25/2024, 01:53:47,1066
APRL00001,Super Mario BOOM,19663,05/25/2024, 02:24:56,1066
APRL00001,Super Mario BOOM,19663,05/25/2024, 03:15:03,1066
APRL00001,Super Mario BOOM,19665,05/25/2024, 04:14:21,1066
APRL00001,Super Mario BOOM,19665,05/25/2024, 05:12:07,1066
APRL00001,Super Mario BOOM,19665,05/25/2024, 06:16:57,1066
APRL00001,Super Mario BOOM,19665,05/25/2024, 07:11:21,1066
APRL00001,Super Mario BOOM,19665,05/25/2024, 08:15:53,1066
APRL00001,Super Mario BOOM,19665,05/25/2024, 09:12:36,1066
APRL00001,Super Mario BOOM,19666,05/25/2024, 10:13:25,1066
APRL00001,Super Mario BOOM,19666,05/25/2024, 11:11:48,1066
APRL00001,Super Mario BOOM,19668,05/25/2024, 12:21:34,1066
APRL00001,Super Mario BOOM,19668,05/25/2024, 13:12:21,1066
APRL00001,Super Mario BOOM,19670,05/25/2024, 14:10:47,1066
APRL00001,Super Mario BOOM,19672,05/25/2024, 15:12:47,1066
APRL00001,Super Mario BOOM,19672,05/25/2024, 16:14:28,1066
APRL00001,Super Mario BOOM,19672,05/25/2024, 17:13:27,1066
APRL00001,Super Mario BOOM,19672,05/25/2024, 18:14:59,1066
APRL00001,Super Mario BOOM,19673,05/25/2024, 19:10:50,1066
APRL00001,Super Mario BOOM,19675,05/25/2024, 20:12:31,1066
APRL00001,Super Mario BOOM,19679,05/25/2024, 21:11:02,1066
APRL00001,Super Mario BOOM,19680,05/25/2024, 22:12:08,1066
APRL00001,Super Mario BOOM,19681,05/25/2024, 23:12:18,1066
APRL00001,Super Mario BOOM,19682,05/26/2024, 00:58:36,1066
APRL00001,Super Mario BOOM,19683,05/26/2024, 02:01:08,1066
APRL00001,Super Mario BOOM,19686,05/26/2024, 02:35:33,1066
APRL00001,Super Mario BOOM,19687,05/26/2024, 03:13:21,1066
APRL00001,Super Mario BOOM,19687,05/26/2024, 04:14:21,1066
APRL00001,Super Mario BOOM,19687,05/26/2024, 05:11:55,1066
APRL00001,Super Mario BOOM,19689,05/26/2024, 06:16:28,1066
APRL00001,Super Mario BOOM,19693,05/26/2024, 08:14:16,1066
APRL00001,Super Mario BOOM,19694,05/26/2024, 09:13:08,1066
APRL00001,Super Mario BOOM,19695,05/26/2024, 10:13:16,1066
APRL00001,Super Mario BOOM,19696,05/26/2024, 11:10:54,1066
APRL00001,Super Mario BOOM,19698,05/26/2024, 12:20:48,1066
APRL00001,Super Mario BOOM,19700,05/26/2024, 13:12:19,1066
APRL00001,Super Mario BOOM,19702,05/26/2024, 14:10:48,1066
APRL00001,Super Mario BOOM,19702,05/26/2024, 15:13:46,1066
APRL00001,Super Mario BOOM,19704,05/26/2024, 16:15:06,1066
APRL00001,Super Mario BOOM,19705,05/26/2024, 17:11:26,1066
APRL00001,Super Mario BOOM,19706,05/26/2024, 18:15:27,1066
APRL00001,Super Mario BOOM,19707,05/26/2024, 19:10:36,1066
APRL00001,Super Mario BOOM,19710,05/26/2024, 20:12:32,1066
APRL00001,Super Mario BOOM,19714,05/26/2024, 21:12:12,1066
APRL00001,Super Mario BOOM,19715,05/26/2024, 22:11:40,1066
APRL00001,Super Mario BOOM,19716,05/26/2024, 23:12:16,1066
APRL00001,Super Mario BOOM,19719,05/27/2024, 00:55:20,1066
APRL00001,Super Mario BOOM,19719,05/27/2024, 01:57:18,1066
APRL00001,Super Mario BOOM,19719,05/27/2024, 02:29:02,1066
APRL00001,Super Mario BOOM,19721,05/27/2024, 03:15:13,1066
APRL00001,Super Mario BOOM,19722,05/27/2024, 04:16:29,1066
APRL00001,Super Mario BOOM,19724,05/27/2024, 05:13:04,1066
APRL00001,Super Mario BOOM,19726,05/27/2024, 06:18:29,1066
APRL00001,Super Mario BOOM,19726,05/27/2024, 07:13:31,1066
APRL00001,Super Mario BOOM,19726,05/27/2024, 08:16:52,1066
APRL00001,Super Mario BOOM,19726,05/27/2024, 10:13:46,1066
APRL00001,Super Mario BOOM,19726,05/27/2024, 11:12:16,1066
APRL00001,Super Mario BOOM,19727,05/27/2024, 12:22:56,1066
APRL00001,Super Mario BOOM,19727,05/27/2024, 13:14:44,1066
APRL00001,Super Mario BOOM,19729,05/27/2024, 14:11:51,1066
APRL00001,Super Mario BOOM,19731,05/27/2024, 15:14:37,1066
APRL00001,Super Mario BOOM,19731,05/27/2024, 16:15:09,1066
APRL00001,Super Mario BOOM,19734,05/27/2024, 17:10:59,1066
APRL00001,Super Mario BOOM,19734,05/27/2024, 18:16:16,1066
APRL00001,Super Mario BOOM,19735,05/27/2024, 19:11:15,1066
APRL00001,Super Mario BOOM,19739,05/27/2024, 20:13:01,1066
APRL00001,Super Mario BOOM,19741,05/27/2024, 21:12:54,1066
APRL00001,Super Mario BOOM,19742,05/27/2024, 22:11:49,1066
APRL00001,Super Mario BOOM,19744,05/27/2024, 23:14:07,1066
APRL00001,Super Mario BOOM,19744,05/28/2024, 00:54:39,1066
APRL00001,Super Mario BOOM,19744,05/28/2024, 02:03:18,1066
APRL00001,Super Mario BOOM,19745,05/28/2024, 02:29:30,1066
APRL00001,Super Mario BOOM,19746,05/28/2024, 03:14:07,1066
APRL00001,Super Mario BOOM,19746,05/28/2024, 04:17:31,1066
APRL00001,Super Mario BOOM,19747,05/28/2024, 05:12:18,1066
APRL00001,Super Mario BOOM,19747,05/28/2024, 06:17:14,1066
APRL00001,Super Mario BOOM,19747,05/28/2024, 07:13:33,1066
APRL00001,Super Mario BOOM,19747,05/28/2024, 08:17:14,1066
APRL00001,Super Mario BOOM,19748,05/28/2024, 09:13:25,1066
APRL00001,Super Mario BOOM,19748,05/28/2024, 10:13:41,1066
APRL00001,Super Mario BOOM,19750,05/28/2024, 11:10:51,1066
APRL00001,Super Mario BOOM,19751,05/28/2024, 12:22:35,1066
APRL00001,Super Mario BOOM,19752,05/28/2024, 13:14:52,1066
APRL00001,Super Mario BOOM,19752,05/28/2024, 14:12:44,1066
APRL00001,Super Mario BOOM,19753,05/28/2024, 15:12:49,1066
APRL00001,Super Mario BOOM,19754,05/28/2024, 16:15:15,1066
APRL00001,Super Mario BOOM,19754,05/28/2024, 17:11:57,1066
APRL00001,Super Mario BOOM,19755,05/28/2024, 18:15:53,1066
APRL00001,Super Mario BOOM,19756,05/28/2024, 19:11:00,1066
APRL00001,Super Mario BOOM,19758,05/28/2024, 20:14:27,1066
APRL00001,Super Mario BOOM,19759,05/28/2024, 21:12:44,1066
APRL00001,Super Mario BOOM,19761,05/28/2024, 22:11:58,1066
APRL00001,Super Mario BOOM,19762,05/28/2024, 23:14:08,1066
APRL00001,Super Mario BOOM,19763,05/29/2024, 00:57:56,1066
APRL00001,Super Mario BOOM,19763,05/29/2024, 02:00:14,1066
APRL00001,Super Mario BOOM,19763,05/29/2024, 02:34:37,1066
APRL00001,Super Mario BOOM,19763,05/29/2024, 03:14:23,1066
APRL00001,Super Mario BOOM,19763,05/29/2024, 04:17:02,1066
APRL00001,Super Mario BOOM,19763,05/29/2024, 05:13:31,1066
APRL00001,Super Mario BOOM,19763,05/29/2024, 06:17:09,1066
APRL00001,Super Mario BOOM,19763,05/29/2024, 07:12:29,1066
APRL00001,Super Mario BOOM,19763,05/29/2024, 08:17:22,1066
APRL00001,Super Mario BOOM,19763,05/29/2024, 09:14:58,1066
APRL00001,Super Mario BOOM,19763,05/29/2024, 10:14:56,1066
APRL00001,Super Mario BOOM,19765,05/29/2024, 11:11:44,1066
APRL00001,Super Mario BOOM,19766,05/29/2024, 12:22:46,1066
APRL00001,Super Mario BOOM,19766,05/29/2024, 13:14:40,1066
APRL00001,Super Mario BOOM,19766,05/29/2024, 14:13:02,1066
APRL00001,Super Mario BOOM,19768,05/29/2024, 15:14:28,1066
APRL00001,Super Mario BOOM,19770,05/29/2024, 16:16:34,1066
APRL00001,Super Mario BOOM,19770,05/29/2024, 17:12:45,1066
APRL00001,Super Mario BOOM,19771,05/29/2024, 18:15:59,1066
APRL00001,Super Mario BOOM,19774,05/29/2024, 19:10:59,1066
APRL00001,Super Mario BOOM,19775,05/29/2024, 20:13:51,1066
APRL00001,Super Mario BOOM,19775,05/29/2024, 21:11:41,1066
APRL00001,Super Mario BOOM,19776,05/29/2024, 22:12:26,1066
APRL00001,Super Mario BOOM,19776,05/29/2024, 23:13:05,1066
APRL00001,Super Mario BOOM,19778,05/30/2024, 00:54:53,1066
APRL00001,Super Mario BOOM,19778,05/30/2024, 01:58:05,1066
APRL00001,Super Mario BOOM,19778,05/30/2024, 02:29:59,1066
APRL00001,Super Mario BOOM,19781,05/30/2024, 03:14:10,1066
APRL00001,Super Mario BOOM,19782,05/30/2024, 04:18:17,1066
APRL00001,Super Mario BOOM,19783,05/30/2024, 05:13:04,1066
APRL00001,Super Mario BOOM,19783,05/30/2024, 06:17:11,1066
APRL00001,Super Mario BOOM,19785,05/30/2024, 07:12:56,1066
APRL00001,Super Mario BOOM,19785,05/30/2024, 08:17:05,1066
APRL00001,Super Mario BOOM,19785,05/30/2024, 09:14:28,1066
APRL00001,Super Mario BOOM,19787,05/30/2024, 10:14:04,1066
APRL00001,Super Mario BOOM,19788,05/30/2024, 11:11:02,1066
APRL00001,Super Mario BOOM,19789,05/30/2024, 12:23:04,1066
APRL00001,Super Mario BOOM,19791,05/30/2024, 13:14:26,1066
APRL00001,Super Mario BOOM,19793,05/30/2024, 14:13:18,1066
APRL00001,Super Mario BOOM,19793,05/30/2024, 15:14:09,1066
APRL00001,Super Mario BOOM,19793,05/30/2024, 16:15:33,1066
APRL00001,Super Mario BOOM,19796,05/30/2024, 17:11:37,1066
APRL00001,Super Mario BOOM,19798,05/30/2024, 18:17:43,1066
APRL00001,Super Mario BOOM,19798,05/30/2024, 19:12:17,1066
APRL00001,Super Mario BOOM,19800,05/30/2024, 20:14:43,1066
APRL00001,Super Mario BOOM,19802,05/30/2024, 21:13:25,1066
APRL00001,Super Mario BOOM,19803,05/30/2024, 22:13:04,1066
APRL00001,Super Mario BOOM,19804,05/30/2024, 23:13:18,1066
APRL00001,Super Mario BOOM,19807,05/31/2024, 00:55:33,1066
APRL00001,Super Mario BOOM,19808,05/31/2024, 01:57:39,1066
APRL00001,Super Mario BOOM,19808,05/31/2024, 02:29:53,1066
APRL00001,Super Mario BOOM,19809,05/31/2024, 03:14:14,1066
APRL00001,Super Mario BOOM,19809,05/31/2024, 04:16:41,1066
APRL00001,Super Mario BOOM,19812,05/31/2024, 05:15:07,1066
APRL00001,Super Mario BOOM,19812,05/31/2024, 06:17:22,1066
APRL00001,Super Mario BOOM,19812,05/31/2024, 07:12:07,1066
APRL00001,Super Mario BOOM,19813,05/31/2024, 08:16:30,1066
APRL00001,Super Mario BOOM,19813,05/31/2024, 09:15:28,1066
APRL00001,Super Mario BOOM,19813,05/31/2024, 10:13:58,1066
APRL00001,Super Mario BOOM,19813,05/31/2024, 11:11:37,1066
APRL00001,Super Mario BOOM,19813,05/31/2024, 12:22:32,1066
APRL00001,Super Mario BOOM,19814,05/31/2024, 13:14:14,1066
APRL00001,Super Mario BOOM,19817,05/31/2024, 14:11:52,1066
APRL00001,Super Mario BOOM,19818,05/31/2024, 15:14:57,1066
APRL00001,Super Mario BOOM,19819,05/31/2024, 16:14:49,1066
APRL00001,Super Mario BOOM,19820,05/31/2024, 17:11:59,1066
APRL00001,Super Mario BOOM,19821,05/31/2024, 18:16:14,1066
APRL00001,Super Mario BOOM,19821,05/31/2024, 19:11:27,1066
APRL00001,Super Mario BOOM,19823,05/31/2024, 20:13:13,1066
APRL00001,Super Mario BOOM,19825,05/31/2024, 21:12:40,1066
APRL00001,Super Mario BOOM,19827,05/31/2024, 22:12:04,1066
APRL00001,Super Mario BOOM,19828,05/31/2024, 23:12:26,1066
APRL00001,Super Mario BOOM,19830,06/01/2024, 00:58:10,1066
APRL00001,Super Mario BOOM,19833,06/01/2024, 02:01:37,1066
APRL00001,Super Mario BOOM,19833,06/01/2024, 02:38:20,1066
APRL00001,Super Mario BOOM,19833,06/01/2024, 03:16:01,1066
APRL00001,Super Mario BOOM,19835,06/01/2024, 04:15:05,1066
APRL00001,Super Mario BOOM,19836,06/01/2024, 05:13:35,1066
APRL00001,Super Mario BOOM,19837,06/01/2024, 06:16:40,1066
APRL00001,Super Mario BOOM,19837,06/01/2024, 07:11:31,1066
APRL00001,Super Mario BOOM,19838,06/01/2024, 08:15:22,1066
APRL00001,Super Mario BOOM,19838,06/01/2024, 09:15:21,1066
APRL00001,Super Mario BOOM,19840,06/01/2024, 10:13:19,1066
APRL00001,Super Mario BOOM,19841,06/01/2024, 11:12:26,1066
APRL00001,Super Mario BOOM,19841,06/01/2024, 12:21:37,1066
APRL00001,Super Mario BOOM,19841,06/01/2024, 13:12:29,1066
APRL00001,Super Mario BOOM,19842,06/01/2024, 14:12:11,1066
APRL00001,Super Mario BOOM,19846,06/01/2024, 15:12:01,1066
APRL00001,Super Mario BOOM,19846,06/01/2024, 16:14:14,1066
APRL00001,Super Mario BOOM,19848,06/01/2024, 17:11:43,1066
APRL00001,Super Mario BOOM,19850,06/01/2024, 18:15:46,1066
APRL00001,Super Mario BOOM,19851,06/01/2024, 19:12:00,1066
APRL00001,Super Mario BOOM,19852,06/01/2024, 20:12:25,1066
APRL00001,Super Mario BOOM,19854,06/01/2024, 21:12:36,1066
APRL00001,Super Mario BOOM,19857,06/01/2024, 22:11:26,1066
APRL00001,Super Mario BOOM,19860,06/01/2024, 23:14:09,1066
APRL00001,Super Mario BOOM,19861,06/02/2024, 00:58:32,1066
APRL00001,Super Mario BOOM,19862,06/02/2024, 02:02:23,1066
APRL00001,Super Mario BOOM,19863,06/02/2024, 03:14:25,1066
APRL00001,Super Mario BOOM,19863,06/02/2024, 04:14:32,1066
APRL00001,Super Mario BOOM,19865,06/02/2024, 05:12:23,1066
APRL00001,Super Mario BOOM,19866,06/02/2024, 06:17:49,1066
APRL00001,Super Mario BOOM,19867,06/02/2024, 07:12:38,1066
APRL00001,Super Mario BOOM,19869,06/02/2024, 08:14:46,1066
APRL00001,Super Mario BOOM,19869,06/02/2024, 09:13:41,1066
APRL00001,Super Mario BOOM,19869,06/02/2024, 10:12:42,1066
APRL00001,Super Mario BOOM,19869,06/02/2024, 11:11:08,1066
APRL00001,Super Mario BOOM,19869,06/02/2024, 12:21:14,1066
APRL00001,Super Mario BOOM,19869,06/02/2024, 13:12:39,1066
APRL00001,Super Mario BOOM,19871,06/02/2024, 14:11:15,1066
APRL00001,Super Mario BOOM,19872,06/02/2024, 15:12:13,1066
APRL00001,Super Mario BOOM,19872,06/02/2024, 16:14:45,1066
APRL00001,Super Mario BOOM,19872,06/02/2024, 17:12:27,1066
APRL00001,Super Mario BOOM,19873,06/02/2024, 18:16:47,1066
APRL00001,Super Mario BOOM,19873,06/02/2024, 19:10:09,1066
APRL00001,Super Mario BOOM,19874,06/02/2024, 20:12:28,1066
APRL00001,Super Mario BOOM,19878,06/02/2024, 21:12:42,1066
APRL00001,Super Mario BOOM,19880,06/02/2024, 22:11:43,1066
APRL00001,Super Mario BOOM,19881,06/02/2024, 23:12:49,1066
APRL00001,Super Mario BOOM,19883,06/03/2024, 00:56:22,1066
APRL00001,Super Mario BOOM,19884,06/03/2024, 01:59:14,1066
APRL00001,Super Mario BOOM,19885,06/03/2024, 02:33:16,1066
APRL00001,Super Mario BOOM,19886,06/03/2024, 03:15:22,1066
APRL00001,Super Mario BOOM,19886,06/03/2024, 04:17:25,1066
APRL00001,Super Mario BOOM,19887,06/03/2024, 05:14:34,1066
APRL00001,Super Mario BOOM,19888,06/03/2024, 06:17:48,1066
APRL00001,Super Mario BOOM,19890,06/03/2024, 07:12:40,1066
APRL00001,Super Mario BOOM,19890,06/03/2024, 08:17:31,1066
APRL00001,Super Mario BOOM,19892,06/03/2024, 09:14:21,1066
APRL00001,Super Mario BOOM,19893,06/03/2024, 10:16:42,1066
APRL00001,Super Mario BOOM,19894,06/03/2024, 11:11:38,1066
APRL00001,Super Mario BOOM,19894,06/03/2024, 12:23:52,1066
APRL00001,Super Mario BOOM,19894,06/03/2024, 13:15:30,1066
APRL00001,Super Mario BOOM,19894,06/03/2024, 14:12:38,1066
APRL00001,Super Mario BOOM,19895,06/03/2024, 15:14:10,1066
APRL00001,Super Mario BOOM,19898,06/03/2024, 16:16:41,1066
APRL00001,Super Mario BOOM,19899,06/03/2024, 17:12:30,1066
APRL00001,Super Mario BOOM,19901,06/03/2024, 18:17:18,1066
APRL00001,Super Mario BOOM,19901,06/03/2024, 19:11:48,1066
APRL00001,Super Mario BOOM,19904,06/03/2024, 20:13:14,1066
APRL00001,Super Mario BOOM,19906,06/03/2024, 21:13:19,1066
APRL00001,Super Mario BOOM,19908,06/03/2024, 22:12:39,1066
APRL00001,Super Mario BOOM,19908,06/03/2024, 23:13:57,1066
APRL00001,Super Mario BOOM,19909,06/04/2024, 00:55:40,1066
APRL00001,Super Mario BOOM,19910,06/04/2024, 01:57:58,1066
APRL00001,Super Mario BOOM,19911,06/04/2024, 02:30:43,1066
APRL00001,Super Mario BOOM,19912,06/04/2024, 03:15:18,1066
APRL00001,Super Mario BOOM,19912,06/04/2024, 04:15:00,1066
APRL00001,Super Mario BOOM,19912,06/04/2024, 05:15:29,1066
APRL00001,Super Mario BOOM,19912,06/04/2024, 06:17:43,1066
APRL00001,Super Mario BOOM,19912,06/04/2024, 07:12:52,1066
APRL00001,Super Mario BOOM,19915,06/04/2024, 08:16:20,1066
APRL00001,Super Mario BOOM,19917,06/04/2024, 09:15:11,1066
APRL00001,Super Mario BOOM,19917,06/04/2024, 10:14:11,1066
APRL00001,Super Mario BOOM,19918,06/04/2024, 11:12:18,1066
APRL00001,Super Mario BOOM,19919,06/04/2024, 12:22:51,1066
APRL00001,Super Mario BOOM,19920,06/04/2024, 13:14:58,1066
APRL00001,Super Mario BOOM,19921,06/04/2024, 14:12:37,1066
APRL00001,Super Mario BOOM,19923,06/04/2024, 15:13:56,1066
APRL00001,Super Mario BOOM,19925,06/04/2024, 16:16:29,1066
APRL00001,Super Mario BOOM,19925,06/04/2024, 17:12:07,1066
APRL00001,Super Mario BOOM,19926,06/04/2024, 18:16:50,1066
APRL00001,Super Mario BOOM,19927,06/04/2024, 19:12:04,1066
APRL00001,Super Mario BOOM,19930,06/04/2024, 20:13:43,1066
APRL00001,Super Mario BOOM,19931,06/04/2024, 21:12:23,1066
APRL00001,Super Mario BOOM,19932,06/04/2024, 22:13:21,1066
APRL00001,Super Mario BOOM,19933,06/04/2024, 23:14:00,1066
APRL00001,Super Mario BOOM,19934,06/05/2024, 00:55:06,1066
APRL00001,Super Mario BOOM,19935,06/05/2024, 01:57:57,1066
APRL00001,Super Mario BOOM,19935,06/05/2024, 02:30:39,1066
APRL00001,Super Mario BOOM,19935,06/05/2024, 03:16:20,1066
APRL00001,Super Mario BOOM,19936,06/05/2024, 04:18:14,1066
APRL00001,Super Mario BOOM,19937,06/05/2024, 05:13:18,1066
APRL00001,Super Mario BOOM,19939,06/05/2024, 06:17:53,1066
APRL00001,Super Mario BOOM,19939,06/05/2024, 07:12:23,1066
APRL00001,Super Mario BOOM,19939,06/05/2024, 08:16:05,1066
APRL00001,Super Mario BOOM,19939,06/05/2024, 09:15:43,1066
APRL00001,Super Mario BOOM,19940,06/05/2024, 10:13:31,1066
APRL00001,Super Mario BOOM,19943,06/05/2024, 11:11:02,1066
APRL00001,Super Mario BOOM,19944,06/05/2024, 12:23:32,1066
APRL00001,Super Mario BOOM,19945,06/05/2024, 13:15:24,1066
APRL00001,Super Mario BOOM,19946,06/05/2024, 14:13:25,1066
APRL00001,Super Mario BOOM,19947,06/05/2024, 15:13:34,1066
APRL00001,Super Mario BOOM,19948,06/05/2024, 16:16:14,1066
APRL00001,Super Mario BOOM,19949,06/05/2024, 17:12:05,1066
APRL00001,Super Mario BOOM,19949,06/05/2024, 18:16:29,1066
APRL00001,Super Mario BOOM,19951,06/05/2024, 19:11:03,1066
APRL00001,Super Mario BOOM,19951,06/05/2024, 20:14:05,1066
APRL00001,Super Mario BOOM,19951,06/05/2024, 21:14:06,1066
APRL00001,Super Mario BOOM,19954,06/05/2024, 22:12:28,1066
APRL00001,Super Mario BOOM,19954,06/05/2024, 23:13:43,1066
APRL00001,Super Mario BOOM,19954,06/06/2024, 00:55:17,1066
APRL00001,Super Mario BOOM,19954,06/06/2024, 01:57:28,1066
APRL00001,Super Mario BOOM,19954,06/06/2024, 02:29:47,1066
APRL00001,Super Mario BOOM,19954,06/06/2024, 03:14:54,1066
APRL00001,Super Mario BOOM,19955,06/06/2024, 04:15:10,1066
APRL00001,Super Mario BOOM,19958,06/06/2024, 05:13:53,1066
APRL00001,Super Mario BOOM,19959,06/06/2024, 06:17:47,1066
APRL00001,Super Mario BOOM,19959,06/06/2024, 07:13:42,1066
APRL00001,Super Mario BOOM,19959,06/06/2024, 08:16:30,1066
APRL00001,Super Mario BOOM,19961,06/06/2024, 09:14:56,1066
APRL00001,Super Mario BOOM,19961,06/06/2024, 10:14:08,1066
APRL00001,Super Mario BOOM,19962,06/06/2024, 11:11:38,1066
APRL00001,Super Mario BOOM,19963,06/06/2024, 12:22:59,1066
APRL00001,Super Mario BOOM,19964,06/06/2024, 13:15:21,1066
APRL00001,Super Mario BOOM,19964,06/06/2024, 14:13:16,1066
APRL00001,Super Mario BOOM,19964,06/06/2024, 15:14:43,1066
APRL00001,Super Mario BOOM,19965,06/06/2024, 16:16:10,1066
APRL00001,Super Mario BOOM,19967,06/06/2024, 17:13:08,1066
APRL00001,Super Mario BOOM,19968,06/06/2024, 18:16:22,1066
APRL00001,Super Mario BOOM,19970,06/06/2024, 19:12:45,1066
APRL00001,Super Mario BOOM,19970,06/06/2024, 20:15:08,1066
APRL00001,Super Mario BOOM,19972,06/06/2024, 21:13:46,1066
APRL00001,Super Mario BOOM,19974,06/06/2024, 22:12:14,1066
APRL00001,Super Mario BOOM,19975,06/06/2024, 23:16:35,1066
APRL00001,Super Mario BOOM,19977,06/07/2024, 00:57:18,1066
APRL00001,Super Mario BOOM,19980,06/07/2024, 02:00:00,1066
APRL00001,Super Mario BOOM,19981,06/07/2024, 02:36:10,1066
APRL00001,Super Mario BOOM,19981,06/07/2024, 03:15:11,1066
APRL00001,Super Mario BOOM,19982,06/07/2024, 04:16:27,1066
APRL00001,Super Mario BOOM,19983,06/07/2024, 05:13:59,1066
APRL00001,Super Mario BOOM,19983,06/07/2024, 06:18:23,1066
APRL00001,Super Mario BOOM,19983,06/07/2024, 07:12:19,1066
APRL00001,Super Mario BOOM,19983,06/07/2024, 08:16:27,1066
APRL00001,Super Mario BOOM,19984,06/07/2024, 09:14:08,1066
APRL00001,Super Mario BOOM,19985,06/07/2024, 10:13:55,1066
APRL00001,Super Mario BOOM,19985,06/07/2024, 11:12:24,1066
APRL00001,Super Mario BOOM,19986,06/07/2024, 12:24:26,1066
APRL00001,Super Mario BOOM,19986,06/07/2024, 13:16:06,1066
APRL00001,Super Mario BOOM,19987,06/07/2024, 14:13:23,1066
APRL00001,Super Mario BOOM,19987,06/07/2024, 15:13:44,1066
APRL00001,Super Mario BOOM,19988,06/07/2024, 16:15:19,1066
APRL00001,Super Mario BOOM,19989,06/07/2024, 17:11:59,1066
APRL00001,Super Mario BOOM,19990,06/07/2024, 18:17:30,1066
APRL00001,Super Mario BOOM,19991,06/07/2024, 19:11:27,1066
APRL00001,Super Mario BOOM,19992,06/07/2024, 20:13:18,1066
APRL00001,Super Mario BOOM,19993,06/07/2024, 21:14:14,1066
APRL00001,Super Mario BOOM,19996,06/07/2024, 22:13:00,1066
APRL00001,Super Mario BOOM,19996,06/07/2024, 23:13:56,1066
APRL00001,Super Mario BOOM,19998,06/08/2024, 00:55:39,1066
APRL00001,Super Mario BOOM,19999,06/08/2024, 01:57:23,1066
APRL00001,Super Mario BOOM,19999,06/08/2024, 02:29:34,1066
APRL00001,Super Mario BOOM,19999,06/08/2024, 03:14:09,1066
APRL00001,Super Mario BOOM,19999,06/08/2024, 04:16:09,1066
APRL00001,Super Mario BOOM,20000,06/08/2024, 05:12:41,1066
APRL00001,Super Mario BOOM,20002,06/08/2024, 06:16:20,1066
APRL00001,Super Mario BOOM,20002,06/08/2024, 07:12:31,1066
APRL00001,Super Mario BOOM,20002,06/08/2024, 08:14:40,1066
APRL00001,Super Mario BOOM,20002,06/08/2024, 09:14:28,1066
APRL00001,Super Mario BOOM,20002,06/08/2024, 10:13:20,1066
APRL00001,Super Mario BOOM,20002,06/08/2024, 11:11:26,1066
APRL00001,Super Mario BOOM,20002,06/08/2024, 12:20:51,1066
APRL00001,Super Mario BOOM,20005,06/08/2024, 13:13:10,1066
APRL00001,Super Mario BOOM,20006,06/08/2024, 14:12:07,1066
APRL00001,Super Mario BOOM,20007,06/08/2024, 15:13:10,1066
APRL00001,Super Mario BOOM,20008,06/08/2024, 16:16:22,1066
APRL00001,Super Mario BOOM,20008,06/08/2024, 17:11:31,1066
APRL00001,Super Mario BOOM,20010,06/08/2024, 18:15:35,1066
APRL00001,Super Mario BOOM,20011,06/08/2024, 19:10:51,1066
APRL00001,Super Mario BOOM,20011,06/08/2024, 20:12:36,1066
APRL00001,Super Mario BOOM,20011,06/08/2024, 21:11:41,1066
APRL00001,Super Mario BOOM,20011,06/08/2024, 22:11:44,1066
APRL00001,Super Mario BOOM,20011,06/08/2024, 23:13:07,1066
APRL00001,Super Mario BOOM,20011,06/09/2024, 01:00:22,1066
APRL00001,Super Mario BOOM,20011,06/09/2024, 02:07:12,1066
APRL00001,Super Mario BOOM,20011,06/09/2024, 03:14:35,1066
APRL00001,Super Mario BOOM,20011,06/09/2024, 04:15:32,1066
APRL00001,Super Mario BOOM,20011,06/09/2024, 05:12:33,1066
APRL00001,Super Mario BOOM,20012,06/09/2024, 06:17:08,1066
APRL00001,Super Mario BOOM,20012,06/09/2024, 07:12:48,1066
APRL00001,Super Mario BOOM,20012,06/09/2024, 08:15:13,1066
APRL00001,Super Mario BOOM,20015,06/09/2024, 09:14:12,1066
APRL00001,Super Mario BOOM,20015,06/09/2024, 10:12:36,1066
APRL00001,Super Mario BOOM,20015,06/09/2024, 11:10:43,1066
APRL00001,Super Mario BOOM,20017,06/09/2024, 12:22:06,1066
APRL00001,Super Mario BOOM,20017,06/09/2024, 13:13:23,1066
APRL00001,Super Mario BOOM,20018,06/09/2024, 14:12:04,1066
APRL00001,Super Mario BOOM,20019,06/09/2024, 15:12:31,1066
APRL00001,Super Mario BOOM,20020,06/09/2024, 16:14:31,1066
APRL00001,Super Mario BOOM,20021,06/09/2024, 17:12:42,1066
APRL00001,Super Mario BOOM,20022,06/09/2024, 18:15:29,1066
APRL00001,Super Mario BOOM,20022,06/09/2024, 19:11:21,1066
APRL00001,Super Mario BOOM,20022,06/09/2024, 20:14:18,1066
APRL00001,Super Mario BOOM,20022,06/09/2024, 21:13:06,1066
APRL00001,Super Mario BOOM,20022,06/09/2024, 22:12:33,1066
APRL00001,Super Mario BOOM,20023,06/09/2024, 23:13:03,1066
APRL00001,Super Mario BOOM,20027,06/10/2024, 00:57:31,1066
APRL00001,Super Mario BOOM,20027,06/10/2024, 02:02:09,1066
APRL00001,Super Mario BOOM,20030,06/10/2024, 03:14:57,1066
APRL00001,Super Mario BOOM,20030,06/10/2024, 04:17:53,1066
APRL00001,Super Mario BOOM,20030,06/10/2024, 05:13:20,1066
APRL00001,Super Mario BOOM,20030,06/10/2024, 06:19:10,1066
APRL00001,Super Mario BOOM,20031,06/10/2024, 07:12:54,1066
APRL00001,Super Mario BOOM,20032,06/10/2024, 08:17:23,1066
APRL00001,Super Mario BOOM,20033,06/10/2024, 09:15:32,1066
APRL00001,Super Mario BOOM,20034,06/10/2024, 10:15:04,1066
APRL00001,Super Mario BOOM,20035,06/10/2024, 11:12:02,1066
APRL00001,Super Mario BOOM,20035,06/10/2024, 12:23:53,1066
APRL00001,Super Mario BOOM,20036,06/10/2024, 13:16:24,1066
APRL00001,Super Mario BOOM,20036,06/10/2024, 14:14:23,1066
APRL00001,Super Mario BOOM,20037,06/10/2024, 15:14:38,1066
APRL00001,Super Mario BOOM,20038,06/10/2024, 16:16:42,1066
APRL00001,Super Mario BOOM,20038,06/10/2024, 17:11:29,1066
APRL00001,Super Mario BOOM,20041,06/10/2024, 18:16:55,1066
APRL00001,Super Mario BOOM,20041,06/10/2024, 19:11:26,1066
APRL00001,Super Mario BOOM,20041,06/10/2024, 20:13:40,1066
APRL00001,Super Mario BOOM,20041,06/10/2024, 21:13:28,1066
APRL00001,Super Mario BOOM,20041,06/10/2024, 22:13:51,1066
APRL00001,Super Mario BOOM,20043,06/10/2024, 23:12:56,1066
APRL00001,Super Mario BOOM,20043,06/11/2024, 00:56:30,1066
APRL00001,Super Mario BOOM,20046,06/11/2024, 01:59:54,1066
APRL00001,Super Mario BOOM,20046,06/11/2024, 02:34:39,1066
APRL00001,Super Mario BOOM,20047,06/11/2024, 03:14:30,1066
APRL00001,Super Mario BOOM,20047,06/11/2024, 04:15:41,1066
APRL00001,Super Mario BOOM,20047,06/11/2024, 05:13:59,1066
APRL00001,Super Mario BOOM,20047,06/11/2024, 06:17:29,1066
APRL00001,Super Mario BOOM,20047,06/11/2024, 07:13:17,1066
APRL00001,Super Mario BOOM,20048,06/11/2024, 08:17:09,1066
APRL00001,Super Mario BOOM,20048,06/11/2024, 09:15:21,1066
APRL00001,Super Mario BOOM,20049,06/11/2024, 10:14:41,1066
APRL00001,Super Mario BOOM,20050,06/11/2024, 11:12:26,1066
APRL00001,Super Mario BOOM,20050,06/11/2024, 12:23:59,1066
APRL00001,Super Mario BOOM,20050,06/11/2024, 13:15:57,1066
APRL00001,Super Mario BOOM,20053,06/11/2024, 14:12:50,1066
APRL00001,Super Mario BOOM,20054,06/11/2024, 15:13:24,1066
APRL00001,Super Mario BOOM,20055,06/11/2024, 16:16:38,1066
APRL00001,Super Mario BOOM,20055,06/11/2024, 17:12:58,1066
APRL00001,Super Mario BOOM,20056,06/11/2024, 18:17:41,1066
APRL00001,Super Mario BOOM,20057,06/11/2024, 19:11:13,1066
APRL00001,Super Mario BOOM,20061,06/11/2024, 20:13:36,1066
APRL00001,Super Mario BOOM,20062,06/11/2024, 21:12:17,1066
APRL00001,Super Mario BOOM,20064,06/11/2024, 22:12:20,1066
APRL00001,Super Mario BOOM,20065,06/11/2024, 23:12:54,1066
APRL00001,Super Mario BOOM,20066,06/12/2024, 00:56:39,1066
APRL00001,Super Mario BOOM,20068,06/12/2024, 01:59:33,1066
APRL00001,Super Mario BOOM,20070,06/12/2024, 02:34:54,1066
APRL00001,Super Mario BOOM,20072,06/12/2024, 03:14:35,1066
APRL00001,Super Mario BOOM,20073,06/12/2024, 04:15:48,1066
APRL00001,Super Mario BOOM,20073,06/12/2024, 05:13:13,1066
APRL00001,Super Mario BOOM,20073,06/12/2024, 06:17:42,1066
APRL00001,Super Mario BOOM,20073,06/12/2024, 07:12:44,1066
APRL00001,Super Mario BOOM,20074,06/12/2024, 08:16:32,1066
APRL00001,Super Mario BOOM,20074,06/12/2024, 09:14:07,1066
APRL00001,Super Mario BOOM,20074,06/12/2024, 10:14:13,1066
APRL00001,Super Mario BOOM,20074,06/12/2024, 11:12:08,1066
APRL00001,Super Mario BOOM,20074,06/12/2024, 12:23:32,1066
APRL00001,Super Mario BOOM,20075,06/12/2024, 13:15:27,1066
APRL00001,Super Mario BOOM,20076,06/12/2024, 14:12:15,1066
APRL00001,Super Mario BOOM,20077,06/12/2024, 15:12:05,1066
APRL00001,Super Mario BOOM,20078,06/12/2024, 16:15:46,1066
APRL00001,Super Mario BOOM,20079,06/12/2024, 17:11:43,1066
APRL00001,Super Mario BOOM,20080,06/12/2024, 18:17:20,1066
APRL00001,Super Mario BOOM,20083,06/12/2024, 19:11:43,1066
APRL00001,Super Mario BOOM,20084,06/12/2024, 20:13:34,1066
APRL00001,Super Mario BOOM,20085,06/12/2024, 21:12:33,1066
APRL00001,Super Mario BOOM,20085,06/12/2024, 22:12:51,1066
APRL00001,Super Mario BOOM,20086,06/12/2024, 23:13:09,1066
APRL00001,Super Mario BOOM,20089,06/13/2024, 00:56:00,1066
APRL00001,Super Mario BOOM,20090,06/13/2024, 01:58:52,1066
APRL00001,Super Mario BOOM,20090,06/13/2024, 02:33:01,1066
APRL00001,Super Mario BOOM,20092,06/13/2024, 03:14:23,1066
APRL00001,Super Mario BOOM,20093,06/13/2024, 04:15:55,1066
APRL00001,Super Mario BOOM,20093,06/13/2024, 05:14:19,1066
APRL00001,Super Mario BOOM,20093,06/13/2024, 06:18:04,1066
APRL00001,Super Mario BOOM,20094,06/13/2024, 07:12:32,1066
APRL00001,Super Mario BOOM,20095,06/13/2024, 08:16:23,1066
APRL00001,Super Mario BOOM,20096,06/13/2024, 09:15:03,1066
APRL00001,Super Mario BOOM,20096,06/13/2024, 10:13:41,1066
APRL00001,Super Mario BOOM,20096,06/13/2024, 11:12:20,1066
APRL00001,Super Mario BOOM,20098,06/13/2024, 12:23:33,1066
APRL00001,Super Mario BOOM,20099,06/13/2024, 13:15:21,1066
APRL00001,Super Mario BOOM,20100,06/13/2024, 14:13:21,1066
APRL00001,Super Mario BOOM,20100,06/13/2024, 15:14:09,1066
APRL00001,Super Mario BOOM,20100,06/13/2024, 16:17:15,1066
APRL00001,Super Mario BOOM,20100,06/13/2024, 17:12:43,1066
APRL00001,Super Mario BOOM,20101,06/13/2024, 18:17:39,1066
APRL00001,Super Mario BOOM,20102,06/13/2024, 19:11:18,1066
APRL00001,Super Mario BOOM,20105,06/13/2024, 20:13:30,1066
APRL00001,Super Mario BOOM,20106,06/13/2024, 21:13:47,1066
APRL00001,Super Mario BOOM,20107,06/13/2024, 22:12:52,1066
APRL00001,Super Mario BOOM,20108,06/13/2024, 23:13:46,1066
APRL00001,Super Mario BOOM,20110,06/14/2024, 00:55:54,1066
APRL00001,Super Mario BOOM,20111,06/14/2024, 01:59:19,1066
APRL00001,Super Mario BOOM,20111,06/14/2024, 02:34:19,1066
APRL00001,Super Mario BOOM,20111,06/14/2024, 03:14:20,1066
APRL00001,Super Mario BOOM,20112,06/14/2024, 04:15:46,1066
APRL00001,Super Mario BOOM,20112,06/14/2024, 05:12:53,1066
APRL00001,Super Mario BOOM,20112,06/14/2024, 07:13:17,1066
APRL00001,Super Mario BOOM,20112,06/14/2024, 08:16:07,1066
APRL00001,Super Mario BOOM,20114,06/14/2024, 09:13:55,1066
APRL00001,Super Mario BOOM,20114,06/14/2024, 10:13:42,1066
APRL00001,Super Mario BOOM,20115,06/14/2024, 11:11:37,1066
APRL00001,Super Mario BOOM,20115,06/14/2024, 12:23:11,1066
APRL00001,Super Mario BOOM,20117,06/14/2024, 13:15:40,1066
APRL00001,Super Mario BOOM,20118,06/14/2024, 14:13:41,1066
APRL00001,Super Mario BOOM,20119,06/14/2024, 15:15:10,1066
APRL00001,Super Mario BOOM,20119,06/14/2024, 16:14:59,1066
APRL00001,Super Mario BOOM,20120,06/14/2024, 17:13:05,1066
APRL00001,Super Mario BOOM,20120,06/14/2024, 18:17:46,1066
APRL00001,Super Mario BOOM,20121,06/14/2024, 19:10:56,1066
APRL00001,Super Mario BOOM,20121,06/14/2024, 20:13:45,1066
APRL00001,Super Mario BOOM,20122,06/14/2024, 21:13:29,1066
APRL00001,Super Mario BOOM,20123,06/14/2024, 22:13:12,1066
APRL00001,Super Mario BOOM,20124,06/14/2024, 23:12:54,1066
APRL00001,Super Mario BOOM,20124,06/15/2024, 00:55:53,1066
APRL00001,Super Mario BOOM,20125,06/15/2024, 01:58:18,1066
APRL00001,Super Mario BOOM,20127,06/15/2024, 02:31:01,1066
APRL00001,Super Mario BOOM,20128,06/15/2024, 03:14:14,1066
APRL00001,Super Mario BOOM,20131,06/15/2024, 04:16:25,1066
APRL00001,Super Mario BOOM,20131,06/15/2024, 05:13:19,1066
APRL00001,Super Mario BOOM,20131,06/15/2024, 06:16:24,1066
APRL00001,Super Mario BOOM,20133,06/15/2024, 07:13:27,1066
APRL00001,Super Mario BOOM,20134,06/15/2024, 08:15:28,1066
APRL00001,Super Mario BOOM,20134,06/15/2024, 09:12:52,1066
APRL00001,Super Mario BOOM,20134,06/15/2024, 10:14:26,1066
APRL00001,Super Mario BOOM,20134,06/15/2024, 11:11:29,1066
APRL00001,Super Mario BOOM,20134,06/15/2024, 12:22:26,1066
APRL00001,Super Mario BOOM,20134,06/15/2024, 13:13:21,1066
APRL00001,Super Mario BOOM,20134,06/15/2024, 14:12:13,1066
APRL00001,Super Mario BOOM,20137,06/15/2024, 15:13:15,1066
APRL00001,Super Mario BOOM,20139,06/15/2024, 16:15:59,1066
APRL00001,Super Mario BOOM,20139,06/15/2024, 17:12:02,1066
APRL00001,Super Mario BOOM,20142,06/15/2024, 18:16:45,1066
APRL00001,Super Mario BOOM,20145,06/15/2024, 19:11:04,1066
APRL00001,Super Mario BOOM,20148,06/15/2024, 20:13:56,1066
APRL00001,Super Mario BOOM,20149,06/15/2024, 21:11:23,1066
APRL00001,Super Mario BOOM,20151,06/15/2024, 22:12:42,1066
APRL00001,Super Mario BOOM,20151,06/15/2024, 23:13:31,1066
APRL00001,Super Mario BOOM,20154,06/16/2024, 01:00:37,1066
APRL00001,Super Mario BOOM,20154,06/16/2024, 02:07:26,1066
APRL00001,Super Mario BOOM,20154,06/16/2024, 03:14:25,1066
APRL00001,Super Mario BOOM,20154,06/16/2024, 04:15:03,1066
APRL00001,Super Mario BOOM,20154,06/16/2024, 05:13:23,1066
APRL00001,Super Mario BOOM,20154,06/16/2024, 06:17:25,1066
APRL00001,Super Mario BOOM,20154,06/16/2024, 07:13:23,1066
APRL00001,Super Mario BOOM,20156,06/16/2024, 08:14:51,1066
APRL00001,Super Mario BOOM,20156,06/16/2024, 09:14:35,1066
APRL00001,Super Mario BOOM,20157,06/16/2024, 10:13:44,1066
APRL00001,Super Mario BOOM,20157,06/16/2024, 11:11:20,1066
APRL00001,Super Mario BOOM,20158,06/16/2024, 12:21:52,1066
APRL00001,Super Mario BOOM,20159,06/16/2024, 13:13:31,1066
APRL00001,Super Mario BOOM,20159,06/16/2024, 14:11:25,1066
APRL00001,Super Mario BOOM,20161,06/16/2024, 15:13:57,1066
APRL00001,Super Mario BOOM,20163,06/16/2024, 16:14:42,1066
APRL00001,Super Mario BOOM,20164,06/16/2024, 17:11:13,1066
APRL00001,Super Mario BOOM,20165,06/16/2024, 18:16:59,1066
APRL00001,Super Mario BOOM,20167,06/16/2024, 19:12:13,1066
APRL00001,Super Mario BOOM,20169,06/16/2024, 20:12:42,1066
APRL00001,Super Mario BOOM,20170,06/16/2024, 21:13:54,1066
APRL00001,Super Mario BOOM,20171,06/16/2024, 22:13:44,1066
APRL00001,Super Mario BOOM,20172,06/16/2024, 23:14:48,1066
APRL00001,Super Mario BOOM,20174,06/17/2024, 00:58:13,1066
APRL00001,Super Mario BOOM,20175,06/17/2024, 02:03:25,1066
APRL00001,Super Mario BOOM,20176,06/17/2024, 03:15:57,1066
APRL00001,Super Mario BOOM,20178,06/17/2024, 04:16:58,1066
APRL00001,Super Mario BOOM,20178,06/17/2024, 05:16:35,1066
APRL00001,Super Mario BOOM,20179,06/17/2024, 06:18:58,1066
APRL00001,Super Mario BOOM,20180,06/17/2024, 07:12:54,1066
APRL00001,Super Mario BOOM,20180,06/17/2024, 08:17:23,1066
APRL00001,Super Mario BOOM,20180,06/17/2024, 09:14:41,1066
APRL00001,Super Mario BOOM,20180,06/17/2024, 10:15:17,1066
APRL00001,Super Mario BOOM,20180,06/17/2024, 11:11:34,1066
APRL00001,Super Mario BOOM,20180,06/17/2024, 12:23:44,1066
APRL00001,Super Mario BOOM,20182,06/17/2024, 13:16:09,1066
APRL00001,Super Mario BOOM,20182,06/17/2024, 14:13:15,1066
APRL00001,Super Mario BOOM,20182,06/17/2024, 15:14:50,1066
APRL00001,Super Mario BOOM,20183,06/17/2024, 16:16:31,1066
APRL00001,Super Mario BOOM,20186,06/17/2024, 17:12:35,1066
APRL00001,Super Mario BOOM,20187,06/17/2024, 18:16:59,1066
APRL00001,Super Mario BOOM,20187,06/17/2024, 19:10:37,1066
APRL00001,Super Mario BOOM,20190,06/17/2024, 20:11:34,1066
APRL00001,Super Mario BOOM,20191,06/17/2024, 21:12:59,1066
APRL00001,Super Mario BOOM,20191,06/17/2024, 22:12:16,1066
APRL00001,Super Mario BOOM,20191,06/17/2024, 23:13:50,1066
APRL00001,Super Mario BOOM,20191,06/18/2024, 00:56:37,1066
APRL00001,Super Mario BOOM,20192,06/18/2024, 02:00:04,1066
APRL00001,Super Mario BOOM,20192,06/18/2024, 02:35:08,1066
APRL00001,Super Mario BOOM,20192,06/18/2024, 03:15:17,1066
APRL00001,Super Mario BOOM,20192,06/18/2024, 04:15:39,1066
APRL00001,Super Mario BOOM,20192,06/18/2024, 05:13:47,1066
APRL00001,Super Mario BOOM,20194,06/18/2024, 06:18:17,1066
APRL00001,Super Mario BOOM,20194,06/18/2024, 07:13:13,1066
APRL00001,Super Mario BOOM,20196,06/18/2024, 08:17:30,1066
APRL00001,Super Mario BOOM,20197,06/18/2024, 09:14:16,1066
APRL00001,Super Mario BOOM,20197,06/18/2024, 10:14:06,1066
APRL00001,Super Mario BOOM,20197,06/18/2024, 11:11:58,1066
APRL00001,Super Mario BOOM,20199,06/18/2024, 12:23:28,1066
APRL00001,Super Mario BOOM,20199,06/18/2024, 13:15:51,1066
APRL00001,Super Mario BOOM,20199,06/18/2024, 14:12:25,1066
APRL00001,Super Mario BOOM,20199,06/18/2024, 15:13:46,1066
APRL00001,Super Mario BOOM,20199,06/18/2024, 16:16:28,1066
APRL00001,Super Mario BOOM,20200,06/18/2024, 17:13:04,1066
APRL00001,Super Mario BOOM,20201,06/18/2024, 18:17:31,1066
APRL00001,Super Mario BOOM,20204,06/18/2024, 19:10:54,1066
APRL00001,Super Mario BOOM,20204,06/18/2024, 20:14:15,1066
APRL00001,Super Mario BOOM,20206,06/18/2024, 21:12:13,1066
APRL00001,Super Mario BOOM,20207,06/18/2024, 22:12:07,1066
APRL00001,Super Mario BOOM,20208,06/18/2024, 23:14:05,1066
APRL00001,Super Mario BOOM,20209,06/19/2024, 00:56:45,1066
APRL00001,Super Mario BOOM,20210,06/19/2024, 02:00:33,1066
APRL00001,Super Mario BOOM,20210,06/19/2024, 02:36:30,1066
APRL00001,Super Mario BOOM,20210,06/19/2024, 03:14:45,1066
APRL00001,Super Mario BOOM,20211,06/19/2024, 04:16:08,1066
APRL00001,Super Mario BOOM,20211,06/19/2024, 05:13:53,1066
APRL00001,Super Mario BOOM,20212,06/19/2024, 06:17:59,1066
APRL00001,Super Mario BOOM,20212,06/19/2024, 07:12:31,1066
APRL00001,Super Mario BOOM,20213,06/19/2024, 08:16:38,1066
APRL00001,Super Mario BOOM,20214,06/19/2024, 09:17:15,1066
APRL00001,Super Mario BOOM,20214,06/19/2024, 10:14:21,1066
APRL00001,Super Mario BOOM,20216,06/19/2024, 11:12:19,1066
APRL00001,Super Mario BOOM,20216,06/19/2024, 12:23:50,1066
APRL00001,Super Mario BOOM,20217,06/19/2024, 13:15:52,1066
APRL00001,Super Mario BOOM,20217,06/19/2024, 14:12:21,1066
APRL00001,Super Mario BOOM,20219,06/19/2024, 15:14:46,1066
APRL00001,Super Mario BOOM,20219,06/19/2024, 16:16:10,1066
APRL00001,Super Mario BOOM,20220,06/19/2024, 17:13:34,1066
APRL00001,Super Mario BOOM,20221,06/19/2024, 18:16:22,1066
APRL00001,Super Mario BOOM,20221,06/19/2024, 19:11:33,1066
APRL00001,Super Mario BOOM,20223,06/19/2024, 20:13:22,1066
APRL00001,Super Mario BOOM,20223,06/19/2024, 21:13:45,1066
APRL00001,Super Mario BOOM,20225,06/19/2024, 22:13:01,1066
APRL00001,Super Mario BOOM,20225,06/19/2024, 23:13:40,1066
APRL00001,Super Mario BOOM,20227,06/20/2024, 00:54:59,1066
APRL00001,Super Mario BOOM,20229,06/20/2024, 01:57:43,1066
APRL00001,Super Mario BOOM,20229,06/20/2024, 02:30:08,1066
APRL00001,Super Mario BOOM,20230,06/20/2024, 03:14:36,1066
APRL00001,Super Mario BOOM,20230,06/20/2024, 04:14:54,1066
APRL00001,Super Mario BOOM,20232,06/20/2024, 05:13:06,1066
APRL00001,Super Mario BOOM,20232,06/20/2024, 06:18:00,1066
APRL00001,Super Mario BOOM,20233,06/20/2024, 07:12:46,1066
APRL00001,Super Mario BOOM,20234,06/20/2024, 08:17:26,1066
APRL00001,Super Mario BOOM,20234,06/20/2024, 09:14:51,1066
APRL00001,Super Mario BOOM,20236,06/20/2024, 10:14:11,1066
APRL00001,Super Mario BOOM,20237,06/20/2024, 11:10:56,1066
APRL00001,Super Mario BOOM,20239,06/20/2024, 12:23:16,1066
APRL00001,Super Mario BOOM,20239,06/20/2024, 13:15:00,1066
APRL00001,Super Mario BOOM,20239,06/20/2024, 14:12:03,1066
APRL00001,Super Mario BOOM,20240,06/20/2024, 15:14:48,1066
APRL00001,Super Mario BOOM,20240,06/20/2024, 16:16:45,1066
APRL00001,Super Mario BOOM,20241,06/20/2024, 17:11:35,1066
APRL00001,Super Mario BOOM,20241,06/20/2024, 18:18:01,1066
APRL00001,Super Mario BOOM,20241,06/20/2024, 19:11:24,1066
APRL00001,Super Mario BOOM,20241,06/20/2024, 20:13:42,1066
APRL00001,Super Mario BOOM,20244,06/20/2024, 21:13:34,1066
APRL00001,Super Mario BOOM,20244,06/20/2024, 23:15:01,1066
APRL00001,Super Mario BOOM,20244,06/21/2024, 00:55:44,1066
APRL00001,Super Mario BOOM,20246,06/21/2024, 01:58:02,1066
APRL00001,Super Mario BOOM,20248,06/21/2024, 02:31:29,1066
APRL00001,Super Mario BOOM,20248,06/21/2024, 03:15:24,1066
APRL00001,Super Mario BOOM,20248,06/21/2024, 04:16:02,1066
APRL00001,Super Mario BOOM,20249,06/21/2024, 05:13:53,1066
APRL00001,Super Mario BOOM,20249,06/21/2024, 06:18:27,1066
APRL00001,Super Mario BOOM,20249,06/21/2024, 07:13:23,1066
APRL00001,Super Mario BOOM,20249,06/21/2024, 08:16:45,1066
APRL00001,Super Mario BOOM,20249,06/21/2024, 09:13:59,1066
APRL00001,Super Mario BOOM,20251,06/21/2024, 10:14:02,1066
APRL00001,Super Mario BOOM,20252,06/21/2024, 11:11:43,1066
APRL00001,Super Mario BOOM,20253,06/21/2024, 12:22:53,1066
APRL00001,Super Mario BOOM,20254,06/21/2024, 13:15:24,1066
APRL00001,Super Mario BOOM,20255,06/21/2024, 14:12:14,1066
APRL00001,Super Mario BOOM,20256,06/21/2024, 15:18:13,1066
APRL00001,Super Mario BOOM,20258,06/21/2024, 16:15:06,1066
APRL00001,Super Mario BOOM,20262,06/21/2024, 17:13:54,1066
APRL00001,Super Mario BOOM,20263,06/21/2024, 18:17:30,1066
APRL00001,Super Mario BOOM,20263,06/21/2024, 19:10:45,1066
APRL00001,Super Mario BOOM,20265,06/21/2024, 20:14:46,1066
APRL00001,Super Mario BOOM,20266,06/21/2024, 21:14:04,1066
APRL00001,Super Mario BOOM,20266,06/21/2024, 22:12:42,1066
APRL00001,Super Mario BOOM,20267,06/21/2024, 23:12:31,1066
APRL00001,Super Mario BOOM,20268,06/22/2024, 00:55:12,1066
APRL00001,Super Mario BOOM,20269,06/22/2024, 01:56:44,1066
APRL00001,Super Mario BOOM,20270,06/22/2024, 02:28:04,1066
APRL00001,Super Mario BOOM,20272,06/22/2024, 03:15:02,1066
APRL00001,Super Mario BOOM,20273,06/22/2024, 04:14:50,1066
APRL00001,Super Mario BOOM,20273,06/22/2024, 05:14:14,1066
APRL00001,Super Mario BOOM,20274,06/22/2024, 06:17:56,1066
APRL00001,Super Mario BOOM,20274,06/22/2024, 07:13:40,1066
APRL00001,Super Mario BOOM,20274,06/22/2024, 08:15:45,1066
APRL00001,Super Mario BOOM,20274,06/22/2024, 09:13:55,1066
APRL00001,Super Mario BOOM,20274,06/22/2024, 10:14:06,1066
APRL00001,Super Mario BOOM,20275,06/22/2024, 11:10:22,1066
APRL00001,Super Mario BOOM,20276,06/22/2024, 12:21:37,1066
APRL00001,Super Mario BOOM,20276,06/22/2024, 13:15:50,1066
APRL00001,Super Mario BOOM,20276,06/22/2024, 14:12:57,1066
APRL00001,Super Mario BOOM,20278,06/22/2024, 15:13:03,1066
APRL00001,Super Mario BOOM,20278,06/22/2024, 16:15:28,1066
APRL00001,Super Mario BOOM,20279,06/22/2024, 17:10:51,1066
APRL00001,Super Mario BOOM,20281,06/22/2024, 18:15:47,1066
APRL00001,Super Mario BOOM,20283,06/22/2024, 19:13:00,1066
APRL00001,Super Mario BOOM,20286,06/22/2024, 20:12:17,1066
APRL00001,Super Mario BOOM,20286,06/22/2024, 21:12:37,1066
APRL00001,Super Mario BOOM,20289,06/22/2024, 22:12:37,1066
APRL00001,Super Mario BOOM,20290,06/22/2024, 23:12:03,1066
APRL00001,Super Mario BOOM,20290,06/23/2024, 00:59:50,1066
APRL00001,Super Mario BOOM,20290,06/23/2024, 02:05:27,1066
APRL00001,Super Mario BOOM,20290,06/23/2024, 03:14:24,1066
APRL00001,Super Mario BOOM,20290,06/23/2024, 04:15:07,1066
APRL00001,Super Mario BOOM,20290,06/23/2024, 05:12:59,1066
APRL00001,Super Mario BOOM,20291,06/23/2024, 06:17:34,1066
APRL00001,Super Mario BOOM,20291,06/23/2024, 07:13:14,1066
APRL00001,Super Mario BOOM,20292,06/23/2024, 08:14:55,1066
APRL00001,Super Mario BOOM,20292,06/23/2024, 09:14:28,1066
APRL00001,Super Mario BOOM,20296,06/23/2024, 10:13:30,1066
APRL00001,Super Mario BOOM,20296,06/23/2024, 11:10:01,1066
APRL00001,Super Mario BOOM,20296,06/23/2024, 12:22:09,1066
APRL00001,Super Mario BOOM,20296,06/23/2024, 13:12:55,1066
APRL00001,Super Mario BOOM,20296,06/23/2024, 14:11:43,1066
APRL00001,Super Mario BOOM,20296,06/23/2024, 15:12:02,1066
APRL00001,Super Mario BOOM,20298,06/23/2024, 16:14:38,1066
APRL00001,Super Mario BOOM,20302,06/23/2024, 17:11:39,1066
APRL00001,Super Mario BOOM,20305,06/23/2024, 18:16:00,1066
APRL00001,Super Mario BOOM,20305,06/23/2024, 19:11:57,1066
APRL00001,Super Mario BOOM,20306,06/23/2024, 20:13:42,1066
APRL00001,Super Mario BOOM,20309,06/23/2024, 21:11:44,1066
APRL00001,Super Mario BOOM,20310,06/23/2024, 22:11:43,1066
APRL00001,Super Mario BOOM,20310,06/23/2024, 23:13:01,1066
APRL00001,Super Mario BOOM,20310,06/24/2024, 00:57:34,1066
APRL00001,Super Mario BOOM,20312,06/24/2024, 02:01:51,1066
APRL00001,Super Mario BOOM,20313,06/24/2024, 03:15:07,1066
APRL00001,Super Mario BOOM,20313,06/24/2024, 04:15:47,1066
APRL00001,Super Mario BOOM,20315,06/24/2024, 05:13:08,1066
APRL00001,Super Mario BOOM,20316,06/24/2024, 06:18:09,1066
APRL00001,Super Mario BOOM,20317,06/24/2024, 07:14:36,1066
APRL00001,Super Mario BOOM,20317,06/24/2024, 08:17:10,1066
APRL00001,Super Mario BOOM,20317,06/24/2024, 09:15:56,1066
APRL00001,Super Mario BOOM,20317,06/24/2024, 10:14:56,1066
APRL00001,Super Mario BOOM,20319,06/24/2024, 11:13:23,1066
APRL00001,Super Mario BOOM,20319,06/24/2024, 12:24:09,1066
APRL00001,Super Mario BOOM,20319,06/24/2024, 13:14:43,1066
APRL00001,Super Mario BOOM,20319,06/24/2024, 14:12:57,1066
APRL00001,Super Mario BOOM,20319,06/24/2024, 15:14:20,1066
APRL00001,Super Mario BOOM,20319,06/24/2024, 16:15:51,1066
APRL00001,Super Mario BOOM,20319,06/24/2024, 17:12:09,1066
APRL00001,Super Mario BOOM,20321,06/24/2024, 18:17:05,1066
APRL00001,Super Mario BOOM,20322,06/24/2024, 19:11:44,1066
APRL00001,Super Mario BOOM,20322,06/24/2024, 20:13:40,1066
APRL00001,Super Mario BOOM,20325,06/24/2024, 21:13:04,1066
APRL00001,Super Mario BOOM,20326,06/24/2024, 22:13:58,1066
APRL00001,Super Mario BOOM,20328,06/24/2024, 23:15:02,1066
APRL00001,Super Mario BOOM,20332,06/25/2024, 00:56:11,1066
APRL00001,Super Mario BOOM,20335,06/25/2024, 01:59:56,1066
APRL00001,Super Mario BOOM,20336,06/25/2024, 02:35:01,1066
APRL00001,Super Mario BOOM,20336,06/25/2024, 03:14:33,1066
APRL00001,Super Mario BOOM,20336,06/25/2024, 04:15:15,1066
APRL00001,Super Mario BOOM,20337,06/25/2024, 05:13:44,1066
APRL00001,Super Mario BOOM,20338,06/25/2024, 06:18:10,1066
APRL00001,Super Mario BOOM,20339,06/25/2024, 07:13:03,1066
APRL00001,Super Mario BOOM,20340,06/25/2024, 08:17:43,1066
APRL00001,Super Mario BOOM,20340,06/25/2024, 09:14:02,1066
APRL00001,Super Mario BOOM,20340,06/25/2024, 10:14:10,1066
APRL00001,Super Mario BOOM,20340,06/25/2024, 11:12:01,1066
APRL00001,Super Mario BOOM,20340,06/25/2024, 12:23:32,1066
APRL00001,Super Mario BOOM,20342,06/25/2024, 13:15:36,1066
APRL00001,Super Mario BOOM,20342,06/25/2024, 14:13:51,1066
APRL00001,Super Mario BOOM,20342,06/25/2024, 15:13:45,1066
APRL00001,Super Mario BOOM,20343,06/25/2024, 16:16:35,1066
APRL00001,Super Mario BOOM,20346,06/25/2024, 17:13:07,1066
APRL00001,Super Mario BOOM,20346,06/25/2024, 18:17:52,1066
APRL00001,Super Mario BOOM,20349,06/25/2024, 19:11:41,1066
APRL00001,Super Mario BOOM,20351,06/25/2024, 20:13:21,1066
APRL00001,Super Mario BOOM,20353,06/25/2024, 21:12:48,1066
APRL00001,Super Mario BOOM,20353,06/25/2024, 22:12:15,1066
APRL00001,Super Mario BOOM,20353,06/25/2024, 23:12:52,1066
APRL00001,Super Mario BOOM,20354,06/26/2024, 00:56:23,1066
APRL00001,Super Mario BOOM,20354,06/26/2024, 01:59:31,1066
APRL00001,Super Mario BOOM,20354,06/26/2024, 02:33:26,1066
APRL00001,Super Mario BOOM,20355,06/26/2024, 03:15:09,1066
APRL00001,Super Mario BOOM,20356,06/26/2024, 04:16:55,1066
APRL00001,Super Mario BOOM,20357,06/26/2024, 05:12:54,1066
APRL00001,Super Mario BOOM,20359,06/26/2024, 06:19:05,1066
APRL00001,Super Mario BOOM,20359,06/26/2024, 07:12:39,1066
APRL00001,Super Mario BOOM,20359,06/26/2024, 08:17:12,1066
APRL00001,Super Mario BOOM,20359,06/26/2024, 09:15:44,1066
APRL00001,Super Mario BOOM,20359,06/26/2024, 10:13:38,1066
APRL00001,Super Mario BOOM,20359,06/26/2024, 11:11:53,1066
APRL00001,Super Mario BOOM,20360,06/26/2024, 12:24:55,1066
APRL00001,Super Mario BOOM,20361,06/26/2024, 13:15:37,1066
APRL00001,Super Mario BOOM,20365,06/26/2024, 14:12:20,1066
APRL00001,Super Mario BOOM,20365,06/26/2024, 15:14:28,1066
APRL00001,Super Mario BOOM,20367,06/26/2024, 16:16:47,1066
APRL00001,Super Mario BOOM,20368,06/26/2024, 17:11:53,1066
APRL00001,Super Mario BOOM,20369,06/26/2024, 18:16:52,1066
APRL00001,Super Mario BOOM,20371,06/26/2024, 19:10:30,1066
APRL00001,Super Mario BOOM,20371,06/26/2024, 20:15:34,1066
APRL00001,Super Mario BOOM,20373,06/26/2024, 21:13:15,1066
APRL00001,Super Mario BOOM,20377,06/26/2024, 22:12:23,1066
APRL00001,Super Mario BOOM,20378,06/26/2024, 23:12:53,1066
APRL00001,Super Mario BOOM,20380,06/27/2024, 00:56:31,1066
APRL00001,Super Mario BOOM,20382,06/27/2024, 01:59:32,1066
APRL00001,Super Mario BOOM,20382,06/27/2024, 02:33:56,1066
APRL00001,Super Mario BOOM,20382,06/27/2024, 03:15:04,1066
APRL00001,Super Mario BOOM,20384,06/27/2024, 04:17:43,1066
APRL00001,Super Mario BOOM,20386,06/27/2024, 05:13:54,1066
APRL00001,Super Mario BOOM,20386,06/27/2024, 06:18:35,1066
APRL00001,Super Mario BOOM,20387,06/27/2024, 07:12:33,1066
APRL00001,Super Mario BOOM,20388,06/27/2024, 08:16:53,1066
APRL00001,Super Mario BOOM,20389,06/27/2024, 09:14:08,1066
APRL00001,Super Mario BOOM,20389,06/27/2024, 10:14:56,1066
APRL00001,Super Mario BOOM,20390,06/27/2024, 11:11:24,1066
APRL00001,Super Mario BOOM,20390,06/27/2024, 12:24:05,1066
APRL00001,Super Mario BOOM,20390,06/27/2024, 13:15:54,1066
APRL00001,Super Mario BOOM,20390,06/27/2024, 14:12:47,1066
APRL00001,Super Mario BOOM,20392,06/27/2024, 15:14:16,1066
APRL00001,Super Mario BOOM,20392,06/27/2024, 16:16:05,1066
APRL00001,Super Mario BOOM,20392,06/27/2024, 17:14:21,1066
APRL00001,Super Mario BOOM,20393,06/27/2024, 18:15:47,1066
APRL00001,Super Mario BOOM,20393,06/27/2024, 19:12:05,1066
APRL00001,Super Mario BOOM,20394,06/27/2024, 20:13:26,1066
APRL00001,Super Mario BOOM,20394,06/27/2024, 21:12:14,1066
APRL00001,Super Mario BOOM,20394,06/27/2024, 22:12:24,1066
APRL00001,Super Mario BOOM,20395,06/27/2024, 23:14:34,1066
APRL00001,Super Mario BOOM,20395,06/28/2024, 00:56:32,1066
APRL00001,Super Mario BOOM,20398,06/28/2024, 02:00:11,1066
APRL00001,Super Mario BOOM,20398,06/28/2024, 02:36:44,1066
APRL00001,Super Mario BOOM,20398,06/28/2024, 03:15:36,1066
APRL00001,Super Mario BOOM,20400,06/28/2024, 04:15:25,1066
APRL00001,Super Mario BOOM,20400,06/28/2024, 05:12:56,1066
APRL00001,Super Mario BOOM,20402,06/28/2024, 06:18:10,1066
APRL00001,Super Mario BOOM,20402,06/28/2024, 07:13:41,1066
APRL00001,Super Mario BOOM,20403,06/28/2024, 08:16:33,1066
APRL00001,Super Mario BOOM,20404,06/28/2024, 09:14:11,1066
APRL00001,Super Mario BOOM,20404,06/28/2024, 10:14:20,1066
APRL00001,Super Mario BOOM,20404,06/28/2024, 11:11:59,1066
APRL00001,Super Mario BOOM,20405,06/28/2024, 12:23:41,1066
APRL00001,Super Mario BOOM,20406,06/28/2024, 13:14:23,1066
APRL00001,Super Mario BOOM,20406,06/28/2024, 14:12:53,1066
APRL00001,Super Mario BOOM,20408,06/28/2024, 15:13:51,1066
APRL00001,Super Mario BOOM,20409,06/28/2024, 16:15:24,1066
APRL00001,Super Mario BOOM,20411,06/28/2024, 17:12:52,1066
APRL00001,Super Mario BOOM,20412,06/28/2024, 18:16:47,1066
APRL00001,Super Mario BOOM,20412,06/28/2024, 19:10:39,1066
APRL00001,Super Mario BOOM,20413,06/28/2024, 20:13:32,1066
APRL00001,Super Mario BOOM,20416,06/28/2024, 21:14:05,1066
APRL00001,Super Mario BOOM,20416,06/28/2024, 22:12:12,1066
APRL00001,Super Mario BOOM,20418,06/28/2024, 23:13:41,1066
APRL00001,Super Mario BOOM,20421,06/29/2024, 00:55:51,1066
APRL00001,Super Mario BOOM,20423,06/29/2024, 01:58:20,1066
APRL00001,Super Mario BOOM,20423,06/29/2024, 02:31:05,1066
APRL00001,Super Mario BOOM,20425,06/29/2024, 03:15:27,1066
APRL00001,Super Mario BOOM,20426,06/29/2024, 04:16:35,1066
APRL00001,Super Mario BOOM,20426,06/29/2024, 05:14:23,1066
APRL00001,Super Mario BOOM,20427,06/29/2024, 06:16:46,1066
APRL00001,Super Mario BOOM,20428,06/29/2024, 07:13:08,1066
APRL00001,Super Mario BOOM,20429,06/29/2024, 08:16:07,1066
APRL00001,Super Mario BOOM,20429,06/29/2024, 09:14:50,1066
APRL00001,Super Mario BOOM,20429,06/29/2024, 10:12:54,1066
APRL00001,Super Mario BOOM,20429,06/29/2024, 11:12:01,1066
APRL00001,Super Mario BOOM,20429,06/29/2024, 12:22:44,1066
APRL00001,Super Mario BOOM,20429,06/29/2024, 13:13:48,1066
APRL00001,Super Mario BOOM,20432,06/29/2024, 14:12:51,1066
APRL00001,Super Mario BOOM,20432,06/29/2024, 15:12:35,1066
APRL00001,Super Mario BOOM,20433,06/29/2024, 16:15:36,1066
APRL00001,Super Mario BOOM,20433,06/29/2024, 17:11:26,1066
APRL00001,Super Mario BOOM,20436,06/29/2024, 18:16:29,1066
APRL00001,Super Mario BOOM,20436,06/29/2024, 19:10:08,1066
APRL00001,Super Mario BOOM,20437,06/29/2024, 20:12:33,1066
APRL00001,Super Mario BOOM,20439,06/29/2024, 21:12:26,1066
APRL00001,Super Mario BOOM,20439,06/29/2024, 22:13:38,1066
APRL00001,Super Mario BOOM,20441,06/29/2024, 23:13:18,1066
APRL00001,Super Mario BOOM,20441,06/30/2024, 01:01:06,1066
APRL00001,Super Mario BOOM,20441,06/30/2024, 02:09:35,1066
APRL00001,Super Mario BOOM,20441,06/30/2024, 03:15:04,1066
APRL00001,Super Mario BOOM,20441,06/30/2024, 04:14:55,1066
APRL00001,Super Mario BOOM,20442,06/30/2024, 05:12:33,1066
APRL00001,Super Mario BOOM,20442,06/30/2024, 06:16:52,1066
APRL00001,Super Mario BOOM,20445,06/30/2024, 07:12:31,1066
APRL00001,Super Mario BOOM,20445,06/30/2024, 08:15:23,1066
APRL00001,Super Mario BOOM,20446,06/30/2024, 09:16:27,1066
APRL00001,Super Mario BOOM,20446,06/30/2024, 10:12:47,1066
APRL00001,Super Mario BOOM,20446,06/30/2024, 11:10:26,1066
APRL00001,Super Mario BOOM,20448,06/30/2024, 12:22:23,1066
APRL00001,Super Mario BOOM,20450,06/30/2024, 13:13:30,1066
APRL00001,Super Mario BOOM,20451,06/30/2024, 14:12:00,1066
APRL00001,Super Mario BOOM,20453,06/30/2024, 15:13:51,1066
APRL00001,Super Mario BOOM,20456,06/30/2024, 16:15:41,1066
APRL00001,Super Mario BOOM,20456,06/30/2024, 17:11:38,1066
APRL00001,Super Mario BOOM,20457,06/30/2024, 18:17:13,1066
APRL00001,Super Mario BOOM,20458,06/30/2024, 19:10:13,1066
APRL00001,Super Mario BOOM,20459,06/30/2024, 20:13:12,1066
APRL00001,Super Mario BOOM,20461,06/30/2024, 21:13:10,1066
APRL00001,Super Mario BOOM,20464,06/30/2024, 22:12:24,1066
APRL00001,Super Mario BOOM,20464,06/30/2024, 23:13:59,1066
APRL00001,Super Mario BOOM,20466,07/01/2024, 01:02:54,1066
APRL00001,Super Mario BOOM,20466,07/01/2024, 02:36:45,1066
APRL00001,Super Mario BOOM,20466,07/01/2024, 03:15:30,1066
APRL00001,Super Mario BOOM,20467,07/01/2024, 04:15:45,1066
APRL00001,Super Mario BOOM,20468,07/01/2024, 05:13:37,1066
APRL00001,Super Mario BOOM,20468,07/01/2024, 06:19:28,1066
APRL00001,Super Mario BOOM,20468,07/01/2024, 07:14:01,1066
APRL00001,Super Mario BOOM,20468,07/01/2024, 08:17:33,1066
APRL00001,Super Mario BOOM,20468,07/01/2024, 09:18:02,1066
APRL00001,Super Mario BOOM,20468,07/01/2024, 10:16:17,1066
APRL00001,Super Mario BOOM,20468,07/01/2024, 11:11:40,1066
APRL00001,Super Mario BOOM,20468,07/01/2024, 12:25:09,1066
APRL00001,Super Mario BOOM,20468,07/01/2024, 13:17:30,1066
APRL00001,Super Mario BOOM,20470,07/01/2024, 14:12:49,1066
APRL00001,Super Mario BOOM,20473,07/01/2024, 15:14:20,1066
APRL00001,Super Mario BOOM,20476,07/01/2024, 16:16:04,1066
APRL00001,Super Mario BOOM,20476,07/01/2024, 17:12:53,1066
APRL00001,Super Mario BOOM,20476,07/01/2024, 18:17:15,1066
APRL00001,Super Mario BOOM,20477,07/01/2024, 19:12:07,1066
APRL00001,Super Mario BOOM,20478,07/01/2024, 20:14:01,1066
APRL00001,Super Mario BOOM,20478,07/01/2024, 21:12:55,1066
APRL00001,Super Mario BOOM,20478,07/01/2024, 22:13:44,1066
APRL00001,Super Mario BOOM,20478,07/01/2024, 23:13:24,1066
APRL00001,Super Mario BOOM,20478,07/02/2024, 00:57:02,1066
APRL00001,Super Mario BOOM,20478,07/02/2024, 02:01:17,1066
APRL00001,Super Mario BOOM,20479,07/02/2024, 02:37:22,1066
APRL00001,Super Mario BOOM,20479,07/02/2024, 03:14:41,1066
APRL00001,Super Mario BOOM,20480,07/02/2024, 04:16:46,1066
APRL00001,Super Mario BOOM,20480,07/02/2024, 05:14:12,1066
APRL00001,Super Mario BOOM,20482,07/02/2024, 06:19:29,1066
APRL00001,Super Mario BOOM,20482,07/02/2024, 07:13:49,1066
APRL00001,Super Mario BOOM,20483,07/02/2024, 08:16:47,1066
APRL00001,Super Mario BOOM,20483,07/02/2024, 09:14:03,1066
APRL00001,Super Mario BOOM,20483,07/02/2024, 10:14:14,1066
APRL00001,Super Mario BOOM,20483,07/02/2024, 11:11:53,1066
APRL00001,Super Mario BOOM,20483,07/02/2024, 12:22:41,1066
APRL00001,Super Mario BOOM,20483,07/02/2024, 13:15:20,1066
APRL00001,Super Mario BOOM,20485,07/02/2024, 14:12:44,1066
APRL00001,Super Mario BOOM,20485,07/02/2024, 15:13:58,1066
APRL00001,Super Mario BOOM,20486,07/02/2024, 16:17:42,1066
APRL00001,Super Mario BOOM,20487,07/02/2024, 17:12:59,1066
APRL00001,Super Mario BOOM,20489,07/02/2024, 18:17:07,1066
APRL00001,Super Mario BOOM,20490,07/02/2024, 19:12:08,1066
APRL00001,Super Mario BOOM,20491,07/02/2024, 20:15:29,1066
APRL00001,Super Mario BOOM,20492,07/02/2024, 21:12:56,1066
APRL00001,Super Mario BOOM,20495,07/02/2024, 22:13:18,1066
APRL00001,Super Mario BOOM,20495,07/02/2024, 23:12:48,1066
APRL00001,Super Mario BOOM,20496,07/03/2024, 00:56:45,1066
APRL00001,Super Mario BOOM,20496,07/03/2024, 01:59:47,1066
APRL00001,Super Mario BOOM,20496,07/03/2024, 02:34:11,1066
APRL00001,Super Mario BOOM,20498,07/03/2024, 03:14:32,1066
APRL00001,Super Mario BOOM,20498,07/03/2024, 04:15:36,1066
APRL00001,Super Mario BOOM,20498,07/03/2024, 05:14:17,1066
APRL00001,Super Mario BOOM,20498,07/03/2024, 06:19:29,1066
APRL00001,Super Mario BOOM,20498,07/03/2024, 07:12:59,1066
APRL00001,Super Mario BOOM,20498,07/03/2024, 08:17:06,1066
APRL00001,Super Mario BOOM,20498,07/03/2024, 09:14:46,1066
APRL00001,Super Mario BOOM,20500,07/03/2024, 10:14:48,1066
APRL00001,Super Mario BOOM,20500,07/03/2024, 11:11:53,1066
APRL00001,Super Mario BOOM,20501,07/03/2024, 12:24:07,1066
APRL00001,Super Mario BOOM,20502,07/03/2024, 13:15:47,1066
APRL00001,Super Mario BOOM,20505,07/03/2024, 14:14:21,1066
APRL00001,Super Mario BOOM,20505,07/03/2024, 15:14:02,1066
APRL00001,Super Mario BOOM,20506,07/03/2024, 16:16:38,1066
APRL00001,Super Mario BOOM,20506,07/03/2024, 17:12:05,1066
APRL00001,Super Mario BOOM,20506,07/03/2024, 18:17:03,1066
APRL00001,Super Mario BOOM,20506,07/03/2024, 19:11:01,1066
APRL00001,Super Mario BOOM,20506,07/03/2024, 20:13:50,1066
APRL00001,Super Mario BOOM,20507,07/03/2024, 21:13:40,1066
APRL00001,Super Mario BOOM,20507,07/03/2024, 22:13:06,1066
APRL00001,Super Mario BOOM,20507,07/03/2024, 23:14:50,1066
APRL00001,Super Mario BOOM,20510,07/04/2024, 00:56:50,1066
APRL00001,Super Mario BOOM,20513,07/04/2024, 02:00:46,1066
APRL00001,Super Mario BOOM,20513,07/04/2024, 02:37:14,1066
APRL00001,Super Mario BOOM,20513,07/04/2024, 03:16:11,1066
APRL00001,Super Mario BOOM,20513,07/04/2024, 04:15:28,1066
APRL00001,Super Mario BOOM,20514,07/04/2024, 05:14:27,1066
APRL00001,Super Mario BOOM,20514,07/04/2024, 06:18:34,1066
APRL00001,Super Mario BOOM,20515,07/04/2024, 07:13:54,1066
APRL00001,Super Mario BOOM,20515,07/04/2024, 08:16:52,1066
APRL00001,Super Mario BOOM,20516,07/04/2024, 09:14:57,1066
APRL00001,Super Mario BOOM,20516,07/04/2024, 10:13:50,1066
APRL00001,Super Mario BOOM,20517,07/04/2024, 11:14:29,1066
APRL00001,Super Mario BOOM,20517,07/04/2024, 12:23:58,1066
APRL00001,Super Mario BOOM,20520,07/04/2024, 13:15:46,1066
APRL00001,Super Mario BOOM,20520,07/04/2024, 14:12:32,1066
APRL00001,Super Mario BOOM,20520,07/04/2024, 15:13:38,1066
APRL00001,Super Mario BOOM,20521,07/04/2024, 16:15:30,1066
APRL00001,Super Mario BOOM,20523,07/04/2024, 17:12:46,1066
APRL00001,Super Mario BOOM,20524,07/04/2024, 18:17:02,1066
APRL00001,Super Mario BOOM,20525,07/04/2024, 19:11:06,1066
APRL00001,Super Mario BOOM,20527,07/04/2024, 20:13:26,1066
APRL00001,Super Mario BOOM,20527,07/04/2024, 21:12:36,1066
APRL00001,Super Mario BOOM,20527,07/04/2024, 22:13:13,1066
APRL00001,Super Mario BOOM,20529,07/04/2024, 23:13:59,1066
APRL00001,Super Mario BOOM,20531,07/05/2024, 00:56:26,1066
APRL00001,Super Mario BOOM,20532,07/05/2024, 01:59:54,1066
APRL00001,Super Mario BOOM,20532,07/05/2024, 02:34:35,1066
APRL00001,Super Mario BOOM,20532,07/05/2024, 03:14:56,1066
APRL00001,Super Mario BOOM,20532,07/05/2024, 04:17:37,1066
APRL00001,Super Mario BOOM,20532,07/05/2024, 05:13:10,1066
APRL00001,Super Mario BOOM,20533,07/05/2024, 06:19:19,1066
APRL00001,Super Mario BOOM,20533,07/05/2024, 07:12:36,1066
APRL00001,Super Mario BOOM,20533,07/05/2024, 08:16:33,1066
APRL00001,Super Mario BOOM,20534,07/05/2024, 09:15:23,1066
APRL00001,Super Mario BOOM,20536,07/05/2024, 10:14:46,1066
APRL00001,Super Mario BOOM,20536,07/05/2024, 11:11:35,1066
APRL00001,Super Mario BOOM,20536,07/05/2024, 12:22:58,1066
APRL00001,Super Mario BOOM,20537,07/05/2024, 13:14:52,1066
APRL00001,Super Mario BOOM,20537,07/05/2024, 14:13:14,1066
APRL00001,Super Mario BOOM,20537,07/05/2024, 15:14:08,1066
APRL00001,Super Mario BOOM,20538,07/05/2024, 16:16:05,1066
APRL00001,Super Mario BOOM,20538,07/05/2024, 17:12:47,1066
APRL00001,Super Mario BOOM,20538,07/05/2024, 18:17:00,1066
APRL00001,Super Mario BOOM,20538,07/05/2024, 19:10:30,1066
APRL00001,Super Mario BOOM,20540,07/05/2024, 20:14:59,1066
APRL00001,Super Mario BOOM,20542,07/05/2024, 21:13:03,1066
APRL00001,Super Mario BOOM,20543,07/05/2024, 22:14:11,1066
APRL00001,Super Mario BOOM,20544,07/05/2024, 23:13:49,1066
APRL00001,Super Mario BOOM,20546,07/06/2024, 00:55:20,1066
APRL00001,Super Mario BOOM,20546,07/06/2024, 01:57:46,1066
APRL00001,Super Mario BOOM,20546,07/06/2024, 02:29:07,1066
APRL00001,Super Mario BOOM,20547,07/06/2024, 03:16:25,1066
APRL00001,Super Mario BOOM,20547,07/06/2024, 04:15:51,1066
APRL00001,Super Mario BOOM,20548,07/06/2024, 05:13:08,1066
APRL00001,Super Mario BOOM,20550,07/06/2024, 06:16:32,1066
APRL00001,Super Mario BOOM,20550,07/06/2024, 07:11:31,1066
APRL00001,Super Mario BOOM,20552,07/06/2024, 08:16:54,1066
APRL00001,Super Mario BOOM,20552,07/06/2024, 09:14:07,1066
APRL00001,Super Mario BOOM,20552,07/06/2024, 10:13:03,1066
APRL00001,Super Mario BOOM,20552,07/06/2024, 11:11:37,1066
APRL00001,Super Mario BOOM,20553,07/06/2024, 12:21:50,1066
APRL00001,Super Mario BOOM,20553,07/06/2024, 13:13:18,1066
APRL00001,Super Mario BOOM,20553,07/06/2024, 14:11:00,1066
APRL00001,Super Mario BOOM,20554,07/06/2024, 15:13:22,1066
APRL00001,Super Mario BOOM,20554,07/06/2024, 16:14:15,1066
APRL00001,Super Mario BOOM,20555,07/06/2024, 17:11:09,1066
APRL00001,Super Mario BOOM,20555,07/06/2024, 18:15:56,1066
APRL00001,Super Mario BOOM,20556,07/06/2024, 19:10:44,1066
APRL00001,Super Mario BOOM,20557,07/06/2024, 20:13:39,1066
APRL00001,Super Mario BOOM,20557,07/06/2024, 21:13:31,1066
APRL00001,Super Mario BOOM,20559,07/06/2024, 22:12:48,1066
APRL00001,Super Mario BOOM,20562,07/06/2024, 23:12:30,1066
APRL00001,Super Mario BOOM,20563,07/07/2024, 01:01:40,1066
APRL00001,Super Mario BOOM,20565,07/07/2024, 02:14:29,1066
APRL00001,Super Mario BOOM,20567,07/07/2024, 03:15:19,1066
APRL00001,Super Mario BOOM,20569,07/07/2024, 04:15:12,1066
APRL00001,Super Mario BOOM,20571,07/07/2024, 05:14:59,1066
APRL00001,Super Mario BOOM,20571,07/07/2024, 06:17:44,1066
APRL00001,Super Mario BOOM,20572,07/07/2024, 07:12:39,1066
APRL00001,Super Mario BOOM,20573,07/07/2024, 08:15:42,1066
APRL00001,Super Mario BOOM,20574,07/07/2024, 09:14:43,1066
APRL00001,Super Mario BOOM,20575,07/07/2024, 10:12:49,1066
APRL00001,Super Mario BOOM,20576,07/07/2024, 11:11:49,1066
APRL00001,Super Mario BOOM,20576,07/07/2024, 12:21:54,1066
APRL00001,Super Mario BOOM,20576,07/07/2024, 13:13:38,1066
APRL00001,Super Mario BOOM,20577,07/07/2024, 14:11:14,1066
APRL00001,Super Mario BOOM,20578,07/07/2024, 15:13:04,1066
APRL00001,Super Mario BOOM,20582,07/07/2024, 16:14:42,1066
APRL00001,Super Mario BOOM,20582,07/07/2024, 17:11:54,1066
APRL00001,Super Mario BOOM,20585,07/07/2024, 18:16:08,1066
APRL00001,Super Mario BOOM,20587,07/07/2024, 19:11:05,1066
APRL00001,Super Mario BOOM,20588,07/07/2024, 20:12:54,1066
APRL00001,Super Mario BOOM,20588,07/07/2024, 21:13:43,1066
APRL00001,Super Mario BOOM,20589,07/07/2024, 22:12:57,1066
APRL00001,Super Mario BOOM,20591,07/07/2024, 23:13:50,1066
APRL00001,Super Mario BOOM,20593,07/08/2024, 00:58:38,1066
APRL00001,Super Mario BOOM,20594,07/08/2024, 02:04:20,1066
APRL00001,Super Mario BOOM,20594,07/08/2024, 03:16:04,1066
APRL00001,Super Mario BOOM,20596,07/08/2024, 04:17:03,1066
APRL00001,Super Mario BOOM,20596,07/08/2024, 05:15:17,1066
APRL00001,Super Mario BOOM,20598,07/08/2024, 06:19:07,1066
APRL00001,Super Mario BOOM,20599,07/08/2024, 07:14:06,1066
APRL00001,Super Mario BOOM,20599,07/08/2024, 08:17:28,1066
APRL00001,Super Mario BOOM,20600,07/08/2024, 09:15:18,1066
APRL00001,Super Mario BOOM,20600,07/08/2024, 10:14:44,1066
APRL00001,Super Mario BOOM,20601,07/08/2024, 11:12:34,1066
APRL00001,Super Mario BOOM,20602,07/08/2024, 12:24:50,1066
APRL00001,Super Mario BOOM,20602,07/08/2024, 13:17:04,1066
APRL00001,Super Mario BOOM,20603,07/08/2024, 14:13:20,1066
APRL00001,Super Mario BOOM,20603,07/08/2024, 15:14:10,1066
APRL00001,Super Mario BOOM,20604,07/08/2024, 16:16:44,1066
APRL00001,Super Mario BOOM,20605,07/08/2024, 17:12:13,1066
APRL00001,Super Mario BOOM,20606,07/08/2024, 18:17:25,1066
APRL00001,Super Mario BOOM,20606,07/08/2024, 19:10:32,1066
APRL00001,Super Mario BOOM,20606,07/08/2024, 20:15:43,1066
APRL00001,Super Mario BOOM,20606,07/08/2024, 21:13:52,1066
APRL00001,Super Mario BOOM,20606,07/08/2024, 22:13:24,1066
APRL00001,Super Mario BOOM,20607,07/08/2024, 23:13:12,1066
APRL00001,Super Mario BOOM,20609,07/09/2024, 00:57:49,1066
APRL00001,Super Mario BOOM,20610,07/09/2024, 02:03:08,1066
APRL00001,Super Mario BOOM,20610,07/09/2024, 03:15:30,1066
APRL00001,Super Mario BOOM,20610,07/09/2024, 04:15:43,1066
APRL00001,Super Mario BOOM,20610,07/09/2024, 05:13:41,1066
APRL00001,Super Mario BOOM,20610,07/09/2024, 06:18:24,1066
APRL00001,Super Mario BOOM,20610,07/09/2024, 07:13:04,1066
APRL00001,Super Mario BOOM,20610,07/09/2024, 08:15:26,1066
APRL00001,Super Mario BOOM,20611,07/09/2024, 09:13:57,1066
APRL00001,Super Mario BOOM,20612,07/09/2024, 10:14:19,1066
APRL00001,Super Mario BOOM,20613,07/09/2024, 11:12:15,1066
APRL00001,Super Mario BOOM,20613,07/09/2024, 12:25:11,1066
APRL00001,Super Mario BOOM,20614,07/09/2024, 13:16:35,1066
APRL00001,Super Mario BOOM,20614,07/09/2024, 14:12:23,1066
APRL00001,Super Mario BOOM,20614,07/09/2024, 15:13:34,1066
APRL00001,Super Mario BOOM,20614,07/09/2024, 16:16:43,1066
APRL00001,Super Mario BOOM,20616,07/09/2024, 17:13:25,1066
APRL00001,Super Mario BOOM,20616,07/09/2024, 18:17:27,1066
APRL00001,Super Mario BOOM,20617,07/09/2024, 19:10:37,1066
APRL00001,Super Mario BOOM,20617,07/09/2024, 20:14:21,1066
APRL00001,Super Mario BOOM,20618,07/09/2024, 21:14:35,1066
APRL00001,Super Mario BOOM,20618,07/09/2024, 22:13:58,1066
APRL00001,Super Mario BOOM,20620,07/09/2024, 23:15:41,1066
APRL00001,Super Mario BOOM,20623,07/10/2024, 00:58:21,1066
APRL00001,Super Mario BOOM,20623,07/10/2024, 02:03:02,1066
APRL00001,Super Mario BOOM,20625,07/10/2024, 03:15:40,1066
APRL00001,Super Mario BOOM,20625,07/10/2024, 04:17:25,1066
APRL00001,Super Mario BOOM,20626,07/10/2024, 05:13:58,1066
APRL00001,Super Mario BOOM,20627,07/10/2024, 06:18:28,1066
APRL00001,Super Mario BOOM,20627,07/10/2024, 07:14:16,1066
APRL00001,Super Mario BOOM,20627,07/10/2024, 08:18:13,1066
APRL00001,Super Mario BOOM,20628,07/10/2024, 09:13:54,1066
APRL00001,Super Mario BOOM,20629,07/10/2024, 10:15:08,1066
APRL00001,Super Mario BOOM,20631,07/10/2024, 11:12:14,1066
APRL00001,Super Mario BOOM,20634,07/10/2024, 12:24:44,1066
APRL00001,Super Mario BOOM,20635,07/10/2024, 13:16:43,1066
APRL00001,Super Mario BOOM,20636,07/10/2024, 14:12:54,1066
APRL00001,Super Mario BOOM,20636,07/10/2024, 15:15:07,1066
APRL00001,Super Mario BOOM,20637,07/10/2024, 16:16:11,1066
APRL00001,Super Mario BOOM,20640,07/10/2024, 17:11:45,1066
APRL00001,Super Mario BOOM,20640,07/10/2024, 18:19:02,1066
APRL00001,Super Mario BOOM,20641,07/10/2024, 19:12:25,1066
APRL00001,Super Mario BOOM,20641,07/10/2024, 20:14:10,1066
APRL00001,Super Mario BOOM,20641,07/10/2024, 21:12:37,1066
APRL00001,Super Mario BOOM,20641,07/10/2024, 22:12:35,1066
APRL00001,Super Mario BOOM,20641,07/10/2024, 23:13:12,1066
APRL00001,Super Mario BOOM,20641,07/11/2024, 00:58:02,1066
APRL00001,Super Mario BOOM,20641,07/11/2024, 02:04:16,1066
APRL00001,Super Mario BOOM,20642,07/11/2024, 03:16:53,1066
APRL00001,Super Mario BOOM,20643,07/11/2024, 04:16:59,1066
APRL00001,Super Mario BOOM,20643,07/11/2024, 05:13:31,1066
APRL00001,Super Mario BOOM,20644,07/11/2024, 06:18:17,1066
APRL00001,Super Mario BOOM,20645,07/11/2024, 07:14:29,1066
APRL00001,Super Mario BOOM,20645,07/11/2024, 08:16:33,1066
APRL00001,Super Mario BOOM,20645,07/11/2024, 09:14:42,1066
APRL00001,Super Mario BOOM,20645,07/11/2024, 10:13:53,1066
APRL00001,Super Mario BOOM,20647,07/11/2024, 11:12:22,1066
APRL00001,Super Mario BOOM,20647,07/11/2024, 12:24:11,1066
APRL00001,Super Mario BOOM,20647,07/11/2024, 13:17:07,1066
APRL00001,Super Mario BOOM,20649,07/11/2024, 14:12:20,1066
APRL00001,Super Mario BOOM,20649,07/11/2024, 15:13:50,1066
APRL00001,Super Mario BOOM,20652,07/11/2024, 16:15:58,1066
APRL00001,Super Mario BOOM,20653,07/11/2024, 17:12:14,1066
APRL00001,Super Mario BOOM,20653,07/11/2024, 18:17:23,1066
APRL00001,Super Mario BOOM,20654,07/11/2024, 19:11:38,1066
APRL00001,Super Mario BOOM,20657,07/11/2024, 20:13:55,1066
APRL00001,Super Mario BOOM,20658,07/11/2024, 21:14:56,1066
APRL00001,Super Mario BOOM,20660,07/11/2024, 22:12:56,1066
APRL00001,Super Mario BOOM,20661,07/11/2024, 23:14:58,1066
APRL00001,Super Mario BOOM,20665,07/12/2024, 00:57:06,1066
APRL00001,Super Mario BOOM,20666,07/12/2024, 02:01:01,1066
APRL00001,Super Mario BOOM,20667,07/12/2024, 02:37:46,1066
APRL00001,Super Mario BOOM,20668,07/12/2024, 03:15:32,1066
APRL00001,Super Mario BOOM,20669,07/12/2024, 04:15:34,1066
APRL00001,Super Mario BOOM,20671,07/12/2024, 05:13:00,1066
APRL00001,Super Mario BOOM,20672,07/12/2024, 06:18:14,1066
APRL00001,Super Mario BOOM,20673,07/12/2024, 07:13:43,1066
APRL00001,Super Mario BOOM,20674,07/12/2024, 08:17:25,1066
APRL00001,Super Mario BOOM,20674,07/12/2024, 09:14:57,1066
APRL00001,Super Mario BOOM,20675,07/12/2024, 10:14:08,1066
APRL00001,Super Mario BOOM,20676,07/12/2024, 11:12:00,1066
APRL00001,Super Mario BOOM,20676,07/12/2024, 12:24:45,1066
APRL00001,Super Mario BOOM,20677,07/12/2024, 13:16:20,1066
APRL00001,Super Mario BOOM,20679,07/12/2024, 14:12:26,1066
APRL00001,Super Mario BOOM,20681,07/12/2024, 15:13:32,1066
APRL00001,Super Mario BOOM,20681,07/12/2024, 16:16:23,1066
APRL00001,Super Mario BOOM,20682,07/12/2024, 17:13:30,1066
APRL00001,Super Mario BOOM,20684,07/12/2024, 18:18:19,1066
APRL00001,Super Mario BOOM,20685,07/12/2024, 19:10:12,1066
APRL00001,Super Mario BOOM,20688,07/12/2024, 20:14:15,1066
APRL00001,Super Mario BOOM,20689,07/12/2024, 21:13:34,1066
APRL00001,Super Mario BOOM,20692,07/12/2024, 22:12:01,1066
APRL00001,Super Mario BOOM,20695,07/12/2024, 23:12:33,1066
APRL00001,Super Mario BOOM,20695,07/13/2024, 00:58:04,1066
APRL00001,Super Mario BOOM,20697,07/13/2024, 02:01:51,1066
APRL00001,Super Mario BOOM,20699,07/13/2024, 03:14:25,1066
APRL00001,Super Mario BOOM,20700,07/13/2024, 04:15:31,1066
APRL00001,Super Mario BOOM,20700,07/13/2024, 05:13:12,1066
APRL00001,Super Mario BOOM,20700,07/13/2024, 06:17:50,1066
APRL00001,Super Mario BOOM,20701,07/13/2024, 07:12:44,1066
APRL00001,Super Mario BOOM,20701,07/13/2024, 08:15:12,1066
APRL00001,Super Mario BOOM,20702,07/13/2024, 09:13:03,1066
APRL00001,Super Mario BOOM,20702,07/13/2024, 10:13:10,1066
APRL00001,Super Mario BOOM,20702,07/13/2024, 11:11:57,1066
APRL00001,Super Mario BOOM,20702,07/13/2024, 12:21:49,1066
APRL00001,Super Mario BOOM,20706,07/13/2024, 13:14:04,1066
APRL00001,Super Mario BOOM,20706,07/13/2024, 14:11:00,1066
APRL00001,Super Mario BOOM,20706,07/13/2024, 15:13:05,1066
APRL00001,Super Mario BOOM,20706,07/13/2024, 16:14:24,1066
APRL00001,Super Mario BOOM,20710,07/13/2024, 17:11:18,1066
APRL00001,Super Mario BOOM,20710,07/13/2024, 18:15:41,1066
APRL00001,Super Mario BOOM,20711,07/13/2024, 19:11:03,1066
APRL00001,Super Mario BOOM,20712,07/13/2024, 20:13:33,1066
APRL00001,Super Mario BOOM,20713,07/13/2024, 21:12:47,1066
APRL00001,Super Mario BOOM,20714,07/13/2024, 22:11:41,1066
APRL00001,Super Mario BOOM,20718,07/13/2024, 23:12:29,1066
APRL00001,Super Mario BOOM,20721,07/14/2024, 01:02:21,1066
APRL00001,Super Mario BOOM,20722,07/14/2024, 02:38:20,1066
APRL00001,Super Mario BOOM,20723,07/14/2024, 03:16:09,1066
APRL00001,Super Mario BOOM,20725,07/14/2024, 04:17:15,1066
APRL00001,Super Mario BOOM,20725,07/14/2024, 05:14:46,1066
APRL00001,Super Mario BOOM,20726,07/14/2024, 06:19:17,1066
APRL00001,Super Mario BOOM,20726,07/14/2024, 07:14:19,1066
APRL00001,Super Mario BOOM,20727,07/14/2024, 08:18:19,1066
APRL00001,Super Mario BOOM,20728,07/14/2024, 09:15:06,1066
APRL00001,Super Mario BOOM,20728,07/14/2024, 10:15:10,1066
APRL00001,Super Mario BOOM,20729,07/14/2024, 11:12:11,1066
APRL00001,Super Mario BOOM,20729,07/14/2024, 12:19:31,1066
APRL00001,Super Mario BOOM,20729,07/14/2024, 13:20:53,1066
APRL00001,Super Mario BOOM,20729,07/14/2024, 14:15:42,1066
APRL00001,Super Mario BOOM,20730,07/14/2024, 15:19:47,1066
APRL00001,Super Mario BOOM,20731,07/14/2024, 16:22:38,1066
APRL00001,Super Mario BOOM,20733,07/14/2024, 17:15:06,1066
APRL00001,Super Mario BOOM,20735,07/14/2024, 18:24:46,1066
APRL00001,Super Mario BOOM,20737,07/14/2024, 19:12:03,1066
APRL00001,Super Mario BOOM,20737,07/14/2024, 20:13:42,1066
APRL00001,Super Mario BOOM,20737,07/14/2024, 21:11:57,1066
APRL00001,Super Mario BOOM,20739,07/14/2024, 22:13:18,1066
APRL00001,Super Mario BOOM,20741,07/14/2024, 23:13:05,1066
APRL00001,Super Mario BOOM,20742,07/15/2024, 00:59:33,1066
APRL00001,Super Mario BOOM,20744,07/15/2024, 02:09:35,1066
APRL00001,Super Mario BOOM,20746,07/15/2024, 03:17:16,1066
APRL00001,Super Mario BOOM,20746,07/15/2024, 04:18:06,1066
APRL00001,Super Mario BOOM,20748,07/15/2024, 05:13:38,1066
APRL00001,Super Mario BOOM,20748,07/15/2024, 06:20:10,1066
APRL00001,Super Mario BOOM,20750,07/15/2024, 07:13:10,1066
APRL00001,Super Mario BOOM,20750,07/15/2024, 08:17:13,1066
APRL00001,Super Mario BOOM,20750,07/15/2024, 09:15:01,1066
APRL00001,Super Mario BOOM,20752,07/15/2024, 10:14:46,1066
APRL00001,Super Mario BOOM,20752,07/15/2024, 11:11:32,1066
APRL00001,Super Mario BOOM,20752,07/15/2024, 12:25:20,1066
APRL00001,Super Mario BOOM,20753,07/15/2024, 13:17:24,1066
APRL00001,Super Mario BOOM,20753,07/15/2024, 14:11:37,1066
APRL00001,Super Mario BOOM,20754,07/15/2024, 15:15:50,1066
APRL00001,Super Mario BOOM,20755,07/15/2024, 16:16:07,1066
APRL00001,Super Mario BOOM,20755,07/15/2024, 17:12:21,1066
APRL00001,Super Mario BOOM,20757,07/15/2024, 18:17:38,1066
APRL00001,Super Mario BOOM,20758,07/15/2024, 19:11:35,1066
APRL00001,Super Mario BOOM,20759,07/15/2024, 20:13:56,1066
APRL00001,Super Mario BOOM,20760,07/15/2024, 21:13:27,1066
APRL00001,Super Mario BOOM,20761,07/15/2024, 22:13:15,1066
APRL00001,Super Mario BOOM,20762,07/15/2024, 23:14:16,1066
APRL00001,Super Mario BOOM,20767,07/16/2024, 00:58:43,1066
APRL00001,Super Mario BOOM,20770,07/16/2024, 02:05:30,1066
APRL00001,Super Mario BOOM,20774,07/16/2024, 03:17:55,1066
APRL00001,Super Mario BOOM,20774,07/16/2024, 04:16:09,1066
APRL00001,Super Mario BOOM,20775,07/16/2024, 05:13:10,1066
APRL00001,Super Mario BOOM,20775,07/16/2024, 06:18:54,1066
APRL00001,Super Mario BOOM,20776,07/16/2024, 07:13:46,1066
APRL00001,Super Mario BOOM,20777,07/16/2024, 08:17:51,1066
APRL00001,Super Mario BOOM,20777,07/16/2024, 09:14:59,1066
APRL00001,Super Mario BOOM,20777,07/16/2024, 10:12:47,1066
APRL00001,Super Mario BOOM,20778,07/16/2024, 11:12:20,1066
APRL00001,Super Mario BOOM,20778,07/16/2024, 12:26:01,1066
APRL00001,Super Mario BOOM,20778,07/16/2024, 13:12:17,1066
APRL00001,Super Mario BOOM,20778,07/16/2024, 14:14:04,1066
APRL00001,Super Mario BOOM,20778,07/16/2024, 15:12:17,1066
APRL00001,Super Mario BOOM,20778,07/16/2024, 16:15:08,1066
APRL00001,Super Mario BOOM,20781,07/16/2024, 17:12:21,1066
APRL00001,Super Mario BOOM,20782,07/16/2024, 18:17:17,1066
APRL00001,Super Mario BOOM,20783,07/16/2024, 19:12:15,1066
APRL00001,Super Mario BOOM,20785,07/16/2024, 20:13:39,1066
APRL00001,Super Mario BOOM,20786,07/16/2024, 21:13:39,1066
APRL00001,Super Mario BOOM,20786,07/16/2024, 22:13:17,1066
APRL00001,Super Mario BOOM,20786,07/16/2024, 23:14:26,1066
APRL00001,Super Mario BOOM,20789,07/17/2024, 00:58:16,1066
APRL00001,Super Mario BOOM,20791,07/17/2024, 02:04:17,1066
APRL00001,Super Mario BOOM,20791,07/17/2024, 03:15:50,1066
APRL00001,Super Mario BOOM,20791,07/17/2024, 04:15:36,1066
APRL00001,Super Mario BOOM,20791,07/17/2024, 05:13:32,1066
APRL00001,Super Mario BOOM,20791,07/17/2024, 06:18:32,1066
APRL00001,Super Mario BOOM,20792,07/17/2024, 07:13:53,1066
APRL00001,Super Mario BOOM,20792,07/17/2024, 08:17:23,1066
APRL00001,Super Mario BOOM,20792,07/17/2024, 09:16:14,1066
APRL00001,Super Mario BOOM,20793,07/17/2024, 10:14:38,1066
APRL00001,Super Mario BOOM,20796,07/17/2024, 11:12:07,1066
APRL00001,Super Mario BOOM,20797,07/17/2024, 12:24:33,1066
APRL00001,Super Mario BOOM,20797,07/17/2024, 13:16:07,1066
APRL00001,Super Mario BOOM,20798,07/17/2024, 14:12:54,1066
APRL00001,Super Mario BOOM,20799,07/17/2024, 15:16:01,1066
APRL00001,Super Mario BOOM,20801,07/17/2024, 16:16:19,1066
APRL00001,Super Mario BOOM,20804,07/17/2024, 17:11:47,1066
APRL00001,Super Mario BOOM,20804,07/17/2024, 18:17:26,1066
APRL00001,Super Mario BOOM,20805,07/17/2024, 19:10:10,1066
APRL00001,Super Mario BOOM,20809,07/17/2024, 20:14:11,1066
APRL00001,Super Mario BOOM,20809,07/17/2024, 21:12:47,1066
APRL00001,Super Mario BOOM,20811,07/17/2024, 22:13:23,1066
APRL00001,Super Mario BOOM,20813,07/17/2024, 23:14:38,1066
APRL00001,Super Mario BOOM,20815,07/18/2024, 00:57:14,1066
APRL00001,Super Mario BOOM,20817,07/18/2024, 02:02:08,1066
APRL00001,Super Mario BOOM,20817,07/18/2024, 03:16:42,1066
APRL00001,Super Mario BOOM,20817,07/18/2024, 04:16:44,1066
APRL00001,Super Mario BOOM,20817,07/18/2024, 05:13:59,1066
APRL00001,Super Mario BOOM,20819,07/18/2024, 06:18:53,1066
APRL00001,Super Mario BOOM,20819,07/18/2024, 07:12:54,1066
APRL00001,Super Mario BOOM,20819,07/18/2024, 08:16:59,1066
APRL00001,Super Mario BOOM,20821,07/18/2024, 09:14:01,1066
APRL00001,Super Mario BOOM,20821,07/18/2024, 10:14:20,1066
APRL00001,Super Mario BOOM,20823,07/18/2024, 11:12:08,1066
APRL00001,Super Mario BOOM,20823,07/18/2024, 12:25:23,1066
APRL00001,Super Mario BOOM,20823,07/18/2024, 13:17:29,1066
APRL00001,Super Mario BOOM,20823,07/18/2024, 14:13:10,1066
APRL00001,Super Mario BOOM,20825,07/18/2024, 15:14:38,1066
APRL00001,Super Mario BOOM,20825,07/18/2024, 16:15:49,1066
APRL00001,Super Mario BOOM,20825,07/18/2024, 17:13:06,1066
APRL00001,Super Mario BOOM,20825,07/18/2024, 18:18:23,1066
APRL00001,Super Mario BOOM,20826,07/18/2024, 19:11:42,1066
APRL00001,Super Mario BOOM,20827,07/18/2024, 20:13:49,1066
APRL00001,Super Mario BOOM,20827,07/18/2024, 21:12:45,1066
APRL00001,Super Mario BOOM,20830,07/18/2024, 22:12:26,1066
APRL00001,Super Mario BOOM,20833,07/19/2024, 01:35:25,1066
APRL00001,Super Mario BOOM,20834,07/19/2024, 02:02:52,1066
APRL00001,Super Mario BOOM,20835,07/19/2024, 03:15:36,1066
APRL00001,Super Mario BOOM,20835,07/19/2024, 04:17:41,1066
APRL00001,Super Mario BOOM,20835,07/19/2024, 05:14:32,1066
APRL00001,Super Mario BOOM,20835,07/19/2024, 06:18:33,1066
APRL00001,Super Mario BOOM,20835,07/19/2024, 07:14:04,1066
APRL00001,Super Mario BOOM,20837,07/19/2024, 08:16:37,1066
APRL00001,Super Mario BOOM,20837,07/19/2024, 09:14:14,1066
APRL00001,Super Mario BOOM,20838,07/19/2024, 10:13:54,1066
APRL00001,Super Mario BOOM,20839,07/19/2024, 11:12:12,1066
APRL00001,Super Mario BOOM,20839,07/19/2024, 12:23:32,1066
APRL00001,Super Mario BOOM,20840,07/19/2024, 13:15:58,1066
APRL00001,Super Mario BOOM,20842,07/19/2024, 14:14:11,1066
APRL00001,Super Mario BOOM,20842,07/19/2024, 15:14:41,1066
APRL00001,Super Mario BOOM,20842,07/19/2024, 16:15:46,1066
APRL00001,Super Mario BOOM,20842,07/19/2024, 17:13:21,1066
APRL00001,Super Mario BOOM,20842,07/19/2024, 18:17:34,1066
APRL00001,Super Mario BOOM,20842,07/19/2024, 19:12:13,1066
APRL00001,Super Mario BOOM,20843,07/19/2024, 20:15:29,1066
APRL00001,Super Mario BOOM,20843,07/19/2024, 21:12:25,1066
APRL00001,Super Mario BOOM,20845,07/19/2024, 22:14:10,1066
APRL00001,Super Mario BOOM,20846,07/19/2024, 23:13:49,1066
APRL00001,Super Mario BOOM,20846,07/20/2024, 00:56:56,1066
APRL00001,Super Mario BOOM,20847,07/20/2024, 01:59:30,1066
APRL00001,Super Mario BOOM,20847,07/20/2024, 02:33:37,1066
APRL00001,Super Mario BOOM,20848,07/20/2024, 03:15:07,1066
APRL00001,Super Mario BOOM,20848,07/20/2024, 04:17:39,1066
APRL00001,Super Mario BOOM,20848,07/20/2024, 05:13:37,1066
APRL00001,Super Mario BOOM,20850,07/20/2024, 06:19:04,1066
APRL00001,Super Mario BOOM,20852,07/20/2024, 07:12:48,1066
APRL00001,Super Mario BOOM,20853,07/20/2024, 08:15:22,1066
APRL00001,Super Mario BOOM,20853,07/20/2024, 09:13:47,1066
APRL00001,Super Mario BOOM,20856,07/20/2024, 10:13:36,1066
APRL00001,Super Mario BOOM,20856,07/20/2024, 11:11:21,1066
APRL00001,Super Mario BOOM,20856,07/20/2024, 12:22:18,1066
APRL00001,Super Mario BOOM,20856,07/20/2024, 13:13:43,1066
APRL00001,Super Mario BOOM,20856,07/20/2024, 14:11:47,1066
APRL00001,Super Mario BOOM,20856,07/20/2024, 15:12:27,1066
APRL00001,Super Mario BOOM,20857,07/20/2024, 16:15:25,1066
APRL00001,Super Mario BOOM,20860,07/20/2024, 17:11:45,1066
APRL00001,Super Mario BOOM,20860,07/20/2024, 18:16:39,1066
APRL00001,Super Mario BOOM,20860,07/20/2024, 19:10:34,1066
APRL00001,Super Mario BOOM,20861,07/20/2024, 20:13:14,1066
APRL00001,Super Mario BOOM,20862,07/20/2024, 21:12:18,1066
APRL00001,Super Mario BOOM,20864,07/20/2024, 22:13:07,1066
APRL00001,Super Mario BOOM,20864,07/20/2024, 23:13:10,1066
APRL00001,Super Mario BOOM,20864,07/21/2024, 01:02:27,1066
APRL00001,Super Mario BOOM,20864,07/21/2024, 02:33:42,1066
APRL00001,Super Mario BOOM,20864,07/21/2024, 03:15:33,1066
APRL00001,Super Mario BOOM,20864,07/21/2024, 04:15:21,1066
APRL00001,Super Mario BOOM,20864,07/21/2024, 05:14:33,1066
APRL00001,Super Mario BOOM,20864,07/21/2024, 06:16:44,1066
APRL00001,Super Mario BOOM,20864,07/21/2024, 07:11:35,1066
APRL00001,Super Mario BOOM,20864,07/21/2024, 08:15:29,1066
APRL00001,Super Mario BOOM,20864,07/21/2024, 09:13:04,1066
APRL00001,Super Mario BOOM,20864,07/21/2024, 10:13:54,1066
APRL00001,Super Mario BOOM,20864,07/21/2024, 11:11:12,1066
APRL00001,Super Mario BOOM,20864,07/21/2024, 12:23:01,1066
APRL00001,Super Mario BOOM,20864,07/21/2024, 13:13:46,1066
APRL00001,Super Mario BOOM,20864,07/21/2024, 14:11:53,1066
APRL00001,Super Mario BOOM,20864,07/21/2024, 15:14:18,1066
APRL00001,Super Mario BOOM,20864,07/21/2024, 16:16:55,1066
APRL00001,Super Mario BOOM,20864,07/21/2024, 17:10:57,1066
APRL00001,Super Mario BOOM,20864,07/21/2024, 18:15:45,1066
APRL00001,Super Mario BOOM,20864,07/21/2024, 19:10:20,1066
APRL00001,Super Mario BOOM,20864,07/21/2024, 20:15:36,1066
APRL00001,Super Mario BOOM,20864,07/21/2024, 21:11:54,1066
APRL00001,Super Mario BOOM,20864,07/21/2024, 22:12:30,1066
APRL00001,Super Mario BOOM,20864,07/21/2024, 23:13:42,1066
APRL00001,Super Mario BOOM,20864,07/22/2024, 01:00:10,1066
APRL00001,Super Mario BOOM,20864,07/22/2024, 02:09:02,1066
APRL00001,Super Mario BOOM,20864,07/22/2024, 03:16:13,1066
APRL00001,Super Mario BOOM,20864,07/22/2024, 04:16:24,1066
APRL00001,Super Mario BOOM,20864,07/22/2024, 05:14:36,1066
APRL00001,Super Mario BOOM,20864,07/22/2024, 06:18:51,1066
APRL00001,Super Mario BOOM,20864,07/22/2024, 07:13:45,1066
APRL00001,Super Mario BOOM,20864,07/22/2024, 08:18:00,1066
APRL00001,Super Mario BOOM,20864,07/22/2024, 09:17:27,1066
APRL00001,Super Mario BOOM,20864,07/22/2024, 10:14:23,1066
APRL00001,Super Mario BOOM,20864,07/22/2024, 11:11:49,1066
APRL00001,Super Mario BOOM,20864,07/22/2024, 12:25:28,1066
APRL00001,Super Mario BOOM,20865,07/22/2024, 13:17:36,1066
APRL00001,Super Mario BOOM,20865,07/22/2024, 14:13:40,1066
APRL00001,Super Mario BOOM,20865,07/22/2024, 15:15:14,1066
APRL00001,Super Mario BOOM,20865,07/22/2024, 16:16:37,1066
APRL00001,Super Mario BOOM,20865,07/22/2024, 17:12:22,1066
APRL00001,Super Mario BOOM,20865,07/22/2024, 18:17:29,1066
APRL00001,Super Mario BOOM,20865,07/22/2024, 19:12:11,1066
APRL00001,Super Mario BOOM,20867,07/22/2024, 20:14:14,1066
APRL00001,Super Mario BOOM,20868,07/22/2024, 21:13:06,1066
APRL00001,Super Mario BOOM,20868,07/22/2024, 22:13:12,1066
APRL00001,Super Mario BOOM,20868,07/22/2024, 23:13:41,1066
APRL00001,Super Mario BOOM,20868,07/23/2024, 00:58:25,1066
APRL00001,Super Mario BOOM,20868,07/23/2024, 02:04:18,1066
APRL00001,Super Mario BOOM,20868,07/23/2024, 03:15:57,1066
APRL00001,Super Mario BOOM,20868,07/23/2024, 04:15:58,1066
APRL00001,Super Mario BOOM,20869,07/23/2024, 05:13:20,1066
APRL00001,Super Mario BOOM,20869,07/23/2024, 06:18:37,1066
APRL00001,Super Mario BOOM,20870,07/23/2024, 07:12:40,1066
APRL00001,Super Mario BOOM,20871,07/23/2024, 08:18:36,1066
APRL00001,Super Mario BOOM,20871,07/23/2024, 09:14:37,1066
APRL00001,Super Mario BOOM,20871,07/23/2024, 10:14:23,1066
APRL00001,Super Mario BOOM,20871,07/23/2024, 11:12:59,1066
APRL00001,Super Mario BOOM,20871,07/23/2024, 12:24:38,1066
APRL00001,Super Mario BOOM,20871,07/23/2024, 13:16:57,1066
APRL00001,Super Mario BOOM,20872,07/23/2024, 14:13:08,1066
APRL00001,Super Mario BOOM,20872,07/23/2024, 15:14:59,1066
APRL00001,Super Mario BOOM,20872,07/23/2024, 16:18:38,1066
APRL00001,Super Mario BOOM,20872,07/23/2024, 17:12:40,1066
APRL00001,Super Mario BOOM,20872,07/23/2024, 18:17:46,1066
APRL00001,Super Mario BOOM,20872,07/23/2024, 19:10:42,1066
APRL00001,Super Mario BOOM,20872,07/23/2024, 20:14:04,1066
APRL00001,Super Mario BOOM,20872,07/23/2024, 21:15:26,1066
APRL00001,Super Mario BOOM,20872,07/23/2024, 22:13:41,1066
APRL00001,Super Mario BOOM,20872,07/23/2024, 23:15:23,1066
APRL00001,Super Mario BOOM,20872,07/24/2024, 00:58:58,1066
APRL00001,Super Mario BOOM,20873,07/24/2024, 02:04:43,1066
APRL00001,Super Mario BOOM,20873,07/24/2024, 03:15:16,1066
APRL00001,Super Mario BOOM,20873,07/24/2024, 04:15:29,1066
APRL00001,Super Mario BOOM,20873,07/24/2024, 05:13:47,1066
APRL00001,Super Mario BOOM,20874,07/24/2024, 06:18:44,1066
APRL00001,Super Mario BOOM,20874,07/24/2024, 07:13:04,1066
APRL00001,Super Mario BOOM,20874,07/24/2024, 08:16:49,1066
APRL00001,Super Mario BOOM,20874,07/24/2024, 09:14:15,1066
APRL00001,Super Mario BOOM,20874,07/24/2024, 10:15:57,1066
APRL00001,Super Mario BOOM,20874,07/24/2024, 11:11:24,1066
APRL00001,Super Mario BOOM,20874,07/24/2024, 12:23:47,1066
APRL00001,Super Mario BOOM,20874,07/24/2024, 13:17:38,1066
APRL00001,Super Mario BOOM,20874,07/24/2024, 14:13:40,1066
APRL00001,Super Mario BOOM,20874,07/24/2024, 15:14:52,1066
APRL00001,Super Mario BOOM,20875,07/24/2024, 16:16:29,1066
APRL00001,Super Mario BOOM,20875,07/24/2024, 17:12:06,1066
APRL00001,Super Mario BOOM,20876,07/24/2024, 18:17:11,1066
APRL00001,Super Mario BOOM,20876,07/24/2024, 19:11:34,1066
APRL00001,Super Mario BOOM,20876,07/24/2024, 20:13:59,1066
APRL00001,Super Mario BOOM,20877,07/24/2024, 21:13:35,1066
APRL00001,Super Mario BOOM,20877,07/24/2024, 22:13:12,1066
APRL00001,Super Mario BOOM,20878,07/24/2024, 23:14:11,1066
APRL00001,Super Mario BOOM,20878,07/25/2024, 00:58:45,1066
APRL00001,Super Mario BOOM,20878,07/25/2024, 02:04:20,1066
APRL00001,Super Mario BOOM,20878,07/25/2024, 03:14:54,1066
APRL00001,Super Mario BOOM,20878,07/25/2024, 04:16:53,1066
APRL00001,Super Mario BOOM,20878,07/25/2024, 05:13:57,1066
APRL00001,Super Mario BOOM,20878,07/25/2024, 06:18:52,1066
APRL00001,Super Mario BOOM,20878,07/25/2024, 07:14:05,1066
APRL00001,Super Mario BOOM,20878,07/25/2024, 08:17:43,1066
APRL00001,Super Mario BOOM,20878,07/25/2024, 09:15:12,1066
APRL00001,Super Mario BOOM,20878,07/25/2024, 10:14:42,1066
APRL00001,Super Mario BOOM,20878,07/25/2024, 11:11:46,1066
APRL00001,Super Mario BOOM,20878,07/25/2024, 12:24:35,1066
APRL00001,Super Mario BOOM,20878,07/25/2024, 13:16:47,1066
APRL00001,Super Mario BOOM,20878,07/25/2024, 14:12:59,1066
APRL00001,Super Mario BOOM,20878,07/25/2024, 15:14:05,1066
APRL00001,Super Mario BOOM,20878,07/25/2024, 16:17:09,1066
APRL00001,Super Mario BOOM,20879,07/25/2024, 17:12:24,1066
APRL00001,Super Mario BOOM,20879,07/25/2024, 18:17:17,1066
APRL00001,Super Mario BOOM,20879,07/25/2024, 19:12:02,1066
APRL00001,Super Mario BOOM,20879,07/25/2024, 20:14:29,1066
APRL00001,Super Mario BOOM,20880,07/25/2024, 21:13:42,1066
APRL00001,Super Mario BOOM,20880,07/25/2024, 22:13:32,1066
APRL00001,Super Mario BOOM,20880,07/25/2024, 23:14:41,1066
APRL00001,Super Mario BOOM,20880,07/26/2024, 00:57:43,1066
APRL00001,Super Mario BOOM,20880,07/26/2024, 02:02:56,1066
APRL00001,Super Mario BOOM,20880,07/26/2024, 03:15:43,1066
APRL00001,Super Mario BOOM,20880,07/26/2024, 04:16:56,1066
APRL00001,Super Mario BOOM,20880,07/26/2024, 05:14:15,1066
APRL00001,Super Mario BOOM,20880,07/26/2024, 06:19:01,1066
APRL00001,Super Mario BOOM,20880,07/26/2024, 07:13:15,1066
APRL00001,Super Mario BOOM,20881,07/26/2024, 08:16:23,1066
APRL00001,Super Mario BOOM,20881,07/26/2024, 09:14:10,1066
APRL00001,Super Mario BOOM,20881,07/26/2024, 10:14:42,1066
APRL00001,Super Mario BOOM,20882,07/26/2024, 11:13:14,1066
APRL00001,Super Mario BOOM,20882,07/26/2024, 12:23:39,1066
APRL00001,Super Mario BOOM,20882,07/26/2024, 13:16:24,1066
APRL00001,Super Mario BOOM,20882,07/26/2024, 14:11:50,1066
APRL00001,Super Mario BOOM,20882,07/26/2024, 15:14:38,1066
APRL00001,Super Mario BOOM,20882,07/26/2024, 16:16:41,1066
APRL00001,Super Mario BOOM,20882,07/26/2024, 17:12:59,1066
APRL00001,Super Mario BOOM,20882,07/26/2024, 18:17:53,1066
APRL00001,Super Mario BOOM,20882,07/26/2024, 19:13:07,1066
APRL00001,Super Mario BOOM,20883,07/26/2024, 20:16:04,1066
APRL00001,Super Mario BOOM,20883,07/26/2024, 21:12:38,1066
APRL00001,Super Mario BOOM,20884,07/26/2024, 22:13:48,1066
APRL00001,Super Mario BOOM,20884,07/26/2024, 23:13:09,1066
APRL00001,Super Mario BOOM,20884,07/27/2024, 00:57:32,1066
APRL00001,Super Mario BOOM,20884,07/27/2024, 02:01:15,1066
APRL00001,Super Mario BOOM,20884,07/27/2024, 02:36:45,1066
APRL00001,Super Mario BOOM,20884,07/27/2024, 03:15:58,1066
APRL00001,Super Mario BOOM,20884,07/27/2024, 04:15:09,1066
APRL00001,Super Mario BOOM,20884,07/27/2024, 05:13:12,1066
APRL00001,Super Mario BOOM,20884,07/27/2024, 06:16:59,1066
APRL00001,Super Mario BOOM,20884,07/27/2024, 07:13:23,1066
APRL00001,Super Mario BOOM,20884,07/27/2024, 08:15:13,1066
APRL00001,Super Mario BOOM,20884,07/27/2024, 09:13:04,1066
APRL00001,Super Mario BOOM,20884,07/27/2024, 10:13:51,1066
APRL00001,Super Mario BOOM,20885,07/27/2024, 11:12:19,1066
APRL00001,Super Mario BOOM,20886,07/27/2024, 12:24:24,1066
APRL00001,Super Mario BOOM,20886,07/27/2024, 13:14:33,1066
APRL00001,Super Mario BOOM,20886,07/27/2024, 14:12:37,1066
APRL00001,Super Mario BOOM,20886,07/27/2024, 15:13:09,1066
APRL00001,Super Mario BOOM,20886,07/27/2024, 16:15:51,1066
APRL00001,Super Mario BOOM,20886,07/27/2024, 17:12:11,1066
APRL00001,Super Mario BOOM,20887,07/27/2024, 18:17:27,1066
APRL00001,Super Mario BOOM,20887,07/27/2024, 19:11:00,1066
APRL00001,Super Mario BOOM,20887,07/27/2024, 20:13:23,1066
APRL00001,Super Mario BOOM,20887,07/27/2024, 21:11:43,1066
APRL00001,Super Mario BOOM,20887,07/27/2024, 22:12:11,1066
APRL00001,Super Mario BOOM,20888,07/27/2024, 23:14:23,1066
APRL00001,Super Mario BOOM,20889,07/28/2024, 01:02:42,1066
APRL00001,Super Mario BOOM,20889,07/28/2024, 02:35:04,1066
APRL00001,Super Mario BOOM,20890,07/28/2024, 03:14:41,1066
APRL00001,Super Mario BOOM,20891,07/28/2024, 04:15:17,1066
APRL00001,Super Mario BOOM,20891,07/28/2024, 05:14:35,1066
APRL00001,Super Mario BOOM,20891,07/28/2024, 06:17:12,1066
APRL00001,Super Mario BOOM,20891,07/28/2024, 07:12:25,1066
APRL00001,Super Mario BOOM,20891,07/28/2024, 08:15:31,1066
APRL00001,Super Mario BOOM,20891,07/28/2024, 09:14:44,1066
APRL00001,Super Mario BOOM,20891,07/28/2024, 10:12:59,1066
APRL00001,Super Mario BOOM,20891,07/28/2024, 11:10:30,1066
APRL00001,Super Mario BOOM,20891,07/28/2024, 12:22:08,1066
APRL00001,Super Mario BOOM,20891,07/28/2024, 13:14:04,1066
APRL00001,Super Mario BOOM,20891,07/28/2024, 14:11:42,1066
APRL00001,Super Mario BOOM,20891,07/28/2024, 15:12:27,1066
APRL00001,Super Mario BOOM,20891,07/28/2024, 16:16:37,1066
APRL00001,Super Mario BOOM,20891,07/28/2024, 17:11:39,1066
APRL00001,Super Mario BOOM,20891,07/28/2024, 18:17:17,1066
APRL00001,Super Mario BOOM,20891,07/28/2024, 19:10:15,1066
APRL00001,Super Mario BOOM,20891,07/28/2024, 20:14:11,1066
APRL00001,Super Mario BOOM,20891,07/28/2024, 21:14:03,1066
APRL00001,Super Mario BOOM,20891,07/28/2024, 22:12:50,1066
APRL00001,Super Mario BOOM,20891,07/28/2024, 23:13:32,1066
APRL00001,Super Mario BOOM,20892,07/29/2024, 01:00:09,1066
APRL00001,Super Mario BOOM,20892,07/29/2024, 02:08:34,1066
APRL00001,Super Mario BOOM,20892,07/29/2024, 03:15:08,1066
APRL00001,Super Mario BOOM,20892,07/29/2024, 04:16:04,1066
APRL00001,Super Mario BOOM,20892,07/29/2024, 05:15:00,1066
APRL00001,Super Mario BOOM,20892,07/29/2024, 06:19:23,1066
APRL00001,Super Mario BOOM,20892,07/29/2024, 07:13:58,1066
APRL00001,Super Mario BOOM,20892,07/29/2024, 08:17:29,1066
APRL00001,Super Mario BOOM,20892,07/29/2024, 09:15:41,1066
APRL00001,Super Mario BOOM,20892,07/29/2024, 10:15:41,1066
APRL00001,Super Mario BOOM,20892,07/29/2024, 11:11:24,1066
APRL00001,Super Mario BOOM,20893,07/29/2024, 12:24:54,1066
APRL00001,Super Mario BOOM,20893,07/29/2024, 13:18:10,1066
APRL00001,Super Mario BOOM,20893,07/29/2024, 14:13:17,1066
APRL00001,Super Mario BOOM,20894,07/29/2024, 15:14:43,1066
APRL00001,Super Mario BOOM,20894,07/29/2024, 16:17:24,1066
APRL00001,Super Mario BOOM,20894,07/29/2024, 17:12:36,1066
APRL00001,Super Mario BOOM,20894,07/29/2024, 18:17:44,1066
APRL00001,Super Mario BOOM,20894,07/29/2024, 19:11:17,1066
APRL00001,Super Mario BOOM,20894,07/29/2024, 20:14:26,1066
APRL00001,Super Mario BOOM,20894,07/29/2024, 21:14:08,1066
APRL00001,Super Mario BOOM,20894,07/29/2024, 22:15:00,1066
APRL00001,Super Mario BOOM,20894,07/29/2024, 23:13:34,1066
APRL00001,Super Mario BOOM,20894,07/30/2024, 00:58:29,1066
APRL00001,Super Mario BOOM,20894,07/30/2024, 02:04:21,1066
APRL00001,Super Mario BOOM,20895,07/30/2024, 03:17:24,1066
APRL00001,Super Mario BOOM,20895,07/30/2024, 04:15:57,1066
APRL00001,Super Mario BOOM,20895,07/30/2024, 05:14:33,1066
APRL00001,Super Mario BOOM,20895,07/30/2024, 06:18:42,1066
APRL00001,Super Mario BOOM,20895,07/30/2024, 07:12:48,1066
APRL00001,Super Mario BOOM,20895,07/30/2024, 08:17:32,1066
APRL00001,Super Mario BOOM,20895,07/30/2024, 09:14:11,1066
APRL00001,Super Mario BOOM,20895,07/30/2024, 10:15:13,1066
APRL00001,Super Mario BOOM,20896,07/30/2024, 11:12:39,1066
APRL00001,Super Mario BOOM,20896,07/30/2024, 12:24:48,1066
APRL00001,Super Mario BOOM,20896,07/30/2024, 13:16:36,1066
APRL00001,Super Mario BOOM,20896,07/30/2024, 14:12:50,1066
APRL00001,Super Mario BOOM,20896,07/30/2024, 15:14:31,1066
APRL00001,Super Mario BOOM,20896,07/30/2024, 16:17:26,1066
APRL00001,Super Mario BOOM,20896,07/30/2024, 17:12:12,1066
APRL00001,Super Mario BOOM,20896,07/30/2024, 18:17:19,1066
APRL00001,Super Mario BOOM,20896,07/30/2024, 19:11:38,1066
APRL00001,Super Mario BOOM,20896,07/30/2024, 20:13:28,1066
APRL00001,Super Mario BOOM,20897,07/30/2024, 21:13:49,1066
APRL00001,Super Mario BOOM,20897,07/30/2024, 22:11:53,1066
APRL00001,Super Mario BOOM,20897,07/30/2024, 23:12:22,1066
APRL00001,Super Mario BOOM,20899,07/31/2024, 00:48:43,1066
APRL00001,Super Mario BOOM,20899,07/31/2024, 01:40:23,1066
APRL00001,Super Mario BOOM,20899,07/31/2024, 02:13:57,1066
APRL00001,Super Mario BOOM,20899,07/31/2024, 03:15:11,1066
APRL00001,Super Mario BOOM,20899,07/31/2024, 04:13:35,1066
APRL00001,Super Mario BOOM,20899,07/31/2024, 05:12:13,1066
APRL00001,Super Mario BOOM,20899,07/31/2024, 06:16:09,1066
APRL00001,Super Mario BOOM,20900,07/31/2024, 07:11:43,1066
APRL00001,Super Mario BOOM,20900,07/31/2024, 08:16:20,1066
APRL00001,Super Mario BOOM,20900,07/31/2024, 09:15:51,1066
APRL00001,Super Mario BOOM,20900,07/31/2024, 10:11:36,1066
APRL00001,Super Mario BOOM,20900,07/31/2024, 11:11:27,1066
APRL00001,Super Mario BOOM,20900,07/31/2024, 12:25:09,1066
APRL00001,Super Mario BOOM,20900,07/31/2024, 13:16:48,1066
APRL00001,Super Mario BOOM,20900,07/31/2024, 14:12:57,1066
APRL00001,Super Mario BOOM,20900,07/31/2024, 15:13:53,1066
APRL00001,Super Mario BOOM,20900,07/31/2024, 16:16:11,1066
APRL00001,Super Mario BOOM,20900,07/31/2024, 17:14:39,1066
APRL00001,Super Mario BOOM,20900,07/31/2024, 18:17:55,1066
APRL00001,Super Mario BOOM,20900,07/31/2024, 19:11:52,1066
APRL00001,Super Mario BOOM,20900,07/31/2024, 20:14:07,1066
APRL00001,Super Mario BOOM,20900,07/31/2024, 21:14:11,1066
APRL00001,Super Mario BOOM,20900,07/31/2024, 22:13:03,1066
APRL00001,Super Mario BOOM,20900,07/31/2024, 23:13:16,1066
APRL00001,Super Mario BOOM,20900,08/01/2024, 01:03:30,1066
APRL00001,Super Mario BOOM,20900,08/01/2024, 02:37:49,1066
APRL00001,Super Mario BOOM,20900,08/01/2024, 03:15:28,1066
APRL00001,Super Mario BOOM,20900,08/01/2024, 04:16:24,1066
APRL00001,Super Mario BOOM,20900,08/01/2024, 05:13:41,1066
APRL00001,Super Mario BOOM,20900,08/01/2024, 06:19:02,1066
APRL00001,Super Mario BOOM,20900,08/01/2024, 07:13:01,1066
APRL00001,Super Mario BOOM,20900,08/01/2024, 08:17:27,1066
APRL00001,Super Mario BOOM,20900,08/01/2024, 09:13:33,1066
APRL00001,Super Mario BOOM,20900,08/01/2024, 10:15:07,1066
APRL00001,Super Mario BOOM,20900,08/01/2024, 11:13:35,1066
APRL00001,Super Mario BOOM,20900,08/01/2024, 12:24:52,1066
APRL00001,Super Mario BOOM,20900,08/01/2024, 13:17:12,1066
APRL00001,Super Mario BOOM,20900,08/01/2024, 14:17:38,1066
APRL00001,Super Mario BOOM,20900,08/01/2024, 15:14:05,1066
APRL00001,Super Mario BOOM,20900,08/01/2024, 16:17:00,1066
APRL00001,Super Mario BOOM,20900,08/01/2024, 17:13:46,1066
APRL00001,Super Mario BOOM,20900,08/01/2024, 18:17:34,1066
APRL00001,Super Mario BOOM,20900,08/01/2024, 19:10:58,1066
APRL00001,Super Mario BOOM,20900,08/01/2024, 20:15:07,1066
APRL00001,Super Mario BOOM,20901,08/01/2024, 21:15:08,1066
APRL00001,Super Mario BOOM,20901,08/01/2024, 22:12:48,1066
APRL00001,Super Mario BOOM,20901,08/01/2024, 23:13:41,1066
APRL00001,Super Mario BOOM,20902,08/02/2024, 00:58:19,1066
APRL00001,Super Mario BOOM,20902,08/02/2024, 02:04:27,1066
APRL00001,Super Mario BOOM,20902,08/02/2024, 03:16:27,1066
APRL00001,Super Mario BOOM,20902,08/02/2024, 04:17:34,1066
APRL00001,Super Mario BOOM,20902,08/02/2024, 05:14:01,1066
APRL00001,Super Mario BOOM,20902,08/02/2024, 06:20:49,1066
APRL00001,Super Mario BOOM,20902,08/02/2024, 07:13:39,1066
APRL00001,Super Mario BOOM,20902,08/02/2024, 08:16:44,1066
APRL00001,Super Mario BOOM,20902,08/02/2024, 09:14:52,1066
APRL00001,Super Mario BOOM,20902,08/02/2024, 10:14:43,1066
APRL00001,Super Mario BOOM,20902,08/02/2024, 11:11:57,1066
APRL00001,Super Mario BOOM,20902,08/02/2024, 12:23:56,1066
APRL00001,Super Mario BOOM,20904,08/02/2024, 13:16:20,1066
APRL00001,Super Mario BOOM,20904,08/02/2024, 14:12:50,1066
APRL00001,Super Mario BOOM,20904,08/02/2024, 15:14:07,1066
APRL00001,Super Mario BOOM,20904,08/02/2024, 16:16:07,1066
APRL00001,Super Mario BOOM,20904,08/02/2024, 17:13:23,1066
APRL00001,Super Mario BOOM,20904,08/02/2024, 18:18:10,1066
APRL00001,Super Mario BOOM,20904,08/02/2024, 19:11:26,1066
APRL00001,Super Mario BOOM,20904,08/02/2024, 20:14:42,1066
APRL00001,Super Mario BOOM,20904,08/02/2024, 21:13:38,1066
APRL00001,Super Mario BOOM,20904,08/02/2024, 22:13:39,1066
APRL00001,Super Mario BOOM,20904,08/02/2024, 23:13:07,1066
APRL00001,Super Mario BOOM,20904,08/03/2024, 00:57:39,1066
APRL00001,Super Mario BOOM,20904,08/03/2024, 02:02:14,1066
APRL00001,Super Mario BOOM,20904,08/03/2024, 03:14:26,1066
APRL00001,Super Mario BOOM,20905,08/03/2024, 04:15:51,1066
APRL00001,Super Mario BOOM,20906,08/03/2024, 05:12:36,1066
APRL00001,Super Mario BOOM,20906,08/03/2024, 06:18:32,1066
APRL00001,Super Mario BOOM,20906,08/03/2024, 07:11:52,1066
APRL00001,Super Mario BOOM,20906,08/03/2024, 08:16:34,1066
APRL00001,Super Mario BOOM,20906,08/03/2024, 09:13:55,1066
APRL00001,Super Mario BOOM,20906,08/03/2024, 10:13:07,1066
APRL00001,Super Mario BOOM,20906,08/03/2024, 11:12:03,1066
APRL00001,Super Mario BOOM,20906,08/03/2024, 12:22:01,1066
APRL00001,Super Mario BOOM,20906,08/03/2024, 13:14:07,1066
APRL00001,Super Mario BOOM,20906,08/03/2024, 14:13:47,1066
APRL00001,Super Mario BOOM,20906,08/03/2024, 15:13:22,1066
APRL00001,Super Mario BOOM,20907,08/03/2024, 16:16:16,1066
APRL00001,Super Mario BOOM,20907,08/03/2024, 17:12:04,1066
APRL00001,Super Mario BOOM,20907,08/03/2024, 18:17:39,1066
APRL00001,Super Mario BOOM,20907,08/03/2024, 19:10:26,1066
APRL00001,Super Mario BOOM,20907,08/03/2024, 20:13:12,1066
APRL00001,Super Mario BOOM,20907,08/03/2024, 21:12:59,1066
APRL00001,Super Mario BOOM,20907,08/03/2024, 22:11:49,1066
APRL00001,Super Mario BOOM,20908,08/03/2024, 23:13:58,1066
APRL00001,Super Mario BOOM,20909,08/04/2024, 01:02:56,1066
APRL00001,Super Mario BOOM,20909,08/04/2024, 02:35:40,1066
APRL00001,Super Mario BOOM,20909,08/04/2024, 03:14:53,1066
APRL00001,Super Mario BOOM,20909,08/04/2024, 04:16:43,1066
APRL00001,Super Mario BOOM,20909,08/04/2024, 05:12:36,1066
APRL00001,Super Mario BOOM,20909,08/04/2024, 06:17:52,1066
APRL00001,Super Mario BOOM,20909,08/04/2024, 07:12:53,1066
APRL00001,Super Mario BOOM,20909,08/04/2024, 08:15:19,1066
APRL00001,Super Mario BOOM,20909,08/04/2024, 09:13:23,1066
APRL00001,Super Mario BOOM,20909,08/04/2024, 10:13:28,1066
APRL00001,Super Mario BOOM,20909,08/04/2024, 11:12:16,1066
APRL00001,Super Mario BOOM,20909,08/04/2024, 12:22:28,1066
APRL00001,Super Mario BOOM,20909,08/04/2024, 13:14:49,1066
APRL00001,Super Mario BOOM,20909,08/04/2024, 14:12:58,1066
APRL00001,Super Mario BOOM,20909,08/04/2024, 15:13:50,1066
APRL00001,Super Mario BOOM,20910,08/04/2024, 16:14:35,1066
APRL00001,Super Mario BOOM,20913,08/04/2024, 17:11:25,1066
APRL00001,Super Mario BOOM,20914,08/04/2024, 18:16:34,1066
APRL00001,Super Mario BOOM,20915,08/04/2024, 19:11:24,1066
APRL00001,Super Mario BOOM,20915,08/04/2024, 20:14:14,1066
APRL00001,Super Mario BOOM,20915,08/04/2024, 21:13:09,1066
APRL00001,Super Mario BOOM,20915,08/04/2024, 22:13:42,1066
APRL00001,Super Mario BOOM,20916,08/04/2024, 23:15:00,1066
APRL00001,Super Mario BOOM,20916,08/05/2024, 01:00:26,1066
APRL00001,Super Mario BOOM,20916,08/05/2024, 02:08:28,1066
APRL00001,Super Mario BOOM,20916,08/05/2024, 03:15:02,1066
APRL00001,Super Mario BOOM,20916,08/05/2024, 04:16:27,1066
APRL00001,Super Mario BOOM,20916,08/05/2024, 05:15:10,1066
APRL00001,Super Mario BOOM,20916,08/05/2024, 06:19:27,1066
APRL00001,Super Mario BOOM,20916,08/05/2024, 07:14:02,1066
APRL00001,Super Mario BOOM,20916,08/05/2024, 08:18:07,1066
APRL00001,Super Mario BOOM,20916,08/05/2024, 09:14:08,1066
APRL00001,Super Mario BOOM,20917,08/05/2024, 10:14:39,1066
APRL00001,Super Mario BOOM,20917,08/05/2024, 11:12:32,1066
APRL00001,Super Mario BOOM,20917,08/05/2024, 12:25:40,1066
APRL00001,Super Mario BOOM,20917,08/05/2024, 13:17:35,1066
APRL00001,Super Mario BOOM,20917,08/05/2024, 14:12:45,1066
APRL00001,Super Mario BOOM,20918,08/05/2024, 15:14:11,1066
APRL00001,Super Mario BOOM,20918,08/05/2024, 16:16:17,1066
APRL00001,Super Mario BOOM,20918,08/05/2024, 17:13:38,1066
APRL00001,Super Mario BOOM,20918,08/05/2024, 18:18:23,1066
APRL00001,Super Mario BOOM,20918,08/05/2024, 19:13:43,1066
APRL00001,Super Mario BOOM,20919,08/05/2024, 20:14:11,1066
APRL00001,Super Mario BOOM,20919,08/05/2024, 21:15:23,1066
APRL00001,Super Mario BOOM,20919,08/05/2024, 22:12:53,1066
APRL00001,Super Mario BOOM,20919,08/05/2024, 23:15:02,1066
APRL00001,Super Mario BOOM,20919,08/06/2024, 00:58:38,1066
APRL00001,Super Mario BOOM,20919,08/06/2024, 02:05:06,1066
APRL00001,Super Mario BOOM,20920,08/06/2024, 03:15:22,1066
APRL00001,Super Mario BOOM,20920,08/06/2024, 04:16:56,1066
APRL00001,Super Mario BOOM,20920,08/06/2024, 05:13:50,1066
APRL00001,Super Mario BOOM,20920,08/06/2024, 06:20:01,1066
APRL00001,Super Mario BOOM,20920,08/06/2024, 07:14:04,1066
APRL00001,Super Mario BOOM,20920,08/06/2024, 08:16:45,1066
APRL00001,Super Mario BOOM,20920,08/06/2024, 09:14:25,1066
APRL00001,Super Mario BOOM,20920,08/06/2024, 10:15:10,1066
APRL00001,Super Mario BOOM,20920,08/06/2024, 11:12:17,1066
APRL00001,Super Mario BOOM,20920,08/06/2024, 12:25:08,1066
APRL00001,Super Mario BOOM,20920,08/06/2024, 13:17:40,1066
APRL00001,Super Mario BOOM,20920,08/06/2024, 14:13:25,1066
APRL00001,Super Mario BOOM,20920,08/06/2024, 15:15:13,1066
APRL00001,Super Mario BOOM,20920,08/06/2024, 16:16:34,1066
APRL00001,Super Mario BOOM,20920,08/06/2024, 17:13:49,1066
APRL00001,Super Mario BOOM,20920,08/06/2024, 18:18:55,1066
APRL00001,Super Mario BOOM,20921,08/06/2024, 19:11:29,1066
APRL00001,Super Mario BOOM,20921,08/06/2024, 20:12:19,1066
APRL00001,Super Mario BOOM,20921,08/06/2024, 21:12:46,1066
APRL00001,Super Mario BOOM,20922,08/06/2024, 22:13:25,1066
APRL00001,Super Mario BOOM,20923,08/06/2024, 23:14:12,1066
APRL00001,Super Mario BOOM,20924,08/07/2024, 00:59:24,1066
APRL00001,Super Mario BOOM,20924,08/07/2024, 02:07:51,1066
APRL00001,Super Mario BOOM,20925,08/07/2024, 03:15:34,1066
APRL00001,Super Mario BOOM,20925,08/07/2024, 04:17:26,1066
APRL00001,Super Mario BOOM,20925,08/07/2024, 05:13:33,1066
APRL00001,Super Mario BOOM,20925,08/07/2024, 06:18:47,1066
APRL00001,Super Mario BOOM,20925,08/07/2024, 07:12:48,1066
APRL00001,Super Mario BOOM,20925,08/07/2024, 08:18:08,1066
APRL00001,Super Mario BOOM,20925,08/07/2024, 09:15:22,1066
APRL00001,Super Mario BOOM,20925,08/07/2024, 10:14:23,1066
APRL00001,Super Mario BOOM,20926,08/07/2024, 11:11:52,1066
APRL00001,Super Mario BOOM,20927,08/07/2024, 12:25:40,1066
APRL00001,Super Mario BOOM,20927,08/07/2024, 13:18:37,1066
APRL00001,Super Mario BOOM,20928,08/07/2024, 14:12:45,1066
APRL00001,Super Mario BOOM,20928,08/07/2024, 15:14:00,1066
APRL00001,Super Mario BOOM,20929,08/07/2024, 16:16:33,1066
APRL00001,Super Mario BOOM,20929,08/07/2024, 17:14:22,1066
APRL00001,Super Mario BOOM,20929,08/07/2024, 18:18:02,1066
APRL00001,Super Mario BOOM,20929,08/07/2024, 19:11:54,1066
APRL00001,Super Mario BOOM,20929,08/07/2024, 20:14:45,1066
APRL00001,Super Mario BOOM,20929,08/07/2024, 21:14:51,1066
APRL00001,Super Mario BOOM,20930,08/07/2024, 22:13:07,1066
APRL00001,Super Mario BOOM,20930,08/07/2024, 23:13:16,1066
APRL00001,Super Mario BOOM,20930,08/08/2024, 00:59:36,1066
APRL00001,Super Mario BOOM,20930,08/08/2024, 02:06:32,1066
APRL00001,Super Mario BOOM,20930,08/08/2024, 03:15:12,1066
APRL00001,Super Mario BOOM,20930,08/08/2024, 04:18:13,1066
APRL00001,Super Mario BOOM,20930,08/08/2024, 05:14:02,1066
APRL00001,Super Mario BOOM,20930,08/08/2024, 06:19:41,1066
APRL00001,Super Mario BOOM,20930,08/08/2024, 07:13:27,1066
APRL00001,Super Mario BOOM,20930,08/08/2024, 08:17:36,1066
APRL00001,Super Mario BOOM,20930,08/08/2024, 09:14:36,1066
APRL00001,Super Mario BOOM,20930,08/08/2024, 10:14:18,1066
APRL00001,Super Mario BOOM,20930,08/08/2024, 11:12:50,1066
APRL00001,Super Mario BOOM,20930,08/08/2024, 12:24:49,1066
APRL00001,Super Mario BOOM,20930,08/08/2024, 13:17:44,1066
APRL00001,Super Mario BOOM,20930,08/08/2024, 14:12:56,1066
APRL00001,Super Mario BOOM,20930,08/08/2024, 15:14:42,1066
APRL00001,Super Mario BOOM,20930,08/08/2024, 16:16:26,1066
APRL00001,Super Mario BOOM,20932,08/08/2024, 17:14:20,1066
APRL00001,Super Mario BOOM,20932,08/08/2024, 18:19:02,1066
APRL00001,Super Mario BOOM,20932,08/08/2024, 19:11:12,1066
APRL00001,Super Mario BOOM,20932,08/08/2024, 20:15:21,1066
APRL00001,Super Mario BOOM,20932,08/08/2024, 21:13:11,1066
APRL00001,Super Mario BOOM,20932,08/08/2024, 22:13:20,1066
APRL00001,Super Mario BOOM,20932,08/08/2024, 23:14:05,1066
APRL00001,Super Mario BOOM,20932,08/09/2024, 00:59:56,1066
APRL00001,Super Mario BOOM,20933,08/09/2024, 02:08:17,1066
APRL00001,Super Mario BOOM,20933,08/09/2024, 03:15:22,1066
APRL00001,Super Mario BOOM,20934,08/09/2024, 04:16:19,1066
APRL00001,Super Mario BOOM,20935,08/09/2024, 05:14:02,1066
APRL00001,Super Mario BOOM,20935,08/09/2024, 06:19:24,1066
APRL00001,Super Mario BOOM,20935,08/09/2024, 07:13:05,1066
APRL00001,Super Mario BOOM,20935,08/09/2024, 08:17:37,1066
APRL00001,Super Mario BOOM,20935,08/09/2024, 09:15:42,1066
APRL00001,Super Mario BOOM,20935,08/09/2024, 10:14:36,1066
APRL00001,Super Mario BOOM,20935,08/09/2024, 11:12:25,1066
APRL00001,Super Mario BOOM,20935,08/09/2024, 12:24:46,1066
APRL00001,Super Mario BOOM,20935,08/09/2024, 13:17:31,1066
APRL00001,Super Mario BOOM,20935,08/09/2024, 14:13:40,1066
APRL00001,Super Mario BOOM,20935,08/09/2024, 15:15:14,1066
APRL00001,Super Mario BOOM,20935,08/09/2024, 16:16:32,1066
APRL00001,Super Mario BOOM,20935,08/09/2024, 17:13:18,1066
APRL00001,Super Mario BOOM,20935,08/09/2024, 18:17:58,1066
APRL00001,Super Mario BOOM,20936,08/09/2024, 19:12:13,1066
APRL00001,Super Mario BOOM,20936,08/09/2024, 20:14:59,1066
APRL00001,Super Mario BOOM,20936,08/09/2024, 21:12:47,1066
APRL00001,Super Mario BOOM,20937,08/09/2024, 22:14:31,1066
APRL00001,Super Mario BOOM,20937,08/09/2024, 23:13:17,1066
APRL00001,Super Mario BOOM,20938,08/10/2024, 00:59:20,1066
APRL00001,Super Mario BOOM,20938,08/10/2024, 02:06:28,1066
APRL00001,Super Mario BOOM,20938,08/10/2024, 03:17:08,1066
APRL00001,Super Mario BOOM,20938,08/10/2024, 04:17:44,1066
APRL00001,Super Mario BOOM,20938,08/10/2024, 05:13:05,1066
APRL00001,Super Mario BOOM,20938,08/10/2024, 06:17:26,1066
APRL00001,Super Mario BOOM,20938,08/10/2024, 07:12:12,1066
APRL00001,Super Mario BOOM,20938,08/10/2024, 08:16:28,1066
APRL00001,Super Mario BOOM,20938,08/10/2024, 09:14:00,1066
APRL00001,Super Mario BOOM,20938,08/10/2024, 10:14:58,1066
APRL00001,Super Mario BOOM,20938,08/10/2024, 11:11:18,1066
APRL00001,Super Mario BOOM,20938,08/10/2024, 12:23:19,1066
APRL00001,Super Mario BOOM,20938,08/10/2024, 13:14:43,1066
APRL00001,Super Mario BOOM,20938,08/10/2024, 14:12:23,1066
APRL00001,Super Mario BOOM,20939,08/10/2024, 15:13:27,1066
APRL00001,Super Mario BOOM,20939,08/10/2024, 16:16:22,1066
APRL00001,Super Mario BOOM,20939,08/10/2024, 17:11:05,1066
APRL00001,Super Mario BOOM,20939,08/10/2024, 18:16:35,1066
APRL00001,Super Mario BOOM,20940,08/10/2024, 19:11:14,1066
APRL00001,Super Mario BOOM,20940,08/10/2024, 20:13:46,1066
APRL00001,Super Mario BOOM,20940,08/10/2024, 21:13:36,1066
APRL00001,Super Mario BOOM,20940,08/10/2024, 22:12:59,1066
APRL00001,Super Mario BOOM,20940,08/10/2024, 23:13:24,1066
APRL00001,Super Mario BOOM,20942,08/11/2024, 01:03:52,1066
APRL00001,Super Mario BOOM,20943,08/11/2024, 02:37:44,1066
APRL00001,Super Mario BOOM,20943,08/11/2024, 03:14:51,1066
APRL00001,Super Mario BOOM,20943,08/11/2024, 04:16:26,1066
APRL00001,Super Mario BOOM,20943,08/11/2024, 05:12:53,1066
APRL00001,Super Mario BOOM,20943,08/11/2024, 06:19:01,1066
APRL00001,Super Mario BOOM,20943,08/11/2024, 07:11:52,1066
APRL00001,Super Mario BOOM,20943,08/11/2024, 08:15:53,1066
APRL00001,Super Mario BOOM,20943,08/11/2024, 09:13:55,1066
APRL00001,Super Mario BOOM,20943,08/11/2024, 10:13:40,1066
APRL00001,Super Mario BOOM,20943,08/11/2024, 11:11:29,1066
APRL00001,Super Mario BOOM,20943,08/11/2024, 12:22:50,1066
APRL00001,Super Mario BOOM,20943,08/11/2024, 13:14:51,1066
APRL00001,Super Mario BOOM,20943,08/11/2024, 14:13:18,1066
APRL00001,Super Mario BOOM,20943,08/11/2024, 15:14:13,1066
APRL00001,Super Mario BOOM,20943,08/11/2024, 16:15:10,1066
APRL00001,Super Mario BOOM,20943,08/11/2024, 17:12:05,1066
APRL00001,Super Mario BOOM,20944,08/11/2024, 18:18:34,1066
APRL00001,Super Mario BOOM,20944,08/11/2024, 19:11:42,1066
APRL00001,Super Mario BOOM,20944,08/11/2024, 20:14:09,1066
APRL00001,Super Mario BOOM,20945,08/11/2024, 21:14:38,1066
APRL00001,Super Mario BOOM,20945,08/11/2024, 22:13:52,1066
APRL00001,Super Mario BOOM,20945,08/11/2024, 23:13:17,1066
APRL00001,Super Mario BOOM,20945,08/12/2024, 01:01:03,1066
APRL00001,Super Mario BOOM,20946,08/12/2024, 02:11:33,1066
APRL00001,Super Mario BOOM,20946,08/12/2024, 03:15:45,1066
APRL00001,Super Mario BOOM,20946,08/12/2024, 04:16:43,1066
APRL00001,Super Mario BOOM,20947,08/12/2024, 05:14:27,1066
APRL00001,Super Mario BOOM,20947,08/12/2024, 06:19:19,1066
APRL00001,Super Mario BOOM,20948,08/12/2024, 07:13:27,1066
APRL00001,Super Mario BOOM,20948,08/12/2024, 08:18:54,1066
APRL00001,Super Mario BOOM,20948,08/12/2024, 09:15:16,1066
APRL00001,Super Mario BOOM,20948,08/12/2024, 10:14:47,1066
APRL00001,Super Mario BOOM,20950,08/12/2024, 11:12:22,1066
APRL00001,Super Mario BOOM,20950,08/12/2024, 12:27:15,1066
APRL00001,Super Mario BOOM,20950,08/12/2024, 13:19:33,1066
APRL00001,Super Mario BOOM,20950,08/12/2024, 14:15:50,1066
APRL00001,Super Mario BOOM,20950,08/12/2024, 15:16:16,1066
APRL00001,Super Mario BOOM,20950,08/12/2024, 16:16:43,1066
APRL00001,Super Mario BOOM,20950,08/12/2024, 17:12:27,1066
APRL00001,Super Mario BOOM,20950,08/12/2024, 18:18:53,1066
APRL00001,Super Mario BOOM,20950,08/12/2024, 19:12:14,1066
APRL00001,Super Mario BOOM,20950,08/12/2024, 20:14:36,1066
APRL00001,Super Mario BOOM,20951,08/12/2024, 21:13:41,1066
APRL00001,Super Mario BOOM,20951,08/12/2024, 22:14:09,1066
APRL00001,Super Mario BOOM,20951,08/12/2024, 23:14:34,1066
APRL00001,Super Mario BOOM,20951,08/13/2024, 01:00:39,1066
APRL00001,Super Mario BOOM,20951,08/13/2024, 02:09:47,1066
APRL00001,Super Mario BOOM,20951,08/13/2024, 03:15:36,1066
APRL00001,Super Mario BOOM,20951,08/13/2024, 04:16:11,1066
APRL00001,Super Mario BOOM,20951,08/13/2024, 05:14:15,1066
APRL00001,Super Mario BOOM,20951,08/13/2024, 06:19:29,1066
APRL00001,Super Mario BOOM,20951,08/13/2024, 07:13:45,1066
APRL00001,Super Mario BOOM,20951,08/13/2024, 08:17:17,1066
APRL00001,Super Mario BOOM,20951,08/13/2024, 09:15:45,1066
APRL00001,Super Mario BOOM,20951,08/13/2024, 10:15:33,1066
APRL00001,Super Mario BOOM,20951,08/13/2024, 11:11:33,1066
APRL00001,Super Mario BOOM,20951,08/13/2024, 12:26:05,1066
APRL00001,Super Mario BOOM,20951,08/13/2024, 13:18:06,1066
APRL00001,Super Mario BOOM,20952,08/13/2024, 14:12:53,1066
APRL00001,Super Mario BOOM,20952,08/13/2024, 15:14:29,1066
APRL00001,Super Mario BOOM,20952,08/13/2024, 16:16:29,1066
APRL00001,Super Mario BOOM,20952,08/13/2024, 17:13:05,1066
APRL00001,Super Mario BOOM,20952,08/13/2024, 18:18:13,1066
APRL00001,Super Mario BOOM,20952,08/13/2024, 19:12:14,1066
APRL00001,Super Mario BOOM,20954,08/13/2024, 20:14:21,1066
APRL00001,Super Mario BOOM,20954,08/13/2024, 21:13:16,1066
APRL00001,Super Mario BOOM,20954,08/13/2024, 22:12:42,1066
APRL00001,Super Mario BOOM,20954,08/13/2024, 23:13:26,1066
APRL00001,Super Mario BOOM,20954,08/14/2024, 00:59:42,1066
APRL00001,Super Mario BOOM,20954,08/14/2024, 02:07:31,1066
APRL00001,Super Mario BOOM,20954,08/14/2024, 03:16:27,1066
APRL00001,Super Mario BOOM,20954,08/14/2024, 04:16:22,1066
APRL00001,Super Mario BOOM,20954,08/14/2024, 05:13:56,1066
APRL00001,Super Mario BOOM,20955,08/14/2024, 06:18:44,1066
APRL00001,Super Mario BOOM,20955,08/14/2024, 07:13:08,1066
APRL00001,Super Mario BOOM,20955,08/14/2024, 08:18:12,1066
APRL00001,Super Mario BOOM,20955,08/14/2024, 09:14:58,1066
APRL00001,Super Mario BOOM,20955,08/14/2024, 10:15:00,1066
APRL00001,Super Mario BOOM,20955,08/14/2024, 11:12:56,1066
APRL00001,Super Mario BOOM,20955,08/14/2024, 12:25:23,1066
APRL00001,Super Mario BOOM,20955,08/14/2024, 13:18:05,1066
APRL00001,Super Mario BOOM,20955,08/14/2024, 14:13:29,1066
APRL00001,Super Mario BOOM,20955,08/14/2024, 15:14:04,1066
APRL00001,Super Mario BOOM,20955,08/14/2024, 16:19:08,1066
APRL00001,Super Mario BOOM,20955,08/14/2024, 17:12:22,1066
APRL00001,Super Mario BOOM,20956,08/14/2024, 18:17:35,1066
APRL00001,Super Mario BOOM,20956,08/14/2024, 19:13:06,1066
APRL00001,Super Mario BOOM,20956,08/14/2024, 20:14:23,1066
APRL00001,Super Mario BOOM,20956,08/14/2024, 21:13:16,1066
APRL00001,Super Mario BOOM,20956,08/14/2024, 22:14:01,1066
APRL00001,Super Mario BOOM,20957,08/15/2024, 02:21:28,1066
APRL00001,Super Mario BOOM,20957,08/15/2024, 03:15:10,1066
APRL00001,Super Mario BOOM,20957,08/15/2024, 04:15:53,1066
APRL00001,Super Mario BOOM,20957,08/15/2024, 05:14:22,1066
APRL00001,Super Mario BOOM,20957,08/15/2024, 06:19:06,1066
APRL00001,Super Mario BOOM,20958,08/15/2024, 07:13:16,1066
APRL00001,Super Mario BOOM,20958,08/15/2024, 08:17:38,1066
APRL00001,Super Mario BOOM,20958,08/15/2024, 09:14:44,1066
APRL00001,Super Mario BOOM,20958,08/15/2024, 10:16:05,1066
APRL00001,Super Mario BOOM,20958,08/15/2024, 11:11:47,1066
APRL00001,Super Mario BOOM,20959,08/15/2024, 12:25:26,1066
APRL00001,Super Mario BOOM,20959,08/15/2024, 13:17:00,1066
APRL00001,Super Mario BOOM,20959,08/15/2024, 14:12:48,1066
APRL00001,Super Mario BOOM,20959,08/15/2024, 15:14:16,1066
APRL00001,Super Mario BOOM,20959,08/15/2024, 16:17:05,1066
APRL00001,Super Mario BOOM,20959,08/15/2024, 17:11:55,1066
APRL00001,Super Mario BOOM,20959,08/15/2024, 18:18:52,1066
APRL00001,Super Mario BOOM,20959,08/15/2024, 19:11:14,1066
APRL00001,Super Mario BOOM,20960,08/15/2024, 20:14:27,1066
APRL00001,Super Mario BOOM,20960,08/15/2024, 21:14:21,1066
APRL00001,Super Mario BOOM,20960,08/15/2024, 22:13:59,1066
APRL00001,Super Mario BOOM,20960,08/15/2024, 23:12:30,1066
APRL00001,Super Mario BOOM,20960,08/16/2024, 00:59:09,1066
APRL00001,Super Mario BOOM,20960,08/16/2024, 02:06:04,1066
APRL00001,Super Mario BOOM,20960,08/16/2024, 03:17:29,1066
APRL00001,Super Mario BOOM,20961,08/16/2024, 04:15:58,1066
APRL00001,Super Mario BOOM,20961,08/16/2024, 05:13:50,1066
APRL00001,Super Mario BOOM,20961,08/16/2024, 06:18:35,1066
APRL00001,Super Mario BOOM,20961,08/16/2024, 07:14:04,1066
APRL00001,Super Mario BOOM,20961,08/16/2024, 08:18:12,1066
APRL00001,Super Mario BOOM,20961,08/16/2024, 09:16:08,1066
APRL00001,Super Mario BOOM,20961,08/16/2024, 10:14:34,1066
APRL00001,Super Mario BOOM,20961,08/16/2024, 11:12:42,1066
APRL00001,Super Mario BOOM,20961,08/16/2024, 12:25:14,1066
APRL00001,Super Mario BOOM,20962,08/16/2024, 13:16:59,1066
APRL00001,Super Mario BOOM,20962,08/16/2024, 14:12:35,1066
APRL00001,Super Mario BOOM,20962,08/16/2024, 15:13:41,1066
APRL00001,Super Mario BOOM,20963,08/16/2024, 16:18:23,1066
APRL00001,Super Mario BOOM,20964,08/16/2024, 17:12:41,1066
APRL00001,Super Mario BOOM,20965,08/16/2024, 18:17:50,1066
APRL00001,Super Mario BOOM,20965,08/16/2024, 19:12:40,1066
APRL00001,Super Mario BOOM,20965,08/16/2024, 20:15:08,1066
APRL00001,Super Mario BOOM,20965,08/16/2024, 21:13:32,1066
APRL00001,Super Mario BOOM,20965,08/16/2024, 22:13:21,1066
APRL00001,Super Mario BOOM,20965,08/16/2024, 23:14:24,1066
APRL00001,Super Mario BOOM,20967,08/17/2024, 00:57:26,1066
APRL00001,Super Mario BOOM,20967,08/17/2024, 02:02:09,1066
APRL00001,Super Mario BOOM,20967,08/17/2024, 03:14:28,1066
APRL00001,Super Mario BOOM,20967,08/17/2024, 04:17:47,1066
APRL00001,Super Mario BOOM,20967,08/17/2024, 05:14:28,1066
APRL00001,Super Mario BOOM,20967,08/17/2024, 06:17:41,1066
APRL00001,Super Mario BOOM,20967,08/17/2024, 07:11:44,1066
APRL00001,Super Mario BOOM,20967,08/17/2024, 08:16:04,1066
APRL00001,Super Mario BOOM,20968,08/17/2024, 09:12:53,1066
APRL00001,Super Mario BOOM,20968,08/17/2024, 10:14:07,1066
APRL00001,Super Mario BOOM,20968,08/17/2024, 11:11:42,1066
APRL00001,Super Mario BOOM,20968,08/17/2024, 12:22:18,1066
APRL00001,Super Mario BOOM,20968,08/17/2024, 13:13:58,1066
APRL00001,Super Mario BOOM,20970,08/17/2024, 14:13:25,1066
APRL00001,Super Mario BOOM,20970,08/17/2024, 15:12:39,1066
APRL00001,Super Mario BOOM,20970,08/17/2024, 16:17:50,1066
APRL00001,Super Mario BOOM,20970,08/17/2024, 17:11:17,1066
APRL00001,Super Mario BOOM,20971,08/17/2024, 18:16:58,1066
APRL00001,Super Mario BOOM,20972,08/17/2024, 19:11:36,1066
APRL00001,Super Mario BOOM,20972,08/17/2024, 20:14:09,1066
APRL00001,Super Mario BOOM,20972,08/17/2024, 21:11:34,1066
APRL00001,Super Mario BOOM,20972,08/17/2024, 22:12:22,1066
APRL00001,Super Mario BOOM,20972,08/17/2024, 23:12:24,1066
APRL00001,Super Mario BOOM,20972,08/18/2024, 01:02:49,1066
APRL00001,Super Mario BOOM,20972,08/18/2024, 02:35:21,1066
APRL00001,Super Mario BOOM,20972,08/18/2024, 03:14:53,1066
APRL00001,Super Mario BOOM,20972,08/18/2024, 04:17:29,1066
APRL00001,Super Mario BOOM,20972,08/18/2024, 05:13:52,1066
APRL00001,Super Mario BOOM,20972,08/18/2024, 06:18:11,1066
APRL00001,Super Mario BOOM,20972,08/18/2024, 07:11:38,1066
APRL00001,Super Mario BOOM,20973,08/18/2024, 08:15:48,1066
APRL00001,Super Mario BOOM,20973,08/18/2024, 09:15:38,1066
APRL00001,Super Mario BOOM,20973,08/18/2024, 10:13:46,1066
APRL00001,Super Mario BOOM,20973,08/18/2024, 11:10:49,1066
APRL00001,Super Mario BOOM,20973,08/18/2024, 12:24:56,1066
APRL00001,Super Mario BOOM,20973,08/18/2024, 13:15:06,1066
APRL00001,Super Mario BOOM,20973,08/18/2024, 14:13:05,1066
APRL00001,Super Mario BOOM,20973,08/18/2024, 15:12:55,1066
APRL00001,Super Mario BOOM,20973,08/18/2024, 16:15:13,1066
APRL00001,Super Mario BOOM,20973,08/18/2024, 17:11:17,1066
APRL00001,Super Mario BOOM,20973,08/18/2024, 18:16:18,1066
APRL00001,Super Mario BOOM,20973,08/18/2024, 19:10:47,1066
APRL00001,Super Mario BOOM,20973,08/18/2024, 20:13:36,1066
APRL00001,Super Mario BOOM,20973,08/18/2024, 21:12:14,1066
APRL00001,Super Mario BOOM,20973,08/18/2024, 22:13:34,1066
APRL00001,Super Mario BOOM,20973,08/18/2024, 23:14:37,1066
APRL00001,Super Mario BOOM,20973,08/19/2024, 01:00:15,1066
APRL00001,Super Mario BOOM,20973,08/19/2024, 02:09:37,1066
APRL00001,Super Mario BOOM,20973,08/19/2024, 03:15:11,1066
APRL00001,Super Mario BOOM,20973,08/19/2024, 04:16:03,1066
APRL00001,Super Mario BOOM,20974,08/19/2024, 05:13:49,1066
APRL00001,Super Mario BOOM,20974,08/19/2024, 06:19:28,1066
APRL00001,Super Mario BOOM,20974,08/19/2024, 07:14:38,1066
APRL00001,Super Mario BOOM,20974,08/19/2024, 08:18:06,1066
APRL00001,Super Mario BOOM,20974,08/19/2024, 09:15:05,1066
APRL00001,Super Mario BOOM,20974,08/19/2024, 10:16:24,1066
APRL00001,Super Mario BOOM,20974,08/19/2024, 11:11:45,1066
APRL00001,Super Mario BOOM,20974,08/19/2024, 12:25:44,1066
APRL00001,Super Mario BOOM,20975,08/19/2024, 13:18:05,1066
APRL00001,Super Mario BOOM,20975,08/19/2024, 14:15:00,1066
APRL00001,Super Mario BOOM,20975,08/19/2024, 15:14:42,1066
APRL00001,Super Mario BOOM,20975,08/19/2024, 16:16:42,1066
APRL00001,Super Mario BOOM,20975,08/19/2024, 17:13:59,1066
APRL00001,Super Mario BOOM,20975,08/19/2024, 18:17:42,1066
APRL00001,Super Mario BOOM,20975,08/19/2024, 19:12:42,1066
APRL00001,Super Mario BOOM,20975,08/19/2024, 20:14:31,1066
APRL00001,Super Mario BOOM,20975,08/19/2024, 21:13:11,1066
APRL00001,Super Mario BOOM,20975,08/19/2024, 22:14:28,1066
APRL00001,Super Mario BOOM,20975,08/19/2024, 23:14:45,1066
APRL00001,Super Mario BOOM,20975,08/20/2024, 00:59:06,1066
APRL00001,Super Mario BOOM,20975,08/20/2024, 02:06:10,1066
APRL00001,Super Mario BOOM,20975,08/20/2024, 03:16:29,1066
APRL00001,Super Mario BOOM,20975,08/20/2024, 04:18:34,1066
APRL00001,Super Mario BOOM,20975,08/20/2024, 05:13:11,1066
APRL00001,Super Mario BOOM,20975,08/20/2024, 06:19:20,1066
APRL00001,Super Mario BOOM,20975,08/20/2024, 07:14:08,1066
APRL00001,Super Mario BOOM,20975,08/20/2024, 08:18:25,1066
APRL00001,Super Mario BOOM,20975,08/20/2024, 09:15:42,1066
APRL00001,Super Mario BOOM,20975,08/20/2024, 10:15:12,1066
APRL00001,Super Mario BOOM,20975,08/20/2024, 11:13:37,1066
APRL00001,Super Mario BOOM,20975,08/20/2024, 12:26:02,1066
APRL00001,Super Mario BOOM,20975,08/20/2024, 13:18:01,1066
APRL00001,Super Mario BOOM,20975,08/20/2024, 14:13:29,1066
APRL00001,Super Mario BOOM,20975,08/20/2024, 15:14:28,1066
APRL00001,Super Mario BOOM,20975,08/20/2024, 16:15:57,1066
APRL00001,Super Mario BOOM,20976,08/20/2024, 17:13:25,1066
APRL00001,Super Mario BOOM,20976,08/20/2024, 18:17:59,1066
APRL00001,Super Mario BOOM,20976,08/20/2024, 19:11:22,1066
APRL00001,Super Mario BOOM,20977,08/20/2024, 20:16:39,1066
APRL00001,Super Mario BOOM,20977,08/20/2024, 21:14:55,1066
APRL00001,Super Mario BOOM,20977,08/20/2024, 22:12:32,1066
APRL00001,Super Mario BOOM,20977,08/20/2024, 23:14:51,1066
APRL00001,Super Mario BOOM,20977,08/21/2024, 00:59:13,1066
APRL00001,Super Mario BOOM,20977,08/21/2024, 02:06:15,1066
APRL00001,Super Mario BOOM,20977,08/21/2024, 03:15:35,1066
APRL00001,Super Mario BOOM,20977,08/21/2024, 04:17:26,1066
APRL00001,Super Mario BOOM,20978,08/21/2024, 05:13:41,1066
APRL00001,Super Mario BOOM,20978,08/21/2024, 06:18:44,1066
APRL00001,Super Mario BOOM,20978,08/21/2024, 07:13:06,1066
APRL00001,Super Mario BOOM,20978,08/21/2024, 08:17:40,1066
APRL00001,Super Mario BOOM,20979,08/21/2024, 09:15:13,1066
APRL00001,Super Mario BOOM,20979,08/21/2024, 10:14:36,1066
APRL00001,Super Mario BOOM,20980,08/21/2024, 11:11:33,1066
APRL00001,Super Mario BOOM,20980,08/21/2024, 12:24:26,1066
APRL00001,Super Mario BOOM,20980,08/21/2024, 13:18:12,1066
APRL00001,Super Mario BOOM,20980,08/21/2024, 14:14:41,1066
APRL00001,Super Mario BOOM,20980,08/21/2024, 15:14:04,1066
APRL00001,Super Mario BOOM,20980,08/21/2024, 16:17:52,1066
APRL00001,Super Mario BOOM,20980,08/21/2024, 17:12:52,1066
APRL00001,Super Mario BOOM,20980,08/21/2024, 18:18:11,1066
APRL00001,Super Mario BOOM,20980,08/21/2024, 19:12:51,1066
APRL00001,Super Mario BOOM,20980,08/21/2024, 20:14:33,1066
APRL00001,Super Mario BOOM,20981,08/21/2024, 21:13:25,1066
APRL00001,Super Mario BOOM,20981,08/21/2024, 22:12:50,1066
APRL00001,Super Mario BOOM,20981,08/21/2024, 23:13:33,1066
APRL00001,Super Mario BOOM,20983,08/22/2024, 01:00:29,1066
APRL00001,Super Mario BOOM,20983,08/22/2024, 02:09:26,1066
APRL00001,Super Mario BOOM,20983,08/22/2024, 03:15:57,1066
APRL00001,Super Mario BOOM,20983,08/22/2024, 04:16:12,1066
APRL00001,Super Mario BOOM,20984,08/22/2024, 05:13:51,1066
APRL00001,Super Mario BOOM,20984,08/22/2024, 06:18:58,1066
APRL00001,Super Mario BOOM,20984,08/22/2024, 07:14:09,1066
APRL00001,Super Mario BOOM,20984,08/22/2024, 08:17:19,1066
APRL00001,Super Mario BOOM,20985,08/22/2024, 09:14:33,1066
APRL00001,Super Mario BOOM,20987,08/22/2024, 10:15:11,1066
APRL00001,Super Mario BOOM,20987,08/22/2024, 11:12:31,1066
APRL00001,Super Mario BOOM,20987,08/22/2024, 12:25:05,1066
APRL00001,Super Mario BOOM,20987,08/22/2024, 13:18:08,1066
APRL00001,Super Mario BOOM,20987,08/22/2024, 14:13:13,1066
APRL00001,Super Mario BOOM,20987,08/22/2024, 15:16:36,1066
APRL00001,Super Mario BOOM,20987,08/22/2024, 16:16:53,1066
APRL00001,Super Mario BOOM,20988,08/22/2024, 17:13:21,1066
APRL00001,Super Mario BOOM,20989,08/22/2024, 18:18:04,1066
APRL00001,Super Mario BOOM,20989,08/22/2024, 19:12:09,1066
APRL00001,Super Mario BOOM,20989,08/22/2024, 20:15:03,1066
APRL00001,Super Mario BOOM,20989,08/22/2024, 21:14:50,1066
APRL00001,Super Mario BOOM,20989,08/22/2024, 22:13:53,1066
APRL00001,Super Mario BOOM,20990,08/22/2024, 23:13:25,1066
APRL00001,Super Mario BOOM,20991,08/23/2024, 00:59:22,1066
APRL00001,Super Mario BOOM,20992,08/23/2024, 02:07:13,1066
APRL00001,Super Mario BOOM,20992,08/23/2024, 03:15:14,1066
APRL00001,Super Mario BOOM,20992,08/23/2024, 04:16:54,1066
APRL00001,Super Mario BOOM,20992,08/23/2024, 05:13:56,1066
APRL00001,Super Mario BOOM,20992,08/23/2024, 06:18:37,1066
APRL00001,Super Mario BOOM,20993,08/23/2024, 07:13:52,1066
APRL00001,Super Mario BOOM,20993,08/23/2024, 08:17:55,1066
APRL00001,Super Mario BOOM,20993,08/23/2024, 09:14:26,1066
APRL00001,Super Mario BOOM,20993,08/23/2024, 10:14:30,1066
APRL00001,Super Mario BOOM,20994,08/23/2024, 11:11:31,1066
APRL00001,Super Mario BOOM,20995,08/23/2024, 12:25:17,1066
APRL00001,Super Mario BOOM,20995,08/23/2024, 13:17:37,1066
APRL00001,Super Mario BOOM,20995,08/23/2024, 14:14:07,1066
APRL00001,Super Mario BOOM,20996,08/23/2024, 15:16:03,1066
APRL00001,Super Mario BOOM,20996,08/23/2024, 16:17:27,1066
APRL00001,Super Mario BOOM,20996,08/23/2024, 17:12:16,1066
APRL00001,Super Mario BOOM,20996,08/23/2024, 18:17:44,1066
APRL00001,Super Mario BOOM,20996,08/23/2024, 19:11:36,1066
APRL00001,Super Mario BOOM,20996,08/23/2024, 20:15:10,1066
APRL00001,Super Mario BOOM,20996,08/23/2024, 21:12:53,1066
APRL00001,Super Mario BOOM,20996,08/23/2024, 22:13:24,1066
APRL00001,Super Mario BOOM,20996,08/23/2024, 23:13:13,1066
APRL00001,Super Mario BOOM,20997,08/24/2024, 00:58:17,1066
APRL00001,Super Mario BOOM,20997,08/24/2024, 02:05:59,1066
APRL00001,Super Mario BOOM,20997,08/24/2024, 03:14:59,1066
APRL00001,Super Mario BOOM,20997,08/24/2024, 04:16:08,1066
APRL00001,Super Mario BOOM,20997,08/24/2024, 05:12:53,1066
APRL00001,Super Mario BOOM,20997,08/24/2024, 06:17:49,1066
APRL00001,Super Mario BOOM,20997,08/24/2024, 07:11:52,1066
APRL00001,Super Mario BOOM,20998,08/24/2024, 08:15:49,1066
APRL00001,Super Mario BOOM,20998,08/24/2024, 09:12:52,1066
APRL00001,Super Mario BOOM,20998,08/24/2024, 10:13:39,1066
APRL00001,Super Mario BOOM,20998,08/24/2024, 11:11:10,1066
APRL00001,Super Mario BOOM,20999,08/24/2024, 12:22:42,1066
APRL00001,Super Mario BOOM,20999,08/24/2024, 13:15:20,1066
APRL00001,Super Mario BOOM,20999,08/24/2024, 14:13:06,1066
APRL00001,Super Mario BOOM,20999,08/24/2024, 15:14:00,1066
APRL00001,Super Mario BOOM,20999,08/24/2024, 16:15:04,1066
APRL00001,Super Mario BOOM,20999,08/24/2024, 17:13:27,1066
APRL00001,Super Mario BOOM,20999,08/24/2024, 18:16:22,1066
APRL00001,Super Mario BOOM,20999,08/24/2024, 19:10:14,1066
APRL00001,Super Mario BOOM,20999,08/24/2024, 20:14:36,1066
APRL00001,Super Mario BOOM,21000,08/24/2024, 21:12:20,1066
APRL00001,Super Mario BOOM,21000,08/24/2024, 22:12:23,1066
APRL00001,Super Mario BOOM,21000,08/24/2024, 23:13:32,1066
APRL00001,Super Mario BOOM,21000,08/25/2024, 01:04:34,1066
APRL00001,Super Mario BOOM,21000,08/25/2024, 02:38:23,1066
APRL00001,Super Mario BOOM,21000,08/25/2024, 03:14:26,1066
APRL00001,Super Mario BOOM,21000,08/25/2024, 04:16:11,1066
APRL00001,Super Mario BOOM,21000,08/25/2024, 05:14:53,1066
APRL00001,Super Mario BOOM,21000,08/25/2024, 06:18:03,1066
APRL00001,Super Mario BOOM,21000,08/25/2024, 07:13:15,1066
APRL00001,Super Mario BOOM,21000,08/25/2024, 08:16:24,1066
APRL00001,Super Mario BOOM,21000,08/25/2024, 09:13:00,1066
APRL00001,Super Mario BOOM,21000,08/25/2024, 10:14:09,1066
APRL00001,Super Mario BOOM,21000,08/25/2024, 11:13:09,1066
APRL00001,Super Mario BOOM,21000,08/25/2024, 12:23:37,1066
APRL00001,Super Mario BOOM,21000,08/25/2024, 13:14:55,1066
APRL00001,Super Mario BOOM,21000,08/25/2024, 14:11:49,1066
APRL00001,Super Mario BOOM,21000,08/25/2024, 15:13:16,1066
APRL00001,Super Mario BOOM,21000,08/25/2024, 16:15:36,1066
APRL00001,Super Mario BOOM,21000,08/25/2024, 17:14:01,1066
APRL00001,Super Mario BOOM,21000,08/25/2024, 18:16:15,1066
APRL00001,Super Mario BOOM,21000,08/25/2024, 19:11:57,1066
APRL00001,Super Mario BOOM,21000,08/25/2024, 20:15:06,1066
APRL00001,Super Mario BOOM,21000,08/25/2024, 21:12:17,1066
APRL00001,Super Mario BOOM,21000,08/25/2024, 22:12:49,1066
APRL00001,Super Mario BOOM,21000,08/25/2024, 23:13:45,1066
APRL00001,Super Mario BOOM,21001,08/26/2024, 01:00:20,1066
APRL00001,Super Mario BOOM,21001,08/26/2024, 02:09:33,1066
APRL00001,Super Mario BOOM,21001,08/26/2024, 03:17:08,1066
APRL00001,Super Mario BOOM,21001,08/26/2024, 04:17:15,1066
APRL00001,Super Mario BOOM,21002,08/26/2024, 05:14:05,1066
APRL00001,Super Mario BOOM,21002,08/26/2024, 06:19:36,1066
APRL00001,Super Mario BOOM,21002,08/26/2024, 07:13:42,1066
APRL00001,Super Mario BOOM,21002,08/26/2024, 08:18:49,1066
APRL00001,Super Mario BOOM,21002,08/26/2024, 09:14:49,1066
APRL00001,Super Mario BOOM,21002,08/26/2024, 10:15:41,1066
APRL00001,Super Mario BOOM,21002,08/26/2024, 11:12:34,1066
APRL00001,Super Mario BOOM,21002,08/26/2024, 12:25:37,1066
APRL00001,Super Mario BOOM,21002,08/26/2024, 13:20:42,1066
APRL00001,Super Mario BOOM,21002,08/26/2024, 14:13:55,1066
APRL00001,Super Mario BOOM,21002,08/26/2024, 15:14:14,1066
APRL00001,Super Mario BOOM,21002,08/26/2024, 16:18:19,1066
APRL00001,Super Mario BOOM,21002,08/26/2024, 17:12:43,1066
APRL00001,Super Mario BOOM,21002,08/26/2024, 18:18:06,1066
APRL00001,Super Mario BOOM,21002,08/26/2024, 19:12:25,1066
APRL00001,Super Mario BOOM,21002,08/26/2024, 20:15:41,1066
APRL00001,Super Mario BOOM,21002,08/26/2024, 21:12:57,1066
APRL00001,Super Mario BOOM,21002,08/26/2024, 22:14:05,1066
APRL00001,Super Mario BOOM,21002,08/26/2024, 23:14:24,1066
APRL00001,Super Mario BOOM,21002,08/27/2024, 01:00:58,1066
APRL00001,Super Mario BOOM,21002,08/27/2024, 02:10:18,1066
APRL00001,Super Mario BOOM,21002,08/27/2024, 03:15:14,1066
APRL00001,Super Mario BOOM,21002,08/27/2024, 04:19:16,1066
APRL00001,Super Mario BOOM,21002,08/27/2024, 05:13:53,1066
APRL00001,Super Mario BOOM,21002,08/27/2024, 06:19:43,1066
APRL00001,Super Mario BOOM,21002,08/27/2024, 07:13:55,1066
APRL00001,Super Mario BOOM,21003,08/27/2024, 08:18:30,1066
APRL00001,Super Mario BOOM,21003,08/27/2024, 09:15:12,1066
APRL00001,Super Mario BOOM,21003,08/27/2024, 10:14:35,1066
APRL00001,Super Mario BOOM,21003,08/27/2024, 11:13:02,1066
APRL00001,Super Mario BOOM,21003,08/27/2024, 12:25:24,1066
APRL00001,Super Mario BOOM,21003,08/27/2024, 13:18:50,1066
APRL00001,Super Mario BOOM,21003,08/27/2024, 14:13:19,1066
APRL00001,Super Mario BOOM,21003,08/27/2024, 15:15:17,1066
APRL00001,Super Mario BOOM,21003,08/27/2024, 16:16:32,1066
APRL00001,Super Mario BOOM,21003,08/27/2024, 17:12:50,1066
APRL00001,Super Mario BOOM,21003,08/27/2024, 18:18:13,1066
APRL00001,Super Mario BOOM,21003,08/27/2024, 19:11:02,1066
APRL00001,Super Mario BOOM,21003,08/27/2024, 20:15:30,1066
APRL00001,Super Mario BOOM,21003,08/27/2024, 21:12:52,1066
APRL00001,Super Mario BOOM,21003,08/27/2024, 22:14:22,1066
APRL00001,Super Mario BOOM,21004,08/27/2024, 23:14:18,1066
APRL00001,Super Mario BOOM,21005,08/28/2024, 01:01:15,1066
APRL00001,Super Mario BOOM,21005,08/28/2024, 02:12:13,1066
APRL00001,Super Mario BOOM,21005,08/28/2024, 03:15:42,1066
APRL00001,Super Mario BOOM,21005,08/28/2024, 04:17:34,1066
APRL00001,Super Mario BOOM,21005,08/28/2024, 05:14:25,1066
APRL00001,Super Mario BOOM,21005,08/28/2024, 06:19:25,1066
APRL00001,Super Mario BOOM,21005,08/28/2024, 07:13:33,1066
APRL00001,Super Mario BOOM,21005,08/28/2024, 08:17:52,1066
APRL00001,Super Mario BOOM,21005,08/28/2024, 09:15:36,1066
APRL00001,Super Mario BOOM,21005,08/28/2024, 10:14:32,1066
APRL00001,Super Mario BOOM,21005,08/28/2024, 11:12:15,1066
APRL00001,Super Mario BOOM,21005,08/28/2024, 12:26:32,1066
APRL00001,Super Mario BOOM,21005,08/28/2024, 13:19:09,1066
APRL00001,Super Mario BOOM,21005,08/28/2024, 14:13:11,1066
APRL00001,Super Mario BOOM,21006,08/28/2024, 15:15:11,1066
APRL00001,Super Mario BOOM,21006,08/28/2024, 16:17:40,1066
APRL00001,Super Mario BOOM,21006,08/28/2024, 17:12:12,1066
APRL00001,Super Mario BOOM,21006,08/28/2024, 18:17:56,1066
APRL00001,Super Mario BOOM,21006,08/28/2024, 19:13:04,1066
APRL00001,Super Mario BOOM,21006,08/28/2024, 20:15:40,1066
APRL00001,Super Mario BOOM,21006,08/28/2024, 21:14:52,1066
APRL00001,Super Mario BOOM,21006,08/28/2024, 22:13:23,1066
APRL00001,Super Mario BOOM,21006,08/28/2024, 23:14:48,1066
APRL00001,Super Mario BOOM,21007,08/29/2024, 01:01:33,1066
APRL00001,Super Mario BOOM,21007,08/29/2024, 02:13:40,1066
APRL00001,Super Mario BOOM,21007,08/29/2024, 03:15:27,1066
APRL00001,Super Mario BOOM,21007,08/29/2024, 04:16:59,1066
APRL00001,Super Mario BOOM,21007,08/29/2024, 05:14:27,1066
APRL00001,Super Mario BOOM,21007,08/29/2024, 06:19:41,1066
APRL00001,Super Mario BOOM,21008,08/29/2024, 07:14:15,1066
APRL00001,Super Mario BOOM,21008,08/29/2024, 08:18:23,1066
APRL00001,Super Mario BOOM,21008,08/29/2024, 09:16:15,1066
APRL00001,Super Mario BOOM,21008,08/29/2024, 10:15:22,1066
APRL00001,Super Mario BOOM,21008,08/29/2024, 11:13:11,1066
APRL00001,Super Mario BOOM,21008,08/29/2024, 12:25:59,1066
APRL00001,Super Mario BOOM,21008,08/29/2024, 13:20:07,1066
APRL00001,Super Mario BOOM,21008,08/29/2024, 14:15:01,1066
APRL00001,Super Mario BOOM,21008,08/29/2024, 15:15:42,1066
APRL00001,Super Mario BOOM,21008,08/29/2024, 16:17:03,1066
APRL00001,Super Mario BOOM,21008,08/29/2024, 17:12:37,1066
APRL00001,Super Mario BOOM,21009,08/29/2024, 18:18:24,1066
APRL00001,Super Mario BOOM,21009,08/29/2024, 19:12:38,1066
APRL00001,Super Mario BOOM,21009,08/29/2024, 20:15:08,1066
APRL00001,Super Mario BOOM,21009,08/29/2024, 21:14:18,1066
APRL00001,Super Mario BOOM,21009,08/29/2024, 22:13:37,1066
APRL00001,Super Mario BOOM,21009,08/29/2024, 23:13:53,1066
APRL00001,Super Mario BOOM,21010,08/30/2024, 01:01:51,1066
APRL00001,Super Mario BOOM,21010,08/30/2024, 02:39:41,1066
APRL00001,Super Mario BOOM,21010,08/30/2024, 03:15:13,1066
APRL00001,Super Mario BOOM,21010,08/30/2024, 04:17:11,1066
APRL00001,Super Mario BOOM,21010,08/30/2024, 05:14:07,1066
APRL00001,Super Mario BOOM,21010,08/30/2024, 06:19:47,1066
APRL00001,Super Mario BOOM,21010,08/30/2024, 07:13:39,1066
APRL00001,Super Mario BOOM,21010,08/30/2024, 08:18:22,1066
APRL00001,Super Mario BOOM,21010,08/30/2024, 09:15:54,1066
APRL00001,Super Mario BOOM,21010,08/30/2024, 10:15:12,1066
APRL00001,Super Mario BOOM,21010,08/30/2024, 11:13:49,1066
APRL00001,Super Mario BOOM,21010,08/30/2024, 12:25:27,1066
APRL00001,Super Mario BOOM,21010,08/30/2024, 13:19:39,1066
APRL00001,Super Mario BOOM,21010,08/30/2024, 14:12:57,1066
APRL00001,Super Mario BOOM,21010,08/30/2024, 15:14:53,1066
APRL00001,Super Mario BOOM,21010,08/30/2024, 16:16:35,1066
APRL00001,Super Mario BOOM,21010,08/30/2024, 17:14:12,1066
APRL00001,Super Mario BOOM,21010,08/30/2024, 18:19:03,1066
APRL00001,Super Mario BOOM,21010,08/30/2024, 19:11:33,1066
APRL00001,Super Mario BOOM,21010,08/30/2024, 20:15:49,1066
APRL00001,Super Mario BOOM,21011,08/30/2024, 21:14:18,1066
APRL00001,Super Mario BOOM,21011,08/30/2024, 22:13:25,1066
APRL00001,Super Mario BOOM,21011,08/30/2024, 23:15:13,1066
APRL00001,Super Mario BOOM,21011,08/31/2024, 01:01:25,1066
APRL00001,Super Mario BOOM,21011,08/31/2024, 02:13:00,1066
APRL00001,Super Mario BOOM,21011,08/31/2024, 03:14:42,1066
APRL00001,Super Mario BOOM,21011,08/31/2024, 04:17:28,1066
APRL00001,Super Mario BOOM,21011,08/31/2024, 05:13:12,1066
APRL00001,Super Mario BOOM,21011,08/31/2024, 06:17:56,1066
APRL00001,Super Mario BOOM,21011,08/31/2024, 07:12:21,1066
APRL00001,Super Mario BOOM,21011,08/31/2024, 08:18:05,1066
APRL00001,Super Mario BOOM,21011,08/31/2024, 09:14:23,1066
APRL00001,Super Mario BOOM,21011,08/31/2024, 10:13:47,1066
APRL00001,Super Mario BOOM,21011,08/31/2024, 11:11:37,1066
APRL00001,Super Mario BOOM,21011,08/31/2024, 12:24:04,1066
APRL00001,Super Mario BOOM,21011,08/31/2024, 13:16:13,1066
APRL00001,Super Mario BOOM,21011,08/31/2024, 14:12:11,1066
APRL00001,Super Mario BOOM,21011,08/31/2024, 15:14:05,1066
APRL00001,Super Mario BOOM,21011,08/31/2024, 16:16:21,1066
APRL00001,Super Mario BOOM,21011,08/31/2024, 17:11:55,1066
APRL00001,Super Mario BOOM,21011,08/31/2024, 18:17:16,1066
APRL00001,Super Mario BOOM,21011,08/31/2024, 19:10:40,1066
APRL00001,Super Mario BOOM,21011,08/31/2024, 20:15:42,1066
APRL00001,Super Mario BOOM,21011,08/31/2024, 21:12:34,1066
APRL00001,Super Mario BOOM,21011,08/31/2024, 22:14:20,1066
APRL00001,Super Mario BOOM,21011,08/31/2024, 23:13:07,1066
APRL00001,Super Mario BOOM,21012,09/01/2024, 01:11:55,1066
APRL00001,Super Mario BOOM,21012,09/01/2024, 02:51:09,1066
APRL00001,Super Mario BOOM,21012,09/01/2024, 03:21:07,1066
APRL00001,Super Mario BOOM,21012,09/01/2024, 04:17:12,1066
APRL00001,Super Mario BOOM,21012,09/01/2024, 05:15:17,1066
APRL00001,Super Mario BOOM,21012,09/01/2024, 06:19:41,1066
APRL00001,Super Mario BOOM,21012,09/01/2024, 07:12:33,1066
APRL00001,Super Mario BOOM,21012,09/01/2024, 08:17:13,1066
APRL00001,Super Mario BOOM,21012,09/01/2024, 09:14:34,1066
APRL00001,Super Mario BOOM,21012,09/01/2024, 10:13:50,1066
APRL00001,Super Mario BOOM,21012,09/01/2024, 11:12:57,1066
APRL00001,Super Mario BOOM,21012,09/01/2024, 12:24:22,1066
APRL00001,Super Mario BOOM,21012,09/01/2024, 13:18:16,1066
APRL00001,Super Mario BOOM,21012,09/01/2024, 14:12:09,1066
APRL00001,Super Mario BOOM,21012,09/01/2024, 15:13:19,1066
APRL00001,Super Mario BOOM,21012,09/01/2024, 16:16:45,1066
APRL00001,Super Mario BOOM,21012,09/01/2024, 17:12:05,1066
APRL00001,Super Mario BOOM,21012,09/01/2024, 18:17:09,1066
APRL00001,Super Mario BOOM,21012,09/01/2024, 19:10:38,1066
APRL00001,Super Mario BOOM,21012,09/01/2024, 20:15:23,1066
APRL00001,Super Mario BOOM,21013,09/01/2024, 21:12:50,1066
APRL00001,Super Mario BOOM,21013,09/01/2024, 22:14:10,1066
APRL00001,Super Mario BOOM,21017,09/01/2024, 23:13:33,1066
APRL00001,Super Mario BOOM,21017,09/02/2024, 01:03:23,1066
APRL00001,Super Mario BOOM,21017,09/02/2024, 02:41:47,1066
APRL00001,Super Mario BOOM,21017,09/02/2024, 03:16:09,1066
APRL00001,Super Mario BOOM,21017,09/02/2024, 04:17:29,1066
APRL00001,Super Mario BOOM,21017,09/02/2024, 05:14:33,1066
APRL00001,Super Mario BOOM,21017,09/02/2024, 06:20:23,1066
APRL00001,Super Mario BOOM,21017,09/02/2024, 07:13:48,1066
APRL00001,Super Mario BOOM,21018,09/02/2024, 08:18:56,1066
APRL00001,Super Mario BOOM,21018,09/02/2024, 09:16:11,1066
APRL00001,Super Mario BOOM,21018,09/02/2024, 10:15:05,1066
APRL00001,Super Mario BOOM,21018,09/02/2024, 11:12:04,1066
APRL00001,Super Mario BOOM,21018,09/02/2024, 12:27:32,1066
APRL00001,Super Mario BOOM,21018,09/02/2024, 13:20:05,1066
APRL00001,Super Mario BOOM,21018,09/02/2024, 14:13:10,1066
APRL00001,Super Mario BOOM,21018,09/02/2024, 15:14:53,1066
APRL00001,Super Mario BOOM,21018,09/02/2024, 16:18:25,1066
APRL00001,Super Mario BOOM,21018,09/02/2024, 17:12:24,1066
APRL00001,Super Mario BOOM,21018,09/02/2024, 18:18:21,1066
APRL00001,Super Mario BOOM,21018,09/02/2024, 19:11:55,1066
APRL00001,Super Mario BOOM,21018,09/02/2024, 20:14:59,1066
APRL00001,Super Mario BOOM,21018,09/02/2024, 21:13:34,1066
APRL00001,Super Mario BOOM,21018,09/02/2024, 22:13:56,1066
APRL00001,Super Mario BOOM,21018,09/02/2024, 23:14:20,1066
APRL00001,Super Mario BOOM,21018,09/03/2024, 01:01:23,1066
APRL00001,Super Mario BOOM,21018,09/03/2024, 02:12:51,1066
APRL00001,Super Mario BOOM,21018,09/03/2024, 03:16:18,1066
APRL00001,Super Mario BOOM,21019,09/03/2024, 04:16:47,1066
APRL00001,Super Mario BOOM,21019,09/03/2024, 05:14:40,1066
APRL00001,Super Mario BOOM,21019,09/03/2024, 06:19:30,1066
APRL00001,Super Mario BOOM,21019,09/03/2024, 07:13:57,1066
APRL00001,Super Mario BOOM,21019,09/03/2024, 08:18:12,1066
APRL00001,Super Mario BOOM,21019,09/03/2024, 09:15:26,1066
APRL00001,Super Mario BOOM,21019,09/03/2024, 10:14:51,1066
APRL00001,Super Mario BOOM,21019,09/03/2024, 11:12:32,1066
APRL00001,Super Mario BOOM,21019,09/03/2024, 12:26:39,1066
APRL00001,Super Mario BOOM,21019,09/03/2024, 13:20:45,1066
APRL00001,Super Mario BOOM,21019,09/03/2024, 14:14:13,1066
APRL00001,Super Mario BOOM,21020,09/03/2024, 15:15:12,1066
APRL00001,Super Mario BOOM,21020,09/03/2024, 16:18:33,1066
APRL00001,Super Mario BOOM,21020,09/03/2024, 17:14:05,1066
APRL00001,Super Mario BOOM,21020,09/03/2024, 18:18:50,1066
APRL00001,Super Mario BOOM,21020,09/03/2024, 19:12:22,1066
APRL00001,Super Mario BOOM,21020,09/03/2024, 20:15:03,1066
APRL00001,Super Mario BOOM,21020,09/03/2024, 21:13:31,1066
APRL00001,Super Mario BOOM,21020,09/03/2024, 22:14:33,1066
APRL00001,Super Mario BOOM,21020,09/03/2024, 23:15:19,1066
APRL00001,Super Mario BOOM,21020,09/04/2024, 01:02:09,1066
APRL00001,Super Mario BOOM,21020,09/04/2024, 02:39:37,1066
APRL00001,Super Mario BOOM,21020,09/04/2024, 03:14:58,1066
APRL00001,Super Mario BOOM,21020,09/04/2024, 04:17:22,1066
APRL00001,Super Mario BOOM,21020,09/04/2024, 05:15:12,1066
APRL00001,Super Mario BOOM,21020,09/04/2024, 07:13:51,1066
APRL00001,Super Mario BOOM,21020,09/04/2024, 08:17:15,1066
APRL00001,Super Mario BOOM,21020,09/04/2024, 09:15:30,1066
APRL00001,Super Mario BOOM,21020,09/04/2024, 10:15:08,1066
APRL00001,Super Mario BOOM,21020,09/04/2024, 11:12:01,1066
APRL00001,Super Mario BOOM,21021,09/04/2024, 12:27:11,1066
APRL00001,Super Mario BOOM,21021,09/04/2024, 13:21:17,1066
APRL00001,Super Mario BOOM,21021,09/04/2024, 14:13:28,1066
APRL00001,Super Mario BOOM,21021,09/04/2024, 15:15:10,1066
APRL00001,Super Mario BOOM,21021,09/04/2024, 16:17:18,1066
APRL00001,Super Mario BOOM,21022,09/04/2024, 17:13:02,1066
APRL00001,Super Mario BOOM,21022,09/04/2024, 18:17:09,1066
APRL00001,Super Mario BOOM,21022,09/04/2024, 19:11:52,1066
APRL00001,Super Mario BOOM,21022,09/04/2024, 20:15:33,1066
APRL00001,Super Mario BOOM,21022,09/04/2024, 21:12:56,1066
APRL00001,Super Mario BOOM,21022,09/04/2024, 22:12:59,1066
APRL00001,Super Mario BOOM,21022,09/04/2024, 23:14:44,1066
APRL00001,Super Mario BOOM,21022,09/05/2024, 01:02:02,1066
APRL00001,Super Mario BOOM,21023,09/05/2024, 02:40:17,1066
APRL00001,Super Mario BOOM,21023,09/05/2024, 03:15:17,1066
APRL00001,Super Mario BOOM,21023,09/05/2024, 04:17:01,1066
APRL00001,Super Mario BOOM,21023,09/05/2024, 05:14:13,1066
APRL00001,Super Mario BOOM,21023,09/05/2024, 06:19:36,1066
APRL00001,Super Mario BOOM,21023,09/05/2024, 07:13:46,1066
APRL00001,Super Mario BOOM,21023,09/05/2024, 08:18:14,1066
APRL00001,Super Mario BOOM,21023,09/05/2024, 09:14:52,1066
APRL00001,Super Mario BOOM,21023,09/05/2024, 10:15:37,1066
APRL00001,Super Mario BOOM,21023,09/05/2024, 11:13:01,1066
APRL00001,Super Mario BOOM,21023,09/05/2024, 12:26:34,1066
APRL00001,Super Mario BOOM,21024,09/05/2024, 13:20:43,1066
APRL00001,Super Mario BOOM,21024,09/05/2024, 14:13:40,1066
APRL00001,Super Mario BOOM,21024,09/05/2024, 15:14:50,1066
APRL00001,Super Mario BOOM,21024,09/05/2024, 16:17:46,1066
APRL00001,Super Mario BOOM,21024,09/05/2024, 17:13:04,1066
APRL00001,Super Mario BOOM,21024,09/05/2024, 18:17:55,1066
APRL00001,Super Mario BOOM,21024,09/05/2024, 19:12:26,1066
APRL00001,Super Mario BOOM,21024,09/05/2024, 20:15:04,1066
APRL00001,Super Mario BOOM,21024,09/05/2024, 21:13:56,1066
APRL00001,Super Mario BOOM,21024,09/05/2024, 22:13:22,1066
APRL00001,Super Mario BOOM,21024,09/05/2024, 23:15:22,1066
APRL00001,Super Mario BOOM,21024,09/06/2024, 01:02:07,1066
APRL00001,Super Mario BOOM,21024,09/06/2024, 02:40:04,1066
APRL00001,Super Mario BOOM,21025,09/06/2024, 03:16:08,1066
APRL00001,Super Mario BOOM,21025,09/06/2024, 04:16:39,1066
APRL00001,Super Mario BOOM,21025,09/06/2024, 05:15:05,1066
APRL00001,Super Mario BOOM,21025,09/06/2024, 06:19:59,1066
APRL00001,Super Mario BOOM,21025,09/06/2024, 07:13:46,1066
APRL00001,Super Mario BOOM,21025,09/06/2024, 08:18:07,1066
APRL00001,Super Mario BOOM,21025,09/06/2024, 09:15:06,1066
APRL00001,Super Mario BOOM,21025,09/06/2024, 10:15:01,1066
APRL00001,Super Mario BOOM,21025,09/06/2024, 11:13:03,1066
APRL00001,Super Mario BOOM,21025,09/06/2024, 12:25:51,1066
APRL00001,Super Mario BOOM,21025,09/06/2024, 13:19:23,1066
APRL00001,Super Mario BOOM,21025,09/06/2024, 14:13:46,1066
APRL00001,Super Mario BOOM,21025,09/06/2024, 15:15:19,1066
APRL00001,Super Mario BOOM,21025,09/06/2024, 16:18:03,1066
APRL00001,Super Mario BOOM,21025,09/06/2024, 17:12:41,1066
APRL00001,Super Mario BOOM,21025,09/06/2024, 18:19:42,1066
APRL00001,Super Mario BOOM,21025,09/06/2024, 19:12:42,1066
APRL00001,Super Mario BOOM,21025,09/06/2024, 20:15:17,1066
APRL00001,Super Mario BOOM,21025,09/06/2024, 21:13:06,1066
APRL00001,Super Mario BOOM,21025,09/06/2024, 22:13:11,1066
APRL00001,Super Mario BOOM,21025,09/06/2024, 23:15:21,1066
APRL00001,Super Mario BOOM,21025,09/07/2024, 01:01:21,1066
APRL00001,Super Mario BOOM,21025,09/07/2024, 02:12:42,1066
APRL00001,Super Mario BOOM,21025,09/07/2024, 03:15:31,1066
APRL00001,Super Mario BOOM,21025,09/07/2024, 04:17:06,1066
APRL00001,Super Mario BOOM,21025,09/07/2024, 05:13:52,1066
APRL00001,Super Mario BOOM,21025,09/07/2024, 06:18:20,1066
APRL00001,Super Mario BOOM,21025,09/07/2024, 07:14:23,1066
APRL00001,Super Mario BOOM,21025,09/07/2024, 08:16:34,1066
APRL00001,Super Mario BOOM,21026,09/07/2024, 09:13:31,1066
APRL00001,Super Mario BOOM,21026,09/07/2024, 10:14:00,1066
APRL00001,Super Mario BOOM,21028,09/07/2024, 11:11:23,1066
APRL00001,Super Mario BOOM,21028,09/07/2024, 12:23:34,1066
APRL00001,Super Mario BOOM,21028,09/07/2024, 13:16:45,1066
APRL00001,Super Mario BOOM,21028,09/07/2024, 14:12:52,1066
APRL00001,Super Mario BOOM,21028,09/07/2024, 15:14:30,1066
APRL00001,Super Mario BOOM,21028,09/07/2024, 16:16:00,1066
APRL00001,Super Mario BOOM,21028,09/07/2024, 17:13:09,1066
APRL00001,Super Mario BOOM,21028,09/07/2024, 18:17:11,1066
APRL00001,Super Mario BOOM,21028,09/07/2024, 19:11:41,1066
APRL00001,Super Mario BOOM,21028,09/07/2024, 20:14:14,1066
APRL00001,Super Mario BOOM,21028,09/07/2024, 21:15:01,1066
APRL00001,Super Mario BOOM,21028,09/07/2024, 22:12:48,1066
APRL00001,Super Mario BOOM,21028,09/07/2024, 23:13:05,1066
APRL00001,Super Mario BOOM,21028,09/08/2024, 01:07:13,1066
APRL00001,Super Mario BOOM,21028,09/08/2024, 02:44:07,1066
APRL00001,Super Mario BOOM,21028,09/08/2024, 03:16:38,1066
APRL00001,Super Mario BOOM,21029,09/08/2024, 04:16:48,1066
APRL00001,Super Mario BOOM,21029,09/08/2024, 05:14:25,1066
APRL00001,Super Mario BOOM,21029,09/08/2024, 06:18:14,1066
APRL00001,Super Mario BOOM,21029,09/08/2024, 07:12:52,1066
APRL00001,Super Mario BOOM,21029,09/08/2024, 08:16:35,1066
APRL00001,Super Mario BOOM,21029,09/08/2024, 09:13:54,1066
APRL00001,Super Mario BOOM,21029,09/08/2024, 10:14:43,1066
APRL00001,Super Mario BOOM,21029,09/08/2024, 11:11:24,1066
APRL00001,Super Mario BOOM,21029,09/08/2024, 12:24:10,1066
APRL00001,Super Mario BOOM,21029,09/08/2024, 13:16:43,1066
APRL00001,Super Mario BOOM,21029,09/08/2024, 14:12:56,1066
APRL00001,Super Mario BOOM,21029,09/08/2024, 15:15:04,1066
APRL00001,Super Mario BOOM,21029,09/08/2024, 16:17:04,1066
APRL00001,Super Mario BOOM,21029,09/08/2024, 17:13:01,1066
APRL00001,Super Mario BOOM,21029,09/08/2024, 18:18:11,1066
APRL00001,Super Mario BOOM,21029,09/08/2024, 19:11:46,1066
APRL00001,Super Mario BOOM,21030,09/08/2024, 20:14:16,1066
APRL00001,Super Mario BOOM,21030,09/08/2024, 21:13:14,1066
APRL00001,Super Mario BOOM,21030,09/08/2024, 22:12:44,1066
APRL00001,Super Mario BOOM,21030,09/08/2024, 23:16:00,1066
APRL00001,Super Mario BOOM,21030,09/09/2024, 01:04:36,1066
APRL00001,Super Mario BOOM,21030,09/09/2024, 02:43:34,1066
APRL00001,Super Mario BOOM,21030,09/09/2024, 03:18:00,1066
APRL00001,Super Mario BOOM,21030,09/09/2024, 04:17:11,1066
APRL00001,Super Mario BOOM,21030,09/09/2024, 05:15:05,1066
APRL00001,Super Mario BOOM,21030,09/09/2024, 06:20:38,1066
APRL00001,Super Mario BOOM,21030,09/09/2024, 07:14:15,1066
APRL00001,Super Mario BOOM,21030,09/09/2024, 08:19:53,1066
APRL00001,Super Mario BOOM,21030,09/09/2024, 09:16:54,1066
APRL00001,Super Mario BOOM,21030,09/09/2024, 10:15:44,1066
APRL00001,Super Mario BOOM,21030,09/09/2024, 11:12:35,1066
APRL00001,Super Mario BOOM,21030,09/09/2024, 12:27:25,1066
APRL00001,Super Mario BOOM,21030,09/09/2024, 13:21:58,1066
APRL00001,Super Mario BOOM,21030,09/09/2024, 14:16:14,1066
APRL00001,Super Mario BOOM,21030,09/09/2024, 15:15:57,1066
APRL00001,Super Mario BOOM,21030,09/09/2024, 16:17:22,1066
APRL00001,Super Mario BOOM,21030,09/09/2024, 17:13:07,1066
APRL00001,Super Mario BOOM,21030,09/09/2024, 18:18:37,1066
APRL00001,Super Mario BOOM,21030,09/09/2024, 19:12:02,1066
APRL00001,Super Mario BOOM,21030,09/09/2024, 20:15:17,1066
APRL00001,Super Mario BOOM,21030,09/09/2024, 21:13:28,1066
APRL00001,Super Mario BOOM,21030,09/09/2024, 22:13:19,1066
APRL00001,Super Mario BOOM,21030,09/09/2024, 23:15:21,1066
APRL00001,Super Mario BOOM,21030,09/10/2024, 01:02:51,1066
APRL00001,Super Mario BOOM,21030,09/10/2024, 02:41:24,1066
APRL00001,Super Mario BOOM,21030,09/10/2024, 03:16:15,1066
APRL00001,Super Mario BOOM,21031,09/10/2024, 04:17:13,1066
APRL00001,Super Mario BOOM,21031,09/10/2024, 05:14:32,1066
APRL00001,Super Mario BOOM,21031,09/10/2024, 06:19:58,1066
APRL00001,Super Mario BOOM,21031,09/10/2024, 07:14:41,1066
APRL00001,Super Mario BOOM,21031,09/10/2024, 08:18:16,1066
APRL00001,Super Mario BOOM,21031,09/10/2024, 09:16:08,1066
APRL00001,Super Mario BOOM,21031,09/10/2024, 10:15:33,1066
APRL00001,Super Mario BOOM,21031,09/10/2024, 11:12:30,1066
APRL00001,Super Mario BOOM,21031,09/10/2024, 12:28:33,1066
APRL00001,Super Mario BOOM,21031,09/10/2024, 13:21:23,1066
APRL00001,Super Mario BOOM,21031,09/10/2024, 14:14:05,1066
APRL00001,Super Mario BOOM,21032,09/10/2024, 15:14:54,1066
APRL00001,Super Mario BOOM,21032,09/10/2024, 16:16:52,1066
APRL00001,Super Mario BOOM,21032,09/10/2024, 17:13:08,1066
APRL00001,Super Mario BOOM,21032,09/10/2024, 18:18:41,1066
APRL00001,Super Mario BOOM,21032,09/10/2024, 19:12:59,1066
APRL00001,Super Mario BOOM,21032,09/10/2024, 20:15:41,1066
APRL00001,Super Mario BOOM,21033,09/10/2024, 21:13:46,1066
APRL00001,Super Mario BOOM,21033,09/10/2024, 22:14:01,1066
APRL00001,Super Mario BOOM,21033,09/10/2024, 23:13:36,1066
APRL00001,Super Mario BOOM,21033,09/11/2024, 01:02:37,1066
APRL00001,Super Mario BOOM,21033,09/11/2024, 02:39:45,1066
APRL00001,Super Mario BOOM,21033,09/11/2024, 03:15:12,1066
APRL00001,Super Mario BOOM,21033,09/11/2024, 04:19:10,1066
APRL00001,Super Mario BOOM,21033,09/11/2024, 05:15:22,1066
APRL00001,Super Mario BOOM,21033,09/11/2024, 06:20:14,1066
APRL00001,Super Mario BOOM,21033,09/11/2024, 07:13:50,1066
APRL00001,Super Mario BOOM,21033,09/11/2024, 08:18:38,1066
APRL00001,Super Mario BOOM,21033,09/11/2024, 09:15:07,1066
APRL00001,Super Mario BOOM,21033,09/11/2024, 10:15:02,1066
APRL00001,Super Mario BOOM,21033,09/11/2024, 11:14:12,1066
APRL00001,Super Mario BOOM,21033,09/11/2024, 12:27:11,1066
APRL00001,Super Mario BOOM,21033,09/11/2024, 13:20:48,1066
APRL00001,Super Mario BOOM,21033,09/11/2024, 14:13:39,1066
APRL00001,Super Mario BOOM,21033,09/11/2024, 15:15:37,1066
APRL00001,Super Mario BOOM,21033,09/11/2024, 16:17:51,1066
APRL00001,Super Mario BOOM,21033,09/11/2024, 17:12:43,1066
APRL00001,Super Mario BOOM,21033,09/11/2024, 18:18:39,1066
APRL00001,Super Mario BOOM,21033,09/11/2024, 19:10:51,1066
APRL00001,Super Mario BOOM,21033,09/11/2024, 20:14:08,1066
APRL00001,Super Mario BOOM,21033,09/11/2024, 21:14:11,1066
APRL00001,Super Mario BOOM,21033,09/11/2024, 22:13:15,1066
APRL00001,Super Mario BOOM,21034,09/11/2024, 23:14:17,1066
APRL00001,Super Mario BOOM,21034,09/12/2024, 01:02:50,1066
APRL00001,Super Mario BOOM,21034,09/12/2024, 02:40:38,1066
APRL00001,Super Mario BOOM,21034,09/12/2024, 03:15:42,1066
APRL00001,Super Mario BOOM,21034,09/12/2024, 04:17:56,1066
APRL00001,Super Mario BOOM,21034,09/12/2024, 05:14:32,1066
APRL00001,Super Mario BOOM,21034,09/12/2024, 06:20:19,1066
APRL00001,Super Mario BOOM,21034,09/12/2024, 07:14:13,1066
APRL00001,Super Mario BOOM,21034,09/12/2024, 08:18:20,1066
APRL00001,Super Mario BOOM,21034,09/12/2024, 09:15:14,1066
APRL00001,Super Mario BOOM,21034,09/12/2024, 10:16:05,1066
APRL00001,Super Mario BOOM,21034,09/12/2024, 11:12:23,1066
APRL00001,Super Mario BOOM,21035,09/12/2024, 12:26:27,1066
APRL00001,Super Mario BOOM,21035,09/12/2024, 13:21:18,1066
APRL00001,Super Mario BOOM,21035,09/12/2024, 14:14:27,1066
APRL00001,Super Mario BOOM,21035,09/12/2024, 15:14:42,1066
APRL00001,Super Mario BOOM,21035,09/12/2024, 16:17:03,1066
APRL00001,Super Mario BOOM,21035,09/12/2024, 17:13:24,1066
APRL00001,Super Mario BOOM,21035,09/12/2024, 18:19:46,1066
APRL00001,Super Mario BOOM,21035,09/12/2024, 19:11:28,1066
APRL00001,Super Mario BOOM,21035,09/12/2024, 20:15:41,1066
APRL00001,Super Mario BOOM,21035,09/12/2024, 21:13:29,1066
APRL00001,Super Mario BOOM,21035,09/12/2024, 22:14:42,1066
APRL00001,Super Mario BOOM,21035,09/12/2024, 23:15:52,1066
APRL00001,Super Mario BOOM,21036,09/13/2024, 01:02:46,1066
APRL00001,Super Mario BOOM,21036,09/13/2024, 02:41:52,1066
APRL00001,Super Mario BOOM,21036,09/13/2024, 03:16:23,1066
APRL00001,Super Mario BOOM,21036,09/13/2024, 04:16:48,1066
APRL00001,Super Mario BOOM,21036,09/13/2024, 05:14:08,1066
APRL00001,Super Mario BOOM,21036,09/13/2024, 06:20:32,1066
APRL00001,Super Mario BOOM,21036,09/13/2024, 07:15:21,1066
APRL00001,Super Mario BOOM,21036,09/13/2024, 08:18:14,1066
APRL00001,Super Mario BOOM,21036,09/13/2024, 09:14:59,1066
APRL00001,Super Mario BOOM,21036,09/13/2024, 10:15:22,1066
APRL00001,Super Mario BOOM,21036,09/13/2024, 11:13:01,1066
APRL00001,Super Mario BOOM,21036,09/13/2024, 12:26:01,1066
APRL00001,Super Mario BOOM,21036,09/13/2024, 13:20:31,1066
APRL00001,Super Mario BOOM,21036,09/13/2024, 14:13:32,1066
APRL00001,Super Mario BOOM,21036,09/13/2024, 15:15:21,1066
APRL00001,Super Mario BOOM,21036,09/13/2024, 16:16:41,1066
APRL00001,Super Mario BOOM,21036,09/13/2024, 17:13:15,1066
APRL00001,Super Mario BOOM,21036,09/13/2024, 18:19:05,1066
APRL00001,Super Mario BOOM,21036,09/13/2024, 19:12:05,1066
APRL00001,Super Mario BOOM,21036,09/13/2024, 20:15:07,1066
APRL00001,Super Mario BOOM,21036,09/13/2024, 21:12:52,1066
APRL00001,Super Mario BOOM,21036,09/13/2024, 22:14:47,1066
APRL00001,Super Mario BOOM,21036,09/13/2024, 23:14:18,1066
APRL00001,Super Mario BOOM,21036,09/14/2024, 01:01:56,1066
APRL00001,Super Mario BOOM,21036,09/14/2024, 02:39:33,1066
APRL00001,Super Mario BOOM,21036,09/14/2024, 03:15:56,1066
APRL00001,Super Mario BOOM,21036,09/14/2024, 04:16:58,1066
APRL00001,Super Mario BOOM,21036,09/14/2024, 05:15:54,1066
APRL00001,Super Mario BOOM,21036,09/14/2024, 06:19:02,1066
APRL00001,Super Mario BOOM,21036,09/14/2024, 07:13:42,1066
APRL00001,Super Mario BOOM,21036,09/14/2024, 08:18:36,1066
APRL00001,Super Mario BOOM,21037,09/14/2024, 09:14:05,1066
APRL00001,Super Mario BOOM,21037,09/14/2024, 10:13:57,1066
APRL00001,Super Mario BOOM,21037,09/14/2024, 11:11:23,1066
APRL00001,Super Mario BOOM,21037,09/14/2024, 12:24:27,1066
APRL00001,Super Mario BOOM,21037,09/14/2024, 13:17:10,1066
APRL00001,Super Mario BOOM,21037,09/14/2024, 14:12:19,1066
APRL00001,Super Mario BOOM,21037,09/14/2024, 15:13:42,1066
APRL00001,Super Mario BOOM,21037,09/14/2024, 16:16:38,1066
APRL00001,Super Mario BOOM,21037,09/14/2024, 17:13:13,1066
APRL00001,Super Mario BOOM,21038,09/14/2024, 18:17:47,1066
APRL00001,Super Mario BOOM,21038,09/14/2024, 19:11:26,1066
APRL00001,Super Mario BOOM,21038,09/14/2024, 20:16:34,1066
APRL00001,Super Mario BOOM,21038,09/14/2024, 21:12:58,1066
APRL00001,Super Mario BOOM,21038,09/14/2024, 22:14:06,1066
APRL00001,Super Mario BOOM,21038,09/14/2024, 23:13:28,1066
APRL00001,Super Mario BOOM,21038,09/15/2024, 01:09:43,1066
APRL00001,Super Mario BOOM,21038,09/15/2024, 02:49:46,1066
APRL00001,Super Mario BOOM,21038,09/15/2024, 03:20:25,1066
APRL00001,Super Mario BOOM,21038,09/15/2024, 04:17:10,1066
APRL00001,Super Mario BOOM,21038,09/15/2024, 05:15:47,1066
APRL00001,Super Mario BOOM,21038,09/15/2024, 06:19:08,1066
APRL00001,Super Mario BOOM,21038,09/15/2024, 07:12:56,1066
APRL00001,Super Mario BOOM,21038,09/15/2024, 08:18:28,1066
APRL00001,Super Mario BOOM,21038,09/15/2024, 09:13:55,1066
APRL00001,Super Mario BOOM,21038,09/15/2024, 10:13:58,1066
APRL00001,Super Mario BOOM,21038,09/15/2024, 11:11:27,1066
APRL00001,Super Mario BOOM,21038,09/15/2024, 12:24:40,1066
APRL00001,Super Mario BOOM,21038,09/15/2024, 13:17:57,1066
APRL00001,Super Mario BOOM,21038,09/15/2024, 14:12:33,1066
APRL00001,Super Mario BOOM,21038,09/15/2024, 15:13:48,1066
APRL00001,Super Mario BOOM,21038,09/15/2024, 16:17:17,1066
APRL00001,Super Mario BOOM,21038,09/15/2024, 17:12:03,1066
APRL00001,Super Mario BOOM,21038,09/15/2024, 18:18:54,1066
APRL00001,Super Mario BOOM,21038,09/15/2024, 19:11:11,1066
APRL00001,Super Mario BOOM,21038,09/15/2024, 20:14:51,1066
APRL00001,Super Mario BOOM,21039,09/15/2024, 21:14:04,1066
APRL00001,Super Mario BOOM,21039,09/15/2024, 22:14:15,1066
APRL00001,Super Mario BOOM,21041,09/15/2024, 23:14:10,1066
APRL00001,Super Mario BOOM,21042,09/16/2024, 01:06:35,1066
APRL00001,Super Mario BOOM,21043,09/16/2024, 02:51:39,1066
APRL00001,Super Mario BOOM,21043,09/16/2024, 03:22:33,1066
APRL00001,Super Mario BOOM,21043,09/16/2024, 04:17:57,1066
APRL00001,Super Mario BOOM,21043,09/16/2024, 05:16:22,1066
APRL00001,Super Mario BOOM,21043,09/16/2024, 06:20:56,1066
APRL00001,Super Mario BOOM,21043,09/16/2024, 07:14:48,1066
APRL00001,Super Mario BOOM,21043,09/16/2024, 08:19:31,1066
APRL00001,Super Mario BOOM,21043,09/16/2024, 09:18:05,1066
APRL00001,Super Mario BOOM,21043,09/16/2024, 10:16:31,1066
APRL00001,Super Mario BOOM,21043,09/16/2024, 11:13:18,1066
APRL00001,Super Mario BOOM,21043,09/16/2024, 12:28:28,1066
APRL00001,Super Mario BOOM,21043,09/16/2024, 13:23:05,1066
APRL00001,Super Mario BOOM,21043,09/16/2024, 14:14:29,1066
APRL00001,Super Mario BOOM,21043,09/16/2024, 15:15:59,1066
APRL00001,Super Mario BOOM,21043,09/16/2024, 16:17:10,1066
APRL00001,Super Mario BOOM,21043,09/16/2024, 17:13:21,1066
APRL00001,Super Mario BOOM,21043,09/16/2024, 18:18:46,1066
APRL00001,Super Mario BOOM,21043,09/16/2024, 19:11:52,1066
APRL00001,Super Mario BOOM,21043,09/16/2024, 20:15:58,1066
APRL00001,Super Mario BOOM,21043,09/16/2024, 22:12:45,1066
APRL00001,Super Mario BOOM,21043,09/16/2024, 23:13:43,1066
APRL00001,Super Mario BOOM,21043,09/17/2024, 00:52:59,1066
APRL00001,Super Mario BOOM,21043,09/17/2024, 01:51:58,1066
APRL00001,Super Mario BOOM,21043,09/17/2024, 02:21:45,1066
APRL00001,Super Mario BOOM,21043,09/17/2024, 03:16:09,1066
APRL00001,Super Mario BOOM,21043,09/17/2024, 04:16:35,1066
APRL00001,Super Mario BOOM,21043,09/17/2024, 05:15:49,1066
APRL00001,Super Mario BOOM,21043,09/17/2024, 06:18:53,1066
APRL00001,Super Mario BOOM,21043,09/17/2024, 07:13:22,1066
APRL00001,Super Mario BOOM,21043,09/17/2024, 08:18:50,1066
APRL00001,Super Mario BOOM,21044,09/17/2024, 09:15:07,1066
APRL00001,Super Mario BOOM,21044,09/17/2024, 10:15:21,1066
APRL00001,Super Mario BOOM,21044,09/17/2024, 11:12:49,1066
APRL00001,Super Mario BOOM,21044,09/17/2024, 12:26:58,1066
APRL00001,Super Mario BOOM,21044,09/17/2024, 13:21:49,1066
APRL00001,Super Mario BOOM,21044,09/17/2024, 14:13:36,1066
APRL00001,Super Mario BOOM,21044,09/17/2024, 15:15:53,1066
APRL00001,Super Mario BOOM,21044,09/17/2024, 16:18:14,1066
APRL00001,Super Mario BOOM,21044,09/17/2024, 17:13:26,1066
APRL00001,Super Mario BOOM,21044,09/17/2024, 18:19:07,1066
APRL00001,Super Mario BOOM,21044,09/17/2024, 19:11:48,1066
APRL00001,Super Mario BOOM,21044,09/17/2024, 20:15:13,1066
APRL00001,Super Mario BOOM,21044,09/17/2024, 21:13:55,1066
APRL00001,Super Mario BOOM,21044,09/17/2024, 22:13:44,1066
APRL00001,Super Mario BOOM,21044,09/17/2024, 23:16:36,1066
APRL00001,Super Mario BOOM,21045,09/18/2024, 01:02:59,1066
APRL00001,Super Mario BOOM,21046,09/18/2024, 02:41:36,1066
APRL00001,Super Mario BOOM,21046,09/18/2024, 03:16:37,1066
APRL00001,Super Mario BOOM,21046,09/18/2024, 04:18:17,1066
APRL00001,Super Mario BOOM,21046,09/18/2024, 05:14:36,1066
APRL00001,Super Mario BOOM,21047,09/18/2024, 06:20:42,1066
APRL00001,Super Mario BOOM,21048,09/18/2024, 07:14:21,1066
APRL00001,Super Mario BOOM,21048,09/18/2024, 08:17:49,1066
APRL00001,Super Mario BOOM,21048,09/18/2024, 09:16:25,1066
APRL00001,Super Mario BOOM,21048,09/18/2024, 10:15:36,1066
APRL00001,Super Mario BOOM,21048,09/18/2024, 11:12:46,1066
APRL00001,Super Mario BOOM,21048,09/18/2024, 12:27:02,1066
APRL00001,Super Mario BOOM,21048,09/18/2024, 13:21:50,1066
APRL00001,Super Mario BOOM,21048,09/18/2024, 14:14:28,1066
APRL00001,Super Mario BOOM,21048,09/18/2024, 15:15:43,1066
APRL00001,Super Mario BOOM,21048,09/18/2024, 16:17:56,1066
APRL00001,Super Mario BOOM,21048,09/18/2024, 17:13:17,1066
APRL00001,Super Mario BOOM,21048,09/18/2024, 18:18:40,1066
APRL00001,Super Mario BOOM,21048,09/18/2024, 19:13:27,1066
APRL00001,Super Mario BOOM,21048,09/18/2024, 20:15:35,1066
APRL00001,Super Mario BOOM,21048,09/18/2024, 21:13:50,1066
APRL00001,Super Mario BOOM,21048,09/18/2024, 22:14:26,1066
APRL00001,Super Mario BOOM,21048,09/18/2024, 23:14:06,1066
APRL00001,Super Mario BOOM,21048,09/19/2024, 01:03:41,1066
APRL00001,Super Mario BOOM,21048,09/19/2024, 02:43:31,1066
APRL00001,Super Mario BOOM,21048,09/19/2024, 03:17:31,1066
APRL00001,Super Mario BOOM,21048,09/19/2024, 04:17:59,1066
APRL00001,Super Mario BOOM,21048,09/19/2024, 05:14:53,1066
APRL00001,Super Mario BOOM,21048,09/19/2024, 06:20:25,1066
APRL00001,Super Mario BOOM,21048,09/19/2024, 07:14:08,1066
APRL00001,Super Mario BOOM,21048,09/19/2024, 08:19:33,1066
APRL00001,Super Mario BOOM,21048,09/19/2024, 09:15:23,1066
APRL00001,Super Mario BOOM,21048,09/19/2024, 10:15:22,1066
APRL00001,Super Mario BOOM,21048,09/19/2024, 11:12:42,1066
APRL00001,Super Mario BOOM,21048,09/19/2024, 12:27:21,1066
APRL00001,Super Mario BOOM,21049,09/19/2024, 13:22:01,1066
APRL00001,Super Mario BOOM,21049,09/19/2024, 14:14:00,1066
APRL00001,Super Mario BOOM,21049,09/19/2024, 15:15:30,1066
APRL00001,Super Mario BOOM,21049,09/19/2024, 16:17:49,1066
APRL00001,Super Mario BOOM,21049,09/19/2024, 17:13:31,1066
APRL00001,Super Mario BOOM,21049,09/19/2024, 18:19:04,1066
APRL00001,Super Mario BOOM,21049,09/19/2024, 19:11:44,1066
APRL00001,Super Mario BOOM,21049,09/19/2024, 20:15:25,1066
APRL00001,Super Mario BOOM,21049,09/19/2024, 21:13:43,1066
APRL00001,Super Mario BOOM,21049,09/19/2024, 22:13:57,1066
APRL00001,Super Mario BOOM,21049,09/19/2024, 23:14:42,1066
APRL00001,Super Mario BOOM,21049,09/20/2024, 01:04:04,1066
APRL00001,Super Mario BOOM,21049,09/20/2024, 02:43:53,1066
APRL00001,Super Mario BOOM,21049,09/20/2024, 03:17:36,1066
APRL00001,Super Mario BOOM,21049,09/20/2024, 04:17:30,1066
APRL00001,Super Mario BOOM,21049,09/20/2024, 05:14:53,1066
APRL00001,Super Mario BOOM,21049,09/20/2024, 06:20:04,1066
APRL00001,Super Mario BOOM,21049,09/20/2024, 07:14:55,1066
APRL00001,Super Mario BOOM,21049,09/20/2024, 08:19:06,1066
APRL00001,Super Mario BOOM,21049,09/20/2024, 09:18:51,1066
APRL00001,Super Mario BOOM,21049,09/20/2024, 10:15:31,1066
APRL00001,Super Mario BOOM,21049,09/20/2024, 11:12:57,1066
APRL00001,Super Mario BOOM,21049,09/20/2024, 12:27:21,1066
APRL00001,Super Mario BOOM,21049,09/20/2024, 13:21:21,1066
APRL00001,Super Mario BOOM,21049,09/20/2024, 14:14:29,1066
APRL00001,Super Mario BOOM,21049,09/20/2024, 15:15:13,1066
APRL00001,Super Mario BOOM,21049,09/20/2024, 16:17:33,1066
APRL00001,Super Mario BOOM,21049,09/20/2024, 17:13:13,1066
APRL00001,Super Mario BOOM,21049,09/20/2024, 18:19:03,1066
APRL00001,Super Mario BOOM,21049,09/20/2024, 19:11:59,1066
APRL00001,Super Mario BOOM,21049,09/20/2024, 20:16:28,1066
APRL00001,Super Mario BOOM,21049,09/20/2024, 21:13:59,1066
APRL00001,Super Mario BOOM,21049,09/20/2024, 22:15:26,1066
APRL00001,Super Mario BOOM,21049,09/20/2024, 23:14:00,1066
APRL00001,Super Mario BOOM,21049,09/21/2024, 01:02:44,1066
APRL00001,Super Mario BOOM,21049,09/21/2024, 02:41:10,1066
APRL00001,Super Mario BOOM,21049,09/21/2024, 03:16:07,1066
APRL00001,Super Mario BOOM,21049,09/21/2024, 04:17:08,1066
APRL00001,Super Mario BOOM,21049,09/21/2024, 05:13:31,1066
APRL00001,Super Mario BOOM,21049,09/21/2024, 06:18:48,1066
APRL00001,Super Mario BOOM,21049,09/21/2024, 07:13:13,1066
APRL00001,Super Mario BOOM,21049,09/21/2024, 08:16:56,1066
APRL00001,Super Mario BOOM,21050,09/21/2024, 09:13:58,1066
APRL00001,Super Mario BOOM,21050,09/21/2024, 10:13:52,1066
APRL00001,Super Mario BOOM,21050,09/21/2024, 11:11:42,1066
APRL00001,Super Mario BOOM,21050,09/21/2024, 12:24:29,1066
APRL00001,Super Mario BOOM,21050,09/21/2024, 13:17:58,1066
APRL00001,Super Mario BOOM,21050,09/21/2024, 14:12:14,1066
APRL00001,Super Mario BOOM,21050,09/21/2024, 15:15:35,1066
APRL00001,Super Mario BOOM,21050,09/21/2024, 16:17:39,1066
APRL00001,Super Mario BOOM,21050,09/21/2024, 17:14:33,1066
APRL00001,Super Mario BOOM,21050,09/21/2024, 18:17:59,1066
APRL00001,Super Mario BOOM,21050,09/21/2024, 19:10:52,1066
APRL00001,Super Mario BOOM,21050,09/21/2024, 20:14:36,1066
APRL00001,Super Mario BOOM,21050,09/21/2024, 21:12:32,1066
APRL00001,Super Mario BOOM,21050,09/21/2024, 22:13:10,1066
APRL00001,Super Mario BOOM,21050,09/21/2024, 23:13:22,1066
APRL00001,Super Mario BOOM,21050,09/22/2024, 01:10:09,1066
APRL00001,Super Mario BOOM,21050,09/22/2024, 02:50:53,1066
APRL00001,Super Mario BOOM,21051,09/22/2024, 03:21:13,1066
APRL00001,Super Mario BOOM,21051,09/22/2024, 04:19:25,1066
APRL00001,Super Mario BOOM,21052,09/22/2024, 05:14:35,1066
APRL00001,Super Mario BOOM,21052,09/22/2024, 06:18:45,1066
APRL00001,Super Mario BOOM,21052,09/22/2024, 07:12:58,1066
APRL00001,Super Mario BOOM,21052,09/22/2024, 08:16:58,1066
APRL00001,Super Mario BOOM,21052,09/22/2024, 09:13:56,1066
APRL00001,Super Mario BOOM,21052,09/22/2024, 10:14:25,1066
APRL00001,Super Mario BOOM,21052,09/22/2024, 11:11:46,1066
APRL00001,Super Mario BOOM,21052,09/22/2024, 12:24:53,1066
APRL00001,Super Mario BOOM,21052,09/22/2024, 13:17:49,1066
APRL00001,Super Mario BOOM,21052,09/22/2024, 14:12:53,1066
APRL00001,Super Mario BOOM,21052,09/22/2024, 15:13:32,1066
APRL00001,Super Mario BOOM,21052,09/22/2024, 16:16:20,1066
APRL00001,Super Mario BOOM,21052,09/22/2024, 17:13:15,1066
APRL00001,Super Mario BOOM,21052,09/22/2024, 18:17:49,1066
APRL00001,Super Mario BOOM,21052,09/22/2024, 19:11:09,1066
APRL00001,Super Mario BOOM,21052,09/22/2024, 20:14:58,1066
APRL00001,Super Mario BOOM,21052,09/22/2024, 21:12:56,1066
APRL00001,Super Mario BOOM,21052,09/22/2024, 22:13:52,1066
APRL00001,Super Mario BOOM,21052,09/22/2024, 23:14:51,1066
APRL00001,Super Mario BOOM,21052,09/23/2024, 01:05:38,1066
APRL00001,Super Mario BOOM,21052,09/23/2024, 02:47:21,1066
APRL00001,Super Mario BOOM,21052,09/23/2024, 03:20:12,1066
APRL00001,Super Mario BOOM,21052,09/23/2024, 04:17:58,1066
APRL00001,Super Mario BOOM,21052,09/23/2024, 05:14:56,1066
APRL00001,Super Mario BOOM,21052,09/23/2024, 06:21:02,1066
APRL00001,Super Mario BOOM,21052,09/23/2024, 07:14:42,1066
APRL00001,Super Mario BOOM,21052,09/23/2024, 08:19:15,1066
APRL00001,Super Mario BOOM,21052,09/23/2024, 09:17:59,1066
APRL00001,Super Mario BOOM,21052,09/23/2024, 10:17:18,1066
APRL00001,Super Mario BOOM,21052,09/23/2024, 11:12:45,1066
APRL00001,Super Mario BOOM,21052,09/23/2024, 12:28:25,1066
APRL00001,Super Mario BOOM,21052,09/23/2024, 13:23:13,1066
APRL00001,Super Mario BOOM,21052,09/23/2024, 14:14:20,1066
APRL00001,Super Mario BOOM,21052,09/23/2024, 15:15:57,1066
APRL00001,Super Mario BOOM,21053,09/23/2024, 16:17:41,1066
APRL00001,Super Mario BOOM,21053,09/23/2024, 17:13:12,1066
APRL00001,Super Mario BOOM,21053,09/23/2024, 18:19:32,1066
APRL00001,Super Mario BOOM,21053,09/23/2024, 19:12:27,1066
APRL00001,Super Mario BOOM,21054,09/23/2024, 20:16:59,1066
APRL00001,Super Mario BOOM,21054,09/23/2024, 21:14:01,1066
APRL00001,Super Mario BOOM,21054,09/23/2024, 22:14:55,1066
APRL00001,Super Mario BOOM,21054,09/23/2024, 23:14:29,1066
APRL00001,Super Mario BOOM,21054,09/24/2024, 01:05:50,1066
APRL00001,Super Mario BOOM,21054,09/24/2024, 02:47:26,1066
APRL00001,Super Mario BOOM,21054,09/24/2024, 03:20:19,1066
APRL00001,Super Mario BOOM,21054,09/24/2024, 04:18:14,1066
APRL00001,Super Mario BOOM,21054,09/24/2024, 05:14:44,1066
APRL00001,Super Mario BOOM,21054,09/24/2024, 06:21:24,1066
APRL00001,Super Mario BOOM,21054,09/24/2024, 07:14:46,1066
APRL00001,Super Mario BOOM,21054,09/24/2024, 08:20:17,1066
APRL00001,Super Mario BOOM,21054,09/24/2024, 09:16:11,1066
APRL00001,Super Mario BOOM,21054,09/24/2024, 10:15:48,1066
APRL00001,Super Mario BOOM,21054,09/24/2024, 11:12:45,1066
APRL00001,Super Mario BOOM,21055,09/24/2024, 12:28:51,1066
APRL00001,Super Mario BOOM,21055,09/24/2024, 13:22:59,1066
APRL00001,Super Mario BOOM,21055,09/24/2024, 14:13:07,1066
APRL00001,Super Mario BOOM,21055,09/24/2024, 15:15:28,1066
APRL00001,Super Mario BOOM,21055,09/24/2024, 16:18:17,1066
APRL00001,Super Mario BOOM,21055,09/24/2024, 17:14:08,1066
APRL00001,Super Mario BOOM,21055,09/24/2024, 18:19:46,1066
APRL00001,Super Mario BOOM,21055,09/24/2024, 19:12:21,1066
APRL00001,Super Mario BOOM,21055,09/24/2024, 20:16:41,1066
APRL00001,Super Mario BOOM,21055,09/24/2024, 21:13:51,1066
APRL00001,Super Mario BOOM,21055,09/24/2024, 22:14:06,1066
APRL00001,Super Mario BOOM,21055,09/24/2024, 23:14:07,1066
APRL00001,Super Mario BOOM,21055,09/25/2024, 01:06:54,1066
APRL00001,Super Mario BOOM,21055,09/25/2024, 02:49:01,1066
APRL00001,Super Mario BOOM,21055,09/25/2024, 03:22:26,1066
APRL00001,Super Mario BOOM,21055,09/25/2024, 04:18:23,1066
APRL00001,Super Mario BOOM,21055,09/25/2024, 05:15:03,1066
APRL00001,Super Mario BOOM,21055,09/25/2024, 06:20:53,1066
APRL00001,Super Mario BOOM,21055,09/25/2024, 07:14:59,1066
APRL00001,Super Mario BOOM,21055,09/25/2024, 08:20:34,1066
APRL00001,Super Mario BOOM,21055,09/25/2024, 09:16:40,1066
APRL00001,Super Mario BOOM,21055,09/25/2024, 10:17:12,1066
APRL00001,Super Mario BOOM,21055,09/25/2024, 11:13:39,1066
APRL00001,Super Mario BOOM,21055,09/25/2024, 12:28:44,1066
APRL00001,Super Mario BOOM,21055,09/25/2024, 13:24:10,1066
APRL00001,Super Mario BOOM,21055,09/25/2024, 14:15:03,1066
APRL00001,Super Mario BOOM,21055,09/25/2024, 15:15:41,1066
APRL00001,Super Mario BOOM,21055,09/25/2024, 16:19:37,1066
APRL00001,Super Mario BOOM,21055,09/25/2024, 17:13:40,1066
APRL00001,Super Mario BOOM,21055,09/25/2024, 18:19:32,1066
APRL00001,Super Mario BOOM,21055,09/25/2024, 20:16:13,1066
APRL00001,Super Mario BOOM,21055,09/25/2024, 21:14:19,1066
APRL00001,Super Mario BOOM,21055,09/25/2024, 22:14:00,1066
APRL00001,Super Mario BOOM,21055,09/25/2024, 23:14:09,1066
APRL00001,Super Mario BOOM,21055,09/26/2024, 01:05:19,1066
APRL00001,Super Mario BOOM,21055,09/26/2024, 02:45:41,1066
APRL00001,Super Mario BOOM,21055,09/26/2024, 03:20:30,1066
APRL00001,Super Mario BOOM,21055,09/26/2024, 04:18:12,1066
APRL00001,Super Mario BOOM,21055,09/26/2024, 05:15:13,1066
APRL00001,Super Mario BOOM,21055,09/26/2024, 06:20:35,1066
APRL00001,Super Mario BOOM,21055,09/26/2024, 07:14:47,1066
APRL00001,Super Mario BOOM,21055,09/26/2024, 08:19:34,1066
APRL00001,Super Mario BOOM,21055,09/26/2024, 09:15:52,1066
APRL00001,Super Mario BOOM,21055,09/26/2024, 10:16:30,1066
APRL00001,Super Mario BOOM,21055,09/26/2024, 11:12:52,1066
APRL00001,Super Mario BOOM,21055,09/26/2024, 12:29:11,1066
APRL00001,Super Mario BOOM,21056,09/26/2024, 13:23:23,1066
APRL00001,Super Mario BOOM,21056,09/26/2024, 14:14:31,1066
APRL00001,Super Mario BOOM,21056,09/26/2024, 15:15:20,1066
APRL00001,Super Mario BOOM,21056,09/26/2024, 16:18:22,1066
APRL00001,Super Mario BOOM,21056,09/26/2024, 17:15:08,1066
APRL00001,Super Mario BOOM,21056,09/26/2024, 18:18:31,1066
APRL00001,Super Mario BOOM,21056,09/26/2024, 19:12:00,1066
APRL00001,Super Mario BOOM,21056,09/26/2024, 20:15:51,1066
APRL00001,Super Mario BOOM,21056,09/26/2024, 21:13:34,1066
APRL00001,Super Mario BOOM,21057,09/26/2024, 22:14:04,1066
APRL00001,Super Mario BOOM,21058,09/26/2024, 23:15:09,1066
APRL00001,Super Mario BOOM,21058,09/27/2024, 01:05:44,1066
APRL00001,Super Mario BOOM,21058,09/27/2024, 03:20:35,1066
APRL00001,Super Mario BOOM,21058,09/27/2024, 04:18:13,1066
APRL00001,Super Mario BOOM,21058,09/27/2024, 05:14:57,1066
APRL00001,Super Mario BOOM,21058,09/27/2024, 06:21:37,1066
APRL00001,Super Mario BOOM,21058,09/27/2024, 07:14:53,1066
APRL00001,Super Mario BOOM,21058,09/27/2024, 08:19:07,1066
APRL00001,Super Mario BOOM,21058,09/27/2024, 09:16:41,1066
APRL00001,Super Mario BOOM,21058,09/27/2024, 10:16:07,1066
APRL00001,Super Mario BOOM,21058,09/27/2024, 11:13:43,1066
APRL00001,Super Mario BOOM,21058,09/27/2024, 12:28:20,1066
APRL00001,Super Mario BOOM,21058,09/27/2024, 13:23:13,1066
APRL00001,Super Mario BOOM,21058,09/27/2024, 14:14:25,1066
APRL00001,Super Mario BOOM,21058,09/27/2024, 15:15:22,1066
APRL00001,Super Mario BOOM,21058,09/27/2024, 16:17:54,1066
APRL00001,Super Mario BOOM,21058,09/27/2024, 17:13:52,1066
APRL00001,Super Mario BOOM,21058,09/27/2024, 18:19:38,1066
APRL00001,Super Mario BOOM,21058,09/27/2024, 19:13:07,1066
APRL00001,Super Mario BOOM,21059,09/27/2024, 20:16:12,1066
APRL00001,Super Mario BOOM,21059,09/27/2024, 21:13:32,1066
APRL00001,Super Mario BOOM,21059,09/27/2024, 22:14:15,1066
APRL00001,Super Mario BOOM,21059,09/27/2024, 23:14:23,1066
APRL00001,Super Mario BOOM,21059,09/28/2024, 01:05:18,1066
APRL00001,Super Mario BOOM,21059,09/28/2024, 02:44:46,1066
APRL00001,Super Mario BOOM,21059,09/28/2024, 03:19:01,1066
APRL00001,Super Mario BOOM,21059,09/28/2024, 04:17:30,1066
APRL00001,Super Mario BOOM,21059,09/28/2024, 05:13:46,1066
APRL00001,Super Mario BOOM,21059,09/28/2024, 06:18:54,1066
APRL00001,Super Mario BOOM,21059,09/28/2024, 07:13:04,1066
APRL00001,Super Mario BOOM,21059,09/28/2024, 08:17:49,1066
APRL00001,Super Mario BOOM,21059,09/28/2024, 09:14:14,1066
APRL00001,Super Mario BOOM,21059,09/28/2024, 10:14:16,1066
APRL00001,Super Mario BOOM,21059,09/28/2024, 11:13:01,1066
APRL00001,Super Mario BOOM,21059,09/28/2024, 12:25:16,1066
APRL00001,Super Mario BOOM,21059,09/28/2024, 13:18:30,1066
APRL00001,Super Mario BOOM,21059,09/28/2024, 14:12:16,1066
APRL00001,Super Mario BOOM,21059,09/28/2024, 15:15:54,1066
APRL00001,Super Mario BOOM,21059,09/28/2024, 16:16:50,1066
APRL00001,Super Mario BOOM,21059,09/28/2024, 17:12:07,1066
APRL00001,Super Mario BOOM,21059,09/28/2024, 18:17:58,1066
APRL00001,Super Mario BOOM,21059,09/28/2024, 19:12:24,1066
APRL00001,Super Mario BOOM,21059,09/28/2024, 20:15:27,1066
APRL00001,Super Mario BOOM,21059,09/28/2024, 21:13:44,1066
APRL00001,Super Mario BOOM,21059,09/28/2024, 22:13:36,1066
APRL00001,Super Mario BOOM,21059,09/28/2024, 23:13:53,1066
APRL00001,Super Mario BOOM,21059,09/29/2024, 01:11:09,1066
APRL00001,Super Mario BOOM,21059,09/29/2024, 02:53:12,1066
APRL00001,Super Mario BOOM,21059,09/29/2024, 03:23:59,1066
APRL00001,Super Mario BOOM,21059,09/29/2024, 04:17:36,1066
APRL00001,Super Mario BOOM,21059,09/29/2024, 05:14:01,1066
APRL00001,Super Mario BOOM,21059,09/29/2024, 06:19:10,1066
APRL00001,Super Mario BOOM,21059,09/29/2024, 07:13:03,1066
APRL00001,Super Mario BOOM,21059,09/29/2024, 08:18:10,1066
APRL00001,Super Mario BOOM,21059,09/29/2024, 09:15:33,1066
APRL00001,Super Mario BOOM,21059,09/29/2024, 10:14:12,1066
APRL00001,Super Mario BOOM,21059,09/29/2024, 11:12:36,1066
APRL00001,Super Mario BOOM,21059,09/29/2024, 12:26:03,1066
APRL00001,Super Mario BOOM,21059,09/29/2024, 13:18:47,1066
APRL00001,Super Mario BOOM,21059,09/29/2024, 14:13:08,1066
APRL00001,Super Mario BOOM,21059,09/29/2024, 15:14:57,1066
APRL00001,Super Mario BOOM,21059,09/29/2024, 16:17:14,1066
APRL00001,Super Mario BOOM,21059,09/29/2024, 17:12:11,1066
APRL00001,Super Mario BOOM,21059,09/29/2024, 18:18:06,1066
APRL00001,Super Mario BOOM,21059,09/29/2024, 19:11:23,1066
APRL00001,Super Mario BOOM,21059,09/29/2024, 20:14:56,1066
APRL00001,Super Mario BOOM,21059,09/29/2024, 21:13:17,1066
APRL00001,Super Mario BOOM,21059,09/29/2024, 22:13:09,1066
APRL00001,Super Mario BOOM,21059,09/29/2024, 23:13:56,1066
APRL00001,Super Mario BOOM,21059,09/30/2024, 01:07:54,1066
APRL00001,Super Mario BOOM,21059,09/30/2024, 02:53:59,1066
APRL00001,Super Mario BOOM,21059,09/30/2024, 03:25:24,1066
APRL00001,Super Mario BOOM,21059,09/30/2024, 04:18:35,1066
APRL00001,Super Mario BOOM,21059,09/30/2024, 05:15:22,1066
APRL00001,Super Mario BOOM,21059,09/30/2024, 06:21:39,1066
APRL00001,Super Mario BOOM,21059,09/30/2024, 07:15:35,1066
APRL00001,Super Mario BOOM,21059,09/30/2024, 08:21:00,1066
APRL00001,Super Mario BOOM,21059,09/30/2024, 09:17:43,1066
APRL00001,Super Mario BOOM,21059,09/30/2024, 10:17:06,1066
APRL00001,Super Mario BOOM,21059,09/30/2024, 11:13:04,1066
APRL00001,Super Mario BOOM,21059,09/30/2024, 12:29:57,1066
APRL00001,Super Mario BOOM,21059,09/30/2024, 13:24:01,1066
APRL00001,Super Mario BOOM,21059,09/30/2024, 14:14:41,1066
APRL00001,Super Mario BOOM,21059,09/30/2024, 15:16:09,1066
APRL00001,Super Mario BOOM,21059,09/30/2024, 16:18:44,1066
APRL00001,Super Mario BOOM,21059,09/30/2024, 17:14:00,1066
APRL00001,Super Mario BOOM,21059,09/30/2024, 18:19:44,1066
APRL00001,Super Mario BOOM,21059,09/30/2024, 19:10:48,1066
APRL00001,Super Mario BOOM,21059,09/30/2024, 20:16:28,1066
APRL00001,Super Mario BOOM,21059,09/30/2024, 21:14:33,1066
APRL00001,Super Mario BOOM,21059,09/30/2024, 22:14:21,1066
APRL00001,Super Mario BOOM,21059,09/30/2024, 23:14:48,1066
APRL00001,Super Mario BOOM,21059,10/01/2024, 01:11:55,1066
APRL00001,Super Mario BOOM,21060,10/01/2024, 02:57:04,1066
APRL00001,Super Mario BOOM,21060,10/01/2024, 03:29:13,1066
APRL00001,Super Mario BOOM,21061,10/01/2024, 04:18:23,1066
APRL00001,Super Mario BOOM,21061,10/01/2024, 05:15:07,1066
APRL00001,Super Mario BOOM,21061,10/01/2024, 06:21:15,1066
APRL00001,Super Mario BOOM,21061,10/01/2024, 07:15:29,1066
APRL00001,Super Mario BOOM,21061,10/01/2024, 08:19:56,1066
APRL00001,Super Mario BOOM,21061,10/01/2024, 09:16:32,1066
APRL00001,Super Mario BOOM,21061,10/01/2024, 10:17:20,1066
APRL00001,Super Mario BOOM,21061,10/01/2024, 11:14:13,1066
APRL00001,Super Mario BOOM,21061,10/01/2024, 12:29:04,1066
APRL00001,Super Mario BOOM,21061,10/01/2024, 13:23:58,1066
APRL00001,Super Mario BOOM,21061,10/01/2024, 14:14:37,1066
APRL00001,Super Mario BOOM,21061,10/01/2024, 15:15:43,1066
APRL00001,Super Mario BOOM,21061,10/01/2024, 16:19:03,1066
APRL00001,Super Mario BOOM,21061,10/01/2024, 17:13:42,1066
APRL00001,Super Mario BOOM,21061,10/01/2024, 18:19:56,1066
APRL00001,Super Mario BOOM,21061,10/01/2024, 19:12:49,1066
APRL00001,Super Mario BOOM,21061,10/01/2024, 20:16:16,1066
APRL00001,Super Mario BOOM,21061,10/01/2024, 21:14:57,1066
APRL00001,Super Mario BOOM,21061,10/01/2024, 22:14:04,1066
APRL00001,Super Mario BOOM,21061,10/01/2024, 23:14:20,1066
APRL00001,Super Mario BOOM,21061,10/02/2024, 01:05:41,1066
APRL00001,Super Mario BOOM,21061,10/02/2024, 02:46:18,1066
APRL00001,Super Mario BOOM,21062,10/02/2024, 03:19:47,1066
APRL00001,Super Mario BOOM,21062,10/02/2024, 04:18:17,1066
APRL00001,Super Mario BOOM,21062,10/02/2024, 05:14:58,1066
APRL00001,Super Mario BOOM,21062,10/02/2024, 06:20:50,1066
APRL00001,Super Mario BOOM,21062,10/02/2024, 07:14:13,1066
APRL00001,Super Mario BOOM,21062,10/02/2024, 08:19:08,1066
APRL00001,Super Mario BOOM,21062,10/02/2024, 09:15:35,1066
APRL00001,Super Mario BOOM,21062,10/02/2024, 10:15:44,1066
APRL00001,Super Mario BOOM,21062,10/02/2024, 11:13:03,1066
APRL00001,Super Mario BOOM,21062,10/02/2024, 12:28:44,1066
APRL00001,Super Mario BOOM,21062,10/02/2024, 13:22:45,1066
APRL00001,Super Mario BOOM,21062,10/02/2024, 14:13:55,1066
APRL00001,Super Mario BOOM,21062,10/02/2024, 15:16:00,1066
APRL00001,Super Mario BOOM,21062,10/02/2024, 16:18:42,1066
APRL00001,Super Mario BOOM,21062,10/02/2024, 17:13:17,1066
APRL00001,Super Mario BOOM,21062,10/02/2024, 18:20:10,1066
APRL00001,Super Mario BOOM,21062,10/02/2024, 19:12:44,1066
APRL00001,Super Mario BOOM,21062,10/02/2024, 20:16:46,1066
APRL00001,Super Mario BOOM,21062,10/02/2024, 21:16:07,1066
APRL00001,Super Mario BOOM,21062,10/02/2024, 22:15:26,1066
APRL00001,Super Mario BOOM,21062,10/02/2024, 23:14:52,1066
APRL00001,Super Mario BOOM,21062,10/03/2024, 01:05:48,1066
APRL00001,Super Mario BOOM,21063,10/03/2024, 02:47:15,1066
APRL00001,Super Mario BOOM,21063,10/03/2024, 03:20:45,1066
APRL00001,Super Mario BOOM,21063,10/03/2024, 04:18:37,1066
APRL00001,Super Mario BOOM,21064,10/03/2024, 05:15:18,1066
APRL00001,Super Mario BOOM,21064,10/03/2024, 06:20:50,1066
APRL00001,Super Mario BOOM,21064,10/03/2024, 07:15:26,1066
APRL00001,Super Mario BOOM,21064,10/03/2024, 08:19:16,1066
APRL00001,Super Mario BOOM,21064,10/03/2024, 09:16:00,1066
APRL00001,Super Mario BOOM,21064,10/03/2024, 10:16:00,1066
APRL00001,Super Mario BOOM,21064,10/03/2024, 11:12:41,1066
APRL00001,Super Mario BOOM,21064,10/03/2024, 12:28:27,1066
APRL00001,Super Mario BOOM,21064,10/03/2024, 13:23:04,1066
APRL00001,Super Mario BOOM,21064,10/03/2024, 14:14:48,1066
APRL00001,Super Mario BOOM,21064,10/03/2024, 15:15:50,1066
APRL00001,Super Mario BOOM,21064,10/03/2024, 16:18:22,1066
APRL00001,Super Mario BOOM,21065,10/03/2024, 17:13:41,1066
APRL00001,Super Mario BOOM,21066,10/03/2024, 18:20:02,1066
APRL00001,Super Mario BOOM,21066,10/03/2024, 19:12:09,1066
APRL00001,Super Mario BOOM,21066,10/03/2024, 20:16:01,1066
APRL00001,Super Mario BOOM,21066,10/03/2024, 21:13:55,1066
APRL00001,Super Mario BOOM,21066,10/03/2024, 22:14:43,1066
APRL00001,Super Mario BOOM,21066,10/03/2024, 23:14:51,1066
APRL00001,Super Mario BOOM,21066,10/04/2024, 01:05:45,1066
APRL00001,Super Mario BOOM,21066,10/04/2024, 02:47:52,1066
APRL00001,Super Mario BOOM,21066,10/04/2024, 03:20:17,1066
APRL00001,Super Mario BOOM,21066,10/04/2024, 04:18:08,1066
APRL00001,Super Mario BOOM,21066,10/04/2024, 05:14:50,1066
APRL00001,Super Mario BOOM,21066,10/04/2024, 06:20:50,1066
APRL00001,Super Mario BOOM,21066,10/04/2024, 07:14:28,1066
APRL00001,Super Mario BOOM,21066,10/04/2024, 08:19:04,1066
APRL00001,Super Mario BOOM,21066,10/04/2024, 09:14:45,1066
APRL00001,Super Mario BOOM,21066,10/04/2024, 10:16:53,1066
APRL00001,Super Mario BOOM,21066,10/04/2024, 11:13:01,1066
APRL00001,Super Mario BOOM,21066,10/04/2024, 12:27:43,1066
APRL00001,Super Mario BOOM,21066,10/04/2024, 13:22:25,1066
APRL00001,Super Mario BOOM,21066,10/04/2024, 14:14:48,1066
APRL00001,Super Mario BOOM,21066,10/04/2024, 15:15:32,1066
APRL00001,Super Mario BOOM,21066,10/04/2024, 16:18:51,1066
APRL00001,Super Mario BOOM,21066,10/04/2024, 17:13:33,1066
APRL00001,Super Mario BOOM,21066,10/04/2024, 18:19:34,1066
APRL00001,Super Mario BOOM,21066,10/04/2024, 19:12:37,1066
APRL00001,Super Mario BOOM,21066,10/04/2024, 20:16:04,1066
APRL00001,Super Mario BOOM,21066,10/04/2024, 21:13:46,1066
APRL00001,Super Mario BOOM,21066,10/04/2024, 22:14:13,1066
APRL00001,Super Mario BOOM,21066,10/04/2024, 23:14:33,1066
APRL00001,Super Mario BOOM,21066,10/05/2024, 01:04:53,1066
APRL00001,Super Mario BOOM,21066,10/05/2024, 02:44:31,1066
APRL00001,Super Mario BOOM,21066,10/05/2024, 03:18:40,1066
APRL00001,Super Mario BOOM,21066,10/05/2024, 04:18:02,1066
APRL00001,Super Mario BOOM,21066,10/05/2024, 05:13:53,1066
APRL00001,Super Mario BOOM,21066,10/05/2024, 06:19:29,1066
APRL00001,Super Mario BOOM,21066,10/05/2024, 07:14:15,1066
APRL00001,Super Mario BOOM,21066,10/05/2024, 08:18:22,1066
APRL00001,Super Mario BOOM,21066,10/05/2024, 09:17:08,1066
APRL00001,Super Mario BOOM,21066,10/05/2024, 10:14:04,1066
APRL00001,Super Mario BOOM,21066,10/05/2024, 11:12:44,1066
APRL00001,Super Mario BOOM,21066,10/05/2024, 12:25:58,1066
APRL00001,Super Mario BOOM,21066,10/05/2024, 13:18:44,1066
APRL00001,Super Mario BOOM,21066,10/05/2024, 14:12:23,1066
APRL00001,Super Mario BOOM,21066,10/05/2024, 15:14:28,1066
APRL00001,Super Mario BOOM,21066,10/05/2024, 16:17:03,1066
APRL00001,Super Mario BOOM,21066,10/05/2024, 17:13:26,1066
APRL00001,Super Mario BOOM,21066,10/05/2024, 18:17:48,1066
APRL00001,Super Mario BOOM,21066,10/05/2024, 19:12:18,1066
APRL00001,Super Mario BOOM,21066,10/05/2024, 20:14:31,1066
APRL00001,Super Mario BOOM,21066,10/05/2024, 21:13:48,1066
APRL00001,Super Mario BOOM,21066,10/05/2024, 22:14:07,1066
APRL00001,Super Mario BOOM,21066,10/05/2024, 23:13:48,1066
APRL00001,Super Mario BOOM,21066,10/06/2024, 01:10:47,1066
APRL00001,Super Mario BOOM,21066,10/06/2024, 02:57:33,1066
APRL00001,Super Mario BOOM,21066,10/06/2024, 03:23:03,1066
APRL00001,Super Mario BOOM,21066,10/06/2024, 04:18:12,1066
APRL00001,Super Mario BOOM,21066,10/06/2024, 05:14:14,1066
APRL00001,Super Mario BOOM,21066,10/06/2024, 06:19:27,1066
APRL00001,Super Mario BOOM,21066,10/06/2024, 07:14:25,1066
APRL00001,Super Mario BOOM,21066,10/06/2024, 08:17:37,1066
APRL00001,Super Mario BOOM,21066,10/06/2024, 09:14:57,1066
APRL00001,Super Mario BOOM,21066,10/06/2024, 10:14:48,1066
APRL00001,Super Mario BOOM,21066,10/06/2024, 11:12:33,1066
APRL00001,Super Mario BOOM,21066,10/06/2024, 12:25:44,1066
APRL00001,Super Mario BOOM,21066,10/06/2024, 13:18:56,1066
APRL00001,Super Mario BOOM,21066,10/06/2024, 14:12:21,1066
APRL00001,Super Mario BOOM,21066,10/06/2024, 15:14:59,1066
APRL00001,Super Mario BOOM,21067,10/06/2024, 16:16:34,1066
APRL00001,Super Mario BOOM,21067,10/06/2024, 17:13:45,1066
APRL00001,Super Mario BOOM,21067,10/06/2024, 18:17:52,1066
APRL00001,Super Mario BOOM,21067,10/06/2024, 19:11:58,1066
APRL00001,Super Mario BOOM,21067,10/06/2024, 20:14:46,1066
APRL00001,Super Mario BOOM,21067,10/06/2024, 21:13:07,1066
APRL00001,Super Mario BOOM,21067,10/06/2024, 22:13:39,1066
APRL00001,Super Mario BOOM,21067,10/06/2024, 23:13:56,1066
APRL00001,Super Mario BOOM,21067,10/07/2024, 01:07:52,1066
APRL00001,Super Mario BOOM,21068,10/07/2024, 02:51:42,1066
APRL00001,Super Mario BOOM,21068,10/07/2024, 03:22:57,1066
APRL00001,Super Mario BOOM,21068,10/07/2024, 04:18:23,1066
APRL00001,Super Mario BOOM,21068,10/07/2024, 05:16:23,1066
APRL00001,Super Mario BOOM,21069,10/07/2024, 06:21:11,1066
APRL00001,Super Mario BOOM,21070,10/07/2024, 07:15:30,1066
APRL00001,Super Mario BOOM,21070,10/07/2024, 08:18:17,1066
APRL00001,Super Mario BOOM,21070,10/07/2024, 09:16:49,1066
APRL00001,Super Mario BOOM,21070,10/07/2024, 10:16:56,1066
APRL00001,Super Mario BOOM,21070,10/07/2024, 11:14:57,1066
APRL00001,Super Mario BOOM,21070,10/07/2024, 12:29:30,1066
APRL00001,Super Mario BOOM,21070,10/07/2024, 13:23:40,1066
APRL00001,Super Mario BOOM,21070,10/07/2024, 14:14:44,1066
APRL00001,Super Mario BOOM,21070,10/07/2024, 15:15:58,1066
APRL00001,Super Mario BOOM,21070,10/07/2024, 16:18:05,1066
APRL00001,Super Mario BOOM,21070,10/07/2024, 17:14:18,1066
APRL00001,Super Mario BOOM,21070,10/07/2024, 18:19:44,1066
APRL00001,Super Mario BOOM,21070,10/07/2024, 19:12:12,1066
APRL00001,Super Mario BOOM,21070,10/07/2024, 20:17:16,1066
APRL00001,Super Mario BOOM,21070,10/07/2024, 21:14:26,1066
APRL00001,Super Mario BOOM,21070,10/07/2024, 22:14:17,1066
APRL00001,Super Mario BOOM,21070,10/07/2024, 23:14:20,1066
APRL00001,Super Mario BOOM,21070,10/08/2024, 01:05:33,1066
APRL00001,Super Mario BOOM,21070,10/08/2024, 02:51:26,1066
APRL00001,Super Mario BOOM,21070,10/08/2024, 03:22:26,1066
APRL00001,Super Mario BOOM,21070,10/08/2024, 04:18:06,1066
APRL00001,Super Mario BOOM,21070,10/08/2024, 05:15:06,1066
APRL00001,Super Mario BOOM,21070,10/08/2024, 06:20:59,1066
APRL00001,Super Mario BOOM,21070,10/08/2024, 07:15:55,1066
APRL00001,Super Mario BOOM,21070,10/08/2024, 08:19:58,1066
APRL00001,Super Mario BOOM,21071,10/08/2024, 09:15:51,1066
APRL00001,Super Mario BOOM,21071,10/08/2024, 10:15:47,1066
APRL00001,Super Mario BOOM,21071,10/08/2024, 11:14:42,1066
APRL00001,Super Mario BOOM,21073,10/08/2024, 12:27:58,1066
APRL00001,Super Mario BOOM,21073,10/08/2024, 13:22:27,1066
APRL00001,Super Mario BOOM,21073,10/08/2024, 14:15:55,1066
APRL00001,Super Mario BOOM,21073,10/08/2024, 15:15:41,1066
APRL00001,Super Mario BOOM,21073,10/08/2024, 16:18:54,1066
APRL00001,Super Mario BOOM,21073,10/08/2024, 17:14:05,1066
APRL00001,Super Mario BOOM,21073,10/08/2024, 18:20:20,1066
APRL00001,Super Mario BOOM,21073,10/08/2024, 19:11:17,1066
APRL00001,Super Mario BOOM,21073,10/08/2024, 20:13:28,1066
APRL00001,Super Mario BOOM,21073,10/08/2024, 21:14:28,1066
APRL00001,Super Mario BOOM,21073,10/08/2024, 22:14:27,1066
APRL00001,Super Mario BOOM,21073,10/08/2024, 23:15:20,1066
APRL00001,Super Mario BOOM,21073,10/09/2024, 01:05:20,1066
APRL00001,Super Mario BOOM,21074,10/09/2024, 02:46:58,1066
APRL00001,Super Mario BOOM,21074,10/09/2024, 03:20:37,1066
APRL00001,Super Mario BOOM,21074,10/09/2024, 04:17:51,1066
APRL00001,Super Mario BOOM,21074,10/09/2024, 05:16:02,1066
APRL00001,Super Mario BOOM,21074,10/09/2024, 06:21:16,1066
APRL00001,Super Mario BOOM,21074,10/09/2024, 07:15:17,1066
APRL00001,Super Mario BOOM,21074,10/09/2024, 08:19:34,1066
APRL00001,Super Mario BOOM,21074,10/09/2024, 09:16:25,1066
APRL00001,Super Mario BOOM,21074,10/09/2024, 10:16:10,1066
APRL00001,Super Mario BOOM,21074,10/09/2024, 11:14:02,1066
APRL00001,Super Mario BOOM,21074,10/09/2024, 12:27:57,1066
APRL00001,Super Mario BOOM,21074,10/09/2024, 13:23:21,1066
APRL00001,Super Mario BOOM,21074,10/09/2024, 14:14:29,1066
APRL00001,Super Mario BOOM,21074,10/09/2024, 15:14:36,1066
APRL00001,Super Mario BOOM,21074,10/09/2024, 16:17:57,1066
APRL00001,Super Mario BOOM,21074,10/09/2024, 17:14:18,1066
APRL00001,Super Mario BOOM,21075,10/09/2024, 18:18:32,1066
APRL00001,Super Mario BOOM,21075,10/09/2024, 19:12:40,1066
APRL00001,Super Mario BOOM,21075,10/09/2024, 20:16:21,1066
APRL00001,Super Mario BOOM,21075,10/09/2024, 21:14:25,1066
APRL00001,Super Mario BOOM,21075,10/09/2024, 22:13:55,1066
APRL00001,Super Mario BOOM,21075,10/09/2024, 23:16:19,1066
APRL00001,Super Mario BOOM,21075,10/10/2024, 01:05:59,1066
APRL00001,Super Mario BOOM,21075,10/10/2024, 02:47:32,1066
APRL00001,Super Mario BOOM,21075,10/10/2024, 03:20:19,1066
APRL00001,Super Mario BOOM,21075,10/10/2024, 04:17:46,1066
APRL00001,Super Mario BOOM,21075,10/10/2024, 05:15:08,1066
APRL00001,Super Mario BOOM,21075,10/10/2024, 06:20:57,1066
APRL00001,Super Mario BOOM,21075,10/10/2024, 07:14:49,1066
APRL00001,Super Mario BOOM,21075,10/10/2024, 08:19:05,1066
APRL00001,Super Mario BOOM,21075,10/10/2024, 09:16:16,1066
APRL00001,Super Mario BOOM,21075,10/10/2024, 10:16:01,1066
APRL00001,Super Mario BOOM,21075,10/10/2024, 11:13:20,1066
APRL00001,Super Mario BOOM,21075,10/10/2024, 12:27:54,1066
APRL00001,Super Mario BOOM,21075,10/10/2024, 13:23:22,1066
APRL00001,Super Mario BOOM,21075,10/10/2024, 14:14:26,1066
APRL00001,Super Mario BOOM,21075,10/10/2024, 15:15:24,1066
APRL00001,Super Mario BOOM,21075,10/10/2024, 16:17:55,1066
APRL00001,Super Mario BOOM,21075,10/10/2024, 17:14:25,1066
APRL00001,Super Mario BOOM,21075,10/10/2024, 18:19:38,1066
APRL00001,Super Mario BOOM,21075,10/10/2024, 19:12:04,1066
APRL00001,Super Mario BOOM,21075,10/10/2024, 20:16:17,1066
APRL00001,Super Mario BOOM,21075,10/10/2024, 21:14:58,1066
APRL00001,Super Mario BOOM,21075,10/10/2024, 22:14:35,1066
APRL00001,Super Mario BOOM,21075,10/10/2024, 23:14:36,1066
APRL00001,Super Mario BOOM,21075,10/11/2024, 01:05:40,1066
APRL00001,Super Mario BOOM,21075,10/11/2024, 02:46:25,1066
APRL00001,Super Mario BOOM,21075,10/11/2024, 03:19:47,1066
APRL00001,Super Mario BOOM,21075,10/11/2024, 04:18:01,1066
APRL00001,Super Mario BOOM,21075,10/11/2024, 05:14:46,1066
APRL00001,Super Mario BOOM,21075,10/11/2024, 06:20:50,1066
APRL00001,Super Mario BOOM,21075,10/11/2024, 07:14:56,1066
APRL00001,Super Mario BOOM,21075,10/11/2024, 08:19:13,1066
APRL00001,Super Mario BOOM,21075,10/11/2024, 09:16:16,1066
APRL00001,Super Mario BOOM,21075,10/11/2024, 10:15:19,1066
APRL00001,Super Mario BOOM,21075,10/11/2024, 11:13:27,1066
APRL00001,Super Mario BOOM,21075,10/11/2024, 12:27:58,1066
APRL00001,Super Mario BOOM,21075,10/11/2024, 13:20:58,1066
APRL00001,Super Mario BOOM,21076,10/11/2024, 14:14:29,1066
APRL00001,Super Mario BOOM,21076,10/11/2024, 15:15:16,1066
APRL00001,Super Mario BOOM,21076,10/11/2024, 16:18:07,1066
APRL00001,Super Mario BOOM,21076,10/11/2024, 17:13:24,1066
APRL00001,Super Mario BOOM,21076,10/11/2024, 18:19:17,1066
APRL00001,Super Mario BOOM,21076,10/11/2024, 19:12:30,1066
APRL00001,Super Mario BOOM,21076,10/11/2024, 20:15:36,1066
APRL00001,Super Mario BOOM,21076,10/11/2024, 21:15:36,1066
APRL00001,Super Mario BOOM,21076,10/11/2024, 22:13:45,1066
APRL00001,Super Mario BOOM,21076,10/11/2024, 23:14:13,1066
APRL00001,Super Mario BOOM,21076,10/12/2024, 01:04:07,1066
APRL00001,Super Mario BOOM,21076,10/12/2024, 02:43:14,1066
APRL00001,Super Mario BOOM,21077,10/12/2024, 03:18:53,1066
APRL00001,Super Mario BOOM,21077,10/12/2024, 04:17:27,1066
APRL00001,Super Mario BOOM,21077,10/12/2024, 05:14:34,1066
APRL00001,Super Mario BOOM,21077,10/12/2024, 06:18:55,1066
APRL00001,Super Mario BOOM,21077,10/12/2024, 07:13:04,1066
APRL00001,Super Mario BOOM,21077,10/12/2024, 08:17:38,1066
APRL00001,Super Mario BOOM,21077,10/12/2024, 09:15:51,1066
APRL00001,Super Mario BOOM,21077,10/12/2024, 10:14:26,1066
APRL00001,Super Mario BOOM,21077,10/12/2024, 11:12:52,1066
APRL00001,Super Mario BOOM,21077,10/12/2024, 12:25:27,1066
APRL00001,Super Mario BOOM,21077,10/12/2024, 13:18:41,1066
APRL00001,Super Mario BOOM,21077,10/12/2024, 14:12:28,1066
APRL00001,Super Mario BOOM,21077,10/12/2024, 15:14:34,1066
APRL00001,Super Mario BOOM,21077,10/12/2024, 16:17:19,1066
APRL00001,Super Mario BOOM,21077,10/12/2024, 17:12:23,1066
APRL00001,Super Mario BOOM,21077,10/12/2024, 18:17:40,1066
APRL00001,Super Mario BOOM,21077,10/12/2024, 19:11:16,1066
APRL00001,Super Mario BOOM,21077,10/12/2024, 20:15:11,1066
APRL00001,Super Mario BOOM,21077,10/12/2024, 21:15:05,1066
APRL00001,Super Mario BOOM,21078,10/12/2024, 22:13:31,1066
APRL00001,Super Mario BOOM,21078,10/12/2024, 23:14:01,1066
APRL00001,Super Mario BOOM,21079,10/13/2024, 01:10:30,1066
APRL00001,Super Mario BOOM,21079,10/13/2024, 02:52:25,1066
APRL00001,Super Mario BOOM,21079,10/13/2024, 03:22:26,1066
APRL00001,Super Mario BOOM,21079,10/13/2024, 04:17:16,1066
APRL00001,Super Mario BOOM,21079,10/13/2024, 05:15:06,1066
APRL00001,Super Mario BOOM,21079,10/13/2024, 06:19:45,1066
APRL00001,Super Mario BOOM,21079,10/13/2024, 07:13:08,1066
APRL00001,Super Mario BOOM,21079,10/13/2024, 08:17:49,1066
APRL00001,Super Mario BOOM,21079,10/13/2024, 09:14:49,1066
APRL00001,Super Mario BOOM,21079,10/13/2024, 10:14:15,1066
APRL00001,Super Mario BOOM,21079,10/13/2024, 11:11:47,1066
APRL00001,Super Mario BOOM,21079,10/13/2024, 12:25:50,1066
APRL00001,Super Mario BOOM,21079,10/13/2024, 13:19:43,1066
APRL00001,Super Mario BOOM,21079,10/13/2024, 14:12:35,1066
APRL00001,Super Mario BOOM,21079,10/13/2024, 15:14:36,1066
APRL00001,Super Mario BOOM,21079,10/13/2024, 16:16:46,1066
APRL00001,Super Mario BOOM,21079,10/13/2024, 17:12:22,1066
APRL00001,Super Mario BOOM,21079,10/13/2024, 18:18:26,1066
APRL00001,Super Mario BOOM,21079,10/13/2024, 19:13:08,1066
APRL00001,Super Mario BOOM,21079,10/13/2024, 20:15:18,1066
APRL00001,Super Mario BOOM,21080,10/13/2024, 21:14:25,1066
APRL00001,Super Mario BOOM,21080,10/13/2024, 22:13:21,1066
APRL00001,Super Mario BOOM,21080,10/13/2024, 23:14:32,1066
APRL00001,Super Mario BOOM,21080,10/14/2024, 01:07:48,1066
APRL00001,Super Mario BOOM,21081,10/14/2024, 02:51:41,1066
APRL00001,Super Mario BOOM,21081,10/14/2024, 03:23:45,1066
APRL00001,Super Mario BOOM,21081,10/14/2024, 04:18:25,1066
APRL00001,Super Mario BOOM,21081,10/14/2024, 05:15:48,1066
APRL00001,Super Mario BOOM,21082,10/14/2024, 06:21:32,1066
APRL00001,Super Mario BOOM,21082,10/14/2024, 07:16:31,1066
APRL00001,Super Mario BOOM,21082,10/14/2024, 08:20:13,1066
APRL00001,Super Mario BOOM,21082,10/14/2024, 09:16:54,1066
APRL00001,Super Mario BOOM,21082,10/14/2024, 10:16:33,1066
APRL00001,Super Mario BOOM,21082,10/14/2024, 11:13:47,1066
APRL00001,Super Mario BOOM,21082,10/14/2024, 12:29:06,1066
APRL00001,Super Mario BOOM,21082,10/14/2024, 13:24:12,1066
APRL00001,Super Mario BOOM,21082,10/14/2024, 14:14:53,1066
APRL00001,Super Mario BOOM,21082,10/14/2024, 15:15:45,1066
APRL00001,Super Mario BOOM,21082,10/14/2024, 16:17:44,1066
APRL00001,Super Mario BOOM,21082,10/14/2024, 17:13:32,1066
APRL00001,Super Mario BOOM,21082,10/14/2024, 18:19:37,1066
APRL00001,Super Mario BOOM,21082,10/14/2024, 19:12:16,1066
APRL00001,Super Mario BOOM,21083,10/14/2024, 20:16:42,1066
APRL00001,Super Mario BOOM,21084,10/14/2024, 21:13:50,1066
APRL00001,Super Mario BOOM,21084,10/14/2024, 22:15:48,1066
APRL00001,Super Mario BOOM,21084,10/14/2024, 23:14:26,1066
APRL00001,Super Mario BOOM,21085,10/15/2024, 01:06:42,1066
APRL00001,Super Mario BOOM,21085,10/15/2024, 02:49:44,1066
APRL00001,Super Mario BOOM,21085,10/15/2024, 03:21:59,1066
APRL00001,Super Mario BOOM,21085,10/15/2024, 04:18:16,1066
APRL00001,Super Mario BOOM,21085,10/15/2024, 05:15:56,1066
APRL00001,Super Mario BOOM,21085,10/15/2024, 06:20:56,1066
APRL00001,Super Mario BOOM,21085,10/15/2024, 07:15:33,1066
APRL00001,Super Mario BOOM,21085,10/15/2024, 08:19:44,1066
APRL00001,Super Mario BOOM,21086,10/15/2024, 09:16:12,1066
APRL00001,Super Mario BOOM,21086,10/15/2024, 10:17:17,1066
APRL00001,Super Mario BOOM,21086,10/15/2024, 11:13:13,1066
APRL00001,Super Mario BOOM,21086,10/15/2024, 12:28:58,1066
APRL00001,Super Mario BOOM,21086,10/15/2024, 13:23:43,1066
APRL00001,Super Mario BOOM,21086,10/15/2024, 14:14:33,1066
APRL00001,Super Mario BOOM,21086,10/15/2024, 15:16:01,1066
APRL00001,Super Mario BOOM,21086,10/15/2024, 16:18:31,1066
APRL00001,Super Mario BOOM,21087,10/15/2024, 17:14:45,1066
APRL00001,Super Mario BOOM,21087,10/15/2024, 18:19:44,1066
APRL00001,Super Mario BOOM,21087,10/15/2024, 19:13:26,1066
APRL00001,Super Mario BOOM,21087,10/15/2024, 20:16:02,1066
APRL00001,Super Mario BOOM,21087,10/15/2024, 21:14:43,1066
APRL00001,Super Mario BOOM,21087,10/15/2024, 22:14:25,1066
APRL00001,Super Mario BOOM,21087,10/15/2024, 23:16:07,1066
APRL00001,Super Mario BOOM,21087,10/16/2024, 01:06:47,1066
APRL00001,Super Mario BOOM,21087,10/16/2024, 02:50:53,1066
APRL00001,Super Mario BOOM,21087,10/16/2024, 03:22:44,1066
APRL00001,Super Mario BOOM,21087,10/16/2024, 04:18:38,1066
APRL00001,Super Mario BOOM,21087,10/16/2024, 05:15:17,1066
APRL00001,Super Mario BOOM,21087,10/16/2024, 06:21:16,1066
APRL00001,Super Mario BOOM,21087,10/16/2024, 07:15:08,1066
APRL00001,Super Mario BOOM,21087,10/16/2024, 08:19:43,1066
APRL00001,Super Mario BOOM,21088,10/16/2024, 09:16:42,1066
APRL00001,Super Mario BOOM,21088,10/16/2024, 10:15:54,1066
APRL00001,Super Mario BOOM,21088,10/16/2024, 11:13:32,1066
APRL00001,Super Mario BOOM,21088,10/16/2024, 12:28:37,1066
APRL00001,Super Mario BOOM,21088,10/16/2024, 13:23:13,1066
APRL00001,Super Mario BOOM,21088,10/16/2024, 14:14:14,1066
APRL00001,Super Mario BOOM,21088,10/16/2024, 15:16:23,1066
APRL00001,Super Mario BOOM,21088,10/16/2024, 16:16:46,1066
APRL00001,Super Mario BOOM,21088,10/16/2024, 17:14:22,1066
APRL00001,Super Mario BOOM,21088,10/16/2024, 18:19:52,1066
APRL00001,Super Mario BOOM,21088,10/16/2024, 19:12:27,1066
APRL00001,Super Mario BOOM,21088,10/16/2024, 20:16:11,1066
APRL00001,Super Mario BOOM,21088,10/16/2024, 21:14:43,1066
APRL00001,Super Mario BOOM,21088,10/16/2024, 22:14:21,1066
APRL00001,Super Mario BOOM,21088,10/16/2024, 23:15:37,1066
APRL00001,Super Mario BOOM,21088,10/17/2024, 01:05:56,1066
APRL00001,Super Mario BOOM,21088,10/17/2024, 02:48:04,1066
APRL00001,Super Mario BOOM,21088,10/17/2024, 03:20:52,1066
APRL00001,Super Mario BOOM,21088,10/17/2024, 04:18:19,1066
APRL00001,Super Mario BOOM,21088,10/17/2024, 05:15:17,1066
APRL00001,Super Mario BOOM,21088,10/17/2024, 06:20:57,1066
APRL00001,Super Mario BOOM,21088,10/17/2024, 07:15:26,1066
APRL00001,Super Mario BOOM,21088,10/17/2024, 08:19:44,1066
APRL00001,Super Mario BOOM,21088,10/17/2024, 09:16:28,1066
APRL00001,Super Mario BOOM,21088,10/17/2024, 10:15:49,1066
APRL00001,Super Mario BOOM,21088,10/17/2024, 11:13:10,1066
APRL00001,Super Mario BOOM,21088,10/17/2024, 12:28:22,1066
APRL00001,Super Mario BOOM,21088,10/17/2024, 13:23:20,1066
APRL00001,Super Mario BOOM,21088,10/17/2024, 14:14:51,1066
APRL00001,Super Mario BOOM,21088,10/17/2024, 15:14:45,1066
APRL00001,Super Mario BOOM,21088,10/17/2024, 16:19:34,1066
APRL00001,Super Mario BOOM,21088,10/17/2024, 17:13:40,1066
APRL00001,Super Mario BOOM,21088,10/17/2024, 18:18:33,1066
APRL00001,Super Mario BOOM,21088,10/17/2024, 19:13:04,1066
APRL00001,Super Mario BOOM,21088,10/17/2024, 20:16:14,1066
APRL00001,Super Mario BOOM,21088,10/17/2024, 21:14:42,1066
APRL00001,Super Mario BOOM,21089,10/17/2024, 22:14:46,1066
APRL00001,Super Mario BOOM,21089,10/17/2024, 23:15:33,1066
APRL00001,Super Mario BOOM,21089,10/18/2024, 01:06:04,1066
APRL00001,Super Mario BOOM,21089,10/18/2024, 02:49:33,1066
APRL00001,Super Mario BOOM,21090,10/18/2024, 03:23:00,1066
APRL00001,Super Mario BOOM,21090,10/18/2024, 04:18:39,1066
APRL00001,Super Mario BOOM,21090,10/18/2024, 05:15:12,1066
APRL00001,Super Mario BOOM,21090,10/18/2024, 06:21:09,1066
APRL00001,Super Mario BOOM,21090,10/18/2024, 07:14:49,1066
APRL00001,Super Mario BOOM,21090,10/18/2024, 08:19:36,1066
APRL00001,Super Mario BOOM,21090,10/18/2024, 09:16:37,1066
APRL00001,Super Mario BOOM,21090,10/18/2024, 10:16:50,1066
APRL00001,Super Mario BOOM,21090,10/18/2024, 11:13:18,1066
APRL00001,Super Mario BOOM,21090,10/18/2024, 12:27:59,1066
APRL00001,Super Mario BOOM,21090,10/18/2024, 13:22:43,1066
APRL00001,Super Mario BOOM,21090,10/18/2024, 14:14:09,1066
APRL00001,Super Mario BOOM,21090,10/18/2024, 15:15:47,1066
APRL00001,Super Mario BOOM,21090,10/18/2024, 16:18:17,1066
APRL00001,Super Mario BOOM,21090,10/18/2024, 17:14:10,1066
APRL00001,Super Mario BOOM,21090,10/18/2024, 18:19:56,1066
APRL00001,Super Mario BOOM,21090,10/18/2024, 19:13:00,1066
APRL00001,Super Mario BOOM,21091,10/18/2024, 20:15:35,1066
APRL00001,Super Mario BOOM,21091,10/18/2024, 21:14:54,1066
APRL00001,Super Mario BOOM,21091,10/18/2024, 22:13:48,1066
APRL00001,Super Mario BOOM,21091,10/18/2024, 23:14:28,1066
APRL00001,Super Mario BOOM,21094,10/19/2024, 01:05:26,1066
APRL00001,Super Mario BOOM,21094,10/19/2024, 02:44:54,1066
APRL00001,Super Mario BOOM,21094,10/19/2024, 03:19:30,1066
APRL00001,Super Mario BOOM,21094,10/19/2024, 04:17:39,1066
APRL00001,Super Mario BOOM,21094,10/19/2024, 05:14:02,1066
APRL00001,Super Mario BOOM,21094,10/19/2024, 06:18:59,1066
APRL00001,Super Mario BOOM,21094,10/19/2024, 07:15:01,1066
APRL00001,Super Mario BOOM,21094,10/19/2024, 08:17:34,1066
APRL00001,Super Mario BOOM,21094,10/19/2024, 09:14:24,1066
APRL00001,Super Mario BOOM,21094,10/19/2024, 10:14:25,1066
APRL00001,Super Mario BOOM,21094,10/19/2024, 11:11:44,1066
APRL00001,Super Mario BOOM,21094,10/19/2024, 12:26:24,1066
APRL00001,Super Mario BOOM,21094,10/19/2024, 13:19:14,1066
APRL00001,Super Mario BOOM,21094,10/19/2024, 14:13:55,1066
APRL00001,Super Mario BOOM,21094,10/19/2024, 15:14:12,1066
APRL00001,Super Mario BOOM,21094,10/19/2024, 16:16:50,1066
APRL00001,Super Mario BOOM,21094,10/19/2024, 17:13:33,1066
APRL00001,Super Mario BOOM,21094,10/19/2024, 18:18:09,1066
APRL00001,Super Mario BOOM,21094,10/19/2024, 19:12:15,1066
APRL00001,Super Mario BOOM,21094,10/19/2024, 20:15:30,1066
APRL00001,Super Mario BOOM,21094,10/19/2024, 21:14:03,1066
APRL00001,Super Mario BOOM,21094,10/19/2024, 22:14:46,1066
APRL00001,Super Mario BOOM,21094,10/19/2024, 23:14:25,1066
APRL00001,Super Mario BOOM,21094,10/20/2024, 01:12:03,1066
APRL00001,Super Mario BOOM,21094,10/20/2024, 02:54:39,1066
APRL00001,Super Mario BOOM,21094,10/20/2024, 03:25:23,1066
APRL00001,Super Mario BOOM,21094,10/20/2024, 04:17:50,1066
APRL00001,Super Mario BOOM,21094,10/20/2024, 05:14:09,1066
APRL00001,Super Mario BOOM,21095,10/20/2024, 06:19:56,1066
APRL00001,Super Mario BOOM,21095,10/20/2024, 07:13:55,1066
APRL00001,Super Mario BOOM,21095,10/20/2024, 08:19:09,1066
APRL00001,Super Mario BOOM,21095,10/20/2024, 09:14:50,1066
APRL00001,Super Mario BOOM,21095,10/20/2024, 10:15:30,1066
APRL00001,Super Mario BOOM,21095,10/20/2024, 11:13:58,1066
APRL00001,Super Mario BOOM,21095,10/20/2024, 12:27:26,1066
APRL00001,Super Mario BOOM,21095,10/20/2024, 13:19:55,1066
APRL00001,Super Mario BOOM,21095,10/20/2024, 14:13:39,1066
APRL00001,Super Mario BOOM,21095,10/20/2024, 15:15:06,1066
APRL00001,Super Mario BOOM,21095,10/20/2024, 16:16:48,1066
APRL00001,Super Mario BOOM,21095,10/20/2024, 17:13:47,1066
APRL00001,Super Mario BOOM,21095,10/20/2024, 18:18:12,1066
APRL00001,Super Mario BOOM,21095,10/20/2024, 19:11:26,1066
APRL00001,Super Mario BOOM,21095,10/20/2024, 20:14:51,1066
APRL00001,Super Mario BOOM,21095,10/20/2024, 21:13:44,1066
APRL00001,Super Mario BOOM,21095,10/20/2024, 22:14:34,1066
APRL00001,Super Mario BOOM,21095,10/20/2024, 23:15:10,1066
APRL00001,Super Mario BOOM,21095,10/21/2024, 01:08:08,1066
APRL00001,Super Mario BOOM,21095,10/21/2024, 02:52:08,1066
APRL00001,Super Mario BOOM,21095,10/21/2024, 03:24:24,1066
APRL00001,Super Mario BOOM,21095,10/21/2024, 04:18:22,1066
APRL00001,Super Mario BOOM,21095,10/21/2024, 05:15:41,1066
APRL00001,Super Mario BOOM,21095,10/21/2024, 06:21:53,1066
APRL00001,Super Mario BOOM,21095,10/21/2024, 07:16:09,1066
APRL00001,Super Mario BOOM,21095,10/21/2024, 08:20:11,1066
APRL00001,Super Mario BOOM,21095,10/21/2024, 09:17:05,1066
APRL00001,Super Mario BOOM,21095,10/21/2024, 10:16:50,1066
APRL00001,Super Mario BOOM,21095,10/21/2024, 11:14:04,1066
APRL00001,Super Mario BOOM,21095,10/21/2024, 12:28:52,1066
APRL00001,Super Mario BOOM,21095,10/21/2024, 13:24:39,1066
APRL00001,Super Mario BOOM,21095,10/21/2024, 14:14:36,1066
APRL00001,Super Mario BOOM,21095,10/21/2024, 15:16:50,1066
APRL00001,Super Mario BOOM,21095,10/21/2024, 16:17:59,1066
APRL00001,Super Mario BOOM,21095,10/21/2024, 17:13:45,1066
APRL00001,Super Mario BOOM,21095,10/21/2024, 18:20:23,1066
APRL00001,Super Mario BOOM,21095,10/21/2024, 19:12:32,1066
APRL00001,Super Mario BOOM,21095,10/21/2024, 20:16:51,1066
APRL00001,Super Mario BOOM,21095,10/21/2024, 21:14:08,1066
APRL00001,Super Mario BOOM,21095,10/21/2024, 22:14:20,1066
APRL00001,Super Mario BOOM,21095,10/21/2024, 23:14:38,1066
APRL00001,Super Mario BOOM,21095,10/22/2024, 01:06:49,1066
APRL00001,Super Mario BOOM,21095,10/22/2024, 02:49:18,1066
APRL00001,Super Mario BOOM,21095,10/22/2024, 03:21:46,1066
APRL00001,Super Mario BOOM,21095,10/22/2024, 04:18:57,1066
APRL00001,Super Mario BOOM,21095,10/22/2024, 05:14:54,1066
APRL00001,Super Mario BOOM,21096,10/22/2024, 06:21:17,1066
APRL00001,Super Mario BOOM,21096,10/22/2024, 07:15:45,1066
APRL00001,Super Mario BOOM,21096,10/22/2024, 08:19:49,1066
APRL00001,Super Mario BOOM,21096,10/22/2024, 09:15:55,1066
APRL00001,Super Mario BOOM,21096,10/22/2024, 10:16:06,1066
APRL00001,Super Mario BOOM,21096,10/22/2024, 11:13:25,1066
APRL00001,Super Mario BOOM,21097,10/22/2024, 12:28:44,1066
APRL00001,Super Mario BOOM,21097,10/22/2024, 13:24:10,1066
APRL00001,Super Mario BOOM,21098,10/22/2024, 14:14:32,1066
APRL00001,Super Mario BOOM,21098,10/22/2024, 15:16:00,1066
APRL00001,Super Mario BOOM,21098,10/22/2024, 16:18:15,1066
APRL00001,Super Mario BOOM,21098,10/22/2024, 17:13:42,1066
APRL00001,Super Mario BOOM,21098,10/22/2024, 18:19:39,1066
APRL00001,Super Mario BOOM,21098,10/22/2024, 19:13:38,1066
APRL00001,Super Mario BOOM,21098,10/22/2024, 20:16:11,1066
APRL00001,Super Mario BOOM,21098,10/22/2024, 21:14:16,1066
APRL00001,Super Mario BOOM,21098,10/22/2024, 22:15:11,1066
APRL00001,Super Mario BOOM,21098,10/22/2024, 23:15:57,1066
APRL00001,Super Mario BOOM,21098,10/23/2024, 01:05:40,1066
APRL00001,Super Mario BOOM,21098,10/23/2024, 02:47:28,1066
APRL00001,Super Mario BOOM,21098,10/23/2024, 03:20:50,1066
APRL00001,Super Mario BOOM,21098,10/23/2024, 04:18:21,1066
APRL00001,Super Mario BOOM,21098,10/23/2024, 05:15:13,1066
APRL00001,Super Mario BOOM,21098,10/23/2024, 06:21:25,1066
APRL00001,Super Mario BOOM,21098,10/23/2024, 07:15:56,1066
APRL00001,Super Mario BOOM,21098,10/23/2024, 08:19:47,1066
APRL00001,Super Mario BOOM,21098,10/23/2024, 09:16:18,1066
APRL00001,Super Mario BOOM,21098,10/23/2024, 10:15:55,1066
APRL00001,Super Mario BOOM,21098,10/23/2024, 11:12:56,1066
APRL00001,Super Mario BOOM,21098,10/23/2024, 12:28:44,1066
APRL00001,Super Mario BOOM,21098,10/23/2024, 13:23:13,1066
APRL00001,Super Mario BOOM,21098,10/23/2024, 14:14:34,1066
APRL00001,Super Mario BOOM,21098,10/23/2024, 15:15:46,1066
APRL00001,Super Mario BOOM,21098,10/23/2024, 16:18:39,1066
APRL00001,Super Mario BOOM,21098,10/23/2024, 17:14:22,1066
APRL00001,Super Mario BOOM,21099,10/23/2024, 18:19:49,1066
APRL00001,Super Mario BOOM,21099,10/23/2024, 19:12:23,1066
APRL00001,Super Mario BOOM,21099,10/23/2024, 20:16:58,1066
APRL00001,Super Mario BOOM,21099,10/23/2024, 21:14:18,1066
APRL00001,Super Mario BOOM,21099,10/23/2024, 22:14:43,1066
APRL00001,Super Mario BOOM,21099,10/23/2024, 23:14:45,1066
APRL00001,Super Mario BOOM,21099,10/24/2024, 01:05:50,1066
APRL00001,Super Mario BOOM,21099,10/24/2024, 02:47:21,1066
APRL00001,Super Mario BOOM,21099,10/24/2024, 03:20:50,1066
APRL00001,Super Mario BOOM,21099,10/24/2024, 04:18:37,1066
APRL00001,Super Mario BOOM,21099,10/24/2024, 05:15:07,1066
APRL00001,Super Mario BOOM,21099,10/24/2024, 06:21:21,1066
APRL00001,Super Mario BOOM,21099,10/24/2024, 07:14:53,1066
APRL00001,Super Mario BOOM,21099,10/24/2024, 08:19:32,1066
APRL00001,Super Mario BOOM,21099,10/24/2024, 09:16:08,1066
APRL00001,Super Mario BOOM,21099,10/24/2024, 10:15:37,1066
APRL00001,Super Mario BOOM,21099,10/24/2024, 11:13:20,1066
APRL00001,Super Mario BOOM,21099,10/24/2024, 12:28:44,1066
APRL00001,Super Mario BOOM,21099,10/24/2024, 13:23:16,1066
APRL00001,Super Mario BOOM,21099,10/24/2024, 14:14:42,1066
APRL00001,Super Mario BOOM,21099,10/24/2024, 15:16:24,1066
APRL00001,Super Mario BOOM,21099,10/24/2024, 16:17:35,1066
APRL00001,Super Mario BOOM,21099,10/24/2024, 17:13:50,1066
APRL00001,Super Mario BOOM,21099,10/24/2024, 18:19:42,1066
APRL00001,Super Mario BOOM,21099,10/24/2024, 19:12:22,1066
APRL00001,Super Mario BOOM,21099,10/24/2024, 20:16:42,1066
APRL00001,Super Mario BOOM,21099,10/24/2024, 21:18:47,1066
APRL00001,Super Mario BOOM,21099,10/24/2024, 22:14:01,1066
APRL00001,Super Mario BOOM,21099,10/24/2024, 23:15:33,1066
APRL00001,Super Mario BOOM,21099,10/25/2024, 01:06:34,1066
APRL00001,Super Mario BOOM,21099,10/25/2024, 02:49:40,1066
APRL00001,Super Mario BOOM,21099,10/25/2024, 03:22:31,1066
APRL00001,Super Mario BOOM,21099,10/25/2024, 04:20:14,1066
APRL00001,Super Mario BOOM,21099,10/25/2024, 05:15:45,1066
APRL00001,Super Mario BOOM,21099,10/25/2024, 06:20:55,1066
APRL00001,Super Mario BOOM,21099,10/25/2024, 07:14:58,1066
APRL00001,Super Mario BOOM,21099,10/25/2024, 08:19:58,1066
APRL00001,Super Mario BOOM,21099,10/25/2024, 09:16:33,1066
APRL00001,Super Mario BOOM,21099,10/25/2024, 10:16:16,1066
APRL00001,Super Mario BOOM,21099,10/25/2024, 11:13:04,1066
APRL00001,Super Mario BOOM,21099,10/25/2024, 12:28:24,1066
APRL00001,Super Mario BOOM,21099,10/25/2024, 13:22:54,1066
APRL00001,Super Mario BOOM,21099,10/25/2024, 14:14:39,1066
APRL00001,Super Mario BOOM,21099,10/25/2024, 15:15:30,1066
APRL00001,Super Mario BOOM,21099,10/25/2024, 16:18:33,1066
APRL00001,Super Mario BOOM,21099,10/25/2024, 17:14:32,1066
APRL00001,Super Mario BOOM,21099,10/25/2024, 18:19:59,1066
APRL00001,Super Mario BOOM,21099,10/25/2024, 19:12:28,1066
APRL00001,Super Mario BOOM,21099,10/25/2024, 20:16:27,1066
APRL00001,Super Mario BOOM,21099,10/25/2024, 21:14:26,1066
APRL00001,Super Mario BOOM,21099,10/25/2024, 22:14:04,1066
APRL00001,Super Mario BOOM,21099,10/25/2024, 23:15:22,1066
APRL00001,Super Mario BOOM,21099,10/26/2024, 01:04:26,1066
APRL00001,Super Mario BOOM,21099,10/26/2024, 02:43:58,1066
APRL00001,Super Mario BOOM,21099,10/26/2024, 03:18:33,1066
APRL00001,Super Mario BOOM,21099,10/26/2024, 04:18:06,1066
APRL00001,Super Mario BOOM,21099,10/26/2024, 05:14:15,1066
APRL00001,Super Mario BOOM,21099,10/26/2024, 06:19:24,1066
APRL00001,Super Mario BOOM,21099,10/26/2024, 07:13:37,1066
APRL00001,Super Mario BOOM,21099,10/26/2024, 08:17:57,1066
APRL00001,Super Mario BOOM,21099,10/26/2024, 09:14:49,1066
APRL00001,Super Mario BOOM,21099,10/26/2024, 10:16:16,1066
APRL00001,Super Mario BOOM,21099,10/26/2024, 11:12:36,1066
APRL00001,Super Mario BOOM,21099,10/26/2024, 12:26:05,1066
APRL00001,Super Mario BOOM,21099,10/26/2024, 13:19:12,1066
APRL00001,Super Mario BOOM,21100,10/26/2024, 14:12:41,1066
APRL00001,Super Mario BOOM,21100,10/26/2024, 15:14:14,1066
APRL00001,Super Mario BOOM,21100,10/26/2024, 16:16:49,1066
APRL00001,Super Mario BOOM,21101,10/26/2024, 17:13:16,1066
APRL00001,Super Mario BOOM,21101,10/26/2024, 18:18:29,1066
APRL00001,Super Mario BOOM,21101,10/26/2024, 19:11:26,1066
APRL00001,Super Mario BOOM,21101,10/26/2024, 20:14:35,1066
APRL00001,Super Mario BOOM,21101,10/26/2024, 21:13:14,1066
APRL00001,Super Mario BOOM,21101,10/26/2024, 22:13:29,1066
APRL00001,Super Mario BOOM,21101,10/26/2024, 23:14:11,1066
APRL00001,Super Mario BOOM,21101,10/27/2024, 01:11:19,1066
APRL00001,Super Mario BOOM,21101,10/27/2024, 02:53:50,1066
APRL00001,Super Mario BOOM,21101,10/27/2024, 03:24:14,1066
APRL00001,Super Mario BOOM,21101,10/27/2024, 04:17:43,1066
APRL00001,Super Mario BOOM,21101,10/27/2024, 05:15:11,1066
APRL00001,Super Mario BOOM,21101,10/27/2024, 06:19:46,1066
APRL00001,Super Mario BOOM,21101,10/27/2024, 07:14:26,1066
APRL00001,Super Mario BOOM,21101,10/27/2024, 08:19:36,1066
APRL00001,Super Mario BOOM,21101,10/27/2024, 09:14:46,1066
APRL00001,Super Mario BOOM,21101,10/27/2024, 10:14:40,1066
APRL00001,Super Mario BOOM,21101,10/27/2024, 11:11:41,1066
APRL00001,Super Mario BOOM,21101,10/27/2024, 12:26:04,1066
APRL00001,Super Mario BOOM,21101,10/27/2024, 13:19:33,1066
APRL00001,Super Mario BOOM,21101,10/27/2024, 14:14:06,1066
APRL00001,Super Mario BOOM,21101,10/27/2024, 15:14:25,1066
APRL00001,Super Mario BOOM,21102,10/27/2024, 16:17:06,1066
APRL00001,Super Mario BOOM,21102,10/27/2024, 17:13:49,1066
APRL00001,Super Mario BOOM,21102,10/27/2024, 18:18:36,1066
APRL00001,Super Mario BOOM,21104,10/27/2024, 19:12:26,1066
APRL00001,Super Mario BOOM,21104,10/27/2024, 20:15:39,1066
APRL00001,Super Mario BOOM,21104,10/27/2024, 21:13:16,1066
APRL00001,Super Mario BOOM,21105,10/27/2024, 22:14:31,1066
APRL00001,Super Mario BOOM,21105,10/27/2024, 23:15:15,1066
APRL00001,Super Mario BOOM,21105,10/28/2024, 01:09:24,1066
APRL00001,Super Mario BOOM,21105,10/28/2024, 02:53:57,1066
APRL00001,Super Mario BOOM,21105,10/28/2024, 03:25:48,1066
APRL00001,Super Mario BOOM,21105,10/28/2024, 04:19:03,1066
APRL00001,Super Mario BOOM,21105,10/28/2024, 05:16:01,1066
APRL00001,Super Mario BOOM,21105,10/28/2024, 06:22:06,1066
APRL00001,Super Mario BOOM,21105,10/28/2024, 07:15:26,1066
APRL00001,Super Mario BOOM,21105,10/28/2024, 08:20:36,1066
APRL00001,Super Mario BOOM,21105,10/28/2024, 09:17:11,1066
APRL00001,Super Mario BOOM,21105,10/28/2024, 10:17:10,1066
APRL00001,Super Mario BOOM,21105,10/28/2024, 11:14:11,1066
APRL00001,Super Mario BOOM,21105,10/28/2024, 12:29:40,1066
APRL00001,Super Mario BOOM,21105,10/28/2024, 13:24:36,1066
APRL00001,Super Mario BOOM,21105,10/28/2024, 14:14:52,1066
APRL00001,Super Mario BOOM,21105,10/28/2024, 15:17:00,1066
APRL00001,Super Mario BOOM,21105,10/28/2024, 16:18:46,1066
APRL00001,Super Mario BOOM,21105,10/28/2024, 17:14:03,1066
APRL00001,Super Mario BOOM,21105,10/28/2024, 18:20:27,1066
APRL00001,Super Mario BOOM,21105,10/28/2024, 19:12:54,1066
APRL00001,Super Mario BOOM,21105,10/28/2024, 20:16:56,1066
APRL00001,Super Mario BOOM,21105,10/28/2024, 21:14:19,1066
APRL00001,Super Mario BOOM,21105,10/28/2024, 22:14:31,1066
APRL00001,Super Mario BOOM,21105,10/28/2024, 23:14:28,1066
APRL00001,Super Mario BOOM,21105,10/29/2024, 01:08:00,1066
APRL00001,Super Mario BOOM,21105,10/29/2024, 02:50:54,1066
APRL00001,Super Mario BOOM,21105,10/29/2024, 03:22:53,1066
APRL00001,Super Mario BOOM,21105,10/29/2024, 04:18:45,1066
APRL00001,Super Mario BOOM,21105,10/29/2024, 05:15:31,1066
APRL00001,Super Mario BOOM,21105,10/29/2024, 06:21:26,1066
APRL00001,Super Mario BOOM,21105,10/29/2024, 07:15:54,1066
APRL00001,Super Mario BOOM,21105,10/29/2024, 08:19:39,1066
APRL00001,Super Mario BOOM,21105,10/29/2024, 09:16:48,1066
APRL00001,Super Mario BOOM,21105,10/29/2024, 10:16:52,1066
APRL00001,Super Mario BOOM,21105,10/29/2024, 11:13:32,1066
APRL00001,Super Mario BOOM,21105,10/29/2024, 12:29:19,1066
APRL00001,Super Mario BOOM,21105,10/29/2024, 13:24:01,1066
APRL00001,Super Mario BOOM,21105,10/29/2024, 14:14:37,1066
APRL00001,Super Mario BOOM,21105,10/29/2024, 15:16:17,1066
APRL00001,Super Mario BOOM,21105,10/29/2024, 16:18:58,1066
APRL00001,Super Mario BOOM,21105,10/29/2024, 17:14:11,1066
APRL00001,Super Mario BOOM,21105,10/29/2024, 18:20:31,1066
APRL00001,Super Mario BOOM,21105,10/29/2024, 19:13:27,1066
APRL00001,Super Mario BOOM,21105,10/29/2024, 20:16:34,1066
APRL00001,Super Mario BOOM,21105,10/29/2024, 21:14:25,1066
APRL00001,Super Mario BOOM,21105,10/29/2024, 22:14:29,1066
APRL00001,Super Mario BOOM,21106,10/29/2024, 23:14:45,1066
APRL00001,Super Mario BOOM,21106,10/30/2024, 01:06:52,1066
APRL00001,Super Mario BOOM,21106,10/30/2024, 02:49:50,1066
APRL00001,Super Mario BOOM,21106,10/30/2024, 03:22:32,1066
APRL00001,Super Mario BOOM,21106,10/30/2024, 04:18:53,1066
APRL00001,Super Mario BOOM,21106,10/30/2024, 05:15:46,1066
APRL00001,Super Mario BOOM,21106,10/30/2024, 07:14:47,1066
APRL00001,Super Mario BOOM,21106,10/30/2024, 08:21:29,1066
APRL00001,Super Mario BOOM,21106,10/30/2024, 09:16:28,1066
APRL00001,Super Mario BOOM,21106,10/30/2024, 10:16:53,1066
APRL00001,Super Mario BOOM,21106,10/30/2024, 11:13:15,1066
APRL00001,Super Mario BOOM,21106,10/30/2024, 12:29:24,1066
APRL00001,Super Mario BOOM,21106,10/30/2024, 13:23:35,1066
APRL00001,Super Mario BOOM,21106,10/30/2024, 14:14:31,1066
APRL00001,Super Mario BOOM,21106,10/30/2024, 15:15:59,1066
APRL00001,Super Mario BOOM,21106,10/30/2024, 16:18:36,1066
APRL00001,Super Mario BOOM,21106,10/30/2024, 17:14:24,1066
APRL00001,Super Mario BOOM,21106,10/30/2024, 18:20:47,1066
APRL00001,Super Mario BOOM,21106,10/30/2024, 19:13:42,1066
APRL00001,Super Mario BOOM,21106,10/30/2024, 20:16:15,1066
APRL00001,Super Mario BOOM,21106,10/30/2024, 21:14:32,1066
APRL00001,Super Mario BOOM,21106,10/30/2024, 22:14:19,1066
APRL00001,Super Mario BOOM,21106,10/30/2024, 23:14:54,1066
APRL00001,Super Mario BOOM,21106,10/31/2024, 01:07:27,1066
APRL00001,Super Mario BOOM,21106,10/31/2024, 02:51:26,1066
APRL00001,Super Mario BOOM,21106,10/31/2024, 03:23:04,1066
APRL00001,Super Mario BOOM,21106,10/31/2024, 04:19:16,1066
APRL00001,Super Mario BOOM,21106,10/31/2024, 05:15:58,1066
APRL00001,Super Mario BOOM,21106,10/31/2024, 06:20:37,1066
APRL00001,Super Mario BOOM,21106,10/31/2024, 07:14:57,1066
APRL00001,Super Mario BOOM,21106,10/31/2024, 08:17:53,1066
APRL00001,Super Mario BOOM,21106,10/31/2024, 09:15:56,1066
APRL00001,Super Mario BOOM,21106,10/31/2024, 10:16:24,1066
APRL00001,Super Mario BOOM,21106,10/31/2024, 11:13:04,1066
APRL00001,Super Mario BOOM,21106,10/31/2024, 12:28:27,1066
APRL00001,Super Mario BOOM,21106,10/31/2024, 13:22:55,1066
APRL00001,Super Mario BOOM,21107,10/31/2024, 14:14:57,1066
APRL00001,Super Mario BOOM,21107,10/31/2024, 15:16:26,1066
APRL00001,Super Mario BOOM,21107,10/31/2024, 16:18:45,1066
APRL00001,Super Mario BOOM,21107,10/31/2024, 17:14:47,1066
APRL00001,Super Mario BOOM,21107,10/31/2024, 18:20:07,1066
APRL00001,Super Mario BOOM,21107,10/31/2024, 19:11:39,1066
APRL00001,Super Mario BOOM,21107,10/31/2024, 20:15:37,1066
APRL00001,Super Mario BOOM,21108,10/31/2024, 21:15:17,1066
APRL00001,Super Mario BOOM,21108,10/31/2024, 22:14:25,1066
APRL00001,Super Mario BOOM,21108,10/31/2024, 23:16:40,1066
APRL00001,Super Mario BOOM,21108,11/01/2024, 01:12:10,1066
APRL00001,Super Mario BOOM,21108,11/01/2024, 02:58:15,1066
APRL00001,Super Mario BOOM,21108,11/01/2024, 03:31:53,1066
APRL00001,Super Mario BOOM,21108,11/01/2024, 04:18:22,1066
APRL00001,Super Mario BOOM,21108,11/01/2024, 05:15:29,1066
APRL00001,Super Mario BOOM,21108,11/01/2024, 06:22:10,1066
APRL00001,Super Mario BOOM,21108,11/01/2024, 07:15:04,1066
APRL00001,Super Mario BOOM,21108,11/01/2024, 08:18:56,1066
APRL00001,Super Mario BOOM,21108,11/01/2024, 09:15:49,1066
APRL00001,Super Mario BOOM,21108,11/01/2024, 10:16:48,1066
APRL00001,Super Mario BOOM,21108,11/01/2024, 11:13:19,1066
APRL00001,Super Mario BOOM,21108,11/01/2024, 12:27:43,1066
APRL00001,Super Mario BOOM,21108,11/01/2024, 13:22:09,1066
APRL00001,Super Mario BOOM,21108,11/01/2024, 14:14:18,1066
APRL00001,Super Mario BOOM,21108,11/01/2024, 15:15:52,1066
APRL00001,Super Mario BOOM,21108,11/01/2024, 16:18:19,1066
APRL00001,Super Mario BOOM,21108,11/01/2024, 17:14:24,1066
APRL00001,Super Mario BOOM,21108,11/01/2024, 18:20:08,1066
APRL00001,Super Mario BOOM,21108,11/01/2024, 19:12:55,1066
APRL00001,Super Mario BOOM,21108,11/01/2024, 20:16:46,1066
APRL00001,Super Mario BOOM,21108,11/01/2024, 21:14:08,1066
APRL00001,Super Mario BOOM,21108,11/01/2024, 22:14:17,1066
APRL00001,Super Mario BOOM,21108,11/01/2024, 23:14:39,1066
APRL00001,Super Mario BOOM,21108,11/02/2024, 01:05:18,1066
APRL00001,Super Mario BOOM,21108,11/02/2024, 02:44:43,1066
APRL00001,Super Mario BOOM,21108,11/02/2024, 03:19:19,1066
APRL00001,Super Mario BOOM,21108,11/02/2024, 04:18:45,1066
APRL00001,Super Mario BOOM,21108,11/02/2024, 05:14:46,1066
APRL00001,Super Mario BOOM,21108,11/02/2024, 06:20:41,1066
APRL00001,Super Mario BOOM,21108,11/02/2024, 07:14:44,1066
APRL00001,Super Mario BOOM,21108,11/02/2024, 08:18:06,1066
APRL00001,Super Mario BOOM,21108,11/02/2024, 09:14:41,1066
APRL00001,Super Mario BOOM,21108,11/02/2024, 10:15:02,1066
APRL00001,Super Mario BOOM,21108,11/02/2024, 11:12:21,1066
APRL00001,Super Mario BOOM,21108,11/02/2024, 12:26:29,1066
APRL00001,Super Mario BOOM,21108,11/02/2024, 13:19:22,1066
APRL00001,Super Mario BOOM,21108,11/02/2024, 14:12:51,1066
APRL00001,Super Mario BOOM,21108,11/02/2024, 15:15:48,1066
APRL00001,Super Mario BOOM,21108,11/02/2024, 16:16:35,1066
APRL00001,Super Mario BOOM,21108,11/02/2024, 17:12:42,1066
APRL00001,Super Mario BOOM,21108,11/02/2024, 18:18:27,1066
APRL00001,Super Mario BOOM,21108,11/02/2024, 19:13:19,1066
APRL00001,Super Mario BOOM,21108,11/02/2024, 20:15:46,1066
APRL00001,Super Mario BOOM,21108,11/02/2024, 21:13:57,1066
APRL00001,Super Mario BOOM,21108,11/02/2024, 22:14:24,1066
APRL00001,Super Mario BOOM,21108,11/02/2024, 23:16:18,1066
APRL00001,Super Mario BOOM,21108,11/03/2024, 01:11:26,1066
APRL00001,Super Mario BOOM,21109,11/03/2024, 02:53:48,1066
APRL00001,Super Mario BOOM,21109,11/03/2024, 03:25:01,1066
APRL00001,Super Mario BOOM,21109,11/03/2024, 04:17:42,1066
APRL00001,Super Mario BOOM,21109,11/03/2024, 05:14:23,1066
APRL00001,Super Mario BOOM,21109,11/03/2024, 06:21:31,1066
APRL00001,Super Mario BOOM,21109,11/03/2024, 07:13:32,1066
APRL00001,Super Mario BOOM,21109,11/03/2024, 08:17:27,1066
APRL00001,Super Mario BOOM,21109,11/03/2024, 09:14:49,1066
APRL00001,Super Mario BOOM,21109,11/03/2024, 10:16:51,1066
APRL00001,Super Mario BOOM,21109,11/03/2024, 11:12:42,1066
APRL00001,Super Mario BOOM,21109,11/03/2024, 12:25:41,1066
APRL00001,Super Mario BOOM,21109,11/03/2024, 13:19:31,1066
APRL00001,Super Mario BOOM,21109,11/03/2024, 14:14:22,1066
APRL00001,Super Mario BOOM,21109,11/03/2024, 15:14:31,1066
APRL00001,Super Mario BOOM,21109,11/03/2024, 16:16:58,1066
APRL00001,Super Mario BOOM,21110,11/03/2024, 17:12:52,1066
APRL00001,Super Mario BOOM,21110,11/03/2024, 18:19:26,1066
APRL00001,Super Mario BOOM,21110,11/03/2024, 19:12:36,1066
APRL00001,Super Mario BOOM,21110,11/03/2024, 20:15:57,1066
APRL00001,Super Mario BOOM,21110,11/03/2024, 21:14:36,1066
APRL00001,Super Mario BOOM,21111,11/03/2024, 22:15:34,1066
APRL00001,Super Mario BOOM,21111,11/03/2024, 23:15:40,1066
APRL00001,Super Mario BOOM,21111,11/04/2024, 01:08:05,1066
APRL00001,Super Mario BOOM,21111,11/04/2024, 02:53:05,1066
APRL00001,Super Mario BOOM,21111,11/04/2024, 03:25:03,1066
APRL00001,Super Mario BOOM,21111,11/04/2024, 04:18:15,1066
APRL00001,Super Mario BOOM,21111,11/04/2024, 05:16:06,1066
APRL00001,Super Mario BOOM,21111,11/04/2024, 06:22:07,1066
APRL00001,Super Mario BOOM,21111,11/04/2024, 07:15:27,1066
APRL00001,Super Mario BOOM,21111,11/04/2024, 08:20:06,1066
APRL00001,Super Mario BOOM,21111,11/04/2024, 09:17:51,1066
APRL00001,Super Mario BOOM,21111,11/04/2024, 10:16:59,1066
APRL00001,Super Mario BOOM,21111,11/04/2024, 11:14:46,1066
APRL00001,Super Mario BOOM,21111,11/04/2024, 12:29:39,1066
APRL00001,Super Mario BOOM,21111,11/04/2024, 13:24:35,1066
APRL00001,Super Mario BOOM,21111,11/04/2024, 14:14:59,1066
APRL00001,Super Mario BOOM,21111,11/04/2024, 15:16:42,1066
APRL00001,Super Mario BOOM,21111,11/04/2024, 16:18:46,1066
APRL00001,Super Mario BOOM,21111,11/04/2024, 17:13:35,1066
APRL00001,Super Mario BOOM,21112,11/04/2024, 18:19:20,1066
APRL00001,Super Mario BOOM,21112,11/04/2024, 19:13:38,1066
APRL00001,Super Mario BOOM,21112,11/04/2024, 20:16:08,1066
APRL00001,Super Mario BOOM,21113,11/04/2024, 21:13:55,1066
APRL00001,Super Mario BOOM,21113,11/04/2024, 22:13:54,1066
APRL00001,Super Mario BOOM,21115,11/04/2024, 23:15:56,1066
APRL00001,Super Mario BOOM,21115,11/05/2024, 01:05:05,1066
APRL00001,Super Mario BOOM,21115,11/05/2024, 02:44:18,1066
APRL00001,Super Mario BOOM,21115,11/05/2024, 03:18:42,1066
APRL00001,Super Mario BOOM,21115,11/05/2024, 04:18:18,1066
APRL00001,Super Mario BOOM,21115,11/05/2024, 05:15:25,1066
APRL00001,Super Mario BOOM,21115,11/05/2024, 06:20:55,1066
APRL00001,Super Mario BOOM,21115,11/05/2024, 07:14:15,1066
APRL00001,Super Mario BOOM,21115,11/05/2024, 08:19:28,1066
APRL00001,Super Mario BOOM,21115,11/05/2024, 09:16:07,1066
APRL00001,Super Mario BOOM,21115,11/05/2024, 10:17:21,1066
APRL00001,Super Mario BOOM,21115,11/05/2024, 11:12:57,1066
APRL00001,Super Mario BOOM,21115,11/05/2024, 12:26:13,1066
APRL00001,Super Mario BOOM,21115,11/05/2024, 13:21:34,1066
APRL00001,Super Mario BOOM,21115,11/05/2024, 14:14:22,1066
APRL00001,Super Mario BOOM,21115,11/05/2024, 15:15:49,1066
APRL00001,Super Mario BOOM,21115,11/05/2024, 16:18:46,1066
APRL00001,Super Mario BOOM,21115,11/05/2024, 17:15:10,1066
APRL00001,Super Mario BOOM,21115,11/05/2024, 18:19:28,1066
APRL00001,Super Mario BOOM,21115,11/05/2024, 19:12:01,1066
APRL00001,Super Mario BOOM,21115,11/05/2024, 20:16:28,1066
APRL00001,Super Mario BOOM,21115,11/05/2024, 21:14:17,1066
APRL00001,Super Mario BOOM,21115,11/05/2024, 22:14:29,1066
APRL00001,Super Mario BOOM,21115,11/05/2024, 23:14:54,1066
APRL00001,Super Mario BOOM,21115,11/06/2024, 01:05:00,1066
APRL00001,Super Mario BOOM,21116,11/06/2024, 02:43:38,1066
APRL00001,Super Mario BOOM,21116,11/06/2024, 03:18:07,1066
APRL00001,Super Mario BOOM,21116,11/06/2024, 04:18:50,1066
APRL00001,Super Mario BOOM,21116,11/06/2024, 05:15:11,1066
APRL00001,Super Mario BOOM,21116,11/06/2024, 06:20:34,1066
APRL00001,Super Mario BOOM,21116,11/06/2024, 07:14:50,1066
APRL00001,Super Mario BOOM,21116,11/06/2024, 08:19:44,1066
APRL00001,Super Mario BOOM,21116,11/06/2024, 09:16:40,1066
APRL00001,Super Mario BOOM,21116,11/06/2024, 10:16:21,1066
APRL00001,Super Mario BOOM,21116,11/06/2024, 11:13:46,1066
APRL00001,Super Mario BOOM,21116,11/06/2024, 12:28:07,1066
APRL00001,Super Mario BOOM,21116,11/06/2024, 13:21:56,1066
APRL00001,Super Mario BOOM,21116,11/06/2024, 14:14:22,1066
APRL00001,Super Mario BOOM,21116,11/06/2024, 15:15:51,1066
APRL00001,Super Mario BOOM,21116,11/06/2024, 16:19:37,1066
APRL00001,Super Mario BOOM,21116,11/06/2024, 17:12:54,1066
APRL00001,Super Mario BOOM,21116,11/06/2024, 18:19:54,1066
APRL00001,Super Mario BOOM,21116,11/06/2024, 19:13:04,1066
APRL00001,Super Mario BOOM,21117,11/06/2024, 20:16:45,1066
APRL00001,Super Mario BOOM,21117,11/06/2024, 21:15:17,1066
APRL00001,Super Mario BOOM,21117,11/06/2024, 22:15:22,1066
APRL00001,Super Mario BOOM,21117,11/06/2024, 23:14:18,1066
APRL00001,Super Mario BOOM,21117,11/07/2024, 01:05:33,1066
APRL00001,Super Mario BOOM,21117,11/07/2024, 02:44:37,1066
APRL00001,Super Mario BOOM,21117,11/07/2024, 03:21:15,1066
APRL00001,Super Mario BOOM,21117,11/07/2024, 04:17:55,1066
APRL00001,Super Mario BOOM,21117,11/07/2024, 05:14:33,1066
APRL00001,Super Mario BOOM,21117,11/07/2024, 06:20:17,1066
APRL00001,Super Mario BOOM,21117,11/07/2024, 07:14:09,1066
APRL00001,Super Mario BOOM,21117,11/07/2024, 08:19:21,1066
APRL00001,Super Mario BOOM,21117,11/07/2024, 09:15:40,1066
APRL00001,Super Mario BOOM,21117,11/07/2024, 10:15:30,1066
APRL00001,Super Mario BOOM,21117,11/07/2024, 11:13:02,1066
APRL00001,Super Mario BOOM,21117,11/07/2024, 12:27:19,1066
APRL00001,Super Mario BOOM,21117,11/07/2024, 13:21:00,1066
APRL00001,Super Mario BOOM,21117,11/07/2024, 14:13:55,1066
APRL00001,Super Mario BOOM,21117,11/07/2024, 15:15:05,1066
APRL00001,Super Mario BOOM,21117,11/07/2024, 16:18:30,1066
APRL00001,Super Mario BOOM,21117,11/07/2024, 17:13:15,1066
APRL00001,Super Mario BOOM,21117,11/07/2024, 18:19:32,1066
APRL00001,Super Mario BOOM,21117,11/07/2024, 19:11:50,1066
APRL00001,Super Mario BOOM,21117,11/07/2024, 20:15:41,1066
APRL00001,Super Mario BOOM,21117,11/07/2024, 21:13:53,1066
APRL00001,Super Mario BOOM,21117,11/07/2024, 22:14:11,1066
APRL00001,Super Mario BOOM,21117,11/07/2024, 23:14:30,1066
APRL00001,Super Mario BOOM,21117,11/08/2024, 01:05:07,1066
APRL00001,Super Mario BOOM,21117,11/08/2024, 02:45:12,1066
APRL00001,Super Mario BOOM,21117,11/08/2024, 03:18:47,1066
APRL00001,Super Mario BOOM,21117,11/08/2024, 04:17:40,1066
APRL00001,Super Mario BOOM,21117,11/08/2024, 05:15:23,1066
APRL00001,Super Mario BOOM,21117,11/08/2024, 06:20:21,1066
APRL00001,Super Mario BOOM,21117,11/08/2024, 07:13:53,1066
APRL00001,Super Mario BOOM,21117,11/08/2024, 08:19:11,1066
APRL00001,Super Mario BOOM,21117,11/08/2024, 09:15:35,1066
APRL00001,Super Mario BOOM,21117,11/08/2024, 10:15:33,1066
APRL00001,Super Mario BOOM,21117,11/08/2024, 11:12:32,1066
APRL00001,Super Mario BOOM,21117,11/08/2024, 12:28:13,1066
APRL00001,Super Mario BOOM,21117,11/08/2024, 13:21:16,1066
APRL00001,Super Mario BOOM,21117,11/08/2024, 14:14:02,1066
APRL00001,Super Mario BOOM,21117,11/08/2024, 15:15:54,1066
APRL00001,Super Mario BOOM,21117,11/08/2024, 16:18:09,1066
APRL00001,Super Mario BOOM,21117,11/08/2024, 17:13:34,1066
APRL00001,Super Mario BOOM,21117,11/08/2024, 18:19:07,1066
APRL00001,Super Mario BOOM,21117,11/08/2024, 19:12:04,1066
APRL00001,Super Mario BOOM,21117,11/08/2024, 20:15:48,1066
APRL00001,Super Mario BOOM,21117,11/08/2024, 21:13:53,1066
APRL00001,Super Mario BOOM,21117,11/08/2024, 22:14:25,1066
APRL00001,Super Mario BOOM,21117,11/08/2024, 23:14:47,1066
APRL00001,Super Mario BOOM,21117,11/09/2024, 01:03:21,1066
APRL00001,Super Mario BOOM,21117,11/09/2024, 02:40:23,1066
APRL00001,Super Mario BOOM,21117,11/09/2024, 03:18:11,1066
APRL00001,Super Mario BOOM,21117,11/09/2024, 04:16:57,1066
APRL00001,Super Mario BOOM,21117,11/09/2024, 05:13:50,1066
APRL00001,Super Mario BOOM,21117,11/09/2024, 06:18:42,1066
APRL00001,Super Mario BOOM,21117,11/09/2024, 07:13:06,1066
APRL00001,Super Mario BOOM,21117,11/09/2024, 08:17:52,1066
APRL00001,Super Mario BOOM,21117,11/09/2024, 09:13:51,1066
APRL00001,Super Mario BOOM,21117,11/09/2024, 10:14:13,1066
APRL00001,Super Mario BOOM,21117,11/09/2024, 11:11:49,1066
APRL00001,Super Mario BOOM,21117,11/09/2024, 12:24:44,1066
APRL00001,Super Mario BOOM,21117,11/09/2024, 13:17:21,1066
APRL00001,Super Mario BOOM,21118,11/09/2024, 14:13:38,1066
APRL00001,Super Mario BOOM,21118,11/09/2024, 15:14:45,1066
APRL00001,Super Mario BOOM,21118,11/09/2024, 16:16:04,1066
APRL00001,Super Mario BOOM,21118,11/09/2024, 17:12:10,1066
APRL00001,Super Mario BOOM,21118,11/09/2024, 18:17:50,1066
APRL00001,Super Mario BOOM,21118,11/09/2024, 19:11:31,1066
APRL00001,Super Mario BOOM,21118,11/09/2024, 20:14:38,1066
APRL00001,Super Mario BOOM,21118,11/09/2024, 21:13:48,1066
APRL00001,Super Mario BOOM,21118,11/09/2024, 22:12:49,1066
APRL00001,Super Mario BOOM,21118,11/09/2024, 23:14:09,1066
APRL00001,Super Mario BOOM,21118,11/10/2024, 01:09:51,1066
APRL00001,Super Mario BOOM,21118,11/10/2024, 02:48:20,1066
APRL00001,Super Mario BOOM,21118,11/10/2024, 03:19:51,1066
APRL00001,Super Mario BOOM,21118,11/10/2024, 04:17:32,1066
APRL00001,Super Mario BOOM,21118,11/10/2024, 05:14:06,1066
APRL00001,Super Mario BOOM,21118,11/10/2024, 06:18:49,1066
APRL00001,Super Mario BOOM,21118,11/10/2024, 07:13:24,1066
APRL00001,Super Mario BOOM,21118,11/10/2024, 08:16:49,1066
APRL00001,Super Mario BOOM,21118,11/10/2024, 09:14:00,1066
APRL00001,Super Mario BOOM,21118,11/10/2024, 10:14:08,1066
APRL00001,Super Mario BOOM,21118,11/10/2024, 11:11:38,1066
APRL00001,Super Mario BOOM,21118,11/10/2024, 12:25:13,1066
APRL00001,Super Mario BOOM,21118,11/10/2024, 13:17:26,1066
APRL00001,Super Mario BOOM,21118,11/10/2024, 14:12:32,1066
APRL00001,Super Mario BOOM,21118,11/10/2024, 15:14:23,1066
APRL00001,Super Mario BOOM,21118,11/10/2024, 16:16:13,1066
APRL00001,Super Mario BOOM,21118,11/10/2024, 17:12:30,1066
APRL00001,Super Mario BOOM,21118,11/10/2024, 18:17:40,1066
APRL00001,Super Mario BOOM,21118,11/10/2024, 19:13:03,1066
APRL00001,Super Mario BOOM,21118,11/10/2024, 20:15:05,1066
APRL00001,Super Mario BOOM,21118,11/10/2024, 21:12:55,1066
APRL00001,Super Mario BOOM,21118,11/10/2024, 22:13:26,1066
APRL00001,Super Mario BOOM,21118,11/10/2024, 23:14:58,1066
APRL00001,Super Mario BOOM,21118,11/11/2024, 01:06:58,1066
APRL00001,Super Mario BOOM,21118,11/11/2024, 02:47:08,1066
APRL00001,Super Mario BOOM,21118,11/11/2024, 03:20:05,1066
APRL00001,Super Mario BOOM,21119,11/11/2024, 04:18:04,1066
APRL00001,Super Mario BOOM,21119,11/11/2024, 05:16:08,1066
APRL00001,Super Mario BOOM,21119,11/11/2024, 06:21:06,1066
APRL00001,Super Mario BOOM,21119,11/11/2024, 07:15:29,1066
APRL00001,Super Mario BOOM,21119,11/11/2024, 08:20:00,1066
APRL00001,Super Mario BOOM,21119,11/11/2024, 09:17:01,1066
APRL00001,Super Mario BOOM,21119,11/11/2024, 10:16:11,1066
APRL00001,Super Mario BOOM,21119,11/11/2024, 11:12:23,1066
APRL00001,Super Mario BOOM,21119,11/11/2024, 12:28:44,1066
APRL00001,Super Mario BOOM,21119,11/11/2024, 13:22:02,1066
APRL00001,Super Mario BOOM,21119,11/11/2024, 14:15:28,1066
APRL00001,Super Mario BOOM,21119,11/11/2024, 15:15:25,1066
APRL00001,Super Mario BOOM,21119,11/11/2024, 16:19:06,1066
APRL00001,Super Mario BOOM,21119,11/11/2024, 17:13:18,1066
APRL00001,Super Mario BOOM,21119,11/11/2024, 18:18:58,1066
APRL00001,Super Mario BOOM,21119,11/11/2024, 19:11:46,1066
APRL00001,Super Mario BOOM,21119,11/11/2024, 20:15:57,1066
APRL00001,Super Mario BOOM,21119,11/11/2024, 21:13:43,1066
APRL00001,Super Mario BOOM,21119,11/11/2024, 22:14:09,1066
APRL00001,Super Mario BOOM,21119,11/11/2024, 23:13:45,1066
APRL00001,Super Mario BOOM,21119,11/12/2024, 01:04:48,1066
APRL00001,Super Mario BOOM,21119,11/12/2024, 02:42:46,1066
APRL00001,Super Mario BOOM,21119,11/12/2024, 03:17:21,1066
APRL00001,Super Mario BOOM,21119,11/12/2024, 04:17:44,1066
APRL00001,Super Mario BOOM,21119,11/12/2024, 05:14:47,1066
APRL00001,Super Mario BOOM,21119,11/12/2024, 06:20:27,1066
APRL00001,Super Mario BOOM,21119,11/12/2024, 07:14:15,1066
APRL00001,Super Mario BOOM,21119,11/12/2024, 08:19:31,1066
APRL00001,Super Mario BOOM,21119,11/12/2024, 09:15:37,1066
APRL00001,Super Mario BOOM,21119,11/12/2024, 10:15:50,1066
APRL00001,Super Mario BOOM,21119,11/12/2024, 11:12:43,1066
APRL00001,Super Mario BOOM,21119,11/12/2024, 12:28:42,1066
APRL00001,Super Mario BOOM,21119,11/12/2024, 13:22:17,1066
APRL00001,Super Mario BOOM,21119,11/12/2024, 14:14:36,1066
APRL00001,Super Mario BOOM,21119,11/12/2024, 15:16:09,1066
APRL00001,Super Mario BOOM,21119,11/12/2024, 16:18:59,1066
APRL00001,Super Mario BOOM,21119,11/12/2024, 17:13:50,1066
APRL00001,Super Mario BOOM,21119,11/12/2024, 18:19:41,1066
APRL00001,Super Mario BOOM,21119,11/12/2024, 19:12:18,1066
APRL00001,Super Mario BOOM,21119,11/12/2024, 20:16:22,1066
APRL00001,Super Mario BOOM,21119,11/12/2024, 21:13:55,1066
APRL00001,Super Mario BOOM,21119,11/12/2024, 22:14:23,1066
APRL00001,Super Mario BOOM,21119,11/12/2024, 23:14:20,1066
APRL00001,Super Mario BOOM,21119,11/13/2024, 01:05:49,1066
APRL00001,Super Mario BOOM,21119,11/13/2024, 02:45:34,1066
APRL00001,Super Mario BOOM,21119,11/13/2024, 03:19:40,1066
APRL00001,Super Mario BOOM,21119,11/13/2024, 04:18:00,1066
APRL00001,Super Mario BOOM,21119,11/13/2024, 05:15:11,1066
APRL00001,Super Mario BOOM,21119,11/13/2024, 06:20:30,1066
APRL00001,Super Mario BOOM,21119,11/13/2024, 07:14:15,1066
APRL00001,Super Mario BOOM,21119,11/13/2024, 08:19:39,1066
APRL00001,Super Mario BOOM,21119,11/13/2024, 09:15:44,1066
APRL00001,Super Mario BOOM,21119,11/13/2024, 10:16:01,1066
APRL00001,Super Mario BOOM,21119,11/13/2024, 11:13:03,1066
APRL00001,Super Mario BOOM,21119,11/13/2024, 12:28:20,1066
APRL00001,Super Mario BOOM,21119,11/13/2024, 13:22:05,1066
APRL00001,Super Mario BOOM,21119,11/13/2024, 14:15:24,1066
APRL00001,Super Mario BOOM,21119,11/13/2024, 15:15:23,1066
APRL00001,Super Mario BOOM,21119,11/13/2024, 16:18:39,1066
APRL00001,Super Mario BOOM,21119,11/13/2024, 17:13:35,1066
APRL00001,Super Mario BOOM,21119,11/13/2024, 18:20:12,1066
APRL00001,Super Mario BOOM,21119,11/13/2024, 19:12:13,1066
APRL00001,Super Mario BOOM,21119,11/13/2024, 20:16:03,1066
APRL00001,Super Mario BOOM,21119,11/13/2024, 21:14:39,1066
APRL00001,Super Mario BOOM,21119,11/13/2024, 22:14:20,1066
APRL00001,Super Mario BOOM,21119,11/13/2024, 23:14:19,1066
APRL00001,Super Mario BOOM,21120,11/14/2024, 01:05:43,1066
APRL00001,Super Mario BOOM,21121,11/14/2024, 02:46:20,1066
APRL00001,Super Mario BOOM,21121,11/14/2024, 03:20:01,1066
APRL00001,Super Mario BOOM,21121,11/14/2024, 04:18:35,1066
APRL00001,Super Mario BOOM,21121,11/14/2024, 05:14:55,1066
APRL00001,Super Mario BOOM,21121,11/14/2024, 06:21:48,1066
APRL00001,Super Mario BOOM,21121,11/14/2024, 07:14:57,1066
APRL00001,Super Mario BOOM,21121,11/14/2024, 08:19:38,1066
APRL00001,Super Mario BOOM,21121,11/14/2024, 09:16:22,1066
APRL00001,Super Mario BOOM,21121,11/14/2024, 10:16:43,1066
APRL00001,Super Mario BOOM,21121,11/14/2024, 11:12:57,1066
APRL00001,Super Mario BOOM,21121,11/14/2024, 12:29:34,1066
APRL00001,Super Mario BOOM,21121,11/14/2024, 13:23:45,1066
APRL00001,Super Mario BOOM,21121,11/14/2024, 14:14:36,1066
APRL00001,Super Mario BOOM,21121,11/14/2024, 15:16:17,1066
APRL00001,Super Mario BOOM,21121,11/14/2024, 16:19:34,1066
APRL00001,Super Mario BOOM,21121,11/14/2024, 17:14:33,1066
APRL00001,Super Mario BOOM,21121,11/14/2024, 18:20:26,1066
APRL00001,Super Mario BOOM,21121,11/14/2024, 19:12:36,1066
APRL00001,Super Mario BOOM,21121,11/14/2024, 20:16:55,1066
APRL00001,Super Mario BOOM,21121,11/14/2024, 21:14:20,1066
APRL00001,Super Mario BOOM,21121,11/14/2024, 22:14:55,1066
APRL00001,Super Mario BOOM,21121,11/14/2024, 23:15:33,1066
APRL00001,Super Mario BOOM,21121,11/15/2024, 01:10:04,1066
APRL00001,Super Mario BOOM,21121,11/15/2024, 02:55:51,1066
APRL00001,Super Mario BOOM,21121,11/15/2024, 03:28:03,1066
APRL00001,Super Mario BOOM,21121,11/15/2024, 04:18:50,1066
APRL00001,Super Mario BOOM,21121,11/15/2024, 05:15:35,1066
APRL00001,Super Mario BOOM,21121,11/15/2024, 06:24:26,1066
APRL00001,Super Mario BOOM,21121,11/15/2024, 07:15:24,1066
APRL00001,Super Mario BOOM,21121,11/15/2024, 08:19:40,1066
APRL00001,Super Mario BOOM,21122,11/15/2024, 09:16:10,1066
APRL00001,Super Mario BOOM,21122,11/15/2024, 10:16:53,1066
APRL00001,Super Mario BOOM,21122,11/15/2024, 11:13:43,1066
APRL00001,Super Mario BOOM,21122,11/15/2024, 12:29:18,1066
APRL00001,Super Mario BOOM,21122,11/15/2024, 13:24:13,1066
APRL00001,Super Mario BOOM,21122,11/15/2024, 14:15:14,1066
APRL00001,Super Mario BOOM,21122,11/15/2024, 15:16:01,1066
APRL00001,Super Mario BOOM,21122,11/15/2024, 16:19:17,1066
APRL00001,Super Mario BOOM,21122,11/15/2024, 17:14:04,1066
APRL00001,Super Mario BOOM,21122,11/15/2024, 18:21:08,1066
APRL00001,Super Mario BOOM,21122,11/15/2024, 19:12:37,1066
APRL00001,Super Mario BOOM,21122,11/15/2024, 20:16:37,1066
APRL00001,Super Mario BOOM,21122,11/15/2024, 21:14:34,1066
APRL00001,Super Mario BOOM,21122,11/15/2024, 22:15:37,1066
APRL00001,Super Mario BOOM,21122,11/15/2024, 23:14:50,1066
APRL00001,Super Mario BOOM,21122,11/16/2024, 01:08:42,1066
APRL00001,Super Mario BOOM,21122,11/16/2024, 02:52:50,1066
APRL00001,Super Mario BOOM,21122,11/16/2024, 03:25:05,1066
APRL00001,Super Mario BOOM,21122,11/16/2024, 04:17:49,1066
APRL00001,Super Mario BOOM,21122,11/16/2024, 05:15:26,1066
APRL00001,Super Mario BOOM,21122,11/16/2024, 06:19:53,1066
APRL00001,Super Mario BOOM,21122,11/16/2024, 07:13:39,1066
APRL00001,Super Mario BOOM,21122,11/16/2024, 08:18:04,1066
APRL00001,Super Mario BOOM,21122,11/16/2024, 09:14:58,1066
APRL00001,Super Mario BOOM,21122,11/16/2024, 10:15:07,1066
APRL00001,Super Mario BOOM,21122,11/16/2024, 11:11:56,1066
APRL00001,Super Mario BOOM,21122,11/16/2024, 12:27:23,1066
APRL00001,Super Mario BOOM,21122,11/16/2024, 13:20:47,1066
APRL00001,Super Mario BOOM,21122,11/16/2024, 14:13:20,1066
APRL00001,Super Mario BOOM,21122,11/16/2024, 15:14:29,1066
APRL00001,Super Mario BOOM,21123,11/16/2024, 16:18:22,1066
APRL00001,Super Mario BOOM,21123,11/16/2024, 17:12:52,1066
APRL00001,Super Mario BOOM,21123,11/16/2024, 18:18:19,1066
APRL00001,Super Mario BOOM,21123,11/16/2024, 19:11:29,1066
APRL00001,Super Mario BOOM,21123,11/16/2024, 20:15:37,1066
APRL00001,Super Mario BOOM,21123,11/16/2024, 21:14:07,1066
APRL00001,Super Mario BOOM,21123,11/16/2024, 22:13:53,1066
APRL00001,Super Mario BOOM,21123,11/16/2024, 23:15:22,1066
APRL00001,Super Mario BOOM,21123,11/17/2024, 01:13:35,1066
APRL00001,Super Mario BOOM,21123,11/17/2024, 02:58:43,1066
APRL00001,Super Mario BOOM,21123,11/17/2024, 03:32:37,1066
APRL00001,Super Mario BOOM,21123,11/17/2024, 04:17:46,1066
APRL00001,Super Mario BOOM,21123,11/17/2024, 05:15:24,1066
APRL00001,Super Mario BOOM,21123,11/17/2024, 06:20:40,1066
APRL00001,Super Mario BOOM,21123,11/17/2024, 07:14:42,1066
APRL00001,Super Mario BOOM,21123,11/17/2024, 08:18:01,1066
APRL00001,Super Mario BOOM,21123,11/17/2024, 09:15:53,1066
APRL00001,Super Mario BOOM,21123,11/17/2024, 10:15:30,1066
APRL00001,Super Mario BOOM,21123,11/17/2024, 11:12:37,1066
APRL00001,Super Mario BOOM,21123,11/17/2024, 12:26:52,1066
APRL00001,Super Mario BOOM,21123,11/17/2024, 13:20:31,1066
APRL00001,Super Mario BOOM,21123,11/17/2024, 14:13:13,1066
APRL00001,Super Mario BOOM,21123,11/17/2024, 15:14:25,1066
APRL00001,Super Mario BOOM,21124,11/17/2024, 16:16:54,1066
APRL00001,Super Mario BOOM,21124,11/17/2024, 17:12:49,1066
APRL00001,Super Mario BOOM,21124,11/17/2024, 18:18:47,1066
APRL00001,Super Mario BOOM,21124,11/17/2024, 19:11:43,1066
APRL00001,Super Mario BOOM,21124,11/17/2024, 20:15:34,1066
APRL00001,Super Mario BOOM,21124,11/17/2024, 21:13:36,1066
APRL00001,Super Mario BOOM,21124,11/17/2024, 22:14:05,1066
APRL00001,Super Mario BOOM,21124,11/17/2024, 23:15:14,1066
APRL00001,Super Mario BOOM,21124,11/18/2024, 01:11:30,1066
APRL00001,Super Mario BOOM,21124,11/18/2024, 02:58:04,1066
APRL00001,Super Mario BOOM,21124,11/18/2024, 03:32:07,1066
APRL00001,Super Mario BOOM,21124,11/18/2024, 04:19:00,1066
APRL00001,Super Mario BOOM,21125,11/18/2024, 05:16:14,1066
APRL00001,Super Mario BOOM,21125,11/18/2024, 06:22:36,1066
APRL00001,Super Mario BOOM,21125,11/18/2024, 07:16:29,1066
APRL00001,Super Mario BOOM,21125,11/18/2024, 08:21:15,1066
APRL00001,Super Mario BOOM,21125,11/18/2024, 09:17:52,1066
APRL00001,Super Mario BOOM,21125,11/18/2024, 10:17:48,1066
APRL00001,Super Mario BOOM,21125,11/18/2024, 11:14:17,1066
APRL00001,Super Mario BOOM,21125,11/18/2024, 12:30:43,1066
APRL00001,Super Mario BOOM,21125,11/18/2024, 13:25:42,1066
APRL00001,Super Mario BOOM,21125,11/18/2024, 14:15:08,1066
APRL00001,Super Mario BOOM,21125,11/18/2024, 15:17:01,1066
APRL00001,Super Mario BOOM,21125,11/18/2024, 16:19:36,1066
APRL00001,Super Mario BOOM,21125,11/18/2024, 17:14:10,1066
APRL00001,Super Mario BOOM,21125,11/18/2024, 18:21:06,1066
APRL00001,Super Mario BOOM,21125,11/18/2024, 19:12:59,1066
APRL00001,Super Mario BOOM,21125,11/18/2024, 20:17:10,1066
APRL00001,Super Mario BOOM,21125,11/18/2024, 21:13:26,1066
APRL00001,Super Mario BOOM,21125,11/18/2024, 22:14:37,1066
APRL00001,Super Mario BOOM,21125,11/18/2024, 23:14:56,1066
APRL00001,Super Mario BOOM,21125,11/19/2024, 01:10:08,1066
APRL00001,Super Mario BOOM,21126,11/19/2024, 02:55:42,1066
APRL00001,Super Mario BOOM,21126,11/19/2024, 03:27:35,1066
APRL00001,Super Mario BOOM,21126,11/19/2024, 04:18:46,1066
APRL00001,Super Mario BOOM,21126,11/19/2024, 05:15:23,1066
APRL00001,Super Mario BOOM,21127,11/19/2024, 06:21:42,1066
APRL00001,Super Mario BOOM,21127,11/19/2024, 07:15:31,1066
APRL00001,Super Mario BOOM,21127,11/19/2024, 08:20:18,1066
APRL00001,Super Mario BOOM,21127,11/19/2024, 09:17:15,1066
APRL00001,Super Mario BOOM,21127,11/19/2024, 10:16:56,1066
APRL00001,Super Mario BOOM,21127,11/19/2024, 11:13:34,1066
APRL00001,Super Mario BOOM,21127,11/19/2024, 12:29:49,1066
APRL00001,Super Mario BOOM,21127,11/19/2024, 13:25:49,1066
APRL00001,Super Mario BOOM,21127,11/19/2024, 14:15:34,1066
APRL00001,Super Mario BOOM,21127,11/19/2024, 15:16:23,1066
APRL00001,Super Mario BOOM,21127,11/19/2024, 16:19:34,1066
APRL00001,Super Mario BOOM,21128,11/19/2024, 17:14:23,1066
APRL00001,Super Mario BOOM,21129,11/19/2024, 18:21:19,1066
APRL00001,Super Mario BOOM,21130,11/19/2024, 19:13:00,1066
APRL00001,Super Mario BOOM,21130,11/19/2024, 20:16:56,1066
APRL00001,Super Mario BOOM,21130,11/19/2024, 21:14:37,1066
APRL00001,Super Mario BOOM,21130,11/19/2024, 22:14:27,1066
APRL00001,Super Mario BOOM,21130,11/19/2024, 23:14:56,1066
APRL00001,Super Mario BOOM,21131,11/20/2024, 01:09:03,1066
APRL00001,Super Mario BOOM,21131,11/20/2024, 02:54:39,1066
APRL00001,Super Mario BOOM,21131,11/20/2024, 03:26:44,1066
APRL00001,Super Mario BOOM,21131,11/20/2024, 04:18:57,1066
APRL00001,Super Mario BOOM,21131,11/20/2024, 05:15:16,1066
APRL00001,Super Mario BOOM,21131,11/20/2024, 06:21:29,1066
APRL00001,Super Mario BOOM,21131,11/20/2024, 07:15:10,1066
APRL00001,Super Mario BOOM,21131,11/20/2024, 08:20:25,1066
APRL00001,Super Mario BOOM,21131,11/20/2024, 09:16:43,1066
APRL00001,Super Mario BOOM,21131,11/20/2024, 10:17:04,1066
APRL00001,Super Mario BOOM,21131,11/20/2024, 11:13:17,1066
APRL00001,Super Mario BOOM,21131,11/20/2024, 12:29:39,1066
APRL00001,Super Mario BOOM,21131,11/20/2024, 13:25:11,1066
APRL00001,Super Mario BOOM,21131,11/20/2024, 14:14:55,1066
APRL00001,Super Mario BOOM,21131,11/20/2024, 15:16:33,1066
APRL00001,Super Mario BOOM,21131,11/20/2024, 16:19:33,1066
APRL00001,Super Mario BOOM,21131,11/20/2024, 17:14:43,1066
APRL00001,Super Mario BOOM,21131,11/20/2024, 18:21:10,1066
APRL00001,Super Mario BOOM,21131,11/20/2024, 19:13:14,1066
APRL00001,Super Mario BOOM,21131,11/20/2024, 20:17:26,1066
APRL00001,Super Mario BOOM,21131,11/20/2024, 21:14:39,1066
APRL00001,Super Mario BOOM,21132,11/20/2024, 22:15:02,1066
APRL00001,Super Mario BOOM,21132,11/20/2024, 23:15:13,1066
APRL00001,Super Mario BOOM,21132,11/21/2024, 01:08:46,1066
APRL00001,Super Mario BOOM,21132,11/21/2024, 02:54:20,1066
APRL00001,Super Mario BOOM,21132,11/21/2024, 03:26:46,1066
APRL00001,Super Mario BOOM,21132,11/21/2024, 04:19:21,1066
APRL00001,Super Mario BOOM,21132,11/21/2024, 05:15:18,1066
APRL00001,Super Mario BOOM,21132,11/21/2024, 06:21:43,1066
APRL00001,Super Mario BOOM,21132,11/21/2024, 07:15:06,1066
APRL00001,Super Mario BOOM,21132,11/21/2024, 08:20:13,1066
APRL00001,Super Mario BOOM,21132,11/21/2024, 09:16:55,1066
APRL00001,Super Mario BOOM,21132,11/21/2024, 10:17:14,1066
APRL00001,Super Mario BOOM,21132,11/21/2024, 11:13:48,1066
APRL00001,Super Mario BOOM,21132,11/21/2024, 12:30:27,1066
APRL00001,Super Mario BOOM,21132,11/21/2024, 13:24:56,1066
APRL00001,Super Mario BOOM,21132,11/21/2024, 14:15:22,1066
APRL00001,Super Mario BOOM,21132,11/21/2024, 15:16:30,1066
APRL00001,Super Mario BOOM,21132,11/21/2024, 16:19:31,1066
APRL00001,Super Mario BOOM,21132,11/21/2024, 17:14:22,1066
APRL00001,Super Mario BOOM,21132,11/21/2024, 18:20:53,1066
APRL00001,Super Mario BOOM,21132,11/21/2024, 19:12:44,1066
APRL00001,Super Mario BOOM,21132,11/21/2024, 20:17:10,1066
APRL00001,Super Mario BOOM,21132,11/21/2024, 21:14:36,1066
APRL00001,Super Mario BOOM,21132,11/21/2024, 22:14:39,1066
APRL00001,Super Mario BOOM,21132,11/21/2024, 23:15:12,1066
APRL00001,Super Mario BOOM,21132,11/22/2024, 01:10:04,1066
APRL00001,Super Mario BOOM,21132,11/22/2024, 02:55:30,1066
APRL00001,Super Mario BOOM,21132,11/22/2024, 03:27:45,1066
APRL00001,Super Mario BOOM,21132,11/22/2024, 04:19:00,1066
APRL00001,Super Mario BOOM,21132,11/22/2024, 05:15:23,1066
APRL00001,Super Mario BOOM,21133,11/22/2024, 06:21:23,1066
APRL00001,Super Mario BOOM,21133,11/22/2024, 07:15:37,1066
APRL00001,Super Mario BOOM,21133,11/22/2024, 08:20:02,1066
APRL00001,Super Mario BOOM,21133,11/22/2024, 09:16:43,1066
APRL00001,Super Mario BOOM,21133,11/22/2024, 10:16:49,1066
APRL00001,Super Mario BOOM,21133,11/22/2024, 11:13:14,1066
APRL00001,Super Mario BOOM,21133,11/22/2024, 12:29:42,1066
APRL00001,Super Mario BOOM,21133,11/22/2024, 13:24:43,1066
APRL00001,Super Mario BOOM,21133,11/22/2024, 14:14:32,1066
APRL00001,Super Mario BOOM,21133,11/22/2024, 15:16:36,1066
APRL00001,Super Mario BOOM,21133,11/22/2024, 16:19:18,1066
APRL00001,Super Mario BOOM,21133,11/22/2024, 17:14:54,1066
APRL00001,Super Mario BOOM,21133,11/22/2024, 18:20:37,1066
APRL00001,Super Mario BOOM,21133,11/22/2024, 19:13:01,1066
APRL00001,Super Mario BOOM,21133,11/22/2024, 20:16:47,1066
APRL00001,Super Mario BOOM,21133,11/22/2024, 21:14:28,1066
APRL00001,Super Mario BOOM,21133,11/22/2024, 22:14:26,1066
APRL00001,Super Mario BOOM,21133,11/22/2024, 23:15:32,1066
APRL00001,Super Mario BOOM,21133,11/23/2024, 01:06:59,1066
APRL00001,Super Mario BOOM,21133,11/23/2024, 02:50:28,1066
APRL00001,Super Mario BOOM,21134,11/23/2024, 03:24:55,1066
APRL00001,Super Mario BOOM,21135,11/23/2024, 04:19:27,1066
APRL00001,Super Mario BOOM,21135,11/23/2024, 05:14:45,1066
APRL00001,Super Mario BOOM,21135,11/23/2024, 06:20:35,1066
APRL00001,Super Mario BOOM,21135,11/23/2024, 07:13:52,1066
APRL00001,Super Mario BOOM,21135,11/23/2024, 08:18:23,1066
APRL00001,Super Mario BOOM,21135,11/23/2024, 09:14:54,1066
APRL00001,Super Mario BOOM,21135,11/23/2024, 10:15:00,1066
APRL00001,Super Mario BOOM,21135,11/23/2024, 11:11:56,1066
APRL00001,Super Mario BOOM,21135,11/23/2024, 12:26:35,1066
APRL00001,Super Mario BOOM,21135,11/23/2024, 13:20:44,1066
APRL00001,Super Mario BOOM,21135,11/23/2024, 14:13:35,1066
APRL00001,Super Mario BOOM,21135,11/23/2024, 15:14:03,1066
APRL00001,Super Mario BOOM,21135,11/23/2024, 16:16:51,1066
APRL00001,Super Mario BOOM,21135,11/23/2024, 17:13:41,1066
APRL00001,Super Mario BOOM,21135,11/23/2024, 18:18:30,1066
APRL00001,Super Mario BOOM,21135,11/23/2024, 19:11:40,1066
APRL00001,Super Mario BOOM,21136,11/23/2024, 20:16:51,1066
APRL00001,Super Mario BOOM,21136,11/23/2024, 21:14:59,1066
APRL00001,Super Mario BOOM,21136,11/23/2024, 22:14:00,1066
APRL00001,Super Mario BOOM,21136,11/23/2024, 23:15:22,1066
APRL00001,Super Mario BOOM,21136,11/24/2024, 01:15:08,1066
APRL00001,Super Mario BOOM,21136,11/24/2024, 03:00:12,1066
APRL00001,Super Mario BOOM,21136,11/24/2024, 03:36:00,1066
APRL00001,Super Mario BOOM,21136,11/24/2024, 04:18:43,1066
APRL00001,Super Mario BOOM,21136,11/24/2024, 05:15:36,1066
APRL00001,Super Mario BOOM,21136,11/24/2024, 06:21:02,1066
APRL00001,Super Mario BOOM,21136,11/24/2024, 07:14:12,1066
APRL00001,Super Mario BOOM,21136,11/24/2024, 08:18:16,1066
APRL00001,Super Mario BOOM,21136,11/24/2024, 09:14:35,1066
APRL00001,Super Mario BOOM,21136,11/24/2024, 10:15:49,1066
APRL00001,Super Mario BOOM,21136,11/24/2024, 11:11:48,1066
APRL00001,Super Mario BOOM,21136,11/24/2024, 12:27:10,1066
APRL00001,Super Mario BOOM,21136,11/24/2024, 13:20:53,1066
APRL00001,Super Mario BOOM,21136,11/24/2024, 14:14:06,1066
APRL00001,Super Mario BOOM,21136,11/24/2024, 15:15:05,1066
APRL00001,Super Mario BOOM,21136,11/24/2024, 16:17:07,1066
APRL00001,Super Mario BOOM,21136,11/24/2024, 17:13:27,1066
APRL00001,Super Mario BOOM,21136,11/24/2024, 18:18:43,1066
APRL00001,Super Mario BOOM,21136,11/24/2024, 19:13:19,1066
APRL00001,Super Mario BOOM,21136,11/24/2024, 20:15:47,1066
APRL00001,Super Mario BOOM,21136,11/24/2024, 21:13:56,1066
APRL00001,Super Mario BOOM,21136,11/24/2024, 22:13:57,1066
APRL00001,Super Mario BOOM,21136,11/24/2024, 23:15:23,1066
APRL00001,Super Mario BOOM,21136,11/25/2024, 01:11:26,1066
APRL00001,Super Mario BOOM,21136,11/25/2024, 02:57:56,1066
APRL00001,Super Mario BOOM,21136,11/25/2024, 03:31:49,1066
APRL00001,Super Mario BOOM,21136,11/25/2024, 04:19:04,1066
APRL00001,Super Mario BOOM,21136,11/25/2024, 05:16:19,1066
APRL00001,Super Mario BOOM,21136,11/25/2024, 06:22:24,1066
APRL00001,Super Mario BOOM,21136,11/25/2024, 07:16:18,1066
APRL00001,Super Mario BOOM,21136,11/25/2024, 08:21:15,1066
APRL00001,Super Mario BOOM,21136,11/25/2024, 09:17:56,1066
APRL00001,Super Mario BOOM,21136,11/25/2024, 10:17:50,1066
APRL00001,Super Mario BOOM,21136,11/25/2024, 11:13:44,1066
APRL00001,Super Mario BOOM,21136,11/25/2024, 12:30:49,1066
APRL00001,Super Mario BOOM,21136,11/25/2024, 13:25:56,1066
APRL00001,Super Mario BOOM,21136,11/25/2024, 14:15:10,1066
APRL00001,Super Mario BOOM,21136,11/25/2024, 15:17:08,1066
APRL00001,Super Mario BOOM,21136,11/25/2024, 16:19:25,1066
APRL00001,Super Mario BOOM,21136,11/25/2024, 17:14:39,1066
APRL00001,Super Mario BOOM,21136,11/25/2024, 18:20:59,1066
APRL00001,Super Mario BOOM,21136,11/25/2024, 19:13:17,1066
APRL00001,Super Mario BOOM,21136,11/25/2024, 20:17:37,1066
APRL00001,Super Mario BOOM,21136,11/25/2024, 21:15:07,1066
APRL00001,Super Mario BOOM,21136,11/25/2024, 22:14:49,1066
APRL00001,Super Mario BOOM,21136,11/25/2024, 23:15:37,1066
APRL00001,Super Mario BOOM,21136,11/26/2024, 01:10:19,1066
APRL00001,Super Mario BOOM,21136,11/26/2024, 02:56:40,1066
APRL00001,Super Mario BOOM,21136,11/26/2024, 03:29:28,1066
APRL00001,Super Mario BOOM,21136,11/26/2024, 04:18:54,1066
APRL00001,Super Mario BOOM,21136,11/26/2024, 05:15:46,1066
APRL00001,Super Mario BOOM,21136,11/26/2024, 06:22:07,1066
APRL00001,Super Mario BOOM,21137,11/26/2024, 07:15:44,1066
APRL00001,Super Mario BOOM,21137,11/26/2024, 08:20:48,1066
APRL00001,Super Mario BOOM,21137,11/26/2024, 09:17:37,1066
APRL00001,Super Mario BOOM,21137,11/26/2024, 10:17:24,1066
APRL00001,Super Mario BOOM,21137,11/26/2024, 11:13:47,1066
APRL00001,Super Mario BOOM,21137,11/26/2024, 12:30:24,1066
APRL00001,Super Mario BOOM,21138,11/26/2024, 13:26:30,1066
APRL00001,Super Mario BOOM,21138,11/26/2024, 14:15:43,1066
APRL00001,Super Mario BOOM,21138,11/26/2024, 15:17:14,1066
APRL00001,Super Mario BOOM,21138,11/26/2024, 16:20:39,1066
APRL00001,Super Mario BOOM,21138,11/26/2024, 17:14:39,1066
APRL00001,Super Mario BOOM,21138,11/26/2024, 18:21:35,1066
APRL00001,Super Mario BOOM,21138,11/26/2024, 19:13:30,1066
APRL00001,Super Mario BOOM,21138,11/26/2024, 20:17:12,1066
APRL00001,Super Mario BOOM,21138,11/26/2024, 21:15:18,1066
APRL00001,Super Mario BOOM,21138,11/26/2024, 22:15:14,1066
APRL00001,Super Mario BOOM,21138,11/26/2024, 23:15:10,1066
APRL00001,Super Mario BOOM,21138,11/27/2024, 01:11:04,1066
APRL00001,Super Mario BOOM,21138,11/27/2024, 02:58:54,1066
APRL00001,Super Mario BOOM,21138,11/27/2024, 03:33:54,1066
APRL00001,Super Mario BOOM,21138,11/27/2024, 04:19:02,1066
APRL00001,Super Mario BOOM,21138,11/27/2024, 05:16:00,1066
APRL00001,Super Mario BOOM,21138,11/27/2024, 06:22:27,1066
APRL00001,Super Mario BOOM,21138,11/27/2024, 07:15:38,1066
APRL00001,Super Mario BOOM,21138,11/27/2024, 08:20:59,1066
APRL00001,Super Mario BOOM,21138,11/27/2024, 09:16:50,1066
APRL00001,Super Mario BOOM,21138,11/27/2024, 10:17:40,1066
APRL00001,Super Mario BOOM,21138,11/27/2024, 11:14:05,1066
APRL00001,Super Mario BOOM,21138,11/27/2024, 12:30:27,1066
APRL00001,Super Mario BOOM,21138,11/27/2024, 13:26:22,1066
APRL00001,Super Mario BOOM,21138,11/27/2024, 14:15:23,1066
APRL00001,Super Mario BOOM,21138,11/27/2024, 15:16:33,1066
APRL00001,Super Mario BOOM,21138,11/27/2024, 16:19:25,1066
APRL00001,Super Mario BOOM,21138,11/27/2024, 17:14:15,1066
APRL00001,Super Mario BOOM,21138,11/27/2024, 18:21:17,1066
APRL00001,Super Mario BOOM,21138,11/27/2024, 19:13:21,1066
APRL00001,Super Mario BOOM,21138,11/27/2024, 20:17:18,1066
APRL00001,Super Mario BOOM,21138,11/27/2024, 21:14:45,1066
APRL00001,Super Mario BOOM,21138,11/27/2024, 22:14:52,1066
APRL00001,Super Mario BOOM,21139,11/27/2024, 23:15:11,1066
APRL00001,Super Mario BOOM,21139,11/28/2024, 01:11:06,1066
APRL00001,Super Mario BOOM,21139,11/28/2024, 02:58:30,1066
APRL00001,Super Mario BOOM,21139,11/28/2024, 03:33:39,1066
APRL00001,Super Mario BOOM,21139,11/28/2024, 04:19:12,1066
APRL00001,Super Mario BOOM,21139,11/28/2024, 05:15:55,1066
APRL00001,Super Mario BOOM,21139,11/28/2024, 06:22:32,1066
APRL00001,Super Mario BOOM,21139,11/28/2024, 07:16:03,1066
APRL00001,Super Mario BOOM,21139,11/28/2024, 08:21:00,1066
APRL00001,Super Mario BOOM,21139,11/28/2024, 09:17:23,1066
APRL00001,Super Mario BOOM,21139,11/28/2024, 10:17:18,1066
APRL00001,Super Mario BOOM,21139,11/28/2024, 11:13:29,1066
APRL00001,Super Mario BOOM,21139,11/28/2024, 12:30:43,1066
APRL00001,Super Mario BOOM,21139,11/28/2024, 13:25:56,1066
APRL00001,Super Mario BOOM,21139,11/28/2024, 14:15:02,1066
APRL00001,Super Mario BOOM,21139,11/28/2024, 15:16:25,1066
APRL00001,Super Mario BOOM,21139,11/28/2024, 16:19:22,1066
APRL00001,Super Mario BOOM,21139,11/28/2024, 17:14:08,1066
APRL00001,Super Mario BOOM,21140,11/28/2024, 18:20:32,1066
APRL00001,Super Mario BOOM,21140,11/28/2024, 19:13:03,1066
APRL00001,Super Mario BOOM,21141,11/28/2024, 20:16:55,1066
APRL00001,Super Mario BOOM,21141,11/28/2024, 21:14:34,1066
APRL00001,Super Mario BOOM,21141,11/28/2024, 22:14:33,1066
APRL00001,Super Mario BOOM,21141,11/28/2024, 23:15:14,1066
APRL00001,Super Mario BOOM,21141,11/29/2024, 01:10:56,1066
APRL00001,Super Mario BOOM,21142,11/29/2024, 02:58:28,1066
APRL00001,Super Mario BOOM,21142,11/29/2024, 03:32:57,1066
APRL00001,Super Mario BOOM,21142,11/29/2024, 04:19:13,1066
APRL00001,Super Mario BOOM,21142,11/29/2024, 05:16:07,1066
APRL00001,Super Mario BOOM,21142,11/29/2024, 06:22:25,1066
APRL00001,Super Mario BOOM,21142,11/29/2024, 07:15:33,1066
APRL00001,Super Mario BOOM,21142,11/29/2024, 08:20:25,1066
APRL00001,Super Mario BOOM,21142,11/29/2024, 09:17:18,1066
APRL00001,Super Mario BOOM,21142,11/29/2024, 10:16:50,1066
APRL00001,Super Mario BOOM,21142,11/29/2024, 11:13:15,1066
APRL00001,Super Mario BOOM,21142,11/29/2024, 12:30:05,1066
APRL00001,Super Mario BOOM,21142,11/29/2024, 13:25:33,1066
APRL00001,Super Mario BOOM,21142,11/29/2024, 14:14:58,1066
APRL00001,Super Mario BOOM,21142,11/29/2024, 15:16:41,1066
APRL00001,Super Mario BOOM,21142,11/29/2024, 16:19:13,1066
APRL00001,Super Mario BOOM,21142,11/29/2024, 17:14:23,1066
APRL00001,Super Mario BOOM,21142,11/29/2024, 18:20:43,1066
APRL00001,Super Mario BOOM,21142,11/29/2024, 19:13:21,1066
APRL00001,Super Mario BOOM,21142,11/29/2024, 20:16:40,1066
APRL00001,Super Mario BOOM,21142,11/29/2024, 21:14:25,1066
APRL00001,Super Mario BOOM,21142,11/29/2024, 22:14:36,1066
APRL00001,Super Mario BOOM,21142,11/29/2024, 23:15:25,1066
APRL00001,Super Mario BOOM,21143,11/30/2024, 01:09:16,1066
APRL00001,Super Mario BOOM,21143,11/30/2024, 02:53:20,1066
APRL00001,Super Mario BOOM,21143,11/30/2024, 03:26:11,1066
APRL00001,Super Mario BOOM,21143,11/30/2024, 04:18:31,1066
APRL00001,Super Mario BOOM,21143,11/30/2024, 05:14:30,1066
APRL00001,Super Mario BOOM,21143,11/30/2024, 06:20:05,1066
APRL00001,Super Mario BOOM,21143,11/30/2024, 07:14:06,1066
APRL00001,Super Mario BOOM,21144,11/30/2024, 08:18:55,1066
APRL00001,Super Mario BOOM,21144,11/30/2024, 09:15:17,1066
APRL00001,Super Mario BOOM,21144,11/30/2024, 10:15:08,1066
APRL00001,Super Mario BOOM,21144,11/30/2024, 11:13:09,1066
APRL00001,Super Mario BOOM,21144,11/30/2024, 12:27:29,1066
APRL00001,Super Mario BOOM,21144,11/30/2024, 13:21:19,1066
APRL00001,Super Mario BOOM,21144,11/30/2024, 14:13:33,1066
APRL00001,Super Mario BOOM,21144,11/30/2024, 15:14:36,1066
APRL00001,Super Mario BOOM,21144,11/30/2024, 16:17:15,1066
APRL00001,Super Mario BOOM,21145,11/30/2024, 17:13:04,1066
APRL00001,Super Mario BOOM,21145,11/30/2024, 18:18:54,1066
APRL00001,Super Mario BOOM,21145,11/30/2024, 19:11:54,1066
APRL00001,Super Mario BOOM,21145,11/30/2024, 20:16:11,1066
APRL00001,Super Mario BOOM,21145,11/30/2024, 21:13:52,1066
APRL00001,Super Mario BOOM,21145,11/30/2024, 22:14:23,1066
APRL00001,Super Mario BOOM,21145,11/30/2024, 23:14:38,1066
APRL00001,Super Mario BOOM,21145,12/01/2024, 01:22:12,1066
APRL00001,Super Mario BOOM,21145,12/01/2024, 03:13:36,1066
APRL00001,Super Mario BOOM,21145,12/01/2024, 04:20:58,1066
APRL00001,Super Mario BOOM,21145,12/01/2024, 05:15:21,1066
APRL00001,Super Mario BOOM,21145,12/01/2024, 06:21:15,1066
APRL00001,Super Mario BOOM,21145,12/01/2024, 07:14:41,1066
APRL00001,Super Mario BOOM,21146,12/01/2024, 08:19:15,1066
APRL00001,Super Mario BOOM,21146,12/01/2024, 09:15:13,1066
APRL00001,Super Mario BOOM,21146,12/01/2024, 10:15:47,1066
APRL00001,Super Mario BOOM,21146,12/01/2024, 11:12:41,1066
APRL00001,Super Mario BOOM,21146,12/01/2024, 12:28:01,1066
APRL00001,Super Mario BOOM,21146,12/01/2024, 13:22:59,1066
APRL00001,Super Mario BOOM,21146,12/01/2024, 14:13:36,1066
APRL00001,Super Mario BOOM,21146,12/01/2024, 15:14:56,1066
APRL00001,Super Mario BOOM,21146,12/01/2024, 16:17:24,1066
APRL00001,Super Mario BOOM,21147,12/01/2024, 17:13:16,1066
APRL00001,Super Mario BOOM,21147,12/01/2024, 18:19:58,1066
APRL00001,Super Mario BOOM,21147,12/01/2024, 19:12:32,1066
APRL00001,Super Mario BOOM,21147,12/01/2024, 20:16:39,1066
APRL00001,Super Mario BOOM,21147,12/01/2024, 21:14:21,1066
APRL00001,Super Mario BOOM,21147,12/01/2024, 22:14:29,1066
APRL00001,Super Mario BOOM,21147,12/01/2024, 23:14:39,1066
APRL00001,Super Mario BOOM,21147,12/02/2024, 01:13:39,1066
APRL00001,Super Mario BOOM,21147,12/02/2024, 03:02:37,1066
APRL00001,Super Mario BOOM,21147,12/02/2024, 04:19:37,1066
APRL00001,Super Mario BOOM,21147,12/02/2024, 05:16:31,1066
APRL00001,Super Mario BOOM,21147,12/02/2024, 06:22:54,1066
APRL00001,Super Mario BOOM,21147,12/02/2024, 07:16:50,1066
APRL00001,Super Mario BOOM,21147,12/02/2024, 08:22:08,1066
APRL00001,Super Mario BOOM,21147,12/02/2024, 09:18:35,1066
APRL00001,Super Mario BOOM,21147,12/02/2024, 10:18:14,1066
APRL00001,Super Mario BOOM,21147,12/02/2024, 11:13:55,1066
APRL00001,Super Mario BOOM,21147,12/02/2024, 12:32:00,1066
APRL00001,Super Mario BOOM,21147,12/02/2024, 13:26:30,1066
APRL00001,Super Mario BOOM,21147,12/02/2024, 14:15:16,1066
APRL00001,Super Mario BOOM,21147,12/02/2024, 15:17:06,1066
APRL00001,Super Mario BOOM,21147,12/02/2024, 16:20:11,1066
APRL00001,Super Mario BOOM,21147,12/02/2024, 17:14:37,1066
APRL00001,Super Mario BOOM,21148,12/02/2024, 18:21:40,1066
APRL00001,Super Mario BOOM,21148,12/02/2024, 19:13:30,1066
APRL00001,Super Mario BOOM,21148,12/02/2024, 20:16:31,1066
APRL00001,Super Mario BOOM,21148,12/02/2024, 21:14:50,1066
APRL00001,Super Mario BOOM,21148,12/02/2024, 22:14:59,1066
APRL00001,Super Mario BOOM,21148,12/02/2024, 23:17:11,1066
APRL00001,Super Mario BOOM,21148,12/03/2024, 01:12:49,1066
APRL00001,Super Mario BOOM,21148,12/03/2024, 03:03:01,1066
APRL00001,Super Mario BOOM,21148,12/03/2024, 04:20:08,1066
APRL00001,Super Mario BOOM,21148,12/03/2024, 05:16:21,1066
APRL00001,Super Mario BOOM,21148,12/03/2024, 06:22:41,1066
APRL00001,Super Mario BOOM,21148,12/03/2024, 07:15:43,1066
APRL00001,Super Mario BOOM,21148,12/03/2024, 08:20:29,1066
APRL00001,Super Mario BOOM,21148,12/03/2024, 09:17:16,1066
APRL00001,Super Mario BOOM,21148,12/03/2024, 10:18:10,1066
APRL00001,Super Mario BOOM,21148,12/03/2024, 11:14:01,1066
APRL00001,Super Mario BOOM,21148,12/03/2024, 12:30:50,1066
APRL00001,Super Mario BOOM,21148,12/03/2024, 13:26:26,1066
APRL00001,Super Mario BOOM,21148,12/03/2024, 14:14:40,1066
APRL00001,Super Mario BOOM,21148,12/03/2024, 15:16:50,1066
APRL00001,Super Mario BOOM,21148,12/03/2024, 16:19:50,1066
APRL00001,Super Mario BOOM,21148,12/03/2024, 17:15:36,1066
APRL00001,Super Mario BOOM,21149,12/03/2024, 18:19:26,1066
APRL00001,Super Mario BOOM,21149,12/03/2024, 19:13:30,1066
APRL00001,Super Mario BOOM,21149,12/03/2024, 20:17:35,1066
APRL00001,Super Mario BOOM,21149,12/03/2024, 21:15:26,1066
APRL00001,Super Mario BOOM,21149,12/03/2024, 22:15:44,1066
APRL00001,Super Mario BOOM,21149,12/03/2024, 23:15:08,1066
APRL00001,Super Mario BOOM,21149,12/04/2024, 01:12:43,1066
APRL00001,Super Mario BOOM,21149,12/04/2024, 03:00:50,1066
APRL00001,Super Mario BOOM,21149,12/04/2024, 03:38:00,1066
APRL00001,Super Mario BOOM,21149,12/04/2024, 04:19:08,1066
APRL00001,Super Mario BOOM,21149,12/04/2024, 05:15:46,1066
APRL00001,Super Mario BOOM,21149,12/04/2024, 06:22:35,1066
APRL00001,Super Mario BOOM,21149,12/04/2024, 07:15:51,1066
APRL00001,Super Mario BOOM,21149,12/04/2024, 08:21:33,1066
APRL00001,Super Mario BOOM,21149,12/04/2024, 09:17:13,1066
APRL00001,Super Mario BOOM,21149,12/04/2024, 10:17:42,1066
APRL00001,Super Mario BOOM,21149,12/04/2024, 11:13:50,1066
APRL00001,Super Mario BOOM,21149,12/04/2024, 12:31:50,1066
APRL00001,Super Mario BOOM,21149,12/04/2024, 13:26:26,1066
APRL00001,Super Mario BOOM,21149,12/04/2024, 14:15:43,1066
APRL00001,Super Mario BOOM,21149,12/04/2024, 15:17:27,1066
APRL00001,Super Mario BOOM,21149,12/04/2024, 16:20:46,1066
APRL00001,Super Mario BOOM,21149,12/04/2024, 17:14:24,1066
APRL00001,Super Mario BOOM,21149,12/04/2024, 18:22:15,1066
APRL00001,Super Mario BOOM,21149,12/04/2024, 19:15:48,1066
APRL00001,Super Mario BOOM,21149,12/04/2024, 20:18:02,1066
APRL00001,Super Mario BOOM,21149,12/04/2024, 21:15:17,1066
APRL00001,Super Mario BOOM,21150,12/04/2024, 22:15:18,1066
APRL00001,Super Mario BOOM,21150,12/04/2024, 23:15:43,1066
APRL00001,Super Mario BOOM,21150,12/05/2024, 01:12:45,1066
APRL00001,Super Mario BOOM,21150,12/05/2024, 03:01:44,1066
APRL00001,Super Mario BOOM,21150,12/05/2024, 03:39:03,1066
APRL00001,Super Mario BOOM,21150,12/05/2024, 04:19:24,1066
APRL00001,Super Mario BOOM,21150,12/05/2024, 05:16:21,1066
APRL00001,Super Mario BOOM,21150,12/05/2024, 06:22:43,1066
APRL00001,Super Mario BOOM,21150,12/05/2024, 07:15:53,1066
APRL00001,Super Mario BOOM,21150,12/05/2024, 08:21:24,1066
APRL00001,Super Mario BOOM,21150,12/05/2024, 09:17:38,1066
APRL00001,Super Mario BOOM,21150,12/05/2024, 10:17:37,1066
APRL00001,Super Mario BOOM,21150,12/05/2024, 11:13:55,1066
APRL00001,Super Mario BOOM,21150,12/05/2024, 12:31:04,1066
APRL00001,Super Mario BOOM,21150,12/05/2024, 13:26:59,1066
APRL00001,Super Mario BOOM,21150,12/05/2024, 14:15:27,1066
APRL00001,Super Mario BOOM,21151,12/05/2024, 15:17:41,1066
APRL00001,Super Mario BOOM,21151,12/05/2024, 16:20:13,1066
APRL00001,Super Mario BOOM,21151,12/05/2024, 17:14:50,1066
APRL00001,Super Mario BOOM,21151,12/05/2024, 18:19:41,1066
APRL00001,Super Mario BOOM,21151,12/05/2024, 19:12:46,1066
APRL00001,Super Mario BOOM,21151,12/05/2024, 20:18:04,1066
APRL00001,Super Mario BOOM,21151,12/05/2024, 21:15:03,1066
APRL00001,Super Mario BOOM,21151,12/05/2024, 22:15:28,1066
APRL00001,Super Mario BOOM,21151,12/05/2024, 23:15:58,1066
APRL00001,Super Mario BOOM,21151,12/06/2024, 01:11:43,1066
APRL00001,Super Mario BOOM,21151,12/06/2024, 03:00:12,1066
APRL00001,Super Mario BOOM,21151,12/06/2024, 03:36:50,1066
APRL00001,Super Mario BOOM,21151,12/06/2024, 04:19:34,1066
APRL00001,Super Mario BOOM,21151,12/06/2024, 05:16:15,1066
APRL00001,Super Mario BOOM,21151,12/06/2024, 06:22:13,1066
APRL00001,Super Mario BOOM,21151,12/06/2024, 07:15:37,1066
APRL00001,Super Mario BOOM,21151,12/06/2024, 08:20:37,1066
APRL00001,Super Mario BOOM,21151,12/06/2024, 09:17:07,1066
APRL00001,Super Mario BOOM,21151,12/06/2024, 10:17:31,1066
APRL00001,Super Mario BOOM,21151,12/06/2024, 11:14:10,1066
APRL00001,Super Mario BOOM,21151,12/06/2024, 12:30:31,1066
APRL00001,Super Mario BOOM,21151,12/06/2024, 13:25:48,1066
APRL00001,Super Mario BOOM,21151,12/06/2024, 14:15:19,1066
APRL00001,Super Mario BOOM,21151,12/06/2024, 15:16:51,1066
APRL00001,Super Mario BOOM,21151,12/06/2024, 16:19:34,1066
APRL00001,Super Mario BOOM,21151,12/06/2024, 17:14:33,1066
APRL00001,Super Mario BOOM,21151,12/06/2024, 18:21:25,1066
APRL00001,Super Mario BOOM,21151,12/06/2024, 19:13:12,1066
APRL00001,Super Mario BOOM,21151,12/06/2024, 20:17:40,1066
APRL00001,Super Mario BOOM,21151,12/06/2024, 21:14:49,1066
APRL00001,Super Mario BOOM,21151,12/06/2024, 22:15:15,1066
APRL00001,Super Mario BOOM,21151,12/06/2024, 23:15:15,1066
APRL00001,Super Mario BOOM,21151,12/07/2024, 01:11:23,1066
APRL00001,Super Mario BOOM,21151,12/07/2024, 02:58:12,1066
APRL00001,Super Mario BOOM,21151,12/07/2024, 03:33:03,1066
APRL00001,Super Mario BOOM,21151,12/07/2024, 04:19:14,1066
APRL00001,Super Mario BOOM,21151,12/07/2024, 05:15:14,1066
APRL00001,Super Mario BOOM,21151,12/07/2024, 06:20:42,1066
APRL00001,Super Mario BOOM,21151,12/07/2024, 07:14:35,1066
APRL00001,Super Mario BOOM,21151,12/07/2024, 08:18:56,1066
APRL00001,Super Mario BOOM,21151,12/07/2024, 09:15:25,1066
APRL00001,Super Mario BOOM,21151,12/07/2024, 10:16:26,1066
APRL00001,Super Mario BOOM,21151,12/07/2024, 11:13:01,1066
APRL00001,Super Mario BOOM,21152,12/07/2024, 12:28:01,1066
APRL00001,Super Mario BOOM,21153,12/07/2024, 13:22:12,1066
APRL00001,Super Mario BOOM,21153,12/07/2024, 14:13:39,1066
APRL00001,Super Mario BOOM,21153,12/07/2024, 15:15:05,1066
APRL00001,Super Mario BOOM,21153,12/07/2024, 16:17:47,1066
APRL00001,Super Mario BOOM,21153,12/07/2024, 17:12:46,1066
APRL00001,Super Mario BOOM,21153,12/07/2024, 18:19:40,1066
APRL00001,Super Mario BOOM,21153,12/07/2024, 19:12:21,1066
APRL00001,Super Mario BOOM,21153,12/07/2024, 20:15:46,1066
APRL00001,Super Mario BOOM,21153,12/07/2024, 21:14:02,1066
APRL00001,Super Mario BOOM,21154,12/07/2024, 22:14:31,1066
APRL00001,Super Mario BOOM,21154,12/07/2024, 23:14:46,1066
APRL00001,Super Mario BOOM,21155,12/08/2024, 01:17:26,1066
APRL00001,Super Mario BOOM,21155,12/08/2024, 03:06:14,1066
APRL00001,Super Mario BOOM,21155,12/08/2024, 04:18:42,1066
APRL00001,Super Mario BOOM,21155,12/08/2024, 05:15:23,1066
APRL00001,Super Mario BOOM,21155,12/08/2024, 06:20:45,1066
APRL00001,Super Mario BOOM,21155,12/08/2024, 07:14:40,1066
APRL00001,Super Mario BOOM,21155,12/08/2024, 08:19:06,1066
APRL00001,Super Mario BOOM,21155,12/08/2024, 09:15:37,1066
APRL00001,Super Mario BOOM,21155,12/08/2024, 10:15:13,1066
APRL00001,Super Mario BOOM,21155,12/08/2024, 11:12:49,1066
APRL00001,Super Mario BOOM,21155,12/08/2024, 12:28:36,1066
APRL00001,Super Mario BOOM,21155,12/08/2024, 13:22:27,1066
APRL00001,Super Mario BOOM,21155,12/08/2024, 14:13:52,1066
APRL00001,Super Mario BOOM,21155,12/08/2024, 15:15:29,1066
APRL00001,Super Mario BOOM,21155,12/08/2024, 16:17:35,1066
APRL00001,Super Mario BOOM,21156,12/08/2024, 17:13:05,1066
APRL00001,Super Mario BOOM,21156,12/08/2024, 18:19:37,1066
APRL00001,Super Mario BOOM,21156,12/08/2024, 19:12:05,1066
APRL00001,Super Mario BOOM,21156,12/08/2024, 20:16:57,1066
APRL00001,Super Mario BOOM,21156,12/08/2024, 21:13:53,1066
APRL00001,Super Mario BOOM,21156,12/08/2024, 22:14:24,1066
APRL00001,Super Mario BOOM,21156,12/08/2024, 23:14:30,1066
APRL00001,Super Mario BOOM,21156,12/09/2024, 01:14:29,1066
APRL00001,Super Mario BOOM,21156,12/09/2024, 03:04:12,1066
APRL00001,Super Mario BOOM,21156,12/09/2024, 04:19:39,1066
APRL00001,Super Mario BOOM,21156,12/09/2024, 05:16:45,1066
APRL00001,Super Mario BOOM,21156,12/09/2024, 06:23:06,1066
APRL00001,Super Mario BOOM,21156,12/09/2024, 07:16:32,1066
APRL00001,Super Mario BOOM,21157,12/09/2024, 08:22:03,1066
APRL00001,Super Mario BOOM,21157,12/09/2024, 09:18:23,1066
APRL00001,Super Mario BOOM,21157,12/09/2024, 10:18:00,1066
APRL00001,Super Mario BOOM,21157,12/09/2024, 11:14:37,1066
APRL00001,Super Mario BOOM,21157,12/09/2024, 12:32:35,1066
APRL00001,Super Mario BOOM,21157,12/09/2024, 13:27:11,1066
APRL00001,Super Mario BOOM,21157,12/09/2024, 14:15:31,1066
APRL00001,Super Mario BOOM,21157,12/09/2024, 15:17:33,1066
APRL00001,Super Mario BOOM,21157,12/09/2024, 16:20:36,1066
APRL00001,Super Mario BOOM,21157,12/09/2024, 17:14:53,1066
APRL00001,Super Mario BOOM,21157,12/09/2024, 18:22:04,1066
APRL00001,Super Mario BOOM,21157,12/09/2024, 19:13:18,1066
APRL00001,Super Mario BOOM,21157,12/09/2024, 20:18:15,1066
APRL00001,Super Mario BOOM,21157,12/09/2024, 21:15:06,1066
APRL00001,Super Mario BOOM,21157,12/09/2024, 22:15:35,1066
APRL00001,Super Mario BOOM,21157,12/09/2024, 23:15:36,1066
APRL00001,Super Mario BOOM,21157,12/10/2024, 01:13:34,1066
APRL00001,Super Mario BOOM,21158,12/10/2024, 03:02:45,1066
APRL00001,Super Mario BOOM,21158,12/10/2024, 04:19:41,1066
APRL00001,Super Mario BOOM,21158,12/10/2024, 05:16:34,1066
APRL00001,Super Mario BOOM,21158,12/10/2024, 06:22:25,1066
APRL00001,Super Mario BOOM,21158,12/10/2024, 07:15:52,1066
APRL00001,Super Mario BOOM,21158,12/10/2024, 08:21:41,1066
APRL00001,Super Mario BOOM,21158,12/10/2024, 09:17:47,1066
APRL00001,Super Mario BOOM,21158,12/10/2024, 10:18:05,1066
APRL00001,Super Mario BOOM,21158,12/10/2024, 11:14:33,1066
APRL00001,Super Mario BOOM,21158,12/10/2024, 12:31:54,1066
APRL00001,Super Mario BOOM,21158,12/10/2024, 13:26:58,1066
APRL00001,Super Mario BOOM,21158,12/10/2024, 14:15:49,1066
APRL00001,Super Mario BOOM,21158,12/10/2024, 15:17:23,1066
APRL00001,Super Mario BOOM,21158,12/10/2024, 16:20:19,1066
APRL00001,Super Mario BOOM,21158,12/10/2024, 17:20:50,1066
APRL00001,Super Mario BOOM,21158,12/10/2024, 18:22:04,1066
APRL00001,Super Mario BOOM,21158,12/10/2024, 19:13:21,1066
APRL00001,Super Mario BOOM,21158,12/10/2024, 20:17:57,1066
APRL00001,Super Mario BOOM,21158,12/10/2024, 21:15:05,1066
APRL00001,Super Mario BOOM,21159,12/10/2024, 22:15:39,1066
APRL00001,Super Mario BOOM,21159,12/10/2024, 23:15:28,1066
APRL00001,Super Mario BOOM,21160,12/11/2024, 01:12:42,1066
APRL00001,Super Mario BOOM,21160,12/11/2024, 03:00:47,1066
APRL00001,Super Mario BOOM,21160,12/11/2024, 03:37:21,1066
APRL00001,Super Mario BOOM,21160,12/11/2024, 04:19:59,1066
APRL00001,Super Mario BOOM,21161,12/11/2024, 05:16:07,1066
APRL00001,Super Mario BOOM,21161,12/11/2024, 06:22:38,1066
APRL00001,Super Mario BOOM,21161,12/11/2024, 07:16:01,1066
APRL00001,Super Mario BOOM,21162,12/11/2024, 08:21:39,1066
APRL00001,Super Mario BOOM,21162,12/11/2024, 09:17:18,1066
APRL00001,Super Mario BOOM,21162,12/11/2024, 10:18:03,1066
APRL00001,Super Mario BOOM,21162,12/11/2024, 11:14:04,1066
APRL00001,Super Mario BOOM,21162,12/11/2024, 12:31:10,1066
APRL00001,Super Mario BOOM,21162,12/11/2024, 13:26:36,1066
APRL00001,Super Mario BOOM,21162,12/11/2024, 14:15:33,1066
APRL00001,Super Mario BOOM,21162,12/11/2024, 15:17:02,1066
APRL00001,Super Mario BOOM,21162,12/11/2024, 16:20:39,1066
APRL00001,Super Mario BOOM,21162,12/11/2024, 17:14:28,1066
APRL00001,Super Mario BOOM,21162,12/11/2024, 18:21:54,1066
APRL00001,Super Mario BOOM,21162,12/11/2024, 19:13:18,1066
APRL00001,Super Mario BOOM,21162,12/11/2024, 20:18:21,1066
APRL00001,Super Mario BOOM,21162,12/11/2024, 21:14:58,1066
APRL00001,Super Mario BOOM,21162,12/11/2024, 22:15:40,1066
APRL00001,Super Mario BOOM,21162,12/11/2024, 23:15:23,1066
APRL00001,Super Mario BOOM,21162,12/12/2024, 01:12:15,1066
APRL00001,Super Mario BOOM,21163,12/12/2024, 03:01:22,1066
APRL00001,Super Mario BOOM,21163,12/12/2024, 03:38:09,1066
APRL00001,Super Mario BOOM,21163,12/12/2024, 04:19:14,1066
APRL00001,Super Mario BOOM,21163,12/12/2024, 05:16:32,1066
APRL00001,Super Mario BOOM,21163,12/12/2024, 06:22:46,1066
APRL00001,Super Mario BOOM,21163,12/12/2024, 07:16:07,1066
APRL00001,Super Mario BOOM,21163,12/12/2024, 08:21:08,1066
APRL00001,Super Mario BOOM,21163,12/12/2024, 09:17:44,1066
APRL00001,Super Mario BOOM,21163,12/12/2024, 10:17:26,1066
APRL00001,Super Mario BOOM,21163,12/12/2024, 11:14:04,1066
APRL00001,Super Mario BOOM,21163,12/12/2024, 12:31:34,1066
APRL00001,Super Mario BOOM,21163,12/12/2024, 13:26:20,1066
APRL00001,Super Mario BOOM,21163,12/12/2024, 14:15:39,1066
APRL00001,Super Mario BOOM,21163,12/12/2024, 15:17:03,1066
APRL00001,Super Mario BOOM,21163,12/12/2024, 16:20:13,1066
APRL00001,Super Mario BOOM,21164,12/12/2024, 17:14:39,1066
APRL00001,Super Mario BOOM,21164,12/12/2024, 18:22:04,1066
APRL00001,Super Mario BOOM,21164,12/12/2024, 19:13:21,1066
APRL00001,Super Mario BOOM,21165,12/12/2024, 20:18:15,1066
APRL00001,Super Mario BOOM,21165,12/12/2024, 21:15:14,1066
APRL00001,Super Mario BOOM,21165,12/12/2024, 22:15:25,1066
APRL00001,Super Mario BOOM,21166,12/12/2024, 23:16:00,1066
APRL00001,Super Mario BOOM,21166,12/13/2024, 01:13:40,1066
APRL00001,Super Mario BOOM,21166,12/13/2024, 03:02:15,1066
APRL00001,Super Mario BOOM,21166,12/13/2024, 04:19:23,1066
APRL00001,Super Mario BOOM,21166,12/13/2024, 05:15:56,1066
APRL00001,Super Mario BOOM,21166,12/13/2024, 06:22:27,1066
APRL00001,Super Mario BOOM,21166,12/13/2024, 07:15:52,1066
APRL00001,Super Mario BOOM,21166,12/13/2024, 08:20:48,1066
APRL00001,Super Mario BOOM,21166,12/13/2024, 09:17:13,1066
APRL00001,Super Mario BOOM,21166,12/13/2024, 10:17:01,1066
APRL00001,Super Mario BOOM,21166,12/13/2024, 11:13:28,1066
APRL00001,Super Mario BOOM,21166,12/13/2024, 12:30:33,1066
APRL00001,Super Mario BOOM,21166,12/13/2024, 13:25:56,1066
APRL00001,Super Mario BOOM,21166,12/13/2024, 14:15:28,1066
APRL00001,Super Mario BOOM,21166,12/13/2024, 15:16:46,1066
APRL00001,Super Mario BOOM,21166,12/13/2024, 16:19:32,1066
APRL00001,Super Mario BOOM,21166,12/13/2024, 17:14:59,1066
APRL00001,Super Mario BOOM,21166,12/13/2024, 18:21:34,1066
APRL00001,Super Mario BOOM,21166,12/13/2024, 19:13:25,1066
APRL00001,Super Mario BOOM,21166,12/13/2024, 20:17:49,1066
APRL00001,Super Mario BOOM,21166,12/13/2024, 21:14:49,1066
APRL00001,Super Mario BOOM,21166,12/13/2024, 22:15:17,1066
APRL00001,Super Mario BOOM,21166,12/13/2024, 23:15:33,1066
APRL00001,Super Mario BOOM,21167,12/14/2024, 01:10:09,1066
APRL00001,Super Mario BOOM,21168,12/14/2024, 02:55:51,1066
APRL00001,Super Mario BOOM,21168,12/14/2024, 03:28:54,1066
APRL00001,Super Mario BOOM,21168,12/14/2024, 04:18:50,1066
APRL00001,Super Mario BOOM,21168,12/14/2024, 05:15:03,1066
APRL00001,Super Mario BOOM,21168,12/14/2024, 06:20:53,1066
APRL00001,Super Mario BOOM,21168,12/14/2024, 07:14:26,1066
APRL00001,Super Mario BOOM,21168,12/14/2024, 08:19:01,1066
APRL00001,Super Mario BOOM,21168,12/14/2024, 09:15:20,1066
APRL00001,Super Mario BOOM,21168,12/14/2024, 10:15:19,1066
APRL00001,Super Mario BOOM,21168,12/14/2024, 11:12:47,1066
APRL00001,Super Mario BOOM,21168,12/14/2024, 12:27:58,1066
APRL00001,Super Mario BOOM,21168,12/14/2024, 13:21:53,1066
APRL00001,Super Mario BOOM,21168,12/14/2024, 14:13:35,1066
APRL00001,Super Mario BOOM,21168,12/14/2024, 15:15:12,1066
APRL00001,Super Mario BOOM,21168,12/14/2024, 16:17:35,1066
APRL00001,Super Mario BOOM,21168,12/14/2024, 17:12:51,1066
APRL00001,Super Mario BOOM,21168,12/14/2024, 18:19:41,1066
APRL00001,Super Mario BOOM,21168,12/14/2024, 19:11:59,1066
APRL00001,Super Mario BOOM,21168,12/14/2024, 20:16:06,1066
APRL00001,Super Mario BOOM,21168,12/14/2024, 21:13:45,1066
APRL00001,Super Mario BOOM,21168,12/14/2024, 22:14:29,1066
APRL00001,Super Mario BOOM,21168,12/14/2024, 23:14:32,1066
APRL00001,Super Mario BOOM,21168,12/15/2024, 01:17:35,1066
APRL00001,Super Mario BOOM,21168,12/15/2024, 03:06:13,1066
APRL00001,Super Mario BOOM,21168,12/15/2024, 04:18:41,1066
APRL00001,Super Mario BOOM,21169,12/15/2024, 05:15:21,1066
APRL00001,Super Mario BOOM,21169,12/15/2024, 06:20:56,1066
APRL00001,Super Mario BOOM,21169,12/15/2024, 07:14:30,1066
APRL00001,Super Mario BOOM,21169,12/15/2024, 08:19:02,1066
APRL00001,Super Mario BOOM,21169,12/15/2024, 09:15:15,1066
APRL00001,Super Mario BOOM,21170,12/15/2024, 10:15:54,1066
APRL00001,Super Mario BOOM,21170,12/15/2024, 11:12:39,1066
APRL00001,Super Mario BOOM,21170,12/15/2024, 12:28:29,1066
APRL00001,Super Mario BOOM,21170,12/15/2024, 13:22:23,1066
APRL00001,Super Mario BOOM,21170,12/15/2024, 14:13:24,1066
APRL00001,Super Mario BOOM,21170,12/15/2024, 15:15:18,1066
APRL00001,Super Mario BOOM,21170,12/15/2024, 16:17:28,1066
APRL00001,Super Mario BOOM,21170,12/15/2024, 17:13:14,1066
APRL00001,Super Mario BOOM,21170,12/15/2024, 18:19:49,1066
APRL00001,Super Mario BOOM,21170,12/15/2024, 19:11:58,1066
APRL00001,Super Mario BOOM,21170,12/15/2024, 20:16:29,1066
APRL00001,Super Mario BOOM,21170,12/15/2024, 21:14:06,1066
APRL00001,Super Mario BOOM,21170,12/15/2024, 22:14:54,1066
APRL00001,Super Mario BOOM,21170,12/15/2024, 23:15:35,1066
APRL00001,Super Mario BOOM,21170,12/16/2024, 01:14:53,1066
APRL00001,Super Mario BOOM,21171,12/16/2024, 03:04:34,1066
APRL00001,Super Mario BOOM,21171,12/16/2024, 04:19:50,1066
APRL00001,Super Mario BOOM,21171,12/16/2024, 05:16:53,1066
APRL00001,Super Mario BOOM,21171,12/16/2024, 06:23:13,1066
APRL00001,Super Mario BOOM,21171,12/16/2024, 07:16:35,1066
APRL00001,Super Mario BOOM,21171,12/16/2024, 08:22:14,1066
APRL00001,Super Mario BOOM,21171,12/16/2024, 09:18:14,1066
APRL00001,Super Mario BOOM,21171,12/16/2024, 10:17:56,1066
APRL00001,Super Mario BOOM,21171,12/16/2024, 11:14:08,1066
APRL00001,Super Mario BOOM,21171,12/16/2024, 12:32:15,1066
APRL00001,Super Mario BOOM,21171,12/16/2024, 13:26:51,1066
APRL00001,Super Mario BOOM,21171,12/16/2024, 14:15:51,1066
APRL00001,Super Mario BOOM,21171,12/16/2024, 15:17:17,1066
APRL00001,Super Mario BOOM,21171,12/16/2024, 16:20:07,1066
APRL00001,Super Mario BOOM,21171,12/16/2024, 17:14:32,1066
APRL00001,Super Mario BOOM,21171,12/16/2024, 18:22:09,1066
APRL00001,Super Mario BOOM,21171,12/16/2024, 19:13:21,1066
APRL00001,Super Mario BOOM,21171,12/16/2024, 20:17:53,1066
APRL00001,Super Mario BOOM,21171,12/16/2024, 21:15:09,1066
APRL00001,Super Mario BOOM,21171,12/16/2024, 22:14:17,1066
APRL00001,Super Mario BOOM,21171,12/16/2024, 23:15:41,1066
APRL00001,Super Mario BOOM,21171,12/17/2024, 01:12:28,1066
APRL00001,Super Mario BOOM,21171,12/17/2024, 02:59:46,1066
APRL00001,Super Mario BOOM,21171,12/17/2024, 03:35:50,1066
APRL00001,Super Mario BOOM,21171,12/17/2024, 04:19:43,1066
APRL00001,Super Mario BOOM,21171,12/17/2024, 05:15:58,1066
APRL00001,Super Mario BOOM,21171,12/17/2024, 06:22:18,1066
APRL00001,Super Mario BOOM,21171,12/17/2024, 07:15:55,1066
APRL00001,Super Mario BOOM,21171,12/17/2024, 08:21:39,1066
APRL00001,Super Mario BOOM,21171,12/17/2024, 09:17:52,1066
APRL00001,Super Mario BOOM,21171,12/17/2024, 10:17:22,1066
APRL00001,Super Mario BOOM,21171,12/17/2024, 11:14:06,1066
APRL00001,Super Mario BOOM,21171,12/17/2024, 12:31:11,1066
APRL00001,Super Mario BOOM,21171,12/17/2024, 13:26:36,1066
APRL00001,Super Mario BOOM,21171,12/17/2024, 14:15:37,1066
APRL00001,Super Mario BOOM,21171,12/17/2024, 15:16:59,1066
APRL00001,Super Mario BOOM,21171,12/17/2024, 16:20:20,1066
APRL00001,Super Mario BOOM,21171,12/17/2024, 17:14:52,1066
APRL00001,Super Mario BOOM,21171,12/17/2024, 18:22:06,1066
APRL00001,Super Mario BOOM,21171,12/17/2024, 19:13:17,1066
APRL00001,Super Mario BOOM,21171,12/17/2024, 20:17:09,1066
APRL00001,Super Mario BOOM,21171,12/17/2024, 21:13:00,1066
APRL00001,Super Mario BOOM,21171,12/17/2024, 22:14:52,1066
APRL00001,Super Mario BOOM,21171,12/17/2024, 23:14:49,1066
APRL00001,Super Mario BOOM,21171,12/18/2024, 01:09:49,1066
APRL00001,Super Mario BOOM,21171,12/18/2024, 02:55:34,1066
APRL00001,Super Mario BOOM,21171,12/18/2024, 03:27:05,1066
APRL00001,Super Mario BOOM,21171,12/18/2024, 04:18:41,1066
APRL00001,Super Mario BOOM,21171,12/18/2024, 05:15:28,1066
APRL00001,Super Mario BOOM,21171,12/18/2024, 06:21:30,1066
APRL00001,Super Mario BOOM,21171,12/18/2024, 07:15:22,1066
APRL00001,Super Mario BOOM,21171,12/18/2024, 08:20:35,1066
APRL00001,Super Mario BOOM,21171,12/18/2024, 09:16:55,1066
APRL00001,Super Mario BOOM,21171,12/18/2024, 10:16:43,1066
APRL00001,Super Mario BOOM,21171,12/18/2024, 11:13:18,1066
APRL00001,Super Mario BOOM,21171,12/18/2024, 12:30:02,1066
APRL00001,Super Mario BOOM,21171,12/18/2024, 13:24:25,1066
APRL00001,Super Mario BOOM,21171,12/18/2024, 14:15:01,1066
APRL00001,Super Mario BOOM,21171,12/18/2024, 15:16:39,1066
APRL00001,Super Mario BOOM,21171,12/18/2024, 16:19:10,1066
APRL00001,Super Mario BOOM,21171,12/18/2024, 17:14:21,1066
APRL00001,Super Mario BOOM,21171,12/18/2024, 18:21:45,1066
APRL00001,Super Mario BOOM,21171,12/18/2024, 19:13:15,1066
APRL00001,Super Mario BOOM,21171,12/18/2024, 20:17:09,1066
APRL00001,Super Mario BOOM,21171,12/18/2024, 21:13:40,1066
APRL00001,Super Mario BOOM,21171,12/18/2024, 22:15:09,1066
APRL00001,Super Mario BOOM,21172,12/18/2024, 23:15:08,1066
APRL00001,Super Mario BOOM,21172,12/19/2024, 01:10:29,1066
APRL00001,Super Mario BOOM,21172,12/19/2024, 02:55:34,1066
APRL00001,Super Mario BOOM,21172,12/19/2024, 03:27:42,1066
APRL00001,Super Mario BOOM,21172,12/19/2024, 04:19:13,1066
APRL00001,Super Mario BOOM,21172,12/19/2024, 05:15:48,1066
APRL00001,Super Mario BOOM,21172,12/19/2024, 06:21:50,1066
APRL00001,Super Mario BOOM,21172,12/19/2024, 07:15:31,1066
APRL00001,Super Mario BOOM,21172,12/19/2024, 08:20:17,1066
APRL00001,Super Mario BOOM,21172,12/19/2024, 09:17:13,1066
APRL00001,Super Mario BOOM,21172,12/19/2024, 10:16:47,1066
APRL00001,Super Mario BOOM,21172,12/19/2024, 11:13:35,1066
APRL00001,Super Mario BOOM,21172,12/19/2024, 12:30:04,1066
APRL00001,Super Mario BOOM,21172,12/19/2024, 13:24:27,1066
APRL00001,Super Mario BOOM,21172,12/19/2024, 14:15:10,1066
APRL00001,Super Mario BOOM,21172,12/19/2024, 15:16:47,1066
APRL00001,Super Mario BOOM,21172,12/19/2024, 16:17:05,1066
APRL00001,Super Mario BOOM,21172,12/19/2024, 17:12:46,1066
APRL00001,Super Mario BOOM,21172,12/19/2024, 18:20:27,1066
APRL00001,Super Mario BOOM,21172,12/19/2024, 19:12:33,1066
APRL00001,Super Mario BOOM,21172,12/19/2024, 20:16:31,1066
APRL00001,Super Mario BOOM,21172,12/19/2024, 21:14:24,1066
APRL00001,Super Mario BOOM,21172,12/19/2024, 22:14:11,1066
APRL00001,Super Mario BOOM,21172,12/19/2024, 23:14:38,1066
APRL00001,Super Mario BOOM,21172,12/20/2024, 01:06:42,1066
APRL00001,Super Mario BOOM,21172,12/20/2024, 02:47:50,1066
APRL00001,Super Mario BOOM,21172,12/20/2024, 03:20:29,1066
APRL00001,Super Mario BOOM,21172,12/20/2024, 04:18:25,1066
APRL00001,Super Mario BOOM,21172,12/20/2024, 05:15:03,1066
APRL00001,Super Mario BOOM,21172,12/20/2024, 06:20:45,1066
APRL00001,Super Mario BOOM,21172,12/20/2024, 07:14:15,1066
APRL00001,Super Mario BOOM,21172,12/20/2024, 08:19:26,1066
APRL00001,Super Mario BOOM,21173,12/20/2024, 09:15:47,1066
APRL00001,Super Mario BOOM,21173,12/20/2024, 10:16:07,1066
APRL00001,Super Mario BOOM,21173,12/20/2024, 11:12:42,1066
APRL00001,Super Mario BOOM,21173,12/20/2024, 12:28:09,1066
APRL00001,Super Mario BOOM,21173,12/20/2024, 13:21:06,1066
APRL00001,Super Mario BOOM,21173,12/20/2024, 14:14:13,1066
APRL00001,Super Mario BOOM,21173,12/20/2024, 15:15:19,1066
APRL00001,Super Mario BOOM,21173,12/20/2024, 16:17:51,1066
APRL00001,Super Mario BOOM,21173,12/20/2024, 17:13:14,1066
APRL00001,Super Mario BOOM,21173,12/20/2024, 18:19:44,1066
APRL00001,Super Mario BOOM,21173,12/20/2024, 19:12:26,1066
APRL00001,Super Mario BOOM,21174,12/20/2024, 20:16:13,1066
APRL00001,Super Mario BOOM,21174,12/20/2024, 21:13:43,1066
APRL00001,Super Mario BOOM,21174,12/20/2024, 22:14:14,1066
APRL00001,Super Mario BOOM,21174,12/20/2024, 23:13:59,1066
APRL00001,Super Mario BOOM,21174,12/21/2024, 01:05:43,1066
APRL00001,Super Mario BOOM,21174,12/21/2024, 02:43:17,1066
APRL00001,Super Mario BOOM,21174,12/21/2024, 03:17:53,1066
APRL00001,Super Mario BOOM,21174,12/21/2024, 04:17:22,1066
APRL00001,Super Mario BOOM,21174,12/21/2024, 05:14:02,1066
APRL00001,Super Mario BOOM,21174,12/21/2024, 06:19:06,1066
APRL00001,Super Mario BOOM,21174,12/21/2024, 07:12:58,1066
APRL00001,Super Mario BOOM,21174,12/21/2024, 08:17:36,1066
APRL00001,Super Mario BOOM,21174,12/21/2024, 09:14:13,1066
APRL00001,Super Mario BOOM,21174,12/21/2024, 10:14:18,1066
APRL00001,Super Mario BOOM,21174,12/21/2024, 11:11:40,1066
APRL00001,Super Mario BOOM,21174,12/21/2024, 12:25:38,1066
APRL00001,Super Mario BOOM,21174,12/21/2024, 13:17:28,1066
APRL00001,Super Mario BOOM,21174,12/21/2024, 14:12:52,1066
APRL00001,Super Mario BOOM,21175,12/21/2024, 15:13:52,1066
APRL00001,Super Mario BOOM,21175,12/21/2024, 16:16:32,1066
APRL00001,Super Mario BOOM,21176,12/21/2024, 17:13:29,1066
APRL00001,Super Mario BOOM,21176,12/21/2024, 18:18:30,1066
APRL00001,Super Mario BOOM,21176,12/21/2024, 19:11:08,1066
APRL00001,Super Mario BOOM,21176,12/21/2024, 20:14:58,1066
APRL00001,Super Mario BOOM,21176,12/21/2024, 21:13:03,1066
APRL00001,Super Mario BOOM,21176,12/21/2024, 22:13:29,1066
APRL00001,Super Mario BOOM,21176,12/21/2024, 23:13:39,1066
APRL00001,Super Mario BOOM,21176,12/22/2024, 01:12:02,1066
APRL00001,Super Mario BOOM,21176,12/22/2024, 02:52:46,1066
APRL00001,Super Mario BOOM,21176,12/22/2024, 03:22:45,1066
APRL00001,Super Mario BOOM,21176,12/22/2024, 04:17:44,1066
APRL00001,Super Mario BOOM,21176,12/22/2024, 05:13:53,1066
APRL00001,Super Mario BOOM,21176,12/22/2024, 06:19:18,1066
APRL00001,Super Mario BOOM,21176,12/22/2024, 07:13:13,1066
APRL00001,Super Mario BOOM,21176,12/22/2024, 08:17:44,1066
APRL00001,Super Mario BOOM,21176,12/22/2024, 09:14:13,1066
APRL00001,Super Mario BOOM,21177,12/22/2024, 10:14:15,1066
APRL00001,Super Mario BOOM,21177,12/22/2024, 11:11:36,1066
APRL00001,Super Mario BOOM,21177,12/22/2024, 12:25:28,1066
APRL00001,Super Mario BOOM,21177,12/22/2024, 13:18:08,1066
APRL00001,Super Mario BOOM,21177,12/22/2024, 14:13:22,1066
APRL00001,Super Mario BOOM,21177,12/22/2024, 15:13:47,1066
APRL00001,Super Mario BOOM,21178,12/22/2024, 16:16:19,1066
APRL00001,Super Mario BOOM,21178,12/22/2024, 17:12:57,1066
APRL00001,Super Mario BOOM,21178,12/22/2024, 18:18:20,1066
APRL00001,Super Mario BOOM,21178,12/22/2024, 19:11:10,1066
APRL00001,Super Mario BOOM,21178,12/22/2024, 20:15:07,1066
APRL00001,Super Mario BOOM,21178,12/22/2024, 21:13:07,1066
APRL00001,Super Mario BOOM,21178,12/22/2024, 22:13:47,1066
APRL00001,Super Mario BOOM,21178,12/22/2024, 23:14:48,1066
APRL00001,Super Mario BOOM,21179,12/23/2024, 01:08:14,1066
APRL00001,Super Mario BOOM,21179,12/23/2024, 02:49:07,1066
APRL00001,Super Mario BOOM,21179,12/23/2024, 03:21:40,1066
APRL00001,Super Mario BOOM,21179,12/23/2024, 04:18:08,1066
APRL00001,Super Mario BOOM,21180,12/23/2024, 05:15:23,1066
APRL00001,Super Mario BOOM,21180,12/23/2024, 06:21:45,1066
APRL00001,Super Mario BOOM,21180,12/23/2024, 07:15:10,1066
APRL00001,Super Mario BOOM,21180,12/23/2024, 08:20:04,1066
APRL00001,Super Mario BOOM,21181,12/23/2024, 09:16:25,1066
APRL00001,Super Mario BOOM,21181,12/23/2024, 10:16:52,1066
APRL00001,Super Mario BOOM,21181,12/23/2024, 11:12:38,1066
APRL00001,Super Mario BOOM,21181,12/23/2024, 12:28:49,1066
APRL00001,Super Mario BOOM,21181,12/23/2024, 13:21:45,1066
APRL00001,Super Mario BOOM,21181,12/23/2024, 14:14:12,1066
APRL00001,Super Mario BOOM,21182,12/23/2024, 15:15:25,1066
APRL00001,Super Mario BOOM,21182,12/23/2024, 16:17:48,1066
APRL00001,Super Mario BOOM,21182,12/23/2024, 17:13:31,1066
APRL00001,Super Mario BOOM,21182,12/23/2024, 18:19:30,1066
APRL00001,Super Mario BOOM,21182,12/23/2024, 19:11:54,1066
APRL00001,Super Mario BOOM,21182,12/23/2024, 20:15:59,1066
APRL00001,Super Mario BOOM,21182,12/23/2024, 21:13:40,1066
APRL00001,Super Mario BOOM,21182,12/23/2024, 22:13:55,1066
APRL00001,Super Mario BOOM,21182,12/23/2024, 23:14:32,1066
APRL00001,Super Mario BOOM,21182,12/24/2024, 01:06:25,1066
APRL00001,Super Mario BOOM,21182,12/24/2024, 02:45:47,1066
APRL00001,Super Mario BOOM,21182,12/24/2024, 03:20:24,1066
APRL00001,Super Mario BOOM,21182,12/24/2024, 04:18:13,1066
APRL00001,Super Mario BOOM,21182,12/24/2024, 05:15:05,1066
APRL00001,Super Mario BOOM,21182,12/24/2024, 06:20:50,1066
APRL00001,Super Mario BOOM,21182,12/24/2024, 07:14:33,1066
APRL00001,Super Mario BOOM,21182,12/24/2024, 08:19:11,1066
APRL00001,Super Mario BOOM,21182,12/24/2024, 09:15:29,1066
APRL00001,Super Mario BOOM,21182,12/24/2024, 10:15:39,1066
APRL00001,Super Mario BOOM,21182,12/24/2024, 11:12:57,1066
APRL00001,Super Mario BOOM,21182,12/24/2024, 12:28:13,1066
APRL00001,Super Mario BOOM,21182,12/24/2024, 13:20:23,1066
APRL00001,Super Mario BOOM,21182,12/24/2024, 14:13:48,1066
APRL00001,Super Mario BOOM,21182,12/24/2024, 15:14:41,1066
APRL00001,Super Mario BOOM,21182,12/24/2024, 16:17:29,1066
APRL00001,Super Mario BOOM,21182,12/24/2024, 17:12:50,1066
APRL00001,Super Mario BOOM,21182,12/24/2024, 18:19:20,1066
APRL00001,Super Mario BOOM,21182,12/24/2024, 19:11:41,1066
APRL00001,Super Mario BOOM,21183,12/24/2024, 20:15:47,1066
APRL00001,Super Mario BOOM,21183,12/24/2024, 21:13:52,1066
APRL00001,Super Mario BOOM,21183,12/24/2024, 22:13:51,1066
APRL00001,Super Mario BOOM,21183,12/24/2024, 23:14:07,1066
APRL00001,Super Mario BOOM,21183,12/25/2024, 01:05:39,1066
APRL00001,Super Mario BOOM,21183,12/25/2024, 02:44:10,1066
APRL00001,Super Mario BOOM,21183,12/25/2024, 03:18:42,1066
APRL00001,Super Mario BOOM,21183,12/25/2024, 04:18:22,1066
APRL00001,Super Mario BOOM,21183,12/25/2024, 05:14:54,1066
APRL00001,Super Mario BOOM,21183,12/25/2024, 06:20:51,1066
APRL00001,Super Mario BOOM,21183,12/25/2024, 07:14:24,1066
APRL00001,Super Mario BOOM,21183,12/25/2024, 08:19:21,1066
APRL00001,Super Mario BOOM,21183,12/25/2024, 09:15:23,1066
APRL00001,Super Mario BOOM,21183,12/25/2024, 10:15:42,1066
APRL00001,Super Mario BOOM,21183,12/25/2024, 11:12:30,1066
APRL00001,Super Mario BOOM,21183,12/25/2024, 12:27:32,1066
APRL00001,Super Mario BOOM,21183,12/25/2024, 13:20:22,1066
APRL00001,Super Mario BOOM,21183,12/25/2024, 14:13:40,1066
APRL00001,Super Mario BOOM,21183,12/25/2024, 15:14:43,1066
APRL00001,Super Mario BOOM,21183,12/25/2024, 16:17:15,1066
APRL00001,Super Mario BOOM,21183,12/25/2024, 17:13:50,1066
APRL00001,Super Mario BOOM,21183,12/25/2024, 18:19:12,1066
APRL00001,Super Mario BOOM,21183,12/25/2024, 19:12:03,1066
APRL00001,Super Mario BOOM,21183,12/25/2024, 20:15:45,1066
APRL00001,Super Mario BOOM,21183,12/25/2024, 21:13:40,1066
APRL00001,Super Mario BOOM,21183,12/25/2024, 22:13:44,1066
APRL00001,Super Mario BOOM,21183,12/25/2024, 23:14:04,1066
APRL00001,Super Mario BOOM,21183,12/26/2024, 01:06:09,1066
APRL00001,Super Mario BOOM,21183,12/26/2024, 02:44:55,1066
APRL00001,Super Mario BOOM,21183,12/26/2024, 03:19:40,1066
APRL00001,Super Mario BOOM,21183,12/26/2024, 04:18:28,1066
APRL00001,Super Mario BOOM,21183,12/26/2024, 05:14:53,1066
APRL00001,Super Mario BOOM,21183,12/26/2024, 06:21:12,1066
APRL00001,Super Mario BOOM,21183,12/26/2024, 07:14:17,1066
APRL00001,Super Mario BOOM,21183,12/26/2024, 08:19:09,1066
APRL00001,Super Mario BOOM,21183,12/26/2024, 09:15:40,1066
APRL00001,Super Mario BOOM,21183,12/26/2024, 10:15:28,1066
APRL00001,Super Mario BOOM,21184,12/26/2024, 11:12:47,1066
APRL00001,Super Mario BOOM,21184,12/26/2024, 12:28:37,1066
APRL00001,Super Mario BOOM,21184,12/26/2024, 13:21:00,1066
APRL00001,Super Mario BOOM,21184,12/26/2024, 14:14:00,1066
APRL00001,Super Mario BOOM,21184,12/26/2024, 15:14:56,1066
APRL00001,Super Mario BOOM,21184,12/26/2024, 16:17:44,1066
APRL00001,Super Mario BOOM,21184,12/26/2024, 17:13:02,1066
APRL00001,Super Mario BOOM,21184,12/26/2024, 18:19:55,1066
APRL00001,Super Mario BOOM,21184,12/26/2024, 19:12:45,1066
APRL00001,Super Mario BOOM,21184,12/26/2024, 20:15:56,1066
APRL00001,Super Mario BOOM,21184,12/26/2024, 21:13:33,1066
APRL00001,Super Mario BOOM,21184,12/26/2024, 22:13:51,1066
APRL00001,Super Mario BOOM,21185,12/26/2024, 23:14:30,1066
APRL00001,Super Mario BOOM,21185,12/27/2024, 01:06:11,1066
APRL00001,Super Mario BOOM,21185,12/27/2024, 02:45:47,1066
APRL00001,Super Mario BOOM,21185,12/27/2024, 03:19:20,1066
APRL00001,Super Mario BOOM,21185,12/27/2024, 04:18:03,1066
APRL00001,Super Mario BOOM,21185,12/27/2024, 05:14:47,1066
APRL00001,Super Mario BOOM,21185,12/27/2024, 06:20:57,1066
APRL00001,Super Mario BOOM,21185,12/27/2024, 07:14:56,1066
APRL00001,Super Mario BOOM,21185,12/27/2024, 08:19:11,1066
APRL00001,Super Mario BOOM,21186,12/27/2024, 09:15:23,1066
APRL00001,Super Mario BOOM,21187,12/27/2024, 10:15:25,1066
APRL00001,Super Mario BOOM,21187,12/27/2024, 11:12:18,1066
APRL00001,Super Mario BOOM,21188,12/27/2024, 12:27:28,1066
APRL00001,Super Mario BOOM,21188,12/27/2024, 13:20:16,1066
APRL00001,Super Mario BOOM,21188,12/27/2024, 14:14:09,1066
APRL00001,Super Mario BOOM,21188,12/27/2024, 15:14:44,1066
APRL00001,Super Mario BOOM,21188,12/27/2024, 16:17:33,1066
APRL00001,Super Mario BOOM,21188,12/27/2024, 17:13:04,1066
APRL00001,Super Mario BOOM,21188,12/27/2024, 18:19:47,1066
APRL00001,Super Mario BOOM,21188,12/27/2024, 19:11:39,1066
APRL00001,Super Mario BOOM,21189,12/27/2024, 20:15:32,1066
APRL00001,Super Mario BOOM,21190,12/27/2024, 21:13:33,1066
APRL00001,Super Mario BOOM,21190,12/27/2024, 22:13:50,1066
APRL00001,Super Mario BOOM,21190,12/27/2024, 23:13:58,1066
APRL00001,Super Mario BOOM,21190,12/28/2024, 01:05:04,1066
APRL00001,Super Mario BOOM,21191,12/28/2024, 02:43:00,1066
APRL00001,Super Mario BOOM,21191,12/28/2024, 03:17:33,1066
APRL00001,Super Mario BOOM,21191,12/28/2024, 04:17:45,1066
APRL00001,Super Mario BOOM,21191,12/28/2024, 05:14:18,1066
APRL00001,Super Mario BOOM,21191,12/28/2024, 06:19:24,1066
APRL00001,Super Mario BOOM,21191,12/28/2024, 07:13:13,1066
APRL00001,Super Mario BOOM,21191,12/28/2024, 08:17:49,1066
APRL00001,Super Mario BOOM,21191,12/28/2024, 09:14:24,1066
APRL00001,Super Mario BOOM,21191,12/28/2024, 10:14:28,1066
APRL00001,Super Mario BOOM,21191,12/28/2024, 11:11:48,1066
APRL00001,Super Mario BOOM,21191,12/28/2024, 12:25:45,1066
APRL00001,Super Mario BOOM,21191,12/28/2024, 13:17:49,1066
APRL00001,Super Mario BOOM,21192,12/28/2024, 14:12:36,1066
APRL00001,Super Mario BOOM,21192,12/28/2024, 15:14:08,1066
APRL00001,Super Mario BOOM,21192,12/28/2024, 16:16:34,1066
APRL00001,Super Mario BOOM,21192,12/28/2024, 17:12:21,1066
APRL00001,Super Mario BOOM,21192,12/28/2024, 18:18:26,1066
APRL00001,Super Mario BOOM,21192,12/28/2024, 19:11:20,1066
APRL00001,Super Mario BOOM,21192,12/28/2024, 20:15:18,1066
APRL00001,Super Mario BOOM,21192,12/28/2024, 21:13:02,1066
APRL00001,Super Mario BOOM,21192,12/28/2024, 22:13:34,1066
APRL00001,Super Mario BOOM,21192,12/28/2024, 23:14:33,1066
APRL00001,Super Mario BOOM,21192,12/29/2024, 01:12:39,1066
APRL00001,Super Mario BOOM,21192,12/29/2024, 02:53:51,1066
APRL00001,Super Mario BOOM,21192,12/29/2024, 03:24:32,1066
APRL00001,Super Mario BOOM,21192,12/29/2024, 04:17:55,1066
APRL00001,Super Mario BOOM,21192,12/29/2024, 05:14:23,1066
APRL00001,Super Mario BOOM,21192,12/29/2024, 06:19:33,1066
APRL00001,Super Mario BOOM,21192,12/29/2024, 07:13:35,1066
APRL00001,Super Mario BOOM,21192,12/29/2024, 08:18:07,1066
APRL00001,Super Mario BOOM,21192,12/29/2024, 09:13:52,1066
APRL00001,Super Mario BOOM,21192,12/29/2024, 10:14:24,1066
APRL00001,Super Mario BOOM,21192,12/29/2024, 11:11:47,1066
APRL00001,Super Mario BOOM,21192,12/29/2024, 12:25:33,1066
APRL00001,Super Mario BOOM,21192,12/29/2024, 13:17:49,1066
APRL00001,Super Mario BOOM,21192,12/29/2024, 14:12:39,1066
APRL00001,Super Mario BOOM,21192,12/29/2024, 15:13:30,1066
APRL00001,Super Mario BOOM,21192,12/29/2024, 16:16:38,1066
APRL00001,Super Mario BOOM,21192,12/29/2024, 17:13:15,1066
APRL00001,Super Mario BOOM,21192,12/29/2024, 18:18:41,1066
APRL00001,Super Mario BOOM,21192,12/29/2024, 19:11:28,1066
APRL00001,Super Mario BOOM,21192,12/29/2024, 20:15:07,1066
APRL00001,Super Mario BOOM,21192,12/29/2024, 21:13:20,1066
APRL00001,Super Mario BOOM,21192,12/29/2024, 22:13:36,1066
APRL00001,Super Mario BOOM,21192,12/29/2024, 23:14:02,1066
APRL00001,Super Mario BOOM,21192,12/30/2024, 01:08:47,1066
APRL00001,Super Mario BOOM,21193,12/30/2024, 02:50:03,1066
APRL00001,Super Mario BOOM,21193,12/30/2024, 03:21:52,1066
APRL00001,Super Mario BOOM,21193,12/30/2024, 04:18:17,1066
APRL00001,Super Mario BOOM,21193,12/30/2024, 05:15:17,1066
APRL00001,Super Mario BOOM,21193,12/30/2024, 06:21:37,1066
APRL00001,Super Mario BOOM,21193,12/30/2024, 07:15:55,1066
APRL00001,Super Mario BOOM,21193,12/30/2024, 08:19:44,1066
APRL00001,Super Mario BOOM,21193,12/30/2024, 09:16:31,1066
APRL00001,Super Mario BOOM,21193,12/30/2024, 10:16:02,1066
APRL00001,Super Mario BOOM,21193,12/30/2024, 11:12:43,1066
APRL00001,Super Mario BOOM,21193,12/30/2024, 12:28:21,1066
APRL00001,Super Mario BOOM,21193,12/30/2024, 13:21:24,1066
APRL00001,Super Mario BOOM,21193,12/30/2024, 14:14:06,1066
APRL00001,Super Mario BOOM,21193,12/30/2024, 15:15:22,1066
APRL00001,Super Mario BOOM,21193,12/30/2024, 16:17:44,1066
APRL00001,Super Mario BOOM,21193,12/30/2024, 17:13:23,1066
APRL00001,Super Mario BOOM,21193,12/30/2024, 18:20:01,1066
APRL00001,Super Mario BOOM,21193,12/30/2024, 19:11:44,1066
APRL00001,Super Mario BOOM,21193,12/30/2024, 20:16:02,1066
APRL00001,Super Mario BOOM,21193,12/30/2024, 21:13:53,1066
APRL00001,Super Mario BOOM,21193,12/30/2024, 22:14:06,1066
APRL00001,Super Mario BOOM,21194,12/30/2024, 23:14:10,1066
APRL00001,Super Mario BOOM,21195,12/31/2024, 01:05:59,1066
APRL00001,Super Mario BOOM,21195,12/31/2024, 02:44:48,1066
APRL00001,Super Mario BOOM,21195,12/31/2024, 03:19:05,1066
APRL00001,Super Mario BOOM,21195,12/31/2024, 04:18:07,1066
APRL00001,Super Mario BOOM,21195,12/31/2024, 05:14:40,1066
APRL00001,Super Mario BOOM,21195,12/31/2024, 06:20:40,1066
APRL00001,Super Mario BOOM,21195,12/31/2024, 07:14:24,1066
APRL00001,Super Mario BOOM,21195,12/31/2024, 08:19:23,1066
APRL00001,Super Mario BOOM,21195,12/31/2024, 09:15:24,1066
APRL00001,Super Mario BOOM,21195,12/31/2024, 10:15:56,1066
APRL00001,Super Mario BOOM,21195,12/31/2024, 11:12:26,1066
APRL00001,Super Mario BOOM,21195,12/31/2024, 12:27:53,1066
APRL00001,Super Mario BOOM,21195,12/31/2024, 13:20:17,1066
APRL00001,Super Mario BOOM,21195,12/31/2024, 14:13:39,1066
APRL00001,Super Mario BOOM,21195,12/31/2024, 15:14:50,1066
APRL00001,Super Mario BOOM,21195,12/31/2024, 16:17:12,1066
APRL00001,Super Mario BOOM,21195,12/31/2024, 17:13:04,1066
APRL00001,Super Mario BOOM,21195,12/31/2024, 18:19:13,1066
APRL00001,Super Mario BOOM,21195,12/31/2024, 19:11:54,1066
APRL00001,Super Mario BOOM,21195,12/31/2024, 20:15:39,1066
APRL00001,Super Mario BOOM,21195,12/31/2024, 21:14:08,1066
APRL00001,Super Mario BOOM,21195,12/31/2024, 22:13:53,1066
APRL00001,Super Mario BOOM,21195,12/31/2024, 23:14:07,1066
APRL00001,Super Mario BOOM,21195,01/01/2025, 01:12:18,1066
APRL00001,Super Mario BOOM,21195,01/01/2025, 02:54:57,1066
APRL00001,Super Mario BOOM,21195,01/01/2025, 03:26:58,1066
APRL00001,Super Mario BOOM,21195,01/01/2025, 04:18:29,1066
APRL00001,Super Mario BOOM,21195,01/01/2025, 05:15:09,1066
APRL00001,Super Mario BOOM,21195,01/01/2025, 06:21:33,1066
APRL00001,Super Mario BOOM,21195,01/01/2025, 07:14:37,1066
APRL00001,Super Mario BOOM,21195,01/01/2025, 08:19:22,1066
APRL00001,Super Mario BOOM,21195,01/01/2025, 09:15:30,1066
APRL00001,Super Mario BOOM,21195,01/01/2025, 10:15:38,1066
APRL00001,Super Mario BOOM,21195,01/01/2025, 11:12:26,1066
APRL00001,Super Mario BOOM,21195,01/01/2025, 12:27:32,1066
APRL00001,Super Mario BOOM,21195,01/01/2025, 13:20:18,1066
APRL00001,Super Mario BOOM,21195,01/01/2025, 14:13:42,1066
APRL00001,Super Mario BOOM,21195,01/01/2025, 15:15:22,1066
APRL00001,Super Mario BOOM,21195,01/01/2025, 16:17:22,1066
APRL00001,Super Mario BOOM,21195,01/01/2025, 17:13:04,1066
APRL00001,Super Mario BOOM,21195,01/01/2025, 18:19:19,1066
APRL00001,Super Mario BOOM,21195,01/01/2025, 19:11:54,1066
APRL00001,Super Mario BOOM,21195,01/01/2025, 20:15:38,1066
APRL00001,Super Mario BOOM,21195,01/01/2025, 21:14:23,1066
APRL00001,Super Mario BOOM,21195,01/01/2025, 22:13:54,1066
APRL00001,Super Mario BOOM,21195,01/01/2025, 23:14:21,1066
APRL00001,Super Mario BOOM,21195,01/02/2025, 01:05:52,1066
APRL00001,Super Mario BOOM,21195,01/02/2025, 02:44:53,1066
APRL00001,Super Mario BOOM,21195,01/02/2025, 03:18:57,1066
APRL00001,Super Mario BOOM,21195,01/02/2025, 04:17:54,1066
APRL00001,Super Mario BOOM,21195,01/02/2025, 05:15:02,1066
APRL00001,Super Mario BOOM,21195,01/02/2025, 06:20:47,1066
APRL00001,Super Mario BOOM,21195,01/02/2025, 07:14:16,1066
APRL00001,Super Mario BOOM,21195,01/02/2025, 08:19:29,1066
APRL00001,Super Mario BOOM,21195,01/02/2025, 09:15:42,1066
APRL00001,Super Mario BOOM,21195,01/02/2025, 10:15:40,1066
APRL00001,Super Mario BOOM,21195,01/02/2025, 11:12:25,1066
APRL00001,Super Mario BOOM,21195,01/02/2025, 12:28:09,1066
APRL00001,Super Mario BOOM,21195,01/02/2025, 13:20:52,1066
APRL00001,Super Mario BOOM,21195,01/02/2025, 14:13:52,1066
APRL00001,Super Mario BOOM,21197,01/02/2025, 15:14:55,1066
APRL00001,Super Mario BOOM,21197,01/02/2025, 16:18:10,1066
APRL00001,Super Mario BOOM,21197,01/02/2025, 17:13:34,1066
APRL00001,Super Mario BOOM,21197,01/02/2025, 18:19:59,1066
APRL00001,Super Mario BOOM,21197,01/02/2025, 19:12:03,1066
APRL00001,Super Mario BOOM,21197,01/02/2025, 20:15:58,1066
APRL00001,Super Mario BOOM,21197,01/02/2025, 21:14:23,1066
APRL00001,Super Mario BOOM,21197,01/02/2025, 22:14:05,1066
APRL00001,Super Mario BOOM,21197,01/02/2025, 23:14:38,1066
APRL00001,Super Mario BOOM,21197,01/03/2025, 01:06:52,1066
APRL00001,Super Mario BOOM,21197,01/03/2025, 02:46:39,1066
APRL00001,Super Mario BOOM,21197,01/03/2025, 03:19:28,1066
APRL00001,Super Mario BOOM,21197,01/03/2025, 04:18:30,1066
APRL00001,Super Mario BOOM,21197,01/03/2025, 05:14:47,1066
APRL00001,Super Mario BOOM,21197,01/03/2025, 06:20:46,1066
APRL00001,Super Mario BOOM,21197,01/03/2025, 07:14:22,1066
APRL00001,Super Mario BOOM,21197,01/03/2025, 08:19:17,1066
APRL00001,Super Mario BOOM,21197,01/03/2025, 09:15:45,1066
APRL00001,Super Mario BOOM,21197,01/03/2025, 10:15:56,1066
APRL00001,Super Mario BOOM,21197,01/03/2025, 11:12:35,1066
APRL00001,Super Mario BOOM,21197,01/03/2025, 12:28:08,1066
APRL00001,Super Mario BOOM,21197,01/03/2025, 13:20:46,1066
APRL00001,Super Mario BOOM,21197,01/03/2025, 14:14:05,1066
APRL00001,Super Mario BOOM,21197,01/03/2025, 15:15:17,1066
APRL00001,Super Mario BOOM,21197,01/03/2025, 16:18:03,1066
APRL00001,Super Mario BOOM,21197,01/03/2025, 17:13:31,1066
APRL00001,Super Mario BOOM,21197,01/03/2025, 18:19:54,1066
APRL00001,Super Mario BOOM,21197,01/03/2025, 19:12:11,1066
APRL00001,Super Mario BOOM,21197,01/03/2025, 20:15:58,1066
APRL00001,Super Mario BOOM,21197,01/03/2025, 21:13:35,1066
APRL00001,Super Mario BOOM,21197,01/03/2025, 22:13:54,1066
APRL00001,Super Mario BOOM,21197,01/03/2025, 23:14:47,1066
APRL00001,Super Mario BOOM,21197,01/04/2025, 01:05:07,1066
APRL00001,Super Mario BOOM,21197,01/04/2025, 02:43:38,1066
APRL00001,Super Mario BOOM,21197,01/04/2025, 03:18:28,1066
APRL00001,Super Mario BOOM,21197,01/04/2025, 04:17:18,1066
APRL00001,Super Mario BOOM,21197,01/04/2025, 05:14:08,1066
APRL00001,Super Mario BOOM,21197,01/04/2025, 06:19:33,1066
APRL00001,Super Mario BOOM,21197,01/04/2025, 07:13:14,1066
APRL00001,Super Mario BOOM,21197,01/04/2025, 08:17:39,1066
APRL00001,Super Mario BOOM,21197,01/04/2025, 09:14:33,1066
APRL00001,Super Mario BOOM,21197,01/04/2025, 10:14:55,1066
APRL00001,Super Mario BOOM,21197,01/04/2025, 11:12:09,1066
APRL00001,Super Mario BOOM,21197,01/04/2025, 12:26:41,1066
APRL00001,Super Mario BOOM,21197,01/04/2025, 13:19:07,1066
APRL00001,Super Mario BOOM,21197,01/04/2025, 14:12:49,1066
APRL00001,Super Mario BOOM,21197,01/04/2025, 15:13:55,1066
APRL00001,Super Mario BOOM,21197,01/04/2025, 16:16:38,1066
APRL00001,Super Mario BOOM,21197,01/04/2025, 17:12:28,1066
APRL00001,Super Mario BOOM,21197,01/04/2025, 18:18:43,1066
APRL00001,Super Mario BOOM,21197,01/04/2025, 19:11:38,1066
APRL00001,Super Mario BOOM,21197,01/04/2025, 20:15:24,1066
APRL00001,Super Mario BOOM,21197,01/04/2025, 21:13:40,1066
APRL00001,Super Mario BOOM,21197,01/04/2025, 22:13:24,1066
APRL00001,Super Mario BOOM,21197,01/04/2025, 23:13:57,1066
APRL00001,Super Mario BOOM,21197,01/05/2025, 01:12:03,1066
APRL00001,Super Mario BOOM,21197,01/05/2025, 02:52:49,1066
APRL00001,Super Mario BOOM,21197,01/05/2025, 03:23:06,1066
APRL00001,Super Mario BOOM,21197,01/05/2025, 04:17:32,1066
APRL00001,Super Mario BOOM,21197,01/05/2025, 05:13:54,1066
APRL00001,Super Mario BOOM,21197,01/05/2025, 06:19:52,1066
APRL00001,Super Mario BOOM,21197,01/05/2025, 07:13:17,1066
APRL00001,Super Mario BOOM,21197,01/05/2025, 08:17:35,1066
APRL00001,Super Mario BOOM,21197,01/05/2025, 09:14:40,1066
APRL00001,Super Mario BOOM,21197,01/05/2025, 10:14:34,1066
APRL00001,Super Mario BOOM,21198,01/05/2025, 11:11:48,1066
APRL00001,Super Mario BOOM,21198,01/05/2025, 12:26:08,1066
APRL00001,Super Mario BOOM,21198,01/05/2025, 13:18:05,1066
APRL00001,Super Mario BOOM,21198,01/05/2025, 14:12:45,1066
APRL00001,Super Mario BOOM,21198,01/05/2025, 15:13:55,1066
APRL00001,Super Mario BOOM,21199,01/05/2025, 16:16:20,1066
APRL00001,Super Mario BOOM,21199,01/05/2025, 17:12:32,1066
APRL00001,Super Mario BOOM,21199,01/05/2025, 18:18:21,1066
APRL00001,Super Mario BOOM,21199,01/05/2025, 19:11:18,1066
APRL00001,Super Mario BOOM,21199,01/05/2025, 20:14:55,1066
APRL00001,Super Mario BOOM,21199,01/05/2025, 21:13:42,1066
APRL00001,Super Mario BOOM,21199,01/05/2025, 22:13:34,1066
APRL00001,Super Mario BOOM,21199,01/05/2025, 23:13:55,1066
APRL00001,Super Mario BOOM,21199,01/06/2025, 01:09:36,1066
APRL00001,Super Mario BOOM,21199,01/06/2025, 02:52:17,1066
APRL00001,Super Mario BOOM,21199,01/06/2025, 03:23:49,1066
APRL00001,Super Mario BOOM,21199,01/06/2025, 04:18:38,1066
APRL00001,Super Mario BOOM,21199,01/06/2025, 05:15:29,1066
APRL00001,Super Mario BOOM,21199,01/06/2025, 06:22:05,1066
APRL00001,Super Mario BOOM,21199,01/06/2025, 07:15:21,1066
APRL00001,Super Mario BOOM,21199,01/06/2025, 08:20:19,1066
APRL00001,Super Mario BOOM,21199,01/06/2025, 09:16:42,1066
APRL00001,Super Mario BOOM,21199,01/06/2025, 10:16:53,1066
APRL00001,Super Mario BOOM,21199,01/06/2025, 11:13:02,1066
APRL00001,Super Mario BOOM,21200,01/06/2025, 12:29:47,1066
APRL00001,Super Mario BOOM,21200,01/06/2025, 13:22:41,1066
APRL00001,Super Mario BOOM,21200,01/06/2025, 14:14:24,1066
APRL00001,Super Mario BOOM,21200,01/06/2025, 15:15:56,1066
APRL00001,Super Mario BOOM,21200,01/06/2025, 16:18:21,1066
APRL00001,Super Mario BOOM,21200,01/06/2025, 17:13:41,1066
APRL00001,Super Mario BOOM,21200,01/06/2025, 18:20:16,1066
APRL00001,Super Mario BOOM,21200,01/06/2025, 19:12:04,1066
APRL00001,Super Mario BOOM,21200,01/06/2025, 20:15:03,1066
APRL00001,Super Mario BOOM,21200,01/06/2025, 21:14:39,1066
APRL00001,Super Mario BOOM,21200,01/06/2025, 22:14:30,1066
APRL00001,Super Mario BOOM,21200,01/06/2025, 23:14:59,1066
APRL00001,Super Mario BOOM,21201,01/07/2025, 01:07:17,1066
APRL00001,Super Mario BOOM,21201,01/07/2025, 02:48:29,1066
APRL00001,Super Mario BOOM,21201,01/07/2025, 03:22:18,1066
APRL00001,Super Mario BOOM,21201,01/07/2025, 04:17:51,1066
APRL00001,Super Mario BOOM,21201,01/07/2025, 05:14:59,1066
APRL00001,Super Mario BOOM,21201,01/07/2025, 06:21:53,1066
APRL00001,Super Mario BOOM,21201,01/07/2025, 07:14:44,1066
APRL00001,Super Mario BOOM,21201,01/07/2025, 08:19:38,1066
APRL00001,Super Mario BOOM,21201,01/07/2025, 09:16:25,1066
APRL00001,Super Mario BOOM,21201,01/07/2025, 10:16:39,1066
APRL00001,Super Mario BOOM,21201,01/07/2025, 11:12:47,1066
APRL00001,Super Mario BOOM,21201,01/07/2025, 12:29:17,1066
APRL00001,Super Mario BOOM,21201,01/07/2025, 13:23:01,1066
APRL00001,Super Mario BOOM,21201,01/07/2025, 15:22:40,1066
APRL00001,Super Mario BOOM,21201,01/07/2025, 16:32:46,1066
APRL00001,Super Mario BOOM,21201,01/07/2025, 17:13:58,1066
APRL00001,Super Mario BOOM,21201,01/07/2025, 18:20:31,1066
APRL00001,Super Mario BOOM,21201,01/07/2025, 19:12:21,1066
APRL00001,Super Mario BOOM,21201,01/07/2025, 20:16:17,1066
APRL00001,Super Mario BOOM,21201,01/07/2025, 21:14:25,1066
APRL00001,Super Mario BOOM,21201,01/07/2025, 22:14:10,1066
APRL00001,Super Mario BOOM,21201,01/07/2025, 23:14:14,1066
APRL00001,Super Mario BOOM,21202,01/08/2025, 01:07:04,1066
APRL00001,Super Mario BOOM,21202,01/08/2025, 02:45:41,1066
APRL00001,Super Mario BOOM,21202,01/08/2025, 03:19:36,1066
APRL00001,Super Mario BOOM,21203,01/08/2025, 04:18:38,1066
APRL00001,Super Mario BOOM,21203,01/08/2025, 05:15:07,1066
APRL00001,Super Mario BOOM,21203,01/08/2025, 06:21:04,1066
APRL00001,Super Mario BOOM,21203,01/08/2025, 07:14:32,1066
APRL00001,Super Mario BOOM,21203,01/08/2025, 08:20:00,1066
APRL00001,Super Mario BOOM,21203,01/08/2025, 09:16:05,1066
APRL00001,Super Mario BOOM,21203,01/08/2025, 10:16:26,1066
APRL00001,Super Mario BOOM,21203,01/08/2025, 11:12:38,1066
APRL00001,Super Mario BOOM,21203,01/08/2025, 12:29:22,1066
APRL00001,Super Mario BOOM,21203,01/08/2025, 13:22:15,1066
APRL00001,Super Mario BOOM,21203,01/08/2025, 14:14:45,1066
APRL00001,Super Mario BOOM,21203,01/08/2025, 15:15:50,1066
APRL00001,Super Mario BOOM,21203,01/08/2025, 16:18:32,1066
APRL00001,Super Mario BOOM,21203,01/08/2025, 17:13:44,1066
APRL00001,Super Mario BOOM,21203,01/08/2025, 18:20:16,1066
APRL00001,Super Mario BOOM,21203,01/08/2025, 19:12:19,1066
APRL00001,Super Mario BOOM,21203,01/08/2025, 20:16:33,1066
APRL00001,Super Mario BOOM,21203,01/08/2025, 21:14:36,1066
APRL00001,Super Mario BOOM,21203,01/08/2025, 22:14:12,1066
APRL00001,Super Mario BOOM,21203,01/08/2025, 23:14:17,1066
APRL00001,Super Mario BOOM,21203,01/09/2025, 01:06:41,1066
APRL00001,Super Mario BOOM,21203,01/09/2025, 03:11:06,1066
APRL00001,Super Mario BOOM,21203,01/09/2025, 04:18:19,1066
APRL00001,Super Mario BOOM,21203,01/09/2025, 05:15:02,1066
APRL00001,Super Mario BOOM,21203,01/09/2025, 06:20:33,1066
APRL00001,Super Mario BOOM,21203,01/09/2025, 07:15:01,1066
APRL00001,Super Mario BOOM,21203,01/09/2025, 08:19:12,1066
APRL00001,Super Mario BOOM,21203,01/09/2025, 09:16:07,1066
APRL00001,Super Mario BOOM,21203,01/09/2025, 10:16:32,1066
APRL00001,Super Mario BOOM,21203,01/09/2025, 11:12:43,1066
APRL00001,Super Mario BOOM,21203,01/09/2025, 12:29:10,1066
APRL00001,Super Mario BOOM,21203,01/09/2025, 13:22:16,1066
APRL00001,Super Mario BOOM,21203,01/09/2025, 14:14:17,1066
APRL00001,Super Mario BOOM,21203,01/09/2025, 15:16:18,1066
APRL00001,Super Mario BOOM,21203,01/09/2025, 16:18:59,1066
APRL00001,Super Mario BOOM,21203,01/09/2025, 17:13:45,1066
APRL00001,Super Mario BOOM,21204,01/09/2025, 18:20:35,1066
APRL00001,Super Mario BOOM,21205,01/09/2025, 19:12:31,1066
APRL00001,Super Mario BOOM,21205,01/09/2025, 20:16:42,1066
APRL00001,Super Mario BOOM,21205,01/09/2025, 21:14:13,1066
APRL00001,Super Mario BOOM,21205,01/09/2025, 22:14:24,1066
APRL00001,Super Mario BOOM,21205,01/09/2025, 23:14:52,1066
APRL00001,Super Mario BOOM,21205,01/10/2025, 01:08:43,1066
APRL00001,Super Mario BOOM,21205,01/10/2025, 02:51:15,1066
APRL00001,Super Mario BOOM,21205,01/10/2025, 03:22:20,1066
APRL00001,Super Mario BOOM,21205,01/10/2025, 04:18:16,1066
APRL00001,Super Mario BOOM,21205,01/10/2025, 05:14:58,1066
APRL00001,Super Mario BOOM,21205,01/10/2025, 06:21:12,1066
APRL00001,Super Mario BOOM,21205,01/10/2025, 07:14:41,1066
APRL00001,Super Mario BOOM,21205,01/10/2025, 08:19:26,1066
APRL00001,Super Mario BOOM,21205,01/10/2025, 09:16:17,1066
APRL00001,Super Mario BOOM,21205,01/10/2025, 10:16:40,1066
APRL00001,Super Mario BOOM,21205,01/10/2025, 11:13:04,1066
APRL00001,Super Mario BOOM,21205,01/10/2025, 12:28:54,1066
APRL00001,Super Mario BOOM,21205,01/10/2025, 13:21:14,1066
APRL00001,Super Mario BOOM,21205,01/10/2025, 14:14:37,1066
APRL00001,Super Mario BOOM,21205,01/10/2025, 15:14:34,1066
APRL00001,Super Mario BOOM,21205,01/10/2025, 16:18:28,1066
APRL00001,Super Mario BOOM,21205,01/10/2025, 17:13:31,1066
APRL00001,Super Mario BOOM,21205,01/10/2025, 18:20:15,1066
APRL00001,Super Mario BOOM,21205,01/10/2025, 19:12:28,1066
APRL00001,Super Mario BOOM,21205,01/10/2025, 20:16:41,1066
APRL00001,Super Mario BOOM,21205,01/10/2025, 21:14:18,1066
APRL00001,Super Mario BOOM,21205,01/10/2025, 22:14:37,1066
APRL00001,Super Mario BOOM,21205,01/10/2025, 23:14:16,1066
APRL00001,Super Mario BOOM,21205,01/11/2025, 01:07:10,1066
APRL00001,Super Mario BOOM,21205,01/11/2025, 02:46:02,1066
APRL00001,Super Mario BOOM,21205,01/11/2025, 03:20:05,1066
APRL00001,Super Mario BOOM,21205,01/11/2025, 04:17:52,1066
APRL00001,Super Mario BOOM,21205,01/11/2025, 05:13:55,1066
APRL00001,Super Mario BOOM,21205,01/11/2025, 06:19:22,1066
APRL00001,Super Mario BOOM,21205,01/11/2025, 07:13:31,1066
APRL00001,Super Mario BOOM,21205,01/11/2025, 08:17:34,1066
APRL00001,Super Mario BOOM,21205,01/11/2025, 09:14:40,1066
APRL00001,Super Mario BOOM,21205,01/11/2025, 10:14:29,1066
APRL00001,Super Mario BOOM,21205,01/11/2025, 11:11:56,1066
APRL00001,Super Mario BOOM,21205,01/11/2025, 12:26:30,1066
APRL00001,Super Mario BOOM,21205,01/11/2025, 13:18:17,1066
APRL00001,Super Mario BOOM,21205,01/11/2025, 14:12:49,1066
APRL00001,Super Mario BOOM,21205,01/11/2025, 15:13:47,1066
APRL00001,Super Mario BOOM,21205,01/11/2025, 16:17:29,1066
APRL00001,Super Mario BOOM,21205,01/11/2025, 17:12:41,1066
APRL00001,Super Mario BOOM,21205,01/11/2025, 18:18:55,1066
APRL00001,Super Mario BOOM,21205,01/11/2025, 19:11:34,1066
APRL00001,Super Mario BOOM,21205,01/11/2025, 20:15:18,1066
APRL00001,Super Mario BOOM,21205,01/11/2025, 21:13:02,1066
APRL00001,Super Mario BOOM,21205,01/11/2025, 22:13:29,1066
APRL00001,Super Mario BOOM,21205,01/11/2025, 23:13:59,1066
APRL00001,Super Mario BOOM,21205,01/12/2025, 01:13:20,1066
APRL00001,Super Mario BOOM,21205,01/12/2025, 02:55:03,1066
APRL00001,Super Mario BOOM,21205,01/12/2025, 03:26:03,1066
APRL00001,Super Mario BOOM,21205,01/12/2025, 04:17:55,1066
APRL00001,Super Mario BOOM,21205,01/12/2025, 05:14:35,1066
APRL00001,Super Mario BOOM,21205,01/12/2025, 06:19:51,1066
APRL00001,Super Mario BOOM,21205,01/12/2025, 07:13:10,1066
APRL00001,Super Mario BOOM,21205,01/12/2025, 08:17:22,1066
APRL00001,Super Mario BOOM,21205,01/12/2025, 09:14:25,1066
APRL00001,Super Mario BOOM,21205,01/12/2025, 10:14:34,1066
APRL00001,Super Mario BOOM,21205,01/12/2025, 11:12:24,1066
APRL00001,Super Mario BOOM,21205,01/12/2025, 12:26:26,1066
APRL00001,Super Mario BOOM,21205,01/12/2025, 13:18:04,1066
APRL00001,Super Mario BOOM,21205,01/12/2025, 14:12:41,1066
APRL00001,Super Mario BOOM,21205,01/12/2025, 15:14:02,1066
APRL00001,Super Mario BOOM,21205,01/12/2025, 16:16:15,1066
APRL00001,Super Mario BOOM,21205,01/12/2025, 17:12:35,1066
APRL00001,Super Mario BOOM,21205,01/12/2025, 18:18:40,1066
APRL00001,Super Mario BOOM,21205,01/12/2025, 19:11:23,1066
APRL00001,Super Mario BOOM,21205,01/12/2025, 20:15:10,1066
APRL00001,Super Mario BOOM,21205,01/12/2025, 21:13:34,1066
APRL00001,Super Mario BOOM,21205,01/12/2025, 22:13:39,1066
APRL00001,Super Mario BOOM,21206,01/12/2025, 23:13:51,1066
APRL00001,Super Mario BOOM,21206,01/13/2025, 01:10:47,1066
APRL00001,Super Mario BOOM,21206,01/13/2025, 02:53:28,1066
APRL00001,Super Mario BOOM,21206,01/13/2025, 03:24:53,1066
APRL00001,Super Mario BOOM,21206,01/13/2025, 04:19:06,1066
APRL00001,Super Mario BOOM,21206,01/13/2025, 05:15:49,1066
APRL00001,Super Mario BOOM,21206,01/13/2025, 06:21:59,1066
APRL00001,Super Mario BOOM,21206,01/13/2025, 07:15:57,1066
APRL00001,Super Mario BOOM,21206,01/13/2025, 08:20:48,1066
APRL00001,Super Mario BOOM,21206,01/13/2025, 09:17:20,1066
APRL00001,Super Mario BOOM,21206,01/13/2025, 10:17:01,1066
APRL00001,Super Mario BOOM,21206,01/13/2025, 11:13:32,1066
APRL00001,Super Mario BOOM,21206,01/13/2025, 12:30:11,1066
APRL00001,Super Mario BOOM,21206,01/13/2025, 13:22:10,1066
APRL00001,Super Mario BOOM,21206,01/13/2025, 14:15:06,1066
APRL00001,Super Mario BOOM,21206,01/13/2025, 15:16:46,1066
APRL00001,Super Mario BOOM,21206,01/13/2025, 16:19:43,1066
APRL00001,Super Mario BOOM,21206,01/13/2025, 17:14:13,1066
APRL00001,Super Mario BOOM,21206,01/13/2025, 18:21:34,1066
APRL00001,Super Mario BOOM,21206,01/13/2025, 19:12:50,1066
APRL00001,Super Mario BOOM,21206,01/13/2025, 20:16:06,1066
APRL00001,Super Mario BOOM,21207,01/13/2025, 21:14:00,1066
APRL00001,Super Mario BOOM,21207,01/13/2025, 22:13:52,1066
APRL00001,Super Mario BOOM,21207,01/13/2025, 23:14:11,1066
APRL00001,Super Mario BOOM,21207,01/14/2025, 01:04:01,1066
APRL00001,Super Mario BOOM,21207,01/14/2025, 02:40:11,1066
APRL00001,Super Mario BOOM,21207,01/14/2025, 03:15:08,1066
APRL00001,Super Mario BOOM,21207,01/14/2025, 04:17:29,1066
APRL00001,Super Mario BOOM,21208,01/14/2025, 05:15:42,1066
APRL00001,Super Mario BOOM,21208,01/14/2025, 06:20:02,1066
APRL00001,Super Mario BOOM,21208,01/14/2025, 07:14:13,1066
APRL00001,Super Mario BOOM,21208,01/14/2025, 08:18:59,1066
APRL00001,Super Mario BOOM,21208,01/14/2025, 09:15:41,1066
APRL00001,Super Mario BOOM,21208,01/14/2025, 10:15:40,1066
APRL00001,Super Mario BOOM,21208,01/14/2025, 11:12:54,1066
APRL00001,Super Mario BOOM,21208,01/14/2025, 12:27:47,1066
APRL00001,Super Mario BOOM,21208,01/14/2025, 13:20:00,1066
APRL00001,Super Mario BOOM,21208,01/14/2025, 14:14:43,1066
APRL00001,Super Mario BOOM,21208,01/14/2025, 15:15:24,1066
APRL00001,Super Mario BOOM,21208,01/14/2025, 16:17:54,1066
APRL00001,Super Mario BOOM,21208,01/14/2025, 17:13:27,1066
APRL00001,Super Mario BOOM,21208,01/14/2025, 18:19:41,1066
APRL00001,Super Mario BOOM,21208,01/14/2025, 19:12:07,1066
APRL00001,Super Mario BOOM,21208,01/14/2025, 20:15:57,1066
APRL00001,Super Mario BOOM,21208,01/14/2025, 21:14:06,1066
APRL00001,Super Mario BOOM,21208,01/14/2025, 22:13:57,1066
APRL00001,Super Mario BOOM,21209,01/14/2025, 23:13:54,1066
APRL00001,Super Mario BOOM,21210,01/15/2025, 01:05:30,1066
APRL00001,Super Mario BOOM,21211,01/15/2025, 02:42:15,1066
APRL00001,Super Mario BOOM,21211,01/15/2025, 03:16:28,1066
APRL00001,Super Mario BOOM,21211,01/15/2025, 04:17:50,1066
APRL00001,Super Mario BOOM,21211,01/15/2025, 05:15:27,1066
APRL00001,Super Mario BOOM,21211,01/15/2025, 06:20:17,1066
APRL00001,Super Mario BOOM,21211,01/15/2025, 07:14:17,1066
APRL00001,Super Mario BOOM,21211,01/15/2025, 08:18:56,1066
APRL00001,Super Mario BOOM,21211,01/15/2025, 09:15:33,1066
APRL00001,Super Mario BOOM,21211,01/15/2025, 10:15:37,1066
APRL00001,Super Mario BOOM,21211,01/15/2025, 11:12:31,1066
APRL00001,Super Mario BOOM,21211,01/15/2025, 12:27:55,1066
APRL00001,Super Mario BOOM,21211,01/15/2025, 13:20:34,1066
APRL00001,Super Mario BOOM,21211,01/15/2025, 14:14:19,1066
APRL00001,Super Mario BOOM,21211,01/15/2025, 15:15:33,1066
APRL00001,Super Mario BOOM,21211,01/15/2025, 16:17:52,1066
APRL00001,Super Mario BOOM,21211,01/15/2025, 17:13:26,1066
APRL00001,Super Mario BOOM,21211,01/15/2025, 18:19:29,1066
APRL00001,Super Mario BOOM,21212,01/15/2025, 19:12:13,1066
APRL00001,Super Mario BOOM,21212,01/15/2025, 20:15:53,1066
APRL00001,Super Mario BOOM,21212,01/15/2025, 21:13:53,1066
APRL00001,Super Mario BOOM,21212,01/15/2025, 22:13:33,1066
APRL00001,Super Mario BOOM,21212,01/15/2025, 23:14:41,1066
APRL00001,Super Mario BOOM,21212,01/16/2025, 01:04:45,1066
APRL00001,Super Mario BOOM,21213,01/16/2025, 02:41:13,1066
APRL00001,Super Mario BOOM,21213,01/16/2025, 03:16:44,1066
APRL00001,Super Mario BOOM,21213,01/16/2025, 04:17:21,1066
APRL00001,Super Mario BOOM,21213,01/16/2025, 05:14:38,1066
APRL00001,Super Mario BOOM,21213,01/16/2025, 06:20:09,1066
APRL00001,Super Mario BOOM,21213,01/16/2025, 07:14:04,1066
APRL00001,Super Mario BOOM,21213,01/16/2025, 08:18:38,1066
APRL00001,Super Mario BOOM,21213,01/16/2025, 09:15:37,1066
APRL00001,Super Mario BOOM,21213,01/16/2025, 10:15:43,1066
APRL00001,Super Mario BOOM,21213,01/16/2025, 11:12:23,1066
APRL00001,Super Mario BOOM,21213,01/16/2025, 12:28:00,1066
APRL00001,Super Mario BOOM,21213,01/16/2025, 13:20:54,1066
APRL00001,Super Mario BOOM,21213,01/16/2025, 14:13:40,1066
APRL00001,Super Mario BOOM,21213,01/16/2025, 15:15:00,1066
APRL00001,Super Mario BOOM,21213,01/16/2025, 16:17:46,1066
APRL00001,Super Mario BOOM,21213,01/16/2025, 17:13:58,1066
APRL00001,Super Mario BOOM,21213,01/16/2025, 18:19:44,1066
APRL00001,Super Mario BOOM,21213,01/16/2025, 19:12:19,1066
APRL00001,Super Mario BOOM,21213,01/16/2025, 20:15:48,1066
APRL00001,Super Mario BOOM,21213,01/16/2025, 21:13:44,1066
APRL00001,Super Mario BOOM,21213,01/16/2025, 22:13:48,1066
APRL00001,Super Mario BOOM,21213,01/16/2025, 23:15:27,1066
APRL00001,Super Mario BOOM,21213,01/17/2025, 01:04:22,1066
APRL00001,Super Mario BOOM,21213,01/17/2025, 02:40:56,1066
APRL00001,Super Mario BOOM,21213,01/17/2025, 03:17:42,1066
APRL00001,Super Mario BOOM,21213,01/17/2025, 04:18:23,1066
APRL00001,Super Mario BOOM,21213,01/17/2025, 05:14:17,1066
APRL00001,Super Mario BOOM,21213,01/17/2025, 06:20:19,1066
APRL00001,Super Mario BOOM,21213,01/17/2025, 07:14:18,1066
APRL00001,Super Mario BOOM,21213,01/17/2025, 08:18:43,1066
APRL00001,Super Mario BOOM,21213,01/17/2025, 09:15:31,1066
APRL00001,Super Mario BOOM,21213,01/17/2025, 10:15:36,1066
APRL00001,Super Mario BOOM,21214,01/17/2025, 11:13:45,1066
APRL00001,Super Mario BOOM,21214,01/17/2025, 12:27:26,1066
APRL00001,Super Mario BOOM,21214,01/17/2025, 13:19:52,1066
APRL00001,Super Mario BOOM,21214,01/17/2025, 14:13:44,1066
APRL00001,Super Mario BOOM,21214,01/17/2025, 15:14:51,1066
APRL00001,Super Mario BOOM,21214,01/17/2025, 16:17:29,1066
APRL00001,Super Mario BOOM,21216,01/17/2025, 17:12:54,1066
APRL00001,Super Mario BOOM,21216,01/17/2025, 18:19:15,1066
APRL00001,Super Mario BOOM,21216,01/17/2025, 19:12:45,1066
APRL00001,Super Mario BOOM,21216,01/17/2025, 20:15:57,1066
APRL00001,Super Mario BOOM,21216,01/17/2025, 21:13:20,1066
APRL00001,Super Mario BOOM,21216,01/17/2025, 22:13:37,1066
APRL00001,Super Mario BOOM,21216,01/17/2025, 23:14:43,1066
APRL00001,Super Mario BOOM,21217,01/18/2025, 01:03:16,1066
APRL00001,Super Mario BOOM,21219,01/18/2025, 02:37:53,1066
APRL00001,Super Mario BOOM,21219,01/18/2025, 03:15:14,1066
APRL00001,Super Mario BOOM,21219,01/18/2025, 04:16:56,1066
APRL00001,Super Mario BOOM,21220,01/18/2025, 05:13:53,1066
APRL00001,Super Mario BOOM,21220,01/18/2025, 06:18:42,1066
APRL00001,Super Mario BOOM,21220,01/18/2025, 07:13:02,1066
APRL00001,Super Mario BOOM,21220,01/18/2025, 08:17:04,1066
APRL00001,Super Mario BOOM,21220,01/18/2025, 09:14:15,1066
APRL00001,Super Mario BOOM,21220,01/18/2025, 10:14:11,1066
APRL00001,Super Mario BOOM,21220,01/18/2025, 11:11:08,1066
APRL00001,Super Mario BOOM,21220,01/18/2025, 12:24:51,1066
APRL00001,Super Mario BOOM,21220,01/18/2025, 13:15:51,1066
APRL00001,Super Mario BOOM,21220,01/18/2025, 14:13:17,1066
APRL00001,Super Mario BOOM,21220,01/18/2025, 15:13:51,1066
APRL00001,Super Mario BOOM,21220,01/18/2025, 16:15:51,1066
APRL00001,Super Mario BOOM,21220,01/18/2025, 17:12:14,1066
APRL00001,Super Mario BOOM,21220,01/18/2025, 18:17:56,1066
APRL00001,Super Mario BOOM,21220,01/18/2025, 19:11:23,1066
APRL00001,Super Mario BOOM,21220,01/18/2025, 20:14:23,1066
APRL00001,Super Mario BOOM,21220,01/18/2025, 21:13:54,1066
APRL00001,Super Mario BOOM,21220,01/18/2025, 22:13:13,1066
APRL00001,Super Mario BOOM,21220,01/18/2025, 23:13:48,1066
APRL00001,Super Mario BOOM,21220,01/19/2025, 01:09:48,1066
APRL00001,Super Mario BOOM,21220,01/19/2025, 02:46:44,1066
APRL00001,Super Mario BOOM,21220,01/19/2025, 03:19:03,1066
APRL00001,Super Mario BOOM,21221,01/19/2025, 04:17:01,1066
APRL00001,Super Mario BOOM,21223,01/19/2025, 05:13:44,1066
APRL00001,Super Mario BOOM,21223,01/19/2025, 06:18:55,1066
APRL00001,Super Mario BOOM,21223,01/19/2025, 07:13:27,1066
APRL00001,Super Mario BOOM,21223,01/19/2025, 08:16:45,1066
APRL00001,Super Mario BOOM,21223,01/19/2025, 09:13:58,1066
APRL00001,Super Mario BOOM,21223,01/19/2025, 10:15:06,1066
APRL00001,Super Mario BOOM,21223,01/19/2025, 11:11:31,1066
APRL00001,Super Mario BOOM,21223,01/19/2025, 12:24:34,1066
APRL00001,Super Mario BOOM,21223,01/19/2025, 13:16:03,1066
APRL00001,Super Mario BOOM,21223,01/19/2025, 14:14:11,1066
APRL00001,Super Mario BOOM,21223,01/19/2025, 15:14:16,1066
APRL00001,Super Mario BOOM,21223,01/19/2025, 16:16:13,1066
APRL00001,Super Mario BOOM,21223,01/19/2025, 17:13:25,1066
APRL00001,Super Mario BOOM,21223,01/19/2025, 18:17:52,1066
APRL00001,Super Mario BOOM,21224,01/19/2025, 19:11:14,1066
APRL00001,Super Mario BOOM,21224,01/19/2025, 20:14:20,1066
APRL00001,Super Mario BOOM,21224,01/19/2025, 21:13:08,1066
APRL00001,Super Mario BOOM,21224,01/19/2025, 22:14:46,1066
APRL00001,Super Mario BOOM,21224,01/19/2025, 23:13:19,1066
APRL00001,Super Mario BOOM,21224,01/20/2025, 01:06:04,1066
APRL00001,Super Mario BOOM,21224,01/20/2025, 02:44:12,1066
APRL00001,Super Mario BOOM,21224,01/20/2025, 03:18:14,1066
APRL00001,Super Mario BOOM,21224,01/20/2025, 04:18:03,1066
APRL00001,Super Mario BOOM,21224,01/20/2025, 05:15:18,1066
APRL00001,Super Mario BOOM,21224,01/20/2025, 06:20:58,1066
APRL00001,Super Mario BOOM,21224,01/20/2025, 07:14:44,1066
APRL00001,Super Mario BOOM,21224,01/20/2025, 08:20:12,1066
APRL00001,Super Mario BOOM,21224,01/20/2025, 09:16:23,1066
APRL00001,Super Mario BOOM,21224,01/20/2025, 10:16:36,1066
APRL00001,Super Mario BOOM,21224,01/20/2025, 11:13:16,1066
APRL00001,Super Mario BOOM,21224,01/20/2025, 12:28:29,1066
APRL00001,Super Mario BOOM,21224,01/20/2025, 13:21:20,1066
APRL00001,Super Mario BOOM,21224,01/20/2025, 14:14:31,1066
APRL00001,Super Mario BOOM,21224,01/20/2025, 15:16:02,1066
APRL00001,Super Mario BOOM,21224,01/20/2025, 16:17:51,1066
APRL00001,Super Mario BOOM,21224,01/20/2025, 17:13:28,1066
APRL00001,Super Mario BOOM,21224,01/20/2025, 18:19:31,1066
APRL00001,Super Mario BOOM,21224,01/20/2025, 19:11:48,1066
APRL00001,Super Mario BOOM,21224,01/20/2025, 20:15:35,1066
APRL00001,Super Mario BOOM,21224,01/20/2025, 21:13:39,1066
APRL00001,Super Mario BOOM,21224,01/20/2025, 22:13:50,1066
APRL00001,Super Mario BOOM,21224,01/20/2025, 23:13:40,1066
APRL00001,Super Mario BOOM,21225,01/21/2025, 01:04:50,1066
APRL00001,Super Mario BOOM,21226,01/21/2025, 02:42:10,1066
APRL00001,Super Mario BOOM,21226,01/21/2025, 03:16:43,1066
APRL00001,Super Mario BOOM,21226,01/21/2025, 04:17:51,1066
APRL00001,Super Mario BOOM,21226,01/21/2025, 05:14:51,1066
APRL00001,Super Mario BOOM,21226,01/21/2025, 06:20:26,1066
APRL00001,Super Mario BOOM,21226,01/21/2025, 07:14:43,1066
APRL00001,Super Mario BOOM,21226,01/21/2025, 08:19:06,1066
APRL00001,Super Mario BOOM,21226,01/21/2025, 09:15:41,1066
APRL00001,Super Mario BOOM,21226,01/21/2025, 10:15:41,1066
APRL00001,Super Mario BOOM,21226,01/21/2025, 11:13:03,1066
APRL00001,Super Mario BOOM,21226,01/21/2025, 12:28:33,1066
APRL00001,Super Mario BOOM,21226,01/21/2025, 13:21:08,1066
APRL00001,Super Mario BOOM,21226,01/21/2025, 14:14:15,1066
APRL00001,Super Mario BOOM,21226,01/21/2025, 15:15:55,1066
APRL00001,Super Mario BOOM,21226,01/21/2025, 16:18:14,1066
APRL00001,Super Mario BOOM,21227,01/21/2025, 17:14:44,1066
APRL00001,Super Mario BOOM,21227,01/21/2025, 18:20:03,1066
APRL00001,Super Mario BOOM,21227,01/21/2025, 19:12:28,1066
APRL00001,Super Mario BOOM,21227,01/21/2025, 20:16:21,1066
APRL00001,Super Mario BOOM,21227,01/21/2025, 21:14:07,1066
APRL00001,Super Mario BOOM,21227,01/21/2025, 22:14:01,1066
APRL00001,Super Mario BOOM,21227,01/21/2025, 23:14:01,1066
APRL00001,Super Mario BOOM,21227,01/22/2025, 01:06:31,1066
APRL00001,Super Mario BOOM,21227,01/22/2025, 02:44:33,1066
APRL00001,Super Mario BOOM,21227,01/22/2025, 03:18:22,1066
APRL00001,Super Mario BOOM,21227,01/22/2025, 04:17:54,1066
APRL00001,Super Mario BOOM,21227,01/22/2025, 05:14:57,1066
APRL00001,Super Mario BOOM,21227,01/22/2025, 06:20:53,1066
APRL00001,Super Mario BOOM,21227,01/22/2025, 07:14:23,1066
APRL00001,Super Mario BOOM,21227,01/22/2025, 08:19:33,1066
APRL00001,Super Mario BOOM,21228,01/22/2025, 09:15:56,1066
APRL00001,Super Mario BOOM,21228,01/22/2025, 10:13:55,1066
APRL00001,Super Mario BOOM,21228,01/22/2025, 11:13:08,1066
APRL00001,Super Mario BOOM,21228,01/22/2025, 12:28:23,1066
APRL00001,Super Mario BOOM,21228,01/22/2025, 13:21:08,1066
APRL00001,Super Mario BOOM,21228,01/22/2025, 14:14:29,1066
APRL00001,Super Mario BOOM,21228,01/22/2025, 15:15:48,1066
APRL00001,Super Mario BOOM,21228,01/22/2025, 16:18:27,1066
APRL00001,Super Mario BOOM,21228,01/22/2025, 17:14:32,1066
APRL00001,Super Mario BOOM,21228,01/22/2025, 18:20:31,1066
APRL00001,Super Mario BOOM,21228,01/22/2025, 19:12:23,1066
APRL00001,Super Mario BOOM,21229,01/22/2025, 20:16:24,1066
APRL00001,Super Mario BOOM,21229,01/22/2025, 21:12:03,1066
APRL00001,Super Mario BOOM,21230,01/22/2025, 22:14:00,1066
APRL00001,Super Mario BOOM,21230,01/22/2025, 23:14:37,1066
APRL00001,Super Mario BOOM,21230,01/23/2025, 01:05:19,1066
APRL00001,Super Mario BOOM,21230,01/23/2025, 02:42:33,1066
APRL00001,Super Mario BOOM,21231,01/23/2025, 03:16:54,1066
APRL00001,Super Mario BOOM,21231,01/23/2025, 04:17:47,1066
APRL00001,Super Mario BOOM,21231,01/23/2025, 05:14:54,1066
APRL00001,Super Mario BOOM,21231,01/23/2025, 06:20:26,1066
APRL00001,Super Mario BOOM,21231,01/23/2025, 07:14:29,1066
APRL00001,Super Mario BOOM,21231,01/23/2025, 08:19:26,1066
APRL00001,Super Mario BOOM,21232,01/23/2025, 09:16:05,1066
APRL00001,Super Mario BOOM,21232,01/23/2025, 10:16:42,1066
APRL00001,Super Mario BOOM,21232,01/23/2025, 11:12:56,1066
APRL00001,Super Mario BOOM,21232,01/23/2025, 12:28:43,1066
APRL00001,Super Mario BOOM,21232,01/23/2025, 13:21:15,1066
APRL00001,Super Mario BOOM,21232,01/23/2025, 14:14:26,1066
APRL00001,Super Mario BOOM,21232,01/23/2025, 15:15:59,1066
APRL00001,Super Mario BOOM,21232,01/23/2025, 16:18:23,1066
APRL00001,Super Mario BOOM,21232,01/23/2025, 17:14:31,1066
APRL00001,Super Mario BOOM,21232,01/23/2025, 18:20:14,1066
APRL00001,Super Mario BOOM,21232,01/23/2025, 19:12:10,1066
APRL00001,Super Mario BOOM,21232,01/23/2025, 20:15:54,1066
APRL00001,Super Mario BOOM,21232,01/23/2025, 21:13:53,1066
APRL00001,Super Mario BOOM,21232,01/23/2025, 22:14:02,1066
APRL00001,Super Mario BOOM,21232,01/23/2025, 23:14:15,1066
APRL00001,Super Mario BOOM,21232,01/24/2025, 01:05:19,1066
APRL00001,Super Mario BOOM,21232,01/24/2025, 02:43:08,1066
APRL00001,Super Mario BOOM,21232,01/24/2025, 03:17:13,1066
APRL00001,Super Mario BOOM,21232,01/24/2025, 04:18:05,1066
APRL00001,Super Mario BOOM,21232,01/24/2025, 05:14:47,1066
APRL00001,Super Mario BOOM,21232,01/24/2025, 06:20:30,1066
APRL00001,Super Mario BOOM,21232,01/24/2025, 07:14:17,1066
APRL00001,Super Mario BOOM,21232,01/24/2025, 08:19:26,1066
APRL00001,Super Mario BOOM,21232,01/24/2025, 09:15:58,1066
APRL00001,Super Mario BOOM,21232,01/24/2025, 10:16:05,1066
APRL00001,Super Mario BOOM,21232,01/24/2025, 11:13:04,1066
APRL00001,Super Mario BOOM,21232,01/24/2025, 12:27:36,1066
APRL00001,Super Mario BOOM,21232,01/24/2025, 13:20:15,1066
APRL00001,Super Mario BOOM,21232,01/24/2025, 14:14:09,1066
APRL00001,Super Mario BOOM,21232,01/24/2025, 15:15:36,1066
APRL00001,Super Mario BOOM,21232,01/24/2025, 16:17:45,1066
APRL00001,Super Mario BOOM,21232,01/24/2025, 17:13:23,1066
APRL00001,Super Mario BOOM,21233,01/24/2025, 18:20:06,1066
APRL00001,Super Mario BOOM,21233,01/24/2025, 19:12:19,1066
APRL00001,Super Mario BOOM,21233,01/24/2025, 20:15:39,1066
APRL00001,Super Mario BOOM,21233,01/24/2025, 21:13:30,1066
APRL00001,Super Mario BOOM,21233,01/24/2025, 22:13:50,1066
APRL00001,Super Mario BOOM,21233,01/24/2025, 23:14:03,1066
APRL00001,Super Mario BOOM,21233,01/25/2025, 01:01:34,1066
APRL00001,Super Mario BOOM,21233,01/25/2025, 02:12:45,1066
APRL00001,Super Mario BOOM,21233,01/25/2025, 03:15:16,1066
APRL00001,Super Mario BOOM,21233,01/25/2025, 04:16:53,1066
APRL00001,Super Mario BOOM,21233,01/25/2025, 05:13:48,1066
APRL00001,Super Mario BOOM,21233,01/25/2025, 06:19:04,1066
APRL00001,Super Mario BOOM,21233,01/25/2025, 07:12:41,1066
APRL00001,Super Mario BOOM,21233,01/25/2025, 08:17:40,1066
APRL00001,Super Mario BOOM,21233,01/25/2025, 09:14:43,1066
APRL00001,Super Mario BOOM,21233,01/25/2025, 10:14:11,1066
APRL00001,Super Mario BOOM,21233,01/25/2025, 11:12:45,1066
APRL00001,Super Mario BOOM,21233,01/25/2025, 12:24:53,1066
APRL00001,Super Mario BOOM,21233,01/25/2025, 13:15:58,1066
APRL00001,Super Mario BOOM,21233,01/25/2025, 14:12:51,1066
APRL00001,Super Mario BOOM,21233,01/25/2025, 15:14:03,1066
APRL00001,Super Mario BOOM,21233,01/25/2025, 16:17:36,1066
APRL00001,Super Mario BOOM,21233,01/25/2025, 17:11:46,1066
APRL00001,Super Mario BOOM,21233,01/25/2025, 18:17:50,1066
APRL00001,Super Mario BOOM,21233,01/25/2025, 19:11:01,1066
APRL00001,Super Mario BOOM,21233,01/25/2025, 20:14:30,1066
APRL00001,Super Mario BOOM,21233,01/25/2025, 21:12:59,1066
APRL00001,Super Mario BOOM,21233,01/25/2025, 22:14:29,1066
APRL00001,Super Mario BOOM,21233,01/25/2025, 23:14:43,1066
APRL00001,Super Mario BOOM,21233,01/26/2025, 01:07:02,1066
APRL00001,Super Mario BOOM,21233,01/26/2025, 02:44:08,1066
APRL00001,Super Mario BOOM,21233,01/26/2025, 03:17:15,1066
APRL00001,Super Mario BOOM,21233,01/26/2025, 04:17:11,1066
APRL00001,Super Mario BOOM,21233,01/26/2025, 05:14:37,1066
APRL00001,Super Mario BOOM,21233,01/26/2025, 06:18:53,1066
APRL00001,Super Mario BOOM,21233,01/26/2025, 07:13:05,1066
APRL00001,Super Mario BOOM,21233,01/26/2025, 09:14:34,1066
APRL00001,Super Mario BOOM,21233,01/26/2025, 10:14:34,1066
APRL00001,Super Mario BOOM,21233,01/26/2025, 11:11:24,1066
APRL00001,Super Mario BOOM,21233,01/26/2025, 12:24:36,1066
APRL00001,Super Mario BOOM,21235,01/26/2025, 13:15:56,1066
APRL00001,Super Mario BOOM,21235,01/26/2025, 14:12:23,1066
APRL00001,Super Mario BOOM,21235,01/26/2025, 15:14:36,1066
APRL00001,Super Mario BOOM,21235,01/26/2025, 16:16:06,1066
APRL00001,Super Mario BOOM,21235,01/26/2025, 17:12:53,1066
APRL00001,Super Mario BOOM,21235,01/26/2025, 18:18:48,1066
APRL00001,Super Mario BOOM,21235,01/26/2025, 19:11:50,1066
APRL00001,Super Mario BOOM,21235,01/26/2025, 20:14:45,1066
APRL00001,Super Mario BOOM,21236,01/26/2025, 21:13:19,1066
APRL00001,Super Mario BOOM,21238,01/26/2025, 22:12:57,1066
APRL00001,Super Mario BOOM,21238,01/26/2025, 23:13:41,1066
APRL00001,Super Mario BOOM,21238,01/27/2025, 01:06:17,1066
APRL00001,Super Mario BOOM,21239,01/27/2025, 02:43:57,1066
APRL00001,Super Mario BOOM,21239,01/27/2025, 03:18:07,1066
APRL00001,Super Mario BOOM,21239,01/27/2025, 04:18:18,1066
APRL00001,Super Mario BOOM,21239,01/27/2025, 05:15:04,1066
APRL00001,Super Mario BOOM,21239,01/27/2025, 06:21:02,1066
APRL00001,Super Mario BOOM,21239,01/27/2025, 07:15:04,1066
APRL00001,Super Mario BOOM,21239,01/27/2025, 08:20:31,1066
APRL00001,Super Mario BOOM,21239,01/27/2025, 09:17:04,1066
APRL00001,Super Mario BOOM,21239,01/27/2025, 10:16:41,1066
APRL00001,Super Mario BOOM,21239,01/27/2025, 11:13:31,1066
APRL00001,Super Mario BOOM,21239,01/27/2025, 12:28:53,1066
APRL00001,Super Mario BOOM,21239,01/27/2025, 13:21:26,1066
APRL00001,Super Mario BOOM,21239,01/27/2025, 14:14:37,1066
APRL00001,Super Mario BOOM,21239,01/27/2025, 15:14:25,1066
APRL00001,Super Mario BOOM,21239,01/27/2025, 16:19:00,1066
APRL00001,Super Mario BOOM,21239,01/27/2025, 17:14:05,1066
APRL00001,Super Mario BOOM,21240,01/27/2025, 18:20:21,1066
APRL00001,Super Mario BOOM,21240,01/27/2025, 19:12:36,1066
APRL00001,Super Mario BOOM,21240,01/27/2025, 20:16:28,1066
APRL00001,Super Mario BOOM,21240,01/27/2025, 21:14:30,1066
APRL00001,Super Mario BOOM,21240,01/27/2025, 22:14:28,1066
APRL00001,Super Mario BOOM,21240,01/27/2025, 23:14:21,1066
APRL00001,Super Mario BOOM,21240,01/28/2025, 01:05:26,1066
APRL00001,Super Mario BOOM,21240,01/28/2025, 02:41:42,1066
APRL00001,Super Mario BOOM,21240,01/28/2025, 03:16:45,1066
APRL00001,Super Mario BOOM,21240,01/28/2025, 04:17:46,1066
APRL00001,Super Mario BOOM,21240,01/28/2025, 05:14:59,1066
APRL00001,Super Mario BOOM,21240,01/28/2025, 06:20:23,1066
APRL00001,Super Mario BOOM,21240,01/28/2025, 07:14:10,1066
APRL00001,Super Mario BOOM,21240,01/28/2025, 08:19:12,1066
APRL00001,Super Mario BOOM,21240,01/28/2025, 09:15:38,1066
APRL00001,Super Mario BOOM,21240,01/28/2025, 10:15:46,1066
APRL00001,Super Mario BOOM,21240,01/28/2025, 11:13:01,1066
APRL00001,Super Mario BOOM,21240,01/28/2025, 12:27:55,1066
APRL00001,Super Mario BOOM,21240,01/28/2025, 13:20:36,1066
APRL00001,Super Mario BOOM,21240,01/28/2025, 14:14:28,1066
APRL00001,Super Mario BOOM,21240,01/28/2025, 15:16:05,1066
APRL00001,Super Mario BOOM,21240,01/28/2025, 16:18:17,1066
APRL00001,Super Mario BOOM,21240,01/28/2025, 17:13:33,1066
APRL00001,Super Mario BOOM,21240,01/28/2025, 18:19:51,1066
APRL00001,Super Mario BOOM,21240,01/28/2025, 19:12:33,1066
APRL00001,Super Mario BOOM,21240,01/28/2025, 20:16:01,1066
APRL00001,Super Mario BOOM,21240,01/28/2025, 21:14:22,1066
APRL00001,Super Mario BOOM,21240,01/28/2025, 22:14:11,1066
APRL00001,Super Mario BOOM,21240,01/28/2025, 23:14:21,1066
APRL00001,Super Mario BOOM,21240,01/29/2025, 01:04:52,1066
APRL00001,Super Mario BOOM,21240,01/29/2025, 02:41:14,1066
APRL00001,Super Mario BOOM,21240,01/29/2025, 03:16:40,1066
APRL00001,Super Mario BOOM,21240,01/29/2025, 04:17:45,1066
APRL00001,Super Mario BOOM,21240,01/29/2025, 05:14:47,1066
APRL00001,Super Mario BOOM,21240,01/29/2025, 06:20:27,1066
APRL00001,Super Mario BOOM,21240,01/29/2025, 07:14:26,1066
APRL00001,Super Mario BOOM,21240,01/29/2025, 08:19:01,1066
APRL00001,Super Mario BOOM,21240,01/29/2025, 09:15:23,1066
APRL00001,Super Mario BOOM,21240,01/29/2025, 10:15:32,1066
APRL00001,Super Mario BOOM,21240,01/29/2025, 11:13:20,1066
APRL00001,Super Mario BOOM,21240,01/29/2025, 12:28:03,1066
APRL00001,Super Mario BOOM,21240,01/29/2025, 13:21:16,1066
APRL00001,Super Mario BOOM,21240,01/29/2025, 14:14:09,1066
APRL00001,Super Mario BOOM,21240,01/29/2025, 15:15:29,1066
APRL00001,Super Mario BOOM,21240,01/29/2025, 16:18:49,1066
APRL00001,Super Mario BOOM,21240,01/29/2025, 17:13:52,1066
APRL00001,Super Mario BOOM,21240,01/29/2025, 18:20:09,1066
APRL00001,Super Mario BOOM,21240,01/29/2025, 19:11:40,1066
APRL00001,Super Mario BOOM,21240,01/29/2025, 20:15:51,1066
APRL00001,Super Mario BOOM,21240,01/29/2025, 21:14:14,1066
APRL00001,Super Mario BOOM,21240,01/29/2025, 22:14:14,1066
APRL00001,Super Mario BOOM,21240,01/29/2025, 23:14:11,1066
APRL00001,Super Mario BOOM,21241,01/30/2025, 01:04:06,1066
APRL00001,Super Mario BOOM,21241,01/30/2025, 02:40:31,1066
APRL00001,Super Mario BOOM,21241,01/30/2025, 03:17:05,1066
APRL00001,Super Mario BOOM,21241,01/30/2025, 04:17:43,1066
APRL00001,Super Mario BOOM,21241,01/30/2025, 05:15:48,1066
APRL00001,Super Mario BOOM,21242,01/30/2025, 06:20:31,1066
APRL00001,Super Mario BOOM,21242,01/30/2025, 07:13:54,1066
APRL00001,Super Mario BOOM,21242,01/30/2025, 08:18:22,1066
APRL00001,Super Mario BOOM,21242,01/30/2025, 09:15:26,1066
APRL00001,Super Mario BOOM,21242,01/30/2025, 10:15:24,1066
APRL00001,Super Mario BOOM,21242,01/30/2025, 11:13:12,1066
APRL00001,Super Mario BOOM,21242,01/30/2025, 12:28:12,1066
APRL00001,Super Mario BOOM,21242,01/30/2025, 13:20:33,1066
APRL00001,Super Mario BOOM,21242,01/30/2025, 14:14:32,1066
APRL00001,Super Mario BOOM,21243,01/30/2025, 15:15:39,1066
APRL00001,Super Mario BOOM,21243,01/30/2025, 16:18:07,1066
APRL00001,Super Mario BOOM,21243,01/30/2025, 17:13:42,1066
APRL00001,Super Mario BOOM,21243,01/30/2025, 18:19:39,1066
APRL00001,Super Mario BOOM,21243,01/30/2025, 19:11:57,1066
APRL00001,Super Mario BOOM,21243,01/30/2025, 20:16:01,1066
APRL00001,Super Mario BOOM,21243,01/30/2025, 21:14:04,1066
APRL00001,Super Mario BOOM,21243,01/30/2025, 22:13:45,1066
APRL00001,Super Mario BOOM,21243,01/30/2025, 23:15:16,1066
APRL00001,Super Mario BOOM,21243,01/31/2025, 01:05:33,1066
APRL00001,Super Mario BOOM,21243,01/31/2025, 02:42:09,1066
APRL00001,Super Mario BOOM,21243,01/31/2025, 03:16:07,1066
APRL00001,Super Mario BOOM,21243,01/31/2025, 04:17:53,1066
APRL00001,Super Mario BOOM,21243,01/31/2025, 05:14:56,1066
APRL00001,Super Mario BOOM,21243,01/31/2025, 06:20:48,1066
APRL00001,Super Mario BOOM,21243,01/31/2025, 08:18:34,1066
APRL00001,Super Mario BOOM,21243,01/31/2025, 09:15:23,1066
APRL00001,Super Mario BOOM,21243,01/31/2025, 10:15:11,1066
APRL00001,Super Mario BOOM,21243,01/31/2025, 11:12:32,1066
APRL00001,Super Mario BOOM,21243,01/31/2025, 12:27:09,1066
APRL00001,Super Mario BOOM,21243,01/31/2025, 13:19:51,1066
APRL00001,Super Mario BOOM,21243,01/31/2025, 14:14:00,1066
APRL00001,Super Mario BOOM,21243,01/31/2025, 15:14:49,1066
APRL00001,Super Mario BOOM,21243,01/31/2025, 16:17:56,1066
APRL00001,Super Mario BOOM,21243,01/31/2025, 17:13:01,1066
APRL00001,Super Mario BOOM,21243,01/31/2025, 18:19:29,1066
APRL00001,Super Mario BOOM,21243,01/31/2025, 19:12:09,1066
APRL00001,Super Mario BOOM,21243,01/31/2025, 20:15:46,1066
APRL00001,Super Mario BOOM,21243,01/31/2025, 21:13:43,1066
APRL00001,Super Mario BOOM,21243,01/31/2025, 22:14:32,1066
APRL00001,Super Mario BOOM,21243,01/31/2025, 23:13:59,1066
APRL00001,Super Mario BOOM,21243,02/01/2025, 01:09:00,1066
APRL00001,Super Mario BOOM,21243,02/01/2025, 02:45:08,1066
APRL00001,Super Mario BOOM,21243,02/01/2025, 03:19:36,1066
APRL00001,Super Mario BOOM,21243,02/01/2025, 04:17:10,1066
APRL00001,Super Mario BOOM,21244,02/01/2025, 05:14:09,1066
APRL00001,Super Mario BOOM,21244,02/01/2025, 06:19:08,1066
APRL00001,Super Mario BOOM,21244,02/01/2025, 07:14:12,1066
APRL00001,Super Mario BOOM,21245,02/01/2025, 08:17:13,1066
APRL00001,Super Mario BOOM,21245,02/01/2025, 09:15:07,1066
APRL00001,Super Mario BOOM,21245,02/01/2025, 10:14:26,1066
APRL00001,Super Mario BOOM,21245,02/01/2025, 11:11:37,1066
APRL00001,Super Mario BOOM,21245,02/01/2025, 12:24:42,1066
APRL00001,Super Mario BOOM,21245,02/01/2025, 13:15:58,1066
APRL00001,Super Mario BOOM,21245,02/01/2025, 14:12:24,1066
APRL00001,Super Mario BOOM,21245,02/01/2025, 15:15:55,1066
APRL00001,Super Mario BOOM,21245,02/01/2025, 16:15:46,1066
APRL00001,Super Mario BOOM,21245,02/01/2025, 17:12:31,1066
APRL00001,Super Mario BOOM,21245,02/01/2025, 18:17:39,1066
APRL00001,Super Mario BOOM,21245,02/01/2025, 19:10:51,1066
APRL00001,Super Mario BOOM,21245,02/01/2025, 20:14:43,1066
APRL00001,Super Mario BOOM,21246,02/01/2025, 21:13:38,1066
APRL00001,Super Mario BOOM,21246,02/01/2025, 22:14:15,1066
APRL00001,Super Mario BOOM,21246,02/01/2025, 23:13:37,1066
APRL00001,Super Mario BOOM,21246,02/02/2025, 01:08:28,1066
APRL00001,Super Mario BOOM,21246,02/02/2025, 02:44:03,1066
APRL00001,Super Mario BOOM,21246,02/02/2025, 03:17:51,1066
APRL00001,Super Mario BOOM,21246,02/02/2025, 04:16:42,1066
APRL00001,Super Mario BOOM,21246,02/02/2025, 05:14:43,1066
APRL00001,Super Mario BOOM,21246,02/02/2025, 06:19:02,1066
APRL00001,Super Mario BOOM,21247,02/02/2025, 07:13:29,1066
APRL00001,Super Mario BOOM,21247,02/02/2025, 08:16:37,1066
APRL00001,Super Mario BOOM,21247,02/02/2025, 09:13:36,1066
APRL00001,Super Mario BOOM,21247,02/02/2025, 10:14:25,1066
APRL00001,Super Mario BOOM,21247,02/02/2025, 11:11:56,1066
APRL00001,Super Mario BOOM,21247,02/02/2025, 12:24:45,1066
APRL00001,Super Mario BOOM,21247,02/02/2025, 13:15:34,1066
APRL00001,Super Mario BOOM,21247,02/02/2025, 14:12:58,1066
APRL00001,Super Mario BOOM,21247,02/02/2025, 15:14:51,1066
APRL00001,Super Mario BOOM,21247,02/02/2025, 16:16:55,1066
APRL00001,Super Mario BOOM,21247,02/02/2025, 17:13:21,1066
APRL00001,Super Mario BOOM,21247,02/02/2025, 18:18:15,1066
APRL00001,Super Mario BOOM,21247,02/02/2025, 19:12:28,1066
APRL00001,Super Mario BOOM,21247,02/02/2025, 20:14:39,1066
APRL00001,Super Mario BOOM,21247,02/02/2025, 21:12:39,1066
APRL00001,Super Mario BOOM,21247,02/02/2025, 22:13:38,1066
APRL00001,Super Mario BOOM,21247,02/02/2025, 23:13:48,1066
APRL00001,Super Mario BOOM,21247,02/03/2025, 01:06:34,1066
APRL00001,Super Mario BOOM,21247,02/03/2025, 02:43:15,1066
APRL00001,Super Mario BOOM,21247,02/03/2025, 03:19:49,1066
APRL00001,Super Mario BOOM,21247,02/03/2025, 04:18:08,1066
APRL00001,Super Mario BOOM,21247,02/03/2025, 05:15:11,1066
APRL00001,Super Mario BOOM,21247,02/03/2025, 06:21:00,1066
APRL00001,Super Mario BOOM,21247,02/03/2025, 07:14:40,1066
APRL00001,Super Mario BOOM,21247,02/03/2025, 08:20:10,1066
APRL00001,Super Mario BOOM,21247,02/03/2025, 09:16:44,1066
APRL00001,Super Mario BOOM,21247,02/03/2025, 10:15:57,1066
APRL00001,Super Mario BOOM,21247,02/03/2025, 11:12:56,1066
APRL00001,Super Mario BOOM,21247,02/03/2025, 12:28:33,1066
APRL00001,Super Mario BOOM,21247,02/03/2025, 13:20:56,1066
APRL00001,Super Mario BOOM,21248,02/03/2025, 14:14:59,1066
APRL00001,Super Mario BOOM,21248,02/03/2025, 15:15:41,1066
APRL00001,Super Mario BOOM,21248,02/03/2025, 16:18:26,1066
APRL00001,Super Mario BOOM,21248,02/03/2025, 17:13:32,1066
APRL00001,Super Mario BOOM,21248,02/03/2025, 18:20:03,1066
APRL00001,Super Mario BOOM,21248,02/03/2025, 19:13:01,1066
APRL00001,Super Mario BOOM,21248,02/03/2025, 20:15:52,1066
APRL00001,Super Mario BOOM,21248,02/03/2025, 21:14:32,1066
APRL00001,Super Mario BOOM,21248,02/03/2025, 22:14:23,1066
APRL00001,Super Mario BOOM,21248,02/03/2025, 23:14:17,1066
APRL00001,Super Mario BOOM,21248,02/04/2025, 01:05:17,1066
APRL00001,Super Mario BOOM,21248,02/04/2025, 02:42:25,1066
APRL00001,Super Mario BOOM,21248,02/04/2025, 03:17:30,1066
APRL00001,Super Mario BOOM,21248,02/04/2025, 04:17:39,1066
APRL00001,Super Mario BOOM,21249,02/04/2025, 05:14:49,1066
APRL00001,Super Mario BOOM,21249,02/04/2025, 06:21:05,1066
APRL00001,Super Mario BOOM,21249,02/04/2025, 07:14:55,1066
APRL00001,Super Mario BOOM,21249,02/04/2025, 08:19:31,1066
APRL00001,Super Mario BOOM,21249,02/04/2025, 09:16:22,1066
APRL00001,Super Mario BOOM,21249,02/04/2025, 10:16:17,1066
APRL00001,Super Mario BOOM,21249,02/04/2025, 11:12:59,1066
APRL00001,Super Mario BOOM,21249,02/04/2025, 12:29:05,1066
APRL00001,Super Mario BOOM,21249,02/04/2025, 13:21:22,1066
APRL00001,Super Mario BOOM,21249,02/04/2025, 14:14:29,1066
APRL00001,Super Mario BOOM,21249,02/04/2025, 15:15:41,1066
APRL00001,Super Mario BOOM,21249,02/04/2025, 16:18:21,1066
APRL00001,Super Mario BOOM,21249,02/04/2025, 17:13:17,1066
APRL00001,Super Mario BOOM,21249,02/04/2025, 18:20:07,1066
APRL00001,Super Mario BOOM,21249,02/04/2025, 19:12:30,1066
APRL00001,Super Mario BOOM,21249,02/04/2025, 20:16:15,1066
APRL00001,Super Mario BOOM,21249,02/04/2025, 21:13:57,1066
APRL00001,Super Mario BOOM,21249,02/04/2025, 22:14:25,1066
APRL00001,Super Mario BOOM,21249,02/04/2025, 23:14:27,1066
APRL00001,Super Mario BOOM,21249,02/05/2025, 01:06:05,1066
APRL00001,Super Mario BOOM,21249,02/05/2025, 02:44:02,1066
APRL00001,Super Mario BOOM,21249,02/05/2025, 03:18:59,1066
APRL00001,Super Mario BOOM,21249,02/05/2025, 04:18:11,1066
APRL00001,Super Mario BOOM,21249,02/05/2025, 05:15:19,1066
APRL00001,Super Mario BOOM,21249,02/05/2025, 06:20:52,1066
APRL00001,Super Mario BOOM,21249,02/05/2025, 07:14:10,1066
APRL00001,Super Mario BOOM,21249,02/05/2025, 08:19:30,1066
APRL00001,Super Mario BOOM,21249,02/05/2025, 09:16:42,1066
APRL00001,Super Mario BOOM,21249,02/05/2025, 10:15:48,1066
APRL00001,Super Mario BOOM,21249,02/05/2025, 11:13:04,1066
APRL00001,Super Mario BOOM,21249,02/05/2025, 12:28:41,1066
APRL00001,Super Mario BOOM,21250,02/05/2025, 13:21:25,1066
APRL00001,Super Mario BOOM,21250,02/05/2025, 14:14:08,1066
APRL00001,Super Mario BOOM,21250,02/05/2025, 15:15:48,1066
APRL00001,Super Mario BOOM,21250,02/05/2025, 16:18:33,1066
APRL00001,Super Mario BOOM,21250,02/05/2025, 17:14:02,1066
APRL00001,Super Mario BOOM,21250,02/05/2025, 18:20:06,1066
APRL00001,Super Mario BOOM,21250,02/05/2025, 19:13:27,1066
APRL00001,Super Mario BOOM,21251,02/05/2025, 20:17:08,1066
APRL00001,Super Mario BOOM,21251,02/05/2025, 21:15:02,1066
APRL00001,Super Mario BOOM,21251,02/05/2025, 22:15:00,1066
APRL00001,Super Mario BOOM,21251,02/05/2025, 23:14:55,1066
APRL00001,Super Mario BOOM,21251,02/06/2025, 01:06:16,1066
APRL00001,Super Mario BOOM,21251,02/06/2025, 02:44:24,1066
APRL00001,Super Mario BOOM,21251,02/06/2025, 03:18:28,1066
APRL00001,Super Mario BOOM,21251,02/06/2025, 04:17:47,1066
APRL00001,Super Mario BOOM,21252,02/06/2025, 05:16:26,1066
APRL00001,Super Mario BOOM,21252,02/06/2025, 06:21:15,1066
APRL00001,Super Mario BOOM,21252,02/06/2025, 07:14:33,1066
APRL00001,Super Mario BOOM,21252,02/06/2025, 08:19:21,1066
APRL00001,Super Mario BOOM,21252,02/06/2025, 09:15:38,1066
APRL00001,Super Mario BOOM,21252,02/06/2025, 10:15:40,1066
APRL00001,Super Mario BOOM,21252,02/06/2025, 11:13:13,1066
APRL00001,Super Mario BOOM,21253,02/06/2025, 12:28:55,1066
APRL00001,Super Mario BOOM,21253,02/06/2025, 13:21:47,1066
APRL00001,Super Mario BOOM,21253,02/06/2025, 14:14:31,1066
APRL00001,Super Mario BOOM,21253,02/06/2025, 15:16:01,1066
APRL00001,Super Mario BOOM,21253,02/06/2025, 16:16:46,1066
APRL00001,Super Mario BOOM,21253,02/06/2025, 17:14:02,1066
APRL00001,Super Mario BOOM,21253,02/06/2025, 18:19:55,1066
APRL00001,Super Mario BOOM,21253,02/06/2025, 19:12:34,1066
APRL00001,Super Mario BOOM,21253,02/06/2025, 20:16:05,1066
APRL00001,Super Mario BOOM,21253,02/06/2025, 21:14:41,1066
APRL00001,Super Mario BOOM,21253,02/06/2025, 22:14:41,1066
APRL00001,Super Mario BOOM,21253,02/06/2025, 23:16:15,1066
APRL00001,Super Mario BOOM,21253,02/07/2025, 01:06:38,1066
APRL00001,Super Mario BOOM,21253,02/07/2025, 02:45:07,1066
APRL00001,Super Mario BOOM,21253,02/07/2025, 03:19:15,1066
APRL00001,Super Mario BOOM,21253,02/07/2025, 04:18:20,1066
APRL00001,Super Mario BOOM,21253,02/07/2025, 05:15:16,1066
APRL00001,Super Mario BOOM,21253,02/07/2025, 06:21:17,1066
APRL00001,Super Mario BOOM,21253,02/07/2025, 07:14:29,1066
APRL00001,Super Mario BOOM,21253,02/07/2025, 08:19:25,1066
APRL00001,Super Mario BOOM,21253,02/07/2025, 09:15:45,1066
APRL00001,Super Mario BOOM,21253,02/07/2025, 10:16:00,1066
APRL00001,Super Mario BOOM,21253,02/07/2025, 11:13:01,1066
APRL00001,Super Mario BOOM,21253,02/07/2025, 12:28:08,1066
APRL00001,Super Mario BOOM,21253,02/07/2025, 13:20:45,1066
APRL00001,Super Mario BOOM,21253,02/07/2025, 14:14:30,1066
APRL00001,Super Mario BOOM,21253,02/07/2025, 15:15:46,1066
APRL00001,Super Mario BOOM,21253,02/07/2025, 16:18:09,1066
APRL00001,Super Mario BOOM,21253,02/07/2025, 17:13:20,1066
APRL00001,Super Mario BOOM,21254,02/07/2025, 18:20:05,1066
APRL00001,Super Mario BOOM,21254,02/07/2025, 19:12:14,1066
APRL00001,Super Mario BOOM,21254,02/07/2025, 20:16:04,1066
APRL00001,Super Mario BOOM,21254,02/07/2025, 21:13:51,1066
APRL00001,Super Mario BOOM,21254,02/07/2025, 22:14:13,1066
APRL00001,Super Mario BOOM,21254,02/07/2025, 23:14:16,1066
APRL00001,Super Mario BOOM,21254,02/08/2025, 01:04:31,1066
APRL00001,Super Mario BOOM,21254,02/08/2025, 02:40:48,1066
APRL00001,Super Mario BOOM,21254,02/08/2025, 03:17:38,1066
APRL00001,Super Mario BOOM,21254,02/08/2025, 04:17:16,1066
APRL00001,Super Mario BOOM,21254,02/08/2025, 05:14:25,1066
APRL00001,Super Mario BOOM,21254,02/08/2025, 06:19:19,1066
APRL00001,Super Mario BOOM,21254,02/08/2025, 07:13:24,1066
APRL00001,Super Mario BOOM,21254,02/08/2025, 08:17:30,1066
APRL00001,Super Mario BOOM,21254,02/08/2025, 09:14:12,1066
APRL00001,Super Mario BOOM,21254,02/08/2025, 10:14:07,1066
APRL00001,Super Mario BOOM,21254,02/08/2025, 11:11:40,1066
APRL00001,Super Mario BOOM,21254,02/08/2025, 12:25:31,1066
APRL00001,Super Mario BOOM,21254,02/08/2025, 13:16:40,1066
APRL00001,Super Mario BOOM,21254,02/08/2025, 14:12:57,1066
APRL00001,Super Mario BOOM,21254,02/08/2025, 15:14:03,1066
APRL00001,Super Mario BOOM,21254,02/08/2025, 16:16:27,1066
APRL00001,Super Mario BOOM,21254,02/08/2025, 17:12:45,1066
APRL00001,Super Mario BOOM,21254,02/08/2025, 18:18:15,1066
APRL00001,Super Mario BOOM,21254,02/08/2025, 19:12:47,1066
APRL00001,Super Mario BOOM,21254,02/08/2025, 20:14:51,1066
APRL00001,Super Mario BOOM,21255,02/08/2025, 21:13:22,1066
APRL00001,Super Mario BOOM,21255,02/08/2025, 22:12:58,1066
APRL00001,Super Mario BOOM,21255,02/08/2025, 23:15:04,1066
APRL00001,Super Mario BOOM,21255,02/09/2025, 01:09:39,1066
APRL00001,Super Mario BOOM,21255,02/09/2025, 02:46:58,1066
APRL00001,Super Mario BOOM,21255,02/09/2025, 03:19:47,1066
APRL00001,Super Mario BOOM,21255,02/09/2025, 04:17:31,1066
APRL00001,Super Mario BOOM,21255,02/09/2025, 05:14:54,1066
APRL00001,Super Mario BOOM,21255,02/09/2025, 06:19:12,1066
APRL00001,Super Mario BOOM,21255,02/09/2025, 07:13:56,1066
APRL00001,Super Mario BOOM,21255,02/09/2025, 08:17:28,1066
APRL00001,Super Mario BOOM,21255,02/09/2025, 09:13:55,1066
APRL00001,Super Mario BOOM,21255,02/09/2025, 10:15:37,1066
APRL00001,Super Mario BOOM,21255,02/09/2025, 11:11:53,1066
APRL00001,Super Mario BOOM,21256,02/09/2025, 12:25:01,1066
APRL00001,Super Mario BOOM,21256,02/09/2025, 13:16:30,1066
APRL00001,Super Mario BOOM,21256,02/09/2025, 14:13:04,1066
APRL00001,Super Mario BOOM,21256,02/09/2025, 15:14:34,1066
APRL00001,Super Mario BOOM,21256,02/09/2025, 16:15:53,1066
APRL00001,Super Mario BOOM,21256,02/09/2025, 17:12:39,1066
APRL00001,Super Mario BOOM,21256,02/09/2025, 18:18:15,1066
APRL00001,Super Mario BOOM,21256,02/09/2025, 19:12:27,1066
APRL00001,Super Mario BOOM,21256,02/09/2025, 20:14:49,1066
APRL00001,Super Mario BOOM,21256,02/09/2025, 21:14:02,1066
APRL00001,Super Mario BOOM,21256,02/09/2025, 22:14:25,1066
APRL00001,Super Mario BOOM,21256,02/09/2025, 23:14:42,1066
APRL00001,Super Mario BOOM,21256,02/10/2025, 01:07:22,1066
APRL00001,Super Mario BOOM,21256,02/10/2025, 02:46:15,1066
APRL00001,Super Mario BOOM,21256,02/10/2025, 03:20:40,1066
APRL00001,Super Mario BOOM,21256,02/10/2025, 04:19:03,1066
APRL00001,Super Mario BOOM,21256,02/10/2025, 05:16:04,1066
APRL00001,Super Mario BOOM,21256,02/10/2025, 06:21:51,1066
APRL00001,Super Mario BOOM,21256,02/10/2025, 07:15:38,1066
APRL00001,Super Mario BOOM,21256,02/10/2025, 08:20:16,1066
APRL00001,Super Mario BOOM,21256,02/10/2025, 09:17:18,1066
APRL00001,Super Mario BOOM,21256,02/10/2025, 10:16:45,1066
APRL00001,Super Mario BOOM,21256,02/10/2025, 11:13:11,1066
APRL00001,Super Mario BOOM,21256,02/10/2025, 12:29:03,1066
APRL00001,Super Mario BOOM,21256,02/10/2025, 13:22:15,1066
APRL00001,Super Mario BOOM,21256,02/10/2025, 14:14:59,1066
APRL00001,Super Mario BOOM,21256,02/10/2025, 15:16:09,1066
APRL00001,Super Mario BOOM,21256,02/10/2025, 16:18:57,1066
APRL00001,Super Mario BOOM,21256,02/10/2025, 17:13:00,1066
APRL00001,Super Mario BOOM,21256,02/10/2025, 18:20:41,1066
APRL00001,Super Mario BOOM,21257,02/10/2025, 19:12:33,1066
APRL00001,Super Mario BOOM,21257,02/10/2025, 20:16:08,1066
APRL00001,Super Mario BOOM,21257,02/10/2025, 21:14:34,1066
APRL00001,Super Mario BOOM,21257,02/10/2025, 22:14:44,1066
APRL00001,Super Mario BOOM,21257,02/10/2025, 23:15:18,1066
APRL00001,Super Mario BOOM,21257,02/11/2025, 01:06:19,1066
APRL00001,Super Mario BOOM,21257,02/11/2025, 02:45:32,1066
APRL00001,Super Mario BOOM,21257,02/11/2025, 03:19:33,1066
APRL00001,Super Mario BOOM,21257,02/11/2025, 04:17:55,1066
APRL00001,Super Mario BOOM,21257,02/11/2025, 05:14:58,1066
APRL00001,Super Mario BOOM,21257,02/11/2025, 06:20:50,1066
APRL00001,Super Mario BOOM,21257,02/11/2025, 07:14:47,1066
APRL00001,Super Mario BOOM,21257,02/11/2025, 08:19:26,1066
APRL00001,Super Mario BOOM,21257,02/11/2025, 09:16:44,1066
APRL00001,Super Mario BOOM,21257,02/11/2025, 10:17:01,1066
APRL00001,Super Mario BOOM,21257,02/11/2025, 11:13:30,1066
APRL00001,Super Mario BOOM,21257,02/11/2025, 12:29:08,1066
APRL00001,Super Mario BOOM,21257,02/11/2025, 13:22:40,1066
APRL00001,Super Mario BOOM,21257,02/11/2025, 14:15:23,1066
APRL00001,Super Mario BOOM,21257,02/11/2025, 15:17:03,1066
APRL00001,Super Mario BOOM,21257,02/11/2025, 16:20:10,1066
APRL00001,Super Mario BOOM,21258,02/11/2025, 17:14:42,1066
APRL00001,Super Mario BOOM,21258,02/11/2025, 18:19:19,1066
APRL00001,Super Mario BOOM,21258,02/11/2025, 19:11:48,1066
APRL00001,Super Mario BOOM,21258,02/11/2025, 20:16:35,1066
APRL00001,Super Mario BOOM,21259,02/11/2025, 21:14:20,1066
APRL00001,Super Mario BOOM,21260,02/11/2025, 22:14:47,1066
APRL00001,Super Mario BOOM,21260,02/11/2025, 23:15:08,1066
APRL00001,Super Mario BOOM,21260,02/12/2025, 01:06:32,1066
APRL00001,Super Mario BOOM,21260,02/12/2025, 02:44:25,1066
APRL00001,Super Mario BOOM,21260,02/12/2025, 03:18:49,1066
APRL00001,Super Mario BOOM,21261,02/12/2025, 04:18:05,1066
APRL00001,Super Mario BOOM,21261,02/12/2025, 05:15:38,1066
APRL00001,Super Mario BOOM,21261,02/12/2025, 06:21:16,1066
APRL00001,Super Mario BOOM,21261,02/12/2025, 07:14:29,1066
APRL00001,Super Mario BOOM,21261,02/12/2025, 08:20:10,1066
APRL00001,Super Mario BOOM,21261,02/12/2025, 09:16:19,1066
APRL00001,Super Mario BOOM,21261,02/12/2025, 10:15:55,1066
APRL00001,Super Mario BOOM,21262,02/12/2025, 11:13:50,1066
APRL00001,Super Mario BOOM,21262,02/12/2025, 12:28:47,1066
APRL00001,Super Mario BOOM,21262,02/12/2025, 13:21:53,1066
APRL00001,Super Mario BOOM,21262,02/12/2025, 14:14:46,1066
APRL00001,Super Mario BOOM,21262,02/12/2025, 15:16:42,1066
APRL00001,Super Mario BOOM,21262,02/12/2025, 16:19:27,1066
APRL00001,Super Mario BOOM,21262,02/12/2025, 17:14:34,1066
APRL00001,Super Mario BOOM,21262,02/12/2025, 18:20:43,1066
APRL00001,Super Mario BOOM,21262,02/12/2025, 19:13:13,1066
APRL00001,Super Mario BOOM,21262,02/12/2025, 20:16:57,1066
APRL00001,Super Mario BOOM,21262,02/12/2025, 21:14:31,1066
APRL00001,Super Mario BOOM,21262,02/12/2025, 22:14:42,1066
APRL00001,Super Mario BOOM,21263,02/12/2025, 23:13:35,1066
APRL00001,Super Mario BOOM,21263,02/13/2025, 01:06:41,1066
APRL00001,Super Mario BOOM,21263,02/13/2025, 02:45:20,1066
APRL00001,Super Mario BOOM,21263,02/13/2025, 03:18:56,1066
APRL00001,Super Mario BOOM,21263,02/13/2025, 04:18:11,1066
APRL00001,Super Mario BOOM,21263,02/13/2025, 05:15:04,1066
APRL00001,Super Mario BOOM,21263,02/13/2025, 06:20:54,1066
APRL00001,Super Mario BOOM,21263,02/13/2025, 07:14:29,1066
APRL00001,Super Mario BOOM,21263,02/13/2025, 08:19:48,1066
APRL00001,Super Mario BOOM,21263,02/13/2025, 09:16:43,1066
APRL00001,Super Mario BOOM,21263,02/13/2025, 10:16:22,1066
APRL00001,Super Mario BOOM,21263,02/13/2025, 11:13:07,1066
APRL00001,Super Mario BOOM,21264,02/13/2025, 12:28:52,1066
APRL00001,Super Mario BOOM,21264,02/13/2025, 13:22:03,1066
APRL00001,Super Mario BOOM,21264,02/13/2025, 14:15:05,1066
APRL00001,Super Mario BOOM,21264,02/13/2025, 15:16:40,1066
APRL00001,Super Mario BOOM,21264,02/13/2025, 16:19:30,1066
APRL00001,Super Mario BOOM,21264,02/13/2025, 17:11:46,1066
APRL00001,Super Mario BOOM,21264,02/13/2025, 18:20:59,1066
APRL00001,Super Mario BOOM,21264,02/13/2025, 19:12:45,1066
APRL00001,Super Mario BOOM,21264,02/13/2025, 20:16:29,1066
APRL00001,Super Mario BOOM,21264,02/13/2025, 21:14:27,1066
APRL00001,Super Mario BOOM,21264,02/13/2025, 22:14:33,1066
APRL00001,Super Mario BOOM,21264,02/13/2025, 23:14:37,1066
APRL00001,Super Mario BOOM,21264,02/14/2025, 01:06:29,1066
APRL00001,Super Mario BOOM,21264,02/14/2025, 02:45:07,1066
APRL00001,Super Mario BOOM,21264,02/14/2025, 03:18:58,1066
APRL00001,Super Mario BOOM,21264,02/14/2025, 04:18:11,1066
APRL00001,Super Mario BOOM,21264,02/14/2025, 05:15:03,1066
APRL00001,Super Mario BOOM,21264,02/14/2025, 06:20:48,1066
APRL00001,Super Mario BOOM,21264,02/14/2025, 07:14:35,1066
APRL00001,Super Mario BOOM,21264,02/14/2025, 08:19:27,1066
APRL00001,Super Mario BOOM,21264,02/14/2025, 09:16:00,1066
APRL00001,Super Mario BOOM,21264,02/14/2025, 10:15:49,1066
APRL00001,Super Mario BOOM,21265,02/14/2025, 11:12:54,1066
APRL00001,Super Mario BOOM,21265,02/14/2025, 12:28:43,1066
APRL00001,Super Mario BOOM,21265,02/14/2025, 13:21:52,1066
APRL00001,Super Mario BOOM,21265,02/14/2025, 14:14:18,1066
APRL00001,Super Mario BOOM,21265,02/14/2025, 15:15:54,1066
APRL00001,Super Mario BOOM,21265,02/14/2025, 16:18:10,1066
APRL00001,Super Mario BOOM,21265,02/14/2025, 17:13:27,1066
APRL00001,Super Mario BOOM,21265,02/14/2025, 18:20:03,1066
APRL00001,Super Mario BOOM,21265,02/14/2025, 19:12:26,1066
APRL00001,Super Mario BOOM,21265,02/14/2025, 20:16:11,1066
APRL00001,Super Mario BOOM,21265,02/14/2025, 21:13:49,1066
APRL00001,Super Mario BOOM,21265,02/14/2025, 22:14:19,1066
APRL00001,Super Mario BOOM,21265,02/14/2025, 23:14:56,1066
APRL00001,Super Mario BOOM,21266,02/15/2025, 01:05:43,1066
APRL00001,Super Mario BOOM,21266,02/15/2025, 02:43:56,1066
APRL00001,Super Mario BOOM,21266,02/15/2025, 03:18:34,1066
APRL00001,Super Mario BOOM,21266,02/15/2025, 04:19:11,1066
APRL00001,Super Mario BOOM,21266,02/15/2025, 05:15:12,1066
APRL00001,Super Mario BOOM,21266,02/15/2025, 06:19:22,1066
APRL00001,Super Mario BOOM,21266,02/15/2025, 07:13:07,1066
APRL00001,Super Mario BOOM,21266,02/15/2025, 08:17:58,1066
APRL00001,Super Mario BOOM,21266,02/15/2025, 09:15:19,1066
APRL00001,Super Mario BOOM,21266,02/15/2025, 10:14:51,1066
APRL00001,Super Mario BOOM,21266,02/15/2025, 11:11:43,1066
APRL00001,Super Mario BOOM,21266,02/15/2025, 12:25:41,1066
APRL00001,Super Mario BOOM,21266,02/15/2025, 13:16:21,1066
APRL00001,Super Mario BOOM,21266,02/15/2025, 14:12:32,1066
APRL00001,Super Mario BOOM,21266,02/15/2025, 15:14:34,1066
APRL00001,Super Mario BOOM,21266,02/15/2025, 16:16:37,1066
APRL00001,Super Mario BOOM,21266,02/15/2025, 17:13:28,1066
APRL00001,Super Mario BOOM,21266,02/15/2025, 18:17:58,1066
APRL00001,Super Mario BOOM,21267,02/15/2025, 19:12:19,1066
APRL00001,Super Mario BOOM,21267,02/15/2025, 20:14:49,1066
APRL00001,Super Mario BOOM,21267,02/15/2025, 21:14:05,1066
APRL00001,Super Mario BOOM,21267,02/15/2025, 22:13:49,1066
APRL00001,Super Mario BOOM,21267,02/15/2025, 23:13:35,1066
APRL00001,Super Mario BOOM,21267,02/16/2025, 01:11:54,1066
APRL00001,Super Mario BOOM,21267,02/16/2025, 02:51:25,1066
APRL00001,Super Mario BOOM,21267,02/16/2025, 03:21:49,1066
APRL00001,Super Mario BOOM,21267,02/16/2025, 04:17:28,1066
APRL00001,Super Mario BOOM,21267,02/16/2025, 05:14:51,1066
APRL00001,Super Mario BOOM,21267,02/16/2025, 06:19:21,1066
APRL00001,Super Mario BOOM,21267,02/16/2025, 07:14:34,1066
APRL00001,Super Mario BOOM,21267,02/16/2025, 08:17:28,1066
APRL00001,Super Mario BOOM,21267,02/16/2025, 09:14:22,1066
APRL00001,Super Mario BOOM,21267,02/16/2025, 10:14:16,1066
APRL00001,Super Mario BOOM,21267,02/16/2025, 11:12:14,1066
APRL00001,Super Mario BOOM,21267,02/16/2025, 12:28:16,1066
APRL00001,Super Mario BOOM,21267,02/16/2025, 13:18:15,1066
APRL00001,Super Mario BOOM,21267,02/16/2025, 14:13:20,1066
APRL00001,Super Mario BOOM,21267,02/16/2025, 15:13:59,1066
APRL00001,Super Mario BOOM,21267,02/16/2025, 16:16:26,1066
APRL00001,Super Mario BOOM,21267,02/16/2025, 18:18:58,1066
APRL00001,Super Mario BOOM,21267,02/16/2025, 19:12:33,1066
APRL00001,Super Mario BOOM,21267,02/16/2025, 20:16:25,1066
APRL00001,Super Mario BOOM,21267,02/16/2025, 21:13:39,1066
APRL00001,Super Mario BOOM,21267,02/16/2025, 22:13:28,1066
APRL00001,Super Mario BOOM,21267,02/16/2025, 23:14:06,1066
APRL00001,Super Mario BOOM,21268,02/17/2025, 01:09:26,1066
APRL00001,Super Mario BOOM,21268,02/17/2025, 02:49:40,1066
APRL00001,Super Mario BOOM,21268,02/17/2025, 03:21:45,1066
APRL00001,Super Mario BOOM,21268,02/17/2025, 04:18:39,1066
APRL00001,Super Mario BOOM,21268,02/17/2025, 05:16:58,1066
APRL00001,Super Mario BOOM,21268,02/17/2025, 06:21:45,1066
APRL00001,Super Mario BOOM,21268,02/17/2025, 07:15:19,1066
APRL00001,Super Mario BOOM,21268,02/17/2025, 08:21:11,1066
APRL00001,Super Mario BOOM,21268,02/17/2025, 09:17:41,1066
APRL00001,Super Mario BOOM,21268,02/17/2025, 10:17:43,1066
APRL00001,Super Mario BOOM,21268,02/17/2025, 11:13:19,1066
APRL00001,Super Mario BOOM,21268,02/17/2025, 12:29:41,1066
APRL00001,Super Mario BOOM,21268,02/17/2025, 13:23:10,1066
APRL00001,Super Mario BOOM,21268,02/17/2025, 14:15:14,1066
APRL00001,Super Mario BOOM,21268,02/17/2025, 15:16:44,1066
APRL00001,Super Mario BOOM,21268,02/17/2025, 16:18:45,1066
APRL00001,Super Mario BOOM,21268,02/17/2025, 17:13:53,1066
APRL00001,Super Mario BOOM,21268,02/17/2025, 18:20:08,1066
APRL00001,Super Mario BOOM,21269,02/17/2025, 19:13:04,1066
APRL00001,Super Mario BOOM,21269,02/17/2025, 20:15:52,1066
APRL00001,Super Mario BOOM,21269,02/17/2025, 21:14:12,1066
APRL00001,Super Mario BOOM,21269,02/17/2025, 22:14:39,1066
APRL00001,Super Mario BOOM,21269,02/17/2025, 23:14:23,1066
APRL00001,Super Mario BOOM,21269,02/18/2025, 01:06:26,1066
APRL00001,Super Mario BOOM,21270,02/18/2025, 02:44:10,1066
APRL00001,Super Mario BOOM,21270,02/18/2025, 03:18:43,1066
APRL00001,Super Mario BOOM,21270,02/18/2025, 04:18:21,1066
APRL00001,Super Mario BOOM,21270,02/18/2025, 05:15:55,1066
APRL00001,Super Mario BOOM,21270,02/18/2025, 06:21:10,1066
APRL00001,Super Mario BOOM,21270,02/18/2025, 07:14:51,1066
APRL00001,Super Mario BOOM,21270,02/18/2025, 08:20:22,1066
APRL00001,Super Mario BOOM,21270,02/18/2025, 09:16:28,1066
APRL00001,Super Mario BOOM,21270,02/18/2025, 10:16:32,1066
APRL00001,Super Mario BOOM,21270,02/18/2025, 11:13:19,1066
APRL00001,Super Mario BOOM,21270,02/18/2025, 12:29:18,1066
APRL00001,Super Mario BOOM,21270,02/18/2025, 13:21:56,1066
APRL00001,Super Mario BOOM,21270,02/18/2025, 14:14:57,1066
APRL00001,Super Mario BOOM,21270,02/18/2025, 15:16:52,1066
APRL00001,Super Mario BOOM,21270,02/18/2025, 16:19:26,1066
APRL00001,Super Mario BOOM,21270,02/18/2025, 17:14:47,1066
APRL00001,Super Mario BOOM,21270,02/18/2025, 18:21:11,1066
APRL00001,Super Mario BOOM,21270,02/18/2025, 19:12:43,1066
APRL00001,Super Mario BOOM,21270,02/18/2025, 20:16:32,1066
APRL00001,Super Mario BOOM,21270,02/18/2025, 21:14:34,1066
APRL00001,Super Mario BOOM,21270,02/18/2025, 22:14:46,1066
APRL00001,Super Mario BOOM,21270,02/18/2025, 23:14:29,1066
APRL00001,Super Mario BOOM,21270,02/19/2025, 01:06:48,1066
APRL00001,Super Mario BOOM,21270,02/19/2025, 02:45:20,1066
APRL00001,Super Mario BOOM,21270,02/19/2025, 03:21:26,1066
APRL00001,Super Mario BOOM,21270,02/19/2025, 04:18:39,1066
APRL00001,Super Mario BOOM,21270,02/19/2025, 05:15:04,1066
APRL00001,Super Mario BOOM,21271,02/19/2025, 06:21:35,1066
APRL00001,Super Mario BOOM,21271,02/19/2025, 07:14:43,1066
APRL00001,Super Mario BOOM,21271,02/19/2025, 08:20:20,1066
APRL00001,Super Mario BOOM,21271,02/19/2025, 09:16:21,1066
APRL00001,Super Mario BOOM,21271,02/19/2025, 10:16:26,1066
APRL00001,Super Mario BOOM,21271,02/19/2025, 11:13:27,1066
APRL00001,Super Mario BOOM,21271,02/19/2025, 12:26:47,1066
APRL00001,Super Mario BOOM,21271,02/19/2025, 13:22:06,1066
APRL00001,Super Mario BOOM,21271,02/19/2025, 14:15:02,1066
APRL00001,Super Mario BOOM,21271,02/19/2025, 15:16:52,1066
APRL00001,Super Mario BOOM,21271,02/19/2025, 16:18:47,1066
APRL00001,Super Mario BOOM,21271,02/19/2025, 17:14:21,1066
APRL00001,Super Mario BOOM,21271,02/19/2025, 18:19:20,1066
APRL00001,Super Mario BOOM,21271,02/19/2025, 19:12:47,1066
APRL00001,Super Mario BOOM,21272,02/19/2025, 20:17:20,1066
APRL00001,Super Mario BOOM,21272,02/19/2025, 21:14:47,1066
APRL00001,Super Mario BOOM,21273,02/19/2025, 22:14:39,1066
APRL00001,Super Mario BOOM,21273,02/19/2025, 23:14:46,1066
APRL00001,Super Mario BOOM,21273,02/20/2025, 01:07:08,1066
APRL00001,Super Mario BOOM,21274,02/20/2025, 02:46:22,1066
APRL00001,Super Mario BOOM,21274,02/20/2025, 03:19:57,1066
APRL00001,Super Mario BOOM,21274,02/20/2025, 04:18:23,1066
APRL00001,Super Mario BOOM,21274,02/20/2025, 05:15:17,1066
APRL00001,Super Mario BOOM,21274,02/20/2025, 07:15:05,1066
APRL00001,Super Mario BOOM,21274,02/20/2025, 08:19:58,1066
APRL00001,Super Mario BOOM,21274,02/20/2025, 09:16:29,1066
APRL00001,Super Mario BOOM,21274,02/20/2025, 10:16:44,1066
APRL00001,Super Mario BOOM,21274,02/20/2025, 11:13:35,1066
APRL00001,Super Mario BOOM,21274,02/20/2025, 12:29:24,1066
APRL00001,Super Mario BOOM,21274,02/20/2025, 13:23:08,1066
APRL00001,Super Mario BOOM,21274,02/20/2025, 14:15:18,1066
APRL00001,Super Mario BOOM,21274,02/20/2025, 15:17:01,1066
APRL00001,Super Mario BOOM,21274,02/20/2025, 16:19:47,1066
APRL00001,Super Mario BOOM,21274,02/20/2025, 17:14:12,1066
APRL00001,Super Mario BOOM,21274,02/20/2025, 18:20:34,1066
APRL00001,Super Mario BOOM,21274,02/20/2025, 19:12:45,1066
APRL00001,Super Mario BOOM,21274,02/20/2025, 20:16:45,1066
APRL00001,Super Mario BOOM,21274,02/20/2025, 21:13:20,1066
APRL00001,Super Mario BOOM,21274,02/20/2025, 22:14:57,1066
APRL00001,Super Mario BOOM,21274,02/20/2025, 23:15:00,1066
APRL00001,Super Mario BOOM,21275,02/21/2025, 01:07:26,1066
APRL00001,Super Mario BOOM,21275,02/21/2025, 03:21:08,1066
APRL00001,Super Mario BOOM,21275,02/21/2025, 04:19:51,1066
APRL00001,Super Mario BOOM,21275,02/21/2025, 08:19:26,1066
APRL00001,Super Mario BOOM,21275,02/21/2025, 09:16:02,1066
APRL00001,Super Mario BOOM,21275,02/21/2025, 10:16:08,1066
APRL00001,Super Mario BOOM,21275,02/21/2025, 11:12:57,1066
APRL00001,Super Mario BOOM,21275,02/21/2025, 12:28:42,1066
APRL00001,Super Mario BOOM,21275,02/21/2025, 13:22:02,1066
APRL00001,Super Mario BOOM,21275,02/21/2025, 14:13:37,1066
APRL00001,Super Mario BOOM,21275,02/21/2025, 15:15:52,1066
APRL00001,Super Mario BOOM,21275,02/21/2025, 16:18:48,1066
APRL00001,Super Mario BOOM,21275,02/21/2025, 17:13:46,1066
APRL00001,Super Mario BOOM,21275,02/21/2025, 18:20:34,1066
APRL00001,Super Mario BOOM,21275,02/21/2025, 19:12:22,1066
APRL00001,Super Mario BOOM,21275,02/21/2025, 20:16:34,1066
APRL00001,Super Mario BOOM,21276,02/21/2025, 21:13:28,1066
APRL00001,Super Mario BOOM,21276,02/21/2025, 22:14:30,1066
APRL00001,Super Mario BOOM,21276,02/21/2025, 23:15:44,1066
APRL00001,Super Mario BOOM,21276,02/22/2025, 01:05:28,1066
APRL00001,Super Mario BOOM,21276,02/22/2025, 02:42:56,1066
APRL00001,Super Mario BOOM,21276,02/22/2025, 03:17:39,1066
APRL00001,Super Mario BOOM,21276,02/22/2025, 04:17:54,1066
APRL00001,Super Mario BOOM,21276,02/22/2025, 05:14:46,1066
APRL00001,Super Mario BOOM,21276,02/22/2025, 06:20:58,1066
APRL00001,Super Mario BOOM,21276,02/22/2025, 07:13:27,1066
APRL00001,Super Mario BOOM,21276,02/22/2025, 08:17:29,1066
APRL00001,Super Mario BOOM,21276,02/22/2025, 09:15:34,1066
APRL00001,Super Mario BOOM,21276,02/22/2025, 10:15:06,1066
APRL00001,Super Mario BOOM,21276,02/22/2025, 11:11:44,1066
APRL00001,Super Mario BOOM,21276,02/22/2025, 12:25:33,1066
APRL00001,Super Mario BOOM,21276,02/22/2025, 13:17:29,1066
APRL00001,Super Mario BOOM,21276,02/22/2025, 14:13:42,1066
APRL00001,Super Mario BOOM,21277,02/22/2025, 15:14:04,1066
APRL00001,Super Mario BOOM,21277,02/22/2025, 16:16:21,1066
APRL00001,Super Mario BOOM,21277,02/22/2025, 17:13:25,1066
APRL00001,Super Mario BOOM,21278,02/22/2025, 18:18:40,1066
APRL00001,Super Mario BOOM,21278,02/22/2025, 19:12:09,1066
APRL00001,Super Mario BOOM,21278,02/22/2025, 20:15:19,1066
APRL00001,Super Mario BOOM,21278,02/22/2025, 21:14:04,1066
APRL00001,Super Mario BOOM,21278,02/22/2025, 22:13:12,1066
APRL00001,Super Mario BOOM,21278,02/22/2025, 23:14:21,1066
APRL00001,Super Mario BOOM,21279,02/23/2025, 01:12:07,1066
APRL00001,Super Mario BOOM,21279,02/23/2025, 02:51:54,1066
APRL00001,Super Mario BOOM,21279,02/23/2025, 03:21:54,1066
APRL00001,Super Mario BOOM,21279,02/23/2025, 04:18:08,1066
APRL00001,Super Mario BOOM,21279,02/23/2025, 05:14:11,1066
APRL00001,Super Mario BOOM,21279,02/23/2025, 06:19:29,1066
APRL00001,Super Mario BOOM,21279,02/23/2025, 07:13:46,1066
APRL00001,Super Mario BOOM,21279,02/23/2025, 08:19:12,1066
APRL00001,Super Mario BOOM,21279,02/23/2025, 09:14:32,1066
APRL00001,Super Mario BOOM,21279,02/23/2025, 10:15:29,1066
APRL00001,Super Mario BOOM,21279,02/23/2025, 11:13:08,1066
APRL00001,Super Mario BOOM,21279,02/23/2025, 12:26:07,1066
APRL00001,Super Mario BOOM,21279,02/23/2025, 13:18:08,1066
APRL00001,Super Mario BOOM,21279,02/23/2025, 14:14:21,1066
APRL00001,Super Mario BOOM,21279,02/23/2025, 15:14:03,1066
APRL00001,Super Mario BOOM,21279,02/23/2025, 16:16:38,1066
APRL00001,Super Mario BOOM,21279,02/23/2025, 17:13:21,1066
APRL00001,Super Mario BOOM,21279,02/23/2025, 18:18:42,1066
APRL00001,Super Mario BOOM,21279,02/23/2025, 19:11:46,1066
APRL00001,Super Mario BOOM,21279,02/23/2025, 20:15:32,1066
APRL00001,Super Mario BOOM,21279,02/23/2025, 21:13:32,1066
APRL00001,Super Mario BOOM,21279,02/23/2025, 22:13:50,1066
APRL00001,Super Mario BOOM,21279,02/23/2025, 23:14:03,1066
APRL00001,Super Mario BOOM,21280,02/24/2025, 01:09:25,1066
APRL00001,Super Mario BOOM,21280,02/24/2025, 02:52:21,1066
APRL00001,Super Mario BOOM,21280,02/24/2025, 03:23:14,1066
APRL00001,Super Mario BOOM,21280,02/24/2025, 04:18:54,1066
APRL00001,Super Mario BOOM,21280,02/24/2025, 05:15:42,1066
APRL00001,Super Mario BOOM,21280,02/24/2025, 06:22:32,1066
APRL00001,Super Mario BOOM,21280,02/24/2025, 07:15:32,1066
APRL00001,Super Mario BOOM,21281,02/24/2025, 08:21:05,1066
APRL00001,Super Mario BOOM,21281,02/24/2025, 09:17:45,1066
APRL00001,Super Mario BOOM,21281,02/24/2025, 10:17:33,1066
APRL00001,Super Mario BOOM,21281,02/24/2025, 11:13:48,1066
APRL00001,Super Mario BOOM,21281,02/24/2025, 12:29:52,1066
APRL00001,Super Mario BOOM,21281,02/24/2025, 13:23:43,1066
APRL00001,Super Mario BOOM,21281,02/24/2025, 14:15:30,1066
APRL00001,Super Mario BOOM,21281,02/24/2025, 15:17:48,1066
APRL00001,Super Mario BOOM,21281,02/24/2025, 16:20:18,1066
APRL00001,Super Mario BOOM,21281,02/24/2025, 17:14:12,1066
APRL00001,Super Mario BOOM,21281,02/24/2025, 18:21:03,1066
APRL00001,Super Mario BOOM,21281,02/24/2025, 19:13:36,1066
APRL00001,Super Mario BOOM,21281,02/24/2025, 20:17:17,1066
APRL00001,Super Mario BOOM,21281,02/24/2025, 21:14:23,1066
APRL00001,Super Mario BOOM,21281,02/24/2025, 22:14:46,1066
APRL00001,Super Mario BOOM,21281,02/24/2025, 23:15:06,1066
APRL00001,Super Mario BOOM,21281,02/25/2025, 01:08:41,1066
APRL00001,Super Mario BOOM,21281,02/25/2025, 02:50:40,1066
APRL00001,Super Mario BOOM,21281,02/25/2025, 03:23:02,1066
APRL00001,Super Mario BOOM,21281,02/25/2025, 04:19:18,1066
APRL00001,Super Mario BOOM,21281,02/25/2025, 05:15:38,1066
APRL00001,Super Mario BOOM,21282,02/25/2025, 06:21:34,1066
APRL00001,Super Mario BOOM,21282,02/25/2025, 07:15:24,1066
APRL00001,Super Mario BOOM,21282,02/25/2025, 08:20:23,1066
APRL00001,Super Mario BOOM,21282,02/25/2025, 09:16:45,1066
APRL00001,Super Mario BOOM,21282,02/25/2025, 10:16:39,1066
APRL00001,Super Mario BOOM,21282,02/25/2025, 11:13:25,1066
APRL00001,Super Mario BOOM,21283,02/25/2025, 12:30:00,1066
APRL00001,Super Mario BOOM,21283,02/25/2025, 13:23:43,1066
APRL00001,Super Mario BOOM,21283,02/25/2025, 14:15:19,1066
APRL00001,Super Mario BOOM,21283,02/25/2025, 15:17:17,1066
APRL00001,Super Mario BOOM,21283,02/25/2025, 16:19:47,1066
APRL00001,Super Mario BOOM,21283,02/25/2025, 17:17:11,1066
APRL00001,Super Mario BOOM,21283,02/25/2025, 18:21:19,1066
APRL00001,Super Mario BOOM,21283,02/25/2025, 19:13:35,1066
APRL00001,Super Mario BOOM,21284,02/25/2025, 20:17:24,1066
APRL00001,Super Mario BOOM,21284,02/25/2025, 21:14:50,1066
APRL00001,Super Mario BOOM,21284,02/25/2025, 22:15:01,1066
APRL00001,Super Mario BOOM,21284,02/25/2025, 23:14:50,1066
APRL00001,Super Mario BOOM,21284,02/26/2025, 01:08:27,1066
APRL00001,Super Mario BOOM,21284,02/26/2025, 02:49:47,1066
APRL00001,Super Mario BOOM,21284,02/26/2025, 03:22:14,1066
APRL00001,Super Mario BOOM,21284,02/26/2025, 04:18:58,1066
APRL00001,Super Mario BOOM,21284,02/26/2025, 05:15:43,1066
APRL00001,Super Mario BOOM,21284,02/26/2025, 06:22:08,1066
APRL00001,Super Mario BOOM,21284,02/26/2025, 07:15:25,1066
APRL00001,Super Mario BOOM,21284,02/26/2025, 08:20:17,1066
APRL00001,Super Mario BOOM,21285,02/26/2025, 09:17:27,1066
APRL00001,Super Mario BOOM,21285,02/26/2025, 10:17:09,1066
APRL00001,Super Mario BOOM,21285,02/26/2025, 11:14:01,1066
APRL00001,Super Mario BOOM,21285,02/26/2025, 12:29:42,1066
APRL00001,Super Mario BOOM,21285,02/26/2025, 13:23:21,1066
APRL00001,Super Mario BOOM,21285,02/26/2025, 14:15:18,1066
APRL00001,Super Mario BOOM,21285,02/26/2025, 15:17:30,1066
APRL00001,Super Mario BOOM,21285,02/26/2025, 16:19:57,1066
APRL00001,Super Mario BOOM,21285,02/26/2025, 17:14:37,1066
APRL00001,Super Mario BOOM,21285,02/26/2025, 18:21:03,1066
APRL00001,Super Mario BOOM,21285,02/26/2025, 19:13:03,1066
APRL00001,Super Mario BOOM,21285,02/26/2025, 20:17:22,1066
APRL00001,Super Mario BOOM,21285,02/26/2025, 21:15:03,1066
APRL00001,Super Mario BOOM,21285,02/26/2025, 22:14:56,1066
APRL00001,Super Mario BOOM,21285,02/26/2025, 23:15:41,1066
APRL00001,Super Mario BOOM,21285,02/27/2025, 01:08:39,1066
APRL00001,Super Mario BOOM,21285,02/27/2025, 02:52:01,1066
APRL00001,Super Mario BOOM,21285,02/27/2025, 03:23:16,1066
APRL00001,Super Mario BOOM,21285,02/27/2025, 04:18:53,1066
APRL00001,Super Mario BOOM,21285,02/27/2025, 05:16:39,1066
APRL00001,Super Mario BOOM,21285,02/27/2025, 06:21:56,1066
APRL00001,Super Mario BOOM,21285,02/27/2025, 07:15:11,1066
APRL00001,Super Mario BOOM,21285,02/27/2025, 08:19:45,1066
APRL00001,Super Mario BOOM,21285,02/27/2025, 09:16:51,1066
APRL00001,Super Mario BOOM,21285,02/27/2025, 10:17:07,1066
APRL00001,Super Mario BOOM,21285,02/27/2025, 11:13:22,1066
APRL00001,Super Mario BOOM,21285,02/27/2025, 12:29:28,1066
APRL00001,Super Mario BOOM,21285,02/27/2025, 13:24:05,1066
APRL00001,Super Mario BOOM,21285,02/27/2025, 14:15:27,1066
APRL00001,Super Mario BOOM,21287,02/27/2025, 15:17:31,1066
APRL00001,Super Mario BOOM,21287,02/27/2025, 16:20:06,1066
APRL00001,Super Mario BOOM,21287,02/27/2025, 17:14:32,1066
APRL00001,Super Mario BOOM,21287,02/27/2025, 18:21:05,1066
APRL00001,Super Mario BOOM,21287,02/27/2025, 19:13:17,1066
APRL00001,Super Mario BOOM,21287,02/27/2025, 20:17:24,1066
APRL00001,Super Mario BOOM,21287,02/27/2025, 21:15:03,1066
APRL00001,Super Mario BOOM,21287,02/27/2025, 22:16:11,1066
APRL00001,Super Mario BOOM,21287,02/27/2025, 23:15:20,1066
APRL00001,Super Mario BOOM,21287,02/28/2025, 01:08:57,1066
APRL00001,Super Mario BOOM,21287,02/28/2025, 02:52:07,1066
APRL00001,Super Mario BOOM,21287,02/28/2025, 03:23:40,1066
APRL00001,Super Mario BOOM,21287,02/28/2025, 04:19:03,1066
APRL00001,Super Mario BOOM,21287,02/28/2025, 05:16:10,1066
APRL00001,Super Mario BOOM,21287,02/28/2025, 06:21:50,1066
APRL00001,Super Mario BOOM,21287,02/28/2025, 07:15:36,1066
APRL00001,Super Mario BOOM,21287,02/28/2025, 08:19:42,1066
APRL00001,Super Mario BOOM,21287,02/28/2025, 09:16:46,1066
APRL00001,Super Mario BOOM,21287,02/28/2025, 10:16:37,1066
APRL00001,Super Mario BOOM,21287,02/28/2025, 11:13:43,1066
APRL00001,Super Mario BOOM,21287,02/28/2025, 12:29:11,1066
APRL00001,Super Mario BOOM,21287,02/28/2025, 13:22:46,1066
APRL00001,Super Mario BOOM,21287,02/28/2025, 14:15:13,1066
APRL00001,Super Mario BOOM,21287,02/28/2025, 15:16:28,1066
APRL00001,Super Mario BOOM,21287,02/28/2025, 16:19:51,1066
APRL00001,Super Mario BOOM,21287,02/28/2025, 17:13:57,1066
APRL00001,Super Mario BOOM,21287,02/28/2025, 18:20:51,1066
APRL00001,Super Mario BOOM,21287,02/28/2025, 19:14:29,1066
APRL00001,Super Mario BOOM,21287,02/28/2025, 20:17:01,1066
APRL00001,Super Mario BOOM,21287,02/28/2025, 21:14:35,1066
APRL00001,Super Mario BOOM,21287,02/28/2025, 22:14:38,1066
APRL00001,Super Mario BOOM,21287,02/28/2025, 23:14:48,1066
APRL00001,Super Mario BOOM,21287,03/01/2025, 01:13:28,1066
APRL00001,Super Mario BOOM,21287,03/01/2025, 02:56:02,1066
APRL00001,Super Mario BOOM,21287,03/01/2025, 03:29:03,1066
APRL00001,Super Mario BOOM,21287,03/01/2025, 04:18:21,1066
APRL00001,Super Mario BOOM,21287,03/01/2025, 05:15:11,1066
APRL00001,Super Mario BOOM,21287,03/01/2025, 06:20:36,1066
APRL00001,Super Mario BOOM,21287,03/01/2025, 07:13:59,1066
APRL00001,Super Mario BOOM,21287,03/01/2025, 08:18:29,1066
APRL00001,Super Mario BOOM,21287,03/01/2025, 09:14:58,1066
APRL00001,Super Mario BOOM,21287,03/01/2025, 10:15:03,1066
APRL00001,Super Mario BOOM,21287,03/01/2025, 11:12:25,1066
APRL00001,Super Mario BOOM,21287,03/01/2025, 12:26:46,1066
APRL00001,Super Mario BOOM,21287,03/01/2025, 13:18:54,1066
APRL00001,Super Mario BOOM,21287,03/01/2025, 14:13:59,1066
APRL00001,Super Mario BOOM,21287,03/01/2025, 15:14:27,1066
APRL00001,Super Mario BOOM,21287,03/01/2025, 16:16:52,1066
APRL00001,Super Mario BOOM,21288,03/01/2025, 17:12:54,1066
APRL00001,Super Mario BOOM,21289,03/01/2025, 18:19:17,1066
APRL00001,Super Mario BOOM,21289,03/01/2025, 19:12:03,1066
APRL00001,Super Mario BOOM,21289,03/01/2025, 20:15:20,1066
APRL00001,Super Mario BOOM,21289,03/01/2025, 21:14:02,1066
APRL00001,Super Mario BOOM,21289,03/01/2025, 22:13:51,1066
APRL00001,Super Mario BOOM,21290,03/01/2025, 23:15:45,1066
APRL00001,Super Mario BOOM,21290,03/02/2025, 01:13:08,1066
APRL00001,Super Mario BOOM,21290,03/02/2025, 02:54:29,1066
APRL00001,Super Mario BOOM,21290,03/02/2025, 03:25:02,1066
APRL00001,Super Mario BOOM,21290,03/02/2025, 04:17:53,1066
APRL00001,Super Mario BOOM,21290,03/02/2025, 05:15:49,1066
APRL00001,Super Mario BOOM,21290,03/02/2025, 06:20:42,1066
APRL00001,Super Mario BOOM,21290,03/02/2025, 07:14:05,1066
APRL00001,Super Mario BOOM,21290,03/02/2025, 08:17:58,1066
APRL00001,Super Mario BOOM,21290,03/02/2025, 09:14:46,1066
APRL00001,Super Mario BOOM,21290,03/02/2025, 10:15:51,1066
APRL00001,Super Mario BOOM,21290,03/02/2025, 11:13:10,1066
APRL00001,Super Mario BOOM,21290,03/02/2025, 12:25:50,1066
APRL00001,Super Mario BOOM,21290,03/02/2025, 13:18:18,1066
APRL00001,Super Mario BOOM,21290,03/02/2025, 14:14:36,1066
APRL00001,Super Mario BOOM,21290,03/02/2025, 15:14:29,1066
APRL00001,Super Mario BOOM,21290,03/02/2025, 16:17:49,1066
APRL00001,Super Mario BOOM,21290,03/02/2025, 17:12:39,1066
APRL00001,Super Mario BOOM,21290,03/02/2025, 18:20:19,1066
APRL00001,Super Mario BOOM,21290,03/02/2025, 19:12:08,1066
APRL00001,Super Mario BOOM,21290,03/02/2025, 20:15:46,1066
APRL00001,Super Mario BOOM,21290,03/02/2025, 21:14:17,1066
APRL00001,Super Mario BOOM,21290,03/02/2025, 22:14:59,1066
APRL00001,Super Mario BOOM,21290,03/02/2025, 23:14:45,1066
APRL00001,Super Mario BOOM,21290,03/03/2025, 01:11:07,1066
APRL00001,Super Mario BOOM,21290,03/03/2025, 02:54:06,1066
APRL00001,Super Mario BOOM,21290,03/03/2025, 03:26:01,1066
APRL00001,Super Mario BOOM,21290,03/03/2025, 04:19:44,1066
APRL00001,Super Mario BOOM,21290,03/03/2025, 05:16:08,1066
APRL00001,Super Mario BOOM,21290,03/03/2025, 06:22:38,1066
APRL00001,Super Mario BOOM,21290,03/03/2025, 07:16:30,1066
APRL00001,Super Mario BOOM,21290,03/03/2025, 08:21:39,1066
APRL00001,Super Mario BOOM,21290,03/03/2025, 09:18:16,1066
APRL00001,Super Mario BOOM,21290,03/03/2025, 10:17:40,1066
APRL00001,Super Mario BOOM,21290,03/03/2025, 11:14:14,1066
APRL00001,Super Mario BOOM,21290,03/03/2025, 12:30:14,1066
APRL00001,Super Mario BOOM,21290,03/03/2025, 13:24:00,1066
APRL00001,Super Mario BOOM,21290,03/03/2025, 14:15:43,1066
APRL00001,Super Mario BOOM,21290,03/03/2025, 15:17:17,1066
APRL00001,Super Mario BOOM,21290,03/03/2025, 16:18:57,1066
APRL00001,Super Mario BOOM,21290,03/03/2025, 17:14:30,1066
APRL00001,Super Mario BOOM,21290,03/03/2025, 18:21:11,1066
APRL00001,Super Mario BOOM,21290,03/03/2025, 19:13:14,1066
APRL00001,Super Mario BOOM,21290,03/03/2025, 20:17:01,1066
APRL00001,Super Mario BOOM,21290,03/03/2025, 21:16:11,1066
APRL00001,Super Mario BOOM,21290,03/03/2025, 22:14:56,1066
APRL00001,Super Mario BOOM,21290,03/03/2025, 23:15:05,1066
APRL00001,Super Mario BOOM,21290,03/04/2025, 01:09:35,1066
APRL00001,Super Mario BOOM,21290,03/04/2025, 02:53:22,1066
APRL00001,Super Mario BOOM,21290,03/04/2025, 03:25:47,1066
APRL00001,Super Mario BOOM,21290,03/04/2025, 04:18:41,1066
APRL00001,Super Mario BOOM,21290,03/04/2025, 05:15:33,1066
APRL00001,Super Mario BOOM,21290,03/04/2025, 06:21:33,1066
APRL00001,Super Mario BOOM,21290,03/04/2025, 07:16:20,1066
APRL00001,Super Mario BOOM,21290,03/04/2025, 08:19:06,1066
APRL00001,Super Mario BOOM,21290,03/04/2025, 09:17:14,1066
APRL00001,Super Mario BOOM,21290,03/04/2025, 10:17:27,1066
APRL00001,Super Mario BOOM,21290,03/04/2025, 11:14:07,1066
APRL00001,Super Mario BOOM,21290,03/04/2025, 12:29:57,1066
APRL00001,Super Mario BOOM,21290,03/04/2025, 13:23:37,1066
APRL00001,Super Mario BOOM,21290,03/04/2025, 14:15:15,1066
APRL00001,Super Mario BOOM,21290,03/04/2025, 15:17:22,1066
APRL00001,Super Mario BOOM,21290,03/04/2025, 16:19:49,1066
APRL00001,Super Mario BOOM,21290,03/04/2025, 17:15:16,1066
APRL00001,Super Mario BOOM,21290,03/04/2025, 18:21:24,1066
APRL00001,Super Mario BOOM,21290,03/04/2025, 19:13:02,1066
APRL00001,Super Mario BOOM,21291,03/04/2025, 20:17:13,1066
APRL00001,Super Mario BOOM,21291,03/04/2025, 21:15:20,1066
APRL00001,Super Mario BOOM,21291,03/04/2025, 22:14:21,1066
APRL00001,Super Mario BOOM,21291,03/04/2025, 23:15:08,1066
APRL00001,Super Mario BOOM,21291,03/05/2025, 01:09:43,1066
APRL00001,Super Mario BOOM,21291,03/05/2025, 02:52:37,1066
APRL00001,Super Mario BOOM,21291,03/05/2025, 03:24:21,1066
APRL00001,Super Mario BOOM,21291,03/05/2025, 04:19:03,1066
APRL00001,Super Mario BOOM,21291,03/05/2025, 05:15:54,1066
APRL00001,Super Mario BOOM,21291,03/05/2025, 06:22:06,1066
APRL00001,Super Mario BOOM,21291,03/05/2025, 07:15:40,1066
APRL00001,Super Mario BOOM,21291,03/05/2025, 08:20:28,1066
APRL00001,Super Mario BOOM,21291,03/05/2025, 09:17:19,1066
APRL00001,Super Mario BOOM,21291,03/05/2025, 10:17:19,1066
APRL00001,Super Mario BOOM,21291,03/05/2025, 11:13:50,1066
APRL00001,Super Mario BOOM,21291,03/05/2025, 12:30:09,1066
APRL00001,Super Mario BOOM,21291,03/05/2025, 13:24:12,1066
APRL00001,Super Mario BOOM,21291,03/05/2025, 14:15:26,1066
APRL00001,Super Mario BOOM,21291,03/05/2025, 15:17:47,1066
APRL00001,Super Mario BOOM,21291,03/05/2025, 16:25:03,1066
APRL00001,Super Mario BOOM,21291,03/05/2025, 17:15:01,1066
APRL00001,Super Mario BOOM,21291,03/05/2025, 18:22:12,1066
APRL00001,Super Mario BOOM,21291,03/05/2025, 19:13:27,1066
APRL00001,Super Mario BOOM,21291,03/05/2025, 20:17:45,1066
APRL00001,Super Mario BOOM,21291,03/05/2025, 21:15:00,1066
APRL00001,Super Mario BOOM,21291,03/05/2025, 22:15:15,1066
APRL00001,Super Mario BOOM,21291,03/05/2025, 23:15:44,1066
APRL00001,Super Mario BOOM,21291,03/06/2025, 01:09:27,1066
APRL00001,Super Mario BOOM,21292,03/06/2025, 02:53:47,1066
APRL00001,Super Mario BOOM,21292,03/06/2025, 03:25:08,1066
APRL00001,Super Mario BOOM,21292,03/06/2025, 04:18:46,1066
APRL00001,Super Mario BOOM,21292,03/06/2025, 05:16:04,1066
APRL00001,Super Mario BOOM,21292,03/06/2025, 06:22:14,1066
APRL00001,Super Mario BOOM,21292,03/06/2025, 07:17:02,1066
APRL00001,Super Mario BOOM,21292,03/06/2025, 08:20:10,1066
APRL00001,Super Mario BOOM,21292,03/06/2025, 09:17:07,1066
APRL00001,Super Mario BOOM,21292,03/06/2025, 10:16:58,1066
APRL00001,Super Mario BOOM,21292,03/06/2025, 11:14:08,1066
APRL00001,Super Mario BOOM,21292,03/06/2025, 12:30:13,1066
APRL00001,Super Mario BOOM,21292,03/06/2025, 13:23:52,1066
APRL00001,Super Mario BOOM,21292,03/06/2025, 14:15:23,1066
APRL00001,Super Mario BOOM,21292,03/06/2025, 15:17:14,1066
APRL00001,Super Mario BOOM,21292,03/06/2025, 16:19:53,1066
APRL00001,Super Mario BOOM,21292,03/06/2025, 17:15:00,1066
APRL00001,Super Mario BOOM,21292,03/06/2025, 18:21:16,1066
APRL00001,Super Mario BOOM,21292,03/06/2025, 19:13:13,1066
APRL00001,Super Mario BOOM,21292,03/06/2025, 20:17:37,1066
APRL00001,Super Mario BOOM,21292,03/06/2025, 21:15:27,1066
APRL00001,Super Mario BOOM,21292,03/06/2025, 22:15:14,1066
APRL00001,Super Mario BOOM,21292,03/06/2025, 23:15:33,1066
APRL00001,Super Mario BOOM,21292,03/07/2025, 01:10:21,1066
APRL00001,Super Mario BOOM,21293,03/07/2025, 02:54:33,1066
APRL00001,Super Mario BOOM,21293,03/07/2025, 03:26:09,1066
APRL00001,Super Mario BOOM,21293,03/07/2025, 04:19:09,1066
APRL00001,Super Mario BOOM,21293,03/07/2025, 05:16:01,1066
APRL00001,Super Mario BOOM,21293,03/07/2025, 06:21:45,1066
APRL00001,Super Mario BOOM,21293,03/07/2025, 07:15:22,1066
APRL00001,Super Mario BOOM,21293,03/07/2025, 08:19:55,1066
APRL00001,Super Mario BOOM,21293,03/07/2025, 09:16:55,1066
APRL00001,Super Mario BOOM,21293,03/07/2025, 10:17:04,1066
APRL00001,Super Mario BOOM,21293,03/07/2025, 11:13:45,1066
APRL00001,Super Mario BOOM,21293,03/07/2025, 12:29:18,1066
APRL00001,Super Mario BOOM,21293,03/07/2025, 13:23:25,1066
APRL00001,Super Mario BOOM,21293,03/07/2025, 14:15:16,1066
APRL00001,Super Mario BOOM,21293,03/07/2025, 15:16:36,1066
APRL00001,Super Mario BOOM,21294,03/07/2025, 16:19:11,1066
APRL00001,Super Mario BOOM,21294,03/07/2025, 17:14:01,1066
APRL00001,Super Mario BOOM,21294,03/07/2025, 18:20:50,1066
APRL00001,Super Mario BOOM,21294,03/07/2025, 19:12:57,1066
APRL00001,Super Mario BOOM,21294,03/07/2025, 20:17:41,1066
APRL00001,Super Mario BOOM,21294,03/07/2025, 21:13:38,1066
APRL00001,Super Mario BOOM,21295,03/07/2025, 22:13:15,1066
APRL00001,Super Mario BOOM,21296,03/07/2025, 23:12:54,1066
APRL00001,Super Mario BOOM,21296,03/08/2025, 00:56:28,1066
APRL00001,Super Mario BOOM,21297,03/08/2025, 01:56:21,1066
APRL00001,Super Mario BOOM,21297,03/08/2025, 02:28:06,1066
APRL00001,Super Mario BOOM,21297,03/08/2025, 03:14:55,1066
APRL00001,Super Mario BOOM,21297,03/08/2025, 04:15:28,1066
APRL00001,Super Mario BOOM,21297,03/08/2025, 05:13:01,1066
APRL00001,Super Mario BOOM,21297,03/08/2025, 06:17:48,1066
APRL00001,Super Mario BOOM,21297,03/08/2025, 07:11:39,1066
APRL00001,Super Mario BOOM,21297,03/08/2025, 08:16:19,1066
APRL00001,Super Mario BOOM,21297,03/08/2025, 09:14:06,1066
APRL00001,Super Mario BOOM,21297,03/08/2025, 10:13:49,1066
APRL00001,Super Mario BOOM,21297,03/08/2025, 11:11:38,1066
APRL00001,Super Mario BOOM,21297,03/08/2025, 12:21:57,1066
APRL00001,Super Mario BOOM,21297,03/08/2025, 13:14:14,1066
APRL00001,Super Mario BOOM,21297,03/08/2025, 14:11:39,1066
APRL00001,Super Mario BOOM,21297,03/08/2025, 15:13:21,1066
APRL00001,Super Mario BOOM,21297,03/08/2025, 16:15:05,1066
APRL00001,Super Mario BOOM,21297,03/08/2025, 17:12:14,1066
APRL00001,Super Mario BOOM,21297,03/08/2025, 18:17:04,1066
APRL00001,Super Mario BOOM,21297,03/08/2025, 19:12:07,1066
APRL00001,Super Mario BOOM,21297,03/08/2025, 20:12:58,1066
APRL00001,Super Mario BOOM,21297,03/08/2025, 21:12:57,1066
APRL00001,Super Mario BOOM,21297,03/08/2025, 22:12:30,1066
APRL00001,Super Mario BOOM,21297,03/08/2025, 23:14:15,1066
APRL00001,Super Mario BOOM,21297,03/09/2025, 01:00:59,1066
APRL00001,Super Mario BOOM,21297,03/09/2025, 02:05:37,1066
APRL00001,Super Mario BOOM,21297,03/09/2025, 03:15:28,1066
APRL00001,Super Mario BOOM,21298,03/09/2025, 04:15:51,1066
APRL00001,Super Mario BOOM,21298,03/09/2025, 05:13:15,1066
APRL00001,Super Mario BOOM,21298,03/09/2025, 06:17:22,1066
APRL00001,Super Mario BOOM,21298,03/09/2025, 07:12:40,1066
APRL00001,Super Mario BOOM,21298,03/09/2025, 08:16:48,1066
APRL00001,Super Mario BOOM,21298,03/09/2025, 09:12:32,1066
APRL00001,Super Mario BOOM,21298,03/09/2025, 10:14:14,1066
APRL00001,Super Mario BOOM,21298,03/09/2025, 11:11:24,1066
APRL00001,Super Mario BOOM,21299,03/09/2025, 12:21:37,1066
APRL00001,Super Mario BOOM,21299,03/09/2025, 13:14:06,1066
APRL00001,Super Mario BOOM,21299,03/09/2025, 14:12:17,1066
APRL00001,Super Mario BOOM,21299,03/09/2025, 15:14:16,1066
APRL00001,Super Mario BOOM,21299,03/09/2025, 16:14:53,1066
APRL00001,Super Mario BOOM,21299,03/09/2025, 17:11:23,1066
APRL00001,Super Mario BOOM,21301,03/09/2025, 18:16:00,1066
APRL00001,Super Mario BOOM,21301,03/09/2025, 19:10:19,1066
APRL00001,Super Mario BOOM,21301,03/09/2025, 20:14:28,1066
APRL00001,Super Mario BOOM,21301,03/09/2025, 21:13:03,1066
APRL00001,Super Mario BOOM,21301,03/09/2025, 22:13:13,1066
APRL00001,Super Mario BOOM,21301,03/09/2025, 23:12:25,1066
APRL00001,Super Mario BOOM,21301,03/10/2025, 00:59:28,1066
APRL00001,Super Mario BOOM,21301,03/10/2025, 02:05:00,1066
APRL00001,Super Mario BOOM,21302,03/10/2025, 03:16:43,1066
APRL00001,Super Mario BOOM,21302,03/10/2025, 04:15:54,1066
APRL00001,Super Mario BOOM,21302,03/10/2025, 05:14:15,1066
APRL00001,Super Mario BOOM,21302,03/10/2025, 06:19:07,1066
APRL00001,Super Mario BOOM,21303,03/10/2025, 07:14:52,1066
APRL00001,Super Mario BOOM,21303,03/10/2025, 08:18:08,1066
APRL00001,Super Mario BOOM,21303,03/10/2025, 09:14:59,1066
APRL00001,Super Mario BOOM,21303,03/10/2025, 10:15:08,1066
APRL00001,Super Mario BOOM,21303,03/10/2025, 11:11:37,1066
APRL00001,Super Mario BOOM,21303,03/10/2025, 12:31:00,1066
APRL00001,Super Mario BOOM,21303,03/10/2025, 13:25:23,1066
APRL00001,Super Mario BOOM,21303,03/10/2025, 14:16:18,1066
APRL00001,Super Mario BOOM,21303,03/10/2025, 15:18:24,1066
APRL00001,Super Mario BOOM,21303,03/10/2025, 16:18:04,1066
APRL00001,Super Mario BOOM,21303,03/10/2025, 17:15:35,1066
APRL00001,Super Mario BOOM,21303,03/10/2025, 18:20:27,1066
APRL00001,Super Mario BOOM,21303,03/10/2025, 19:14:18,1066
APRL00001,Super Mario BOOM,21303,03/10/2025, 20:17:53,1066
APRL00001,Super Mario BOOM,21303,03/10/2025, 21:14:53,1066
APRL00001,Super Mario BOOM,21303,03/10/2025, 22:15:19,1066
APRL00001,Super Mario BOOM,21303,03/10/2025, 23:15:07,1066
APRL00001,Super Mario BOOM,21303,03/11/2025, 01:10:21,1066
APRL00001,Super Mario BOOM,21303,03/11/2025, 02:54:35,1066
APRL00001,Super Mario BOOM,21303,03/11/2025, 03:26:19,1066
APRL00001,Super Mario BOOM,21303,03/11/2025, 04:19:48,1066
APRL00001,Super Mario BOOM,21303,03/11/2025, 05:16:01,1066
APRL00001,Super Mario BOOM,21303,03/11/2025, 06:22:10,1066
APRL00001,Super Mario BOOM,21303,03/11/2025, 07:15:36,1066
APRL00001,Super Mario BOOM,21303,03/11/2025, 08:20:40,1066
APRL00001,Super Mario BOOM,21303,03/11/2025, 09:17:29,1066
APRL00001,Super Mario BOOM,21303,03/11/2025, 10:17:53,1066
APRL00001,Super Mario BOOM,21303,03/11/2025, 11:14:14,1066
APRL00001,Super Mario BOOM,21303,03/11/2025, 12:31:00,1066
APRL00001,Super Mario BOOM,21303,03/11/2025, 13:24:55,1066
APRL00001,Super Mario BOOM,21303,03/11/2025, 14:16:28,1066
APRL00001,Super Mario BOOM,21303,03/11/2025, 15:17:55,1066
APRL00001,Super Mario BOOM,21303,03/11/2025, 16:20:27,1066
APRL00001,Super Mario BOOM,21305,03/11/2025, 17:15:08,1066
APRL00001,Super Mario BOOM,21305,03/11/2025, 18:21:58,1066
APRL00001,Super Mario BOOM,21305,03/11/2025, 19:13:32,1066
APRL00001,Super Mario BOOM,21305,03/11/2025, 20:17:27,1066
APRL00001,Super Mario BOOM,21306,03/11/2025, 21:13:03,1066
APRL00001,Super Mario BOOM,21306,03/11/2025, 22:15:08,1066
APRL00001,Super Mario BOOM,21306,03/11/2025, 23:14:57,1066
APRL00001,Super Mario BOOM,21306,03/12/2025, 01:09:24,1066
APRL00001,Super Mario BOOM,21306,03/12/2025, 02:53:37,1066
APRL00001,Super Mario BOOM,21306,03/12/2025, 03:25:14,1066
APRL00001,Super Mario BOOM,21306,03/12/2025, 04:18:43,1066
APRL00001,Super Mario BOOM,21306,03/12/2025, 05:16:09,1066
APRL00001,Super Mario BOOM,21306,03/12/2025, 06:22:02,1066
APRL00001,Super Mario BOOM,21306,03/12/2025, 07:15:43,1066
APRL00001,Super Mario BOOM,21306,03/12/2025, 08:21:36,1066
APRL00001,Super Mario BOOM,21306,03/12/2025, 09:17:14,1066
APRL00001,Super Mario BOOM,21306,03/12/2025, 10:17:17,1066
APRL00001,Super Mario BOOM,21306,03/12/2025, 11:13:53,1066
APRL00001,Super Mario BOOM,21306,03/12/2025, 12:30:38,1066
APRL00001,Super Mario BOOM,21306,03/12/2025, 13:24:51,1066
APRL00001,Super Mario BOOM,21306,03/12/2025, 14:15:52,1066
APRL00001,Super Mario BOOM,21306,03/12/2025, 15:17:36,1066
APRL00001,Super Mario BOOM,21306,03/12/2025, 16:20:07,1066
APRL00001,Super Mario BOOM,21306,03/12/2025, 17:15:12,1066
APRL00001,Super Mario BOOM,21306,03/12/2025, 18:22:07,1066
APRL00001,Super Mario BOOM,21306,03/12/2025, 19:13:29,1066
APRL00001,Super Mario BOOM,21306,03/12/2025, 20:17:40,1066
APRL00001,Super Mario BOOM,21306,03/12/2025, 21:15:20,1066
APRL00001,Super Mario BOOM,21306,03/12/2025, 22:15:43,1066
APRL00001,Super Mario BOOM,21306,03/12/2025, 23:15:45,1066
APRL00001,Super Mario BOOM,21307,03/13/2025, 01:10:55,1066
APRL00001,Super Mario BOOM,21307,03/13/2025, 02:55:24,1066
APRL00001,Super Mario BOOM,21307,03/13/2025, 03:27:25,1066
APRL00001,Super Mario BOOM,21307,03/13/2025, 04:19:29,1066
APRL00001,Super Mario BOOM,21307,03/13/2025, 05:15:55,1066
APRL00001,Super Mario BOOM,21307,03/13/2025, 06:21:54,1066
APRL00001,Super Mario BOOM,21307,03/13/2025, 07:15:30,1066
APRL00001,Super Mario BOOM,21307,03/13/2025, 08:21:37,1066
APRL00001,Super Mario BOOM,21307,03/13/2025, 09:17:22,1066
APRL00001,Super Mario BOOM,21307,03/13/2025, 10:17:58,1066
APRL00001,Super Mario BOOM,21307,03/13/2025, 11:14:20,1066
APRL00001,Super Mario BOOM,21307,03/13/2025, 12:30:39,1066
APRL00001,Super Mario BOOM,21308,03/13/2025, 13:25:10,1066
APRL00001,Super Mario BOOM,21308,03/13/2025, 14:15:54,1066
APRL00001,Super Mario BOOM,21308,03/13/2025, 15:18:20,1066
APRL00001,Super Mario BOOM,21309,03/13/2025, 16:20:45,1066
APRL00001,Super Mario BOOM,21309,03/13/2025, 17:13:15,1066
APRL00001,Super Mario BOOM,21310,03/13/2025, 18:21:42,1066
APRL00001,Super Mario BOOM,21310,03/13/2025, 19:13:27,1066
APRL00001,Super Mario BOOM,21310,03/13/2025, 20:17:44,1066
APRL00001,Super Mario BOOM,21310,03/13/2025, 21:15:26,1066
APRL00001,Super Mario BOOM,21310,03/13/2025, 22:14:49,1066
APRL00001,Super Mario BOOM,21310,03/13/2025, 23:15:11,1066
APRL00001,Super Mario BOOM,21310,03/14/2025, 01:09:30,1066
APRL00001,Super Mario BOOM,21310,03/14/2025, 02:53:24,1066
APRL00001,Super Mario BOOM,21310,03/14/2025, 03:26:25,1066
APRL00001,Super Mario BOOM,21310,03/14/2025, 04:19:00,1066
APRL00001,Super Mario BOOM,21310,03/14/2025, 05:15:46,1066
APRL00001,Super Mario BOOM,21310,03/14/2025, 06:22:08,1066
APRL00001,Super Mario BOOM,21310,03/14/2025, 07:15:36,1066
APRL00001,Super Mario BOOM,21310,03/14/2025, 08:20:13,1066
APRL00001,Super Mario BOOM,21310,03/14/2025, 09:17:40,1066
APRL00001,Super Mario BOOM,21310,03/14/2025, 10:17:24,1066
APRL00001,Super Mario BOOM,21310,03/14/2025, 11:13:39,1066
APRL00001,Super Mario BOOM,21310,03/14/2025, 12:29:16,1066
APRL00001,Super Mario BOOM,21310,03/14/2025, 13:22:45,1066
APRL00001,Super Mario BOOM,21310,03/14/2025, 14:14:49,1066
APRL00001,Super Mario BOOM,21310,03/14/2025, 15:16:19,1066
APRL00001,Super Mario BOOM,21310,03/14/2025, 16:19:22,1066
APRL00001,Super Mario BOOM,21310,03/14/2025, 17:13:07,1066
APRL00001,Super Mario BOOM,21310,03/14/2025, 18:21:10,1066
APRL00001,Super Mario BOOM,21310,03/14/2025, 19:13:36,1066
APRL00001,Super Mario BOOM,21310,03/14/2025, 20:16:44,1066
APRL00001,Super Mario BOOM,21310,03/14/2025, 21:15:16,1066
APRL00001,Super Mario BOOM,21310,03/14/2025, 22:15:07,1066
APRL00001,Super Mario BOOM,21310,03/14/2025, 23:16:11,1066
APRL00001,Super Mario BOOM,21310,03/15/2025, 01:08:58,1066
APRL00001,Super Mario BOOM,21310,03/15/2025, 02:50:53,1066
APRL00001,Super Mario BOOM,21310,03/15/2025, 03:23:13,1066
APRL00001,Super Mario BOOM,21310,03/15/2025, 04:18:09,1066
APRL00001,Super Mario BOOM,21310,03/15/2025, 05:14:59,1066
APRL00001,Super Mario BOOM,21310,03/15/2025, 06:20:50,1066
APRL00001,Super Mario BOOM,21310,03/15/2025, 07:15:05,1066
APRL00001,Super Mario BOOM,21310,03/15/2025, 08:18:37,1066
APRL00001,Super Mario BOOM,21310,03/15/2025, 09:15:04,1066
APRL00001,Super Mario BOOM,21310,03/15/2025, 10:16:18,1066
APRL00001,Super Mario BOOM,21310,03/15/2025, 11:12:14,1066
APRL00001,Super Mario BOOM,21310,03/15/2025, 12:27:37,1066
APRL00001,Super Mario BOOM,21310,03/15/2025, 13:19:29,1066
APRL00001,Super Mario BOOM,21310,03/15/2025, 14:15:08,1066
APRL00001,Super Mario BOOM,21310,03/15/2025, 15:14:39,1066
APRL00001,Super Mario BOOM,21311,03/15/2025, 16:17:11,1066
APRL00001,Super Mario BOOM,21311,03/15/2025, 17:13:12,1066
APRL00001,Super Mario BOOM,21311,03/15/2025, 18:19:28,1066
APRL00001,Super Mario BOOM,21313,03/15/2025, 19:11:43,1066
APRL00001,Super Mario BOOM,21313,03/15/2025, 20:15:36,1066
APRL00001,Super Mario BOOM,21313,03/15/2025, 21:14:48,1066
APRL00001,Super Mario BOOM,21313,03/15/2025, 22:14:49,1066
APRL00001,Super Mario BOOM,21313,03/15/2025, 23:14:17,1066
APRL00001,Super Mario BOOM,21313,03/16/2025, 01:15:22,1066
APRL00001,Super Mario BOOM,21313,03/16/2025, 02:58:41,1066
APRL00001,Super Mario BOOM,21313,03/16/2025, 03:31:59,1066
APRL00001,Super Mario BOOM,21313,03/16/2025, 04:18:24,1066
APRL00001,Super Mario BOOM,21313,03/16/2025, 05:14:49,1066
APRL00001,Super Mario BOOM,21313,03/16/2025, 06:20:04,1066
APRL00001,Super Mario BOOM,21313,03/16/2025, 07:14:13,1066
APRL00001,Super Mario BOOM,21313,03/16/2025, 08:18:39,1066
APRL00001,Super Mario BOOM,21313,03/16/2025, 09:15:06,1066
APRL00001,Super Mario BOOM,21313,03/16/2025, 10:15:28,1066
APRL00001,Super Mario BOOM,21313,03/16/2025, 11:14:02,1066
APRL00001,Super Mario BOOM,21314,03/16/2025, 12:26:54,1066
APRL00001,Super Mario BOOM,21314,03/16/2025, 13:20:44,1066
APRL00001,Super Mario BOOM,21314,03/16/2025, 14:13:29,1066
APRL00001,Super Mario BOOM,21314,03/16/2025, 15:15:22,1066
APRL00001,Super Mario BOOM,21314,03/16/2025, 16:17:45,1066
APRL00001,Super Mario BOOM,21314,03/16/2025, 17:13:34,1066
APRL00001,Super Mario BOOM,21314,03/16/2025, 18:20:04,1066
APRL00001,Super Mario BOOM,21314,03/16/2025, 19:12:25,1066
APRL00001,Super Mario BOOM,21314,03/16/2025, 20:16:55,1066
APRL00001,Super Mario BOOM,21314,03/16/2025, 21:14:12,1066
APRL00001,Super Mario BOOM,21314,03/16/2025, 22:14:20,1066
APRL00001,Super Mario BOOM,21315,03/16/2025, 23:15:20,1066
APRL00001,Super Mario BOOM,21315,03/17/2025, 01:12:49,1066
APRL00001,Super Mario BOOM,21315,03/17/2025, 02:58:01,1066
APRL00001,Super Mario BOOM,21315,03/17/2025, 03:30:17,1066
APRL00001,Super Mario BOOM,21315,03/17/2025, 04:19:23,1066
APRL00001,Super Mario BOOM,21315,03/17/2025, 05:16:25,1066
APRL00001,Super Mario BOOM,21315,03/17/2025, 06:22:46,1066
APRL00001,Super Mario BOOM,21315,03/17/2025, 07:16:19,1066
APRL00001,Super Mario BOOM,21315,03/17/2025, 08:22:18,1066
APRL00001,Super Mario BOOM,21315,03/17/2025, 09:19:11,1066
APRL00001,Super Mario BOOM,21315,03/17/2025, 10:18:13,1066
APRL00001,Super Mario BOOM,21315,03/17/2025, 11:13:56,1066
APRL00001,Super Mario BOOM,21315,03/17/2025, 12:31:38,1066
APRL00001,Super Mario BOOM,21315,03/17/2025, 13:25:54,1066
APRL00001,Super Mario BOOM,21315,03/17/2025, 14:16:40,1066
APRL00001,Super Mario BOOM,21315,03/17/2025, 15:17:26,1066
APRL00001,Super Mario BOOM,21315,03/17/2025, 16:20:38,1066
APRL00001,Super Mario BOOM,21315,03/17/2025, 17:15:19,1066
APRL00001,Super Mario BOOM,21315,03/17/2025, 18:22:08,1066
APRL00001,Super Mario BOOM,21315,03/17/2025, 19:13:26,1066
APRL00001,Super Mario BOOM,21315,03/17/2025, 20:17:59,1066
APRL00001,Super Mario BOOM,21315,03/17/2025, 21:15:14,1066
APRL00001,Super Mario BOOM,21315,03/17/2025, 22:16:10,1066
APRL00001,Super Mario BOOM,21315,03/17/2025, 23:15:22,1066
APRL00001,Super Mario BOOM,21315,03/18/2025, 01:10:40,1066
APRL00001,Super Mario BOOM,21315,03/18/2025, 02:57:09,1066
APRL00001,Super Mario BOOM,21315,03/18/2025, 03:28:40,1066
APRL00001,Super Mario BOOM,21315,03/18/2025, 04:19:11,1066
APRL00001,Super Mario BOOM,21315,03/18/2025, 05:16:15,1066
APRL00001,Super Mario BOOM,21315,03/18/2025, 06:21:58,1066
APRL00001,Super Mario BOOM,21315,03/18/2025, 07:16:34,1066
APRL00001,Super Mario BOOM,21315,03/18/2025, 08:21:07,1066
APRL00001,Super Mario BOOM,21315,03/18/2025, 09:17:40,1066
APRL00001,Super Mario BOOM,21315,03/18/2025, 10:17:22,1066
APRL00001,Super Mario BOOM,21315,03/18/2025, 11:14:06,1066
APRL00001,Super Mario BOOM,21315,03/18/2025, 12:30:44,1066
APRL00001,Super Mario BOOM,21315,03/18/2025, 13:25:12,1066
APRL00001,Super Mario BOOM,21315,03/18/2025, 14:15:51,1066
APRL00001,Super Mario BOOM,21315,03/18/2025, 15:17:47,1066
APRL00001,Super Mario BOOM,21315,03/18/2025, 16:20:22,1066
APRL00001,Super Mario BOOM,21315,03/18/2025, 17:15:07,1066
APRL00001,Super Mario BOOM,21315,03/18/2025, 18:22:10,1066
APRL00001,Super Mario BOOM,21315,03/18/2025, 19:13:25,1066
APRL00001,Super Mario BOOM,21315,03/18/2025, 20:16:59,1066
APRL00001,Super Mario BOOM,21315,03/18/2025, 21:15:05,1066
APRL00001,Super Mario BOOM,21315,03/18/2025, 22:15:21,1066
APRL00001,Super Mario BOOM,21315,03/18/2025, 23:14:57,1066
APRL00001,Super Mario BOOM,21315,03/19/2025, 01:11:25,1066
APRL00001,Super Mario BOOM,21315,03/19/2025, 02:56:06,1066
APRL00001,Super Mario BOOM,21315,03/19/2025, 03:28:21,1066
APRL00001,Super Mario BOOM,21315,03/19/2025, 04:19:11,1066
APRL00001,Super Mario BOOM,21315,03/19/2025, 05:16:01,1066
APRL00001,Super Mario BOOM,21315,03/19/2025, 06:22:11,1066
APRL00001,Super Mario BOOM,21315,03/19/2025, 07:16:01,1066
APRL00001,Super Mario BOOM,21315,03/19/2025, 08:21:17,1066
APRL00001,Super Mario BOOM,21315,03/19/2025, 09:17:37,1066
APRL00001,Super Mario BOOM,21315,03/19/2025, 10:18:19,1066
APRL00001,Super Mario BOOM,21315,03/19/2025, 11:14:25,1066
APRL00001,Super Mario BOOM,21315,03/19/2025, 12:30:45,1066
APRL00001,Super Mario BOOM,21315,03/19/2025, 13:25:16,1066
APRL00001,Super Mario BOOM,21315,03/19/2025, 14:16:08,1066
APRL00001,Super Mario BOOM,21315,03/19/2025, 15:17:18,1066
APRL00001,Super Mario BOOM,21315,03/19/2025, 16:20:08,1066
APRL00001,Super Mario BOOM,21315,03/19/2025, 17:15:17,1066
APRL00001,Super Mario BOOM,21315,03/19/2025, 18:22:27,1066
APRL00001,Super Mario BOOM,21315,03/19/2025, 19:13:38,1066
APRL00001,Super Mario BOOM,21315,03/19/2025, 20:17:49,1066
APRL00001,Super Mario BOOM,21315,03/19/2025, 21:15:42,1066
APRL00001,Super Mario BOOM,21316,03/19/2025, 22:15:24,1066
APRL00001,Super Mario BOOM,21316,03/19/2025, 23:16:10,1066
APRL00001,Super Mario BOOM,21316,03/20/2025, 01:09:54,1066
APRL00001,Super Mario BOOM,21316,03/20/2025, 02:55:06,1066
APRL00001,Super Mario BOOM,21316,03/20/2025, 03:27:42,1066
APRL00001,Super Mario BOOM,21316,03/20/2025, 04:19:24,1066
APRL00001,Super Mario BOOM,21316,03/20/2025, 05:15:57,1066
APRL00001,Super Mario BOOM,21316,03/20/2025, 06:22:19,1066
APRL00001,Super Mario BOOM,21316,03/20/2025, 07:16:06,1066
APRL00001,Super Mario BOOM,21316,03/20/2025, 08:21:21,1066
APRL00001,Super Mario BOOM,21316,03/20/2025, 09:17:22,1066
APRL00001,Super Mario BOOM,21316,03/20/2025, 10:17:18,1066
APRL00001,Super Mario BOOM,21316,03/20/2025, 11:13:50,1066
APRL00001,Super Mario BOOM,21316,03/20/2025, 12:29:32,1066
APRL00001,Super Mario BOOM,21316,03/20/2025, 13:24:05,1066
APRL00001,Super Mario BOOM,21316,03/20/2025, 14:16:24,1066
APRL00001,Super Mario BOOM,21316,03/20/2025, 15:18:01,1066
APRL00001,Super Mario BOOM,21316,03/20/2025, 16:20:42,1066
APRL00001,Super Mario BOOM,21316,03/20/2025, 17:15:30,1066
APRL00001,Super Mario BOOM,21316,03/20/2025, 18:22:07,1066
APRL00001,Super Mario BOOM,21316,03/20/2025, 19:13:33,1066
APRL00001,Super Mario BOOM,21317,03/20/2025, 20:17:29,1066
APRL00001,Super Mario BOOM,21317,03/20/2025, 21:15:14,1066
APRL00001,Super Mario BOOM,21317,03/20/2025, 22:15:03,1066
APRL00001,Super Mario BOOM,21317,03/20/2025, 23:15:29,1066
APRL00001,Super Mario BOOM,21317,03/21/2025, 01:11:21,1066
APRL00001,Super Mario BOOM,21317,03/21/2025, 02:57:04,1066
APRL00001,Super Mario BOOM,21317,03/21/2025, 03:29:09,1066
APRL00001,Super Mario BOOM,21317,03/21/2025, 04:18:56,1066
APRL00001,Super Mario BOOM,21317,03/21/2025, 05:15:57,1066
APRL00001,Super Mario BOOM,21317,03/21/2025, 06:24:05,1066
APRL00001,Super Mario BOOM,21317,03/21/2025, 07:15:49,1066
APRL00001,Super Mario BOOM,21317,03/21/2025, 08:20:12,1066
APRL00001,Super Mario BOOM,21317,03/21/2025, 09:16:51,1066
APRL00001,Super Mario BOOM,21317,03/21/2025, 10:17:03,1066
APRL00001,Super Mario BOOM,21317,03/21/2025, 11:14:19,1066
APRL00001,Super Mario BOOM,21317,03/21/2025, 12:29:58,1066
APRL00001,Super Mario BOOM,21317,03/21/2025, 13:24:40,1066
APRL00001,Super Mario BOOM,21317,03/21/2025, 14:15:28,1066
APRL00001,Super Mario BOOM,21317,03/21/2025, 15:16:51,1066
APRL00001,Super Mario BOOM,21318,03/21/2025, 16:20:01,1066
APRL00001,Super Mario BOOM,21318,03/21/2025, 17:14:27,1066
APRL00001,Super Mario BOOM,21318,03/21/2025, 18:21:06,1066
APRL00001,Super Mario BOOM,21318,03/21/2025, 19:12:36,1066
APRL00001,Super Mario BOOM,21318,03/21/2025, 20:17:33,1066
APRL00001,Super Mario BOOM,21318,03/21/2025, 21:14:38,1066
APRL00001,Super Mario BOOM,21318,03/21/2025, 22:15:42,1066
APRL00001,Super Mario BOOM,21318,03/21/2025, 23:14:56,1066
APRL00001,Super Mario BOOM,21318,03/22/2025, 01:10:03,1066
APRL00001,Super Mario BOOM,21318,03/22/2025, 02:53:10,1066
APRL00001,Super Mario BOOM,21318,03/22/2025, 03:28:54,1066
APRL00001,Super Mario BOOM,21318,03/22/2025, 04:18:45,1066
APRL00001,Super Mario BOOM,21318,03/22/2025, 05:15:25,1066
APRL00001,Super Mario BOOM,21318,03/22/2025, 06:20:13,1066
APRL00001,Super Mario BOOM,21318,03/22/2025, 07:14:42,1066
APRL00001,Super Mario BOOM,21318,03/22/2025, 08:19:09,1066
APRL00001,Super Mario BOOM,21318,03/22/2025, 09:16:08,1066
APRL00001,Super Mario BOOM,21318,03/22/2025, 10:16:39,1066
APRL00001,Super Mario BOOM,21318,03/22/2025, 11:13:36,1066
APRL00001,Super Mario BOOM,21318,03/22/2025, 12:27:29,1066
APRL00001,Super Mario BOOM,21318,03/22/2025, 13:19:43,1066
APRL00001,Super Mario BOOM,21318,03/22/2025, 14:15:06,1066
APRL00001,Super Mario BOOM,21318,03/22/2025, 15:14:46,1066
APRL00001,Super Mario BOOM,21318,03/22/2025, 16:17:27,1066
APRL00001,Super Mario BOOM,21318,03/22/2025, 17:13:02,1066
APRL00001,Super Mario BOOM,21319,03/22/2025, 18:19:55,1066
APRL00001,Super Mario BOOM,21319,03/22/2025, 19:12:40,1066
APRL00001,Super Mario BOOM,21319,03/22/2025, 20:16:05,1066
APRL00001,Super Mario BOOM,21319,03/22/2025, 21:14:20,1066
APRL00001,Super Mario BOOM,21319,03/22/2025, 22:14:06,1066
APRL00001,Super Mario BOOM,21320,03/22/2025, 23:15:12,1066
APRL00001,Super Mario BOOM,21320,03/23/2025, 01:15:44,1066
APRL00001,Super Mario BOOM,21320,03/23/2025, 03:01:36,1066
APRL00001,Super Mario BOOM,21320,03/23/2025, 03:37:08,1066
APRL00001,Super Mario BOOM,21320,03/23/2025, 04:18:37,1066
APRL00001,Super Mario BOOM,21320,03/23/2025, 05:14:48,1066
APRL00001,Super Mario BOOM,21320,03/23/2025, 06:20:18,1066
APRL00001,Super Mario BOOM,21320,03/23/2025, 07:14:34,1066
APRL00001,Super Mario BOOM,21320,03/23/2025, 08:19:00,1066
APRL00001,Super Mario BOOM,21320,03/23/2025, 09:15:04,1066
APRL00001,Super Mario BOOM,21320,03/23/2025, 10:15:31,1066
APRL00001,Super Mario BOOM,21320,03/23/2025, 11:13:21,1066
APRL00001,Super Mario BOOM,21320,03/23/2025, 12:27:35,1066
APRL00001,Super Mario BOOM,21320,03/23/2025, 13:20:25,1066
APRL00001,Super Mario BOOM,21320,03/23/2025, 14:13:40,1066
APRL00001,Super Mario BOOM,21320,03/23/2025, 15:15:00,1066
APRL00001,Super Mario BOOM,21321,03/23/2025, 16:17:31,1066
APRL00001,Super Mario BOOM,21321,03/23/2025, 17:13:09,1066
APRL00001,Super Mario BOOM,21321,03/23/2025, 18:19:14,1066
APRL00001,Super Mario BOOM,21321,03/23/2025, 19:13:46,1066
APRL00001,Super Mario BOOM,21321,03/23/2025, 20:16:16,1066
APRL00001,Super Mario BOOM,21321,03/23/2025, 21:13:58,1066
APRL00001,Super Mario BOOM,21321,03/23/2025, 22:15:40,1066
APRL00001,Super Mario BOOM,21321,03/23/2025, 23:14:43,1066
APRL00001,Super Mario BOOM,21321,03/24/2025, 01:13:06,1066
APRL00001,Super Mario BOOM,21321,03/24/2025, 03:01:24,1066
APRL00001,Super Mario BOOM,21321,03/24/2025, 03:38:53,1066
APRL00001,Super Mario BOOM,21321,03/24/2025, 04:19:40,1066
APRL00001,Super Mario BOOM,21321,03/24/2025, 05:16:38,1066
APRL00001,Super Mario BOOM,21321,03/24/2025, 06:23:03,1066
APRL00001,Super Mario BOOM,21321,03/24/2025, 07:16:50,1066
APRL00001,Super Mario BOOM,21321,03/24/2025, 08:21:59,1066
APRL00001,Super Mario BOOM,21321,03/24/2025, 09:19:04,1066
APRL00001,Super Mario BOOM,21321,03/24/2025, 10:18:12,1066
APRL00001,Super Mario BOOM,21321,03/24/2025, 11:14:10,1066
APRL00001,Super Mario BOOM,21321,03/24/2025, 12:32:18,1066
APRL00001,Super Mario BOOM,21321,03/24/2025, 13:26:16,1066
APRL00001,Super Mario BOOM,21321,03/24/2025, 14:16:31,1066
APRL00001,Super Mario BOOM,21321,03/24/2025, 15:17:59,1066
APRL00001,Super Mario BOOM,21321,03/24/2025, 16:21:25,1066
APRL00001,Super Mario BOOM,21321,03/24/2025, 17:15:24,1066
APRL00001,Super Mario BOOM,21321,03/24/2025, 18:22:11,1066
APRL00001,Super Mario BOOM,21321,03/24/2025, 19:13:57,1066
APRL00001,Super Mario BOOM,21321,03/24/2025, 20:16:25,1066
APRL00001,Super Mario BOOM,21321,03/24/2025, 21:14:53,1066
APRL00001,Super Mario BOOM,21321,03/24/2025, 22:15:34,1066
APRL00001,Super Mario BOOM,21321,03/24/2025, 23:15:53,1066
APRL00001,Super Mario BOOM,21321,03/25/2025, 01:12:00,1066
APRL00001,Super Mario BOOM,21321,03/25/2025, 02:58:23,1066
APRL00001,Super Mario BOOM,21321,03/25/2025, 03:31:58,1066
APRL00001,Super Mario BOOM,21321,03/25/2025, 04:19:08,1066
APRL00001,Super Mario BOOM,21321,03/25/2025, 05:17:23,1066
APRL00001,Super Mario BOOM,21321,03/25/2025, 06:22:50,1066
APRL00001,Super Mario BOOM,21321,03/25/2025, 07:18:18,1066
APRL00001,Super Mario BOOM,21321,03/25/2025, 08:21:14,1066
APRL00001,Super Mario BOOM,21321,03/25/2025, 09:17:22,1066
APRL00001,Super Mario BOOM,21321,03/25/2025, 10:17:27,1066
APRL00001,Super Mario BOOM,21321,03/25/2025, 11:14:13,1066
APRL00001,Super Mario BOOM,21321,03/25/2025, 12:31:11,1066
APRL00001,Super Mario BOOM,21321,03/25/2025, 13:26:30,1066
APRL00001,Super Mario BOOM,21321,03/25/2025, 14:16:52,1066
APRL00001,Super Mario BOOM,21321,03/25/2025, 15:18:10,1066
APRL00001,Super Mario BOOM,21321,03/25/2025, 16:19:03,1066
APRL00001,Super Mario BOOM,21321,03/25/2025, 17:15:30,1066
APRL00001,Super Mario BOOM,21321,03/25/2025, 18:21:50,1066
APRL00001,Super Mario BOOM,21321,03/25/2025, 19:13:37,1066
APRL00001,Super Mario BOOM,21321,03/25/2025, 20:17:59,1066
APRL00001,Super Mario BOOM,21321,03/25/2025, 21:15:24,1066
APRL00001,Super Mario BOOM,21321,03/25/2025, 22:15:45,1066
APRL00001,Super Mario BOOM,21321,03/25/2025, 23:15:11,1066
APRL00001,Super Mario BOOM,21322,03/26/2025, 01:11:29,1066
APRL00001,Super Mario BOOM,21323,03/26/2025, 02:57:09,1066
APRL00001,Super Mario BOOM,21323,03/26/2025, 03:29:16,1066
APRL00001,Super Mario BOOM,21323,03/26/2025, 04:19:13,1066
APRL00001,Super Mario BOOM,21323,03/26/2025, 05:16:07,1066
APRL00001,Super Mario BOOM,21323,03/26/2025, 06:22:15,1066
APRL00001,Super Mario BOOM,21323,03/26/2025, 07:16:15,1066
APRL00001,Super Mario BOOM,21323,03/26/2025, 08:20:56,1066
APRL00001,Super Mario BOOM,21323,03/26/2025, 09:17:26,1066
APRL00001,Super Mario BOOM,21323,03/26/2025, 10:17:28,1066
APRL00001,Super Mario BOOM,21323,03/26/2025, 11:13:56,1066
APRL00001,Super Mario BOOM,21323,03/26/2025, 12:30:53,1066
APRL00001,Super Mario BOOM,21323,03/26/2025, 13:25:56,1066
APRL00001,Super Mario BOOM,21323,03/26/2025, 14:16:42,1066
APRL00001,Super Mario BOOM,21323,03/26/2025, 15:18:11,1066
APRL00001,Super Mario BOOM,21323,03/26/2025, 16:20:45,1066
APRL00001,Super Mario BOOM,21323,03/26/2025, 17:15:16,1066
APRL00001,Super Mario BOOM,21323,03/26/2025, 18:22:04,1066
APRL00001,Super Mario BOOM,21323,03/26/2025, 19:13:50,1066
APRL00001,Super Mario BOOM,21323,03/26/2025, 20:18:03,1066
APRL00001,Super Mario BOOM,21323,03/26/2025, 21:15:16,1066
APRL00001,Super Mario BOOM,21323,03/26/2025, 22:15:21,1066
APRL00001,Super Mario BOOM,21323,03/26/2025, 23:15:51,1066
APRL00001,Super Mario BOOM,21323,03/27/2025, 01:11:16,1066
APRL00001,Super Mario BOOM,21323,03/27/2025, 02:57:08,1066
APRL00001,Super Mario BOOM,21323,03/27/2025, 03:31:53,1066
APRL00001,Super Mario BOOM,21323,03/27/2025, 04:18:59,1066
APRL00001,Super Mario BOOM,21323,03/27/2025, 05:16:27,1066
APRL00001,Super Mario BOOM,21323,03/27/2025, 06:22:24,1066
APRL00001,Super Mario BOOM,21323,03/27/2025, 07:16:34,1066
APRL00001,Super Mario BOOM,21323,03/27/2025, 08:21:14,1066
APRL00001,Super Mario BOOM,21323,03/27/2025, 09:18:21,1066
APRL00001,Super Mario BOOM,21323,03/27/2025, 10:17:24,1066
APRL00001,Super Mario BOOM,21323,03/27/2025, 11:13:58,1066
APRL00001,Super Mario BOOM,21323,03/27/2025, 12:31:28,1066
APRL00001,Super Mario BOOM,21323,03/27/2025, 13:25:45,1066
APRL00001,Super Mario BOOM,21323,03/27/2025, 14:16:24,1066
APRL00001,Super Mario BOOM,21323,03/27/2025, 15:17:33,1066
APRL00001,Super Mario BOOM,21323,03/27/2025, 16:20:27,1066
APRL00001,Super Mario BOOM,21323,03/27/2025, 17:15:00,1066
APRL00001,Super Mario BOOM,21323,03/27/2025, 18:21:48,1066
APRL00001,Super Mario BOOM,21323,03/27/2025, 19:13:29,1066
APRL00001,Super Mario BOOM,21323,03/27/2025, 20:17:30,1066
APRL00001,Super Mario BOOM,21323,03/27/2025, 21:16:07,1066
APRL00001,Super Mario BOOM,21323,03/27/2025, 22:15:01,1066
APRL00001,Super Mario BOOM,21323,03/27/2025, 23:16:01,1066
APRL00001,Super Mario BOOM,21323,03/28/2025, 01:11:11,1066
APRL00001,Super Mario BOOM,21323,03/28/2025, 02:58:50,1066
APRL00001,Super Mario BOOM,21323,03/28/2025, 03:33:40,1066
APRL00001,Super Mario BOOM,21323,03/28/2025, 04:19:49,1066
APRL00001,Super Mario BOOM,21323,03/28/2025, 05:16:33,1066
APRL00001,Super Mario BOOM,21323,03/28/2025, 06:22:55,1066
APRL00001,Super Mario BOOM,21323,03/28/2025, 07:16:34,1066
APRL00001,Super Mario BOOM,21323,03/28/2025, 08:20:59,1066
APRL00001,Super Mario BOOM,21323,03/28/2025, 09:17:32,1066
APRL00001,Super Mario BOOM,21323,03/28/2025, 10:17:02,1066
APRL00001,Super Mario BOOM,21323,03/28/2025, 11:13:52,1066
APRL00001,Super Mario BOOM,21323,03/28/2025, 12:30:19,1066
APRL00001,Super Mario BOOM,21323,03/28/2025, 13:24:58,1066
APRL00001,Super Mario BOOM,21323,03/28/2025, 14:15:44,1066
APRL00001,Super Mario BOOM,21324,03/28/2025, 15:16:46,1066
APRL00001,Super Mario BOOM,21324,03/28/2025, 16:19:56,1066
APRL00001,Super Mario BOOM,21324,03/28/2025, 17:15:19,1066
APRL00001,Super Mario BOOM,21324,03/28/2025, 18:22:04,1066
APRL00001,Super Mario BOOM,21324,03/28/2025, 19:14:08,1066
APRL00001,Super Mario BOOM,21324,03/28/2025, 20:18:02,1066
APRL00001,Super Mario BOOM,21324,03/28/2025, 21:15:11,1066
APRL00001,Super Mario BOOM,21324,03/28/2025, 22:15:53,1066
APRL00001,Super Mario BOOM,21324,03/28/2025, 23:15:24,1066
APRL00001,Super Mario BOOM,21324,03/29/2025, 01:10:35,1066
APRL00001,Super Mario BOOM,21324,03/29/2025, 02:55:43,1066
APRL00001,Super Mario BOOM,21324,03/29/2025, 03:27:47,1066
APRL00001,Super Mario BOOM,21324,03/29/2025, 04:19:58,1066
APRL00001,Super Mario BOOM,21324,03/29/2025, 05:14:57,1066
APRL00001,Super Mario BOOM,21324,03/29/2025, 06:20:42,1066
APRL00001,Super Mario BOOM,21324,03/29/2025, 07:14:43,1066
APRL00001,Super Mario BOOM,21324,03/29/2025, 08:19:15,1066
APRL00001,Super Mario BOOM,21324,03/29/2025, 09:16:00,1066
APRL00001,Super Mario BOOM,21324,03/29/2025, 10:15:42,1066
APRL00001,Super Mario BOOM,21324,03/29/2025, 11:13:27,1066
APRL00001,Super Mario BOOM,21324,03/29/2025, 12:27:38,1066
APRL00001,Super Mario BOOM,21324,03/29/2025, 13:21:12,1066
APRL00001,Super Mario BOOM,21324,03/29/2025, 14:14:53,1066
APRL00001,Super Mario BOOM,21324,03/29/2025, 15:16:43,1066
APRL00001,Super Mario BOOM,21324,03/29/2025, 16:18:08,1066
APRL00001,Super Mario BOOM,21324,03/29/2025, 17:13:13,1066
APRL00001,Super Mario BOOM,21324,03/29/2025, 18:19:35,1066
APRL00001,Super Mario BOOM,21324,03/29/2025, 19:12:59,1066
APRL00001,Super Mario BOOM,21324,03/29/2025, 20:16:20,1066
APRL00001,Super Mario BOOM,21324,03/29/2025, 21:14:23,1066
APRL00001,Super Mario BOOM,21324,03/29/2025, 22:14:19,1066
APRL00001,Super Mario BOOM,21324,03/29/2025, 23:14:55,1066
APRL00001,Super Mario BOOM,21324,03/30/2025, 01:17:09,1066
APRL00001,Super Mario BOOM,21324,03/30/2025, 03:04:19,1066
APRL00001,Super Mario BOOM,21324,03/30/2025, 04:18:51,1066
APRL00001,Super Mario BOOM,21324,03/30/2025, 05:15:09,1066
APRL00001,Super Mario BOOM,21324,03/30/2025, 06:20:46,1066
APRL00001,Super Mario BOOM,21324,03/30/2025, 07:15:09,1066
APRL00001,Super Mario BOOM,21324,03/30/2025, 08:18:55,1066
APRL00001,Super Mario BOOM,21324,03/30/2025, 09:15:18,1066
APRL00001,Super Mario BOOM,21324,03/30/2025, 10:15:36,1066
APRL00001,Super Mario BOOM,21324,03/30/2025, 11:14:00,1066
APRL00001,Super Mario BOOM,21324,03/30/2025, 12:28:17,1066
APRL00001,Super Mario BOOM,21324,03/30/2025, 13:21:23,1066
APRL00001,Super Mario BOOM,21324,03/30/2025, 14:15:07,1066
APRL00001,Super Mario BOOM,21324,03/30/2025, 15:15:44,1066
APRL00001,Super Mario BOOM,21324,03/30/2025, 16:17:47,1066
APRL00001,Super Mario BOOM,21324,03/30/2025, 17:13:31,1066
APRL00001,Super Mario BOOM,21324,03/30/2025, 18:19:54,1066
APRL00001,Super Mario BOOM,21324,03/30/2025, 19:12:52,1066
APRL00001,Super Mario BOOM,21324,03/30/2025, 20:16:56,1066
APRL00001,Super Mario BOOM,21324,03/30/2025, 21:15:26,1066
APRL00001,Super Mario BOOM,21325,03/30/2025, 22:14:39,1066
APRL00001,Super Mario BOOM,21325,03/30/2025, 23:15:38,1066
APRL00001,Super Mario BOOM,21326,03/31/2025, 01:15:49,1066
APRL00001,Super Mario BOOM,21326,03/31/2025, 03:04:21,1066
APRL00001,Super Mario BOOM,21326,03/31/2025, 04:19:41,1066
APRL00001,Super Mario BOOM,21326,03/31/2025, 05:17:19,1066
APRL00001,Super Mario BOOM,21326,03/31/2025, 06:23:28,1066
APRL00001,Super Mario BOOM,21326,03/31/2025, 07:17:12,1066
APRL00001,Super Mario BOOM,21326,03/31/2025, 08:22:21,1066
APRL00001,Super Mario BOOM,21326,03/31/2025, 09:18:34,1066
APRL00001,Super Mario BOOM,21326,03/31/2025, 10:18:02,1066
APRL00001,Super Mario BOOM,21326,03/31/2025, 11:14:19,1066
APRL00001,Super Mario BOOM,21326,03/31/2025, 12:31:24,1066
APRL00001,Super Mario BOOM,21326,03/31/2025, 13:26:46,1066
APRL00001,Super Mario BOOM,21326,03/31/2025, 14:16:32,1066
APRL00001,Super Mario BOOM,21326,03/31/2025, 15:17:47,1066
APRL00001,Super Mario BOOM,21326,03/31/2025, 16:20:35,1066
APRL00001,Super Mario BOOM,21326,03/31/2025, 17:14:50,1066
APRL00001,Super Mario BOOM,21326,03/31/2025, 18:21:54,1066
APRL00001,Super Mario BOOM,21326,03/31/2025, 19:14:09,1066
APRL00001,Super Mario BOOM,21326,03/31/2025, 20:18:39,1066
APRL00001,Super Mario BOOM,21326,03/31/2025, 21:15:39,1066
APRL00001,Super Mario BOOM,21326,03/31/2025, 22:16:27,1066
APRL00001,Super Mario BOOM,21326,03/31/2025, 23:15:23,1066
APRL00001,Super Mario BOOM,21326,04/01/2025, 01:20:24,1066
APRL00001,Super Mario BOOM,21327,04/01/2025, 03:11:31,1066
APRL00001,Super Mario BOOM,21327,04/01/2025, 04:19:46,1066
APRL00001,Super Mario BOOM,21327,04/01/2025, 05:16:43,1066
APRL00001,Super Mario BOOM,21327,04/01/2025, 06:23:37,1066
APRL00001,Super Mario BOOM,21327,04/01/2025, 07:16:51,1066
APRL00001,Super Mario BOOM,21327,04/01/2025, 08:21:51,1066
APRL00001,Super Mario BOOM,21327,04/01/2025, 09:18:33,1066
APRL00001,Super Mario BOOM,21327,04/01/2025, 10:17:50,1066
APRL00001,Super Mario BOOM,21327,04/01/2025, 11:14:26,1066
APRL00001,Super Mario BOOM,21327,04/01/2025, 12:32:38,1066
APRL00001,Super Mario BOOM,21327,04/01/2025, 13:27:45,1066
APRL00001,Super Mario BOOM,21327,04/01/2025, 14:16:32,1066
APRL00001,Super Mario BOOM,21327,04/01/2025, 15:17:34,1066
APRL00001,Super Mario BOOM,21327,04/01/2025, 16:19:51,1066
APRL00001,Super Mario BOOM,21327,04/01/2025, 17:16:10,1066
APRL00001,Super Mario BOOM,21327,04/01/2025, 18:21:47,1066
APRL00001,Super Mario BOOM,21327,04/01/2025, 19:14:09,1066
APRL00001,Super Mario BOOM,21327,04/01/2025, 20:18:26,1066
APRL00001,Super Mario BOOM,21327,04/01/2025, 21:15:33,1066
APRL00001,Super Mario BOOM,21327,04/01/2025, 22:15:37,1066
APRL00001,Super Mario BOOM,21327,04/01/2025, 23:15:39,1066
APRL00001,Super Mario BOOM,21327,04/02/2025, 01:13:07,1066
APRL00001,Super Mario BOOM,21327,04/02/2025, 03:00:16,1066
APRL00001,Super Mario BOOM,21327,04/02/2025, 03:37:14,1066
APRL00001,Super Mario BOOM,21327,04/02/2025, 04:19:31,1066
APRL00001,Super Mario BOOM,21327,04/02/2025, 05:17:30,1066
APRL00001,Super Mario BOOM,21327,04/02/2025, 06:22:40,1066
APRL00001,Super Mario BOOM,21328,04/02/2025, 07:16:34,1066
APRL00001,Super Mario BOOM,21328,04/02/2025, 08:22:16,1066
APRL00001,Super Mario BOOM,21328,04/02/2025, 09:17:28,1066
APRL00001,Super Mario BOOM,21328,04/02/2025, 10:17:57,1066
APRL00001,Super Mario BOOM,21328,04/02/2025, 11:14:23,1066
APRL00001,Super Mario BOOM,21328,04/02/2025, 12:32:03,1066
APRL00001,Super Mario BOOM,21328,04/02/2025, 13:26:44,1066
APRL00001,Super Mario BOOM,21328,04/02/2025, 14:16:05,1066
APRL00001,Super Mario BOOM,21328,04/02/2025, 15:17:15,1066
APRL00001,Super Mario BOOM,21328,04/02/2025, 16:20:55,1066
APRL00001,Super Mario BOOM,21328,04/02/2025, 17:14:54,1066
APRL00001,Super Mario BOOM,21328,04/02/2025, 18:22:59,1066
APRL00001,Super Mario BOOM,21328,04/02/2025, 19:13:53,1066
APRL00001,Super Mario BOOM,21328,04/02/2025, 20:17:58,1066
APRL00001,Super Mario BOOM,21328,04/02/2025, 21:15:33,1066
APRL00001,Super Mario BOOM,21328,04/02/2025, 22:15:07,1066
APRL00001,Super Mario BOOM,21328,04/02/2025, 23:15:27,1066
APRL00001,Super Mario BOOM,21328,04/03/2025, 01:12:15,1066
APRL00001,Super Mario BOOM,21328,04/03/2025, 02:58:24,1066
APRL00001,Super Mario BOOM,21328,04/03/2025, 03:34:48,1066
APRL00001,Super Mario BOOM,21328,04/03/2025, 04:20:30,1066
APRL00001,Super Mario BOOM,21328,04/03/2025, 05:16:52,1066
APRL00001,Super Mario BOOM,21329,04/03/2025, 06:23:23,1066
APRL00001,Super Mario BOOM,21329,04/03/2025, 07:16:28,1066
APRL00001,Super Mario BOOM,21329,04/03/2025, 08:21:08,1066
APRL00001,Super Mario BOOM,21329,04/03/2025, 09:17:57,1066
APRL00001,Super Mario BOOM,21329,04/03/2025, 10:17:47,1066
APRL00001,Super Mario BOOM,21329,04/03/2025, 11:15:04,1066
APRL00001,Super Mario BOOM,21329,04/03/2025, 12:31:16,1066
APRL00001,Super Mario BOOM,21329,04/03/2025, 13:26:09,1066
APRL00001,Super Mario BOOM,21329,04/03/2025, 14:16:14,1066
APRL00001,Super Mario BOOM,21329,04/03/2025, 15:16:07,1066
APRL00001,Super Mario BOOM,21329,04/03/2025, 16:19:54,1066
APRL00001,Super Mario BOOM,21329,04/03/2025, 17:15:07,1066
APRL00001,Super Mario BOOM,21329,04/03/2025, 18:21:42,1066
APRL00001,Super Mario BOOM,21329,04/03/2025, 19:14:04,1066
APRL00001,Super Mario BOOM,21329,04/03/2025, 20:18:03,1066
APRL00001,Super Mario BOOM,21329,04/03/2025, 21:15:27,1066
APRL00001,Super Mario BOOM,21330,04/03/2025, 22:15:13,1066
APRL00001,Super Mario BOOM,21330,04/03/2025, 23:16:50,1066
APRL00001,Super Mario BOOM,21330,04/04/2025, 01:11:48,1066
APRL00001,Super Mario BOOM,21331,04/04/2025, 02:58:31,1066
APRL00001,Super Mario BOOM,21331,04/04/2025, 03:32:38,1066
APRL00001,Super Mario BOOM,21331,04/04/2025, 04:19:18,1066
APRL00001,Super Mario BOOM,21331,04/04/2025, 05:17:09,1066
APRL00001,Super Mario BOOM,21331,04/04/2025, 06:22:37,1066
APRL00001,Super Mario BOOM,21331,04/04/2025, 07:16:06,1066
APRL00001,Super Mario BOOM,21331,04/04/2025, 08:20:59,1066
APRL00001,Super Mario BOOM,21331,04/04/2025, 09:17:43,1066
APRL00001,Super Mario BOOM,21331,04/04/2025, 10:17:29,1066
APRL00001,Super Mario BOOM,21331,04/04/2025, 11:15:35,1066
APRL00001,Super Mario BOOM,21331,04/04/2025, 12:30:35,1066
APRL00001,Super Mario BOOM,21331,04/04/2025, 13:25:22,1066
APRL00001,Super Mario BOOM,21331,04/04/2025, 14:15:37,1066
APRL00001,Super Mario BOOM,21331,04/04/2025, 15:17:10,1066
APRL00001,Super Mario BOOM,21331,04/04/2025, 16:19:33,1066
APRL00001,Super Mario BOOM,21331,04/04/2025, 17:14:44,1066
APRL00001,Super Mario BOOM,21331,04/04/2025, 18:21:30,1066
APRL00001,Super Mario BOOM,21331,04/04/2025, 19:14:56,1066
APRL00001,Super Mario BOOM,21331,04/04/2025, 20:17:36,1066
APRL00001,Super Mario BOOM,21331,04/04/2025, 21:15:10,1066
APRL00001,Super Mario BOOM,21331,04/04/2025, 22:15:15,1066
APRL00001,Super Mario BOOM,21331,04/04/2025, 23:15:28,1066
APRL00001,Super Mario BOOM,21331,04/05/2025, 01:10:44,1066
APRL00001,Super Mario BOOM,21331,04/05/2025, 02:56:27,1066
APRL00001,Super Mario BOOM,21331,04/05/2025, 03:29:07,1066
APRL00001,Super Mario BOOM,21331,04/05/2025, 04:18:29,1066
APRL00001,Super Mario BOOM,21331,04/05/2025, 05:16:55,1066
APRL00001,Super Mario BOOM,21331,04/05/2025, 06:20:41,1066
APRL00001,Super Mario BOOM,21331,04/05/2025, 07:14:40,1066
APRL00001,Super Mario BOOM,21331,04/05/2025, 08:18:47,1066
APRL00001,Super Mario BOOM,21331,04/05/2025, 09:15:32,1066
APRL00001,Super Mario BOOM,21331,04/05/2025, 10:15:39,1066
APRL00001,Super Mario BOOM,21331,04/05/2025, 11:13:18,1066
APRL00001,Super Mario BOOM,21331,04/05/2025, 12:28:14,1066
APRL00001,Super Mario BOOM,21331,04/05/2025, 13:21:06,1066
APRL00001,Super Mario BOOM,21331,04/05/2025, 14:13:45,1066
APRL00001,Super Mario BOOM,21331,04/05/2025, 15:14:41,1066
APRL00001,Super Mario BOOM,21331,04/05/2025, 16:18:33,1066
APRL00001,Super Mario BOOM,21331,04/05/2025, 17:13:06,1066
APRL00001,Super Mario BOOM,21331,04/05/2025, 18:19:38,1066
APRL00001,Super Mario BOOM,21331,04/05/2025, 19:12:05,1066
APRL00001,Super Mario BOOM,21331,04/05/2025, 20:15:57,1066
APRL00001,Super Mario BOOM,21331,04/05/2025, 21:15:13,1066
APRL00001,Super Mario BOOM,21331,04/05/2025, 22:15:10,1066
APRL00001,Super Mario BOOM,21331,04/05/2025, 23:16:20,1066
APRL00001,Super Mario BOOM,21331,04/06/2025, 01:16:21,1066
APRL00001,Super Mario BOOM,21331,04/06/2025, 03:02:46,1066
APRL00001,Super Mario BOOM,21331,04/06/2025, 04:19:38,1066
APRL00001,Super Mario BOOM,21331,04/06/2025, 05:15:43,1066
APRL00001,Super Mario BOOM,21331,04/06/2025, 06:21:52,1066
APRL00001,Super Mario BOOM,21331,04/06/2025, 07:14:40,1066
APRL00001,Super Mario BOOM,21331,04/06/2025, 08:18:54,1066
APRL00001,Super Mario BOOM,21331,04/06/2025, 09:15:41,1066
APRL00001,Super Mario BOOM,21331,04/06/2025, 10:16:42,1066
APRL00001,Super Mario BOOM,21331,04/06/2025, 11:12:32,1066
APRL00001,Super Mario BOOM,21331,04/06/2025, 12:27:55,1066
APRL00001,Super Mario BOOM,21331,04/06/2025, 13:22:14,1066
APRL00001,Super Mario BOOM,21331,04/06/2025, 14:14:18,1066
APRL00001,Super Mario BOOM,21331,04/06/2025, 15:15:05,1066
APRL00001,Super Mario BOOM,21332,04/06/2025, 16:17:24,1066
APRL00001,Super Mario BOOM,21332,04/06/2025, 17:13:47,1066
APRL00001,Super Mario BOOM,21332,04/06/2025, 18:20:07,1066
APRL00001,Super Mario BOOM,21332,04/06/2025, 19:12:26,1066
APRL00001,Super Mario BOOM,21332,04/06/2025, 20:16:29,1066
APRL00001,Super Mario BOOM,21332,04/06/2025, 21:15:01,1066
APRL00001,Super Mario BOOM,21332,04/06/2025, 22:14:47,1066
APRL00001,Super Mario BOOM,21332,04/06/2025, 23:15:01,1066
APRL00001,Super Mario BOOM,21332,04/07/2025, 01:14:46,1066
APRL00001,Super Mario BOOM,21332,04/07/2025, 03:02:48,1066
APRL00001,Super Mario BOOM,21332,04/07/2025, 04:20:29,1066
APRL00001,Super Mario BOOM,21332,04/07/2025, 05:17:35,1066
APRL00001,Super Mario BOOM,21332,04/07/2025, 06:23:31,1066
APRL00001,Super Mario BOOM,21332,04/07/2025, 07:17:14,1066
APRL00001,Super Mario BOOM,21332,04/07/2025, 08:22:05,1066
APRL00001,Super Mario BOOM,21332,04/07/2025, 09:18:47,1066
APRL00001,Super Mario BOOM,21332,04/07/2025, 10:19:09,1066
APRL00001,Super Mario BOOM,21332,04/07/2025, 11:14:19,1066
APRL00001,Super Mario BOOM,21332,04/07/2025, 12:32:29,1066
APRL00001,Super Mario BOOM,21332,04/07/2025, 13:26:55,1066
APRL00001,Super Mario BOOM,21332,04/07/2025, 14:16:56,1066
APRL00001,Super Mario BOOM,21332,04/07/2025, 15:17:48,1066
APRL00001,Super Mario BOOM,21332,04/07/2025, 16:20:01,1066
APRL00001,Super Mario BOOM,21332,04/07/2025, 17:15:21,1066
APRL00001,Super Mario BOOM,21332,04/07/2025, 18:21:53,1066
APRL00001,Super Mario BOOM,21332,04/07/2025, 19:13:57,1066
APRL00001,Super Mario BOOM,21332,04/07/2025, 20:18:01,1066
APRL00001,Super Mario BOOM,21332,04/07/2025, 21:15:35,1066
APRL00001,Super Mario BOOM,21332,04/07/2025, 22:15:59,1066
APRL00001,Super Mario BOOM,21332,04/07/2025, 23:16:44,1066
APRL00001,Super Mario BOOM,21332,04/08/2025, 01:12:11,1066
APRL00001,Super Mario BOOM,21332,04/08/2025, 02:59:07,1066
APRL00001,Super Mario BOOM,21332,04/08/2025, 03:34:18,1066
APRL00001,Super Mario BOOM,21332,04/08/2025, 04:19:28,1066
APRL00001,Super Mario BOOM,21332,04/08/2025, 05:16:38,1066
APRL00001,Super Mario BOOM,21332,04/08/2025, 06:22:46,1066
APRL00001,Super Mario BOOM,21332,04/08/2025, 07:16:45,1066
APRL00001,Super Mario BOOM,21332,04/08/2025, 08:22:25,1066
APRL00001,Super Mario BOOM,21332,04/08/2025, 09:18:16,1066
APRL00001,Super Mario BOOM,21332,04/08/2025, 10:18:11,1066
APRL00001,Super Mario BOOM,21332,04/08/2025, 11:14:23,1066
APRL00001,Super Mario BOOM,21332,04/08/2025, 12:31:52,1066
APRL00001,Super Mario BOOM,21332,04/08/2025, 13:27:06,1066
APRL00001,Super Mario BOOM,21332,04/08/2025, 14:17:10,1066
APRL00001,Super Mario BOOM,21332,04/08/2025, 15:18:05,1066
APRL00001,Super Mario BOOM,21332,04/08/2025, 16:20:48,1066
APRL00001,Super Mario BOOM,21332,04/08/2025, 17:15:29,1066
APRL00001,Super Mario BOOM,21332,04/08/2025, 18:21:41,1066
APRL00001,Super Mario BOOM,21332,04/08/2025, 19:14:48,1066
APRL00001,Super Mario BOOM,21332,04/08/2025, 20:18:12,1066
APRL00001,Super Mario BOOM,21332,04/08/2025, 21:15:32,1066
APRL00001,Super Mario BOOM,21332,04/08/2025, 22:16:02,1066
APRL00001,Super Mario BOOM,21332,04/08/2025, 23:15:33,1066
APRL00001,Super Mario BOOM,21332,04/09/2025, 01:12:28,1066
APRL00001,Super Mario BOOM,21332,04/09/2025, 03:00:19,1066
APRL00001,Super Mario BOOM,21332,04/09/2025, 03:36:29,1066
APRL00001,Super Mario BOOM,21332,04/09/2025, 04:19:38,1066
APRL00001,Super Mario BOOM,21332,04/09/2025, 05:16:45,1066
APRL00001,Super Mario BOOM,21332,04/09/2025, 06:23:24,1066
APRL00001,Super Mario BOOM,21332,04/09/2025, 07:16:54,1066
APRL00001,Super Mario BOOM,21332,04/09/2025, 08:22:52,1066
APRL00001,Super Mario BOOM,21332,04/09/2025, 09:18:18,1066
APRL00001,Super Mario BOOM,21332,04/09/2025, 10:19:46,1066
APRL00001,Super Mario BOOM,21332,04/09/2025, 11:14:51,1066
APRL00001,Super Mario BOOM,21332,04/09/2025, 12:31:55,1066
APRL00001,Super Mario BOOM,21332,04/09/2025, 13:27:54,1066
APRL00001,Super Mario BOOM,21332,04/09/2025, 14:17:23,1066
APRL00001,Super Mario BOOM,21332,04/09/2025, 15:20:20,1066
APRL00001,Super Mario BOOM,21332,04/09/2025, 16:20:55,1066
APRL00001,Super Mario BOOM,21332,04/09/2025, 17:15:26,1066
APRL00001,Super Mario BOOM,21332,04/09/2025, 18:22:27,1066
APRL00001,Super Mario BOOM,21332,04/09/2025, 19:14:18,1066
APRL00001,Super Mario BOOM,21332,04/09/2025, 20:17:35,1066
APRL00001,Super Mario BOOM,21332,04/09/2025, 21:14:09,1066
APRL00001,Super Mario BOOM,21332,04/09/2025, 22:15:25,1066
APRL00001,Super Mario BOOM,21332,04/09/2025, 23:15:22,1066
APRL00001,Super Mario BOOM,21332,04/10/2025, 01:12:49,1066
APRL00001,Super Mario BOOM,21332,04/10/2025, 02:59:48,1066
APRL00001,Super Mario BOOM,21332,04/10/2025, 03:35:52,1066
APRL00001,Super Mario BOOM,21332,04/10/2025, 04:19:59,1066
APRL00001,Super Mario BOOM,21332,04/10/2025, 05:16:58,1066
APRL00001,Super Mario BOOM,21332,04/10/2025, 06:23:20,1066
APRL00001,Super Mario BOOM,21332,04/10/2025, 07:16:28,1066
APRL00001,Super Mario BOOM,21332,04/10/2025, 08:21:56,1066
APRL00001,Super Mario BOOM,21332,04/10/2025, 09:17:55,1066
APRL00001,Super Mario BOOM,21332,04/10/2025, 10:18:53,1066
APRL00001,Super Mario BOOM,21332,04/10/2025, 11:14:29,1066
APRL00001,Super Mario BOOM,21332,04/10/2025, 12:32:15,1066
APRL00001,Super Mario BOOM,21332,04/10/2025, 13:26:59,1066
APRL00001,Super Mario BOOM,21332,04/10/2025, 14:16:45,1066
APRL00001,Super Mario BOOM,21332,04/10/2025, 15:18:05,1066
APRL00001,Super Mario BOOM,21332,04/10/2025, 16:20:43,1066
APRL00001,Super Mario BOOM,21332,04/10/2025, 17:15:09,1066
APRL00001,Super Mario BOOM,21332,04/10/2025, 18:21:20,1066
APRL00001,Super Mario BOOM,21332,04/10/2025, 19:13:43,1066
APRL00001,Super Mario BOOM,21332,04/10/2025, 20:18:03,1066
APRL00001,Super Mario BOOM,21332,04/10/2025, 21:15:27,1066
APRL00001,Super Mario BOOM,21332,04/10/2025, 22:16:56,1066
APRL00001,Super Mario BOOM,21332,04/10/2025, 23:16:22,1066
APRL00001,Super Mario BOOM,21332,04/11/2025, 01:12:50,1066
APRL00001,Super Mario BOOM,21332,04/11/2025, 03:00:49,1066
APRL00001,Super Mario BOOM,21332,04/11/2025, 03:37:14,1066
APRL00001,Super Mario BOOM,21332,04/11/2025, 04:20:24,1066
APRL00001,Super Mario BOOM,21332,04/11/2025, 05:17:56,1066
APRL00001,Super Mario BOOM,21332,04/11/2025, 06:23:05,1066
APRL00001,Super Mario BOOM,21332,04/11/2025, 07:16:19,1066
APRL00001,Super Mario BOOM,21332,04/11/2025, 08:22:07,1066
APRL00001,Super Mario BOOM,21332,04/11/2025, 09:17:58,1066
APRL00001,Super Mario BOOM,21332,04/11/2025, 10:17:08,1066
APRL00001,Super Mario BOOM,21332,04/11/2025, 11:13:53,1066
APRL00001,Super Mario BOOM,21332,04/11/2025, 12:31:44,1066
APRL00001,Super Mario BOOM,21332,04/11/2025, 13:26:09,1066
APRL00001,Super Mario BOOM,21332,04/11/2025, 14:16:33,1066
APRL00001,Super Mario BOOM,21332,04/11/2025, 15:17:36,1066
APRL00001,Super Mario BOOM,21332,04/11/2025, 16:20:46,1066
APRL00001,Super Mario BOOM,21332,04/11/2025, 17:14:52,1066
APRL00001,Super Mario BOOM,21332,04/11/2025, 18:21:54,1066
APRL00001,Super Mario BOOM,21332,04/11/2025, 19:14:24,1066
APRL00001,Super Mario BOOM,21332,04/11/2025, 20:17:55,1066
APRL00001,Super Mario BOOM,21332,04/11/2025, 21:15:09,1066
APRL00001,Super Mario BOOM,21332,04/11/2025, 22:15:27,1066
APRL00001,Super Mario BOOM,21332,04/11/2025, 23:15:50,1066
APRL00001,Super Mario BOOM,21332,04/12/2025, 01:11:43,1066
APRL00001,Super Mario BOOM,21333,04/12/2025, 02:57:01,1066
APRL00001,Super Mario BOOM,21333,04/12/2025, 03:29:41,1066
APRL00001,Super Mario BOOM,21333,04/12/2025, 04:18:44,1066
APRL00001,Super Mario BOOM,21333,04/12/2025, 05:15:19,1066
APRL00001,Super Mario BOOM,21333,04/12/2025, 06:20:33,1066
APRL00001,Super Mario BOOM,21333,04/12/2025, 07:14:48,1066
APRL00001,Super Mario BOOM,21333,04/12/2025, 08:19:25,1066
APRL00001,Super Mario BOOM,21333,04/12/2025, 09:16:58,1066
APRL00001,Super Mario BOOM,21333,04/12/2025, 10:15:16,1066
APRL00001,Super Mario BOOM,21333,04/12/2025, 11:12:39,1066
APRL00001,Super Mario BOOM,21333,04/12/2025, 12:28:19,1066
APRL00001,Super Mario BOOM,21333,04/12/2025, 13:21:19,1066
APRL00001,Super Mario BOOM,21333,04/12/2025, 14:13:53,1066
APRL00001,Super Mario BOOM,21333,04/12/2025, 15:14:57,1066
APRL00001,Super Mario BOOM,21333,04/12/2025, 16:18:35,1066
APRL00001,Super Mario BOOM,21334,04/12/2025, 17:14:49,1066
APRL00001,Super Mario BOOM,21336,04/12/2025, 18:19:57,1066
APRL00001,Super Mario BOOM,21336,04/12/2025, 19:13:37,1066
APRL00001,Super Mario BOOM,21336,04/12/2025, 20:16:27,1066
APRL00001,Super Mario BOOM,21336,04/12/2025, 21:14:36,1066
APRL00001,Super Mario BOOM,21336,04/12/2025, 22:14:42,1066
APRL00001,Super Mario BOOM,21336,04/12/2025, 23:15:08,1066
APRL00001,Super Mario BOOM,21338,04/13/2025, 02:40:52,1066
APRL00001,Super Mario BOOM,21338,04/13/2025, 04:25:24,1066
APRL00001,Super Mario BOOM,21338,04/13/2025, 05:22:06,1066
APRL00001,Super Mario BOOM,21338,04/13/2025, 06:21:35,1066
APRL00001,Super Mario BOOM,21338,04/13/2025, 07:14:52,1066
APRL00001,Super Mario BOOM,21338,04/13/2025, 08:19:15,1066
APRL00001,Super Mario BOOM,21338,04/13/2025, 09:17:27,1066
APRL00001,Super Mario BOOM,21338,04/13/2025, 10:17:15,1066
APRL00001,Super Mario BOOM,21338,04/13/2025, 11:12:37,1066
APRL00001,Super Mario BOOM,21338,04/13/2025, 12:28:42,1066
APRL00001,Super Mario BOOM,21339,04/13/2025, 13:24:21,1066
APRL00001,Super Mario BOOM,21339,04/13/2025, 14:14:10,1066
APRL00001,Super Mario BOOM,21339,04/13/2025, 15:16:28,1066
APRL00001,Super Mario BOOM,21339,04/13/2025, 16:20:05,1066
APRL00001,Super Mario BOOM,21339,04/13/2025, 17:13:49,1066
APRL00001,Super Mario BOOM,21339,04/13/2025, 18:20:37,1066
APRL00001,Super Mario BOOM,21339,04/13/2025, 19:12:42,1066
APRL00001,Super Mario BOOM,21339,04/13/2025, 20:16:53,1066
APRL00001,Super Mario BOOM,21339,04/13/2025, 21:15:18,1066
APRL00001,Super Mario BOOM,21339,04/13/2025, 22:15:18,1066
APRL00001,Super Mario BOOM,21339,04/13/2025, 23:16:39,1066
APRL00001,Super Mario BOOM,21339,04/14/2025, 01:15:42,1066
APRL00001,Super Mario BOOM,21339,04/14/2025, 03:05:41,1066
APRL00001,Super Mario BOOM,21339,04/14/2025, 04:19:26,1066
APRL00001,Super Mario BOOM,21339,04/14/2025, 05:17:55,1066
APRL00001,Super Mario BOOM,21339,04/14/2025, 06:24:30,1066
APRL00001,Super Mario BOOM,21339,04/14/2025, 07:17:29,1066
APRL00001,Super Mario BOOM,21339,04/14/2025, 08:22:09,1066
APRL00001,Super Mario BOOM,21339,04/14/2025, 09:18:57,1066
APRL00001,Super Mario BOOM,21339,04/14/2025, 10:18:32,1066
APRL00001,Super Mario BOOM,21339,04/14/2025, 11:14:44,1066
APRL00001,Super Mario BOOM,21339,04/14/2025, 12:31:50,1066
APRL00001,Super Mario BOOM,21339,04/14/2025, 13:27:42,1066
APRL00001,Super Mario BOOM,21340,04/14/2025, 14:16:58,1066
APRL00001,Super Mario BOOM,21340,04/14/2025, 15:18:22,1066
APRL00001,Super Mario BOOM,21340,04/14/2025, 16:20:28,1066
APRL00001,Super Mario BOOM,21340,04/14/2025, 17:15:13,1066
APRL00001,Super Mario BOOM,21341,04/14/2025, 18:22:32,1066
APRL00001,Super Mario BOOM,21341,04/14/2025, 19:14:13,1066
APRL00001,Super Mario BOOM,21341,04/14/2025, 20:18:38,1066
APRL00001,Super Mario BOOM,21341,04/14/2025, 21:15:49,1066
APRL00001,Super Mario BOOM,21341,04/14/2025, 22:15:52,1066
APRL00001,Super Mario BOOM,21341,04/14/2025, 23:15:23,1066
APRL00001,Super Mario BOOM,21341,04/15/2025, 01:14:58,1066
APRL00001,Super Mario BOOM,21341,04/15/2025, 03:03:43,1066
APRL00001,Super Mario BOOM,21341,04/15/2025, 04:19:46,1066
APRL00001,Super Mario BOOM,21341,04/15/2025, 05:16:53,1066
APRL00001,Super Mario BOOM,21341,04/15/2025, 06:23:23,1066
APRL00001,Super Mario BOOM,21342,04/15/2025, 07:17:31,1066
APRL00001,Super Mario BOOM,21342,04/15/2025, 08:22:19,1066
APRL00001,Super Mario BOOM,21342,04/15/2025, 09:19:02,1066
APRL00001,Super Mario BOOM,21342,04/15/2025, 10:18:17,1066
APRL00001,Super Mario BOOM,21342,04/15/2025, 11:14:24,1066
APRL00001,Super Mario BOOM,21342,04/15/2025, 12:32:06,1066
APRL00001,Super Mario BOOM,21342,04/15/2025, 13:27:16,1066
APRL00001,Super Mario BOOM,21342,04/15/2025, 14:16:56,1066
APRL00001,Super Mario BOOM,21342,04/15/2025, 15:17:42,1066
APRL00001,Super Mario BOOM,21342,04/15/2025, 16:18:56,1066
APRL00001,Super Mario BOOM,21342,04/15/2025, 17:15:09,1066
APRL00001,Super Mario BOOM,21343,04/15/2025, 18:21:21,1066
APRL00001,Super Mario BOOM,21343,04/15/2025, 19:13:59,1066
APRL00001,Super Mario BOOM,21343,04/15/2025, 20:18:37,1066
APRL00001,Super Mario BOOM,21343,04/15/2025, 21:15:43,1066
APRL00001,Super Mario BOOM,21343,04/15/2025, 22:15:49,1066
APRL00001,Super Mario BOOM,21343,04/15/2025, 23:15:59,1066
APRL00001,Super Mario BOOM,21343,04/16/2025, 01:14:20,1066
APRL00001,Super Mario BOOM,21343,04/16/2025, 03:03:26,1066
APRL00001,Super Mario BOOM,21343,04/16/2025, 04:19:30,1066
APRL00001,Super Mario BOOM,21343,04/16/2025, 05:17:02,1066
APRL00001,Super Mario BOOM,21343,04/16/2025, 06:23:03,1066
APRL00001,Super Mario BOOM,21343,04/16/2025, 07:16:34,1066
APRL00001,Super Mario BOOM,21343,04/16/2025, 08:22:30,1066
APRL00001,Super Mario BOOM,21343,04/16/2025, 09:18:30,1066
APRL00001,Super Mario BOOM,21343,04/16/2025, 10:18:22,1066
APRL00001,Super Mario BOOM,21343,04/16/2025, 11:14:33,1066
APRL00001,Super Mario BOOM,21343,04/16/2025, 12:32:20,1066
APRL00001,Super Mario BOOM,21343,04/16/2025, 13:26:59,1066
APRL00001,Super Mario BOOM,21343,04/16/2025, 14:17:22,1066
APRL00001,Super Mario BOOM,21343,04/16/2025, 15:18:30,1066
APRL00001,Super Mario BOOM,21343,04/16/2025, 16:20:59,1066
APRL00001,Super Mario BOOM,21343,04/16/2025, 17:14:45,1066
APRL00001,Super Mario BOOM,21343,04/16/2025, 18:22:52,1066
APRL00001,Super Mario BOOM,21343,04/16/2025, 19:12:49,1066
APRL00001,Super Mario BOOM,21343,04/16/2025, 20:18:53,1066
APRL00001,Super Mario BOOM,21343,04/16/2025, 21:15:30,1066
APRL00001,Super Mario BOOM,21343,04/16/2025, 22:15:44,1066
APRL00001,Super Mario BOOM,21343,04/16/2025, 23:15:38,1066
APRL00001,Super Mario BOOM,25051,05/18/2025, 15:13:38,1066
APRL00001,Super Mario BOOM,25052,05/18/2025, 16:18:34,1066
APRL00001,Super Mario BOOM,25054,05/18/2025, 17:13:52,1066
APRL00001,Super Mario BOOM,25055,05/18/2025, 18:20:49,1066
APRL00001,Super Mario BOOM,25056,05/18/2025, 19:13:15,1066
APRL00001,Super Mario BOOM,25058,05/18/2025, 20:17:51,1066
APRL00001,Super Mario BOOM,25058,05/18/2025, 21:14:50,1066
APRL00001,Super Mario BOOM,25060,05/18/2025, 22:15:25,1066
APRL00001,Super Mario BOOM,25061,05/18/2025, 23:15:43,1066
APRL00001,Super Mario BOOM,25064,05/19/2025, 01:20:13,1066
APRL00001,Super Mario BOOM,25066,05/19/2025, 03:16:58,1066
APRL00001,Super Mario BOOM,25068,05/19/2025, 04:25:09,1066
APRL00001,Super Mario BOOM,25068,05/19/2025, 05:17:19,1066
APRL00001,Super Mario BOOM,25068,05/19/2025, 06:25:09,1066
APRL00001,Super Mario BOOM,25068,05/19/2025, 07:17:55,1066
APRL00001,Super Mario BOOM,25068,05/19/2025, 08:24:44,1066
APRL00001,Super Mario BOOM,25068,05/19/2025, 09:19:26,1066
APRL00001,Super Mario BOOM,25068,05/19/2025, 10:19:14,1066
APRL00001,Super Mario BOOM,25068,05/19/2025, 11:15:21,1066
APRL00001,Super Mario BOOM,25068,05/19/2025, 12:34:35,1066
APRL00001,Super Mario BOOM,25068,05/19/2025, 13:30:21,1066
APRL00001,Super Mario BOOM,25068,05/19/2025, 14:17:28,1066
APRL00001,Super Mario BOOM,25068,05/19/2025, 15:19:00,1066
APRL00001,Super Mario BOOM,25068,05/19/2025, 16:21:19,1066
APRL00001,Super Mario BOOM,25069,05/19/2025, 17:15:30,1066
APRL00001,Super Mario BOOM,25069,05/19/2025, 18:23:19,1066
APRL00001,Super Mario BOOM,25070,05/19/2025, 19:14:09,1066
APRL00001,Super Mario BOOM,25071,05/19/2025, 20:18:56,1066
APRL00001,Super Mario BOOM,25074,05/19/2025, 21:16:10,1066
APRL00001,Super Mario BOOM,25074,05/19/2025, 22:16:26,1066
APRL00001,Super Mario BOOM,25074,05/19/2025, 23:15:53,1066
APRL00001,Super Mario BOOM,25078,05/20/2025, 01:17:54,1066
APRL00001,Super Mario BOOM,25078,05/20/2025, 03:11:08,1066
APRL00001,Super Mario BOOM,25078,05/20/2025, 04:20:47,1066
APRL00001,Super Mario BOOM,25079,05/20/2025, 05:17:20,1066
APRL00001,Super Mario BOOM,25079,05/20/2025, 06:24:50,1066
APRL00001,Super Mario BOOM,25079,05/20/2025, 07:17:18,1066
APRL00001,Super Mario BOOM,25079,05/20/2025, 08:23:28,1066
APRL00001,Super Mario BOOM,25079,05/20/2025, 09:19:02,1066
APRL00001,Super Mario BOOM,25079,05/20/2025, 10:19:13,1066
APRL00001,Super Mario BOOM,25079,05/20/2025, 11:14:59,1066
APRL00001,Super Mario BOOM,25079,05/20/2025, 12:35:08,1066
APRL00001,Super Mario BOOM,25079,05/20/2025, 13:30:55,1066
APRL00001,Super Mario BOOM,25080,05/20/2025, 14:17:30,1066
APRL00001,Super Mario BOOM,25080,05/20/2025, 15:18:51,1066
APRL00001,Super Mario BOOM,25081,05/20/2025, 16:21:16,1066
APRL00001,Super Mario BOOM,25081,05/20/2025, 17:15:24,1066
APRL00001,Super Mario BOOM,25082,05/20/2025, 18:23:38,1066
APRL00001,Super Mario BOOM,25082,05/20/2025, 19:13:43,1066
APRL00001,Super Mario BOOM,25083,05/20/2025, 20:19:14,1066
APRL00001,Super Mario BOOM,25083,05/20/2025, 21:16:11,1066
APRL00001,Super Mario BOOM,25083,05/20/2025, 22:16:04,1066
APRL00001,Super Mario BOOM,25084,05/20/2025, 23:15:58,1066
APRL00001,Super Mario BOOM,25086,05/21/2025, 01:17:16,1066
APRL00001,Super Mario BOOM,25088,05/21/2025, 03:10:49,1066
APRL00001,Super Mario BOOM,25090,05/21/2025, 04:21:06,1066
APRL00001,Super Mario BOOM,25091,05/21/2025, 05:17:31,1066
APRL00001,Super Mario BOOM,25091,05/21/2025, 06:24:45,1066
APRL00001,Super Mario BOOM,25092,05/21/2025, 07:17:07,1066
APRL00001,Super Mario BOOM,25093,05/21/2025, 08:22:35,1066
APRL00001,Super Mario BOOM,25094,05/21/2025, 09:18:47,1066
APRL00001,Super Mario BOOM,25094,05/21/2025, 10:18:47,1066
APRL00001,Super Mario BOOM,25094,05/21/2025, 11:14:45,1066
APRL00001,Super Mario BOOM,25094,05/21/2025, 12:33:39,1066
APRL00001,Super Mario BOOM,25094,05/21/2025, 13:29:33,1066
APRL00001,Super Mario BOOM,25094,05/21/2025, 14:17:54,1066
APRL00001,Super Mario BOOM,25096,05/21/2025, 15:19:08,1066
APRL00001,Super Mario BOOM,25097,05/21/2025, 16:21:18,1066
APRL00001,Super Mario BOOM,25099,05/21/2025, 17:15:00,1066
APRL00001,Super Mario BOOM,25100,05/21/2025, 18:23:32,1066
APRL00001,Super Mario BOOM,25103,05/21/2025, 19:13:53,1066
APRL00001,Super Mario BOOM,25104,05/21/2025, 20:18:47,1066
APRL00001,Super Mario BOOM,25107,05/21/2025, 21:16:11,1066
APRL00001,Super Mario BOOM,25108,05/21/2025, 22:16:09,1066
APRL00001,Super Mario BOOM,25108,05/21/2025, 23:16:10,1066
APRL00001,Super Mario BOOM,25110,05/22/2025, 01:16:41,1066
APRL00001,Super Mario BOOM,25110,05/22/2025, 03:10:35,1066
APRL00001,Super Mario BOOM,25111,05/22/2025, 04:21:59,1066
APRL00001,Super Mario BOOM,25111,05/22/2025, 05:17:42,1066
APRL00001,Super Mario BOOM,25111,05/22/2025, 06:24:31,1066
APRL00001,Super Mario BOOM,25112,05/22/2025, 07:17:12,1066
APRL00001,Super Mario BOOM,25113,05/22/2025, 08:22:22,1066
APRL00001,Super Mario BOOM,25114,05/22/2025, 09:18:20,1066
APRL00001,Super Mario BOOM,25114,05/22/2025, 10:18:24,1066
APRL00001,Super Mario BOOM,25114,05/22/2025, 11:15:11,1066
APRL00001,Super Mario BOOM,25114,05/22/2025, 12:34:25,1066
APRL00001,Super Mario BOOM,25115,05/22/2025, 13:29:49,1066
APRL00001,Super Mario BOOM,25115,05/22/2025, 14:17:04,1066
APRL00001,Super Mario BOOM,25116,05/22/2025, 15:18:30,1066
APRL00001,Super Mario BOOM,25116,05/22/2025, 16:21:39,1066
APRL00001,Super Mario BOOM,25116,05/22/2025, 17:15:11,1066
APRL00001,Super Mario BOOM,25117,05/22/2025, 18:23:13,1066
APRL00001,Super Mario BOOM,25118,05/22/2025, 19:14:06,1066
APRL00001,Super Mario BOOM,25121,05/22/2025, 20:19:02,1066
APRL00001,Super Mario BOOM,25121,05/22/2025, 21:16:10,1066
APRL00001,Super Mario BOOM,25121,05/22/2025, 22:16:30,1066
APRL00001,Super Mario BOOM,25123,05/22/2025, 23:16:18,1066
APRL00001,Super Mario BOOM,25124,05/23/2025, 01:16:44,1066
APRL00001,Super Mario BOOM,25124,05/23/2025, 03:10:17,1066
APRL00001,Super Mario BOOM,25124,05/23/2025, 04:21:03,1066
APRL00001,Super Mario BOOM,25125,05/23/2025, 05:17:21,1066
APRL00001,Super Mario BOOM,25125,05/23/2025, 06:24:10,1066
APRL00001,Super Mario BOOM,25125,05/23/2025, 07:16:59,1066
APRL00001,Super Mario BOOM,25126,05/23/2025, 08:22:32,1066
APRL00001,Super Mario BOOM,25128,05/23/2025, 09:18:15,1066
APRL00001,Super Mario BOOM,25128,05/23/2025, 10:18:17,1066
APRL00001,Super Mario BOOM,25128,05/23/2025, 11:14:43,1066
APRL00001,Super Mario BOOM,25128,05/23/2025, 12:32:43,1066
APRL00001,Super Mario BOOM,25129,05/23/2025, 13:28:14,1066
APRL00001,Super Mario BOOM,25129,05/23/2025, 14:16:34,1066
APRL00001,Super Mario BOOM,25130,05/23/2025, 15:17:31,1066
APRL00001,Super Mario BOOM,25131,05/23/2025, 16:20:18,1066
APRL00001,Super Mario BOOM,25131,05/23/2025, 17:15:49,1066
APRL00001,Super Mario BOOM,25132,05/23/2025, 18:21:53,1066
APRL00001,Super Mario BOOM,25132,05/23/2025, 19:13:45,1066
APRL00001,Super Mario BOOM,25133,05/23/2025, 20:18:47,1066
APRL00001,Super Mario BOOM,25134,05/23/2025, 21:14:20,1066
APRL00001,Super Mario BOOM,25136,05/23/2025, 22:16:42,1066
APRL00001,Super Mario BOOM,25136,05/23/2025, 23:16:22,1066
APRL00001,Super Mario BOOM,25139,05/24/2025, 01:14:03,1066
APRL00001,Super Mario BOOM,25139,05/24/2025, 03:04:39,1066
APRL00001,Super Mario BOOM,25139,05/24/2025, 04:19:47,1066
APRL00001,Super Mario BOOM,25139,05/24/2025, 05:16:24,1066
APRL00001,Super Mario BOOM,25140,05/24/2025, 06:21:22,1066
APRL00001,Super Mario BOOM,25140,05/24/2025, 07:15:07,1066
APRL00001,Super Mario BOOM,25141,05/24/2025, 08:19:38,1066
APRL00001,Super Mario BOOM,25141,05/24/2025, 09:15:56,1066
APRL00001,Super Mario BOOM,25142,05/24/2025, 10:16:16,1066
APRL00001,Super Mario BOOM,25142,05/24/2025, 11:13:20,1066
APRL00001,Super Mario BOOM,25142,05/24/2025, 12:29:56,1066
APRL00001,Super Mario BOOM,25144,05/24/2025, 13:24:54,1066
APRL00001,Super Mario BOOM,25144,05/24/2025, 14:14:38,1066
APRL00001,Super Mario BOOM,25145,05/24/2025, 15:15:17,1066
APRL00001,Super Mario BOOM,25145,05/24/2025, 16:18:43,1066
APRL00001,Super Mario BOOM,25146,05/24/2025, 17:13:42,1066
APRL00001,Super Mario BOOM,25146,05/24/2025, 18:20:50,1066
APRL00001,Super Mario BOOM,25146,05/24/2025, 19:13:16,1066
APRL00001,Super Mario BOOM,25146,05/24/2025, 20:17:46,1066
APRL00001,Super Mario BOOM,25146,05/24/2025, 21:15:01,1066
APRL00001,Super Mario BOOM,25147,05/24/2025, 22:15:26,1066
APRL00001,Super Mario BOOM,25148,05/24/2025, 23:15:46,1066
APRL00001,Super Mario BOOM,25150,05/25/2025, 01:23:23,1066
APRL00001,Super Mario BOOM,25151,05/25/2025, 03:18:44,1066
APRL00001,Super Mario BOOM,25151,05/25/2025, 04:23:55,1066
APRL00001,Super Mario BOOM,25151,05/25/2025, 05:16:05,1066
APRL00001,Super Mario BOOM,25152,05/25/2025, 06:21:54,1066
APRL00001,Super Mario BOOM,25152,05/25/2025, 07:15:23,1066
APRL00001,Super Mario BOOM,25152,05/25/2025, 08:19:57,1066
APRL00001,Super Mario BOOM,25152,05/25/2025, 09:16:14,1066
APRL00001,Super Mario BOOM,25153,05/25/2025, 10:16:13,1066
APRL00001,Super Mario BOOM,25154,05/25/2025, 11:13:27,1066
APRL00001,Super Mario BOOM,25155,05/25/2025, 12:30:10,1066
APRL00001,Super Mario BOOM,25156,05/25/2025, 13:24:06,1066
APRL00001,Super Mario BOOM,25156,05/25/2025, 14:14:56,1066
APRL00001,Super Mario BOOM,25159,05/25/2025, 15:15:35,1066
APRL00001,Super Mario BOOM,25160,05/25/2025, 16:18:55,1066
APRL00001,Super Mario BOOM,25161,05/25/2025, 17:13:57,1066
APRL00001,Super Mario BOOM,25164,05/25/2025, 18:20:57,1066
APRL00001,Super Mario BOOM,25164,05/25/2025, 19:13:14,1066
APRL00001,Super Mario BOOM,25164,05/25/2025, 20:17:14,1066
APRL00001,Super Mario BOOM,25166,05/25/2025, 21:15:02,1066
APRL00001,Super Mario BOOM,25169,05/25/2025, 22:15:31,1066
APRL00001,Super Mario BOOM,25170,05/25/2025, 23:15:50,1066
APRL00001,Super Mario BOOM,25170,05/26/2025, 01:18:49,1066
APRL00001,Super Mario BOOM,25171,05/26/2025, 03:15:16,1066
APRL00001,Super Mario BOOM,25171,05/26/2025, 04:23:12,1066
APRL00001,Super Mario BOOM,25171,05/26/2025, 05:18:24,1066
APRL00001,Super Mario BOOM,25171,05/26/2025, 06:25:29,1066
APRL00001,Super Mario BOOM,25172,05/26/2025, 07:21:15,1066
APRL00001,Super Mario BOOM,25172,05/26/2025, 08:31:39,1066
APRL00001,Super Mario BOOM,25173,05/26/2025, 09:43:50,1066
APRL00001,Super Mario BOOM,25173,05/26/2025, 10:21:58,1066
APRL00001,Super Mario BOOM,25173,05/26/2025, 11:14:14,1066
APRL00001,Super Mario BOOM,25174,05/26/2025, 12:32:39,1066
APRL00001,Super Mario BOOM,25175,05/26/2025, 13:27:30,1066
APRL00001,Super Mario BOOM,25176,05/26/2025, 14:17:19,1066
APRL00001,Super Mario BOOM,25178,05/26/2025, 15:17:43,1066
APRL00001,Super Mario BOOM,25179,05/26/2025, 16:20:05,1066
APRL00001,Super Mario BOOM,25179,05/26/2025, 17:14:36,1066
APRL00001,Super Mario BOOM,25179,05/26/2025, 18:22:06,1066
APRL00001,Super Mario BOOM,25179,05/26/2025, 19:14:17,1066
APRL00001,Super Mario BOOM,25182,05/26/2025, 20:18:41,1066
APRL00001,Super Mario BOOM,25183,05/26/2025, 21:15:30,1066
APRL00001,Super Mario BOOM,25183,05/26/2025, 22:15:46,1066
APRL00001,Super Mario BOOM,25184,05/26/2025, 23:17:02,1066
APRL00001,Super Mario BOOM,25184,05/27/2025, 01:17:31,1066
APRL00001,Super Mario BOOM,25185,05/27/2025, 03:09:41,1066
APRL00001,Super Mario BOOM,25188,05/27/2025, 04:23:11,1066
APRL00001,Super Mario BOOM,25188,05/27/2025, 06:24:37,1066
APRL00001,Super Mario BOOM,25188,05/27/2025, 07:17:23,1066
APRL00001,Super Mario BOOM,25188,05/27/2025, 09:18:16,1066
APRL00001,Super Mario BOOM,25189,05/27/2025, 10:19:03,1066
APRL00001,Super Mario BOOM,25190,05/27/2025, 11:15:01,1066
APRL00001,Super Mario BOOM,25190,05/27/2025, 12:34:06,1066
APRL00001,Super Mario BOOM,25190,05/27/2025, 13:30:31,1066
APRL00001,Super Mario BOOM,25191,05/27/2025, 14:17:02,1066
APRL00001,Super Mario BOOM,25192,05/27/2025, 15:18:49,1066
APRL00001,Super Mario BOOM,25192,05/27/2025, 16:21:25,1066
APRL00001,Super Mario BOOM,25193,05/27/2025, 17:15:43,1066
APRL00001,Super Mario BOOM,25194,05/27/2025, 18:22:28,1066
APRL00001,Super Mario BOOM,25194,05/27/2025, 19:13:46,1066
APRL00001,Super Mario BOOM,25194,05/27/2025, 20:19:17,1066
APRL00001,Super Mario BOOM,25195,05/27/2025, 21:16:35,1066
APRL00001,Super Mario BOOM,25195,05/27/2025, 22:16:05,1066
APRL00001,Super Mario BOOM,25196,05/27/2025, 23:16:03,1066
APRL00001,Super Mario BOOM,25198,05/28/2025, 01:17:47,1066
APRL00001,Super Mario BOOM,25199,05/28/2025, 03:12:07,1066
APRL00001,Super Mario BOOM,25201,05/28/2025, 04:21:53,1066
APRL00001,Super Mario BOOM,25201,05/28/2025, 05:17:29,1066
APRL00001,Super Mario BOOM,25201,05/28/2025, 06:24:52,1066
APRL00001,Super Mario BOOM,25201,05/28/2025, 07:17:05,1066
APRL00001,Super Mario BOOM,25203,05/28/2025, 08:22:54,1066
APRL00001,Super Mario BOOM,25204,05/28/2025, 09:18:31,1066
APRL00001,Super Mario BOOM,25205,05/28/2025, 10:19:16,1066
APRL00001,Super Mario BOOM,25205,05/28/2025, 11:15:16,1066
APRL00001,Super Mario BOOM,25207,05/28/2025, 12:34:15,1066
APRL00001,Super Mario BOOM,25207,05/28/2025, 13:31:09,1066
APRL00001,Super Mario BOOM,25207,05/28/2025, 14:18:17,1066
APRL00001,Super Mario BOOM,25208,05/28/2025, 15:17:41,1066
APRL00001,Super Mario BOOM,25209,05/28/2025, 16:20:21,1066
APRL00001,Super Mario BOOM,25209,05/28/2025, 17:15:27,1066
APRL00001,Super Mario BOOM,25210,05/28/2025, 18:22:17,1066
APRL00001,Super Mario BOOM,25211,05/28/2025, 19:14:37,1066
APRL00001,Super Mario BOOM,25211,05/28/2025, 20:19:09,1066
APRL00001,Super Mario BOOM,25212,05/28/2025, 21:16:04,1066
APRL00001,Super Mario BOOM,25213,05/28/2025, 22:16:22,1066
APRL00001,Super Mario BOOM,25213,05/28/2025, 23:16:28,1066
APRL00001,Super Mario BOOM,25216,05/29/2025, 01:17:34,1066
APRL00001,Super Mario BOOM,25216,05/29/2025, 03:12:19,1066
APRL00001,Super Mario BOOM,25216,05/29/2025, 04:22:39,1066
APRL00001,Super Mario BOOM,25216,05/29/2025, 05:17:51,1066
APRL00001,Super Mario BOOM,25216,05/29/2025, 06:24:37,1066
APRL00001,Super Mario BOOM,25216,05/29/2025, 07:17:16,1066
APRL00001,Super Mario BOOM,25216,05/29/2025, 08:22:43,1066
APRL00001,Super Mario BOOM,25216,05/29/2025, 09:18:42,1066
APRL00001,Super Mario BOOM,25218,05/29/2025, 10:19:26,1066
APRL00001,Super Mario BOOM,25219,05/29/2025, 11:14:55,1066
APRL00001,Super Mario BOOM,25220,05/29/2025, 12:33:26,1066
APRL00001,Super Mario BOOM,25220,05/29/2025, 13:29:06,1066
APRL00001,Super Mario BOOM,25223,05/29/2025, 14:16:49,1066
APRL00001,Super Mario BOOM,25223,05/29/2025, 15:18:00,1066
APRL00001,Super Mario BOOM,25223,05/29/2025, 16:20:47,1066
APRL00001,Super Mario BOOM,25224,05/29/2025, 17:16:35,1066
APRL00001,Super Mario BOOM,25226,05/29/2025, 18:23:01,1066
APRL00001,Super Mario BOOM,25226,05/29/2025, 19:13:05,1066
APRL00001,Super Mario BOOM,25227,05/29/2025, 20:19:24,1066
APRL00001,Super Mario BOOM,25229,05/29/2025, 21:16:24,1066
APRL00001,Super Mario BOOM,25230,05/29/2025, 22:16:34,1066
APRL00001,Super Mario BOOM,25231,05/29/2025, 23:16:23,1066
APRL00001,Super Mario BOOM,25232,05/30/2025, 01:15:35,1066
APRL00001,Super Mario BOOM,25234,05/30/2025, 03:10:21,1066
APRL00001,Super Mario BOOM,25234,05/30/2025, 04:21:51,1066
APRL00001,Super Mario BOOM,25234,05/30/2025, 05:17:36,1066
APRL00001,Super Mario BOOM,25235,05/30/2025, 06:23:58,1066
APRL00001,Super Mario BOOM,25236,05/30/2025, 07:16:43,1066
APRL00001,Super Mario BOOM,25236,05/30/2025, 08:22:44,1066
APRL00001,Super Mario BOOM,25236,05/30/2025, 09:18:00,1066
APRL00001,Super Mario BOOM,25237,05/30/2025, 10:18:22,1066
APRL00001,Super Mario BOOM,25237,05/30/2025, 11:14:26,1066
APRL00001,Super Mario BOOM,25237,05/30/2025, 12:33:09,1066
APRL00001,Super Mario BOOM,25237,05/30/2025, 13:28:39,1066
APRL00001,Super Mario BOOM,25238,05/30/2025, 14:17:32,1066
APRL00001,Super Mario BOOM,25238,05/30/2025, 15:17:39,1066
APRL00001,Super Mario BOOM,25238,05/30/2025, 16:21:04,1066
APRL00001,Super Mario BOOM,25238,05/30/2025, 17:15:27,1066
APRL00001,Super Mario BOOM,25238,05/30/2025, 18:22:50,1066
APRL00001,Super Mario BOOM,25239,05/30/2025, 19:13:59,1066
APRL00001,Super Mario BOOM,25239,05/30/2025, 20:18:40,1066
APRL00001,Super Mario BOOM,25240,05/30/2025, 21:15:44,1066
APRL00001,Super Mario BOOM,25240,05/30/2025, 22:16:23,1066
APRL00001,Super Mario BOOM,25241,05/30/2025, 23:16:26,1066
APRL00001,Super Mario BOOM,25244,05/31/2025, 01:15:50,1066
APRL00001,Super Mario BOOM,25246,05/31/2025, 03:09:31,1066
APRL00001,Super Mario BOOM,25248,05/31/2025, 04:21:03,1066
APRL00001,Super Mario BOOM,25248,05/31/2025, 05:16:39,1066
APRL00001,Super Mario BOOM,25250,05/31/2025, 06:22:14,1066
APRL00001,Super Mario BOOM,25250,05/31/2025, 07:15:42,1066
APRL00001,Super Mario BOOM,25251,05/31/2025, 08:20:27,1066
APRL00001,Super Mario BOOM,25251,05/31/2025, 09:16:26,1066
APRL00001,Super Mario BOOM,25252,05/31/2025, 10:16:39,1066
APRL00001,Super Mario BOOM,25252,05/31/2025, 11:13:30,1066
APRL00001,Super Mario BOOM,25252,05/31/2025, 12:30:07,1066
APRL00001,Super Mario BOOM,25254,05/31/2025, 13:25:59,1066
APRL00001,Super Mario BOOM,25254,05/31/2025, 14:14:53,1066
APRL00001,Super Mario BOOM,25255,05/31/2025, 15:15:44,1066
APRL00001,Super Mario BOOM,25255,05/31/2025, 16:19:01,1066
APRL00001,Super Mario BOOM,25256,05/31/2025, 17:14:22,1066
APRL00001,Super Mario BOOM,25256,05/31/2025, 18:21:37,1066
APRL00001,Super Mario BOOM,25256,05/31/2025, 19:13:08,1066
APRL00001,Super Mario BOOM,25256,05/31/2025, 20:17:11,1066
APRL00001,Super Mario BOOM,25257,05/31/2025, 21:15:05,1066
APRL00001,Super Mario BOOM,25259,05/31/2025, 22:15:42,1066
APRL00001,Super Mario BOOM,25260,05/31/2025, 23:16:17,1066
APRL00001,Super Mario BOOM,25261,06/01/2025, 01:39:36,1066
APRL00001,Super Mario BOOM,25263,06/01/2025, 03:30:26,1066
APRL00001,Super Mario BOOM,25263,06/01/2025, 04:33:34,1066
APRL00001,Super Mario BOOM,25263,06/01/2025, 05:17:17,1066
APRL00001,Super Mario BOOM,25263,06/01/2025, 06:23:24,1066
APRL00001,Super Mario BOOM,25263,06/01/2025, 07:16:10,1066
APRL00001,Super Mario BOOM,25264,06/01/2025, 08:21:19,1066
APRL00001,Super Mario BOOM,25264,06/01/2025, 09:16:47,1066
APRL00001,Super Mario BOOM,25266,06/01/2025, 10:17:30,1066
APRL00001,Super Mario BOOM,25267,06/01/2025, 11:13:45,1066
APRL00001,Super Mario BOOM,25268,06/01/2025, 12:31:15,1066
APRL00001,Super Mario BOOM,25269,06/01/2025, 13:25:02,1066
APRL00001,Super Mario BOOM,25269,06/01/2025, 14:14:55,1066
APRL00001,Super Mario BOOM,25269,06/01/2025, 15:15:58,1066
APRL00001,Super Mario BOOM,25271,06/01/2025, 16:19:37,1066
APRL00001,Super Mario BOOM,25272,06/01/2025, 17:14:46,1066
APRL00001,Super Mario BOOM,25272,06/01/2025, 18:21:31,1066
APRL00001,Super Mario BOOM,25273,06/01/2025, 19:13:32,1066
APRL00001,Super Mario BOOM,25273,06/01/2025, 20:18:19,1066
APRL00001,Super Mario BOOM,25273,06/01/2025, 21:15:15,1066
APRL00001,Super Mario BOOM,25273,06/01/2025, 22:16:00,1066
APRL00001,Super Mario BOOM,25275,06/01/2025, 23:16:08,1066
APRL00001,Super Mario BOOM,25275,06/02/2025, 01:20:45,1066
APRL00001,Super Mario BOOM,25278,06/02/2025, 03:19:16,1066
APRL00001,Super Mario BOOM,25278,06/02/2025, 04:28:36,1066
APRL00001,Super Mario BOOM,25278,06/02/2025, 05:18:44,1066
APRL00001,Super Mario BOOM,25278,06/02/2025, 06:25:58,1066
APRL00001,Super Mario BOOM,25279,06/02/2025, 07:18:09,1066
APRL00001,Super Mario BOOM,25279,06/02/2025, 08:24:03,1066
APRL00001,Super Mario BOOM,25279,06/02/2025, 09:19:10,1066
APRL00001,Super Mario BOOM,25279,06/02/2025, 10:19:20,1066
APRL00001,Super Mario BOOM,25281,06/02/2025, 11:15:47,1066
APRL00001,Super Mario BOOM,25282,06/02/2025, 12:34:36,1066
APRL00001,Super Mario BOOM,25282,06/02/2025, 13:30:58,1066
APRL00001,Super Mario BOOM,25282,06/02/2025, 14:18:10,1066
APRL00001,Super Mario BOOM,25282,06/02/2025, 15:19:12,1066
APRL00001,Super Mario BOOM,25282,06/02/2025, 16:21:56,1066
APRL00001,Super Mario BOOM,25282,06/02/2025, 17:16:22,1066
APRL00001,Super Mario BOOM,25282,06/02/2025, 18:23:35,1066
APRL00001,Super Mario BOOM,25283,06/02/2025, 19:14:15,1066
APRL00001,Super Mario BOOM,25285,06/02/2025, 20:19:32,1066
APRL00001,Super Mario BOOM,25285,06/02/2025, 21:17:38,1066
APRL00001,Super Mario BOOM,25285,06/02/2025, 22:16:45,1066
APRL00001,Super Mario BOOM,25286,06/02/2025, 23:16:17,1066
APRL00001,Super Mario BOOM,25291,06/03/2025, 01:19:07,1066
APRL00001,Super Mario BOOM,25292,06/03/2025, 03:14:55,1066
APRL00001,Super Mario BOOM,25296,06/03/2025, 04:24:22,1066
APRL00001,Super Mario BOOM,25296,06/03/2025, 05:18:21,1066
APRL00001,Super Mario BOOM,25296,06/03/2025, 06:25:10,1066
APRL00001,Super Mario BOOM,25296,06/03/2025, 07:17:50,1066
APRL00001,Super Mario BOOM,25296,06/03/2025, 08:23:56,1066
APRL00001,Super Mario BOOM,25296,06/03/2025, 09:19:22,1066
APRL00001,Super Mario BOOM,25297,06/03/2025, 10:19:41,1066
APRL00001,Super Mario BOOM,25298,06/03/2025, 11:15:40,1066
APRL00001,Super Mario BOOM,25298,06/03/2025, 12:34:40,1066
APRL00001,Super Mario BOOM,25299,06/03/2025, 13:31:48,1066
APRL00001,Super Mario BOOM,25299,06/03/2025, 14:17:59,1066
APRL00001,Super Mario BOOM,25299,06/03/2025, 15:19:52,1066
APRL00001,Super Mario BOOM,25299,06/03/2025, 16:22:54,1066
APRL00001,Super Mario BOOM,25300,06/03/2025, 17:16:32,1066
APRL00001,Super Mario BOOM,25300,06/03/2025, 18:24:04,1066
APRL00001,Super Mario BOOM,25302,06/03/2025, 19:13:53,1066
APRL00001,Super Mario BOOM,25303,06/03/2025, 20:19:46,1066
APRL00001,Super Mario BOOM,25303,06/03/2025, 21:15:12,1066
APRL00001,Super Mario BOOM,25306,06/03/2025, 22:17:10,1066
APRL00001,Super Mario BOOM,25306,06/03/2025, 23:16:18,1066
APRL00001,Super Mario BOOM,25306,06/04/2025, 01:18:45,1066
APRL00001,Super Mario BOOM,25307,06/04/2025, 03:15:01,1066
APRL00001,Super Mario BOOM,25307,06/04/2025, 04:24:28,1066
APRL00001,Super Mario BOOM,25308,06/04/2025, 05:17:47,1066
APRL00001,Super Mario BOOM,25308,06/04/2025, 06:25:02,1066
APRL00001,Super Mario BOOM,25308,06/04/2025, 07:17:41,1066
APRL00001,Super Mario BOOM,25308,06/04/2025, 08:23:24,1066
APRL00001,Super Mario BOOM,25308,06/04/2025, 09:18:44,1066
APRL00001,Super Mario BOOM,25308,06/04/2025, 10:19:18,1066
APRL00001,Super Mario BOOM,25308,06/04/2025, 11:15:56,1066
APRL00001,Super Mario BOOM,25308,06/04/2025, 12:34:28,1066
APRL00001,Super Mario BOOM,25309,06/04/2025, 13:33:10,1066
APRL00001,Super Mario BOOM,25309,06/04/2025, 14:15:06,1066
APRL00001,Super Mario BOOM,25310,06/04/2025, 15:41:04,1066
APRL00001,Super Mario BOOM,25310,06/04/2025, 16:19:45,1066
APRL00001,Super Mario BOOM,25312,06/04/2025, 17:16:29,1066
APRL00001,Super Mario BOOM,25312,06/04/2025, 18:23:47,1066
APRL00001,Super Mario BOOM,25313,06/04/2025, 19:14:35,1066
APRL00001,Super Mario BOOM,25314,06/04/2025, 20:15:50,1066
APRL00001,Super Mario BOOM,25315,06/04/2025, 21:14:19,1066
APRL00001,Super Mario BOOM,25315,06/04/2025, 22:15:35,1066
APRL00001,Super Mario BOOM,25318,06/04/2025, 23:16:42,1066
APRL00001,Super Mario BOOM,25319,06/05/2025, 03:15:12,1066
APRL00001,Super Mario BOOM,25319,06/05/2025, 04:25:21,1066
APRL00001,Super Mario BOOM,25319,06/05/2025, 05:18:03,1066
APRL00001,Super Mario BOOM,25319,06/05/2025, 06:25:25,1066
APRL00001,Super Mario BOOM,25320,06/05/2025, 07:17:30,1066
APRL00001,Super Mario BOOM,25320,06/05/2025, 08:22:33,1066
APRL00001,Super Mario BOOM,25321,06/05/2025, 10:19:14,1066
APRL00001,Super Mario BOOM,25323,06/05/2025, 12:34:31,1066
APRL00001,Super Mario BOOM,25323,06/05/2025, 13:30:47,1066
APRL00001,Super Mario BOOM,25323,06/05/2025, 14:17:24,1066
APRL00001,Super Mario BOOM,25323,06/05/2025, 15:18:52,1066
APRL00001,Super Mario BOOM,25323,06/05/2025, 16:21:29,1066
APRL00001,Super Mario BOOM,25324,06/05/2025, 17:13:29,1066
APRL00001,Super Mario BOOM,25324,06/05/2025, 19:14:00,1066
APRL00001,Super Mario BOOM,25327,06/05/2025, 20:16:22,1066
APRL00001,Super Mario BOOM,25327,06/05/2025, 21:16:19,1066
APRL00001,Super Mario BOOM,25329,06/05/2025, 23:18:24,1066
APRL00001,Super Mario BOOM,25329,06/06/2025, 01:17:28,1066
APRL00001,Super Mario BOOM,25331,06/06/2025, 03:14:24,1066
APRL00001,Super Mario BOOM,25331,06/06/2025, 04:23:31,1066
APRL00001,Super Mario BOOM,25331,06/06/2025, 05:17:40,1066
APRL00001,Super Mario BOOM,25332,06/06/2025, 06:25:26,1066
APRL00001,Super Mario BOOM,25333,06/06/2025, 07:16:41,1066
APRL00001,Super Mario BOOM,25333,06/06/2025, 09:18:39,1066
APRL00001,Super Mario BOOM,25333,06/06/2025, 10:19:31,1066
APRL00001,Super Mario BOOM,25333,06/06/2025, 11:15:27,1066
APRL00001,Super Mario BOOM,25334,06/06/2025, 13:29:16,1066
APRL00001,Super Mario BOOM,25334,06/06/2025, 14:16:59,1066
APRL00001,Super Mario BOOM,25334,06/06/2025, 15:15:32,1066
APRL00001,Super Mario BOOM,25335,06/06/2025, 16:22:00,1066
APRL00001,Super Mario BOOM,25335,06/06/2025, 17:16:34,1066
APRL00001,Super Mario BOOM,25337,06/06/2025, 18:23:22,1066
APRL00001,Super Mario BOOM,25337,06/06/2025, 19:14:34,1066
APRL00001,Super Mario BOOM,25338,06/06/2025, 20:19:51,1066
APRL00001,Super Mario BOOM,25338,06/06/2025, 21:16:20,1066
APRL00001,Super Mario BOOM,25339,06/06/2025, 22:16:25,1066
APRL00001,Super Mario BOOM,25339,06/06/2025, 23:16:51,1066
APRL00001,Super Mario BOOM,25340,06/07/2025, 01:16:58,1066
APRL00001,Super Mario BOOM,25342,06/07/2025, 03:12:13,1066
APRL00001,Super Mario BOOM,25343,06/07/2025, 04:20:23,1066
APRL00001,Super Mario BOOM,25343,06/07/2025, 05:16:23,1066
APRL00001,Super Mario BOOM,25343,06/07/2025, 06:22:09,1066
APRL00001,Super Mario BOOM,25343,06/07/2025, 07:15:50,1066
APRL00001,Super Mario BOOM,25344,06/07/2025, 08:20:03,1066
APRL00001,Super Mario BOOM,25345,06/07/2025, 09:16:35,1066
APRL00001,Super Mario BOOM,25345,06/07/2025, 10:17:35,1066
APRL00001,Super Mario BOOM,25345,06/07/2025, 11:13:28,1066
APRL00001,Super Mario BOOM,25347,06/07/2025, 13:25:14,1066
APRL00001,Super Mario BOOM,25347,06/07/2025, 14:14:57,1066
APRL00001,Super Mario BOOM,25349,06/07/2025, 15:15:55,1066
APRL00001,Super Mario BOOM,25350,06/07/2025, 16:19:35,1066
APRL00001,Super Mario BOOM,25350,06/07/2025, 17:14:07,1066
APRL00001,Super Mario BOOM,25352,06/07/2025, 18:21:24,1066
APRL00001,Super Mario BOOM,25353,06/07/2025, 19:13:18,1066
APRL00001,Super Mario BOOM,25354,06/07/2025, 20:17:33,1066
APRL00001,Super Mario BOOM,25356,06/07/2025, 21:14:56,1066
APRL00001,Super Mario BOOM,25356,06/07/2025, 22:16:07,1066
APRL00001,Super Mario BOOM,25356,06/07/2025, 23:17:07,1066
APRL00001,Super Mario BOOM,25357,06/08/2025, 01:25:08,1066
APRL00001,Super Mario BOOM,25357,06/08/2025, 03:23:01,1066
APRL00001,Super Mario BOOM,25357,06/08/2025, 04:28:42,1066
APRL00001,Super Mario BOOM,25357,06/08/2025, 05:17:36,1066
APRL00001,Super Mario BOOM,25357,06/08/2025, 06:23:29,1066
APRL00001,Super Mario BOOM,25357,06/08/2025, 07:15:39,1066
APRL00001,Super Mario BOOM,25357,06/08/2025, 08:20:02,1066
APRL00001,Super Mario BOOM,25359,06/08/2025, 09:16:16,1066
APRL00001,Super Mario BOOM,25360,06/08/2025, 10:17:05,1066
APRL00001,Super Mario BOOM,25361,06/08/2025, 11:13:37,1066
APRL00001,Super Mario BOOM,25362,06/08/2025, 12:30:33,1066
APRL00001,Super Mario BOOM,25362,06/08/2025, 13:25:11,1066
APRL00001,Super Mario BOOM,25364,06/08/2025, 14:15:01,1066
APRL00001,Super Mario BOOM,25365,06/08/2025, 15:17:20,1066
APRL00001,Super Mario BOOM,25365,06/08/2025, 16:19:21,1066
APRL00001,Super Mario BOOM,25365,06/08/2025, 17:14:16,1066
APRL00001,Super Mario BOOM,25368,06/08/2025, 18:21:20,1066
APRL00001,Super Mario BOOM,25369,06/08/2025, 19:13:51,1066
APRL00001,Super Mario BOOM,25371,06/08/2025, 20:17:26,1066
APRL00001,Super Mario BOOM,25373,06/08/2025, 21:14:48,1066
APRL00001,Super Mario BOOM,25374,06/08/2025, 22:15:41,1066
APRL00001,Super Mario BOOM,25376,06/08/2025, 23:15:52,1066
APRL00001,Super Mario BOOM,25378,06/09/2025, 01:22:07,1066
APRL00001,Super Mario BOOM,25383,06/09/2025, 03:20:49,1066
APRL00001,Super Mario BOOM,25384,06/09/2025, 04:29:30,1066
APRL00001,Super Mario BOOM,25387,06/09/2025, 06:26:48,1066
APRL00001,Super Mario BOOM,25387,06/09/2025, 07:18:26,1066
APRL00001,Super Mario BOOM,25389,06/09/2025, 08:24:51,1066
APRL00001,Super Mario BOOM,25390,06/09/2025, 09:19:47,1066
APRL00001,Super Mario BOOM,25390,06/09/2025, 10:19:28,1066
APRL00001,Super Mario BOOM,25390,06/09/2025, 11:15:41,1066
APRL00001,Super Mario BOOM,25390,06/09/2025, 12:34:36,1066
APRL00001,Super Mario BOOM,25390,06/09/2025, 13:30:56,1066
APRL00001,Super Mario BOOM,25390,06/09/2025, 14:18:16,1066
APRL00001,Super Mario BOOM,25391,06/09/2025, 15:19:10,1066
APRL00001,Super Mario BOOM,25392,06/09/2025, 16:21:45,1066
APRL00001,Super Mario BOOM,25392,06/09/2025, 17:15:46,1066
APRL00001,Super Mario BOOM,25392,06/09/2025, 18:24:28,1066
APRL00001,Super Mario BOOM,25392,06/09/2025, 19:14:02,1066
APRL00001,Super Mario BOOM,25393,06/09/2025, 20:19:21,1066
APRL00001,Super Mario BOOM,25393,06/09/2025, 21:16:44,1066
APRL00001,Super Mario BOOM,25393,06/09/2025, 22:17:20,1066
APRL00001,Super Mario BOOM,25394,06/09/2025, 23:16:43,1066
APRL00001,Super Mario BOOM,25397,06/10/2025, 01:19:25,1066
APRL00001,Super Mario BOOM,25397,06/10/2025, 03:17:21,1066
APRL00001,Super Mario BOOM,25397,06/10/2025, 04:25:51,1066
APRL00001,Super Mario BOOM,25398,06/10/2025, 05:17:23,1066
APRL00001,Super Mario BOOM,25398,06/10/2025, 06:24:45,1066
APRL00001,Super Mario BOOM,25398,06/10/2025, 07:16:54,1066
APRL00001,Super Mario BOOM,25398,06/10/2025, 08:23:38,1066
APRL00001,Super Mario BOOM,25398,06/10/2025, 09:19:28,1066
APRL00001,Super Mario BOOM,25398,06/10/2025, 10:19:05,1066
APRL00001,Super Mario BOOM,25398,06/10/2025, 11:15:29,1066
APRL00001,Super Mario BOOM,25400,06/10/2025, 12:34:52,1066
APRL00001,Super Mario BOOM,25400,06/10/2025, 13:32:05,1066
APRL00001,Super Mario BOOM,25400,06/10/2025, 14:17:44,1066
APRL00001,Super Mario BOOM,25401,06/10/2025, 15:18:47,1066
APRL00001,Super Mario BOOM,25401,06/10/2025, 16:21:44,1066
APRL00001,Super Mario BOOM,25401,06/10/2025, 17:15:45,1066
APRL00001,Super Mario BOOM,25401,06/10/2025, 18:23:42,1066
APRL00001,Super Mario BOOM,25401,06/10/2025, 19:14:04,1066
APRL00001,Super Mario BOOM,25402,06/10/2025, 20:19:44,1066
APRL00001,Super Mario BOOM,25404,06/10/2025, 21:17:02,1066
APRL00001,Super Mario BOOM,25404,06/10/2025, 23:16:30,1066
APRL00001,Super Mario BOOM,25405,06/11/2025, 03:16:25,1066
APRL00001,Super Mario BOOM,25405,06/11/2025, 04:26:29,1066
APRL00001,Super Mario BOOM,25406,06/11/2025, 06:24:55,1066
APRL00001,Super Mario BOOM,25408,06/11/2025, 07:17:24,1066
APRL00001,Super Mario BOOM,25409,06/11/2025, 08:24:02,1066
APRL00001,Super Mario BOOM,25410,06/11/2025, 09:18:44,1066
APRL00001,Super Mario BOOM,25411,06/11/2025, 11:15:48,1066
APRL00001,Super Mario BOOM,25414,06/11/2025, 14:15:57,1066
APRL00001,Super Mario BOOM,25414,06/11/2025, 15:19:28,1066
APRL00001,Super Mario BOOM,25415,06/11/2025, 17:16:18,1066
APRL00001,Super Mario BOOM,25415,06/11/2025, 18:24:31,1066
APRL00001,Super Mario BOOM,25415,06/11/2025, 19:14:20,1066
APRL00001,Super Mario BOOM,25415,06/11/2025, 20:17:57,1066
APRL00001,Super Mario BOOM,25415,06/11/2025, 21:16:36,1066
APRL00001,Super Mario BOOM,25416,06/11/2025, 22:17:05,1066
APRL00001,Super Mario BOOM,25417,06/11/2025, 23:18:10,1066
APRL00001,Super Mario BOOM,25418,06/12/2025, 01:18:00,1066
APRL00001,Super Mario BOOM,25419,06/12/2025, 03:14:50,1066
APRL00001,Super Mario BOOM,25419,06/12/2025, 04:24:51,1066
APRL00001,Super Mario BOOM,25419,06/12/2025, 05:17:27,1066
APRL00001,Super Mario BOOM,25420,06/12/2025, 07:17:41,1066
APRL00001,Super Mario BOOM,25420,06/12/2025, 09:18:55,1066
APRL00001,Super Mario BOOM,25420,06/12/2025, 10:19:26,1066
APRL00001,Super Mario BOOM,25420,06/12/2025, 11:15:23,1066
APRL00001,Super Mario BOOM,25421,06/12/2025, 12:33:52,1066
APRL00001,Super Mario BOOM,25421,06/12/2025, 13:31:40,1066
APRL00001,Super Mario BOOM,25421,06/12/2025, 14:17:32,1066
APRL00001,Super Mario BOOM,25422,06/12/2025, 15:18:45,1066
APRL00001,Super Mario BOOM,25422,06/12/2025, 16:21:08,1066
APRL00001,Super Mario BOOM,25423,06/12/2025, 17:16:17,1066
APRL00001,Super Mario BOOM,25423,06/12/2025, 18:23:14,1066
APRL00001,Super Mario BOOM,25423,06/12/2025, 19:13:54,1066
APRL00001,Super Mario BOOM,25424,06/12/2025, 20:19:31,1066
APRL00001,Super Mario BOOM,25424,06/12/2025, 21:16:41,1066
APRL00001,Super Mario BOOM,25425,06/12/2025, 22:16:47,1066
APRL00001,Super Mario BOOM,25425,06/12/2025, 23:16:56,1066
APRL00001,Super Mario BOOM,25427,06/13/2025, 01:19:16,1066
APRL00001,Super Mario BOOM,25428,06/13/2025, 03:16:34,1066
APRL00001,Super Mario BOOM,25429,06/13/2025, 04:25:28,1066
APRL00001,Super Mario BOOM,25430,06/13/2025, 05:17:08,1066
APRL00001,Super Mario BOOM,25431,06/13/2025, 06:25:09,1066
APRL00001,Super Mario BOOM,25432,06/13/2025, 07:16:49,1066
APRL00001,Super Mario BOOM,25432,06/13/2025, 08:22:42,1066
APRL00001,Super Mario BOOM,25432,06/13/2025, 09:19:10,1066
APRL00001,Super Mario BOOM,25432,06/13/2025, 10:19:06,1066
APRL00001,Super Mario BOOM,25432,06/13/2025, 11:15:34,1066
APRL00001,Super Mario BOOM,25432,06/13/2025, 12:33:59,1066
APRL00001,Super Mario BOOM,25433,06/13/2025, 13:29:56,1066
APRL00001,Super Mario BOOM,25434,06/13/2025, 15:18:37,1066
APRL00001,Super Mario BOOM,25435,06/13/2025, 16:21:30,1066
APRL00001,Super Mario BOOM,25436,06/13/2025, 17:15:10,1066
APRL00001,Super Mario BOOM,25437,06/13/2025, 18:23:48,1066
APRL00001,Super Mario BOOM,25438,06/13/2025, 19:14:18,1066
APRL00001,Super Mario BOOM,25438,06/13/2025, 20:19:00,1066
APRL00001,Super Mario BOOM,25438,06/13/2025, 21:16:48,1066
APRL00001,Super Mario BOOM,25438,06/13/2025, 22:16:43,1066
APRL00001,Super Mario BOOM,25440,06/13/2025, 23:17:39,1066
APRL00001,Super Mario BOOM,25444,06/14/2025, 03:11:06,1066
APRL00001,Super Mario BOOM,25446,06/14/2025, 04:21:18,1066
APRL00001,Super Mario BOOM,25447,06/14/2025, 05:17:08,1066
APRL00001,Super Mario BOOM,25447,06/14/2025, 07:15:44,1066
APRL00001,Super Mario BOOM,25449,06/14/2025, 08:20:13,1066
APRL00001,Super Mario BOOM,25449,06/14/2025, 09:17:50,1066
APRL00001,Super Mario BOOM,25449,06/14/2025, 10:17:07,1066
APRL00001,Super Mario BOOM,25451,06/14/2025, 11:13:30,1066
APRL00001,Super Mario BOOM,25453,06/14/2025, 12:30:54,1066
APRL00001,Super Mario BOOM,25453,06/14/2025, 13:25:31,1066
APRL00001,Super Mario BOOM,25454,06/14/2025, 14:14:50,1066
APRL00001,Super Mario BOOM,25456,06/14/2025, 16:19:02,1066
APRL00001,Super Mario BOOM,25457,06/14/2025, 17:14:14,1066
APRL00001,Super Mario BOOM,25458,06/14/2025, 18:21:11,1066
APRL00001,Super Mario BOOM,25459,06/14/2025, 19:13:17,1066
APRL00001,Super Mario BOOM,25459,06/14/2025, 20:17:23,1066
APRL00001,Super Mario BOOM,25460,06/14/2025, 21:15:18,1066
APRL00001,Super Mario BOOM,25460,06/14/2025, 22:16:00,1066
APRL00001,Super Mario BOOM,25460,06/14/2025, 23:17:10,1066
APRL00001,Super Mario BOOM,25461,06/15/2025, 01:26:34,1066
APRL00001,Super Mario BOOM,25461,06/15/2025, 03:23:02,1066
APRL00001,Super Mario BOOM,25462,06/15/2025, 04:27:26,1066
APRL00001,Super Mario BOOM,25463,06/15/2025, 05:16:25,1066
APRL00001,Super Mario BOOM,25463,06/15/2025, 06:23:04,1066
APRL00001,Super Mario BOOM,25463,06/15/2025, 07:16:14,1066
APRL00001,Super Mario BOOM,25463,06/15/2025, 08:20:32,1066
APRL00001,Super Mario BOOM,25464,06/15/2025, 09:17:13,1066
APRL00001,Super Mario BOOM,25464,06/15/2025, 10:18:10,1066
APRL00001,Super Mario BOOM,25466,06/15/2025, 11:14:11,1066
APRL00001,Super Mario BOOM,25468,06/15/2025, 12:31:12,1066
APRL00001,Super Mario BOOM,25468,06/15/2025, 13:25:33,1066
APRL00001,Super Mario BOOM,25468,06/15/2025, 14:14:51,1066
APRL00001,Super Mario BOOM,25468,06/15/2025, 15:16:24,1066
APRL00001,Super Mario BOOM,25468,06/15/2025, 16:19:19,1066
APRL00001,Super Mario BOOM,25472,06/15/2025, 19:13:51,1066
APRL00001,Super Mario BOOM,25475,06/15/2025, 20:18:08,1066
APRL00001,Super Mario BOOM,25476,06/15/2025, 21:15:22,1066
APRL00001,Super Mario BOOM,25477,06/15/2025, 22:16:02,1066
APRL00001,Super Mario BOOM,25477,06/15/2025, 23:15:46,1066
APRL00001,Super Mario BOOM,25477,06/16/2025, 01:21:14,1066
APRL00001,Super Mario BOOM,25477,06/16/2025, 03:20:35,1066
APRL00001,Super Mario BOOM,25479,06/16/2025, 04:30:09,1066
APRL00001,Super Mario BOOM,25479,06/16/2025, 05:19:38,1066
APRL00001,Super Mario BOOM,25480,06/16/2025, 06:27:13,1066
APRL00001,Super Mario BOOM,25480,06/16/2025, 07:19:03,1066
APRL00001,Super Mario BOOM,25480,06/16/2025, 08:24:39,1066
APRL00001,Super Mario BOOM,25482,06/16/2025, 09:20:46,1066
APRL00001,Super Mario BOOM,25482,06/16/2025, 10:19:59,1066
APRL00001,Super Mario BOOM,25482,06/16/2025, 12:35:15,1066
APRL00001,Super Mario BOOM,25482,06/16/2025, 13:32:33,1066
APRL00001,Super Mario BOOM,25483,06/16/2025, 14:17:40,1066
APRL00001,Super Mario BOOM,25484,06/16/2025, 15:19:16,1066
APRL00001,Super Mario BOOM,25484,06/16/2025, 16:22:07,1066
APRL00001,Super Mario BOOM,25484,06/16/2025, 17:16:22,1066
APRL00001,Super Mario BOOM,25486,06/16/2025, 19:13:59,1066
APRL00001,Super Mario BOOM,25487,06/16/2025, 20:19:23,1066
APRL00001,Super Mario BOOM,25491,06/16/2025, 22:17:12,1066
APRL00001,Super Mario BOOM,25493,06/16/2025, 23:16:44,1066
APRL00001,Super Mario BOOM,25497,06/17/2025, 01:19:13,1066
APRL00001,Super Mario BOOM,25497,06/17/2025, 03:16:37,1066
APRL00001,Super Mario BOOM,25497,06/17/2025, 04:26:19,1066
APRL00001,Super Mario BOOM,25497,06/17/2025, 05:18:00,1066
APRL00001,Super Mario BOOM,25499,06/17/2025, 06:25:35,1066
APRL00001,Super Mario BOOM,25500,06/17/2025, 08:23:40,1066
APRL00001,Super Mario BOOM,25501,06/17/2025, 09:19:47,1066
APRL00001,Super Mario BOOM,25501,06/17/2025, 10:19:23,1066
APRL00001,Super Mario BOOM,25503,06/17/2025, 11:15:48,1066
APRL00001,Super Mario BOOM,25505,06/17/2025, 12:35:45,1066
APRL00001,Super Mario BOOM,25506,06/17/2025, 13:31:17,1066
APRL00001,Super Mario BOOM,25506,06/17/2025, 14:17:47,1066
APRL00001,Super Mario BOOM,25506,06/17/2025, 15:19:15,1066
APRL00001,Super Mario BOOM,25507,06/17/2025, 16:22:04,1066
APRL00001,Super Mario BOOM,25507,06/17/2025, 17:16:28,1066
APRL00001,Super Mario BOOM,25509,06/17/2025, 18:24:06,1066
APRL00001,Super Mario BOOM,25510,06/17/2025, 19:14:10,1066
APRL00001,Super Mario BOOM,25513,06/17/2025, 21:16:56,1066
APRL00001,Super Mario BOOM,25514,06/17/2025, 22:16:47,1066
APRL00001,Super Mario BOOM,25515,06/18/2025, 01:18:43,1066
APRL00001,Super Mario BOOM,25515,06/18/2025, 04:26:50,1066
APRL00001,Super Mario BOOM,25516,06/18/2025, 05:17:52,1066
APRL00001,Super Mario BOOM,25518,06/18/2025, 06:25:02,1066
APRL00001,Super Mario BOOM,25518,06/18/2025, 08:23:02,1066
APRL00001,Super Mario BOOM,25518,06/18/2025, 10:19:32,1066
APRL00001,Super Mario BOOM,25518,06/18/2025, 11:16:11,1066
APRL00001,Super Mario BOOM,25519,06/18/2025, 12:35:15,1066
APRL00001,Super Mario BOOM,25522,06/18/2025, 14:17:48,1066
APRL00001,Super Mario BOOM,25524,06/18/2025, 15:19:15,1066
APRL00001,Super Mario BOOM,25524,06/18/2025, 16:21:58,1066
APRL00001,Super Mario BOOM,25526,06/18/2025, 17:17:21,1066
APRL00001,Super Mario BOOM,25526,06/18/2025, 18:23:48,1066
APRL00001,Super Mario BOOM,25528,06/18/2025, 19:14:30,1066
APRL00001,Super Mario BOOM,25530,06/18/2025, 20:20:30,1066
APRL00001,Super Mario BOOM,25533,06/18/2025, 21:16:35,1066
APRL00001,Super Mario BOOM,25533,06/18/2025, 22:16:45,1066
APRL00001,Super Mario BOOM,25534,06/18/2025, 23:16:59,1066
APRL00001,Super Mario BOOM,25537,06/19/2025, 01:19:17,1066
APRL00001,Super Mario BOOM,25537,06/19/2025, 03:16:16,1066
APRL00001,Super Mario BOOM,25537,06/19/2025, 04:26:09,1066
APRL00001,Super Mario BOOM,25537,06/19/2025, 06:25:18,1066
APRL00001,Super Mario BOOM,25537,06/19/2025, 07:17:14,1066
APRL00001,Super Mario BOOM,25537,06/19/2025, 08:22:55,1066
APRL00001,Super Mario BOOM,25537,06/19/2025, 09:18:56,1066
APRL00001,Super Mario BOOM,25537,06/19/2025, 10:19:23,1066
APRL00001,Super Mario BOOM,25538,06/19/2025, 11:15:37,1066
APRL00001,Super Mario BOOM,25539,06/19/2025, 12:34:27,1066
APRL00001,Super Mario BOOM,25539,06/19/2025, 13:30:28,1066
APRL00001,Super Mario BOOM,25539,06/19/2025, 14:16:30,1066
APRL00001,Super Mario BOOM,25539,06/19/2025, 15:17:56,1066
APRL00001,Super Mario BOOM,25540,06/19/2025, 16:20:57,1066
APRL00001,Super Mario BOOM,25541,06/19/2025, 17:15:25,1066
APRL00001,Super Mario BOOM,25541,06/19/2025, 18:22:55,1066
APRL00001,Super Mario BOOM,25541,06/19/2025, 19:13:32,1066
APRL00001,Super Mario BOOM,25544,06/19/2025, 20:20:08,1066
APRL00001,Super Mario BOOM,25545,06/19/2025, 21:15:59,1066
APRL00001,Super Mario BOOM,25545,06/19/2025, 22:16:23,1066
APRL00001,Super Mario BOOM,25545,06/19/2025, 23:16:51,1066
APRL00001,Super Mario BOOM,25547,06/20/2025, 01:18:34,1066
APRL00001,Super Mario BOOM,25548,06/20/2025, 03:15:19,1066
APRL00001,Super Mario BOOM,25548,06/20/2025, 04:24:58,1066
APRL00001,Super Mario BOOM,25549,06/20/2025, 05:18:16,1066
APRL00001,Super Mario BOOM,25551,06/20/2025, 06:25:24,1066
APRL00001,Super Mario BOOM,25551,06/20/2025, 07:17:04,1066
APRL00001,Super Mario BOOM,25551,06/20/2025, 08:22:58,1066
APRL00001,Super Mario BOOM,25551,06/20/2025, 09:18:38,1066
APRL00001,Super Mario BOOM,25551,06/20/2025, 10:18:30,1066
APRL00001,Super Mario BOOM,25552,06/20/2025, 11:15:22,1066
APRL00001,Super Mario BOOM,25552,06/20/2025, 12:34:28,1066
APRL00001,Super Mario BOOM,25552,06/20/2025, 13:29:38,1066
APRL00001,Super Mario BOOM,25552,06/20/2025, 14:16:36,1066
APRL00001,Super Mario BOOM,25553,06/20/2025, 15:17:52,1066
APRL00001,Super Mario BOOM,25557,06/20/2025, 17:15:47,1066
APRL00001,Super Mario BOOM,25558,06/20/2025, 18:22:57,1066
APRL00001,Super Mario BOOM,25559,06/20/2025, 19:13:55,1066
APRL00001,Super Mario BOOM,25560,06/20/2025, 20:19:19,1066
APRL00001,Super Mario BOOM,25562,06/20/2025, 21:15:59,1066
APRL00001,Super Mario BOOM,25562,06/20/2025, 22:16:37,1066
APRL00001,Super Mario BOOM,25563,06/20/2025, 23:16:50,1066
APRL00001,Super Mario BOOM,25564,06/21/2025, 01:17:40,1066
APRL00001,Super Mario BOOM,25564,06/21/2025, 03:11:50,1066
APRL00001,Super Mario BOOM,25566,06/21/2025, 04:21:03,1066
APRL00001,Super Mario BOOM,25566,06/21/2025, 05:16:47,1066
APRL00001,Super Mario BOOM,25566,06/21/2025, 06:22:53,1066
APRL00001,Super Mario BOOM,25566,06/21/2025, 07:16:05,1066
APRL00001,Super Mario BOOM,25566,06/21/2025, 08:20:48,1066
APRL00001,Super Mario BOOM,25567,06/21/2025, 09:16:49,1066
APRL00001,Super Mario BOOM,25568,06/21/2025, 10:17:00,1066
APRL00001,Super Mario BOOM,25569,06/21/2025, 12:30:45,1066
APRL00001,Super Mario BOOM,25569,06/21/2025, 13:25:45,1066
APRL00001,Super Mario BOOM,25570,06/21/2025, 14:16:09,1066
APRL00001,Super Mario BOOM,25570,06/21/2025, 15:16:38,1066
APRL00001,Super Mario BOOM,25572,06/21/2025, 16:19:20,1066
APRL00001,Super Mario BOOM,25573,06/21/2025, 18:21:17,1066
APRL00001,Super Mario BOOM,25575,06/21/2025, 20:17:37,1066
APRL00001,Super Mario BOOM,25576,06/21/2025, 22:15:19,1066
APRL00001,Super Mario BOOM,25577,06/21/2025, 23:16:05,1066
APRL00001,Super Mario BOOM,25577,06/22/2025, 01:25:45,1066
APRL00001,Super Mario BOOM,25577,06/22/2025, 03:24:17,1066
APRL00001,Super Mario BOOM,25578,06/22/2025, 04:28:52,1066
APRL00001,Super Mario BOOM,25579,06/22/2025, 05:17:17,1066
APRL00001,Super Mario BOOM,25579,06/22/2025, 06:23:06,1066
APRL00001,Super Mario BOOM,25580,06/22/2025, 07:16:47,1066
APRL00001,Super Mario BOOM,25580,06/22/2025, 08:21:11,1066
APRL00001,Super Mario BOOM,25580,06/22/2025, 09:17:35,1066
APRL00001,Super Mario BOOM,25580,06/22/2025, 10:16:57,1066
APRL00001,Super Mario BOOM,25580,06/22/2025, 11:13:57,1066
APRL00001,Super Mario BOOM,25580,06/22/2025, 12:30:35,1066
APRL00001,Super Mario BOOM,25580,06/22/2025, 13:25:18,1066
APRL00001,Super Mario BOOM,25583,06/22/2025, 14:15:29,1066
APRL00001,Super Mario BOOM,25585,06/22/2025, 15:16:30,1066
APRL00001,Super Mario BOOM,25586,06/22/2025, 16:19:30,1066
APRL00001,Super Mario BOOM,25587,06/22/2025, 17:14:07,1066
APRL00001,Super Mario BOOM,25588,06/22/2025, 18:21:42,1066
APRL00001,Super Mario BOOM,25589,06/22/2025, 19:13:35,1066
APRL00001,Super Mario BOOM,25590,06/22/2025, 20:18:09,1066
APRL00001,Super Mario BOOM,25590,06/22/2025, 21:15:32,1066
APRL00001,Super Mario BOOM,25590,06/22/2025, 22:15:41,1066
APRL00001,Super Mario BOOM,25590,06/22/2025, 23:16:21,1066
APRL00001,Super Mario BOOM,25592,06/23/2025, 01:23:46,1066
APRL00001,Super Mario BOOM,25594,06/23/2025, 03:24:46,1066
APRL00001,Super Mario BOOM,25595,06/23/2025, 04:32:15,1066
APRL00001,Super Mario BOOM,25595,06/23/2025, 05:19:43,1066
APRL00001,Super Mario BOOM,25596,06/23/2025, 08:24:45,1066
APRL00001,Super Mario BOOM,25596,06/23/2025, 09:21:17,1066
APRL00001,Super Mario BOOM,25596,06/23/2025, 10:19:56,1066
APRL00001,Super Mario BOOM,25597,06/23/2025, 11:16:13,1066
APRL00001,Super Mario BOOM,25598,06/23/2025, 12:36:15,1066
APRL00001,Super Mario BOOM,25600,06/23/2025, 14:18:04,1066
APRL00001,Super Mario BOOM,25601,06/23/2025, 15:19:48,1066
APRL00001,Super Mario BOOM,25602,06/23/2025, 16:22:20,1066
APRL00001,Super Mario BOOM,25604,06/23/2025, 17:16:22,1066
APRL00001,Super Mario BOOM,25604,06/23/2025, 18:24:15,1066
APRL00001,Super Mario BOOM,25604,06/23/2025, 19:14:51,1066
APRL00001,Super Mario BOOM,25604,06/23/2025, 20:20:03,1066
APRL00001,Super Mario BOOM,25605,06/23/2025, 21:17:04,1066
APRL00001,Super Mario BOOM,25605,06/23/2025, 22:17:30,1066
APRL00001,Super Mario BOOM,25607,06/23/2025, 23:13:49,1066
APRL00001,Super Mario BOOM,25609,06/24/2025, 01:19:35,1066
APRL00001,Super Mario BOOM,25611,06/24/2025, 03:17:51,1066
APRL00001,Super Mario BOOM,25611,06/24/2025, 04:27:43,1066
APRL00001,Super Mario BOOM,25612,06/24/2025, 05:19:45,1066
APRL00001,Super Mario BOOM,25612,06/24/2025, 06:26:07,1066
APRL00001,Super Mario BOOM,25612,06/24/2025, 07:18:32,1066
APRL00001,Super Mario BOOM,25612,06/24/2025, 08:23:58,1066
APRL00001,Super Mario BOOM,25614,06/24/2025, 09:19:54,1066
APRL00001,Super Mario BOOM,25615,06/24/2025, 10:19:23,1066
APRL00001,Super Mario BOOM,25615,06/24/2025, 12:35:06,1066
APRL00001,Super Mario BOOM,25616,06/24/2025, 13:32:52,1066
APRL00001,Super Mario BOOM,25616,06/24/2025, 14:17:47,1066
APRL00001,Super Mario BOOM,25617,06/24/2025, 15:19:16,1066
APRL00001,Super Mario BOOM,25617,06/24/2025, 16:21:52,1066
APRL00001,Super Mario BOOM,25618,06/24/2025, 17:17:47,1066
APRL00001,Super Mario BOOM,25619,06/24/2025, 18:24:05,1066
APRL00001,Super Mario BOOM,25620,06/24/2025, 19:14:31,1066
APRL00001,Super Mario BOOM,25620,06/24/2025, 20:19:48,1066
APRL00001,Super Mario BOOM,25621,06/24/2025, 21:16:50,1066
APRL00001,Super Mario BOOM,25621,06/24/2025, 22:17:06,1066
APRL00001,Super Mario BOOM,25622,06/25/2025, 01:20:05,1066
APRL00001,Super Mario BOOM,25622,06/25/2025, 03:18:17,1066
APRL00001,Super Mario BOOM,25623,06/25/2025, 04:28:35,1066
APRL00001,Super Mario BOOM,25624,06/25/2025, 05:19:10,1066
APRL00001,Super Mario BOOM,25625,06/25/2025, 06:26:20,1066
APRL00001,Super Mario BOOM,25625,06/25/2025, 07:18:21,1066
APRL00001,Super Mario BOOM,25627,06/25/2025, 08:24:35,1066
APRL00001,Super Mario BOOM,25628,06/25/2025, 09:20:24,1066
APRL00001,Super Mario BOOM,25630,06/25/2025, 10:19:12,1066
APRL00001,Super Mario BOOM,25630,06/25/2025, 11:16:07,1066
APRL00001,Super Mario BOOM,25630,06/25/2025, 12:35:14,1066
APRL00001,Super Mario BOOM,25632,06/25/2025, 13:32:52,1066
APRL00001,Super Mario BOOM,25634,06/25/2025, 14:17:42,1066
APRL00001,Super Mario BOOM,25634,06/25/2025, 15:20:03,1066
APRL00001,Super Mario BOOM,25634,06/25/2025, 16:22:34,1066
APRL00001,Super Mario BOOM,25634,06/25/2025, 17:16:51,1066
APRL00001,Super Mario BOOM,25635,06/25/2025, 18:24:27,1066
APRL00001,Super Mario BOOM,25636,06/25/2025, 19:13:14,1066
APRL00001,Super Mario BOOM,25639,06/25/2025, 20:19:24,1066
APRL00001,Super Mario BOOM,25639,06/25/2025, 21:17:01,1066
APRL00001,Super Mario BOOM,25641,06/25/2025, 22:17:01,1066
APRL00001,Super Mario BOOM,25641,06/25/2025, 23:16:45,1066
APRL00001,Super Mario BOOM,25641,06/26/2025, 01:18:53,1066
APRL00001,Super Mario BOOM,25643,06/26/2025, 03:17:05,1066
APRL00001,Super Mario BOOM,25643,06/26/2025, 04:26:50,1066
APRL00001,Super Mario BOOM,25644,06/26/2025, 05:18:24,1066
APRL00001,Super Mario BOOM,25646,06/26/2025, 06:25:41,1066
APRL00001,Super Mario BOOM,25646,06/26/2025, 07:17:52,1066
APRL00001,Super Mario BOOM,25646,06/26/2025, 08:23:14,1066
APRL00001,Super Mario BOOM,25646,06/26/2025, 10:18:55,1066
APRL00001,Super Mario BOOM,25646,06/26/2025, 11:15:27,1066
APRL00001,Super Mario BOOM,25646,06/26/2025, 12:34:54,1066
APRL00001,Super Mario BOOM,25646,06/26/2025, 13:31:14,1066
APRL00001,Super Mario BOOM,25647,06/26/2025, 14:17:29,1066
APRL00001,Super Mario BOOM,25647,06/26/2025, 15:19:26,1066
APRL00001,Super Mario BOOM,25647,06/26/2025, 16:21:40,1066
APRL00001,Super Mario BOOM,25648,06/26/2025, 17:15:56,1066
APRL00001,Super Mario BOOM,25648,06/26/2025, 18:25:26,1066
APRL00001,Super Mario BOOM,25650,06/26/2025, 19:14:35,1066
APRL00001,Super Mario BOOM,25652,06/26/2025, 20:19:06,1066
APRL00001,Super Mario BOOM,25652,06/26/2025, 21:16:26,1066
APRL00001,Super Mario BOOM,25654,06/26/2025, 22:17:02,1066
APRL00001,Super Mario BOOM,25654,06/26/2025, 23:17:19,1066
APRL00001,Super Mario BOOM,25654,06/27/2025, 01:19:53,1066
APRL00001,Super Mario BOOM,25655,06/27/2025, 03:18:13,1066
APRL00001,Super Mario BOOM,25655,06/27/2025, 04:27:03,1066
APRL00001,Super Mario BOOM,25656,06/27/2025, 05:18:31,1066
APRL00001,Super Mario BOOM,25659,06/27/2025, 06:25:49,1066
APRL00001,Super Mario BOOM,25660,06/27/2025, 07:18:02,1066
APRL00001,Super Mario BOOM,25661,06/27/2025, 08:23:12,1066
APRL00001,Super Mario BOOM,25661,06/27/2025, 09:18:57,1066
APRL00001,Super Mario BOOM,25661,06/27/2025, 10:19:22,1066
APRL00001,Super Mario BOOM,25661,06/27/2025, 11:15:23,1066
APRL00001,Super Mario BOOM,25661,06/27/2025, 12:33:47,1066
APRL00001,Super Mario BOOM,25662,06/27/2025, 13:29:21,1066
APRL00001,Super Mario BOOM,25663,06/27/2025, 14:17:28,1066
APRL00001,Super Mario BOOM,25663,06/27/2025, 15:18:05,1066
APRL00001,Super Mario BOOM,25663,06/27/2025, 16:21:46,1066
APRL00001,Super Mario BOOM,25664,06/27/2025, 17:15:33,1066
APRL00001,Super Mario BOOM,25664,06/27/2025, 18:23:39,1066
APRL00001,Super Mario BOOM,25666,06/27/2025, 19:14:02,1066
APRL00001,Super Mario BOOM,25667,06/27/2025, 20:19:33,1066
APRL00001,Super Mario BOOM,25667,06/27/2025, 21:15:26,1066
APRL00001,Super Mario BOOM,25668,06/27/2025, 22:18:10,1066
APRL00001,Super Mario BOOM,25669,06/27/2025, 23:16:59,1066
APRL00001,Super Mario BOOM,25669,06/28/2025, 01:17:04,1066
APRL00001,Super Mario BOOM,25669,06/28/2025, 03:12:52,1066
APRL00001,Super Mario BOOM,25669,06/28/2025, 04:21:15,1066
APRL00001,Super Mario BOOM,25670,06/28/2025, 05:17:52,1066
APRL00001,Super Mario BOOM,25671,06/28/2025, 06:23:12,1066
APRL00001,Super Mario BOOM,25671,06/28/2025, 07:16:08,1066
APRL00001,Super Mario BOOM,25672,06/28/2025, 08:20:52,1066
APRL00001,Super Mario BOOM,25672,06/28/2025, 09:17:27,1066
APRL00001,Super Mario BOOM,25672,06/28/2025, 10:17:02,1066
APRL00001,Super Mario BOOM,25672,06/28/2025, 11:14:24,1066
APRL00001,Super Mario BOOM,25672,06/28/2025, 12:30:51,1066
APRL00001,Super Mario BOOM,25672,06/28/2025, 14:14:57,1066
APRL00001,Super Mario BOOM,25672,06/28/2025, 15:16:27,1066
APRL00001,Super Mario BOOM,25673,06/28/2025, 16:20:00,1066
APRL00001,Super Mario BOOM,25673,06/28/2025, 17:14:36,1066
APRL00001,Super Mario BOOM,25673,06/28/2025, 18:21:45,1066
APRL00001,Super Mario BOOM,25674,06/28/2025, 19:13:27,1066
APRL00001,Super Mario BOOM,25675,06/28/2025, 20:17:55,1066
APRL00001,Super Mario BOOM,25675,06/28/2025, 21:15:35,1066
APRL00001,Super Mario BOOM,25677,06/28/2025, 22:15:43,1066
APRL00001,Super Mario BOOM,25677,06/28/2025, 23:16:40,1066
APRL00001,Super Mario BOOM,25677,06/29/2025, 01:27:32,1066
APRL00001,Super Mario BOOM,25678,06/29/2025, 03:27:10,1066
APRL00001,Super Mario BOOM,25678,06/29/2025, 04:33:19,1066
APRL00001,Super Mario BOOM,25678,06/29/2025, 05:21:04,1066
APRL00001,Super Mario BOOM,25678,06/29/2025, 07:16:05,1066
APRL00001,Super Mario BOOM,25680,06/29/2025, 08:21:04,1066
APRL00001,Super Mario BOOM,25681,06/29/2025, 09:17:16,1066
APRL00001,Super Mario BOOM,25681,06/29/2025, 10:18:26,1066
APRL00001,Super Mario BOOM,25681,06/29/2025, 11:14:09,1066
APRL00001,Super Mario BOOM,25682,06/29/2025, 12:31:34,1066
APRL00001,Super Mario BOOM,25682,06/29/2025, 13:26:26,1066
APRL00001,Super Mario BOOM,25683,06/29/2025, 14:15:14,1066
APRL00001,Super Mario BOOM,25683,06/29/2025, 15:16:45,1066
APRL00001,Super Mario BOOM,25684,06/29/2025, 16:19:37,1066
APRL00001,Super Mario BOOM,25684,06/29/2025, 17:14:44,1066
APRL00001,Super Mario BOOM,25684,06/29/2025, 18:21:52,1066
APRL00001,Super Mario BOOM,25684,06/29/2025, 19:13:37,1066
APRL00001,Super Mario BOOM,25686,06/29/2025, 20:18:22,1066
APRL00001,Super Mario BOOM,25687,06/29/2025, 21:15:48,1066
APRL00001,Super Mario BOOM,25688,06/29/2025, 22:16:07,1066
APRL00001,Super Mario BOOM,25688,06/29/2025, 23:16:13,1066
APRL00001,Super Mario BOOM,25690,06/30/2025, 01:24:06,1066
APRL00001,Super Mario BOOM,25690,06/30/2025, 03:23:34,1066
APRL00001,Super Mario BOOM,25690,06/30/2025, 04:32:07,1066
APRL00001,Super Mario BOOM,25690,06/30/2025, 05:20:04,1066
APRL00001,Super Mario BOOM,25690,06/30/2025, 06:26:43,1066
APRL00001,Super Mario BOOM,25690,06/30/2025, 07:19:12,1066
APRL00001,Super Mario BOOM,25692,06/30/2025, 08:24:11,1066
APRL00001,Super Mario BOOM,25693,06/30/2025, 09:20:51,1066
APRL00001,Super Mario BOOM,25693,06/30/2025, 10:19:50,1066
APRL00001,Super Mario BOOM,25693,06/30/2025, 11:15:37,1066
APRL00001,Super Mario BOOM,25693,06/30/2025, 12:34:30,1066
APRL00001,Super Mario BOOM,25693,06/30/2025, 13:32:04,1066
APRL00001,Super Mario BOOM,25693,06/30/2025, 14:17:34,1066
APRL00001,Super Mario BOOM,25695,06/30/2025, 16:21:58,1066
APRL00001,Super Mario BOOM,25695,06/30/2025, 17:16:09,1066
APRL00001,Super Mario BOOM,25696,06/30/2025, 18:24:40,1066
APRL00001,Super Mario BOOM,25697,06/30/2025, 19:14:03,1066
APRL00001,Super Mario BOOM,25701,06/30/2025, 20:18:50,1066
APRL00001,Super Mario BOOM,25702,06/30/2025, 21:16:45,1066
APRL00001,Super Mario BOOM,25704,06/30/2025, 22:17:05,1066
APRL00001,Super Mario BOOM,25706,06/30/2025, 23:16:28,1066
APRL00001,Super Mario BOOM,25706,07/01/2025, 01:27:40,1066
APRL00001,Super Mario BOOM,25706,07/01/2025, 03:28:53,1066
APRL00001,Super Mario BOOM,25707,07/01/2025, 04:36:25,1066
APRL00001,Super Mario BOOM,25707,07/01/2025, 05:21:32,1066
APRL00001,Super Mario BOOM,25708,07/01/2025, 07:19:14,1066
APRL00001,Super Mario BOOM,25709,07/01/2025, 08:24:08,1066
APRL00001,Super Mario BOOM,25710,07/01/2025, 09:20:38,1066
APRL00001,Super Mario BOOM,25710,07/01/2025, 10:19:52,1066
APRL00001,Super Mario BOOM,25710,07/01/2025, 11:15:56,1066
APRL00001,Super Mario BOOM,25710,07/01/2025, 12:35:16,1066
APRL00001,Super Mario BOOM,25710,07/01/2025, 13:32:03,1066
APRL00001,Super Mario BOOM,25712,07/01/2025, 14:17:03,1066
APRL00001,Super Mario BOOM,25713,07/01/2025, 15:19:15,1066
APRL00001,Super Mario BOOM,25713,07/01/2025, 16:22:08,1066
APRL00001,Super Mario BOOM,25713,07/01/2025, 17:16:34,1066
APRL00001,Super Mario BOOM,25713,07/01/2025, 19:14:19,1066
APRL00001,Super Mario BOOM,25717,07/01/2025, 20:19:46,1066
APRL00001,Super Mario BOOM,25717,07/01/2025, 21:16:57,1066
APRL00001,Super Mario BOOM,25717,07/01/2025, 22:17:05,1066
APRL00001,Super Mario BOOM,25718,07/01/2025, 23:16:43,1066
APRL00001,Super Mario BOOM,25719,07/02/2025, 01:19:51,1066
APRL00001,Super Mario BOOM,25720,07/02/2025, 03:17:26,1066
APRL00001,Super Mario BOOM,25721,07/02/2025, 04:27:49,1066
APRL00001,Super Mario BOOM,25721,07/02/2025, 05:20:01,1066
APRL00001,Super Mario BOOM,25721,07/02/2025, 06:26:02,1066
APRL00001,Super Mario BOOM,25721,07/02/2025, 07:17:57,1066
APRL00001,Super Mario BOOM,25721,07/02/2025, 08:23:58,1066
APRL00001,Super Mario BOOM,25722,07/02/2025, 09:20:30,1066
APRL00001,Super Mario BOOM,25722,07/02/2025, 10:19:26,1066
APRL00001,Super Mario BOOM,25722,07/02/2025, 11:15:54,1066
APRL00001,Super Mario BOOM,25722,07/02/2025, 12:34:54,1066
APRL00001,Super Mario BOOM,25725,07/02/2025, 13:30:57,1066
APRL00001,Super Mario BOOM,25725,07/02/2025, 14:17:51,1066
APRL00001,Super Mario BOOM,25726,07/02/2025, 15:19:11,1066
APRL00001,Super Mario BOOM,25726,07/02/2025, 16:21:29,1066
APRL00001,Super Mario BOOM,25726,07/02/2025, 17:17:13,1066
APRL00001,Super Mario BOOM,25729,07/02/2025, 18:24:17,1066
APRL00001,Super Mario BOOM,25731,07/02/2025, 19:14:22,1066
APRL00001,Super Mario BOOM,25734,07/02/2025, 20:17:46,1066
APRL00001,Super Mario BOOM,25735,07/02/2025, 21:16:33,1066
APRL00001,Super Mario BOOM,25736,07/02/2025, 22:17:02,1066
APRL00001,Super Mario BOOM,25737,07/02/2025, 23:17:17,1066
APRL00001,Super Mario BOOM,25737,07/03/2025, 01:19:41,1066
APRL00001,Super Mario BOOM,25737,07/03/2025, 03:18:57,1066
APRL00001,Super Mario BOOM,25737,07/03/2025, 04:30:21,1066
APRL00001,Super Mario BOOM,25737,07/03/2025, 05:21:40,1066
APRL00001,Super Mario BOOM,25738,07/03/2025, 09:19:30,1066
APRL00001,Super Mario BOOM,25738,07/03/2025, 10:19:32,1066
APRL00001,Super Mario BOOM,25738,07/03/2025, 11:16:02,1066
APRL00001,Super Mario BOOM,25738,07/03/2025, 12:35:25,1066
APRL00001,Super Mario BOOM,25738,07/03/2025, 13:29:44,1066
APRL00001,Super Mario BOOM,25739,07/03/2025, 14:17:18,1066
APRL00001,Super Mario BOOM,25739,07/03/2025, 16:21:27,1066
APRL00001,Super Mario BOOM,25739,07/03/2025, 17:18:09,1066
APRL00001,Super Mario BOOM,25739,07/03/2025, 18:23:56,1066
APRL00001,Super Mario BOOM,25741,07/03/2025, 19:14:07,1066
APRL00001,Super Mario BOOM,25742,07/03/2025, 20:18:50,1066
APRL00001,Super Mario BOOM,25747,07/03/2025, 21:16:15,1066
APRL00001,Super Mario BOOM,25747,07/03/2025, 22:16:52,1066
APRL00001,Super Mario BOOM,25748,07/03/2025, 23:17:06,1066
APRL00001,Super Mario BOOM,25748,07/04/2025, 01:19:21,1066
APRL00001,Super Mario BOOM,25752,07/04/2025, 03:17:10,1066
APRL00001,Super Mario BOOM,25752,07/04/2025, 04:28:02,1066
APRL00001,Super Mario BOOM,25752,07/04/2025, 05:20:02,1066
APRL00001,Super Mario BOOM,25752,07/04/2025, 06:26:15,1066
APRL00001,Super Mario BOOM,25752,07/04/2025, 07:18:34,1066
APRL00001,Super Mario BOOM,25753,07/04/2025, 08:23:25,1066
APRL00001,Super Mario BOOM,25753,07/04/2025, 09:19:22,1066
APRL00001,Super Mario BOOM,25753,07/04/2025, 10:19:21,1066
APRL00001,Super Mario BOOM,25753,07/04/2025, 11:16:40,1066
APRL00001,Super Mario BOOM,25755,07/04/2025, 12:34:12,1066
APRL00001,Super Mario BOOM,25755,07/04/2025, 13:29:41,1066
APRL00001,Super Mario BOOM,25756,07/04/2025, 14:17:08,1066
APRL00001,Super Mario BOOM,25758,07/04/2025, 15:17:34,1066
APRL00001,Super Mario BOOM,25758,07/04/2025, 16:21:08,1066
APRL00001,Super Mario BOOM,25758,07/04/2025, 17:15:20,1066
APRL00001,Super Mario BOOM,25758,07/04/2025, 18:22:56,1066
APRL00001,Super Mario BOOM,25758,07/04/2025, 19:14:24,1066
APRL00001,Super Mario BOOM,25759,07/04/2025, 20:18:37,1066
APRL00001,Super Mario BOOM,25760,07/04/2025, 21:17:03,1066
APRL00001,Super Mario BOOM,25760,07/04/2025, 22:16:46,1066
APRL00001,Super Mario BOOM,25760,07/04/2025, 23:16:28,1066
APRL00001,Super Mario BOOM,25760,07/05/2025, 01:16:52,1066
APRL00001,Super Mario BOOM,25761,07/05/2025, 04:22:38,1066
APRL00001,Super Mario BOOM,25761,07/05/2025, 05:17:22,1066
APRL00001,Super Mario BOOM,25761,07/05/2025, 06:23:04,1066
APRL00001,Super Mario BOOM,25761,07/05/2025, 07:16:03,1066
APRL00001,Super Mario BOOM,25762,07/05/2025, 08:21:04,1066
APRL00001,Super Mario BOOM,25764,07/05/2025, 09:17:27,1066
APRL00001,Super Mario BOOM,25764,07/05/2025, 10:17:03,1066
APRL00001,Super Mario BOOM,25764,07/05/2025, 11:14:05,1066
APRL00001,Super Mario BOOM,25765,07/05/2025, 12:31:09,1066
APRL00001,Super Mario BOOM,25767,07/05/2025, 13:26:13,1066
APRL00001,Super Mario BOOM,25769,07/05/2025, 15:16:16,1066
APRL00001,Super Mario BOOM,25770,07/05/2025, 16:19:38,1066
APRL00001,Super Mario BOOM,25772,07/05/2025, 17:15:07,1066
APRL00001,Super Mario BOOM,25774,07/05/2025, 18:21:21,1066
APRL00001,Super Mario BOOM,25774,07/05/2025, 19:14:20,1066
APRL00001,Super Mario BOOM,25775,07/05/2025, 20:17:50,1066
APRL00001,Super Mario BOOM,25775,07/05/2025, 21:16:14,1066
APRL00001,Super Mario BOOM,25776,07/05/2025, 22:15:30,1066
APRL00001,Super Mario BOOM,25780,07/05/2025, 23:16:28,1066
APRL00001,Super Mario BOOM,25781,07/06/2025, 01:26:19,1066
APRL00001,Super Mario BOOM,25784,07/06/2025, 03:25:44,1066
APRL00001,Super Mario BOOM,25784,07/06/2025, 04:31:09,1066
APRL00001,Super Mario BOOM,25784,07/06/2025, 05:17:40,1066
APRL00001,Super Mario BOOM,25785,07/06/2025, 06:23:41,1066
APRL00001,Super Mario BOOM,25786,07/06/2025, 07:15:53,1066
APRL00001,Super Mario BOOM,25787,07/06/2025, 08:20:45,1066
APRL00001,Super Mario BOOM,25787,07/06/2025, 09:16:46,1066
APRL00001,Super Mario BOOM,25787,07/06/2025, 10:17:37,1066
APRL00001,Super Mario BOOM,25788,07/06/2025, 11:15:14,1066
APRL00001,Super Mario BOOM,25789,07/06/2025, 12:31:24,1066
APRL00001,Super Mario BOOM,25789,07/06/2025, 13:26:45,1066
APRL00001,Super Mario BOOM,25792,07/06/2025, 14:14:59,1066
APRL00001,Super Mario BOOM,25792,07/06/2025, 16:20:05,1066
APRL00001,Super Mario BOOM,25792,07/06/2025, 17:14:58,1066
APRL00001,Super Mario BOOM,25792,07/06/2025, 18:22:11,1066
APRL00001,Super Mario BOOM,25795,07/06/2025, 19:14:07,1066
APRL00001,Super Mario BOOM,25796,07/06/2025, 20:18:41,1066
APRL00001,Super Mario BOOM,25796,07/06/2025, 21:15:42,1066
APRL00001,Super Mario BOOM,25797,07/06/2025, 22:16:58,1066
APRL00001,Super Mario BOOM,25798,07/06/2025, 23:16:22,1066
APRL00001,Super Mario BOOM,25803,07/07/2025, 01:23:58,1066
APRL00001,Super Mario BOOM,25804,07/07/2025, 03:23:42,1066
APRL00001,Super Mario BOOM,25804,07/07/2025, 05:21:00,1066
APRL00001,Super Mario BOOM,25804,07/07/2025, 06:27:12,1066
APRL00001,Super Mario BOOM,25804,07/07/2025, 07:19:42,1066
APRL00001,Super Mario BOOM,25805,07/07/2025, 09:21:27,1066
APRL00001,Super Mario BOOM,25805,07/07/2025, 10:20:38,1066
APRL00001,Super Mario BOOM,25805,07/07/2025, 11:15:52,1066
APRL00001,Super Mario BOOM,25806,07/07/2025, 12:35:15,1066
APRL00001,Super Mario BOOM,25806,07/07/2025, 13:32:04,1066
APRL00001,Super Mario BOOM,25806,07/07/2025, 14:17:51,1066
APRL00001,Super Mario BOOM,25806,07/07/2025, 15:18:13,1066
APRL00001,Super Mario BOOM,25807,07/07/2025, 16:22:12,1066
APRL00001,Super Mario BOOM,25807,07/07/2025, 17:16:30,1066
APRL00001,Super Mario BOOM,25808,07/07/2025, 18:24:12,1066
APRL00001,Super Mario BOOM,25809,07/07/2025, 19:15:55,1066
APRL00001,Super Mario BOOM,25810,07/07/2025, 20:19:37,1066
APRL00001,Super Mario BOOM,25811,07/07/2025, 21:16:32,1066
APRL00001,Super Mario BOOM,25812,07/07/2025, 22:17:25,1066
APRL00001,Super Mario BOOM,25814,07/07/2025, 23:17:09,1066
APRL00001,Super Mario BOOM,25817,07/08/2025, 01:20:08,1066
APRL00001,Super Mario BOOM,25818,07/08/2025, 03:18:29,1066
APRL00001,Super Mario BOOM,25819,07/08/2025, 04:28:29,1066
APRL00001,Super Mario BOOM,25820,07/08/2025, 05:19:07,1066
APRL00001,Super Mario BOOM,25820,07/08/2025, 06:26:01,1066
APRL00001,Super Mario BOOM,25820,07/08/2025, 07:18:26,1066
APRL00001,Super Mario BOOM,25822,07/08/2025, 08:24:01,1066
APRL00001,Super Mario BOOM,25822,07/08/2025, 09:20:09,1066
APRL00001,Super Mario BOOM,25822,07/08/2025, 10:19:32,1066
APRL00001,Super Mario BOOM,25822,07/08/2025, 11:16:27,1066
APRL00001,Super Mario BOOM,25822,07/08/2025, 12:36:08,1066
APRL00001,Super Mario BOOM,25822,07/08/2025, 13:32:48,1066
APRL00001,Super Mario BOOM,25822,07/08/2025, 14:17:22,1066
APRL00001,Super Mario BOOM,25822,07/08/2025, 15:18:51,1066
APRL00001,Super Mario BOOM,25824,07/08/2025, 16:22:10,1066
APRL00001,Super Mario BOOM,25827,07/08/2025, 17:17:28,1066
APRL00001,Super Mario BOOM,25829,07/08/2025, 18:24:23,1066
APRL00001,Super Mario BOOM,25830,07/08/2025, 19:14:35,1066
APRL00001,Super Mario BOOM,25830,07/08/2025, 20:19:42,1066
APRL00001,Super Mario BOOM,25831,07/08/2025, 21:17:13,1066
APRL00001,Super Mario BOOM,25832,07/08/2025, 22:17:20,1066
APRL00001,Super Mario BOOM,25835,07/08/2025, 23:17:28,1066
APRL00001,Super Mario BOOM,25836,07/09/2025, 01:21:02,1066
APRL00001,Super Mario BOOM,25837,07/09/2025, 03:21:04,1066
APRL00001,Super Mario BOOM,25838,07/09/2025, 04:32:56,1066
APRL00001,Super Mario BOOM,25838,07/09/2025, 05:22:32,1066
APRL00001,Super Mario BOOM,25840,07/09/2025, 06:26:20,1066
APRL00001,Super Mario BOOM,25840,07/09/2025, 07:18:34,1066
APRL00001,Super Mario BOOM,25841,07/09/2025, 08:23:46,1066
APRL00001,Super Mario BOOM,25841,07/09/2025, 10:19:59,1066
APRL00001,Super Mario BOOM,25841,07/09/2025, 11:16:00,1066
APRL00001,Super Mario BOOM,25844,07/09/2025, 12:35:28,1066
APRL00001,Super Mario BOOM,25844,07/09/2025, 13:32:18,1066
APRL00001,Super Mario BOOM,25845,07/09/2025, 14:17:28,1066
APRL00001,Super Mario BOOM,25848,07/09/2025, 15:19:20,1066
APRL00001,Super Mario BOOM,25850,07/09/2025, 17:18:02,1066
APRL00001,Super Mario BOOM,25851,07/09/2025, 18:24:21,1066
APRL00001,Super Mario BOOM,25851,07/09/2025, 19:15:24,1066
APRL00001,Super Mario BOOM,25854,07/09/2025, 21:16:56,1066
APRL00001,Super Mario BOOM,25855,07/09/2025, 22:17:24,1066
APRL00001,Super Mario BOOM,25855,07/09/2025, 23:17:39,1066
APRL00001,Super Mario BOOM,25855,07/10/2025, 01:21:05,1066
APRL00001,Super Mario BOOM,25856,07/10/2025, 03:20:50,1066
APRL00001,Super Mario BOOM,25856,07/10/2025, 04:30:32,1066
APRL00001,Super Mario BOOM,25857,07/10/2025, 06:26:42,1066
APRL00001,Super Mario BOOM,25857,07/10/2025, 08:23:56,1066
APRL00001,Super Mario BOOM,25857,07/10/2025, 09:21:02,1066
APRL00001,Super Mario BOOM,25858,07/10/2025, 10:20:03,1066
APRL00001,Super Mario BOOM,25859,07/10/2025, 12:36:00,1066
APRL00001,Super Mario BOOM,25859,07/10/2025, 13:33:09,1066
APRL00001,Super Mario BOOM,25859,07/10/2025, 14:18:24,1066
APRL00001,Super Mario BOOM,25860,07/10/2025, 15:19:49,1066
APRL00001,Super Mario BOOM,25861,07/10/2025, 16:22:30,1066
APRL00001,Super Mario BOOM,25862,07/10/2025, 17:18:11,1066
APRL00001,Super Mario BOOM,25862,07/10/2025, 18:25:04,1066
APRL00001,Super Mario BOOM,25862,07/10/2025, 20:19:14,1066
APRL00001,Super Mario BOOM,25864,07/10/2025, 21:18:21,1066
APRL00001,Super Mario BOOM,25865,07/10/2025, 22:17:00,1066
APRL00001,Super Mario BOOM,25866,07/10/2025, 23:17:29,1066
APRL00001,Super Mario BOOM,25866,07/11/2025, 01:22:07,1066
APRL00001,Super Mario BOOM,25869,07/11/2025, 03:26:33,1066
APRL00001,Super Mario BOOM,25869,07/11/2025, 04:35:12,1066
APRL00001,Super Mario BOOM,25870,07/11/2025, 05:21:27,1066
APRL00001,Super Mario BOOM,25870,07/11/2025, 07:19:21,1066
APRL00001,Super Mario BOOM,25870,07/11/2025, 08:23:45,1066
APRL00001,Super Mario BOOM,25872,07/11/2025, 09:19:42,1066
APRL00001,Super Mario BOOM,25872,07/11/2025, 10:19:12,1066
APRL00001,Super Mario BOOM,25873,07/11/2025, 11:16:34,1066
APRL00001,Super Mario BOOM,25874,07/11/2025, 12:34:34,1066
APRL00001,Super Mario BOOM,25874,07/11/2025, 13:31:01,1066
APRL00001,Super Mario BOOM,25874,07/11/2025, 14:18:07,1066
APRL00001,Super Mario BOOM,25876,07/11/2025, 16:21:39,1066
APRL00001,Super Mario BOOM,25876,07/11/2025, 17:16:50,1066
APRL00001,Super Mario BOOM,25916,07/13/2025, 19:14:09,1066
APRL00001,Super Mario BOOM,25919,07/13/2025, 20:17:55,1066
APRL00001,Super Mario BOOM,25921,07/13/2025, 21:15:50,1066
APRL00001,Super Mario BOOM,25922,07/13/2025, 22:16:41,1066
APRL00001,Super Mario BOOM,25923,07/13/2025, 23:18:31,1066
APRL00001,Super Mario BOOM,25927,07/14/2025, 01:25:31,1066
APRL00001,Super Mario BOOM,25929,07/14/2025, 03:39:25,1066
APRL00001,Super Mario BOOM,25930,07/14/2025, 05:23:42,1066
APRL00001,Super Mario BOOM,25930,07/14/2025, 06:28:07,1066
APRL00001,Super Mario BOOM,25930,07/14/2025, 07:22:13,1066
APRL00001,Super Mario BOOM,25930,07/14/2025, 08:26:14,1066
APRL00001,Super Mario BOOM,25931,07/14/2025, 11:16:33,1066
APRL00001,Super Mario BOOM,25932,07/14/2025, 12:36:44,1066
APRL00001,Super Mario BOOM,25932,07/14/2025, 13:35:09,1066
APRL00001,Super Mario BOOM,25932,07/14/2025, 14:19:11,1066
APRL00001,Super Mario BOOM,25932,07/14/2025, 15:19:56,1066
APRL00001,Super Mario BOOM,25932,07/14/2025, 16:22:54,1066
APRL00001,Super Mario BOOM,25934,07/14/2025, 17:18:00,1066
APRL00001,Super Mario BOOM,25937,07/14/2025, 19:14:48,1066
APRL00001,Super Mario BOOM,25938,07/14/2025, 20:20:18,1066
APRL00001,Super Mario BOOM,25938,07/14/2025, 21:17:49,1066
APRL00001,Super Mario BOOM,25940,07/14/2025, 22:17:50,1066
APRL00001,Super Mario BOOM,25941,07/14/2025, 23:17:59,1066
APRL00001,Super Mario BOOM,25945,07/15/2025, 01:25:33,1066
APRL00001,Super Mario BOOM,25945,07/15/2025, 03:28:42,1066
APRL00001,Super Mario BOOM,25945,07/15/2025, 04:37:19,1066
APRL00001,Super Mario BOOM,25945,07/15/2025, 05:22:44,1066
APRL00001,Super Mario BOOM,25945,07/15/2025, 06:27:29,1066
APRL00001,Super Mario BOOM,25945,07/15/2025, 07:20:51,1066
APRL00001,Super Mario BOOM,25947,07/15/2025, 08:24:12,1066
APRL00001,Super Mario BOOM,25948,07/15/2025, 09:27:08,1066
APRL00001,Super Mario BOOM,25949,07/15/2025, 11:16:13,1066
APRL00001,Super Mario BOOM,25950,07/15/2025, 12:37:10,1066
APRL00001,Super Mario BOOM,25950,07/15/2025, 13:35:48,1066
APRL00001,Super Mario BOOM,25951,07/15/2025, 15:18:08,1066
APRL00001,Super Mario BOOM,25953,07/15/2025, 16:23:01,1066
APRL00001,Super Mario BOOM,25954,07/15/2025, 17:16:51,1066
APRL00001,Super Mario BOOM,25954,07/15/2025, 18:26:13,1066
APRL00001,Super Mario BOOM,25955,07/15/2025, 19:16:39,1066
APRL00001,Super Mario BOOM,25956,07/15/2025, 20:20:34,1066
APRL00001,Super Mario BOOM,25957,07/15/2025, 21:17:49,1066
APRL00001,Super Mario BOOM,25957,07/15/2025, 22:18:22,1066
APRL00001,Super Mario BOOM,25959,07/15/2025, 23:17:00,1066
APRL00001,Super Mario BOOM,25961,07/16/2025, 01:22:56,1066
APRL00001,Super Mario BOOM,25961,07/16/2025, 03:26:26,1066
APRL00001,Super Mario BOOM,25962,07/16/2025, 04:36:43,1066
APRL00001,Super Mario BOOM,25964,07/16/2025, 05:23:56,1066
APRL00001,Super Mario BOOM,25965,07/16/2025, 06:26:32,1066
APRL00001,Super Mario BOOM,25965,07/16/2025, 07:20:21,1066
APRL00001,Super Mario BOOM,25965,07/16/2025, 08:24:19,1066
APRL00001,Super Mario BOOM,25965,07/16/2025, 09:23:13,1066
APRL00001,Super Mario BOOM,25966,07/16/2025, 10:19:47,1066
APRL00001,Super Mario BOOM,25966,07/16/2025, 11:16:24,1066
APRL00001,Super Mario BOOM,25966,07/16/2025, 12:37:37,1066
APRL00001,Super Mario BOOM,25966,07/16/2025, 13:36:09,1066
APRL00001,Super Mario BOOM,25967,07/16/2025, 14:17:25,1066
APRL00001,Super Mario BOOM,25968,07/16/2025, 15:19:48,1066
APRL00001,Super Mario BOOM,25970,07/16/2025, 17:19:05,1066
APRL00001,Super Mario BOOM,25972,07/16/2025, 18:25:32,1066
APRL00001,Super Mario BOOM,25972,07/16/2025, 19:16:18,1066
APRL00001,Super Mario BOOM,25973,07/16/2025, 20:20:18,1066
APRL00001,Super Mario BOOM,25973,07/16/2025, 21:18:15,1066
APRL00001,Super Mario BOOM,25973,07/16/2025, 22:17:54,1066
APRL00001,Super Mario BOOM,25975,07/16/2025, 23:17:57,1066
APRL00001,Super Mario BOOM,25976,07/17/2025, 01:24:08,1066
APRL00001,Super Mario BOOM,25976,07/17/2025, 03:26:18,1066
APRL00001,Super Mario BOOM,25976,07/17/2025, 04:36:34,1066
APRL00001,Super Mario BOOM,25976,07/17/2025, 05:23:30,1066
APRL00001,Super Mario BOOM,25977,07/17/2025, 06:27:23,1066
APRL00001,Super Mario BOOM,25979,07/17/2025, 07:20:28,1066
APRL00001,Super Mario BOOM,25980,07/17/2025, 08:24:22,1066
APRL00001,Super Mario BOOM,25981,07/17/2025, 10:20:32,1066
APRL00001,Super Mario BOOM,25982,07/17/2025, 11:16:41,1066
APRL00001,Super Mario BOOM,25982,07/17/2025, 12:36:19,1066
APRL00001,Super Mario BOOM,25982,07/17/2025, 13:35:55,1066
APRL00001,Super Mario BOOM,25982,07/17/2025, 14:17:03,1066
APRL00001,Super Mario BOOM,25984,07/17/2025, 16:22:43,1066
APRL00001,Super Mario BOOM,25984,07/17/2025, 17:17:46,1066
APRL00001,Super Mario BOOM,25985,07/17/2025, 18:25:49,1066
APRL00001,Super Mario BOOM,25985,07/17/2025, 19:16:37,1066
APRL00001,Super Mario BOOM,25985,07/17/2025, 20:20:23,1066
APRL00001,Super Mario BOOM,25986,07/17/2025, 21:17:17,1066
APRL00001,Super Mario BOOM,25986,07/17/2025, 22:17:55,1066
APRL00001,Super Mario BOOM,25988,07/17/2025, 23:18:47,1066
APRL00001,Super Mario BOOM,25988,07/18/2025, 01:23:28,1066
APRL00001,Super Mario BOOM,25990,07/18/2025, 03:27:53,1066
APRL00001,Super Mario BOOM,25991,07/18/2025, 04:37:32,1066
APRL00001,Super Mario BOOM,25992,07/18/2025, 05:24:24,1066
APRL00001,Super Mario BOOM,25994,07/18/2025, 06:26:57,1066
APRL00001,Super Mario BOOM,25995,07/18/2025, 08:24:30,1066
APRL00001,Super Mario BOOM,25996,07/18/2025, 10:20:26,1066
APRL00001,Super Mario BOOM,25996,07/18/2025, 11:16:07,1066
APRL00001,Super Mario BOOM,25997,07/18/2025, 12:36:25,1066
APRL00001,Super Mario BOOM,25997,07/18/2025, 13:35:43,1066
APRL00001,Super Mario BOOM,25997,07/18/2025, 14:18:05,1066
APRL00001,Super Mario BOOM,25997,07/18/2025, 15:19:03,1066
APRL00001,Super Mario BOOM,25997,07/18/2025, 16:23:34,1066
APRL00001,Super Mario BOOM,25999,07/18/2025, 17:19:11,1066
APRL00001,Super Mario BOOM,26001,07/18/2025, 18:24:48,1066
APRL00001,Super Mario BOOM,26001,07/18/2025, 19:16:06,1066
APRL00001,Super Mario BOOM,26001,07/18/2025, 20:19:49,1066
APRL00001,Super Mario BOOM,26001,07/18/2025, 21:17:36,1066
APRL00001,Super Mario BOOM,26002,07/18/2025, 22:18:13,1066
APRL00001,Super Mario BOOM,26002,07/18/2025, 23:17:47,1066
APRL00001,Super Mario BOOM,26003,07/19/2025, 01:21:18,1066
APRL00001,Super Mario BOOM,26004,07/19/2025, 03:21:31,1066
APRL00001,Super Mario BOOM,26004,07/19/2025, 04:29:38,1066
APRL00001,Super Mario BOOM,26004,07/19/2025, 05:20:30,1066
APRL00001,Super Mario BOOM,26006,07/19/2025, 06:25:11,1066
APRL00001,Super Mario BOOM,26006,07/19/2025, 07:17:01,1066
APRL00001,Super Mario BOOM,26008,07/19/2025, 08:22:03,1066
APRL00001,Super Mario BOOM,26009,07/19/2025, 09:17:33,1066
APRL00001,Super Mario BOOM,26011,07/19/2025, 10:18:29,1066
APRL00001,Super Mario BOOM,26011,07/19/2025, 11:15:26,1066
APRL00001,Super Mario BOOM,26011,07/19/2025, 12:33:01,1066
APRL00001,Super Mario BOOM,26012,07/19/2025, 13:28:19,1066
APRL00001,Super Mario BOOM,26012,07/19/2025, 14:15:47,1066
APRL00001,Super Mario BOOM,26012,07/19/2025, 15:17:30,1066
APRL00001,Super Mario BOOM,26012,07/19/2025, 16:20:37,1066
APRL00001,Super Mario BOOM,26012,07/19/2025, 18:23:12,1066
APRL00001,Super Mario BOOM,26012,07/19/2025, 19:13:51,1066
APRL00001,Super Mario BOOM,26012,07/19/2025, 20:19:01,1066
APRL00001,Super Mario BOOM,26012,07/19/2025, 21:16:11,1066
APRL00001,Super Mario BOOM,26012,07/19/2025, 22:16:59,1066
APRL00001,Super Mario BOOM,26012,07/19/2025, 23:18:52,1066
APRL00001,Super Mario BOOM,26012,07/20/2025, 01:39:31,1066
APRL00001,Super Mario BOOM,26013,07/20/2025, 03:44:23,1066
APRL00001,Super Mario BOOM,26013,07/20/2025, 04:40:20,1066
APRL00001,Super Mario BOOM,26014,07/20/2025, 05:23:09,1066
APRL00001,Super Mario BOOM,26015,07/20/2025, 06:24:54,1066
APRL00001,Super Mario BOOM,26016,07/20/2025, 07:16:52,1066
APRL00001,Super Mario BOOM,26016,07/20/2025, 08:21:48,1066
APRL00001,Super Mario BOOM,26016,07/20/2025, 09:17:54,1066
APRL00001,Super Mario BOOM,26016,07/20/2025, 10:18:54,1066
APRL00001,Super Mario BOOM,26016,07/20/2025, 11:15:09,1066
APRL00001,Super Mario BOOM,26016,07/20/2025, 12:33:36,1066
APRL00001,Super Mario BOOM,26016,07/20/2025, 13:29:36,1066
APRL00001,Super Mario BOOM,26017,07/20/2025, 14:15:59,1066
APRL00001,Super Mario BOOM,26020,07/20/2025, 15:17:11,1066
APRL00001,Super Mario BOOM,26020,07/20/2025, 16:20:37,1066
APRL00001,Super Mario BOOM,26021,07/20/2025, 17:15:39,1066
APRL00001,Super Mario BOOM,26021,07/20/2025, 18:23:28,1066
APRL00001,Super Mario BOOM,26021,07/20/2025, 19:14:20,1066
APRL00001,Super Mario BOOM,26021,07/20/2025, 21:16:27,1066
APRL00001,Super Mario BOOM,26024,07/20/2025, 22:17:19,1066
APRL00001,Super Mario BOOM,26024,07/20/2025, 23:18:38,1066
APRL00001,Super Mario BOOM,26026,07/21/2025, 01:27:48,1066
APRL00001,Super Mario BOOM,26027,07/21/2025, 04:41:06,1066
APRL00001,Super Mario BOOM,26027,07/21/2025, 05:25:42,1066
APRL00001,Super Mario BOOM,26028,07/21/2025, 06:28:04,1066
APRL00001,Super Mario BOOM,26032,07/21/2025, 07:26:13,1066
APRL00001,Super Mario BOOM,26034,07/21/2025, 08:27:33,1066
APRL00001,Super Mario BOOM,26035,07/21/2025, 09:26:41,1066
APRL00001,Super Mario BOOM,26035,07/21/2025, 10:20:42,1066
APRL00001,Super Mario BOOM,26035,07/21/2025, 11:16:53,1066
APRL00001,Super Mario BOOM,26035,07/21/2025, 12:38:02,1066
APRL00001,Super Mario BOOM,26036,07/21/2025, 13:37:48,1066
APRL00001,Super Mario BOOM,26036,07/21/2025, 14:20:24,1066
APRL00001,Super Mario BOOM,26038,07/21/2025, 15:20:22,1066
APRL00001,Super Mario BOOM,26040,07/21/2025, 16:22:13,1066
APRL00001,Super Mario BOOM,26041,07/21/2025, 17:18:51,1066
APRL00001,Super Mario BOOM,26041,07/21/2025, 18:26:57,1066
APRL00001,Super Mario BOOM,26042,07/21/2025, 19:17:12,1066
APRL00001,Super Mario BOOM,26044,07/21/2025, 20:20:39,1066
APRL00001,Super Mario BOOM,26044,07/21/2025, 21:17:51,1066
APRL00001,Super Mario BOOM,26044,07/21/2025, 22:18:36,1066
APRL00001,Super Mario BOOM,26045,07/21/2025, 23:18:19,1066
APRL00001,Super Mario BOOM,26045,07/22/2025, 01:23:54,1066
APRL00001,Super Mario BOOM,26045,07/22/2025, 03:27:36,1066
APRL00001,Super Mario BOOM,26047,07/22/2025, 04:37:27,1066
APRL00001,Super Mario BOOM,26047,07/22/2025, 05:23:15,1066
APRL00001,Super Mario BOOM,26047,07/22/2025, 06:26:55,1066
APRL00001,Super Mario BOOM,26047,07/22/2025, 07:21:50,1066
APRL00001,Super Mario BOOM,26048,07/22/2025, 08:25:39,1066
APRL00001,Super Mario BOOM,26051,07/22/2025, 09:23:19,1066
APRL00001,Super Mario BOOM,26052,07/22/2025, 10:20:21,1066
APRL00001,Super Mario BOOM,26052,07/22/2025, 11:16:07,1066
APRL00001,Super Mario BOOM,26052,07/22/2025, 12:37:06,1066
APRL00001,Super Mario BOOM,26053,07/22/2025, 13:36:49,1066
APRL00001,Super Mario BOOM,26053,07/22/2025, 14:19:50,1066
APRL00001,Super Mario BOOM,26053,07/22/2025, 15:20:15,1066
APRL00001,Super Mario BOOM,26054,07/22/2025, 16:23:01,1066
APRL00001,Super Mario BOOM,26054,07/22/2025, 17:19:07,1066
APRL00001,Super Mario BOOM,26055,07/22/2025, 18:26:08,1066
APRL00001,Super Mario BOOM,26055,07/22/2025, 19:17:18,1066
APRL00001,Super Mario BOOM,26056,07/22/2025, 21:17:29,1066
APRL00001,Super Mario BOOM,26058,07/22/2025, 22:17:45,1066
APRL00001,Super Mario BOOM,26058,07/22/2025, 23:18:04,1066
APRL00001,Super Mario BOOM,26058,07/23/2025, 01:24:43,1066
APRL00001,Super Mario BOOM,26060,07/23/2025, 03:29:36,1066
APRL00001,Super Mario BOOM,26060,07/23/2025, 05:26:16,1066
APRL00001,Super Mario BOOM,26061,07/23/2025, 06:28:05,1066
APRL00001,Super Mario BOOM,26063,07/23/2025, 08:25:26,1066
APRL00001,Super Mario BOOM,26063,07/23/2025, 10:20:24,1066
APRL00001,Super Mario BOOM,26063,07/23/2025, 11:16:31,1066
APRL00001,Super Mario BOOM,26063,07/23/2025, 12:37:39,1066
APRL00001,Super Mario BOOM,26063,07/23/2025, 13:37:31,1066
APRL00001,Super Mario BOOM,26063,07/23/2025, 14:20:25,1066
APRL00001,Super Mario BOOM,26064,07/23/2025, 15:20:37,1066
APRL00001,Super Mario BOOM,26064,07/23/2025, 16:23:09,1066
APRL00001,Super Mario BOOM,26064,07/23/2025, 17:20:19,1066
APRL00001,Super Mario BOOM,26064,07/23/2025, 18:26:13,1066
APRL00001,Super Mario BOOM,26065,07/23/2025, 19:16:49,1066
APRL00001,Super Mario BOOM,26065,07/23/2025, 20:20:35,1066
APRL00001,Super Mario BOOM,26066,07/23/2025, 21:18:16,1066
APRL00001,Super Mario BOOM,26067,07/23/2025, 22:18:10,1066
APRL00001,Super Mario BOOM,26068,07/23/2025, 23:18:55,1066
APRL00001,Super Mario BOOM,26068,07/24/2025, 01:24:03,1066
APRL00001,Super Mario BOOM,26068,07/24/2025, 03:27:52,1066
APRL00001,Super Mario BOOM,26068,07/24/2025, 04:37:54,1066
APRL00001,Super Mario BOOM,26068,07/24/2025, 05:24:17,1066
APRL00001,Super Mario BOOM,26069,07/24/2025, 07:22:01,1066
APRL00001,Super Mario BOOM,26071,07/24/2025, 09:22:51,1066
APRL00001,Super Mario BOOM,26071,07/24/2025, 10:20:14,1066
APRL00001,Super Mario BOOM,26072,07/24/2025, 11:16:55,1066
APRL00001,Super Mario BOOM,26072,07/24/2025, 12:37:22,1066
APRL00001,Super Mario BOOM,26072,07/24/2025, 13:37:38,1066
APRL00001,Super Mario BOOM,26072,07/24/2025, 14:20:06,1066
APRL00001,Super Mario BOOM,26073,07/24/2025, 15:18:34,1066
APRL00001,Super Mario BOOM,26074,07/24/2025, 16:20:56,1066
APRL00001,Super Mario BOOM,26075,07/24/2025, 17:17:36,1066
APRL00001,Super Mario BOOM,26076,07/24/2025, 18:26:13,1066
APRL00001,Super Mario BOOM,26078,07/24/2025, 20:19:17,1066
APRL00001,Super Mario BOOM,26078,07/24/2025, 21:18:15,1066
APRL00001,Super Mario BOOM,26079,07/24/2025, 22:18:36,1066
APRL00001,Super Mario BOOM,26079,07/24/2025, 23:18:40,1066
APRL00001,Super Mario BOOM,26082,07/25/2025, 01:23:42,1066
APRL00001,Super Mario BOOM,26082,07/25/2025, 03:27:58,1066
APRL00001,Super Mario BOOM,26082,07/25/2025, 04:37:41,1066
APRL00001,Super Mario BOOM,26082,07/25/2025, 05:25:38,1066
APRL00001,Super Mario BOOM,26082,07/25/2025, 06:27:39,1066
APRL00001,Super Mario BOOM,26083,07/25/2025, 08:24:13,1066
APRL00001,Super Mario BOOM,26083,07/25/2025, 10:20:27,1066
APRL00001,Super Mario BOOM,26084,07/25/2025, 11:16:55,1066
APRL00001,Super Mario BOOM,26084,07/25/2025, 12:36:48,1066
APRL00001,Super Mario BOOM,26087,07/25/2025, 13:36:10,1066
APRL00001,Super Mario BOOM,26089,07/25/2025, 15:19:42,1066
APRL00001,Super Mario BOOM,26089,07/25/2025, 17:18:47,1066
APRL00001,Super Mario BOOM,26089,07/25/2025, 18:25:34,1066
APRL00001,Super Mario BOOM,26089,07/25/2025, 19:16:40,1066
APRL00001,Super Mario BOOM,26091,07/25/2025, 20:20:15,1066
APRL00001,Super Mario BOOM,26093,07/25/2025, 21:17:27,1066
APRL00001,Super Mario BOOM,26093,07/25/2025, 23:18:27,1066
APRL00001,Super Mario BOOM,26093,07/26/2025, 01:21:47,1066
APRL00001,Super Mario BOOM,26093,07/26/2025, 03:24:46,1066
APRL00001,Super Mario BOOM,26094,07/26/2025, 04:34:42,1066
APRL00001,Super Mario BOOM,26094,07/26/2025, 05:21:11,1066
APRL00001,Super Mario BOOM,26094,07/26/2025, 06:25:08,1066
APRL00001,Super Mario BOOM,26094,07/26/2025, 07:17:46,1066
APRL00001,Super Mario BOOM,26096,07/26/2025, 08:22:16,1066
APRL00001,Super Mario BOOM,26097,07/26/2025, 09:17:53,1066
APRL00001,Super Mario BOOM,26097,07/26/2025, 10:18:20,1066
APRL00001,Super Mario BOOM,26097,07/26/2025, 11:15:20,1066
APRL00001,Super Mario BOOM,26098,07/26/2025, 12:33:28,1066
APRL00001,Super Mario BOOM,26098,07/26/2025, 13:29:18,1066
APRL00001,Super Mario BOOM,26098,07/26/2025, 14:16:25,1066
APRL00001,Super Mario BOOM,26099,07/26/2025, 15:17:47,1066
APRL00001,Super Mario BOOM,26099,07/26/2025, 16:20:34,1066
APRL00001,Super Mario BOOM,26101,07/26/2025, 17:16:37,1066
APRL00001,Super Mario BOOM,26106,07/26/2025, 18:23:39,1066
APRL00001,Super Mario BOOM,26106,07/26/2025, 19:14:07,1066
APRL00001,Super Mario BOOM,26108,07/26/2025, 20:18:56,1066
APRL00001,Super Mario BOOM,26108,07/26/2025, 21:16:37,1066
APRL00001,Super Mario BOOM,26110,07/26/2025, 22:17:07,1066
APRL00001,Super Mario BOOM,26113,07/26/2025, 23:17:27,1066
APRL00001,Super Mario BOOM,26116,07/27/2025, 03:45:50,1066
APRL00001,Super Mario BOOM,26116,07/27/2025, 04:41:46,1066
APRL00001,Super Mario BOOM,26116,07/27/2025, 05:24:12,1066
APRL00001,Super Mario BOOM,26117,07/27/2025, 06:25:44,1066
APRL00001,Super Mario BOOM,26118,07/27/2025, 07:17:26,1066
APRL00001,Super Mario BOOM,26120,07/27/2025, 08:22:17,1066
APRL00001,Super Mario BOOM,26121,07/27/2025, 09:18:48,1066
APRL00001,Super Mario BOOM,26123,07/27/2025, 10:18:32,1066
APRL00001,Super Mario BOOM,26124,07/27/2025, 11:14:58,1066
APRL00001,Super Mario BOOM,26124,07/27/2025, 12:34:20,1066
APRL00001,Super Mario BOOM,26126,07/27/2025, 13:29:51,1066
APRL00001,Super Mario BOOM,26126,07/27/2025, 14:16:13,1066
APRL00001,Super Mario BOOM,26126,07/27/2025, 15:17:46,1066
APRL00001,Super Mario BOOM,26126,07/27/2025, 16:21:09,1066
APRL00001,Super Mario BOOM,26126,07/27/2025, 17:15:24,1066
APRL00001,Super Mario BOOM,26128,07/27/2025, 18:23:40,1066
APRL00001,Super Mario BOOM,26133,07/27/2025, 21:16:51,1066
APRL00001,Super Mario BOOM,26134,07/27/2025, 22:17:56,1066
APRL00001,Super Mario BOOM,26134,07/27/2025, 23:18:23,1066
APRL00001,Super Mario BOOM,26136,07/28/2025, 01:29:06,1066
APRL00001,Super Mario BOOM,26136,07/28/2025, 03:44:20,1066
APRL00001,Super Mario BOOM,26136,07/28/2025, 04:43:44,1066
APRL00001,Super Mario BOOM,26137,07/28/2025, 06:29:18,1066
APRL00001,Super Mario BOOM,26137,07/28/2025, 07:24:06,1066
APRL00001,Super Mario BOOM,26138,07/28/2025, 08:27:27,1066
APRL00001,Super Mario BOOM,26138,07/28/2025, 10:20:46,1066
APRL00001,Super Mario BOOM,26139,07/28/2025, 11:16:43,1066
APRL00001,Super Mario BOOM,26141,07/28/2025, 12:38:15,1066
APRL00001,Super Mario BOOM,26142,07/28/2025, 13:38:14,1066
APRL00001,Super Mario BOOM,26143,07/28/2025, 14:21:02,1066
APRL00001,Super Mario BOOM,26143,07/28/2025, 15:20:30,1066
APRL00001,Super Mario BOOM,26143,07/28/2025, 16:23:37,1066
APRL00001,Super Mario BOOM,26143,07/28/2025, 17:20:58,1066
APRL00001,Super Mario BOOM,26145,07/28/2025, 18:27:28,1066
APRL00001,Super Mario BOOM,26145,07/28/2025, 19:18:11,1066
APRL00001,Super Mario BOOM,26145,07/28/2025, 20:20:56,1066
APRL00001,Super Mario BOOM,26146,07/28/2025, 21:17:55,1066
APRL00001,Super Mario BOOM,26148,07/28/2025, 22:18:40,1066
APRL00001,Super Mario BOOM,26150,07/28/2025, 23:18:49,1066
APRL00001,Super Mario BOOM,26150,07/29/2025, 01:43:41,1066
APRL00001,Super Mario BOOM,26151,07/29/2025, 03:48:20,1066
APRL00001,Super Mario BOOM,26152,07/29/2025, 04:45:07,1066
APRL00001,Super Mario BOOM,26152,07/29/2025, 05:26:33,1066
APRL00001,Super Mario BOOM,26152,07/29/2025, 06:28:18,1066
APRL00001,Super Mario BOOM,26152,07/29/2025, 07:23:01,1066
APRL00001,Super Mario BOOM,26152,07/29/2025, 08:25:43,1066
APRL00001,Super Mario BOOM,26152,07/29/2025, 09:24:25,1066
APRL00001,Super Mario BOOM,26152,07/29/2025, 12:38:40,1066
APRL00001,Super Mario BOOM,26152,07/29/2025, 13:39:52,1066
APRL00001,Super Mario BOOM,26152,07/29/2025, 14:22:22,1066
APRL00001,Super Mario BOOM,26154,07/29/2025, 16:22:09,1066
APRL00001,Super Mario BOOM,26155,07/29/2025, 17:21:11,1066
APRL00001,Super Mario BOOM,26155,07/29/2025, 18:27:40,1066
APRL00001,Super Mario BOOM,26156,07/29/2025, 19:19:45,1066
APRL00001,Super Mario BOOM,26157,07/29/2025, 20:21:13,1066
APRL00001,Super Mario BOOM,26158,07/29/2025, 21:18:19,1066
APRL00001,Super Mario BOOM,26160,07/29/2025, 22:18:29,1066
APRL00001,Super Mario BOOM,26161,07/29/2025, 23:18:28,1066
APRL00001,Super Mario BOOM,26162,07/30/2025, 01:25:44,1066
APRL00001,Super Mario BOOM,26164,07/30/2025, 03:41:56,1066
APRL00001,Super Mario BOOM,26165,07/30/2025, 04:41:30,1066
APRL00001,Super Mario BOOM,26165,07/30/2025, 05:27:41,1066
APRL00001,Super Mario BOOM,26166,07/30/2025, 07:23:18,1066
APRL00001,Super Mario BOOM,26167,07/30/2025, 08:25:06,1066
APRL00001,Super Mario BOOM,26167,07/30/2025, 09:25:53,1066
APRL00001,Super Mario BOOM,26169,07/30/2025, 10:20:35,1066
APRL00001,Super Mario BOOM,26170,07/30/2025, 11:17:19,1066
APRL00001,Super Mario BOOM,26170,07/30/2025, 12:38:20,1066
APRL00001,Super Mario BOOM,26171,07/30/2025, 14:19:39,1066
APRL00001,Super Mario BOOM,26171,07/30/2025, 15:20:06,1066
APRL00001,Super Mario BOOM,26172,07/30/2025, 16:23:00,1066
APRL00001,Super Mario BOOM,26172,07/30/2025, 17:19:32,1066
APRL00001,Super Mario BOOM,26172,07/30/2025, 18:26:42,1066
APRL00001,Super Mario BOOM,26174,07/30/2025, 19:18:01,1066
APRL00001,Super Mario BOOM,26175,07/30/2025, 20:19:23,1066
APRL00001,Super Mario BOOM,26178,07/30/2025, 21:18:16,1066
APRL00001,Super Mario BOOM,26178,07/30/2025, 22:18:34,1066
APRL00001,Super Mario BOOM,26179,07/30/2025, 23:18:29,1066
APRL00001,Super Mario BOOM,26180,07/31/2025, 01:25:32,1066
APRL00001,Super Mario BOOM,26180,07/31/2025, 03:40:24,1066
APRL00001,Super Mario BOOM,26180,07/31/2025, 04:40:07,1066
APRL00001,Super Mario BOOM,26180,07/31/2025, 05:25:32,1066
APRL00001,Super Mario BOOM,26181,07/31/2025, 06:28:32,1066
APRL00001,Super Mario BOOM,26181,07/31/2025, 07:22:59,1066
APRL00001,Super Mario BOOM,26181,07/31/2025, 08:25:48,1066
APRL00001,Super Mario BOOM,26182,07/31/2025, 09:24:35,1066
APRL00001,Super Mario BOOM,26183,07/31/2025, 10:20:09,1066
APRL00001,Super Mario BOOM,26184,07/31/2025, 11:16:48,1066
APRL00001,Super Mario BOOM,26184,07/31/2025, 13:37:31,1066
APRL00001,Super Mario BOOM,26184,07/31/2025, 14:20:25,1066
APRL00001,Super Mario BOOM,26184,07/31/2025, 15:20:07,1066
APRL00001,Super Mario BOOM,26184,07/31/2025, 16:23:22,1066
APRL00001,Super Mario BOOM,26185,07/31/2025, 17:19:07,1066
APRL00001,Super Mario BOOM,26186,07/31/2025, 18:27:11,1066
APRL00001,Super Mario BOOM,26187,07/31/2025, 19:18:14,1066
APRL00001,Super Mario BOOM,26189,07/31/2025, 20:20:36,1066
APRL00001,Super Mario BOOM,26190,07/31/2025, 21:17:51,1066
APRL00001,Super Mario BOOM,26191,07/31/2025, 23:18:14,1066
APRL00001,Super Mario BOOM,26192,08/01/2025, 01:43:44,1066
APRL00001,Super Mario BOOM,26195,08/01/2025, 03:54:19,1066
APRL00001,Super Mario BOOM,26195,08/01/2025, 04:52:42,1066
APRL00001,Super Mario BOOM,26197,08/01/2025, 05:30:06,1066
APRL00001,Super Mario BOOM,26198,08/01/2025, 06:29:30,1066
APRL00001,Super Mario BOOM,26198,08/01/2025, 07:24:17,1066
APRL00001,Super Mario BOOM,26198,08/01/2025, 08:25:13,1066
APRL00001,Super Mario BOOM,26199,08/01/2025, 09:24:04,1066
APRL00001,Super Mario BOOM,26199,08/01/2025, 10:20:35,1066
APRL00001,Super Mario BOOM,26199,08/01/2025, 11:16:43,1066
APRL00001,Super Mario BOOM,26200,08/01/2025, 12:37:09,1066
APRL00001,Super Mario BOOM,26200,08/01/2025, 13:36:39,1066
APRL00001,Super Mario BOOM,26200,08/01/2025, 14:20:32,1066
APRL00001,Super Mario BOOM,26200,08/01/2025, 15:20:01,1066
APRL00001,Super Mario BOOM,26200,08/01/2025, 16:23:17,1066
APRL00001,Super Mario BOOM,26201,08/01/2025, 17:19:57,1066
APRL00001,Super Mario BOOM,26201,08/01/2025, 18:25:49,1066
APRL00001,Super Mario BOOM,26201,08/01/2025, 19:17:33,1066
APRL00001,Super Mario BOOM,26203,08/01/2025, 20:20:39,1066
APRL00001,Super Mario BOOM,26203,08/01/2025, 21:17:58,1066
APRL00001,Super Mario BOOM,26204,08/01/2025, 22:18:33,1066
APRL00001,Super Mario BOOM,26204,08/01/2025, 23:18:22,1066
APRL00001,Super Mario BOOM,26204,08/02/2025, 01:22:06,1066
APRL00001,Super Mario BOOM,26204,08/02/2025, 03:24:36,1066
APRL00001,Super Mario BOOM,26205,08/02/2025, 04:33:59,1066
APRL00001,Super Mario BOOM,26205,08/02/2025, 06:24:33,1066
APRL00001,Super Mario BOOM,26205,08/02/2025, 07:17:23,1066
APRL00001,Super Mario BOOM,26205,08/02/2025, 08:21:58,1066
APRL00001,Super Mario BOOM,26207,08/02/2025, 09:20:06,1066
APRL00001,Super Mario BOOM,26207,08/02/2025, 10:18:43,1066
APRL00001,Super Mario BOOM,26207,08/02/2025, 11:15:35,1066
APRL00001,Super Mario BOOM,26210,08/02/2025, 12:33:51,1066
APRL00001,Super Mario BOOM,26214,08/02/2025, 13:29:34,1066
APRL00001,Super Mario BOOM,26215,08/02/2025, 15:18:10,1066
APRL00001,Super Mario BOOM,26217,08/02/2025, 16:20:55,1066
APRL00001,Super Mario BOOM,26218,08/02/2025, 17:15:46,1066
APRL00001,Super Mario BOOM,26219,08/02/2025, 18:24:39,1066
APRL00001,Super Mario BOOM,26220,08/02/2025, 19:14:13,1066
APRL00001,Super Mario BOOM,26220,08/02/2025, 20:18:57,1066
APRL00001,Super Mario BOOM,26224,08/02/2025, 22:17:14,1066
APRL00001,Super Mario BOOM,26225,08/02/2025, 23:18:50,1066
APRL00001,Super Mario BOOM,26229,08/03/2025, 01:41:45,1066
APRL00001,Super Mario BOOM,26230,08/03/2025, 03:49:21,1066
APRL00001,Super Mario BOOM,26231,08/03/2025, 04:46:09,1066
APRL00001,Super Mario BOOM,26231,08/03/2025, 05:25:46,1066
APRL00001,Super Mario BOOM,26231,08/03/2025, 06:24:53,1066
APRL00001,Super Mario BOOM,26231,08/03/2025, 07:17:24,1066
APRL00001,Super Mario BOOM,26231,08/03/2025, 08:22:27,1066
APRL00001,Super Mario BOOM,26231,08/03/2025, 09:18:30,1066
APRL00001,Super Mario BOOM,26231,08/03/2025, 10:18:23,1066
APRL00001,Super Mario BOOM,26233,08/03/2025, 11:16:07,1066
APRL00001,Super Mario BOOM,26237,08/03/2025, 12:35:21,1066
APRL00001,Super Mario BOOM,26238,08/03/2025, 13:31:22,1066
APRL00001,Super Mario BOOM,26238,08/03/2025, 14:16:12,1066
APRL00001,Super Mario BOOM,26238,08/03/2025, 15:18:02,1066
APRL00001,Super Mario BOOM,26239,08/03/2025, 17:16:57,1066
APRL00001,Super Mario BOOM,26239,08/03/2025, 18:24:59,1066
APRL00001,Super Mario BOOM,26239,08/03/2025, 19:15:40,1066
APRL00001,Super Mario BOOM,26241,08/03/2025, 20:20:15,1066
APRL00001,Super Mario BOOM,26242,08/03/2025, 21:17:33,1066
APRL00001,Super Mario BOOM,26246,08/03/2025, 22:18:03,1066
APRL00001,Super Mario BOOM,26246,08/03/2025, 23:18:23,1066
APRL00001,Super Mario BOOM,26248,08/04/2025, 01:41:22,1066
APRL00001,Super Mario BOOM,26248,08/04/2025, 03:54:20,1066
APRL00001,Super Mario BOOM,26248,08/04/2025, 04:55:47,1066
APRL00001,Super Mario BOOM,26248,08/04/2025, 05:35:53,1066
APRL00001,Super Mario BOOM,26248,08/04/2025, 06:34:26,1066
APRL00001,Super Mario BOOM,26249,08/04/2025, 07:27:29,1066
APRL00001,Super Mario BOOM,26249,08/04/2025, 08:27:13,1066
APRL00001,Super Mario BOOM,26249,08/04/2025, 09:29:35,1066
APRL00001,Super Mario BOOM,26249,08/04/2025, 10:22:04,1066
APRL00001,Super Mario BOOM,26251,08/04/2025, 11:17:33,1066
APRL00001,Super Mario BOOM,26251,08/04/2025, 12:39:17,1066
APRL00001,Super Mario BOOM,26252,08/04/2025, 13:40:43,1066
APRL00001,Super Mario BOOM,26253,08/04/2025, 14:23:21,1066
APRL00001,Super Mario BOOM,26253,08/04/2025, 15:20:56,1066
APRL00001,Super Mario BOOM,26253,08/04/2025, 16:24:43,1066
APRL00001,Super Mario BOOM,26254,08/04/2025, 17:23:06,1066
APRL00001,Super Mario BOOM,26254,08/04/2025, 18:28:05,1066
APRL00001,Super Mario BOOM,26254,08/04/2025, 19:19:21,1066
APRL00001,Super Mario BOOM,26255,08/04/2025, 20:21:08,1066
APRL00001,Super Mario BOOM,26256,08/04/2025, 21:18:29,1066
APRL00001,Super Mario BOOM,26256,08/04/2025, 22:19:00,1066
APRL00001,Super Mario BOOM,26257,08/04/2025, 23:18:42,1066
APRL00001,Super Mario BOOM,26259,08/05/2025, 01:27:23,1066
APRL00001,Super Mario BOOM,26260,08/05/2025, 03:46:02,1066
APRL00001,Super Mario BOOM,26260,08/05/2025, 04:45:15,1066
APRL00001,Super Mario BOOM,26260,08/05/2025, 05:27:28,1066
APRL00001,Super Mario BOOM,26261,08/05/2025, 06:30:00,1066
APRL00001,Super Mario BOOM,26261,08/05/2025, 07:24:31,1066
APRL00001,Super Mario BOOM,26261,08/05/2025, 08:26:04,1066
APRL00001,Super Mario BOOM,26261,08/05/2025, 09:25:35,1066
APRL00001,Super Mario BOOM,26261,08/05/2025, 10:21:06,1066
APRL00001,Super Mario BOOM,26261,08/05/2025, 11:17:32,1066
APRL00001,Super Mario BOOM,26263,08/05/2025, 12:39:18,1066
APRL00001,Super Mario BOOM,26263,08/05/2025, 13:40:37,1066
APRL00001,Super Mario BOOM,26264,08/05/2025, 14:23:26,1066
APRL00001,Super Mario BOOM,26264,08/05/2025, 15:22:01,1066
APRL00001,Super Mario BOOM,26264,08/05/2025, 16:20:23,1066
APRL00001,Super Mario BOOM,26265,08/05/2025, 17:17:54,1066
APRL00001,Super Mario BOOM,26266,08/05/2025, 18:29:01,1066
APRL00001,Super Mario BOOM,26266,08/05/2025, 19:20:42,1066
APRL00001,Super Mario BOOM,26268,08/05/2025, 20:19:34,1066
APRL00001,Super Mario BOOM,26269,08/05/2025, 21:18:33,1066
APRL00001,Super Mario BOOM,26269,08/05/2025, 22:19:36,1066
APRL00001,Super Mario BOOM,26271,08/05/2025, 23:18:37,1066
APRL00001,Super Mario BOOM,26272,08/06/2025, 01:25:41,1066
APRL00001,Super Mario BOOM,26273,08/06/2025, 03:43:08,1066
APRL00001,Super Mario BOOM,26273,08/06/2025, 04:42:43,1066
APRL00001,Super Mario BOOM,26274,08/06/2025, 05:28:57,1066
APRL00001,Super Mario BOOM,26276,08/06/2025, 06:29:58,1066
APRL00001,Super Mario BOOM,26276,08/06/2025, 07:24:09,1066
APRL00001,Super Mario BOOM,26277,08/06/2025, 08:25:41,1066
APRL00001,Super Mario BOOM,26277,08/06/2025, 09:26:13,1066
APRL00001,Super Mario BOOM,26277,08/06/2025, 10:20:51,1066
APRL00001,Super Mario BOOM,26278,08/06/2025, 11:17:29,1066
APRL00001,Super Mario BOOM,26278,08/06/2025, 12:39:21,1066
APRL00001,Super Mario BOOM,26278,08/06/2025, 13:41:20,1066
APRL00001,Super Mario BOOM,26278,08/06/2025, 14:22:06,1066
APRL00001,Super Mario BOOM,26278,08/06/2025, 15:21:11,1066
APRL00001,Super Mario BOOM,26279,08/06/2025, 16:24:09,1066
APRL00001,Super Mario BOOM,26279,08/06/2025, 17:21:20,1066
APRL00001,Super Mario BOOM,26280,08/06/2025, 18:27:18,1066
APRL00001,Super Mario BOOM,26280,08/06/2025, 19:18:12,1066
APRL00001,Super Mario BOOM,26280,08/06/2025, 20:20:43,1066
APRL00001,Super Mario BOOM,26281,08/06/2025, 21:16:26,1066
APRL00001,Super Mario BOOM,26283,08/06/2025, 22:19:33,1066
APRL00001,Super Mario BOOM,26284,08/06/2025, 23:19:17,1066
APRL00001,Super Mario BOOM,26285,08/07/2025, 01:26:17,1066
APRL00001,Super Mario BOOM,26285,08/07/2025, 03:43:00,1066
APRL00001,Super Mario BOOM,26285,08/07/2025, 04:42:18,1066
APRL00001,Super Mario BOOM,26285,08/07/2025, 05:27:21,1066
APRL00001,Super Mario BOOM,26285,08/07/2025, 06:29:10,1066
APRL00001,Super Mario BOOM,26285,08/07/2025, 07:24:07,1066
APRL00001,Super Mario BOOM,26285,08/07/2025, 08:25:35,1066
APRL00001,Super Mario BOOM,26286,08/07/2025, 09:24:56,1066
APRL00001,Super Mario BOOM,26286,08/07/2025, 11:17:43,1066
APRL00001,Super Mario BOOM,26287,08/07/2025, 12:38:35,1066
APRL00001,Super Mario BOOM,26288,08/07/2025, 13:39:28,1066
APRL00001,Super Mario BOOM,26288,08/07/2025, 14:22:12,1066
APRL00001,Super Mario BOOM,26288,08/07/2025, 15:21:05,1066
APRL00001,Super Mario BOOM,26288,08/07/2025, 16:24:17,1066
APRL00001,Super Mario BOOM,26288,08/07/2025, 17:20:26,1066
APRL00001,Super Mario BOOM,26289,08/07/2025, 18:28:29,1066
APRL00001,Super Mario BOOM,26289,08/07/2025, 20:20:32,1066
APRL00001,Super Mario BOOM,26290,08/07/2025, 22:19:01,1066
APRL00001,Super Mario BOOM,26292,08/07/2025, 23:19:05,1066
APRL00001,Super Mario BOOM,26292,08/08/2025, 01:25:52,1066
APRL00001,Super Mario BOOM,26294,08/08/2025, 03:42:42,1066
APRL00001,Super Mario BOOM,26296,08/08/2025, 04:42:25,1066
APRL00001,Super Mario BOOM,26296,08/08/2025, 05:27:22,1066
APRL00001,Super Mario BOOM,26298,08/08/2025, 06:29:10,1066
APRL00001,Super Mario BOOM,26298,08/08/2025, 07:24:04,1066
APRL00001,Super Mario BOOM,26298,08/08/2025, 08:25:50,1066
APRL00001,Super Mario BOOM,26298,08/08/2025, 09:24:47,1066
APRL00001,Super Mario BOOM,26298,08/08/2025, 11:16:45,1066
APRL00001,Super Mario BOOM,26298,08/08/2025, 12:37:47,1066
APRL00001,Super Mario BOOM,26298,08/08/2025, 13:37:47,1066
APRL00001,Super Mario BOOM,26298,08/08/2025, 14:20:40,1066
APRL00001,Super Mario BOOM,26298,08/08/2025, 15:19:36,1066
APRL00001,Super Mario BOOM,26298,08/08/2025, 16:21:18,1066
APRL00001,Super Mario BOOM,26300,08/08/2025, 17:14:30,1066
APRL00001,Super Mario BOOM,26300,08/08/2025, 18:24:35,1066
APRL00001,Super Mario BOOM,26300,08/08/2025, 19:15:23,1066
APRL00001,Super Mario BOOM,26300,08/08/2025, 20:19:53,1066
APRL00001,Super Mario BOOM,26300,08/08/2025, 21:17:07,1066
APRL00001,Super Mario BOOM,26301,08/08/2025, 22:17:31,1066
APRL00001,Super Mario BOOM,26303,08/08/2025, 23:17:41,1066
APRL00001,Super Mario BOOM,26306,08/09/2025, 01:19:27,1066
APRL00001,Super Mario BOOM,26308,08/09/2025, 03:18:43,1066
APRL00001,Super Mario BOOM,26308,08/09/2025, 04:27:35,1066
APRL00001,Super Mario BOOM,26308,08/09/2025, 05:17:49,1066
APRL00001,Super Mario BOOM,26309,08/09/2025, 07:16:28,1066
APRL00001,Super Mario BOOM,26309,08/09/2025, 08:21:56,1066
APRL00001,Super Mario BOOM,26309,08/09/2025, 09:17:39,1066
APRL00001,Super Mario BOOM,26310,08/09/2025, 10:17:30,1066
APRL00001,Super Mario BOOM,26310,08/09/2025, 11:15:14,1066
APRL00001,Super Mario BOOM,26310,08/09/2025, 12:33:20,1066
APRL00001,Super Mario BOOM,26311,08/09/2025, 13:27:53,1066
APRL00001,Super Mario BOOM,26312,08/09/2025, 14:16:31,1066
APRL00001,Super Mario BOOM,26312,08/09/2025, 15:17:24,1066
APRL00001,Super Mario BOOM,26313,08/09/2025, 16:20:35,1066
APRL00001,Super Mario BOOM,26313,08/09/2025, 17:15:06,1066
APRL00001,Super Mario BOOM,26314,08/09/2025, 18:23:29,1066
APRL00001,Super Mario BOOM,26316,08/09/2025, 19:13:34,1066
APRL00001,Super Mario BOOM,26318,08/09/2025, 20:18:37,1066
APRL00001,Super Mario BOOM,26320,08/09/2025, 21:16:18,1066
APRL00001,Super Mario BOOM,26320,08/09/2025, 22:17:06,1066
APRL00001,Super Mario BOOM,26322,08/09/2025, 23:16:57,1066
APRL00001,Super Mario BOOM,26323,08/10/2025, 01:30:10,1066
APRL00001,Super Mario BOOM,26326,08/10/2025, 04:38:48,1066
APRL00001,Super Mario BOOM,26328,08/10/2025, 06:25:10,1066
APRL00001,Super Mario BOOM,26328,08/10/2025, 07:16:21,1066
APRL00001,Super Mario BOOM,26328,08/10/2025, 08:21:56,1066
APRL00001,Super Mario BOOM,26331,08/10/2025, 09:17:46,1066
APRL00001,Super Mario BOOM,26331,08/10/2025, 10:18:14,1066
APRL00001,Super Mario BOOM,26332,08/10/2025, 11:14:55,1066
APRL00001,Super Mario BOOM,26332,08/10/2025, 12:33:42,1066
APRL00001,Super Mario BOOM,26334,08/10/2025, 14:16:15,1066
APRL00001,Super Mario BOOM,26336,08/10/2025, 15:17:25,1066
APRL00001,Super Mario BOOM,26337,08/10/2025, 16:20:57,1066
APRL00001,Super Mario BOOM,26337,08/10/2025, 17:15:00,1066
APRL00001,Super Mario BOOM,26338,08/10/2025, 18:22:58,1066
APRL00001,Super Mario BOOM,26338,08/10/2025, 19:14:03,1066
APRL00001,Super Mario BOOM,26339,08/10/2025, 20:19:30,1066
APRL00001,Super Mario BOOM,26339,08/10/2025, 21:16:19,1066
APRL00001,Super Mario BOOM,26339,08/10/2025, 22:16:46,1066
APRL00001,Super Mario BOOM,26339,08/10/2025, 23:17:02,1066
APRL00001,Super Mario BOOM,26341,08/11/2025, 01:26:32,1066
APRL00001,Super Mario BOOM,26342,08/11/2025, 03:41:48,1066
APRL00001,Super Mario BOOM,26343,08/11/2025, 04:41:23,1066
APRL00001,Super Mario BOOM,26343,08/11/2025, 05:26:09,1066
APRL00001,Super Mario BOOM,26343,08/11/2025, 06:28:54,1066
APRL00001,Super Mario BOOM,26343,08/11/2025, 07:23:21,1066
APRL00001,Super Mario BOOM,26343,08/11/2025, 08:26:50,1066
APRL00001,Super Mario BOOM,26345,08/11/2025, 10:20:50,1066
APRL00001,Super Mario BOOM,26346,08/11/2025, 11:17:00,1066
APRL00001,Super Mario BOOM,26346,08/11/2025, 12:37:58,1066
APRL00001,Super Mario BOOM,26346,08/11/2025, 13:36:51,1066
APRL00001,Super Mario BOOM,26346,08/11/2025, 14:20:11,1066
APRL00001,Super Mario BOOM,26346,08/11/2025, 15:19:54,1066
APRL00001,Super Mario BOOM,26346,08/11/2025, 16:22:42,1066
APRL00001,Super Mario BOOM,26346,08/11/2025, 17:19:04,1066
APRL00001,Super Mario BOOM,26348,08/11/2025, 18:27:00,1066
APRL00001,Super Mario BOOM,26348,08/11/2025, 19:17:13,1066
APRL00001,Super Mario BOOM,26348,08/11/2025, 20:18:42,1066
APRL00001,Super Mario BOOM,26348,08/11/2025, 21:17:08,1066
APRL00001,Super Mario BOOM,26349,08/11/2025, 22:17:09,1066
APRL00001,Super Mario BOOM,26350,08/11/2025, 23:16:52,1066
APRL00001,Super Mario BOOM,26353,08/12/2025, 01:18:35,1066
APRL00001,Super Mario BOOM,26353,08/12/2025, 03:15:53,1066
APRL00001,Super Mario BOOM,26354,08/12/2025, 04:26:14,1066
APRL00001,Super Mario BOOM,26355,08/12/2025, 06:26:54,1066
APRL00001,Super Mario BOOM,26355,08/12/2025, 07:18:54,1066
APRL00001,Super Mario BOOM,26355,08/12/2025, 08:23:48,1066
APRL00001,Super Mario BOOM,26355,08/12/2025, 09:20:31,1066
APRL00001,Super Mario BOOM,26356,08/12/2025, 10:19:51,1066
APRL00001,Super Mario BOOM,26356,08/12/2025, 11:16:20,1066
APRL00001,Super Mario BOOM,26356,08/12/2025, 12:35:44,1066
APRL00001,Super Mario BOOM,26356,08/12/2025, 13:33:13,1066
APRL00001,Super Mario BOOM,26357,08/12/2025, 15:19:33,1066
APRL00001,Super Mario BOOM,26357,08/12/2025, 16:22:31,1066
APRL00001,Super Mario BOOM,26357,08/12/2025, 17:17:34,1066
APRL00001,Super Mario BOOM,26357,08/12/2025, 18:26:48,1066
APRL00001,Super Mario BOOM,26359,08/12/2025, 19:15:12,1066
APRL00001,Super Mario BOOM,26359,08/12/2025, 20:20:29,1066
APRL00001,Super Mario BOOM,26359,08/12/2025, 21:17:09,1066
APRL00001,Super Mario BOOM,26361,08/12/2025, 22:16:52,1066
APRL00001,Super Mario BOOM,26364,08/13/2025, 01:19:51,1066
APRL00001,Super Mario BOOM,26365,08/13/2025, 03:18:51,1066
APRL00001,Super Mario BOOM,26367,08/13/2025, 04:28:40,1066
APRL00001,Super Mario BOOM,26368,08/13/2025, 05:19:14,1066
APRL00001,Super Mario BOOM,26368,08/13/2025, 06:27:10,1066
APRL00001,Super Mario BOOM,26368,08/13/2025, 07:19:39,1066
APRL00001,Super Mario BOOM,26368,08/13/2025, 08:23:54,1066
APRL00001,Super Mario BOOM,26368,08/13/2025, 09:20:57,1066
APRL00001,Super Mario BOOM,26369,08/13/2025, 10:19:49,1066
APRL00001,Super Mario BOOM,26370,08/13/2025, 11:16:39,1066
APRL00001,Super Mario BOOM,26370,08/13/2025, 12:36:21,1066
APRL00001,Super Mario BOOM,26370,08/13/2025, 13:34:06,1066
APRL00001,Super Mario BOOM,26370,08/13/2025, 14:18:29,1066
APRL00001,Super Mario BOOM,26370,08/13/2025, 15:15:50,1066
APRL00001,Super Mario BOOM,26370,08/13/2025, 16:19:17,1066
APRL00001,Super Mario BOOM,26370,08/13/2025, 17:14:56,1066
APRL00001,Super Mario BOOM,26370,08/13/2025, 18:25:05,1066
APRL00001,Super Mario BOOM,26370,08/13/2025, 19:14:56,1066
APRL00001,Super Mario BOOM,26370,08/13/2025, 20:19:21,1066
APRL00001,Super Mario BOOM,26370,08/13/2025, 21:16:57,1066
APRL00001,Super Mario BOOM,26370,08/13/2025, 22:17:54,1066
APRL00001,Super Mario BOOM,26370,08/13/2025, 23:17:12,1066
APRL00001,Super Mario BOOM,26370,08/14/2025, 01:20:20,1066
APRL00001,Super Mario BOOM,26372,08/14/2025, 03:19:02,1066
APRL00001,Super Mario BOOM,26372,08/14/2025, 04:28:33,1066
APRL00001,Super Mario BOOM,26372,08/14/2025, 05:19:09,1066
APRL00001,Super Mario BOOM,26372,08/14/2025, 06:27:41,1066
APRL00001,Super Mario BOOM,26372,08/14/2025, 07:19:39,1066
APRL00001,Super Mario BOOM,26372,08/14/2025, 08:24:34,1066
APRL00001,Super Mario BOOM,26372,08/14/2025, 09:21:11,1066
APRL00001,Super Mario BOOM,26372,08/14/2025, 10:20:16,1066
APRL00001,Super Mario BOOM,26372,08/14/2025, 11:16:11,1066
APRL00001,Super Mario BOOM,26372,08/14/2025, 12:36:57,1066
APRL00001,Super Mario BOOM,26372,08/14/2025, 13:34:36,1066
APRL00001,Super Mario BOOM,26372,08/14/2025, 14:18:19,1066
APRL00001,Super Mario BOOM,26373,08/14/2025, 15:19:18,1066
APRL00001,Super Mario BOOM,26373,08/14/2025, 16:22:52,1066
APRL00001,Super Mario BOOM,26373,08/14/2025, 17:16:45,1066
APRL00001,Super Mario BOOM,26373,08/14/2025, 18:25:48,1066
APRL00001,Super Mario BOOM,26373,08/14/2025, 19:15:40,1066
APRL00001,Super Mario BOOM,26373,08/14/2025, 20:20:11,1066
APRL00001,Super Mario BOOM,26373,08/14/2025, 21:17:09,1066
APRL00001,Super Mario BOOM,26373,08/14/2025, 22:16:53,1066
APRL00001,Super Mario BOOM,26373,08/14/2025, 23:17:07,1066
APRL00001,Super Mario BOOM,26373,08/15/2025, 01:20:56,1066
APRL00001,Super Mario BOOM,26375,08/15/2025, 03:20:13,1066
APRL00001,Super Mario BOOM,26375,08/15/2025, 04:29:12,1066
APRL00001,Super Mario BOOM,26375,08/15/2025, 05:19:21,1066
APRL00001,Super Mario BOOM,26375,08/15/2025, 06:27:05,1066
APRL00001,Super Mario BOOM,26375,08/15/2025, 07:18:18,1066
APRL00001,Super Mario BOOM,26375,08/15/2025, 08:23:13,1066
APRL00001,Super Mario BOOM,26375,08/15/2025, 09:19:14,1066
APRL00001,Super Mario BOOM,26375,08/15/2025, 10:18:44,1066
APRL00001,Super Mario BOOM,26375,08/15/2025, 11:15:27,1066
APRL00001,Super Mario BOOM,26375,08/15/2025, 12:33:50,1066
APRL00001,Super Mario BOOM,26375,08/15/2025, 13:29:45,1066
APRL00001,Super Mario BOOM,26375,08/15/2025, 14:17:36,1066
APRL00001,Super Mario BOOM,26375,08/15/2025, 15:18:15,1066
APRL00001,Super Mario BOOM,26375,08/15/2025, 16:21:29,1066
APRL00001,Super Mario BOOM,26375,08/15/2025, 17:16:01,1066
APRL00001,Super Mario BOOM,26375,08/15/2025, 18:25:07,1066
APRL00001,Super Mario BOOM,26375,08/15/2025, 19:14:33,1066
APRL00001,Super Mario BOOM,26378,08/15/2025, 20:19:34,1066
APRL00001,Super Mario BOOM,26379,08/15/2025, 21:14:42,1066
APRL00001,Super Mario BOOM,26379,08/15/2025, 22:17:00,1066
APRL00001,Super Mario BOOM,26379,08/15/2025, 23:17:15,1066
APRL00001,Super Mario BOOM,26381,08/16/2025, 01:16:41,1066
APRL00001,Super Mario BOOM,26381,08/16/2025, 03:13:16,1066
APRL00001,Super Mario BOOM,26381,08/16/2025, 04:22:40,1066
APRL00001,Super Mario BOOM,26381,08/16/2025, 05:17:14,1066
APRL00001,Super Mario BOOM,26381,08/16/2025, 06:23:49,1066
APRL00001,Super Mario BOOM,26381,08/16/2025, 07:16:03,1066
APRL00001,Super Mario BOOM,26381,08/16/2025, 08:21:31,1066
APRL00001,Super Mario BOOM,26381,08/16/2025, 09:17:32,1066
APRL00001,Super Mario BOOM,26381,08/16/2025, 10:17:16,1066
APRL00001,Super Mario BOOM,26381,08/16/2025, 11:14:19,1066
APRL00001,Super Mario BOOM,26381,08/16/2025, 12:32:11,1066
APRL00001,Super Mario BOOM,26382,08/16/2025, 13:25:38,1066
APRL00001,Super Mario BOOM,26383,08/16/2025, 14:15:12,1066
APRL00001,Super Mario BOOM,26385,08/16/2025, 15:16:10,1066
APRL00001,Super Mario BOOM,26386,08/16/2025, 16:19:31,1066
APRL00001,Super Mario BOOM,26386,08/16/2025, 17:14:30,1066
APRL00001,Super Mario BOOM,26388,08/16/2025, 18:21:58,1066
APRL00001,Super Mario BOOM,26388,08/16/2025, 19:13:51,1066
APRL00001,Super Mario BOOM,26389,08/16/2025, 20:17:53,1066
APRL00001,Super Mario BOOM,26390,08/16/2025, 21:15:55,1066
APRL00001,Super Mario BOOM,26391,08/16/2025, 22:16:02,1066
APRL00001,Super Mario BOOM,26392,08/16/2025, 23:16:08,1066
APRL00001,Super Mario BOOM,26392,08/17/2025, 01:25:36,1066
APRL00001,Super Mario BOOM,26392,08/17/2025, 03:24:45,1066
APRL00001,Super Mario BOOM,26392,08/17/2025, 04:30:54,1066
APRL00001,Super Mario BOOM,26392,08/17/2025, 05:18:00,1066
APRL00001,Super Mario BOOM,26392,08/17/2025, 06:24:58,1066
APRL00001,Super Mario BOOM,26393,08/17/2025, 07:15:55,1066
APRL00001,Super Mario BOOM,26394,08/17/2025, 08:22:06,1066
APRL00001,Super Mario BOOM,26395,08/17/2025, 09:17:26,1066
APRL00001,Super Mario BOOM,26396,08/17/2025, 10:17:33,1066
APRL00001,Super Mario BOOM,26396,08/17/2025, 11:14:06,1066
APRL00001,Super Mario BOOM,26398,08/17/2025, 12:32:57,1066
APRL00001,Super Mario BOOM,26398,08/17/2025, 13:26:47,1066
APRL00001,Super Mario BOOM,26398,08/17/2025, 14:15:45,1066
APRL00001,Super Mario BOOM,26398,08/17/2025, 15:16:45,1066
APRL00001,Super Mario BOOM,26399,08/17/2025, 16:20:07,1066
APRL00001,Super Mario BOOM,26399,08/17/2025, 17:15:17,1066
APRL00001,Super Mario BOOM,26399,08/17/2025, 18:23:03,1066
APRL00001,Super Mario BOOM,26401,08/17/2025, 19:13:53,1066
APRL00001,Super Mario BOOM,26402,08/17/2025, 20:18:58,1066
APRL00001,Super Mario BOOM,26402,08/17/2025, 21:15:54,1066
APRL00001,Super Mario BOOM,26402,08/17/2025, 22:17:04,1066
APRL00001,Super Mario BOOM,26403,08/17/2025, 23:16:55,1066
APRL00001,Super Mario BOOM,26405,08/18/2025, 01:24:50,1066
APRL00001,Super Mario BOOM,26407,08/18/2025, 03:28:23,1066
APRL00001,Super Mario BOOM,26408,08/18/2025, 04:37:28,1066
APRL00001,Super Mario BOOM,26408,08/18/2025, 05:22:30,1066
APRL00001,Super Mario BOOM,26408,08/18/2025, 06:28:58,1066
APRL00001,Super Mario BOOM,26408,08/18/2025, 07:21:39,1066
APRL00001,Super Mario BOOM,26409,08/18/2025, 08:26:09,1066
APRL00001,Super Mario BOOM,26409,08/18/2025, 09:23:11,1066
APRL00001,Super Mario BOOM,26409,08/18/2025, 10:20:25,1066
APRL00001,Super Mario BOOM,26409,08/18/2025, 11:16:53,1066
APRL00001,Super Mario BOOM,26410,08/18/2025, 12:37:09,1066
APRL00001,Super Mario BOOM,26411,08/18/2025, 13:34:58,1066
APRL00001,Super Mario BOOM,26412,08/18/2025, 14:19:08,1066
APRL00001,Super Mario BOOM,26412,08/18/2025, 15:19:23,1066
APRL00001,Super Mario BOOM,26412,08/18/2025, 16:22:31,1066
APRL00001,Super Mario BOOM,26412,08/18/2025, 17:17:51,1066
APRL00001,Super Mario BOOM,26412,08/18/2025, 18:25:54,1066
APRL00001,Super Mario BOOM,26412,08/18/2025, 19:15:42,1066
APRL00001,Super Mario BOOM,26412,08/18/2025, 20:18:36,1066
APRL00001,Super Mario BOOM,26412,08/18/2025, 21:15:27,1066
APRL00001,Super Mario BOOM,26413,08/18/2025, 22:15:38,1066
APRL00001,Super Mario BOOM,26413,08/18/2025, 23:16:35,1066
APRL00001,Super Mario BOOM,26415,08/19/2025, 01:17:02,1066
APRL00001,Super Mario BOOM,26418,08/19/2025, 03:09:07,1066
APRL00001,Super Mario BOOM,26419,08/19/2025, 04:20:40,1066
APRL00001,Super Mario BOOM,26420,08/19/2025, 05:17:18,1066
APRL00001,Super Mario BOOM,26424,08/19/2025, 06:25:52,1066
APRL00001,Super Mario BOOM,26424,08/19/2025, 07:16:53,1066
APRL00001,Super Mario BOOM,26426,08/19/2025, 08:22:33,1066
APRL00001,Super Mario BOOM,26427,08/19/2025, 09:19:10,1066
APRL00001,Super Mario BOOM,26427,08/19/2025, 10:18:42,1066
APRL00001,Super Mario BOOM,26427,08/19/2025, 11:14:48,1066
APRL00001,Super Mario BOOM,26427,08/19/2025, 12:34:10,1066
APRL00001,Super Mario BOOM,26429,08/19/2025, 13:28:41,1066
APRL00001,Super Mario BOOM,26429,08/19/2025, 14:17:12,1066
APRL00001,Super Mario BOOM,26429,08/19/2025, 15:18:48,1066
APRL00001,Super Mario BOOM,26429,08/19/2025, 16:21:40,1066
APRL00001,Super Mario BOOM,26429,08/19/2025, 17:15:27,1066
APRL00001,Super Mario BOOM,26429,08/19/2025, 18:22:46,1066
APRL00001,Super Mario BOOM,26429,08/19/2025, 19:13:51,1066
APRL00001,Super Mario BOOM,26431,08/19/2025, 20:19:15,1066
APRL00001,Super Mario BOOM,26432,08/19/2025, 21:16:08,1066
APRL00001,Super Mario BOOM,26434,08/19/2025, 22:16:40,1066
APRL00001,Super Mario BOOM,26434,08/19/2025, 23:16:11,1066
APRL00001,Super Mario BOOM,26435,08/20/2025, 01:14:59,1066
APRL00001,Super Mario BOOM,26435,08/20/2025, 03:07:05,1066
APRL00001,Super Mario BOOM,26435,08/20/2025, 04:21:07,1066
APRL00001,Super Mario BOOM,26435,08/20/2025, 05:17:46,1066
APRL00001,Super Mario BOOM,26436,08/20/2025, 06:26:11,1066
APRL00001,Super Mario BOOM,26436,08/20/2025, 07:17:28,1066
APRL00001,Super Mario BOOM,26436,08/20/2025, 08:22:27,1066
APRL00001,Super Mario BOOM,26436,08/20/2025, 09:18:56,1066
APRL00001,Super Mario BOOM,26436,08/20/2025, 10:18:29,1066
APRL00001,Super Mario BOOM,26436,08/20/2025, 11:15:02,1066
APRL00001,Super Mario BOOM,26436,08/20/2025, 12:34:12,1066
APRL00001,Super Mario BOOM,26437,08/20/2025, 13:29:25,1066
APRL00001,Super Mario BOOM,26438,08/20/2025, 14:18:24,1066
APRL00001,Super Mario BOOM,26438,08/20/2025, 15:18:54,1066
APRL00001,Super Mario BOOM,26439,08/20/2025, 16:21:34,1066
APRL00001,Super Mario BOOM,26439,08/20/2025, 17:15:26,1066
APRL00001,Super Mario BOOM,26439,08/20/2025, 18:24:26,1066
APRL00001,Super Mario BOOM,26439,08/20/2025, 19:14:09,1066
APRL00001,Super Mario BOOM,26440,08/20/2025, 20:19:20,1066
APRL00001,Super Mario BOOM,26440,08/20/2025, 21:16:07,1066
APRL00001,Super Mario BOOM,26441,08/20/2025, 22:16:17,1066
APRL00001,Super Mario BOOM,26441,08/20/2025, 23:16:16,1066
APRL00001,Super Mario BOOM,26442,08/21/2025, 01:14:00,1066
APRL00001,Super Mario BOOM,26443,08/21/2025, 03:06:05,1066
APRL00001,Super Mario BOOM,26443,08/21/2025, 04:20:39,1066
APRL00001,Super Mario BOOM,26443,08/21/2025, 05:17:54,1066
APRL00001,Super Mario BOOM,26443,08/21/2025, 06:35:28,1066
APRL00001,Super Mario BOOM,26444,08/21/2025, 07:20:05,1066
APRL00001,Super Mario BOOM,26444,08/21/2025, 08:22:41,1066
APRL00001,Super Mario BOOM,26445,08/21/2025, 09:18:26,1066
APRL00001,Super Mario BOOM,26446,08/21/2025, 10:18:27,1066
APRL00001,Super Mario BOOM,26446,08/21/2025, 11:15:43,1066
APRL00001,Super Mario BOOM,26446,08/21/2025, 12:33:47,1066
APRL00001,Super Mario BOOM,26449,08/21/2025, 13:28:26,1066
APRL00001,Super Mario BOOM,26449,08/21/2025, 14:17:51,1066
APRL00001,Super Mario BOOM,26449,08/21/2025, 15:18:30,1066
APRL00001,Super Mario BOOM,26451,08/21/2025, 16:30:14,1066
APRL00001,Super Mario BOOM,26451,08/21/2025, 17:15:23,1066
APRL00001,Super Mario BOOM,26451,08/21/2025, 18:24:34,1066
APRL00001,Super Mario BOOM,26452,08/21/2025, 19:13:51,1066
APRL00001,Super Mario BOOM,26452,08/21/2025, 20:18:19,1066
APRL00001,Super Mario BOOM,26452,08/21/2025, 21:15:44,1066
APRL00001,Super Mario BOOM,26453,08/21/2025, 22:17:13,1066
APRL00001,Super Mario BOOM,26454,08/21/2025, 23:16:18,1066
APRL00001,Super Mario BOOM,26455,08/22/2025, 01:14:58,1066
APRL00001,Super Mario BOOM,26458,08/22/2025, 03:07:05,1066
APRL00001,Super Mario BOOM,26460,08/22/2025, 04:19:57,1066
APRL00001,Super Mario BOOM,26460,08/22/2025, 05:17:23,1066
APRL00001,Super Mario BOOM,26460,08/22/2025, 06:25:33,1066
APRL00001,Super Mario BOOM,26460,08/22/2025, 07:16:36,1066
APRL00001,Super Mario BOOM,26461,08/22/2025, 08:22:16,1066
APRL00001,Super Mario BOOM,26462,08/22/2025, 09:18:28,1066
APRL00001,Super Mario BOOM,26462,08/22/2025, 10:18:30,1066
APRL00001,Super Mario BOOM,26462,08/22/2025, 11:14:31,1066
APRL00001,Super Mario BOOM,26463,08/22/2025, 12:33:23,1066
APRL00001,Super Mario BOOM,26463,08/22/2025, 13:27:23,1066
APRL00001,Super Mario BOOM,26464,08/22/2025, 14:16:46,1066
APRL00001,Super Mario BOOM,26465,08/22/2025, 15:17:33,1066
APRL00001,Super Mario BOOM,26466,08/22/2025, 16:20:13,1066
APRL00001,Super Mario BOOM,26466,08/22/2025, 17:16:01,1066
APRL00001,Super Mario BOOM,26467,08/22/2025, 18:23:13,1066
APRL00001,Super Mario BOOM,26468,08/22/2025, 19:14:14,1066
APRL00001,Super Mario BOOM,26468,08/22/2025, 20:18:50,1066
APRL00001,Super Mario BOOM,26468,08/22/2025, 21:15:19,1066
APRL00001,Super Mario BOOM,26470,08/22/2025, 22:15:46,1066
APRL00001,Super Mario BOOM,26472,08/22/2025, 23:16:04,1066
APRL00001,Super Mario BOOM,26474,08/23/2025, 01:12:37,1066
APRL00001,Super Mario BOOM,26474,08/23/2025, 03:01:02,1066
APRL00001,Super Mario BOOM,26475,08/23/2025, 03:39:07,1066
APRL00001,Super Mario BOOM,26475,08/23/2025, 04:19:36,1066
APRL00001,Super Mario BOOM,26476,08/23/2025, 05:16:09,1066
APRL00001,Super Mario BOOM,26477,08/23/2025, 06:22:43,1066
APRL00001,Super Mario BOOM,26478,08/23/2025, 07:15:10,1066
APRL00001,Super Mario BOOM,26478,08/23/2025, 08:20:28,1066
APRL00001,Super Mario BOOM,26478,08/23/2025, 09:16:02,1066
APRL00001,Super Mario BOOM,26478,08/23/2025, 10:16:42,1066
APRL00001,Super Mario BOOM,26478,08/23/2025, 11:13:08,1066
APRL00001,Super Mario BOOM,26479,08/23/2025, 12:30:12,1066
APRL00001,Super Mario BOOM,26480,08/23/2025, 13:23:50,1066
APRL00001,Super Mario BOOM,26483,08/23/2025, 14:14:42,1066
APRL00001,Super Mario BOOM,26483,08/23/2025, 15:15:06,1066
APRL00001,Super Mario BOOM,26484,08/23/2025, 16:18:08,1066
APRL00001,Super Mario BOOM,26485,08/23/2025, 17:13:35,1066
APRL00001,Super Mario BOOM,26487,08/23/2025, 18:21:00,1066
APRL00001,Super Mario BOOM,26488,08/23/2025, 19:12:59,1066
APRL00001,Super Mario BOOM,26488,08/23/2025, 20:17:05,1066
APRL00001,Super Mario BOOM,26490,08/23/2025, 21:15:02,1066
APRL00001,Super Mario BOOM,26491,08/23/2025, 22:15:16,1066
APRL00001,Super Mario BOOM,26492,08/23/2025, 23:15:44,1066
APRL00001,Super Mario BOOM,26494,08/24/2025, 01:22:41,1066
APRL00001,Super Mario BOOM,26494,08/24/2025, 03:17:45,1066
APRL00001,Super Mario BOOM,26494,08/24/2025, 04:23:48,1066
APRL00001,Super Mario BOOM,26495,08/24/2025, 05:16:57,1066
APRL00001,Super Mario BOOM,26495,08/24/2025, 06:23:21,1066
APRL00001,Super Mario BOOM,26495,08/24/2025, 07:15:55,1066
APRL00001,Super Mario BOOM,26496,08/24/2025, 08:19:50,1066
APRL00001,Super Mario BOOM,26496,08/24/2025, 09:16:15,1066
APRL00001,Super Mario BOOM,26497,08/24/2025, 10:16:37,1066
APRL00001,Super Mario BOOM,26499,08/24/2025, 11:13:36,1066
APRL00001,Super Mario BOOM,26499,08/24/2025, 12:30:45,1066
APRL00001,Super Mario BOOM,26502,08/24/2025, 13:24:18,1066
APRL00001,Super Mario BOOM,26502,08/24/2025, 14:14:24,1066
APRL00001,Super Mario BOOM,26503,08/24/2025, 15:15:57,1066
APRL00001,Super Mario BOOM,26504,08/24/2025, 16:19:19,1066
APRL00001,Super Mario BOOM,26504,08/24/2025, 17:14:26,1066
APRL00001,Super Mario BOOM,26505,08/24/2025, 18:21:48,1066
APRL00001,Super Mario BOOM,26505,08/24/2025, 19:13:38,1066
APRL00001,Super Mario BOOM,26505,08/24/2025, 20:18:00,1066
APRL00001,Super Mario BOOM,26505,08/24/2025, 21:14:57,1066
APRL00001,Super Mario BOOM,26506,08/24/2025, 22:16:10,1066
APRL00001,Super Mario BOOM,26508,08/24/2025, 23:15:35,1066
APRL00001,Super Mario BOOM,26512,08/25/2025, 01:18:05,1066
APRL00001,Super Mario BOOM,26514,08/25/2025, 03:14:09,1066
APRL00001,Super Mario BOOM,26515,08/25/2025, 04:24:38,1066
APRL00001,Super Mario BOOM,26515,08/25/2025, 05:18:34,1066
APRL00001,Super Mario BOOM,26515,08/25/2025, 06:28:16,1066
APRL00001,Super Mario BOOM,26515,08/25/2025, 07:18:10,1066
APRL00001,Super Mario BOOM,26515,08/25/2025, 08:24:34,1066
APRL00001,Super Mario BOOM,26515,08/25/2025, 09:19:55,1066
APRL00001,Super Mario BOOM,26515,08/25/2025, 10:19:37,1066
APRL00001,Super Mario BOOM,26516,08/25/2025, 11:15:44,1066
APRL00001,Super Mario BOOM,26517,08/25/2025, 12:35:02,1066
APRL00001,Super Mario BOOM,26517,08/25/2025, 13:29:34,1066
APRL00001,Super Mario BOOM,26517,08/25/2025, 14:18:09,1066
APRL00001,Super Mario BOOM,26517,08/25/2025, 15:18:24,1066
APRL00001,Super Mario BOOM,26518,08/25/2025, 16:21:03,1066
APRL00001,Super Mario BOOM,26519,08/25/2025, 17:14:13,1066
APRL00001,Super Mario BOOM,26520,08/25/2025, 18:24:58,1066
APRL00001,Super Mario BOOM,26520,08/25/2025, 19:14:10,1066
APRL00001,Super Mario BOOM,26520,08/25/2025, 20:19:21,1066
APRL00001,Super Mario BOOM,26522,08/25/2025, 21:16:19,1066
APRL00001,Super Mario BOOM,26522,08/25/2025, 22:17:00,1066
APRL00001,Super Mario BOOM,26523,08/25/2025, 23:16:23,1066
APRL00001,Super Mario BOOM,26526,08/26/2025, 01:15:51,1066
APRL00001,Super Mario BOOM,26528,08/26/2025, 03:08:06,1066
APRL00001,Super Mario BOOM,26528,08/26/2025, 04:20:44,1066
APRL00001,Super Mario BOOM,26528,08/26/2025, 05:17:54,1066
APRL00001,Super Mario BOOM,26529,08/26/2025, 06:25:46,1066
APRL00001,Super Mario BOOM,26529,08/26/2025, 07:17:34,1066
APRL00001,Super Mario BOOM,26529,08/26/2025, 08:23:53,1066
APRL00001,Super Mario BOOM,26529,08/26/2025, 09:19:28,1066
APRL00001,Super Mario BOOM,26530,08/26/2025, 10:19:18,1066
APRL00001,Super Mario BOOM,26530,08/26/2025, 11:15:59,1066
APRL00001,Super Mario BOOM,26530,08/26/2025, 12:36:44,1066
APRL00001,Super Mario BOOM,26530,08/26/2025, 13:31:29,1066
APRL00001,Super Mario BOOM,26530,08/26/2025, 14:16:42,1066
APRL00001,Super Mario BOOM,26530,08/26/2025, 15:18:25,1066
APRL00001,Super Mario BOOM,26530,08/26/2025, 16:20:19,1066
APRL00001,Super Mario BOOM,26530,08/26/2025, 17:15:14,1066
APRL00001,Super Mario BOOM,26530,08/26/2025, 18:23:20,1066
APRL00001,Super Mario BOOM,26531,08/26/2025, 19:13:31,1066
APRL00001,Super Mario BOOM,26532,08/26/2025, 20:19:08,1066
APRL00001,Super Mario BOOM,26534,08/26/2025, 21:15:24,1066
APRL00001,Super Mario BOOM,26535,08/26/2025, 22:16:00,1066
APRL00001,Super Mario BOOM,26536,08/26/2025, 23:15:18,1066
APRL00001,Super Mario BOOM,26536,08/27/2025, 01:14:33,1066
APRL00001,Super Mario BOOM,26537,08/27/2025, 03:01:28,1066
APRL00001,Super Mario BOOM,26538,08/27/2025, 03:38:59,1066
APRL00001,Super Mario BOOM,26539,08/27/2025, 04:20:21,1066
APRL00001,Super Mario BOOM,26539,08/27/2025, 05:16:53,1066
APRL00001,Super Mario BOOM,26539,08/27/2025, 06:24:15,1066
APRL00001,Super Mario BOOM,26539,08/27/2025, 07:16:09,1066
APRL00001,Super Mario BOOM,26540,08/27/2025, 08:22:01,1066
APRL00001,Super Mario BOOM,26542,08/27/2025, 09:18:07,1066
APRL00001,Super Mario BOOM,26542,08/27/2025, 10:17:36,1066
APRL00001,Super Mario BOOM,26543,08/27/2025, 11:15:04,1066
APRL00001,Super Mario BOOM,26543,08/27/2025, 12:33:37,1066
APRL00001,Super Mario BOOM,26543,08/27/2025, 13:26:41,1066
APRL00001,Super Mario BOOM,26543,08/27/2025, 14:17:21,1066
APRL00001,Super Mario BOOM,26543,08/27/2025, 15:18:11,1066
APRL00001,Super Mario BOOM,26545,08/27/2025, 16:20:46,1066
APRL00001,Super Mario BOOM,26545,08/27/2025, 17:15:01,1066
APRL00001,Super Mario BOOM,26545,08/27/2025, 18:23:02,1066
APRL00001,Super Mario BOOM,26546,08/27/2025, 19:14:20,1066
APRL00001,Super Mario BOOM,26548,08/27/2025, 20:18:53,1066
APRL00001,Super Mario BOOM,26548,08/27/2025, 21:15:50,1066
APRL00001,Super Mario BOOM,26549,08/27/2025, 22:15:47,1066
APRL00001,Super Mario BOOM,26549,08/27/2025, 23:15:39,1066
APRL00001,Super Mario BOOM,26550,08/28/2025, 01:13:00,1066
APRL00001,Super Mario BOOM,26551,08/28/2025, 03:01:05,1066
APRL00001,Super Mario BOOM,26551,08/28/2025, 03:39:03,1066
APRL00001,Super Mario BOOM,26551,08/28/2025, 04:19:55,1066
APRL00001,Super Mario BOOM,26551,08/28/2025, 05:17:00,1066
APRL00001,Super Mario BOOM,26552,08/28/2025, 06:25:18,1066
APRL00001,Super Mario BOOM,26552,08/28/2025, 07:17:12,1066
APRL00001,Super Mario BOOM,26552,08/28/2025, 08:22:15,1066
APRL00001,Super Mario BOOM,26554,08/28/2025, 09:18:05,1066
APRL00001,Super Mario BOOM,26554,08/28/2025, 10:18:00,1066
APRL00001,Super Mario BOOM,26554,08/28/2025, 11:14:20,1066
APRL00001,Super Mario BOOM,26554,08/28/2025, 12:33:18,1066
APRL00001,Super Mario BOOM,26554,08/28/2025, 13:28:03,1066
APRL00001,Super Mario BOOM,26555,08/28/2025, 14:17:33,1066
APRL00001,Super Mario BOOM,26555,08/28/2025, 15:17:42,1066
APRL00001,Super Mario BOOM,26557,08/28/2025, 16:21:05,1066
APRL00001,Super Mario BOOM,26558,08/28/2025, 17:14:46,1066
APRL00001,Super Mario BOOM,26558,08/28/2025, 18:23:02,1066
APRL00001,Super Mario BOOM,26559,08/28/2025, 19:14:18,1066
APRL00001,Super Mario BOOM,26559,08/28/2025, 20:18:20,1066
APRL00001,Super Mario BOOM,26561,08/28/2025, 21:15:28,1066
APRL00001,Super Mario BOOM,26562,08/28/2025, 22:16:02,1066
APRL00001,Super Mario BOOM,26563,08/28/2025, 23:15:43,1066
APRL00001,Super Mario BOOM,26564,08/29/2025, 01:12:45,1066
APRL00001,Super Mario BOOM,26565,08/29/2025, 03:01:27,1066
APRL00001,Super Mario BOOM,26565,08/29/2025, 03:38:20,1066
APRL00001,Super Mario BOOM,26566,08/29/2025, 04:20:34,1066
APRL00001,Super Mario BOOM,26567,08/29/2025, 05:16:16,1066
APRL00001,Super Mario BOOM,26567,08/29/2025, 06:24:21,1066
APRL00001,Super Mario BOOM,26568,08/29/2025, 07:16:20,1066
APRL00001,Super Mario BOOM,26568,08/29/2025, 08:21:22,1066
APRL00001,Super Mario BOOM,26568,08/29/2025, 09:18:33,1066
APRL00001,Super Mario BOOM,26568,08/29/2025, 10:17:21,1066
APRL00001,Super Mario BOOM,26568,08/29/2025, 11:14:30,1066
APRL00001,Super Mario BOOM,26568,08/29/2025, 12:32:31,1066
APRL00001,Super Mario BOOM,26568,08/29/2025, 13:25:28,1066
APRL00001,Super Mario BOOM,26568,08/29/2025, 14:16:07,1066
APRL00001,Super Mario BOOM,26568,08/29/2025, 15:15:01,1066
APRL00001,Super Mario BOOM,26569,08/29/2025, 16:20:50,1066
APRL00001,Super Mario BOOM,26571,08/29/2025, 17:14:41,1066
APRL00001,Super Mario BOOM,26571,08/29/2025, 18:22:42,1066
APRL00001,Super Mario BOOM,26571,08/29/2025, 19:13:13,1066
APRL00001,Super Mario BOOM,26571,08/29/2025, 20:17:38,1066
APRL00001,Super Mario BOOM,26572,08/29/2025, 21:14:50,1066
APRL00001,Super Mario BOOM,26573,08/29/2025, 22:15:43,1066
APRL00001,Super Mario BOOM,26574,08/29/2025, 23:15:30,1066
APRL00001,Super Mario BOOM,26574,08/30/2025, 01:09:31,1066
APRL00001,Super Mario BOOM,26575,08/30/2025, 02:55:12,1066
APRL00001,Super Mario BOOM,26576,08/30/2025, 03:28:15,1066
APRL00001,Super Mario BOOM,26576,08/30/2025, 04:18:50,1066
APRL00001,Super Mario BOOM,26577,08/30/2025, 05:15:24,1066
APRL00001,Super Mario BOOM,26578,08/30/2025, 06:21:29,1066
APRL00001,Super Mario BOOM,26578,08/30/2025, 07:14:21,1066
APRL00001,Super Mario BOOM,26578,08/30/2025, 08:19:12,1066
APRL00001,Super Mario BOOM,26578,08/30/2025, 09:15:22,1066
APRL00001,Super Mario BOOM,26578,08/30/2025, 10:15:38,1066
APRL00001,Super Mario BOOM,26579,08/30/2025, 11:12:57,1066
APRL00001,Super Mario BOOM,26580,08/30/2025, 12:29:25,1066
APRL00001,Super Mario BOOM,26580,08/30/2025, 13:21:08,1066
APRL00001,Super Mario BOOM,26580,08/30/2025, 14:14:01,1066
APRL00001,Super Mario BOOM,26582,08/30/2025, 15:15:20,1066
APRL00001,Super Mario BOOM,26582,08/30/2025, 16:18:08,1066
APRL00001,Super Mario BOOM,26582,08/30/2025, 17:13:14,1066
APRL00001,Super Mario BOOM,26582,08/30/2025, 18:20:47,1066
APRL00001,Super Mario BOOM,26582,08/30/2025, 19:12:24,1066
APRL00001,Super Mario BOOM,26584,08/30/2025, 20:16:14,1066
APRL00001,Super Mario BOOM,26584,08/30/2025, 21:14:03,1066
APRL00001,Super Mario BOOM,26584,08/30/2025, 22:14:35,1066
APRL00001,Super Mario BOOM,26584,08/30/2025, 23:14:45,1066
APRL00001,Super Mario BOOM,26584,08/31/2025, 01:17:35,1066
APRL00001,Super Mario BOOM,26585,08/31/2025, 03:05:15,1066
APRL00001,Super Mario BOOM,26585,08/31/2025, 04:19:13,1066
APRL00001,Super Mario BOOM,26585,08/31/2025, 05:15:28,1066
APRL00001,Super Mario BOOM,26585,08/31/2025, 06:22:16,1066
APRL00001,Super Mario BOOM,26586,08/31/2025, 07:15:25,1066
APRL00001,Super Mario BOOM,26587,08/31/2025, 08:19:14,1066
APRL00001,Super Mario BOOM,26587,08/31/2025, 09:15:06,1066
APRL00001,Super Mario BOOM,26587,08/31/2025, 10:15:32,1066
APRL00001,Super Mario BOOM,26587,08/31/2025, 11:13:23,1066
APRL00001,Super Mario BOOM,26587,08/31/2025, 12:30:11,1066
APRL00001,Super Mario BOOM,26587,08/31/2025, 13:21:49,1066
APRL00001,Super Mario BOOM,26588,08/31/2025, 14:13:59,1066
APRL00001,Super Mario BOOM,26589,08/31/2025, 15:15:33,1066
APRL00001,Super Mario BOOM,26589,08/31/2025, 16:18:08,1066
APRL00001,Super Mario BOOM,26589,08/31/2025, 17:13:30,1066
APRL00001,Super Mario BOOM,26589,08/31/2025, 18:21:26,1066
APRL00001,Super Mario BOOM,26589,08/31/2025, 19:13:17,1066
APRL00001,Super Mario BOOM,26589,08/31/2025, 20:17:34,1066
APRL00001,Super Mario BOOM,26589,08/31/2025, 21:14:36,1066
APRL00001,Super Mario BOOM,26590,08/31/2025, 22:15:24,1066
APRL00001,Super Mario BOOM,26591,08/31/2025, 23:15:06,1066
APRL00001,Super Mario BOOM,26591,09/01/2025, 01:24:21,1066
APRL00001,Super Mario BOOM,26592,09/01/2025, 03:19:57,1066
APRL00001,Super Mario BOOM,26592,09/01/2025, 04:27:31,1066
APRL00001,Super Mario BOOM,26594,09/01/2025, 05:17:52,1066
APRL00001,Super Mario BOOM,26595,09/01/2025, 06:27:27,1066
APRL00001,Super Mario BOOM,26595,09/01/2025, 07:18:48,1066
APRL00001,Super Mario BOOM,26596,09/01/2025, 08:24:20,1066
APRL00001,Super Mario BOOM,26597,09/01/2025, 09:20:50,1066
APRL00001,Super Mario BOOM,26598,09/01/2025, 10:19:14,1066
APRL00001,Super Mario BOOM,26598,09/01/2025, 11:14:38,1066
APRL00001,Super Mario BOOM,26598,09/01/2025, 12:34:09,1066
APRL00001,Super Mario BOOM,26598,09/01/2025, 13:26:59,1066
APRL00001,Super Mario BOOM,26598,09/01/2025, 14:16:29,1066
APRL00001,Super Mario BOOM,26598,09/01/2025, 15:16:34,1066
APRL00001,Super Mario BOOM,26598,09/01/2025, 16:20:01,1066
APRL00001,Super Mario BOOM,26599,09/01/2025, 17:14:23,1066
APRL00001,Super Mario BOOM,26600,09/01/2025, 18:22:18,1066
APRL00001,Super Mario BOOM,26601,09/01/2025, 19:13:17,1066
APRL00001,Super Mario BOOM,26602,09/01/2025, 20:17:17,1066
APRL00001,Super Mario BOOM,26602,09/01/2025, 21:14:43,1066
APRL00001,Super Mario BOOM,26602,09/01/2025, 22:15:39,1066
APRL00001,Super Mario BOOM,26602,09/01/2025, 23:15:30,1066
APRL00001,Super Mario BOOM,26604,09/02/2025, 01:14:12,1066
APRL00001,Super Mario BOOM,26604,09/02/2025, 03:05:04,1066
APRL00001,Super Mario BOOM,26605,09/02/2025, 04:20:47,1066
APRL00001,Super Mario BOOM,26605,09/02/2025, 05:17:17,1066
APRL00001,Super Mario BOOM,26605,09/02/2025, 06:26:09,1066
APRL00001,Super Mario BOOM,26605,09/02/2025, 07:16:50,1066
APRL00001,Super Mario BOOM,26605,09/02/2025, 08:22:51,1066
APRL00001,Super Mario BOOM,26605,09/02/2025, 09:18:36,1066
APRL00001,Super Mario BOOM,26606,09/02/2025, 10:18:28,1066
APRL00001,Super Mario BOOM,26606,09/02/2025, 11:14:26,1066
APRL00001,Super Mario BOOM,26606,09/02/2025, 12:33:50,1066
APRL00001,Super Mario BOOM,26606,09/02/2025, 13:28:13,1066
APRL00001,Super Mario BOOM,26606,09/02/2025, 14:17:12,1066
APRL00001,Super Mario BOOM,26606,09/02/2025, 15:18:00,1066
APRL00001,Super Mario BOOM,26609,09/02/2025, 16:20:52,1066
APRL00001,Super Mario BOOM,26609,09/02/2025, 17:14:36,1066
APRL00001,Super Mario BOOM,26609,09/02/2025, 18:21:59,1066
APRL00001,Super Mario BOOM,26610,09/02/2025, 19:13:39,1066
APRL00001,Super Mario BOOM,26611,09/02/2025, 20:17:31,1066
APRL00001,Super Mario BOOM,26611,09/02/2025, 21:14:40,1066
APRL00001,Super Mario BOOM,26612,09/02/2025, 22:15:09,1066
APRL00001,Super Mario BOOM,26613,09/02/2025, 23:14:23,1066
APRL00001,Super Mario BOOM,26613,09/03/2025, 01:09:52,1066
APRL00001,Super Mario BOOM,26614,09/03/2025, 02:53:51,1066
APRL00001,Super Mario BOOM,26615,09/03/2025, 03:25:36,1066
APRL00001,Super Mario BOOM,26615,09/03/2025, 04:19:58,1066
APRL00001,Super Mario BOOM,26615,09/03/2025, 05:15:35,1066
APRL00001,Super Mario BOOM,26615,09/03/2025, 06:23:23,1066
APRL00001,Super Mario BOOM,26615,09/03/2025, 07:16:31,1066
APRL00001,Super Mario BOOM,26615,09/03/2025, 08:21:22,1066
APRL00001,Super Mario BOOM,26616,09/03/2025, 09:17:37,1066
APRL00001,Super Mario BOOM,26616,09/03/2025, 10:16:41,1066
APRL00001,Super Mario BOOM,26616,09/03/2025, 11:14:08,1066
APRL00001,Super Mario BOOM,26616,09/03/2025, 12:32:41,1066
APRL00001,Super Mario BOOM,26616,09/03/2025, 13:25:53,1066
APRL00001,Super Mario BOOM,26617,09/03/2025, 14:16:29,1066
APRL00001,Super Mario BOOM,26617,09/03/2025, 15:17:48,1066
APRL00001,Super Mario BOOM,26618,09/03/2025, 16:20:21,1066
APRL00001,Super Mario BOOM,26619,09/03/2025, 17:14:51,1066
APRL00001,Super Mario BOOM,26619,09/03/2025, 18:22:19,1066
APRL00001,Super Mario BOOM,26620,09/03/2025, 19:14:17,1066
APRL00001,Super Mario BOOM,26620,09/03/2025, 20:17:30,1066
APRL00001,Super Mario BOOM,26620,09/03/2025, 21:14:42,1066
APRL00001,Super Mario BOOM,26621,09/03/2025, 22:14:45,1066
APRL00001,Super Mario BOOM,26621,09/03/2025, 23:14:53,1066
APRL00001,Super Mario BOOM,26621,09/04/2025, 01:09:33,1066
APRL00001,Super Mario BOOM,26621,09/04/2025, 02:54:21,1066
APRL00001,Super Mario BOOM,26621,09/04/2025, 03:26:49,1066
APRL00001,Super Mario BOOM,26622,09/04/2025, 04:19:19,1066
APRL00001,Super Mario BOOM,26622,09/04/2025, 05:16:09,1066
APRL00001,Super Mario BOOM,26623,09/04/2025, 06:23:57,1066
APRL00001,Super Mario BOOM,26623,09/04/2025, 07:16:10,1066
APRL00001,Super Mario BOOM,26624,09/04/2025, 08:21:05,1066
APRL00001,Super Mario BOOM,26624,09/04/2025, 09:17:32,1066
APRL00001,Super Mario BOOM,26624,09/04/2025, 10:17:15,1066
APRL00001,Super Mario BOOM,26624,09/04/2025, 11:13:56,1066
APRL00001,Super Mario BOOM,26625,09/04/2025, 12:31:45,1066
APRL00001,Super Mario BOOM,26626,09/04/2025, 13:25:27,1066
APRL00001,Super Mario BOOM,26626,09/04/2025, 14:16:48,1066
APRL00001,Super Mario BOOM,26626,09/04/2025, 15:17:06,1066
APRL00001,Super Mario BOOM,26626,09/04/2025, 16:20:45,1066
APRL00001,Super Mario BOOM,26627,09/04/2025, 17:14:37,1066
APRL00001,Super Mario BOOM,26628,09/04/2025, 18:22:43,1066
APRL00001,Super Mario BOOM,26628,09/04/2025, 19:14:10,1066
APRL00001,Super Mario BOOM,26629,09/04/2025, 20:18:06,1066
APRL00001,Super Mario BOOM,26631,09/04/2025, 21:15:29,1066
APRL00001,Super Mario BOOM,26631,09/04/2025, 22:15:17,1066
APRL00001,Super Mario BOOM,26632,09/04/2025, 23:15:19,1066
APRL00001,Super Mario BOOM,26633,09/05/2025, 01:11:22,1066
APRL00001,Super Mario BOOM,26633,09/05/2025, 02:57:24,1066
APRL00001,Super Mario BOOM,26633,09/05/2025, 03:30:15,1066
APRL00001,Super Mario BOOM,26633,09/05/2025, 04:19:58,1066
APRL00001,Super Mario BOOM,26634,09/05/2025, 05:16:21,1066
APRL00001,Super Mario BOOM,26634,09/05/2025, 06:24:08,1066
APRL00001,Super Mario BOOM,26635,09/05/2025, 07:16:27,1066
APRL00001,Super Mario BOOM,26635,09/05/2025, 08:21:10,1066
APRL00001,Super Mario BOOM,26635,09/05/2025, 09:18:01,1066
APRL00001,Super Mario BOOM,26635,09/05/2025, 10:17:55,1066
APRL00001,Super Mario BOOM,26635,09/05/2025, 11:14:09,1066
APRL00001,Super Mario BOOM,26636,09/05/2025, 12:31:32,1066
APRL00001,Super Mario BOOM,26636,09/05/2025, 13:24:40,1066
APRL00001,Super Mario BOOM,26636,09/05/2025, 14:15:26,1066
APRL00001,Super Mario BOOM,26636,09/05/2025, 15:16:56,1066
APRL00001,Super Mario BOOM,26637,09/05/2025, 16:20:19,1066
APRL00001,Super Mario BOOM,26637,09/05/2025, 17:15:17,1066
APRL00001,Super Mario BOOM,26637,09/05/2025, 18:21:38,1066
APRL00001,Super Mario BOOM,26637,09/05/2025, 19:14:38,1066
APRL00001,Super Mario BOOM,26637,09/05/2025, 20:17:44,1066
APRL00001,Super Mario BOOM,26637,09/05/2025, 21:14:47,1066
APRL00001,Super Mario BOOM,26637,09/05/2025, 22:15:27,1066
APRL00001,Super Mario BOOM,26637,09/05/2025, 23:14:58,1066
APRL00001,Super Mario BOOM,26638,09/06/2025, 01:09:26,1066
APRL00001,Super Mario BOOM,26638,09/06/2025, 02:52:41,1066
APRL00001,Super Mario BOOM,26638,09/06/2025, 03:24:47,1066
APRL00001,Super Mario BOOM,26639,09/06/2025, 04:18:37,1066
APRL00001,Super Mario BOOM,26640,09/06/2025, 05:14:40,1066
APRL00001,Super Mario BOOM,26640,09/06/2025, 06:21:39,1066
APRL00001,Super Mario BOOM,26640,09/06/2025, 07:14:37,1066
APRL00001,Super Mario BOOM,26641,09/06/2025, 08:18:26,1066
APRL00001,Super Mario BOOM,26642,09/06/2025, 09:15:09,1066
APRL00001,Super Mario BOOM,26642,09/06/2025, 10:15:18,1066
APRL00001,Super Mario BOOM,26644,09/06/2025, 11:12:42,1066
APRL00001,Super Mario BOOM,26644,09/06/2025, 12:28:19,1066
APRL00001,Super Mario BOOM,26645,09/06/2025, 13:19:12,1066
APRL00001,Super Mario BOOM,26646,09/06/2025, 14:13:17,1066
APRL00001,Super Mario BOOM,26646,09/06/2025, 15:14:11,1066
APRL00001,Super Mario BOOM,26646,09/06/2025, 16:17:44,1066
APRL00001,Super Mario BOOM,26649,09/06/2025, 17:13:10,1066
APRL00001,Super Mario BOOM,26649,09/06/2025, 18:19:57,1066
APRL00001,Super Mario BOOM,26649,09/06/2025, 19:11:56,1066
APRL00001,Super Mario BOOM,26649,09/06/2025, 20:16:15,1066
APRL00001,Super Mario BOOM,26650,09/06/2025, 21:13:37,1066
APRL00001,Super Mario BOOM,26651,09/06/2025, 22:14:45,1066
APRL00001,Super Mario BOOM,26652,09/06/2025, 23:14:21,1066
APRL00001,Super Mario BOOM,26653,09/07/2025, 01:16:30,1066
APRL00001,Super Mario BOOM,26654,09/07/2025, 03:01:22,1066
APRL00001,Super Mario BOOM,26654,09/07/2025, 03:37:08,1066
APRL00001,Super Mario BOOM,26656,09/07/2025, 04:18:50,1066
APRL00001,Super Mario BOOM,26657,09/07/2025, 05:15:29,1066
APRL00001,Super Mario BOOM,26658,09/07/2025, 06:21:47,1066
APRL00001,Super Mario BOOM,26658,09/07/2025, 07:14:39,1066
APRL00001,Super Mario BOOM,26658,09/07/2025, 08:18:43,1066
APRL00001,Super Mario BOOM,26659,09/07/2025, 09:14:49,1066
APRL00001,Super Mario BOOM,26660,09/07/2025, 10:15:43,1066
APRL00001,Super Mario BOOM,26660,09/07/2025, 11:12:12,1066
APRL00001,Super Mario BOOM,26660,09/07/2025, 12:28:55,1066
APRL00001,Super Mario BOOM,26661,09/07/2025, 13:19:37,1066
APRL00001,Super Mario BOOM,26661,09/07/2025, 14:13:27,1066
APRL00001,Super Mario BOOM,26662,09/07/2025, 15:14:20,1066
APRL00001,Super Mario BOOM,26663,09/07/2025, 16:17:41,1066
APRL00001,Super Mario BOOM,26664,09/07/2025, 17:13:12,1066
APRL00001,Super Mario BOOM,26664,09/07/2025, 18:19:50,1066
APRL00001,Super Mario BOOM,26666,09/07/2025, 19:12:03,1066
APRL00001,Super Mario BOOM,26666,09/07/2025, 20:16:19,1066
APRL00001,Super Mario BOOM,26667,09/07/2025, 21:14:12,1066
APRL00001,Super Mario BOOM,26669,09/07/2025, 22:14:39,1066
APRL00001,Super Mario BOOM,26669,09/07/2025, 23:14:31,1066
APRL00001,Super Mario BOOM,26670,09/08/2025, 01:15:08,1066
APRL00001,Super Mario BOOM,26671,09/08/2025, 03:04:39,1066
APRL00001,Super Mario BOOM,26673,09/08/2025, 04:20:28,1066
APRL00001,Super Mario BOOM,26674,09/08/2025, 05:17:26,1066
APRL00001,Super Mario BOOM,26675,09/08/2025, 06:25:57,1066
APRL00001,Super Mario BOOM,26675,09/08/2025, 07:17:04,1066
APRL00001,Super Mario BOOM,26675,09/08/2025, 08:23:20,1066
APRL00001,Super Mario BOOM,26675,09/08/2025, 09:19:50,1066
APRL00001,Super Mario BOOM,26675,09/08/2025, 10:18:52,1066
APRL00001,Super Mario BOOM,26676,09/08/2025, 11:14:32,1066
APRL00001,Super Mario BOOM,26676,09/08/2025, 12:34:40,1066
APRL00001,Super Mario BOOM,26676,09/08/2025, 13:27:52,1066
APRL00001,Super Mario BOOM,26676,09/08/2025, 14:17:45,1066
APRL00001,Super Mario BOOM,26677,09/08/2025, 15:16:22,1066
APRL00001,Super Mario BOOM,26679,09/08/2025, 16:19:42,1066
APRL00001,Super Mario BOOM,26679,09/08/2025, 17:16:44,1066
APRL00001,Super Mario BOOM,26679,09/08/2025, 18:23:49,1066
APRL00001,Super Mario BOOM,26680,09/08/2025, 19:14:26,1066
APRL00001,Super Mario BOOM,26681,09/08/2025, 20:17:52,1066
APRL00001,Super Mario BOOM,26681,09/08/2025, 21:15:14,1066
APRL00001,Super Mario BOOM,26681,09/08/2025, 22:15:59,1066
APRL00001,Super Mario BOOM,26681,09/08/2025, 23:15:47,1066
APRL00001,Super Mario BOOM,26682,09/09/2025, 01:12:19,1066
APRL00001,Super Mario BOOM,26683,09/09/2025, 02:59:59,1066
APRL00001,Super Mario BOOM,26683,09/09/2025, 03:36:25,1066
APRL00001,Super Mario BOOM,26683,09/09/2025, 04:19:57,1066
APRL00001,Super Mario BOOM,26683,09/09/2025, 05:16:35,1066
APRL00001,Super Mario BOOM,26684,09/09/2025, 06:25:29,1066
APRL00001,Super Mario BOOM,26684,09/09/2025, 07:16:45,1066
APRL00001,Super Mario BOOM,26684,09/09/2025, 08:22:58,1066
APRL00001,Super Mario BOOM,26685,09/09/2025, 09:19:17,1066
APRL00001,Super Mario BOOM,26685,09/09/2025, 10:18:45,1066
APRL00001,Super Mario BOOM,26685,09/09/2025, 11:14:48,1066
APRL00001,Super Mario BOOM,26686,09/09/2025, 12:34:47,1066
APRL00001,Super Mario BOOM,26686,09/09/2025, 13:29:30,1066
APRL00001,Super Mario BOOM,26686,09/09/2025, 14:15:30,1066
APRL00001,Super Mario BOOM,26686,09/09/2025, 15:18:50,1066
APRL00001,Super Mario BOOM,26686,09/09/2025, 16:20:48,1066
APRL00001,Super Mario BOOM,26688,09/09/2025, 17:15:01,1066
APRL00001,Super Mario BOOM,26688,09/09/2025, 18:20:36,1066
APRL00001,Super Mario BOOM,26689,09/09/2025, 19:13:20,1066
APRL00001,Super Mario BOOM,26689,09/09/2025, 20:17:46,1066
APRL00001,Super Mario BOOM,26689,09/09/2025, 21:14:17,1066
APRL00001,Super Mario BOOM,26691,09/09/2025, 22:15:22,1066
APRL00001,Super Mario BOOM,26691,09/09/2025, 23:14:53,1066
APRL00001,Super Mario BOOM,26693,09/10/2025, 01:10:22,1066
APRL00001,Super Mario BOOM,26696,09/10/2025, 02:54:02,1066
APRL00001,Super Mario BOOM,26696,09/10/2025, 03:25:39,1066
APRL00001,Super Mario BOOM,26696,09/10/2025, 04:19:29,1066
APRL00001,Super Mario BOOM,26697,09/10/2025, 05:16:08,1066
APRL00001,Super Mario BOOM,26697,09/10/2025, 06:24:27,1066
APRL00001,Super Mario BOOM,26697,09/10/2025, 07:15:54,1066
APRL00001,Super Mario BOOM,26697,09/10/2025, 08:21:46,1066
APRL00001,Super Mario BOOM,26697,09/10/2025, 09:17:30,1066
APRL00001,Super Mario BOOM,26697,09/10/2025, 10:17:02,1066
APRL00001,Super Mario BOOM,26697,09/10/2025, 11:13:44,1066
APRL00001,Super Mario BOOM,26697,09/10/2025, 12:32:41,1066
APRL00001,Super Mario BOOM,26697,09/10/2025, 13:25:08,1066
APRL00001,Super Mario BOOM,26697,09/10/2025, 14:16:00,1066
APRL00001,Super Mario BOOM,26698,09/10/2025, 15:17:43,1066
APRL00001,Super Mario BOOM,26698,09/10/2025, 16:20:08,1066
APRL00001,Super Mario BOOM,26698,09/10/2025, 17:14:26,1066
APRL00001,Super Mario BOOM,26698,09/10/2025, 18:23:15,1066
APRL00001,Super Mario BOOM,26698,09/10/2025, 19:13:19,1066
APRL00001,Super Mario BOOM,26699,09/10/2025, 20:18:48,1066
APRL00001,Super Mario BOOM,26701,09/10/2025, 21:14:53,1066
APRL00001,Super Mario BOOM,26701,09/10/2025, 22:15:16,1066
APRL00001,Super Mario BOOM,26703,09/10/2025, 23:15:35,1066
APRL00001,Super Mario BOOM,26703,09/11/2025, 01:12:01,1066
APRL00001,Super Mario BOOM,26703,09/11/2025, 02:58:47,1066
APRL00001,Super Mario BOOM,26704,09/11/2025, 03:33:06,1066
APRL00001,Super Mario BOOM,26704,09/11/2025, 04:20:15,1066
APRL00001,Super Mario BOOM,26704,09/11/2025, 05:16:40,1066
APRL00001,Super Mario BOOM,26704,09/11/2025, 06:24:40,1066
APRL00001,Super Mario BOOM,26704,09/11/2025, 07:16:08,1066
APRL00001,Super Mario BOOM,26704,09/11/2025, 08:21:31,1066
APRL00001,Super Mario BOOM,26705,09/11/2025, 09:17:16,1066
APRL00001,Super Mario BOOM,26705,09/11/2025, 10:16:52,1066
APRL00001,Super Mario BOOM,26705,09/11/2025, 11:13:37,1066
APRL00001,Super Mario BOOM,26705,09/11/2025, 12:31:25,1066
APRL00001,Super Mario BOOM,26705,09/11/2025, 13:22:30,1066
APRL00001,Super Mario BOOM,26706,09/11/2025, 14:17:12,1066
APRL00001,Super Mario BOOM,26706,09/11/2025, 15:16:33,1066
APRL00001,Super Mario BOOM,26706,09/11/2025, 16:20:21,1066
APRL00001,Super Mario BOOM,26708,09/11/2025, 17:14:12,1066
APRL00001,Super Mario BOOM,26709,09/11/2025, 18:20:00,1066
APRL00001,Super Mario BOOM,26709,09/11/2025, 19:12:51,1066
APRL00001,Super Mario BOOM,26710,09/11/2025, 20:15:10,1066
APRL00001,Super Mario BOOM,26710,09/11/2025, 21:14:47,1066
APRL00001,Super Mario BOOM,26710,09/11/2025, 22:15:16,1066
APRL00001,Super Mario BOOM,26710,09/11/2025, 23:15:34,1066
APRL00001,Super Mario BOOM,26710,09/12/2025, 01:09:50,1066
APRL00001,Super Mario BOOM,26710,09/12/2025, 02:53:26,1066
APRL00001,Super Mario BOOM,26710,09/12/2025, 03:25:31,1066
APRL00001,Super Mario BOOM,26711,09/12/2025, 04:18:58,1066
APRL00001,Super Mario BOOM,26711,09/12/2025, 05:16:04,1066
APRL00001,Super Mario BOOM,26712,09/12/2025, 06:24:10,1066
APRL00001,Super Mario BOOM,26712,09/12/2025, 07:15:58,1066
APRL00001,Super Mario BOOM,26712,09/12/2025, 08:20:40,1066
APRL00001,Super Mario BOOM,26712,09/12/2025, 09:17:12,1066
APRL00001,Super Mario BOOM,26712,09/12/2025, 10:17:37,1066
APRL00001,Super Mario BOOM,26715,09/12/2025, 11:13:45,1066
APRL00001,Super Mario BOOM,26715,09/12/2025, 12:31:07,1066
APRL00001,Super Mario BOOM,26715,09/12/2025, 13:24:17,1066
APRL00001,Super Mario BOOM,26715,09/12/2025, 14:15:46,1066
APRL00001,Super Mario BOOM,26716,09/12/2025, 15:16:03,1066
APRL00001,Super Mario BOOM,26717,09/12/2025, 16:17:05,1066
APRL00001,Super Mario BOOM,26718,09/12/2025, 17:14:12,1066
APRL00001,Super Mario BOOM,26720,09/12/2025, 18:19:45,1066
APRL00001,Super Mario BOOM,26720,09/12/2025, 19:14:28,1066
APRL00001,Super Mario BOOM,26720,09/12/2025, 20:17:57,1066
APRL00001,Super Mario BOOM,26720,09/12/2025, 21:14:16,1066
APRL00001,Super Mario BOOM,26722,09/12/2025, 22:14:52,1066
APRL00001,Super Mario BOOM,26722,09/12/2025, 23:14:29,1066
APRL00001,Super Mario BOOM,26722,09/13/2025, 01:06:46,1066
APRL00001,Super Mario BOOM,26722,09/13/2025, 02:44:27,1066
APRL00001,Super Mario BOOM,26722,09/13/2025, 03:19:34,1066
APRL00001,Super Mario BOOM,26723,09/13/2025, 04:18:00,1066
APRL00001,Super Mario BOOM,26723,09/13/2025, 05:14:45,1066
APRL00001,Super Mario BOOM,26723,09/13/2025, 06:21:23,1066
APRL00001,Super Mario BOOM,26723,09/13/2025, 07:13:41,1066
APRL00001,Super Mario BOOM,26723,09/13/2025, 08:19:11,1066
APRL00001,Super Mario BOOM,26724,09/13/2025, 09:15:00,1066
APRL00001,Super Mario BOOM,26724,09/13/2025, 10:15:20,1066
APRL00001,Super Mario BOOM,26724,09/13/2025, 11:12:07,1066
APRL00001,Super Mario BOOM,26724,09/13/2025, 12:29:04,1066
APRL00001,Super Mario BOOM,26724,09/13/2025, 13:18:47,1066
APRL00001,Super Mario BOOM,26724,09/13/2025, 14:13:04,1066
APRL00001,Super Mario BOOM,26725,09/13/2025, 15:13:50,1066
APRL00001,Super Mario BOOM,26726,09/13/2025, 16:17:30,1066
APRL00001,Super Mario BOOM,26726,09/13/2025, 17:12:35,1066
APRL00001,Super Mario BOOM,26726,09/13/2025, 18:19:31,1066
APRL00001,Super Mario BOOM,26726,09/13/2025, 19:12:08,1066
APRL00001,Super Mario BOOM,26727,09/13/2025, 20:15:46,1066
APRL00001,Super Mario BOOM,26728,09/13/2025, 21:13:13,1066
APRL00001,Super Mario BOOM,26728,09/13/2025, 22:13:47,1066
APRL00001,Super Mario BOOM,26728,09/13/2025, 23:14:16,1066
APRL00001,Super Mario BOOM,26728,09/14/2025, 01:15:39,1066
APRL00001,Super Mario BOOM,26730,09/14/2025, 03:01:10,1066
APRL00001,Super Mario BOOM,26731,09/14/2025, 03:36:02,1066
APRL00001,Super Mario BOOM,26731,09/14/2025, 04:19:12,1066
APRL00001,Super Mario BOOM,26732,09/14/2025, 05:14:52,1066
APRL00001,Super Mario BOOM,26733,09/14/2025, 06:21:54,1066
APRL00001,Super Mario BOOM,26733,09/14/2025, 07:15:04,1066
APRL00001,Super Mario BOOM,26733,09/14/2025, 08:19:10,1066
APRL00001,Super Mario BOOM,26733,09/14/2025, 09:14:53,1066
APRL00001,Super Mario BOOM,26733,09/14/2025, 10:14:36,1066
APRL00001,Super Mario BOOM,26734,09/14/2025, 11:12:15,1066
APRL00001,Super Mario BOOM,26734,09/14/2025, 12:28:26,1066
APRL00001,Super Mario BOOM,26735,09/14/2025, 13:18:11,1066
APRL00001,Super Mario BOOM,26735,09/14/2025, 14:13:30,1066
APRL00001,Super Mario BOOM,26735,09/14/2025, 15:14:56,1066
APRL00001,Super Mario BOOM,26735,09/14/2025, 16:17:05,1066
APRL00001,Super Mario BOOM,26735,09/14/2025, 17:13:21,1066
APRL00001,Super Mario BOOM,26735,09/14/2025, 18:19:49,1066
APRL00001,Super Mario BOOM,26735,09/14/2025, 19:11:58,1066
APRL00001,Super Mario BOOM,26735,09/14/2025, 20:16:21,1066
APRL00001,Super Mario BOOM,26737,09/14/2025, 21:13:40,1066
APRL00001,Super Mario BOOM,26737,09/14/2025, 22:14:26,1066
APRL00001,Super Mario BOOM,26737,09/14/2025, 23:14:23,1066
APRL00001,Super Mario BOOM,26738,09/15/2025, 01:16:01,1066
APRL00001,Super Mario BOOM,26739,09/15/2025, 03:05:54,1066
APRL00001,Super Mario BOOM,26740,09/15/2025, 04:20:11,1066
APRL00001,Super Mario BOOM,26740,09/15/2025, 05:16:47,1066
APRL00001,Super Mario BOOM,26740,09/15/2025, 06:26:17,1066
APRL00001,Super Mario BOOM,26740,09/15/2025, 07:17:23,1066
APRL00001,Super Mario BOOM,26740,09/15/2025, 08:22:56,1066
APRL00001,Super Mario BOOM,26740,09/15/2025, 09:19:50,1066
APRL00001,Super Mario BOOM,26740,09/15/2025, 10:18:20,1066
APRL00001,Super Mario BOOM,26740,09/15/2025, 11:14:12,1066
APRL00001,Super Mario BOOM,26741,09/15/2025, 12:33:28,1066
APRL00001,Super Mario BOOM,26741,09/15/2025, 13:26:28,1066
APRL00001,Super Mario BOOM,26741,09/15/2025, 14:17:13,1066
APRL00001,Super Mario BOOM,26741,09/15/2025, 15:18:24,1066
APRL00001,Super Mario BOOM,26742,09/15/2025, 16:20:24,1066
APRL00001,Super Mario BOOM,26742,09/15/2025, 17:14:58,1066
APRL00001,Super Mario BOOM,26742,09/15/2025, 18:23:12,1066
APRL00001,Super Mario BOOM,26745,09/15/2025, 20:17:42,1066
APRL00001,Super Mario BOOM,26747,09/15/2025, 21:14:48,1066
APRL00001,Super Mario BOOM,26747,09/15/2025, 22:14:54,1066
APRL00001,Super Mario BOOM,26747,09/15/2025, 23:14:55,1066
APRL00001,Super Mario BOOM,26747,09/16/2025, 01:10:14,1066
APRL00001,Super Mario BOOM,26748,09/16/2025, 02:54:56,1066
APRL00001,Super Mario BOOM,26749,09/16/2025, 03:28:14,1066
APRL00001,Super Mario BOOM,26749,09/16/2025, 04:19:17,1066
APRL00001,Super Mario BOOM,26750,09/16/2025, 05:16:46,1066
APRL00001,Super Mario BOOM,26750,09/16/2025, 06:24:36,1066
APRL00001,Super Mario BOOM,26750,09/16/2025, 07:16:29,1066
APRL00001,Super Mario BOOM,26750,09/16/2025, 08:22:39,1066
APRL00001,Super Mario BOOM,26750,09/16/2025, 09:18:13,1066
APRL00001,Super Mario BOOM,26750,09/16/2025, 10:17:47,1066
APRL00001,Super Mario BOOM,26750,09/16/2025, 11:14:33,1066
APRL00001,Super Mario BOOM,26750,09/16/2025, 12:32:48,1066
APRL00001,Super Mario BOOM,26750,09/16/2025, 13:26:52,1066
APRL00001,Super Mario BOOM,26750,09/16/2025, 14:16:50,1066
APRL00001,Super Mario BOOM,26751,09/16/2025, 15:18:17,1066
APRL00001,Super Mario BOOM,26752,09/16/2025, 16:20:24,1066
APRL00001,Super Mario BOOM,26752,09/16/2025, 17:14:45,1066
APRL00001,Super Mario BOOM,26752,09/16/2025, 18:24:00,1066
APRL00001,Super Mario BOOM,26754,09/16/2025, 19:14:00,1066
APRL00001,Super Mario BOOM,26757,09/16/2025, 20:17:52,1066
APRL00001,Super Mario BOOM,26758,09/16/2025, 21:15:19,1066
APRL00001,Super Mario BOOM,26759,09/16/2025, 22:14:57,1066
APRL00001,Super Mario BOOM,26760,09/16/2025, 23:12:14,1066
APRL00001,Super Mario BOOM,26763,09/17/2025, 01:09:45,1066
APRL00001,Super Mario BOOM,26763,09/17/2025, 02:54:09,1066
APRL00001,Super Mario BOOM,26763,09/17/2025, 03:26:22,1066
APRL00001,Super Mario BOOM,26763,09/17/2025, 04:19:29,1066
APRL00001,Super Mario BOOM,26764,09/17/2025, 05:16:44,1066
APRL00001,Super Mario BOOM,26764,09/17/2025, 06:24:55,1066
APRL00001,Super Mario BOOM,26764,09/17/2025, 07:15:24,1066
APRL00001,Super Mario BOOM,26764,09/17/2025, 08:21:26,1066
APRL00001,Super Mario BOOM,26764,09/17/2025, 09:18:08,1066
APRL00001,Super Mario BOOM,26765,09/17/2025, 10:17:21,1066
APRL00001,Super Mario BOOM,26766,09/17/2025, 11:13:55,1066
APRL00001,Super Mario BOOM,26767,09/17/2025, 12:33:10,1066
APRL00001,Super Mario BOOM,26767,09/17/2025, 13:25:43,1066
APRL00001,Super Mario BOOM,26768,09/17/2025, 14:16:35,1066
APRL00001,Super Mario BOOM,26768,09/17/2025, 15:18:05,1066
APRL00001,Super Mario BOOM,26769,09/17/2025, 16:21:24,1066
APRL00001,Super Mario BOOM,26770,09/17/2025, 17:14:14,1066
APRL00001,Super Mario BOOM,26770,09/17/2025, 18:22:57,1066
APRL00001,Super Mario BOOM,26770,09/17/2025, 19:13:32,1066
APRL00001,Super Mario BOOM,26771,09/17/2025, 20:17:37,1066
APRL00001,Super Mario BOOM,26771,09/17/2025, 21:14:57,1066
APRL00001,Super Mario BOOM,26773,09/17/2025, 22:15:09,1066
APRL00001,Super Mario BOOM,26774,09/17/2025, 23:14:37,1066
APRL00001,Super Mario BOOM,26774,09/18/2025, 01:09:52,1066
APRL00001,Super Mario BOOM,26774,09/18/2025, 02:56:03,1066
APRL00001,Super Mario BOOM,26774,09/18/2025, 03:28:56,1066
APRL00001,Super Mario BOOM,26774,09/18/2025, 04:20:02,1066
APRL00001,Super Mario BOOM,26774,09/18/2025, 05:16:18,1066
APRL00001,Super Mario BOOM,26775,09/18/2025, 06:23:55,1066
APRL00001,Super Mario BOOM,26776,09/18/2025, 07:16:08,1066
APRL00001,Super Mario BOOM,26776,09/18/2025, 08:21:39,1066
APRL00001,Super Mario BOOM,26777,09/18/2025, 09:17:36,1066
APRL00001,Super Mario BOOM,26777,09/18/2025, 10:17:14,1066
APRL00001,Super Mario BOOM,26777,09/18/2025, 11:14:19,1066
APRL00001,Super Mario BOOM,26777,09/18/2025, 12:32:13,1066
APRL00001,Super Mario BOOM,26778,09/18/2025, 13:25:43,1066
APRL00001,Super Mario BOOM,26778,09/18/2025, 14:16:50,1066
APRL00001,Super Mario BOOM,26778,09/18/2025, 15:17:57,1066
APRL00001,Super Mario BOOM,26778,09/18/2025, 16:19:42,1066
APRL00001,Super Mario BOOM,26779,09/18/2025, 17:14:36,1066
APRL00001,Super Mario BOOM,26779,09/18/2025, 18:23:57,1066
APRL00001,Super Mario BOOM,26779,09/18/2025, 19:13:23,1066
APRL00001,Super Mario BOOM,26780,09/18/2025, 20:18:24,1066
APRL00001,Super Mario BOOM,26781,09/18/2025, 21:15:25,1066
APRL00001,Super Mario BOOM,26782,09/18/2025, 22:14:25,1066
APRL00001,Super Mario BOOM,26783,09/18/2025, 23:15:04,1066
APRL00001,Super Mario BOOM,26785,09/19/2025, 01:12:19,1066
APRL00001,Super Mario BOOM,26785,09/19/2025, 02:58:51,1066
APRL00001,Super Mario BOOM,26787,09/19/2025, 03:33:59,1066
APRL00001,Super Mario BOOM,26787,09/19/2025, 04:19:35,1066
APRL00001,Super Mario BOOM,26789,09/19/2025, 05:16:06,1066
APRL00001,Super Mario BOOM,26789,09/19/2025, 06:24:09,1066
APRL00001,Super Mario BOOM,26789,09/19/2025, 07:15:45,1066
APRL00001,Super Mario BOOM,26789,09/19/2025, 08:21:38,1066
APRL00001,Super Mario BOOM,26791,09/19/2025, 09:18:42,1066
APRL00001,Super Mario BOOM,26791,09/19/2025, 10:18:10,1066
APRL00001,Super Mario BOOM,26791,09/19/2025, 11:13:58,1066
APRL00001,Super Mario BOOM,26792,09/19/2025, 12:33:03,1066
APRL00001,Super Mario BOOM,26792,09/19/2025, 13:25:24,1066
APRL00001,Super Mario BOOM,26793,09/19/2025, 14:16:25,1066
APRL00001,Super Mario BOOM,26793,09/19/2025, 15:16:56,1066
APRL00001,Super Mario BOOM,26793,09/19/2025, 16:19:13,1066
APRL00001,Super Mario BOOM,26793,09/19/2025, 17:14:08,1066
APRL00001,Super Mario BOOM,26793,09/19/2025, 18:22:27,1066
APRL00001,Super Mario BOOM,26793,09/19/2025, 19:13:25,1066
APRL00001,Super Mario BOOM,26795,09/19/2025, 20:17:33,1066
APRL00001,Super Mario BOOM,26795,09/19/2025, 21:14:34,1066
APRL00001,Super Mario BOOM,26796,09/19/2025, 22:15:23,1066
APRL00001,Super Mario BOOM,26796,09/19/2025, 23:14:49,1066
APRL00001,Super Mario BOOM,26797,09/20/2025, 01:08:41,1066
APRL00001,Super Mario BOOM,26798,09/20/2025, 02:52:54,1066
APRL00001,Super Mario BOOM,26798,09/20/2025, 03:25:38,1066
APRL00001,Super Mario BOOM,26798,09/20/2025, 04:19:24,1066
APRL00001,Super Mario BOOM,26799,09/20/2025, 05:15:19,1066
APRL00001,Super Mario BOOM,26802,09/20/2025, 06:22:14,1066
APRL00001,Super Mario BOOM,26804,09/20/2025, 07:14:46,1066
APRL00001,Super Mario BOOM,26804,09/20/2025, 08:19:47,1066
APRL00001,Super Mario BOOM,26804,09/20/2025, 09:15:37,1066
APRL00001,Super Mario BOOM,26807,09/20/2025, 10:15:45,1066
APRL00001,Super Mario BOOM,26807,09/20/2025, 11:12:41,1066
APRL00001,Super Mario BOOM,26807,09/20/2025, 12:29:59,1066
APRL00001,Super Mario BOOM,26807,09/20/2025, 13:20:27,1066
APRL00001,Super Mario BOOM,26808,09/20/2025, 14:13:46,1066
APRL00001,Super Mario BOOM,26808,09/20/2025, 15:14:52,1066
APRL00001,Super Mario BOOM,26808,09/20/2025, 16:17:49,1066
APRL00001,Super Mario BOOM,26808,09/20/2025, 17:12:52,1066
APRL00001,Super Mario BOOM,26808,09/20/2025, 18:20:35,1066
APRL00001,Super Mario BOOM,26808,09/20/2025, 19:11:34,1066
APRL00001,Super Mario BOOM,26808,09/20/2025, 20:15:31,1066
APRL00001,Super Mario BOOM,26808,09/20/2025, 21:13:06,1066
APRL00001,Super Mario BOOM,26812,09/20/2025, 22:14:22,1066
APRL00001,Super Mario BOOM,26812,09/20/2025, 23:14:39,1066
APRL00001,Super Mario BOOM,26815,09/21/2025, 01:17:29,1066
APRL00001,Super Mario BOOM,26815,09/21/2025, 03:05:36,1066
APRL00001,Super Mario BOOM,26815,09/21/2025, 04:19:16,1066
APRL00001,Super Mario BOOM,26815,09/21/2025, 05:15:21,1066
APRL00001,Super Mario BOOM,26815,09/21/2025, 06:22:45,1066
APRL00001,Super Mario BOOM,26816,09/21/2025, 07:14:19,1066
APRL00001,Super Mario BOOM,26816,09/21/2025, 08:18:42,1066
APRL00001,Super Mario BOOM,26816,09/21/2025, 09:14:40,1066
APRL00001,Super Mario BOOM,26816,09/21/2025, 10:15:15,1066
APRL00001,Super Mario BOOM,26816,09/21/2025, 11:12:13,1066
APRL00001,Super Mario BOOM,26818,09/21/2025, 12:29:44,1066
APRL00001,Super Mario BOOM,26818,09/21/2025, 13:20:36,1066
APRL00001,Super Mario BOOM,26818,09/21/2025, 14:13:38,1066
APRL00001,Super Mario BOOM,26818,09/21/2025, 15:15:02,1066
APRL00001,Super Mario BOOM,26819,09/21/2025, 16:18:09,1066
APRL00001,Super Mario BOOM,26819,09/21/2025, 17:13:47,1066
APRL00001,Super Mario BOOM,26820,09/21/2025, 18:20:41,1066
APRL00001,Super Mario BOOM,26820,09/21/2025, 19:12:49,1066
APRL00001,Super Mario BOOM,26821,09/21/2025, 20:16:54,1066
APRL00001,Super Mario BOOM,26823,09/21/2025, 21:13:48,1066
APRL00001,Super Mario BOOM,26823,09/21/2025, 22:14:58,1066
APRL00001,Super Mario BOOM,26827,09/21/2025, 23:14:40,1066
APRL00001,Super Mario BOOM,26827,09/22/2025, 01:16:49,1066
APRL00001,Super Mario BOOM,26827,09/22/2025, 03:05:34,1066
APRL00001,Super Mario BOOM,26828,09/22/2025, 04:20:10,1066
APRL00001,Super Mario BOOM,26828,09/22/2025, 05:16:53,1066
APRL00001,Super Mario BOOM,26829,09/22/2025, 06:26:09,1066
APRL00001,Super Mario BOOM,26830,09/22/2025, 07:17:20,1066
APRL00001,Super Mario BOOM,26830,09/22/2025, 08:23:12,1066
APRL00001,Super Mario BOOM,26830,09/22/2025, 09:20:39,1066
APRL00001,Super Mario BOOM,26830,09/22/2025, 10:18:49,1066
APRL00001,Super Mario BOOM,26830,09/22/2025, 11:14:37,1066
APRL00001,Super Mario BOOM,26831,09/22/2025, 12:33:37,1066
APRL00001,Super Mario BOOM,26832,09/22/2025, 13:27:13,1066
APRL00001,Super Mario BOOM,26833,09/22/2025, 14:17:50,1066
APRL00001,Super Mario BOOM,26834,09/22/2025, 15:18:28,1066
APRL00001,Super Mario BOOM,26835,09/22/2025, 16:20:52,1066
APRL00001,Super Mario BOOM,26835,09/22/2025, 17:14:50,1066
APRL00001,Super Mario BOOM,26836,09/22/2025, 18:22:55,1066
APRL00001,Super Mario BOOM,26836,09/22/2025, 19:14:04,1066
APRL00001,Super Mario BOOM,26836,09/22/2025, 20:18:17,1066
APRL00001,Super Mario BOOM,26836,09/22/2025, 21:14:42,1066
APRL00001,Super Mario BOOM,26836,09/22/2025, 22:15:28,1066
APRL00001,Super Mario BOOM,26837,09/22/2025, 23:15:20,1066
APRL00001,Super Mario BOOM,26839,09/23/2025, 01:10:17,1066
APRL00001,Super Mario BOOM,26840,09/23/2025, 02:56:11,1066
APRL00001,Super Mario BOOM,26840,09/23/2025, 03:29:58,1066
APRL00001,Super Mario BOOM,26840,09/23/2025, 04:19:23,1066
APRL00001,Super Mario BOOM,26840,09/23/2025, 05:16:24,1066
APRL00001,Super Mario BOOM,26841,09/23/2025, 06:24:39,1066
APRL00001,Super Mario BOOM,26841,09/23/2025, 07:16:53,1066
APRL00001,Super Mario BOOM,26841,09/23/2025, 08:21:58,1066
APRL00001,Super Mario BOOM,26841,09/23/2025, 09:18:11,1066
APRL00001,Super Mario BOOM,26841,09/23/2025, 10:17:23,1066
APRL00001,Super Mario BOOM,26841,09/23/2025, 11:14:09,1066
APRL00001,Super Mario BOOM,26841,09/23/2025, 12:32:40,1066
APRL00001,Super Mario BOOM,26842,09/23/2025, 13:27:05,1066
APRL00001,Super Mario BOOM,26843,09/23/2025, 14:16:59,1066
APRL00001,Super Mario BOOM,26843,09/23/2025, 15:18:10,1066
APRL00001,Super Mario BOOM,26844,09/23/2025, 16:20:33,1066
APRL00001,Super Mario BOOM,26846,09/23/2025, 17:13:09,1066
APRL00001,Super Mario BOOM,26846,09/23/2025, 18:23:57,1066
APRL00001,Super Mario BOOM,26848,09/23/2025, 19:13:52,1066
APRL00001,Super Mario BOOM,26848,09/23/2025, 20:17:56,1066
APRL00001,Super Mario BOOM,26849,09/23/2025, 21:14:48,1066
APRL00001,Super Mario BOOM,26851,09/23/2025, 22:15:48,1066
APRL00001,Super Mario BOOM,26851,09/23/2025, 23:15:17,1066
APRL00001,Super Mario BOOM,26851,09/24/2025, 01:11:48,1066
APRL00001,Super Mario BOOM,26852,09/24/2025, 02:57:44,1066
APRL00001,Super Mario BOOM,26852,09/24/2025, 03:31:01,1066
APRL00001,Super Mario BOOM,26853,09/24/2025, 04:19:29,1066
APRL00001,Super Mario BOOM,26854,09/24/2025, 05:16:25,1066
APRL00001,Super Mario BOOM,26854,09/24/2025, 06:24:36,1066
APRL00001,Super Mario BOOM,26854,09/24/2025, 07:17:19,1066
APRL00001,Super Mario BOOM,26854,09/24/2025, 08:22:18,1066
APRL00001,Super Mario BOOM,26855,09/24/2025, 09:18:29,1066
APRL00001,Super Mario BOOM,26855,09/24/2025, 10:17:26,1066
APRL00001,Super Mario BOOM,26855,09/24/2025, 11:14:14,1066
APRL00001,Super Mario BOOM,26855,09/24/2025, 12:32:51,1066
APRL00001,Super Mario BOOM,26855,09/24/2025, 13:27:03,1066
APRL00001,Super Mario BOOM,26855,09/24/2025, 14:14:45,1066
APRL00001,Super Mario BOOM,26855,09/24/2025, 15:17:48,1066
APRL00001,Super Mario BOOM,26855,09/24/2025, 16:21:13,1066
APRL00001,Super Mario BOOM,26855,09/24/2025, 17:15:12,1066
APRL00001,Super Mario BOOM,26855,09/24/2025, 18:22:44,1066
APRL00001,Super Mario BOOM,26856,09/24/2025, 19:14:25,1066
APRL00001,Super Mario BOOM,26856,09/24/2025, 20:18:26,1066
APRL00001,Super Mario BOOM,26856,09/24/2025, 21:15:18,1066
APRL00001,Super Mario BOOM,26856,09/24/2025, 22:15:23,1066
APRL00001,Super Mario BOOM,26857,09/25/2025, 01:11:50,1066
APRL00001,Super Mario BOOM,26858,09/25/2025, 02:59:54,1066
APRL00001,Super Mario BOOM,26859,09/25/2025, 03:36:57,1066
APRL00001,Super Mario BOOM,26859,09/25/2025, 04:20:12,1066
APRL00001,Super Mario BOOM,26860,09/25/2025, 05:16:30,1066
APRL00001,Super Mario BOOM,26860,09/25/2025, 06:24:49,1066
APRL00001,Super Mario BOOM,26860,09/25/2025, 07:17:51,1066
APRL00001,Super Mario BOOM,26860,09/25/2025, 08:22:07,1066
APRL00001,Super Mario BOOM,26860,09/25/2025, 09:17:39,1066
APRL00001,Super Mario BOOM,26860,09/25/2025, 10:18:09,1066
APRL00001,Super Mario BOOM,26862,09/25/2025, 11:15:22,1066
APRL00001,Super Mario BOOM,26862,09/25/2025, 12:34:08,1066
APRL00001,Super Mario BOOM,26862,09/25/2025, 13:27:32,1066
APRL00001,Super Mario BOOM,26862,09/25/2025, 14:17:36,1066
APRL00001,Super Mario BOOM,26862,09/25/2025, 15:18:09,1066
APRL00001,Super Mario BOOM,26862,09/25/2025, 16:20:27,1066
APRL00001,Super Mario BOOM,26862,09/25/2025, 17:14:37,1066
APRL00001,Super Mario BOOM,26864,09/25/2025, 18:24:08,1066
APRL00001,Super Mario BOOM,26866,09/25/2025, 19:14:22,1066
APRL00001,Super Mario BOOM,26866,09/25/2025, 20:18:50,1066
APRL00001,Super Mario BOOM,26866,09/25/2025, 21:15:31,1066
APRL00001,Super Mario BOOM,26867,09/25/2025, 22:14:19,1066
APRL00001,Super Mario BOOM,26867,09/25/2025, 23:15:11,1066
APRL00001,Super Mario BOOM,26868,09/26/2025, 01:11:36,1066
APRL00001,Super Mario BOOM,26869,09/26/2025, 02:58:05,1066
APRL00001,Super Mario BOOM,26869,09/26/2025, 03:32:05,1066
APRL00001,Super Mario BOOM,26870,09/26/2025, 04:19:41,1066
APRL00001,Super Mario BOOM,26871,09/26/2025, 05:16:13,1066
APRL00001,Super Mario BOOM,26871,09/26/2025, 06:24:59,1066
APRL00001,Super Mario BOOM,26871,09/26/2025, 07:17:31,1066
APRL00001,Super Mario BOOM,26871,09/26/2025, 08:23:11,1066
APRL00001,Super Mario BOOM,26872,09/26/2025, 09:18:27,1066
APRL00001,Super Mario BOOM,26874,09/26/2025, 10:17:16,1066
APRL00001,Super Mario BOOM,26874,09/26/2025, 11:14:22,1066
APRL00001,Super Mario BOOM,26874,09/26/2025, 12:32:50,1066
APRL00001,Super Mario BOOM,26874,09/26/2025, 13:25:40,1066
APRL00001,Super Mario BOOM,26874,09/26/2025, 14:15:01,1066
APRL00001,Super Mario BOOM,26875,09/26/2025, 15:17:29,1066
APRL00001,Super Mario BOOM,26875,09/26/2025, 16:20:34,1066
APRL00001,Super Mario BOOM,26875,09/26/2025, 17:14:48,1066
APRL00001,Super Mario BOOM,26875,09/26/2025, 18:21:57,1066
APRL00001,Super Mario BOOM,26875,09/26/2025, 19:13:47,1066
APRL00001,Super Mario BOOM,26876,09/26/2025, 20:17:46,1066
APRL00001,Super Mario BOOM,26877,09/26/2025, 21:14:41,1066
APRL00001,Super Mario BOOM,26877,09/26/2025, 22:14:57,1066
APRL00001,Super Mario BOOM,26877,09/26/2025, 23:15:27,1066
APRL00001,Super Mario BOOM,26878,09/27/2025, 01:08:37,1066
APRL00001,Super Mario BOOM,26879,09/27/2025, 02:52:31,1066
APRL00001,Super Mario BOOM,26879,09/27/2025, 03:25:39,1066
APRL00001,Super Mario BOOM,26879,09/27/2025, 04:19:19,1066
APRL00001,Super Mario BOOM,26879,09/27/2025, 05:15:39,1066
APRL00001,Super Mario BOOM,26879,09/27/2025, 06:21:13,1066
APRL00001,Super Mario BOOM,26879,09/27/2025, 07:14:10,1066
APRL00001,Super Mario BOOM,26880,09/27/2025, 08:19:29,1066
APRL00001,Super Mario BOOM,26880,09/27/2025, 09:14:41,1066
APRL00001,Super Mario BOOM,26880,09/27/2025, 10:15:32,1066
APRL00001,Super Mario BOOM,26880,09/27/2025, 11:12:11,1066
APRL00001,Super Mario BOOM,26881,09/27/2025, 12:29:05,1066
APRL00001,Super Mario BOOM,26881,09/27/2025, 13:20:00,1066
APRL00001,Super Mario BOOM,26882,09/27/2025, 14:13:26,1066
APRL00001,Super Mario BOOM,26882,09/27/2025, 15:14:36,1066
APRL00001,Super Mario BOOM,26883,09/27/2025, 16:18:04,1066
APRL00001,Super Mario BOOM,26884,09/27/2025, 17:13:19,1066
APRL00001,Super Mario BOOM,26888,09/27/2025, 18:20:33,1066
APRL00001,Super Mario BOOM,26888,09/27/2025, 19:12:14,1066
APRL00001,Super Mario BOOM,26888,09/27/2025, 20:16:13,1066
APRL00001,Super Mario BOOM,26890,09/27/2025, 21:13:35,1066
APRL00001,Super Mario BOOM,26891,09/27/2025, 22:14:41,1066
APRL00001,Super Mario BOOM,26891,09/27/2025, 23:14:51,1066
APRL00001,Super Mario BOOM,26891,09/28/2025, 01:18:36,1066
APRL00001,Super Mario BOOM,26892,09/28/2025, 03:06:53,1066
APRL00001,Super Mario BOOM,26892,09/28/2025, 04:19:10,1066
APRL00001,Super Mario BOOM,26893,09/28/2025, 05:15:35,1066
APRL00001,Super Mario BOOM,26894,09/28/2025, 06:22:23,1066
APRL00001,Super Mario BOOM,26895,09/28/2025, 07:14:43,1066
APRL00001,Super Mario BOOM,26895,09/28/2025, 08:19:34,1066
APRL00001,Super Mario BOOM,26895,09/28/2025, 09:14:55,1066
APRL00001,Super Mario BOOM,26896,09/28/2025, 10:15:48,1066
APRL00001,Super Mario BOOM,26896,09/28/2025, 11:12:35,1066
APRL00001,Super Mario BOOM,26897,09/28/2025, 12:29:26,1066
APRL00001,Super Mario BOOM,26898,09/28/2025, 13:20:28,1066
APRL00001,Super Mario BOOM,26899,09/28/2025, 14:12:57,1066
APRL00001,Super Mario BOOM,26899,09/28/2025, 15:14:34,1066
APRL00001,Super Mario BOOM,26900,09/28/2025, 16:17:31,1066
APRL00001,Super Mario BOOM,26902,09/28/2025, 17:13:15,1066
APRL00001,Super Mario BOOM,26902,09/28/2025, 18:20:35,1066
APRL00001,Super Mario BOOM,26902,09/28/2025, 19:12:11,1066
APRL00001,Super Mario BOOM,26903,09/28/2025, 20:17:10,1066
APRL00001,Super Mario BOOM,26903,09/28/2025, 21:13:32,1066
APRL00001,Super Mario BOOM,26904,09/28/2025, 22:14:35,1066
APRL00001,Super Mario BOOM,26904,09/28/2025, 23:15:15,1066
APRL00001,Super Mario BOOM,26905,09/29/2025, 01:13:33,1066
APRL00001,Super Mario BOOM,26908,09/29/2025, 03:02:42,1066
APRL00001,Super Mario BOOM,26909,09/29/2025, 04:20:44,1066
APRL00001,Super Mario BOOM,26909,09/29/2025, 05:18:13,1066
APRL00001,Super Mario BOOM,26909,09/29/2025, 06:26:10,1066
APRL00001,Super Mario BOOM,26910,09/29/2025, 07:17:34,1066
APRL00001,Super Mario BOOM,26910,09/29/2025, 08:23:57,1066
APRL00001,Super Mario BOOM,26910,09/29/2025, 09:19:59,1066
APRL00001,Super Mario BOOM,26911,09/29/2025, 10:19:15,1066
APRL00001,Super Mario BOOM,26912,09/29/2025, 11:14:59,1066
APRL00001,Super Mario BOOM,26912,09/29/2025, 12:34:18,1066
APRL00001,Super Mario BOOM,26912,09/29/2025, 13:27:42,1066
APRL00001,Super Mario BOOM,26912,09/29/2025, 14:16:57,1066
APRL00001,Super Mario BOOM,26912,09/29/2025, 15:17:20,1066
APRL00001,Super Mario BOOM,26913,09/29/2025, 16:17:32,1066
APRL00001,Super Mario BOOM,26914,09/29/2025, 17:15:25,1066
APRL00001,Super Mario BOOM,26914,09/29/2025, 18:24:04,1066
APRL00001,Super Mario BOOM,26914,09/29/2025, 19:14:07,1066
APRL00001,Super Mario BOOM,26914,09/29/2025, 20:16:56,1066
APRL00001,Super Mario BOOM,26914,09/29/2025, 21:14:38,1066
APRL00001,Super Mario BOOM,26914,09/29/2025, 22:15:11,1066
APRL00001,Super Mario BOOM,26914,09/29/2025, 23:15:30,1066
APRL00001,Super Mario BOOM,26914,09/30/2025, 01:12:42,1066
APRL00001,Super Mario BOOM,26914,09/30/2025, 02:56:58,1066
APRL00001,Super Mario BOOM,26915,09/30/2025, 03:30:11,1066
APRL00001,Super Mario BOOM,26915,09/30/2025, 04:20:01,1066
APRL00001,Super Mario BOOM,26916,09/30/2025, 05:16:32,1066
APRL00001,Super Mario BOOM,26916,09/30/2025, 06:25:41,1066
APRL00001,Super Mario BOOM,26917,09/30/2025, 07:17:59,1066
APRL00001,Super Mario BOOM,26917,09/30/2025, 08:23:09,1066
APRL00001,Super Mario BOOM,26918,09/30/2025, 09:18:06,1066
APRL00001,Super Mario BOOM,26918,09/30/2025, 10:17:45,1066
APRL00001,Super Mario BOOM,26919,09/30/2025, 11:14:33,1066
APRL00001,Super Mario BOOM,26920,09/30/2025, 12:34:22,1066
APRL00001,Super Mario BOOM,26920,09/30/2025, 13:27:56,1066
APRL00001,Super Mario BOOM,26921,09/30/2025, 14:17:04,1066
APRL00001,Super Mario BOOM,26922,09/30/2025, 15:15:30,1066
APRL00001,Super Mario BOOM,26922,09/30/2025, 16:20:48,1066
APRL00001,Super Mario BOOM,26923,09/30/2025, 17:15:23,1066
APRL00001,Super Mario BOOM,26923,09/30/2025, 18:21:44,1066
APRL00001,Super Mario BOOM,26923,09/30/2025, 19:13:51,1066
APRL00001,Super Mario BOOM,26923,09/30/2025, 20:17:47,1066
APRL00001,Super Mario BOOM,26924,09/30/2025, 21:15:08,1066
APRL00001,Super Mario BOOM,26926,09/30/2025, 22:15:13,1066
APRL00001,Super Mario BOOM,26926,09/30/2025, 23:15:18,1066
APRL00001,Super Mario BOOM,26927,10/01/2025, 01:19:48,1066
APRL00001,Super Mario BOOM,26928,10/01/2025, 03:09:58,1066
APRL00001,Super Mario BOOM,26931,10/01/2025, 04:19:58,1066
APRL00001,Super Mario BOOM,26932,10/01/2025, 05:16:44,1066
APRL00001,Super Mario BOOM,26933,10/01/2025, 06:25:05,1066
APRL00001,Super Mario BOOM,26934,10/01/2025, 07:17:23,1066
APRL00001,Super Mario BOOM,26934,10/01/2025, 08:22:44,1066
APRL00001,Super Mario BOOM,26934,10/01/2025, 09:18:38,1066
APRL00001,Super Mario BOOM,26934,10/01/2025, 10:18:04,1066
APRL00001,Super Mario BOOM,26934,10/01/2025, 11:15:09,1066
APRL00001,Super Mario BOOM,26934,10/01/2025, 12:35:06,1066
APRL00001,Super Mario BOOM,26934,10/01/2025, 13:27:38,1066
APRL00001,Super Mario BOOM,26934,10/01/2025, 14:17:33,1066
APRL00001,Super Mario BOOM,26934,10/01/2025, 15:16:36,1066
APRL00001,Super Mario BOOM,26934,10/01/2025, 16:21:22,1066
APRL00001,Super Mario BOOM,26935,10/01/2025, 17:15:50,1066
APRL00001,Super Mario BOOM,26935,10/01/2025, 18:23:29,1066
APRL00001,Super Mario BOOM,26936,10/01/2025, 19:14:09,1066
APRL00001,Super Mario BOOM,26938,10/01/2025, 20:18:41,1066
APRL00001,Super Mario BOOM,26938,10/01/2025, 21:15:27,1066
APRL00001,Super Mario BOOM,26940,10/01/2025, 22:15:27,1066
APRL00001,Super Mario BOOM,26940,10/01/2025, 23:14:38,1066
APRL00001,Super Mario BOOM,26940,10/02/2025, 01:10:16,1066
APRL00001,Super Mario BOOM,26940,10/02/2025, 02:55:35,1066
APRL00001,Super Mario BOOM,26942,10/02/2025, 03:28:06,1066
APRL00001,Super Mario BOOM,26943,10/02/2025, 04:19:04,1066
APRL00001,Super Mario BOOM,26944,10/02/2025, 05:15:51,1066
APRL00001,Super Mario BOOM,26944,10/02/2025, 06:24:35,1066
APRL00001,Super Mario BOOM,26944,10/02/2025, 07:16:16,1066
APRL00001,Super Mario BOOM,26945,10/02/2025, 08:21:21,1066
APRL00001,Super Mario BOOM,26945,10/02/2025, 09:17:41,1066
APRL00001,Super Mario BOOM,26945,10/02/2025, 10:16:25,1066
APRL00001,Super Mario BOOM,26946,10/02/2025, 11:13:36,1066
APRL00001,Super Mario BOOM,26947,10/02/2025, 12:31:52,1066
APRL00001,Super Mario BOOM,26947,10/02/2025, 13:24:56,1066
APRL00001,Super Mario BOOM,26947,10/02/2025, 14:16:02,1066
APRL00001,Super Mario BOOM,26947,10/02/2025, 15:17:17,1066
APRL00001,Super Mario BOOM,26947,10/02/2025, 16:19:56,1066
APRL00001,Super Mario BOOM,26947,10/02/2025, 17:13:08,1066
APRL00001,Super Mario BOOM,26947,10/02/2025, 18:23:07,1066
APRL00001,Super Mario BOOM,26947,10/02/2025, 19:14:10,1066
APRL00001,Super Mario BOOM,26948,10/02/2025, 20:17:30,1066
APRL00001,Super Mario BOOM,26948,10/02/2025, 21:14:37,1066
APRL00001,Super Mario BOOM,26948,10/02/2025, 22:15:05,1066
APRL00001,Super Mario BOOM,26949,10/02/2025, 23:14:47,1066
APRL00001,Super Mario BOOM,26950,10/03/2025, 01:10:05,1066
APRL00001,Super Mario BOOM,26951,10/03/2025, 02:55:11,1066
APRL00001,Super Mario BOOM,26952,10/03/2025, 03:27:07,1066
APRL00001,Super Mario BOOM,26953,10/03/2025, 04:19:20,1066
APRL00001,Super Mario BOOM,26953,10/03/2025, 05:16:12,1066
APRL00001,Super Mario BOOM,26954,10/03/2025, 06:23:42,1066
APRL00001,Super Mario BOOM,26954,10/03/2025, 07:16:19,1066
APRL00001,Super Mario BOOM,26955,10/03/2025, 08:20:53,1066
APRL00001,Super Mario BOOM,26955,10/03/2025, 09:17:06,1066
APRL00001,Super Mario BOOM,26956,10/03/2025, 10:17:06,1066
APRL00001,Super Mario BOOM,26956,10/03/2025, 11:13:53,1066
APRL00001,Super Mario BOOM,26956,10/03/2025, 12:32:06,1066
APRL00001,Super Mario BOOM,26956,10/03/2025, 13:24:01,1066
APRL00001,Super Mario BOOM,26956,10/03/2025, 14:15:42,1066
APRL00001,Super Mario BOOM,26956,10/03/2025, 15:16:33,1066
APRL00001,Super Mario BOOM,26956,10/03/2025, 16:19:35,1066
APRL00001,Super Mario BOOM,26956,10/03/2025, 17:14:38,1066
APRL00001,Super Mario BOOM,26956,10/03/2025, 18:22:35,1066
APRL00001,Super Mario BOOM,26956,10/03/2025, 19:14:08,1066
APRL00001,Super Mario BOOM,26958,10/03/2025, 20:17:28,1066
APRL00001,Super Mario BOOM,26958,10/03/2025, 21:14:37,1066
APRL00001,Super Mario BOOM,26958,10/03/2025, 22:14:49,1066
APRL00001,Super Mario BOOM,26960,10/03/2025, 23:14:27,1066
APRL00001,Super Mario BOOM,26961,10/04/2025, 01:07:20,1066
APRL00001,Super Mario BOOM,26962,10/04/2025, 02:48:01,1066
APRL00001,Super Mario BOOM,26962,10/04/2025, 03:22:37,1066
APRL00001,Super Mario BOOM,26962,10/04/2025, 04:18:56,1066
APRL00001,Super Mario BOOM,26962,10/04/2025, 05:14:49,1066
APRL00001,Super Mario BOOM,26962,10/04/2025, 06:21:52,1066
APRL00001,Super Mario BOOM,26962,10/04/2025, 07:14:16,1066
APRL00001,Super Mario BOOM,26962,10/04/2025, 08:19:17,1066
APRL00001,Super Mario BOOM,26964,10/04/2025, 09:15:09,1066
APRL00001,Super Mario BOOM,26964,10/04/2025, 10:15:08,1066
APRL00001,Super Mario BOOM,26964,10/04/2025, 11:12:36,1066
APRL00001,Super Mario BOOM,26965,10/04/2025, 12:28:59,1066
APRL00001,Super Mario BOOM,26965,10/04/2025, 13:19:13,1066
APRL00001,Super Mario BOOM,26965,10/04/2025, 14:13:50,1066
APRL00001,Super Mario BOOM,26965,10/04/2025, 15:14:31,1066
APRL00001,Super Mario BOOM,26967,10/04/2025, 16:17:46,1066
APRL00001,Super Mario BOOM,26967,10/04/2025, 17:13:17,1066
APRL00001,Super Mario BOOM,26967,10/04/2025, 18:20:28,1066
APRL00001,Super Mario BOOM,26967,10/04/2025, 19:12:02,1066
APRL00001,Super Mario BOOM,26967,10/04/2025, 20:16:39,1066
APRL00001,Super Mario BOOM,26967,10/04/2025, 21:13:17,1066
APRL00001,Super Mario BOOM,26968,10/04/2025, 22:14:27,1066
APRL00001,Super Mario BOOM,26969,10/04/2025, 23:15:03,1066
APRL00001,Super Mario BOOM,26970,10/05/2025, 01:17:35,1066
APRL00001,Super Mario BOOM,26970,10/05/2025, 03:06:04,1066
APRL00001,Super Mario BOOM,26970,10/05/2025, 04:18:43,1066
APRL00001,Super Mario BOOM,26970,10/05/2025, 05:14:48,1066
APRL00001,Super Mario BOOM,26970,10/05/2025, 06:21:39,1066
APRL00001,Super Mario BOOM,26971,10/05/2025, 07:14:22,1066
APRL00001,Super Mario BOOM,26972,10/05/2025, 08:18:49,1066
APRL00001,Super Mario BOOM,26972,10/05/2025, 09:14:57,1066
APRL00001,Super Mario BOOM,26973,10/05/2025, 10:15:33,1066
APRL00001,Super Mario BOOM,26973,10/05/2025, 11:12:11,1066
APRL00001,Super Mario BOOM,26974,10/05/2025, 12:29:17,1066
APRL00001,Super Mario BOOM,26974,10/05/2025, 13:20:12,1066
APRL00001,Super Mario BOOM,26975,10/05/2025, 14:13:46,1066
APRL00001,Super Mario BOOM,26976,10/05/2025, 15:14:19,1066
APRL00001,Super Mario BOOM,26976,10/05/2025, 16:17:40,1066
APRL00001,Super Mario BOOM,26978,10/05/2025, 17:13:24,1066
APRL00001,Super Mario BOOM,26979,10/05/2025, 18:21:01,1066
APRL00001,Super Mario BOOM,26980,10/05/2025, 19:12:14,1066
APRL00001,Super Mario BOOM,26980,10/05/2025, 20:16:33,1066
APRL00001,Super Mario BOOM,26980,10/05/2025, 21:14:02,1066
APRL00001,Super Mario BOOM,26980,10/05/2025, 22:14:38,1066
APRL00001,Super Mario BOOM,26982,10/05/2025, 23:13:53,1066
APRL00001,Super Mario BOOM,26983,10/06/2025, 01:12:27,1066
APRL00001,Super Mario BOOM,26984,10/06/2025, 03:00:31,1066
APRL00001,Super Mario BOOM,26984,10/06/2025, 03:37:43,1066
APRL00001,Super Mario BOOM,26984,10/06/2025, 04:19:51,1066
APRL00001,Super Mario BOOM,26984,10/06/2025, 05:16:52,1066
APRL00001,Super Mario BOOM,26984,10/06/2025, 06:25:18,1066
APRL00001,Super Mario BOOM,26984,10/06/2025, 07:17:09,1066
APRL00001,Super Mario BOOM,26984,10/06/2025, 08:22:25,1066
APRL00001,Super Mario BOOM,26985,10/06/2025, 09:20:39,1066
APRL00001,Super Mario BOOM,26985,10/06/2025, 10:18:26,1066
APRL00001,Super Mario BOOM,26986,10/06/2025, 11:14:16,1066
APRL00001,Super Mario BOOM,26988,10/06/2025, 12:33:46,1066
APRL00001,Super Mario BOOM,26990,10/06/2025, 13:27:20,1066
APRL00001,Super Mario BOOM,26990,10/06/2025, 14:16:43,1066
APRL00001,Super Mario BOOM,26991,10/06/2025, 15:16:58,1066
APRL00001,Super Mario BOOM,26991,10/06/2025, 16:20:39,1066
APRL00001,Super Mario BOOM,26991,10/06/2025, 17:15:51,1066
APRL00001,Super Mario BOOM,26991,10/06/2025, 18:24:28,1066
APRL00001,Super Mario BOOM,26992,10/06/2025, 19:14:00,1066
APRL00001,Super Mario BOOM,26994,10/06/2025, 20:18:12,1066
APRL00001,Super Mario BOOM,26994,10/06/2025, 21:14:48,1066
APRL00001,Super Mario BOOM,26996,10/06/2025, 22:15:04,1066
APRL00001,Super Mario BOOM,26997,10/06/2025, 23:15:02,1066
APRL00001,Super Mario BOOM,27000,10/07/2025, 01:11:11,1066
APRL00001,Super Mario BOOM,27000,10/07/2025, 02:56:20,1066
APRL00001,Super Mario BOOM,27000,10/07/2025, 03:29:36,1066
APRL00001,Super Mario BOOM,27000,10/07/2025, 04:20:10,1066
APRL00001,Super Mario BOOM,27000,10/07/2025, 05:16:13,1066
APRL00001,Super Mario BOOM,27000,10/07/2025, 06:24:56,1066
APRL00001,Super Mario BOOM,27000,10/07/2025, 07:16:56,1066
APRL00001,Super Mario BOOM,27001,10/07/2025, 08:22:19,1066
APRL00001,Super Mario BOOM,27001,10/07/2025, 09:18:26,1066
APRL00001,Super Mario BOOM,27001,10/07/2025, 10:17:50,1066
APRL00001,Super Mario BOOM,27001,10/07/2025, 11:14:20,1066
APRL00001,Super Mario BOOM,27002,10/07/2025, 12:33:55,1066
APRL00001,Super Mario BOOM,27002,10/07/2025, 13:27:53,1066
APRL00001,Super Mario BOOM,27003,10/07/2025, 14:17:47,1066
APRL00001,Super Mario BOOM,27003,10/07/2025, 15:18:19,1066
APRL00001,Super Mario BOOM,27004,10/07/2025, 16:20:25,1066
APRL00001,Super Mario BOOM,27004,10/07/2025, 17:15:32,1066
APRL00001,Super Mario BOOM,27004,10/07/2025, 18:23:46,1066
APRL00001,Super Mario BOOM,27004,10/07/2025, 19:13:50,1066
APRL00001,Super Mario BOOM,27005,10/07/2025, 20:17:55,1066
APRL00001,Super Mario BOOM,27005,10/07/2025, 21:15:05,1066
APRL00001,Super Mario BOOM,27005,10/07/2025, 22:15:39,1066
APRL00001,Super Mario BOOM,27008,10/07/2025, 23:15:01,1066
APRL00001,Super Mario BOOM,27009,10/08/2025, 01:11:05,1066
APRL00001,Super Mario BOOM,27009,10/08/2025, 02:56:23,1066
APRL00001,Super Mario BOOM,27009,10/08/2025, 03:29:03,1066
APRL00001,Super Mario BOOM,27009,10/08/2025, 04:19:32,1066
APRL00001,Super Mario BOOM,27009,10/08/2025, 05:16:38,1066
APRL00001,Super Mario BOOM,27009,10/08/2025, 06:25:02,1066
APRL00001,Super Mario BOOM,27009,10/08/2025, 07:16:16,1066
APRL00001,Super Mario BOOM,27009,10/08/2025, 08:22:21,1066
APRL00001,Super Mario BOOM,27009,10/08/2025, 09:18:22,1066
APRL00001,Super Mario BOOM,27009,10/08/2025, 10:17:41,1066
APRL00001,Super Mario BOOM,27009,10/08/2025, 11:14:19,1066
APRL00001,Super Mario BOOM,27010,10/08/2025, 12:34:22,1066
APRL00001,Super Mario BOOM,27010,10/08/2025, 13:27:54,1066
APRL00001,Super Mario BOOM,27012,10/08/2025, 14:17:23,1066
APRL00001,Super Mario BOOM,27012,10/08/2025, 15:17:59,1066
APRL00001,Super Mario BOOM,27012,10/08/2025, 16:20:40,1066
APRL00001,Super Mario BOOM,27013,10/08/2025, 17:15:23,1066
APRL00001,Super Mario BOOM,27013,10/08/2025, 18:24:53,1066
APRL00001,Super Mario BOOM,27013,10/08/2025, 19:13:50,1066
APRL00001,Super Mario BOOM,27015,10/08/2025, 20:18:45,1066
APRL00001,Super Mario BOOM,27016,10/08/2025, 21:15:28,1066
APRL00001,Super Mario BOOM,27017,10/08/2025, 22:15:55,1066
APRL00001,Super Mario BOOM,27017,10/08/2025, 23:15:05,1066
APRL00001,Super Mario BOOM,27018,10/09/2025, 01:11:52,1066
APRL00001,Super Mario BOOM,27018,10/09/2025, 02:58:38,1066
APRL00001,Super Mario BOOM,27018,10/09/2025, 03:33:06,1066
APRL00001,Super Mario BOOM,27018,10/09/2025, 04:20:19,1066
APRL00001,Super Mario BOOM,27018,10/09/2025, 05:16:42,1066
APRL00001,Super Mario BOOM,27018,10/09/2025, 06:25:20,1066
APRL00001,Super Mario BOOM,27018,10/09/2025, 07:16:34,1066
APRL00001,Super Mario BOOM,27019,10/09/2025, 08:21:58,1066
APRL00001,Super Mario BOOM,27021,10/09/2025, 09:17:42,1066
APRL00001,Super Mario BOOM,27021,10/09/2025, 10:18:27,1066
APRL00001,Super Mario BOOM,27021,10/09/2025, 11:14:40,1066
APRL00001,Super Mario BOOM,27023,10/09/2025, 12:33:25,1066
APRL00001,Super Mario BOOM,27024,10/09/2025, 13:28:28,1066
APRL00001,Super Mario BOOM,27024,10/09/2025, 14:17:02,1066
APRL00001,Super Mario BOOM,27026,10/09/2025, 15:31:05,1066
APRL00001,Super Mario BOOM,27027,10/09/2025, 16:21:47,1066
APRL00001,Super Mario BOOM,27027,10/09/2025, 17:15:38,1066
APRL00001,Super Mario BOOM,27030,10/09/2025, 22:15:18,1066
APRL00001,Super Mario BOOM,27031,10/09/2025, 23:15:10,1066
APRL00001,Super Mario BOOM,27032,10/10/2025, 01:11:23,1066
APRL00001,Super Mario BOOM,27034,10/10/2025, 02:58:59,1066
APRL00001,Super Mario BOOM,27034,10/10/2025, 03:33:44,1066
APRL00001,Super Mario BOOM,27034,10/10/2025, 04:19:59,1066
APRL00001,Super Mario BOOM,27034,10/10/2025, 05:16:29,1066
APRL00001,Super Mario BOOM,27034,10/10/2025, 06:25:10,1066
APRL00001,Super Mario BOOM,27034,10/10/2025, 07:16:31,1066
APRL00001,Super Mario BOOM,27034,10/10/2025, 08:21:48,1066
APRL00001,Super Mario BOOM,27034,10/10/2025, 09:18:40,1066
APRL00001,Super Mario BOOM,27034,10/10/2025, 10:18:22,1066
APRL00001,Super Mario BOOM,27034,10/10/2025, 11:14:34,1066
APRL00001,Super Mario BOOM,27035,10/10/2025, 12:33:35,1066
APRL00001,Super Mario BOOM,27035,10/10/2025, 13:26:33,1066
APRL00001,Super Mario BOOM,27037,10/10/2025, 14:17:05,1066
APRL00001,Super Mario BOOM,27037,10/10/2025, 15:16:36,1066
APRL00001,Super Mario BOOM,27039,10/10/2025, 16:20:18,1066
APRL00001,Super Mario BOOM,27039,10/10/2025, 17:15:48,1066
APRL00001,Super Mario BOOM,27039,10/10/2025, 18:23:34,1066
APRL00001,Super Mario BOOM,27039,10/10/2025, 19:13:42,1066
APRL00001,Super Mario BOOM,27040,10/10/2025, 20:17:24,1066
APRL00001,Super Mario BOOM,27041,10/10/2025, 21:15:02,1066
APRL00001,Super Mario BOOM,27042,10/10/2025, 22:15:13,1066
APRL00001,Super Mario BOOM,27042,10/10/2025, 23:14:54,1066
APRL00001,Super Mario BOOM,27044,10/11/2025, 01:08:58,1066
APRL00001,Super Mario BOOM,27045,10/11/2025, 02:52:20,1066
APRL00001,Super Mario BOOM,27046,10/11/2025, 03:25:00,1066
APRL00001,Super Mario BOOM,27047,10/11/2025, 04:18:47,1066
APRL00001,Super Mario BOOM,27048,10/11/2025, 05:15:11,1066
APRL00001,Super Mario BOOM,27048,10/11/2025, 06:21:59,1066
APRL00001,Super Mario BOOM,27048,10/11/2025, 07:14:24,1066
APRL00001,Super Mario BOOM,27049,10/11/2025, 08:19:20,1066
APRL00001,Super Mario BOOM,27049,10/11/2025, 09:15:26,1066
APRL00001,Super Mario BOOM,27049,10/11/2025, 10:15:42,1066
APRL00001,Super Mario BOOM,27049,10/11/2025, 11:13:06,1066
APRL00001,Super Mario BOOM,27052,10/11/2025, 12:29:03,1066
APRL00001,Super Mario BOOM,27052,10/11/2025, 13:20:27,1066
APRL00001,Super Mario BOOM,27053,10/11/2025, 14:13:13,1066
APRL00001,Super Mario BOOM,27053,10/11/2025, 15:14:06,1066
APRL00001,Super Mario BOOM,27053,10/11/2025, 16:17:41,1066
APRL00001,Super Mario BOOM,27053,10/11/2025, 17:13:11,1066
APRL00001,Super Mario BOOM,27054,10/11/2025, 18:19:38,1066
APRL00001,Super Mario BOOM,27055,10/11/2025, 19:12:05,1066
APRL00001,Super Mario BOOM,27055,10/11/2025, 20:16:13,1066
APRL00001,Super Mario BOOM,27055,10/11/2025, 21:13:23,1066
APRL00001,Super Mario BOOM,27056,10/11/2025, 22:14:31,1066
APRL00001,Super Mario BOOM,27057,10/11/2025, 23:14:42,1066
APRL00001,Super Mario BOOM,27057,10/12/2025, 01:15:04,1066
APRL00001,Super Mario BOOM,27058,10/12/2025, 03:01:00,1066
APRL00001,Super Mario BOOM,27058,10/12/2025, 03:37:10,1066
APRL00001,Super Mario BOOM,27058,10/12/2025, 04:19:08,1066
APRL00001,Super Mario BOOM,27058,10/12/2025, 05:15:35,1066
APRL00001,Super Mario BOOM,27059,10/12/2025, 06:21:43,1066
APRL00001,Super Mario BOOM,27059,10/12/2025, 07:14:41,1066
APRL00001,Super Mario BOOM,27059,10/12/2025, 08:19:23,1066
APRL00001,Super Mario BOOM,27060,10/12/2025, 09:15:36,1066
APRL00001,Super Mario BOOM,27060,10/12/2025, 10:15:44,1066
APRL00001,Super Mario BOOM,27061,10/12/2025, 11:12:57,1066
APRL00001,Super Mario BOOM,27061,10/12/2025, 12:29:31,1066
APRL00001,Super Mario BOOM,27062,10/12/2025, 13:20:46,1066
APRL00001,Super Mario BOOM,27062,10/12/2025, 14:14:23,1066
APRL00001,Super Mario BOOM,27063,10/12/2025, 15:14:41,1066
APRL00001,Super Mario BOOM,27063,10/12/2025, 16:18:08,1066
APRL00001,Super Mario BOOM,27063,10/12/2025, 17:13:24,1066
APRL00001,Super Mario BOOM,27063,10/12/2025, 18:20:43,1066
APRL00001,Super Mario BOOM,27064,10/12/2025, 19:12:20,1066
APRL00001,Super Mario BOOM,27065,10/12/2025, 20:17:05,1066
APRL00001,Super Mario BOOM,27067,10/12/2025, 21:14:20,1066
APRL00001,Super Mario BOOM,27067,10/12/2025, 22:14:43,1066
APRL00001,Super Mario BOOM,27067,10/12/2025, 23:14:31,1066
APRL00001,Super Mario BOOM,27068,10/13/2025, 01:16:37,1066
APRL00001,Super Mario BOOM,27068,10/13/2025, 03:08:14,1066
APRL00001,Super Mario BOOM,27068,10/13/2025, 04:20:24,1066
APRL00001,Super Mario BOOM,27068,10/13/2025, 05:17:42,1066
APRL00001,Super Mario BOOM,27068,10/13/2025, 06:26:57,1066
APRL00001,Super Mario BOOM,27068,10/13/2025, 07:17:33,1066
APRL00001,Super Mario BOOM,27068,10/13/2025, 08:24:05,1066
APRL00001,Super Mario BOOM,27068,10/13/2025, 09:20:35,1066
APRL00001,Super Mario BOOM,27068,10/13/2025, 10:20:02,1066
APRL00001,Super Mario BOOM,27068,10/13/2025, 11:14:57,1066
APRL00001,Super Mario BOOM,27068,10/13/2025, 12:34:02,1066
APRL00001,Super Mario BOOM,27069,10/13/2025, 13:28:23,1066
APRL00001,Super Mario BOOM,27069,10/13/2025, 14:17:43,1066
APRL00001,Super Mario BOOM,27071,10/13/2025, 15:17:13,1066
APRL00001,Super Mario BOOM,27071,10/13/2025, 16:20:22,1066
APRL00001,Super Mario BOOM,27072,10/13/2025, 17:15:32,1066
APRL00001,Super Mario BOOM,27073,10/13/2025, 18:22:43,1066
APRL00001,Super Mario BOOM,27073,10/13/2025, 19:13:32,1066
APRL00001,Super Mario BOOM,27074,10/13/2025, 20:18:52,1066
APRL00001,Super Mario BOOM,27077,10/13/2025, 21:14:52,1066
APRL00001,Super Mario BOOM,27077,10/13/2025, 22:15:46,1066
APRL00001,Super Mario BOOM,27077,10/13/2025, 23:14:51,1066
APRL00001,Super Mario BOOM,27079,10/14/2025, 01:11:43,1066
APRL00001,Super Mario BOOM,27079,10/14/2025, 02:59:20,1066
APRL00001,Super Mario BOOM,27079,10/14/2025, 03:34:58,1066
APRL00001,Super Mario BOOM,27080,10/14/2025, 04:20:14,1066
APRL00001,Super Mario BOOM,27080,10/14/2025, 05:16:13,1066
APRL00001,Super Mario BOOM,27081,10/14/2025, 06:25:15,1066
APRL00001,Super Mario BOOM,27082,10/14/2025, 07:17:35,1066
APRL00001,Super Mario BOOM,27082,10/14/2025, 08:20:40,1066
APRL00001,Super Mario BOOM,27082,10/14/2025, 09:19:02,1066
APRL00001,Super Mario BOOM,27082,10/14/2025, 10:18:26,1066
APRL00001,Super Mario BOOM,27082,10/14/2025, 11:14:16,1066
APRL00001,Super Mario BOOM,27082,10/14/2025, 12:35:27,1066
APRL00001,Super Mario BOOM,27082,10/14/2025, 13:28:43,1066
APRL00001,Super Mario BOOM,27082,10/14/2025, 14:18:24,1066
APRL00001,Super Mario BOOM,27084,10/14/2025, 15:18:58,1066
APRL00001,Super Mario BOOM,27084,10/14/2025, 16:20:51,1066
APRL00001,Super Mario BOOM,27084,10/14/2025, 17:15:12,1066
APRL00001,Super Mario BOOM,27084,10/14/2025, 18:24:25,1066
APRL00001,Super Mario BOOM,27085,10/14/2025, 19:14:00,1066
APRL00001,Super Mario BOOM,27085,10/14/2025, 20:18:51,1066
APRL00001,Super Mario BOOM,27085,10/14/2025, 21:14:59,1066
APRL00001,Super Mario BOOM,27085,10/14/2025, 22:15:57,1066
APRL00001,Super Mario BOOM,27086,10/14/2025, 23:15:10,1066
APRL00001,Super Mario BOOM,27087,10/15/2025, 01:13:35,1066
APRL00001,Super Mario BOOM,27087,10/15/2025, 03:03:25,1066
APRL00001,Super Mario BOOM,27087,10/15/2025, 04:20:08,1066
APRL00001,Super Mario BOOM,27087,10/15/2025, 05:16:50,1066
APRL00001,Super Mario BOOM,27087,10/15/2025, 06:25:19,1066
APRL00001,Super Mario BOOM,27088,10/15/2025, 07:17:29,1066
APRL00001,Super Mario BOOM,27088,10/15/2025, 08:23:07,1066
APRL00001,Super Mario BOOM,27088,10/15/2025, 09:18:41,1066
APRL00001,Super Mario BOOM,27088,10/15/2025, 10:19:18,1066
APRL00001,Super Mario BOOM,27088,10/15/2025, 11:14:41,1066
APRL00001,Super Mario BOOM,27088,10/15/2025, 12:35:18,1066
APRL00001,Super Mario BOOM,27088,10/15/2025, 13:30:16,1066
APRL00001,Super Mario BOOM,27088,10/15/2025, 14:18:04,1066
APRL00001,Super Mario BOOM,27088,10/15/2025, 15:16:56,1066
APRL00001,Super Mario BOOM,27088,10/15/2025, 16:18:30,1066
APRL00001,Super Mario BOOM,27088,10/15/2025, 17:15:41,1066
APRL00001,Super Mario BOOM,27088,10/15/2025, 18:24:36,1066
APRL00001,Super Mario BOOM,27088,10/15/2025, 19:14:05,1066
APRL00001,Super Mario BOOM,27088,10/15/2025, 20:19:45,1066
APRL00001,Super Mario BOOM,27088,10/15/2025, 21:15:20,1066
APRL00001,Super Mario BOOM,27090,10/15/2025, 22:14:28,1066
APRL00001,Super Mario BOOM,27090,10/15/2025, 23:14:56,1066
APRL00001,Super Mario BOOM,27091,10/16/2025, 01:13:07,1066
APRL00001,Super Mario BOOM,27093,10/16/2025, 03:01:46,1066
APRL00001,Super Mario BOOM,27093,10/16/2025, 03:41:00,1066
APRL00001,Super Mario BOOM,27095,10/16/2025, 04:19:31,1066
APRL00001,Super Mario BOOM,27096,10/16/2025, 05:16:40,1066
APRL00001,Super Mario BOOM,27096,10/16/2025, 06:25:13,1066
APRL00001,Super Mario BOOM,27097,10/16/2025, 07:17:26,1066
APRL00001,Super Mario BOOM,27097,10/16/2025, 08:23:36,1066
APRL00001,Super Mario BOOM,27098,10/16/2025, 09:19:06,1066
APRL00001,Super Mario BOOM,27098,10/16/2025, 10:19:22,1066
APRL00001,Super Mario BOOM,27098,10/16/2025, 11:14:54,1066
APRL00001,Super Mario BOOM,27099,10/16/2025, 12:35:20,1066
APRL00001,Super Mario BOOM,27099,10/16/2025, 13:29:59,1066
APRL00001,Super Mario BOOM,27100,10/16/2025, 14:17:59,1066
APRL00001,Super Mario BOOM,27103,10/16/2025, 15:18:24,1066
APRL00001,Super Mario BOOM,27104,10/16/2025, 16:21:36,1066
APRL00001,Super Mario BOOM,27106,10/16/2025, 17:15:32,1066
APRL00001,Super Mario BOOM,27106,10/16/2025, 18:24:24,1066
APRL00001,Super Mario BOOM,27106,10/16/2025, 19:12:52,1066
APRL00001,Super Mario BOOM,27106,10/16/2025, 20:18:57,1066
APRL00001,Super Mario BOOM,27107,10/16/2025, 21:15:16,1066
APRL00001,Super Mario BOOM,27107,10/16/2025, 22:13:32,1066
APRL00001,Super Mario BOOM,27108,10/16/2025, 23:14:55,1066
APRL00001,Super Mario BOOM,27111,10/17/2025, 01:12:42,1066
APRL00001,Super Mario BOOM,27111,10/17/2025, 03:00:40,1066
APRL00001,Super Mario BOOM,27111,10/17/2025, 03:37:05,1066
APRL00001,Super Mario BOOM,27111,10/17/2025, 04:20:14,1066
APRL00001,Super Mario BOOM,27111,10/17/2025, 05:16:23,1066
APRL00001,Super Mario BOOM,27112,10/17/2025, 06:24:12,1066
APRL00001,Super Mario BOOM,27112,10/17/2025, 07:16:53,1066
APRL00001,Super Mario BOOM,27112,10/17/2025, 08:22:59,1066
APRL00001,Super Mario BOOM,27112,10/17/2025, 09:18:58,1066
APRL00001,Super Mario BOOM,27112,10/17/2025, 10:18:20,1066
APRL00001,Super Mario BOOM,27112,10/17/2025, 11:14:27,1066
APRL00001,Super Mario BOOM,27114,10/17/2025, 12:33:32,1066
APRL00001,Super Mario BOOM,27114,10/17/2025, 13:26:27,1066
APRL00001,Super Mario BOOM,27115,10/17/2025, 14:17:02,1066
APRL00001,Super Mario BOOM,27115,10/17/2025, 15:17:12,1066
APRL00001,Super Mario BOOM,27115,10/17/2025, 16:20:16,1066
APRL00001,Super Mario BOOM,27115,10/17/2025, 17:14:56,1066
APRL00001,Super Mario BOOM,27115,10/17/2025, 18:21:55,1066
APRL00001,Super Mario BOOM,27115,10/17/2025, 19:14:07,1066
APRL00001,Super Mario BOOM,27116,10/17/2025, 20:18:53,1066
APRL00001,Super Mario BOOM,27116,10/17/2025, 21:15:12,1066
APRL00001,Super Mario BOOM,27117,10/17/2025, 22:15:23,1066
APRL00001,Super Mario BOOM,27117,10/17/2025, 23:14:56,1066
APRL00001,Super Mario BOOM,27117,10/18/2025, 01:09:38,1066
APRL00001,Super Mario BOOM,27118,10/18/2025, 02:53:37,1066
APRL00001,Super Mario BOOM,27118,10/18/2025, 03:26:45,1066
APRL00001,Super Mario BOOM,27119,10/18/2025, 04:19:04,1066
APRL00001,Super Mario BOOM,27119,10/18/2025, 05:15:40,1066
APRL00001,Super Mario BOOM,27119,10/18/2025, 06:22:24,1066
APRL00001,Super Mario BOOM,27119,10/18/2025, 07:15:05,1066
APRL00001,Super Mario BOOM,27119,10/18/2025, 08:20:06,1066
APRL00001,Super Mario BOOM,27119,10/18/2025, 09:16:20,1066
APRL00001,Super Mario BOOM,27120,10/18/2025, 10:16:09,1066
APRL00001,Super Mario BOOM,27120,10/18/2025, 11:13:12,1066
APRL00001,Super Mario BOOM,27120,10/18/2025, 12:30:12,1066
APRL00001,Super Mario BOOM,27121,10/18/2025, 13:21:36,1066
APRL00001,Super Mario BOOM,27122,10/18/2025, 14:14:31,1066
APRL00001,Super Mario BOOM,27123,10/18/2025, 15:14:53,1066
APRL00001,Super Mario BOOM,27124,10/18/2025, 16:18:23,1066
APRL00001,Super Mario BOOM,27127,10/18/2025, 17:13:16,1066
APRL00001,Super Mario BOOM,27127,10/18/2025, 18:21:01,1066
APRL00001,Super Mario BOOM,27130,10/18/2025, 19:12:47,1066
APRL00001,Super Mario BOOM,27132,10/18/2025, 20:16:55,1066
APRL00001,Super Mario BOOM,27133,10/18/2025, 21:14:12,1066
APRL00001,Super Mario BOOM,27135,10/18/2025, 22:14:57,1066
APRL00001,Super Mario BOOM,27135,10/18/2025, 23:14:46,1066
APRL00001,Super Mario BOOM,27135,10/19/2025, 01:21:11,1066
APRL00001,Super Mario BOOM,27136,10/19/2025, 03:14:17,1066
APRL00001,Super Mario BOOM,27136,10/19/2025, 04:20:54,1066
APRL00001,Super Mario BOOM,27136,10/19/2025, 05:16:19,1066
APRL00001,Super Mario BOOM,27137,10/19/2025, 06:23:38,1066
APRL00001,Super Mario BOOM,27137,10/19/2025, 07:14:54,1066
APRL00001,Super Mario BOOM,27137,10/19/2025, 08:19:36,1066
APRL00001,Super Mario BOOM,27137,10/19/2025, 09:15:33,1066
APRL00001,Super Mario BOOM,27137,10/19/2025, 10:16:15,1066
APRL00001,Super Mario BOOM,27139,10/19/2025, 11:13:00,1066
APRL00001,Super Mario BOOM,27141,10/19/2025, 12:30:09,1066
APRL00001,Super Mario BOOM,27141,10/19/2025, 13:21:41,1066
APRL00001,Super Mario BOOM,27142,10/19/2025, 14:14:33,1066
APRL00001,Super Mario BOOM,27143,10/19/2025, 15:14:53,1066
APRL00001,Super Mario BOOM,27143,10/19/2025, 16:18:38,1066
APRL00001,Super Mario BOOM,27144,10/19/2025, 17:14:00,1066
APRL00001,Super Mario BOOM,27146,10/19/2025, 18:21:28,1066
APRL00001,Super Mario BOOM,27148,10/19/2025, 19:13:14,1066
APRL00001,Super Mario BOOM,27148,10/19/2025, 20:17:36,1066
APRL00001,Super Mario BOOM,27149,10/19/2025, 21:14:16,1066
APRL00001,Super Mario BOOM,27150,10/19/2025, 22:15:15,1066
APRL00001,Super Mario BOOM,27151,10/19/2025, 23:15:09,1066
APRL00001,Super Mario BOOM,27152,10/20/2025, 01:18:31,1066
APRL00001,Super Mario BOOM,27153,10/20/2025, 03:14:10,1066
APRL00001,Super Mario BOOM,27153,10/20/2025, 04:23:02,1066
APRL00001,Super Mario BOOM,27154,10/20/2025, 05:17:50,1066
APRL00001,Super Mario BOOM,27154,10/20/2025, 06:26:04,1066
APRL00001,Super Mario BOOM,27154,10/20/2025, 07:18:11,1066
APRL00001,Super Mario BOOM,27154,10/20/2025, 09:20:28,1066
APRL00001,Super Mario BOOM,27154,10/20/2025, 10:19:15,1066
APRL00001,Super Mario BOOM,27155,10/20/2025, 11:15:15,1066
APRL00001,Super Mario BOOM,27157,10/20/2025, 12:35:05,1066
APRL00001,Super Mario BOOM,27157,10/20/2025, 13:27:50,1066
APRL00001,Super Mario BOOM,27157,10/20/2025, 14:17:03,1066
APRL00001,Super Mario BOOM,27158,10/20/2025, 15:17:25,1066
APRL00001,Super Mario BOOM,27158,10/20/2025, 16:20:49,1066
APRL00001,Super Mario BOOM,27159,10/20/2025, 17:15:22,1066
APRL00001,Super Mario BOOM,27160,10/20/2025, 18:25:20,1066
APRL00001,Super Mario BOOM,27160,10/20/2025, 19:14:17,1066
APRL00001,Super Mario BOOM,27160,10/20/2025, 20:19:29,1066
APRL00001,Super Mario BOOM,27161,10/20/2025, 21:15:43,1066
APRL00001,Super Mario BOOM,27161,10/20/2025, 22:15:59,1066
APRL00001,Super Mario BOOM,27161,10/20/2025, 23:15:18,1066
APRL00001,Super Mario BOOM,27162,10/21/2025, 01:15:05,1066
APRL00001,Super Mario BOOM,27163,10/21/2025, 03:04:28,1066
APRL00001,Super Mario BOOM,27164,10/21/2025, 04:20:29,1066
APRL00001,Super Mario BOOM,27164,10/21/2025, 05:17:18,1066
APRL00001,Super Mario BOOM,27164,10/21/2025, 06:25:18,1066
APRL00001,Super Mario BOOM,27165,10/21/2025, 07:17:57,1066
APRL00001,Super Mario BOOM,27165,10/21/2025, 08:23:48,1066
APRL00001,Super Mario BOOM,27166,10/21/2025, 09:18:44,1066
APRL00001,Super Mario BOOM,27166,10/21/2025, 10:18:28,1066
APRL00001,Super Mario BOOM,27166,10/21/2025, 11:14:38,1066
APRL00001,Super Mario BOOM,27166,10/21/2025, 12:35:11,1066
APRL00001,Super Mario BOOM,27166,10/21/2025, 13:32:06,1066
APRL00001,Super Mario BOOM,27167,10/21/2025, 14:16:16,1066
APRL00001,Super Mario BOOM,27167,10/21/2025, 15:17:56,1066
APRL00001,Super Mario BOOM,27168,10/21/2025, 16:22:30,1066
APRL00001,Super Mario BOOM,27168,10/21/2025, 17:18:18,1066
APRL00001,Super Mario BOOM,27168,10/21/2025, 18:23:22,1066
APRL00001,Super Mario BOOM,27168,10/21/2025, 19:14:42,1066
APRL00001,Super Mario BOOM,27168,10/21/2025, 20:20:00,1066
APRL00001,Super Mario BOOM,27168,10/21/2025, 21:15:58,1066
APRL00001,Super Mario BOOM,27168,10/21/2025, 22:15:26,1066
APRL00001,Super Mario BOOM,27170,10/21/2025, 23:16:06,1066
APRL00001,Super Mario BOOM,27171,10/22/2025, 01:16:28,1066
APRL00001,Super Mario BOOM,27172,10/22/2025, 03:09:12,1066
APRL00001,Super Mario BOOM,27172,10/22/2025, 04:20:18,1066
APRL00001,Super Mario BOOM,27172,10/22/2025, 05:17:50,1066
APRL00001,Super Mario BOOM,27172,10/22/2025, 06:26:13,1066
APRL00001,Super Mario BOOM,27172,10/22/2025, 07:17:28,1066
APRL00001,Super Mario BOOM,27172,10/22/2025, 08:24:26,1066
APRL00001,Super Mario BOOM,27173,10/22/2025, 09:19:58,1066
APRL00001,Super Mario BOOM,27174,10/22/2025, 10:19:36,1066
APRL00001,Super Mario BOOM,27174,10/22/2025, 11:15:53,1066
APRL00001,Super Mario BOOM,27174,10/22/2025, 12:35:28,1066
APRL00001,Super Mario BOOM,27174,10/22/2025, 13:31:37,1066
APRL00001,Super Mario BOOM,27174,10/22/2025, 14:18:31,1066
APRL00001,Super Mario BOOM,27174,10/22/2025, 15:17:01,1066
APRL00001,Super Mario BOOM,27176,10/22/2025, 16:22:05,1066
APRL00001,Super Mario BOOM,27176,10/22/2025, 17:16:01,1066
APRL00001,Super Mario BOOM,27176,10/22/2025, 18:26:08,1066
APRL00001,Super Mario BOOM,27176,10/22/2025, 19:14:06,1066
APRL00001,Super Mario BOOM,27176,10/22/2025, 20:20:38,1066
APRL00001,Super Mario BOOM,27178,10/22/2025, 21:13:29,1066
APRL00001,Super Mario BOOM,27178,10/22/2025, 22:14:27,1066
APRL00001,Super Mario BOOM,27178,10/22/2025, 23:14:57,1066
APRL00001,Super Mario BOOM,27178,10/23/2025, 01:14:30,1066
APRL00001,Super Mario BOOM,27180,10/23/2025, 03:02:33,1066
APRL00001,Super Mario BOOM,27180,10/23/2025, 04:20:07,1066
APRL00001,Super Mario BOOM,27180,10/23/2025, 05:17:39,1066
APRL00001,Super Mario BOOM,27180,10/23/2025, 06:25:11,1066
APRL00001,Super Mario BOOM,27180,10/23/2025, 07:17:36,1066
APRL00001,Super Mario BOOM,27180,10/23/2025, 08:23:18,1066
APRL00001,Super Mario BOOM,27180,10/23/2025, 09:18:46,1066
APRL00001,Super Mario BOOM,27183,10/23/2025, 10:19:18,1066
APRL00001,Super Mario BOOM,27183,10/23/2025, 11:15:08,1066
APRL00001,Super Mario BOOM,27183,10/23/2025, 12:35:13,1066
APRL00001,Super Mario BOOM,27183,10/23/2025, 13:30:30,1066
APRL00001,Super Mario BOOM,27184,10/23/2025, 14:18:07,1066
APRL00001,Super Mario BOOM,27184,10/23/2025, 15:18:24,1066
APRL00001,Super Mario BOOM,27184,10/23/2025, 16:21:22,1066
APRL00001,Super Mario BOOM,27184,10/23/2025, 17:15:42,1066
APRL00001,Super Mario BOOM,27186,10/23/2025, 18:24:27,1066
APRL00001,Super Mario BOOM,27186,10/23/2025, 19:14:18,1066
APRL00001,Super Mario BOOM,27187,10/23/2025, 20:18:26,1066
APRL00001,Super Mario BOOM,27188,10/23/2025, 21:15:20,1066
APRL00001,Super Mario BOOM,27188,10/23/2025, 22:15:54,1066
APRL00001,Super Mario BOOM,27189,10/23/2025, 23:15:19,1066
APRL00001,Super Mario BOOM,27189,10/24/2025, 01:11:09,1066
APRL00001,Super Mario BOOM,27189,10/24/2025, 02:58:52,1066
APRL00001,Super Mario BOOM,27189,10/24/2025, 03:34:00,1066
APRL00001,Super Mario BOOM,27189,10/24/2025, 04:20:49,1066
APRL00001,Super Mario BOOM,27189,10/24/2025, 05:16:59,1066
APRL00001,Super Mario BOOM,27189,10/24/2025, 06:24:32,1066
APRL00001,Super Mario BOOM,27189,10/24/2025, 07:16:50,1066
APRL00001,Super Mario BOOM,27189,10/24/2025, 08:22:38,1066
APRL00001,Super Mario BOOM,27189,10/24/2025, 09:19:10,1066
APRL00001,Super Mario BOOM,27189,10/24/2025, 10:19:40,1066
APRL00001,Super Mario BOOM,27190,10/24/2025, 11:15:08,1066
APRL00001,Super Mario BOOM,27191,10/24/2025, 12:35:34,1066
APRL00001,Super Mario BOOM,27192,10/24/2025, 13:29:02,1066
APRL00001,Super Mario BOOM,27192,10/24/2025, 14:17:50,1066
APRL00001,Super Mario BOOM,27192,10/24/2025, 15:18:03,1066
APRL00001,Super Mario BOOM,27192,10/24/2025, 16:20:56,1066
APRL00001,Super Mario BOOM,27192,10/24/2025, 17:15:44,1066
APRL00001,Super Mario BOOM,27192,10/24/2025, 18:23:41,1066
APRL00001,Super Mario BOOM,27192,10/24/2025, 19:14:44,1066
APRL00001,Super Mario BOOM,27192,10/24/2025, 20:19:01,1066
APRL00001,Super Mario BOOM,27192,10/24/2025, 21:15:27,1066
APRL00001,Super Mario BOOM,27192,10/24/2025, 22:16:50,1066
APRL00001,Super Mario BOOM,27192,10/24/2025, 23:15:36,1066
APRL00001,Super Mario BOOM,27192,10/25/2025, 01:12:16,1066
APRL00001,Super Mario BOOM,27195,10/25/2025, 03:00:32,1066
APRL00001,Super Mario BOOM,27195,10/25/2025, 03:37:50,1066
APRL00001,Super Mario BOOM,27195,10/25/2025, 04:19:12,1066
APRL00001,Super Mario BOOM,27196,10/25/2025, 05:16:11,1066
APRL00001,Super Mario BOOM,27196,10/25/2025, 06:22:40,1066
APRL00001,Super Mario BOOM,27196,10/25/2025, 07:15:39,1066
APRL00001,Super Mario BOOM,27196,10/25/2025, 08:19:28,1066
APRL00001,Super Mario BOOM,27197,10/25/2025, 09:15:56,1066
APRL00001,Super Mario BOOM,27197,10/25/2025, 10:16:08,1066
APRL00001,Super Mario BOOM,27197,10/25/2025, 11:13:18,1066
APRL00001,Super Mario BOOM,27200,10/25/2025, 12:30:03,1066
APRL00001,Super Mario BOOM,27201,10/25/2025, 13:22:01,1066
APRL00001,Super Mario BOOM,27201,10/25/2025, 14:14:33,1066
APRL00001,Super Mario BOOM,27201,10/25/2025, 15:15:01,1066
APRL00001,Super Mario BOOM,27201,10/25/2025, 16:18:49,1066
APRL00001,Super Mario BOOM,27201,10/25/2025, 17:14:01,1066
APRL00001,Super Mario BOOM,27201,10/25/2025, 18:21:35,1066
APRL00001,Super Mario BOOM,27202,10/25/2025, 19:13:47,1066
APRL00001,Super Mario BOOM,27202,10/25/2025, 20:17:32,1066
APRL00001,Super Mario BOOM,27203,10/25/2025, 21:14:48,1066
APRL00001,Super Mario BOOM,27203,10/25/2025, 22:14:57,1066
APRL00001,Super Mario BOOM,27203,10/25/2025, 23:14:59,1066
APRL00001,Super Mario BOOM,27204,10/26/2025, 01:19:20,1066
APRL00001,Super Mario BOOM,27204,10/26/2025, 03:08:31,1066
APRL00001,Super Mario BOOM,27204,10/26/2025, 04:19:26,1066
APRL00001,Super Mario BOOM,27207,10/26/2025, 05:16:22,1066
APRL00001,Super Mario BOOM,27207,10/26/2025, 06:23:06,1066
APRL00001,Super Mario BOOM,27207,10/26/2025, 07:15:10,1066
APRL00001,Super Mario BOOM,27207,10/26/2025, 08:20:20,1066
APRL00001,Super Mario BOOM,27207,10/26/2025, 09:15:59,1066
APRL00001,Super Mario BOOM,27209,10/26/2025, 10:16:18,1066
APRL00001,Super Mario BOOM,27209,10/26/2025, 11:13:22,1066
APRL00001,Super Mario BOOM,27211,10/26/2025, 12:30:44,1066
APRL00001,Super Mario BOOM,27211,10/26/2025, 13:22:26,1066
APRL00001,Super Mario BOOM,27213,10/26/2025, 14:14:50,1066
APRL00001,Super Mario BOOM,27215,10/26/2025, 15:15:32,1066
APRL00001,Super Mario BOOM,27215,10/26/2025, 16:18:53,1066
APRL00001,Super Mario BOOM,27215,10/26/2025, 17:14:08,1066
APRL00001,Super Mario BOOM,27216,10/26/2025, 18:22:11,1066
APRL00001,Super Mario BOOM,27217,10/26/2025, 19:13:37,1066
APRL00001,Super Mario BOOM,27218,10/26/2025, 20:17:54,1066
APRL00001,Super Mario BOOM,27218,10/26/2025, 21:14:51,1066
APRL00001,Super Mario BOOM,27220,10/26/2025, 22:15:48,1066
APRL00001,Super Mario BOOM,27220,10/26/2025, 23:15:31,1066
APRL00001,Super Mario BOOM,27221,10/27/2025, 01:20:32,1066
APRL00001,Super Mario BOOM,27224,10/27/2025, 03:18:18,1066
APRL00001,Super Mario BOOM,27225,10/27/2025, 04:27:26,1066
APRL00001,Super Mario BOOM,27225,10/27/2025, 05:18:39,1066
APRL00001,Super Mario BOOM,27225,10/27/2025, 06:28:12,1066
APRL00001,Super Mario BOOM,27225,10/27/2025, 07:18:06,1066
APRL00001,Super Mario BOOM,27225,10/27/2025, 08:23:39,1066
APRL00001,Super Mario BOOM,27226,10/27/2025, 09:21:31,1066
APRL00001,Super Mario BOOM,27226,10/27/2025, 10:20:52,1066
APRL00001,Super Mario BOOM,27226,10/27/2025, 11:15:58,1066
APRL00001,Super Mario BOOM,27227,10/27/2025, 12:36:13,1066
APRL00001,Super Mario BOOM,27229,10/27/2025, 13:30:17,1066
APRL00001,Super Mario BOOM,27229,10/27/2025, 14:18:12,1066
APRL00001,Super Mario BOOM,27231,10/27/2025, 15:19:00,1066
APRL00001,Super Mario BOOM,27231,10/27/2025, 16:22:04,1066
APRL00001,Super Mario BOOM,27231,10/27/2025, 17:15:47,1066
APRL00001,Super Mario BOOM,27231,10/27/2025, 18:25:05,1066
APRL00001,Super Mario BOOM,27232,10/27/2025, 19:14:12,1066
APRL00001,Super Mario BOOM,27232,10/27/2025, 20:17:15,1066
APRL00001,Super Mario BOOM,27232,10/27/2025, 21:15:31,1066
APRL00001,Super Mario BOOM,27232,10/27/2025, 22:16:20,1066
APRL00001,Super Mario BOOM,27232,10/27/2025, 23:15:27,1066
APRL00001,Super Mario BOOM,27233,10/28/2025, 01:13:08,1066
APRL00001,Super Mario BOOM,27234,10/28/2025, 03:06:15,1066
APRL00001,Super Mario BOOM,27234,10/28/2025, 04:20:04,1066
APRL00001,Super Mario BOOM,27234,10/28/2025, 05:17:53,1066
APRL00001,Super Mario BOOM,27234,10/28/2025, 06:26:42,1066
APRL00001,Super Mario BOOM,27234,10/28/2025, 07:17:23,1066
APRL00001,Super Mario BOOM,27234,10/28/2025, 08:23:16,1066
APRL00001,Super Mario BOOM,27234,10/28/2025, 09:18:57,1066
APRL00001,Super Mario BOOM,27234,10/28/2025, 10:19:45,1066
APRL00001,Super Mario BOOM,27234,10/28/2025, 11:14:54,1066
APRL00001,Super Mario BOOM,27234,10/28/2025, 12:34:26,1066
APRL00001,Super Mario BOOM,27235,10/28/2025, 13:29:01,1066
APRL00001,Super Mario BOOM,27235,10/28/2025, 14:18:21,1066
APRL00001,Super Mario BOOM,27236,10/28/2025, 15:19:32,1066
APRL00001,Super Mario BOOM,27238,10/28/2025, 16:22:24,1066
APRL00001,Super Mario BOOM,27238,10/28/2025, 17:16:49,1066
APRL00001,Super Mario BOOM,27238,10/28/2025, 18:25:42,1066
APRL00001,Super Mario BOOM,27238,10/28/2025, 19:14:21,1066
APRL00001,Super Mario BOOM,27238,10/28/2025, 20:19:55,1066
APRL00001,Super Mario BOOM,27238,10/28/2025, 21:16:08,1066
APRL00001,Super Mario BOOM,27240,10/28/2025, 22:16:54,1066
APRL00001,Super Mario BOOM,27241,10/28/2025, 23:15:59,1066
APRL00001,Super Mario BOOM,27243,10/29/2025, 01:18:14,1066
APRL00001,Super Mario BOOM,27243,10/29/2025, 03:13:58,1066
APRL00001,Super Mario BOOM,27245,10/29/2025, 04:24:03,1066
APRL00001,Super Mario BOOM,27245,10/29/2025, 05:18:15,1066
APRL00001,Super Mario BOOM,27245,10/29/2025, 06:27:02,1066
APRL00001,Super Mario BOOM,27246,10/29/2025, 07:17:41,1066
APRL00001,Super Mario BOOM,27246,10/29/2025, 08:23:29,1066
APRL00001,Super Mario BOOM,27246,10/29/2025, 09:18:31,1066
APRL00001,Super Mario BOOM,27246,10/29/2025, 10:19:20,1066
APRL00001,Super Mario BOOM,27247,10/29/2025, 11:15:50,1066
APRL00001,Super Mario BOOM,27248,10/29/2025, 12:35:52,1066
APRL00001,Super Mario BOOM,27248,10/29/2025, 13:31:25,1066
APRL00001,Super Mario BOOM,27249,10/29/2025, 14:18:37,1066
APRL00001,Super Mario BOOM,27250,10/29/2025, 15:20:14,1066
APRL00001,Super Mario BOOM,27252,10/29/2025, 16:22:53,1066
APRL00001,Super Mario BOOM,27252,10/29/2025, 17:16:45,1066
APRL00001,Super Mario BOOM,27252,10/29/2025, 18:25:46,1066
APRL00001,Super Mario BOOM,27252,10/29/2025, 19:14:31,1066
APRL00001,Super Mario BOOM,27252,10/29/2025, 20:19:36,1066
APRL00001,Super Mario BOOM,27253,10/29/2025, 21:16:25,1066
APRL00001,Super Mario BOOM,27255,10/29/2025, 22:17:00,1066
APRL00001,Super Mario BOOM,27256,10/29/2025, 23:16:30,1066
APRL00001,Super Mario BOOM,27257,10/30/2025, 01:17:46,1066
APRL00001,Super Mario BOOM,27258,10/30/2025, 03:09:49,1066
APRL00001,Super Mario BOOM,27258,10/30/2025, 04:19:47,1066
APRL00001,Super Mario BOOM,27258,10/30/2025, 05:17:17,1066
APRL00001,Super Mario BOOM,27260,10/30/2025, 06:25:19,1066
APRL00001,Super Mario BOOM,27260,10/30/2025, 07:16:46,1066
APRL00001,Super Mario BOOM,27261,10/30/2025, 08:22:37,1066
APRL00001,Super Mario BOOM,27261,10/30/2025, 09:18:56,1066
APRL00001,Super Mario BOOM,27261,10/30/2025, 10:18:57,1066
APRL00001,Super Mario BOOM,27261,10/30/2025, 11:15:36,1066
APRL00001,Super Mario BOOM,27261,10/30/2025, 12:34:50,1066
APRL00001,Super Mario BOOM,27261,10/30/2025, 13:29:33,1066
APRL00001,Super Mario BOOM,27261,10/30/2025, 14:17:44,1066
APRL00001,Super Mario BOOM,27261,10/30/2025, 15:19:22,1066
APRL00001,Super Mario BOOM,27262,10/30/2025, 16:22:02,1066
APRL00001,Super Mario BOOM,27263,10/30/2025, 17:16:27,1066
APRL00001,Super Mario BOOM,27263,10/30/2025, 18:24:12,1066
APRL00001,Super Mario BOOM,27263,10/30/2025, 19:14:34,1066
APRL00001,Super Mario BOOM,27263,10/30/2025, 20:19:05,1066
APRL00001,Super Mario BOOM,27263,10/30/2025, 21:15:50,1066
APRL00001,Super Mario BOOM,27263,10/30/2025, 22:16:47,1066
APRL00001,Super Mario BOOM,27263,10/30/2025, 23:16:03,1066
APRL00001,Super Mario BOOM,27264,10/31/2025, 01:15:31,1066
APRL00001,Super Mario BOOM,27265,10/31/2025, 03:09:11,1066
APRL00001,Super Mario BOOM,27266,10/31/2025, 04:21:21,1066
APRL00001,Super Mario BOOM,27267,10/31/2025, 05:18:13,1066
APRL00001,Super Mario BOOM,27267,10/31/2025, 06:25:53,1066
APRL00001,Super Mario BOOM,27267,10/31/2025, 07:16:52,1066
APRL00001,Super Mario BOOM,27267,10/31/2025, 08:22:20,1066
APRL00001,Super Mario BOOM,27267,10/31/2025, 09:18:54,1066
APRL00001,Super Mario BOOM,27267,10/31/2025, 10:18:37,1066
APRL00001,Super Mario BOOM,27267,10/31/2025, 11:15:16,1066
APRL00001,Super Mario BOOM,27267,10/31/2025, 12:34:46,1066
APRL00001,Super Mario BOOM,27267,10/31/2025, 13:28:36,1066
APRL00001,Super Mario BOOM,27267,10/31/2025, 14:17:29,1066
APRL00001,Super Mario BOOM,27267,10/31/2025, 15:16:33,1066
APRL00001,Super Mario BOOM,27268,10/31/2025, 16:21:09,1066
APRL00001,Super Mario BOOM,27268,10/31/2025, 17:16:50,1066
APRL00001,Super Mario BOOM,27268,10/31/2025, 18:25:16,1066
APRL00001,Super Mario BOOM,27268,10/31/2025, 19:13:10,1066
APRL00001,Super Mario BOOM,27268,10/31/2025, 20:19:23,1066
APRL00001,Super Mario BOOM,27268,10/31/2025, 21:15:23,1066
APRL00001,Super Mario BOOM,27268,10/31/2025, 22:16:46,1066
APRL00001,Super Mario BOOM,27268,10/31/2025, 23:16:19,1066
APRL00001,Super Mario BOOM,27269,11/01/2025, 01:19:36,1066
APRL00001,Super Mario BOOM,27270,11/01/2025, 03:10:24,1066
APRL00001,Super Mario BOOM,27270,11/01/2025, 04:18:53,1066
APRL00001,Super Mario BOOM,27270,11/01/2025, 05:15:52,1066
APRL00001,Super Mario BOOM,27270,11/01/2025, 06:22:53,1066
APRL00001,Super Mario BOOM,27270,11/01/2025, 07:15:41,1066
APRL00001,Super Mario BOOM,27270,11/01/2025, 08:20:15,1066
APRL00001,Super Mario BOOM,27270,11/01/2025, 09:16:28,1066
APRL00001,Super Mario BOOM,27272,11/01/2025, 10:16:30,1066
APRL00001,Super Mario BOOM,27272,11/01/2025, 11:13:17,1066
APRL00001,Super Mario BOOM,27272,11/01/2025, 12:30:26,1066
APRL00001,Super Mario BOOM,27272,11/01/2025, 13:22:29,1066
APRL00001,Super Mario BOOM,27272,11/01/2025, 14:14:38,1066
APRL00001,Super Mario BOOM,27272,11/01/2025, 15:14:44,1066
APRL00001,Super Mario BOOM,27272,11/01/2025, 16:18:22,1066
APRL00001,Super Mario BOOM,27273,11/01/2025, 17:13:20,1066
APRL00001,Super Mario BOOM,27275,11/01/2025, 18:21:35,1066
APRL00001,Super Mario BOOM,27275,11/01/2025, 19:12:15,1066
APRL00001,Super Mario BOOM,27276,11/01/2025, 20:16:29,1066
APRL00001,Super Mario BOOM,27276,11/01/2025, 21:14:08,1066
APRL00001,Super Mario BOOM,27277,11/01/2025, 22:15:13,1066
APRL00001,Super Mario BOOM,27277,11/01/2025, 23:15:05,1066
APRL00001,Super Mario BOOM,27278,11/02/2025, 01:20:08,1066
APRL00001,Super Mario BOOM,27278,11/02/2025, 03:13:57,1066
APRL00001,Super Mario BOOM,27278,11/02/2025, 04:20:35,1066
APRL00001,Super Mario BOOM,27278,11/02/2025, 05:16:40,1066
APRL00001,Super Mario BOOM,27278,11/02/2025, 06:23:54,1066
APRL00001,Super Mario BOOM,27279,11/02/2025, 07:15:29,1066
APRL00001,Super Mario BOOM,27279,11/02/2025, 08:19:34,1066
APRL00001,Super Mario BOOM,27279,11/02/2025, 09:15:58,1066
APRL00001,Super Mario BOOM,27279,11/02/2025, 10:16:15,1066
APRL00001,Super Mario BOOM,27280,11/02/2025, 11:13:12,1066
APRL00001,Super Mario BOOM,27280,11/02/2025, 12:29:48,1066
APRL00001,Super Mario BOOM,27280,11/02/2025, 13:21:55,1066
APRL00001,Super Mario BOOM,27280,11/02/2025, 14:14:38,1066
APRL00001,Super Mario BOOM,27280,11/02/2025, 15:15:03,1066
APRL00001,Super Mario BOOM,27281,11/02/2025, 16:18:35,1066
APRL00001,Super Mario BOOM,27281,11/02/2025, 17:14:09,1066
APRL00001,Super Mario BOOM,27283,11/02/2025, 18:20:52,1066
APRL00001,Super Mario BOOM,27284,11/02/2025, 19:12:53,1066
APRL00001,Super Mario BOOM,27284,11/02/2025, 20:16:58,1066
APRL00001,Super Mario BOOM,27285,11/02/2025, 21:14:25,1066
APRL00001,Super Mario BOOM,27286,11/02/2025, 22:15:39,1066
APRL00001,Super Mario BOOM,27288,11/02/2025, 23:14:59,1066
APRL00001,Super Mario BOOM,27290,11/03/2025, 01:19:09,1066
APRL00001,Super Mario BOOM,27291,11/03/2025, 03:15:49,1066
APRL00001,Super Mario BOOM,27291,11/03/2025, 04:26:09,1066
APRL00001,Super Mario BOOM,27291,11/03/2025, 05:18:35,1066
APRL00001,Super Mario BOOM,27291,11/03/2025, 06:27:31,1066
APRL00001,Super Mario BOOM,27291,11/03/2025, 07:18:04,1066
APRL00001,Super Mario BOOM,27291,11/03/2025, 08:24:40,1066
APRL00001,Super Mario BOOM,27291,11/03/2025, 09:21:29,1066
APRL00001,Super Mario BOOM,27291,11/03/2025, 10:20:31,1066
APRL00001,Super Mario BOOM,27291,11/03/2025, 11:15:28,1066
APRL00001,Super Mario BOOM,27291,11/03/2025, 12:35:53,1066
APRL00001,Super Mario BOOM,27291,11/03/2025, 13:29:16,1066
APRL00001,Super Mario BOOM,27291,11/03/2025, 14:17:56,1066
APRL00001,Super Mario BOOM,27292,11/03/2025, 15:18:23,1066
APRL00001,Super Mario BOOM,27293,11/03/2025, 16:20:39,1066
APRL00001,Super Mario BOOM,27293,11/03/2025, 17:16:14,1066
APRL00001,Super Mario BOOM,27294,11/03/2025, 18:24:10,1066
APRL00001,Super Mario BOOM,27295,11/03/2025, 19:15:20,1066
APRL00001,Super Mario BOOM,27295,11/03/2025, 20:19:51,1066
APRL00001,Super Mario BOOM,27295,11/03/2025, 21:16:27,1066
APRL00001,Super Mario BOOM,27295,11/03/2025, 22:17:07,1066
APRL00001,Super Mario BOOM,27295,11/03/2025, 23:16:13,1066
APRL00001,Super Mario BOOM,27295,11/04/2025, 01:16:13,1066
APRL00001,Super Mario BOOM,27296,11/04/2025, 03:08:48,1066
APRL00001,Super Mario BOOM,27296,11/04/2025, 04:20:17,1066
APRL00001,Super Mario BOOM,27297,11/04/2025, 05:17:46,1066
APRL00001,Super Mario BOOM,27297,11/04/2025, 06:26:41,1066
APRL00001,Super Mario BOOM,27297,11/04/2025, 07:17:25,1066
APRL00001,Super Mario BOOM,27297,11/04/2025, 08:23:39,1066
APRL00001,Super Mario BOOM,27297,11/04/2025, 09:20:25,1066
APRL00001,Super Mario BOOM,27298,11/04/2025, 10:20:38,1066
APRL00001,Super Mario BOOM,27298,11/04/2025, 11:16:11,1066
APRL00001,Super Mario BOOM,27298,11/04/2025, 12:37:26,1066
APRL00001,Super Mario BOOM,27299,11/04/2025, 13:32:18,1066
APRL00001,Super Mario BOOM,27299,11/04/2025, 14:18:08,1066
APRL00001,Super Mario BOOM,27301,11/04/2025, 15:19:28,1066
APRL00001,Super Mario BOOM,27301,11/04/2025, 16:21:23,1066
APRL00001,Super Mario BOOM,27301,11/04/2025, 17:14:48,1066
APRL00001,Super Mario BOOM,27302,11/04/2025, 18:24:44,1066
APRL00001,Super Mario BOOM,27302,11/04/2025, 19:14:09,1066
APRL00001,Super Mario BOOM,27302,11/04/2025, 20:19:49,1066
APRL00001,Super Mario BOOM,27302,11/04/2025, 21:16:30,1066
APRL00001,Super Mario BOOM,27303,11/04/2025, 22:15:41,1066
APRL00001,Super Mario BOOM,27303,11/04/2025, 23:16:06,1066
APRL00001,Super Mario BOOM,27304,11/05/2025, 01:17:31,1066
APRL00001,Super Mario BOOM,27304,11/05/2025, 03:10:23,1066
APRL00001,Super Mario BOOM,27305,11/05/2025, 04:20:43,1066
APRL00001,Super Mario BOOM,27305,11/05/2025, 05:18:15,1066
APRL00001,Super Mario BOOM,27306,11/05/2025, 06:26:23,1066
APRL00001,Super Mario BOOM,27306,11/05/2025, 07:17:31,1066
APRL00001,Super Mario BOOM,27306,11/05/2025, 08:23:39,1066
APRL00001,Super Mario BOOM,27306,11/05/2025, 09:19:42,1066
APRL00001,Super Mario BOOM,27306,11/05/2025, 10:20:10,1066
APRL00001,Super Mario BOOM,27306,11/05/2025, 11:16:07,1066
APRL00001,Super Mario BOOM,27306,11/05/2025, 12:35:17,1066
APRL00001,Super Mario BOOM,27307,11/05/2025, 13:30:42,1066
APRL00001,Super Mario BOOM,27307,11/05/2025, 14:17:47,1066
APRL00001,Super Mario BOOM,27308,11/05/2025, 15:18:32,1066
APRL00001,Super Mario BOOM,27308,11/05/2025, 16:22:41,1066
APRL00001,Super Mario BOOM,27308,11/05/2025, 17:18:15,1066
APRL00001,Super Mario BOOM,27309,11/05/2025, 18:25:02,1066
APRL00001,Super Mario BOOM,27310,11/05/2025, 19:14:56,1066
APRL00001,Super Mario BOOM,27310,11/05/2025, 20:20:32,1066
APRL00001,Super Mario BOOM,27310,11/05/2025, 21:16:24,1066
APRL00001,Super Mario BOOM,27312,11/05/2025, 22:16:47,1066
APRL00001,Super Mario BOOM,27312,11/05/2025, 23:16:41,1066
APRL00001,Super Mario BOOM,27313,11/06/2025, 01:16:45,1066
APRL00001,Super Mario BOOM,27313,11/06/2025, 03:12:29,1066
APRL00001,Super Mario BOOM,27313,11/06/2025, 04:23:40,1066
APRL00001,Super Mario BOOM,27313,11/06/2025, 05:18:07,1066
APRL00001,Super Mario BOOM,27314,11/06/2025, 06:26:38,1066
APRL00001,Super Mario BOOM,27314,11/06/2025, 07:17:09,1066
APRL00001,Super Mario BOOM,27315,11/06/2025, 08:23:25,1066
APRL00001,Super Mario BOOM,27315,11/06/2025, 09:19:00,1066
APRL00001,Super Mario BOOM,27315,11/06/2025, 10:20:05,1066
APRL00001,Super Mario BOOM,27315,11/06/2025, 11:15:56,1066
APRL00001,Super Mario BOOM,27316,11/06/2025, 12:34:52,1066
APRL00001,Super Mario BOOM,27317,11/06/2025, 13:29:56,1066
APRL00001,Super Mario BOOM,27317,11/06/2025, 14:18:07,1066
APRL00001,Super Mario BOOM,27317,11/06/2025, 15:19:28,1066
APRL00001,Super Mario BOOM,27317,11/06/2025, 16:22:56,1066
APRL00001,Super Mario BOOM,27318,11/06/2025, 17:17:19,1066
APRL00001,Super Mario BOOM,27319,11/06/2025, 18:25:39,1066
APRL00001,Super Mario BOOM,27319,11/06/2025, 19:14:57,1066
APRL00001,Super Mario BOOM,27321,11/06/2025, 20:19:36,1066
APRL00001,Super Mario BOOM,27321,11/06/2025, 21:16:01,1066
APRL00001,Super Mario BOOM,27321,11/06/2025, 22:17:02,1066
APRL00001,Super Mario BOOM,27321,11/06/2025, 23:16:28,1066
APRL00001,Super Mario BOOM,27322,11/07/2025, 01:16:17,1066
APRL00001,Super Mario BOOM,27322,11/07/2025, 03:09:30,1066
APRL00001,Super Mario BOOM,27322,11/07/2025, 04:20:05,1066
APRL00001,Super Mario BOOM,27324,11/07/2025, 05:18:05,1066
APRL00001,Super Mario BOOM,27324,11/07/2025, 06:26:23,1066
APRL00001,Super Mario BOOM,27324,11/07/2025, 07:17:12,1066
APRL00001,Super Mario BOOM,27324,11/07/2025, 08:23:25,1066
APRL00001,Super Mario BOOM,27324,11/07/2025, 09:18:16,1066
APRL00001,Super Mario BOOM,27324,11/07/2025, 10:19:29,1066
APRL00001,Super Mario BOOM,27324,11/07/2025, 11:15:22,1066
APRL00001,Super Mario BOOM,27324,11/07/2025, 12:33:49,1066
APRL00001,Super Mario BOOM,27324,11/07/2025, 13:26:43,1066
APRL00001,Super Mario BOOM,27324,11/07/2025, 14:17:15,1066
APRL00001,Super Mario BOOM,27325,11/07/2025, 15:18:14,1066
APRL00001,Super Mario BOOM,27325,11/07/2025, 16:18:30,1066
APRL00001,Super Mario BOOM,27325,11/07/2025, 17:16:04,1066
APRL00001,Super Mario BOOM,27327,11/07/2025, 18:23:57,1066
APRL00001,Super Mario BOOM,27327,11/07/2025, 19:14:50,1066
APRL00001,Super Mario BOOM,27327,11/07/2025, 20:17:49,1066
APRL00001,Super Mario BOOM,27328,11/07/2025, 21:13:21,1066
APRL00001,Super Mario BOOM,27329,11/07/2025, 22:16:19,1066
APRL00001,Super Mario BOOM,27329,11/07/2025, 23:15:59,1066
APRL00001,Super Mario BOOM,27329,11/08/2025, 01:12:31,1066
APRL00001,Super Mario BOOM,27329,11/08/2025, 03:00:46,1066
APRL00001,Super Mario BOOM,27329,11/08/2025, 03:38:55,1066
APRL00001,Super Mario BOOM,27329,11/08/2025, 04:19:38,1066
APRL00001,Super Mario BOOM,27330,11/08/2025, 05:16:13,1066
APRL00001,Super Mario BOOM,27330,11/08/2025, 06:23:07,1066
APRL00001,Super Mario BOOM,27330,11/08/2025, 07:15:29,1066
APRL00001,Super Mario BOOM,27331,11/08/2025, 08:20:26,1066
APRL00001,Super Mario BOOM,27332,11/08/2025, 09:16:09,1066
APRL00001,Super Mario BOOM,27332,11/08/2025, 10:16:24,1066
APRL00001,Super Mario BOOM,27332,11/08/2025, 11:13:30,1066
APRL00001,Super Mario BOOM,27333,11/08/2025, 12:30:37,1066
APRL00001,Super Mario BOOM,27333,11/08/2025, 13:22:23,1066
APRL00001,Super Mario BOOM,27333,11/08/2025, 14:14:45,1066
APRL00001,Super Mario BOOM,27333,11/08/2025, 15:15:54,1066
APRL00001,Super Mario BOOM,27333,11/08/2025, 16:19:11,1066
APRL00001,Super Mario BOOM,27335,11/08/2025, 17:13:54,1066
APRL00001,Super Mario BOOM,27336,11/08/2025, 18:21:51,1066
APRL00001,Super Mario BOOM,27338,11/08/2025, 19:13:27,1066
APRL00001,Super Mario BOOM,27340,11/08/2025, 20:16:46,1066
APRL00001,Super Mario BOOM,27340,11/08/2025, 21:14:18,1066
APRL00001,Super Mario BOOM,27341,11/08/2025, 22:14:47,1066
APRL00001,Super Mario BOOM,27342,11/08/2025, 23:15:02,1066
APRL00001,Super Mario BOOM,27345,11/09/2025, 01:19:52,1066
APRL00001,Super Mario BOOM,27345,11/09/2025, 03:11:56,1066
APRL00001,Super Mario BOOM,27345,11/09/2025, 04:20:01,1066
APRL00001,Super Mario BOOM,27347,11/09/2025, 05:16:16,1066
APRL00001,Super Mario BOOM,27347,11/09/2025, 06:23:39,1066
APRL00001,Super Mario BOOM,27347,11/09/2025, 07:16:00,1066
APRL00001,Super Mario BOOM,27348,11/09/2025, 08:19:45,1066
APRL00001,Super Mario BOOM,27348,11/09/2025, 09:15:53,1066
APRL00001,Super Mario BOOM,27351,11/09/2025, 10:16:04,1066
APRL00001,Super Mario BOOM,27353,11/09/2025, 11:13:17,1066
APRL00001,Super Mario BOOM,27353,11/09/2025, 12:30:26,1066
APRL00001,Super Mario BOOM,27354,11/09/2025, 13:22:28,1066
APRL00001,Super Mario BOOM,27354,11/09/2025, 14:14:20,1066
APRL00001,Super Mario BOOM,27354,11/09/2025, 15:14:58,1066
APRL00001,Super Mario BOOM,27357,11/09/2025, 16:18:49,1066
APRL00001,Super Mario BOOM,27358,11/09/2025, 17:13:48,1066
APRL00001,Super Mario BOOM,27358,11/09/2025, 18:22:02,1066
APRL00001,Super Mario BOOM,27358,11/09/2025, 19:13:00,1066
APRL00001,Super Mario BOOM,27360,11/09/2025, 20:17:03,1066
APRL00001,Super Mario BOOM,27361,11/09/2025, 21:14:38,1066
APRL00001,Super Mario BOOM,27361,11/09/2025, 22:15:49,1066
APRL00001,Super Mario BOOM,27363,11/09/2025, 23:15:11,1066
APRL00001,Super Mario BOOM,27365,11/10/2025, 01:19:43,1066
APRL00001,Super Mario BOOM,27365,11/10/2025, 03:17:53,1066
APRL00001,Super Mario BOOM,27366,11/10/2025, 04:25:20,1066
APRL00001,Super Mario BOOM,27366,11/10/2025, 05:18:23,1066
APRL00001,Super Mario BOOM,27367,11/10/2025, 06:28:12,1066
APRL00001,Super Mario BOOM,27367,11/10/2025, 07:18:06,1066
APRL00001,Super Mario BOOM,27368,11/10/2025, 08:24:55,1066
APRL00001,Super Mario BOOM,27368,11/10/2025, 09:21:20,1066
APRL00001,Super Mario BOOM,27370,11/10/2025, 10:20:39,1066
APRL00001,Super Mario BOOM,27370,11/10/2025, 11:15:41,1066
APRL00001,Super Mario BOOM,27370,11/10/2025, 12:35:35,1066
APRL00001,Super Mario BOOM,27371,11/10/2025, 13:30:03,1066
APRL00001,Super Mario BOOM,27371,11/10/2025, 14:18:03,1066
APRL00001,Super Mario BOOM,27371,11/10/2025, 15:19:49,1066
APRL00001,Super Mario BOOM,27371,11/10/2025, 16:22:50,1066
APRL00001,Super Mario BOOM,27371,11/10/2025, 17:16:17,1066
APRL00001,Super Mario BOOM,27373,11/10/2025, 18:24:37,1066
APRL00001,Super Mario BOOM,27374,11/10/2025, 19:14:41,1066
APRL00001,Super Mario BOOM,27374,11/10/2025, 20:20:29,1066
APRL00001,Super Mario BOOM,27374,11/10/2025, 21:16:12,1066
APRL00001,Super Mario BOOM,27374,11/10/2025, 22:17:25,1066
APRL00001,Super Mario BOOM,27374,11/10/2025, 23:17:09,1066
APRL00001,Super Mario BOOM,27375,11/11/2025, 01:17:29,1066
APRL00001,Super Mario BOOM,27375,11/11/2025, 03:12:23,1066
APRL00001,Super Mario BOOM,27376,11/11/2025, 04:22:17,1066
APRL00001,Super Mario BOOM,27377,11/11/2025, 05:18:09,1066
APRL00001,Super Mario BOOM,27377,11/11/2025, 06:26:50,1066
APRL00001,Super Mario BOOM,27377,11/11/2025, 07:17:57,1066
APRL00001,Super Mario BOOM,27378,11/11/2025, 08:23:05,1066
APRL00001,Super Mario BOOM,27378,11/11/2025, 09:19:29,1066
APRL00001,Super Mario BOOM,27378,11/11/2025, 10:20:04,1066
APRL00001,Super Mario BOOM,27378,11/11/2025, 11:15:52,1066
APRL00001,Super Mario BOOM,27378,11/11/2025, 12:35:27,1066
APRL00001,Super Mario BOOM,27378,11/11/2025, 13:29:20,1066
APRL00001,Super Mario BOOM,27378,11/11/2025, 14:17:50,1066
APRL00001,Super Mario BOOM,27379,11/11/2025, 15:18:30,1066
APRL00001,Super Mario BOOM,27380,11/11/2025, 16:22:12,1066
APRL00001,Super Mario BOOM,27381,11/11/2025, 17:16:04,1066
APRL00001,Super Mario BOOM,27382,11/11/2025, 18:24:19,1066
APRL00001,Super Mario BOOM,27384,11/11/2025, 19:14:18,1066
APRL00001,Super Mario BOOM,27384,11/11/2025, 20:19:05,1066
APRL00001,Super Mario BOOM,27385,11/11/2025, 21:15:48,1066
APRL00001,Super Mario BOOM,27385,11/11/2025, 22:17:14,1066
APRL00001,Super Mario BOOM,27385,11/11/2025, 23:16:16,1066
APRL00001,Super Mario BOOM,27386,11/12/2025, 01:16:56,1066
APRL00001,Super Mario BOOM,27386,11/12/2025, 03:10:51,1066
APRL00001,Super Mario BOOM,27386,11/12/2025, 04:21:34,1066
APRL00001,Super Mario BOOM,27386,11/12/2025, 05:18:41,1066
APRL00001,Super Mario BOOM,27386,11/12/2025, 06:26:43,1066
APRL00001,Super Mario BOOM,27386,11/12/2025, 07:17:43,1066
APRL00001,Super Mario BOOM,27386,11/12/2025, 08:23:51,1066
APRL00001,Super Mario BOOM,27387,11/12/2025, 09:20:04,1066
APRL00001,Super Mario BOOM,27387,11/12/2025, 10:19:47,1066
APRL00001,Super Mario BOOM,27387,11/12/2025, 11:15:46,1066
APRL00001,Super Mario BOOM,27387,11/12/2025, 12:36:02,1066
APRL00001,Super Mario BOOM,27387,11/12/2025, 13:31:36,1066
APRL00001,Super Mario BOOM,27387,11/12/2025, 14:18:48,1066
APRL00001,Super Mario BOOM,27388,11/12/2025, 15:20:10,1066
APRL00001,Super Mario BOOM,27388,11/12/2025, 16:23:17,1066
APRL00001,Super Mario BOOM,27391,11/12/2025, 17:17:43,1066
APRL00001,Super Mario BOOM,27391,11/12/2025, 18:25:04,1066
APRL00001,Super Mario BOOM,27391,11/12/2025, 19:14:49,1066
APRL00001,Super Mario BOOM,27392,11/12/2025, 20:19:51,1066
APRL00001,Super Mario BOOM,27392,11/12/2025, 21:17:05,1066
APRL00001,Super Mario BOOM,27392,11/12/2025, 22:17:18,1066
APRL00001,Super Mario BOOM,27392,11/12/2025, 23:17:08,1066
APRL00001,Super Mario BOOM,27392,11/13/2025, 01:17:33,1066
APRL00001,Super Mario BOOM,27393,11/13/2025, 03:13:34,1066
APRL00001,Super Mario BOOM,27394,11/13/2025, 04:23:24,1066
APRL00001,Super Mario BOOM,27395,11/13/2025, 05:18:02,1066
APRL00001,Super Mario BOOM,27395,11/13/2025, 06:26:55,1066
APRL00001,Super Mario BOOM,27395,11/13/2025, 07:17:28,1066
APRL00001,Super Mario BOOM,27395,11/13/2025, 08:23:08,1066
APRL00001,Super Mario BOOM,27395,11/13/2025, 09:20:14,1066
APRL00001,Super Mario BOOM,27396,11/13/2025, 10:20:06,1066
APRL00001,Super Mario BOOM,27396,11/13/2025, 11:16:22,1066
APRL00001,Super Mario BOOM,27396,11/13/2025, 12:36:53,1066
APRL00001,Super Mario BOOM,27396,11/13/2025, 13:31:23,1066
APRL00001,Super Mario BOOM,27396,11/13/2025, 14:17:47,1066
APRL00001,Super Mario BOOM,27396,11/13/2025, 15:20:14,1066
APRL00001,Super Mario BOOM,27398,11/13/2025, 16:21:50,1066
APRL00001,Super Mario BOOM,27399,11/13/2025, 17:18:02,1066
APRL00001,Super Mario BOOM,27401,11/13/2025, 18:24:48,1066
APRL00001,Super Mario BOOM,27401,11/13/2025, 19:14:42,1066
APRL00001,Super Mario BOOM,27402,11/13/2025, 20:20:14,1066
APRL00001,Super Mario BOOM,27404,11/13/2025, 21:16:42,1066
APRL00001,Super Mario BOOM,27404,11/13/2025, 22:17:44,1066
APRL00001,Super Mario BOOM,27404,11/13/2025, 23:17:02,1066
APRL00001,Super Mario BOOM,27404,11/14/2025, 01:16:51,1066
APRL00001,Super Mario BOOM,27404,11/14/2025, 03:11:57,1066
APRL00001,Super Mario BOOM,27404,11/14/2025, 04:21:45,1066
APRL00001,Super Mario BOOM,27404,11/14/2025, 05:17:44,1066
APRL00001,Super Mario BOOM,27404,11/14/2025, 06:26:39,1066
APRL00001,Super Mario BOOM,27405,11/14/2025, 07:17:31,1066
APRL00001,Super Mario BOOM,27405,11/14/2025, 08:23:06,1066
APRL00001,Super Mario BOOM,27406,11/14/2025, 09:19:14,1066
APRL00001,Super Mario BOOM,27406,11/14/2025, 10:20:03,1066
APRL00001,Super Mario BOOM,27406,11/14/2025, 11:15:31,1066
APRL00001,Super Mario BOOM,27407,11/14/2025, 12:35:11,1066
APRL00001,Super Mario BOOM,27407,11/14/2025, 13:28:44,1066
APRL00001,Super Mario BOOM,27407,11/14/2025, 14:17:33,1066
APRL00001,Super Mario BOOM,27407,11/14/2025, 15:16:35,1066
APRL00001,Super Mario BOOM,27407,11/14/2025, 16:22:07,1066
APRL00001,Super Mario BOOM,27408,11/14/2025, 17:15:58,1066
APRL00001,Super Mario BOOM,27409,11/14/2025, 18:24:31,1066
APRL00001,Super Mario BOOM,27409,11/14/2025, 19:14:29,1066
APRL00001,Super Mario BOOM,27410,11/14/2025, 20:19:49,1066
APRL00001,Super Mario BOOM,27410,11/14/2025, 21:16:17,1066
APRL00001,Super Mario BOOM,27411,11/14/2025, 22:16:36,1066
APRL00001,Super Mario BOOM,27413,11/14/2025, 23:16:22,1066
APRL00001,Super Mario BOOM,27413,11/15/2025, 01:14:58,1066
APRL00001,Super Mario BOOM,27413,11/15/2025, 03:05:30,1066
APRL00001,Super Mario BOOM,27413,11/15/2025, 04:20:03,1066
APRL00001,Super Mario BOOM,27413,11/15/2025, 05:16:35,1066
APRL00001,Super Mario BOOM,27413,11/15/2025, 06:23:52,1066
APRL00001,Super Mario BOOM,27414,11/15/2025, 07:15:29,1066
APRL00001,Super Mario BOOM,27414,11/15/2025, 08:20:30,1066
APRL00001,Super Mario BOOM,27414,11/15/2025, 09:16:23,1066
APRL00001,Super Mario BOOM,27414,11/15/2025, 10:16:49,1066
APRL00001,Super Mario BOOM,27414,11/15/2025, 11:13:24,1066
APRL00001,Super Mario BOOM,27416,11/15/2025, 12:30:39,1066
APRL00001,Super Mario BOOM,27416,11/15/2025, 13:23:06,1066
APRL00001,Super Mario BOOM,27417,11/15/2025, 14:14:51,1066
APRL00001,Super Mario BOOM,27419,11/15/2025, 15:15:55,1066
APRL00001,Super Mario BOOM,27419,11/15/2025, 16:18:48,1066
APRL00001,Super Mario BOOM,27420,11/15/2025, 17:13:37,1066
APRL00001,Super Mario BOOM,27420,11/15/2025, 18:21:53,1066
APRL00001,Super Mario BOOM,27420,11/15/2025, 19:12:47,1066
APRL00001,Super Mario BOOM,27423,11/15/2025, 20:17:44,1066
APRL00001,Super Mario BOOM,27423,11/15/2025, 21:14:22,1066
APRL00001,Super Mario BOOM,27423,11/15/2025, 22:13:11,1066
APRL00001,Super Mario BOOM,27423,11/15/2025, 23:15:21,1066
APRL00001,Super Mario BOOM,27423,11/16/2025, 01:21:45,1066
APRL00001,Super Mario BOOM,27424,11/16/2025, 03:16:46,1066
APRL00001,Super Mario BOOM,27424,11/16/2025, 04:23:48,1066
APRL00001,Super Mario BOOM,27424,11/16/2025, 05:16:46,1066
APRL00001,Super Mario BOOM,27424,11/16/2025, 06:24:28,1066
APRL00001,Super Mario BOOM,27424,11/16/2025, 07:16:01,1066
APRL00001,Super Mario BOOM,27424,11/16/2025, 08:20:55,1066
APRL00001,Super Mario BOOM,27426,11/16/2025, 09:16:58,1066
APRL00001,Super Mario BOOM,27426,11/16/2025, 10:16:46,1066
APRL00001,Super Mario BOOM,27428,11/16/2025, 11:13:43,1066
APRL00001,Super Mario BOOM,27428,11/16/2025, 12:30:56,1066
APRL00001,Super Mario BOOM,27428,11/16/2025, 13:22:55,1066
APRL00001,Super Mario BOOM,27428,11/16/2025, 14:14:42,1066
APRL00001,Super Mario BOOM,27429,11/16/2025, 15:15:45,1066
APRL00001,Super Mario BOOM,27430,11/16/2025, 16:19:01,1066
APRL00001,Super Mario BOOM,27431,11/16/2025, 17:14:21,1066
APRL00001,Super Mario BOOM,27432,11/16/2025, 18:22:17,1066
APRL00001,Super Mario BOOM,27432,11/16/2025, 19:13:21,1066
APRL00001,Super Mario BOOM,27433,11/16/2025, 20:18:18,1066
APRL00001,Super Mario BOOM,27434,11/16/2025, 21:15:15,1066
APRL00001,Super Mario BOOM,27435,11/16/2025, 22:16:12,1066
APRL00001,Super Mario BOOM,27435,11/16/2025, 23:16:02,1066
APRL00001,Super Mario BOOM,27436,11/17/2025, 01:17:48,1066
APRL00001,Super Mario BOOM,27436,11/17/2025, 03:14:39,1066
APRL00001,Super Mario BOOM,27436,11/17/2025, 04:24:14,1066
APRL00001,Super Mario BOOM,27436,11/17/2025, 05:18:45,1066
APRL00001,Super Mario BOOM,27436,11/17/2025, 06:27:28,1066
APRL00001,Super Mario BOOM,27436,11/17/2025, 07:18:12,1066
APRL00001,Super Mario BOOM,27436,11/17/2025, 08:25:32,1066
APRL00001,Super Mario BOOM,27436,11/17/2025, 09:22:28,1066
APRL00001,Super Mario BOOM,27436,11/17/2025, 10:20:29,1066
APRL00001,Super Mario BOOM,27436,11/17/2025, 11:15:54,1066
APRL00001,Super Mario BOOM,27436,11/17/2025, 12:35:46,1066
APRL00001,Super Mario BOOM,27436,11/17/2025, 13:30:39,1066
APRL00001,Super Mario BOOM,27436,11/17/2025, 14:18:02,1066
APRL00001,Super Mario BOOM,27436,11/17/2025, 15:20:11,1066
APRL00001,Super Mario BOOM,27436,11/17/2025, 16:23:32,1066
APRL00001,Super Mario BOOM,27436,11/17/2025, 17:17:49,1066
APRL00001,Super Mario BOOM,27437,11/17/2025, 18:25:06,1066
APRL00001,Super Mario BOOM,27438,11/17/2025, 19:14:19,1066
APRL00001,Super Mario BOOM,27440,11/17/2025, 20:20:11,1066
APRL00001,Super Mario BOOM,27441,11/17/2025, 21:16:52,1066
APRL00001,Super Mario BOOM,27441,11/17/2025, 22:17:03,1066
APRL00001,Super Mario BOOM,27441,11/17/2025, 23:16:40,1066
APRL00001,Super Mario BOOM,27442,11/18/2025, 01:17:06,1066
APRL00001,Super Mario BOOM,27442,11/18/2025, 03:11:07,1066
APRL00001,Super Mario BOOM,27442,11/18/2025, 04:21:42,1066
APRL00001,Super Mario BOOM,27442,11/18/2025, 05:17:48,1066
APRL00001,Super Mario BOOM,27442,11/18/2025, 06:26:11,1066
APRL00001,Super Mario BOOM,27443,11/18/2025, 07:18:09,1066
APRL00001,Super Mario BOOM,27444,11/18/2025, 08:23:49,1066
APRL00001,Super Mario BOOM,27444,11/18/2025, 09:19:46,1066
APRL00001,Super Mario BOOM,27444,11/18/2025, 10:20:50,1066
APRL00001,Super Mario BOOM,27444,11/18/2025, 11:16:39,1066
APRL00001,Super Mario BOOM,27444,11/18/2025, 12:36:01,1066
APRL00001,Super Mario BOOM,27444,11/18/2025, 13:30:51,1066
APRL00001,Super Mario BOOM,27444,11/18/2025, 14:17:39,1066
APRL00001,Super Mario BOOM,27445,11/18/2025, 15:20:00,1066
APRL00001,Super Mario BOOM,27445,11/18/2025, 16:23:32,1066
APRL00001,Super Mario BOOM,27445,11/18/2025, 17:17:25,1066
APRL00001,Super Mario BOOM,27445,11/18/2025, 18:26:17,1066
APRL00001,Super Mario BOOM,27446,11/18/2025, 19:15:29,1066
APRL00001,Super Mario BOOM,27449,11/18/2025, 20:20:55,1066
APRL00001,Super Mario BOOM,27449,11/18/2025, 22:18:06,1066
APRL00001,Super Mario BOOM,27452,11/18/2025, 23:16:41,1066
APRL00001,Super Mario BOOM,27453,11/19/2025, 01:16:34,1066
APRL00001,Super Mario BOOM,27454,11/19/2025, 03:10:18,1066
APRL00001,Super Mario BOOM,27454,11/19/2025, 04:21:18,1066
APRL00001,Super Mario BOOM,27454,11/19/2025, 05:18:20,1066
APRL00001,Super Mario BOOM,27455,11/19/2025, 06:25:45,1066
APRL00001,Super Mario BOOM,27456,11/19/2025, 07:18:03,1066
APRL00001,Super Mario BOOM,27456,11/19/2025, 08:23:55,1066
APRL00001,Super Mario BOOM,27456,11/19/2025, 09:20:18,1066
APRL00001,Super Mario BOOM,27456,11/19/2025, 10:19:56,1066
APRL00001,Super Mario BOOM,27456,11/19/2025, 11:15:49,1066
APRL00001,Super Mario BOOM,27456,11/19/2025, 12:36:26,1066
APRL00001,Super Mario BOOM,27456,11/19/2025, 13:30:28,1066
APRL00001,Super Mario BOOM,27456,11/19/2025, 14:17:41,1066
APRL00001,Super Mario BOOM,27456,11/19/2025, 15:19:31,1066
APRL00001,Super Mario BOOM,27456,11/19/2025, 16:23:10,1066
APRL00001,Super Mario BOOM,27456,11/19/2025, 17:17:20,1066
APRL00001,Super Mario BOOM,27457,11/19/2025, 18:25:39,1066
APRL00001,Super Mario BOOM,27457,11/19/2025, 19:15:01,1066
APRL00001,Super Mario BOOM,27457,11/19/2025, 20:17:46,1066
APRL00001,Super Mario BOOM,27458,11/19/2025, 21:14:14,1066
APRL00001,Super Mario BOOM,27458,11/19/2025, 22:17:12,1066
APRL00001,Super Mario BOOM,27458,11/19/2025, 23:17:08,1066
APRL00001,Super Mario BOOM,27458,11/20/2025, 01:15:40,1066
APRL00001,Super Mario BOOM,27459,11/20/2025, 03:08:33,1066
APRL00001,Super Mario BOOM,27459,11/20/2025, 04:20:28,1066
APRL00001,Super Mario BOOM,27459,11/20/2025, 05:18:19,1066
APRL00001,Super Mario BOOM,27460,11/20/2025, 06:25:55,1066
APRL00001,Super Mario BOOM,27460,11/20/2025, 07:17:42,1066
APRL00001,Super Mario BOOM,27462,11/20/2025, 08:24:16,1066
APRL00001,Super Mario BOOM,27463,11/20/2025, 09:19:27,1066
APRL00001,Super Mario BOOM,27464,11/20/2025, 10:19:24,1066
APRL00001,Super Mario BOOM,27464,11/20/2025, 11:16:19,1066
APRL00001,Super Mario BOOM,27464,11/20/2025, 12:35:08,1066
APRL00001,Super Mario BOOM,27464,11/20/2025, 13:29:01,1066
APRL00001,Super Mario BOOM,27466,11/20/2025, 14:18:19,1066
APRL00001,Super Mario BOOM,27467,11/20/2025, 15:18:51,1066
APRL00001,Super Mario BOOM,27467,11/20/2025, 16:22:30,1066
APRL00001,Super Mario BOOM,27467,11/20/2025, 17:14:48,1066
APRL00001,Super Mario BOOM,27467,11/20/2025, 18:25:48,1066
APRL00001,Super Mario BOOM,27467,11/20/2025, 19:14:28,1066
APRL00001,Super Mario BOOM,27467,11/20/2025, 20:20:33,1066
APRL00001,Super Mario BOOM,27469,11/20/2025, 21:16:51,1066
APRL00001,Super Mario BOOM,27469,11/20/2025, 22:16:49,1066
APRL00001,Super Mario BOOM,27470,11/20/2025, 23:16:45,1066
APRL00001,Super Mario BOOM,27471,11/21/2025, 01:16:04,1066
APRL00001,Super Mario BOOM,27471,11/21/2025, 03:09:15,1066
APRL00001,Super Mario BOOM,27472,11/21/2025, 04:21:05,1066
APRL00001,Super Mario BOOM,27472,11/21/2025, 05:18:24,1066
APRL00001,Super Mario BOOM,27474,11/21/2025, 06:27:11,1066
APRL00001,Super Mario BOOM,27474,11/21/2025, 07:18:07,1066
APRL00001,Super Mario BOOM,27475,11/21/2025, 08:24:40,1066
APRL00001,Super Mario BOOM,27475,11/21/2025, 09:19:15,1066
APRL00001,Super Mario BOOM,27476,11/21/2025, 10:19:08,1066
APRL00001,Super Mario BOOM,27476,11/21/2025, 11:15:23,1066
APRL00001,Super Mario BOOM,27477,11/21/2025, 12:34:17,1066
APRL00001,Super Mario BOOM,27477,11/21/2025, 13:26:59,1066
APRL00001,Super Mario BOOM,27478,11/21/2025, 14:17:42,1066
APRL00001,Super Mario BOOM,27478,11/21/2025, 15:16:47,1066
APRL00001,Super Mario BOOM,27479,11/21/2025, 16:21:55,1066
APRL00001,Super Mario BOOM,27480,11/21/2025, 17:16:06,1066
APRL00001,Super Mario BOOM,27481,11/21/2025, 18:24:05,1066
APRL00001,Super Mario BOOM,27481,11/21/2025, 19:15:25,1066
APRL00001,Super Mario BOOM,27482,11/21/2025, 20:20:11,1066
APRL00001,Super Mario BOOM,27482,11/21/2025, 21:16:12,1066
APRL00001,Super Mario BOOM,27482,11/21/2025, 22:17:31,1066
APRL00001,Super Mario BOOM,27483,11/21/2025, 23:16:10,1066
APRL00001,Super Mario BOOM,27485,11/22/2025, 01:13:46,1066
APRL00001,Super Mario BOOM,27486,11/22/2025, 03:02:38,1066
APRL00001,Super Mario BOOM,27486,11/22/2025, 04:20:01,1066
APRL00001,Super Mario BOOM,27486,11/22/2025, 05:16:42,1066
APRL00001,Super Mario BOOM,27487,11/22/2025, 06:23:32,1066
APRL00001,Super Mario BOOM,27488,11/22/2025, 07:15:55,1066
APRL00001,Super Mario BOOM,27489,11/22/2025, 08:21:18,1066
APRL00001,Super Mario BOOM,27489,11/22/2025, 09:17:02,1066
APRL00001,Super Mario BOOM,27489,11/22/2025, 10:17:20,1066
APRL00001,Super Mario BOOM,27490,11/22/2025, 11:13:40,1066
APRL00001,Super Mario BOOM,27490,11/22/2025, 12:30:10,1066
APRL00001,Super Mario BOOM,27491,11/22/2025, 13:22:17,1066
APRL00001,Super Mario BOOM,27491,11/22/2025, 14:14:57,1066
APRL00001,Super Mario BOOM,27491,11/22/2025, 15:15:48,1066
APRL00001,Super Mario BOOM,27491,11/22/2025, 16:19:39,1066
APRL00001,Super Mario BOOM,27491,11/22/2025, 17:14:33,1066
APRL00001,Super Mario BOOM,27491,11/22/2025, 18:22:35,1066
APRL00001,Super Mario BOOM,27492,11/22/2025, 19:13:26,1066
APRL00001,Super Mario BOOM,27493,11/22/2025, 20:18:16,1066
APRL00001,Super Mario BOOM,27493,11/22/2025, 21:15:07,1066
APRL00001,Super Mario BOOM,27494,11/22/2025, 22:16:10,1066
APRL00001,Super Mario BOOM,27494,11/22/2025, 23:16:37,1066
APRL00001,Super Mario BOOM,27497,11/23/2025, 01:26:31,1066
APRL00001,Super Mario BOOM,27497,11/23/2025, 03:25:52,1066
APRL00001,Super Mario BOOM,27497,11/23/2025, 04:31:24,1066
APRL00001,Super Mario BOOM,27497,11/23/2025, 05:16:41,1066
APRL00001,Super Mario BOOM,27501,11/23/2025, 06:24:32,1066
APRL00001,Super Mario BOOM,27501,11/23/2025, 07:16:36,1066
APRL00001,Super Mario BOOM,27502,11/23/2025, 08:21:34,1066
APRL00001,Super Mario BOOM,27502,11/23/2025, 09:17:11,1066
APRL00001,Super Mario BOOM,27502,11/23/2025, 10:17:10,1066
APRL00001,Super Mario BOOM,27503,11/23/2025, 11:14:08,1066
APRL00001,Super Mario BOOM,27504,11/23/2025, 12:30:14,1066
APRL00001,Super Mario BOOM,27505,11/23/2025, 13:22:16,1066
APRL00001,Super Mario BOOM,27505,11/23/2025, 14:15:15,1066
APRL00001,Super Mario BOOM,27505,11/23/2025, 15:16:10,1066
APRL00001,Super Mario BOOM,27508,11/23/2025, 16:19:57,1066
APRL00001,Super Mario BOOM,27509,11/23/2025, 17:14:57,1066
APRL00001,Super Mario BOOM,27509,11/23/2025, 18:23:02,1066
APRL00001,Super Mario BOOM,27509,11/23/2025, 19:13:57,1066
APRL00001,Super Mario BOOM,27512,11/23/2025, 20:19:17,1066
APRL00001,Super Mario BOOM,27512,11/23/2025, 21:15:45,1066
APRL00001,Super Mario BOOM,27512,11/23/2025, 22:16:21,1066
APRL00001,Super Mario BOOM,27513,11/23/2025, 23:16:22,1066
APRL00001,Super Mario BOOM,27517,11/24/2025, 01:21:43,1066
APRL00001,Super Mario BOOM,27517,11/24/2025, 03:22:45,1066
APRL00001,Super Mario BOOM,27518,11/24/2025, 04:32:24,1066
APRL00001,Super Mario BOOM,27518,11/24/2025, 05:19:17,1066
APRL00001,Super Mario BOOM,27518,11/24/2025, 06:27:48,1066
APRL00001,Super Mario BOOM,27518,11/24/2025, 07:18:53,1066
APRL00001,Super Mario BOOM,27518,11/24/2025, 08:25:27,1066
APRL00001,Super Mario BOOM,27518,11/24/2025, 09:22:09,1066
APRL00001,Super Mario BOOM,27518,11/24/2025, 10:20:52,1066
APRL00001,Super Mario BOOM,27519,11/24/2025, 11:22:49,1066
APRL00001,Super Mario BOOM,27520,11/24/2025, 12:36:35,1066
APRL00001,Super Mario BOOM,27520,11/24/2025, 13:32:14,1066
APRL00001,Super Mario BOOM,27520,11/24/2025, 14:18:35,1066
APRL00001,Super Mario BOOM,27521,11/24/2025, 15:20:57,1066
APRL00001,Super Mario BOOM,27521,11/24/2025, 16:20:11,1066
APRL00001,Super Mario BOOM,27521,11/24/2025, 17:17:27,1066
APRL00001,Super Mario BOOM,27521,11/24/2025, 18:26:43,1066
APRL00001,Super Mario BOOM,27521,11/24/2025, 19:12:39,1066
APRL00001,Super Mario BOOM,27522,11/24/2025, 20:20:40,1066
APRL00001,Super Mario BOOM,27522,11/24/2025, 21:17:12,1066
APRL00001,Super Mario BOOM,27522,11/24/2025, 22:16:58,1066
APRL00001,Super Mario BOOM,27522,11/24/2025, 23:16:42,1066
APRL00001,Super Mario BOOM,27524,11/25/2025, 01:16:47,1066
APRL00001,Super Mario BOOM,27526,11/25/2025, 03:13:12,1066
APRL00001,Super Mario BOOM,27526,11/25/2025, 04:24:25,1066
APRL00001,Super Mario BOOM,27526,11/25/2025, 05:18:49,1066
APRL00001,Super Mario BOOM,27526,11/25/2025, 06:27:52,1066
APRL00001,Super Mario BOOM,27526,11/25/2025, 07:18:27,1066
APRL00001,Super Mario BOOM,27527,11/25/2025, 08:24:53,1066
APRL00001,Super Mario BOOM,27528,11/25/2025, 09:21:21,1066
APRL00001,Super Mario BOOM,27528,11/25/2025, 10:21:05,1066
APRL00001,Super Mario BOOM,27529,11/25/2025, 11:16:49,1066
APRL00001,Super Mario BOOM,27529,11/25/2025, 12:36:56,1066
APRL00001,Super Mario BOOM,27529,11/25/2025, 13:32:48,1066
APRL00001,Super Mario BOOM,27529,11/25/2025, 14:18:33,1066
APRL00001,Super Mario BOOM,27529,11/25/2025, 15:20:14,1066
APRL00001,Super Mario BOOM,27529,11/25/2025, 16:23:35,1066
APRL00001,Super Mario BOOM,27529,11/25/2025, 17:18:33,1066
APRL00001,Super Mario BOOM,27530,11/25/2025, 18:26:58,1066
APRL00001,Super Mario BOOM,27531,11/25/2025, 19:16:04,1066
APRL00001,Super Mario BOOM,27532,11/25/2025, 20:20:20,1066
APRL00001,Super Mario BOOM,27532,11/25/2025, 21:16:40,1066
APRL00001,Super Mario BOOM,27534,11/25/2025, 22:18:01,1066
APRL00001,Super Mario BOOM,27535,11/25/2025, 23:16:41,1066
APRL00001,Super Mario BOOM,27537,11/26/2025, 01:17:25,1066
APRL00001,Super Mario BOOM,27538,11/26/2025, 03:13:28,1066
APRL00001,Super Mario BOOM,27540,11/26/2025, 04:24:05,1066
APRL00001,Super Mario BOOM,27540,11/26/2025, 05:18:18,1066
APRL00001,Super Mario BOOM,27540,11/26/2025, 06:27:49,1066
APRL00001,Super Mario BOOM,27540,11/26/2025, 07:18:05,1066
APRL00001,Super Mario BOOM,27540,11/26/2025, 08:24:13,1066
APRL00001,Super Mario BOOM,27540,11/26/2025, 09:20:47,1066
APRL00001,Super Mario BOOM,27540,11/26/2025, 10:20:31,1066
APRL00001,Super Mario BOOM,27540,11/26/2025, 11:16:33,1066
APRL00001,Super Mario BOOM,27541,11/26/2025, 12:37:17,1066
APRL00001,Super Mario BOOM,27541,11/26/2025, 13:33:26,1066
APRL00001,Super Mario BOOM,27541,11/26/2025, 14:19:18,1066
APRL00001,Super Mario BOOM,27541,11/26/2025, 15:17:38,1066
APRL00001,Super Mario BOOM,27541,11/26/2025, 16:22:22,1066
APRL00001,Super Mario BOOM,27542,11/26/2025, 17:16:36,1066
APRL00001,Super Mario BOOM,27542,11/26/2025, 18:22:14,1066
APRL00001,Super Mario BOOM,27543,11/26/2025, 19:14:44,1066
APRL00001,Super Mario BOOM,27543,11/26/2025, 20:19:54,1066
APRL00001,Super Mario BOOM,27543,11/26/2025, 21:16:13,1066
APRL00001,Super Mario BOOM,27544,11/26/2025, 22:17:43,1066
APRL00001,Super Mario BOOM,27544,11/26/2025, 23:16:31,1066
APRL00001,Super Mario BOOM,27545,11/27/2025, 01:16:30,1066
APRL00001,Super Mario BOOM,27547,11/27/2025, 03:10:06,1066
APRL00001,Super Mario BOOM,27547,11/27/2025, 04:21:57,1066
APRL00001,Super Mario BOOM,27547,11/27/2025, 05:18:53,1066
APRL00001,Super Mario BOOM,27548,11/27/2025, 06:28:02,1066
APRL00001,Super Mario BOOM,27548,11/27/2025, 07:19:03,1066
APRL00001,Super Mario BOOM,27548,11/27/2025, 08:25:07,1066
APRL00001,Super Mario BOOM,27548,11/27/2025, 09:20:19,1066
APRL00001,Super Mario BOOM,27548,11/27/2025, 10:20:01,1066
APRL00001,Super Mario BOOM,27548,11/27/2025, 11:16:42,1066
APRL00001,Super Mario BOOM,27548,11/27/2025, 12:36:49,1066
APRL00001,Super Mario BOOM,27548,11/27/2025, 13:31:00,1066
APRL00001,Super Mario BOOM,27548,11/27/2025, 14:18:27,1066
APRL00001,Super Mario BOOM,27548,11/27/2025, 15:18:19,1066
APRL00001,Super Mario BOOM,27549,11/27/2025, 16:22:05,1066
APRL00001,Super Mario BOOM,27549,11/27/2025, 17:14:58,1066
APRL00001,Super Mario BOOM,27551,11/27/2025, 18:24:18,1066
APRL00001,Super Mario BOOM,27553,11/27/2025, 19:14:44,1066
APRL00001,Super Mario BOOM,27554,11/27/2025, 20:18:22,1066
APRL00001,Super Mario BOOM,27557,11/27/2025, 21:16:09,1066
APRL00001,Super Mario BOOM,27557,11/27/2025, 22:17:03,1066
APRL00001,Super Mario BOOM,27558,11/27/2025, 23:16:42,1066
APRL00001,Super Mario BOOM,27558,11/28/2025, 01:15:33,1066
APRL00001,Super Mario BOOM,27560,11/28/2025, 03:09:51,1066
APRL00001,Super Mario BOOM,27560,11/28/2025, 04:21:37,1066
APRL00001,Super Mario BOOM,27560,11/28/2025, 05:19:01,1066
APRL00001,Super Mario BOOM,27560,11/28/2025, 06:28:04,1066
APRL00001,Super Mario BOOM,27560,11/28/2025, 07:18:38,1066
APRL00001,Super Mario BOOM,27560,11/28/2025, 08:24:31,1066
APRL00001,Super Mario BOOM,27560,11/28/2025, 09:19:15,1066
APRL00001,Super Mario BOOM,27562,11/28/2025, 10:20:12,1066
APRL00001,Super Mario BOOM,27562,11/28/2025, 11:16:20,1066
APRL00001,Super Mario BOOM,27562,11/28/2025, 12:35:12,1066
APRL00001,Super Mario BOOM,27562,11/28/2025, 13:29:25,1066
APRL00001,Super Mario BOOM,27562,11/28/2025, 14:18:26,1066
APRL00001,Super Mario BOOM,27563,11/28/2025, 15:18:41,1066
APRL00001,Super Mario BOOM,27563,11/28/2025, 16:22:36,1066
APRL00001,Super Mario BOOM,27564,11/28/2025, 17:15:52,1066
APRL00001,Super Mario BOOM,27564,11/28/2025, 18:24:37,1066
APRL00001,Super Mario BOOM,27564,11/28/2025, 19:14:14,1066
APRL00001,Super Mario BOOM,27566,11/28/2025, 20:19:45,1066
APRL00001,Super Mario BOOM,27566,11/28/2025, 21:15:36,1066
APRL00001,Super Mario BOOM,27567,11/28/2025, 22:16:36,1066
APRL00001,Super Mario BOOM,27568,11/28/2025, 23:16:41,1066
APRL00001,Super Mario BOOM,27568,11/29/2025, 01:15:38,1066
APRL00001,Super Mario BOOM,27570,11/29/2025, 03:10:24,1066
APRL00001,Super Mario BOOM,27570,11/29/2025, 04:21:03,1066
APRL00001,Super Mario BOOM,27571,11/29/2025, 05:17:48,1066
APRL00001,Super Mario BOOM,27571,11/29/2025, 06:24:51,1066
APRL00001,Super Mario BOOM,27571,11/29/2025, 07:16:17,1066
APRL00001,Super Mario BOOM,27571,11/29/2025, 08:22:07,1066
APRL00001,Super Mario BOOM,27571,11/29/2025, 09:17:46,1066
APRL00001,Super Mario BOOM,27572,11/29/2025, 10:17:58,1066
APRL00001,Super Mario BOOM,27573,11/29/2025, 11:14:21,1066
APRL00001,Super Mario BOOM,27573,11/29/2025, 12:32:27,1066
APRL00001,Super Mario BOOM,27573,11/29/2025, 13:25:06,1066
APRL00001,Super Mario BOOM,27573,11/29/2025, 14:16:06,1066
APRL00001,Super Mario BOOM,27573,11/29/2025, 15:16:28,1066
APRL00001,Super Mario BOOM,27573,11/29/2025, 16:20:30,1066
APRL00001,Super Mario BOOM,27573,11/29/2025, 17:15:28,1066
APRL00001,Super Mario BOOM,27576,11/29/2025, 18:23:29,1066
APRL00001,Super Mario BOOM,27576,11/29/2025, 19:13:51,1066
APRL00001,Super Mario BOOM,27578,11/29/2025, 20:19:07,1066
APRL00001,Super Mario BOOM,27578,11/29/2025, 21:15:26,1066
APRL00001,Super Mario BOOM,27580,11/29/2025, 22:16:24,1066
APRL00001,Super Mario BOOM,27582,11/29/2025, 23:16:35,1066
APRL00001,Super Mario BOOM,27583,11/30/2025, 01:26:12,1066
APRL00001,Super Mario BOOM,27586,11/30/2025, 03:25:30,1066
APRL00001,Super Mario BOOM,27586,11/30/2025, 04:32:39,1066
APRL00001,Super Mario BOOM,27586,11/30/2025, 05:17:48,1066
APRL00001,Super Mario BOOM,27586,11/30/2025, 06:26:00,1066
APRL00001,Super Mario BOOM,27586,11/30/2025, 07:16:03,1066
APRL00001,Super Mario BOOM,27586,11/30/2025, 08:21:12,1066
APRL00001,Super Mario BOOM,27586,11/30/2025, 09:17:08,1066
APRL00001,Super Mario BOOM,27586,11/30/2025, 10:17:31,1066
APRL00001,Super Mario BOOM,27586,11/30/2025, 11:14:45,1066
APRL00001,Super Mario BOOM,27587,11/30/2025, 12:31:54,1066
APRL00001,Super Mario BOOM,27587,11/30/2025, 13:24:37,1066
APRL00001,Super Mario BOOM,27587,11/30/2025, 14:16:07,1066
APRL00001,Super Mario BOOM,27590,11/30/2025, 15:16:37,1066
APRL00001,Super Mario BOOM,27592,11/30/2025, 16:20:46,1066
APRL00001,Super Mario BOOM,27592,11/30/2025, 17:15:14,1066
APRL00001,Super Mario BOOM,27592,11/30/2025, 18:23:24,1066
APRL00001,Super Mario BOOM,27592,11/30/2025, 19:14:08,1066
APRL00001,Super Mario BOOM,27593,11/30/2025, 20:19:22,1066
APRL00001,Super Mario BOOM,27593,11/30/2025, 21:16:14,1066
APRL00001,Super Mario BOOM,27593,11/30/2025, 22:16:51,1066
APRL00001,Super Mario BOOM,27594,11/30/2025, 23:16:28,1066
APRL00001,Super Mario BOOM,27594,12/01/2025, 01:40:52,1066
APRL00001,Super Mario BOOM,27595,12/01/2025, 03:49:09,1066
APRL00001,Super Mario BOOM,27595,12/01/2025, 04:47:21,1066
APRL00001,Super Mario BOOM,27595,12/01/2025, 05:26:11,1066
APRL00001,Super Mario BOOM,27595,12/01/2025, 06:29:17,1066
APRL00001,Super Mario BOOM,27595,12/01/2025, 07:21:39,1066
APRL00001,Super Mario BOOM,27595,12/01/2025, 08:28:04,1066
APRL00001,Super Mario BOOM,27595,12/01/2025, 09:25:21,1066
APRL00001,Super Mario BOOM,27595,12/01/2025, 10:21:52,1066
APRL00001,Super Mario BOOM,27595,12/01/2025, 11:16:53,1066
APRL00001,Super Mario BOOM,27595,12/01/2025, 12:37:20,1066
APRL00001,Super Mario BOOM,27595,12/01/2025, 13:34:22,1066
APRL00001,Super Mario BOOM,27595,12/01/2025, 14:19:55,1066
APRL00001,Super Mario BOOM,27595,12/01/2025, 15:19:33,1066
APRL00001,Super Mario BOOM,27595,12/01/2025, 16:25:02,1066
APRL00001,Super Mario BOOM,27595,12/01/2025, 17:19:53,1066
APRL00001,Super Mario BOOM,27596,12/01/2025, 18:29:07,1066
APRL00001,Super Mario BOOM,27596,12/01/2025, 19:19:40,1066
APRL00001,Super Mario BOOM,27596,12/01/2025, 20:18:40,1066
APRL00001,Super Mario BOOM,27596,12/01/2025, 21:15:50,1066
APRL00001,Super Mario BOOM,27597,12/01/2025, 22:16:01,1066
APRL00001,Super Mario BOOM,27597,12/01/2025, 23:17:19,1066
APRL00001,Super Mario BOOM,27597,12/02/2025, 01:18:53,1066
APRL00001,Super Mario BOOM,27597,12/02/2025, 03:17:15,1066
APRL00001,Super Mario BOOM,27597,12/02/2025, 04:28:48,1066
APRL00001,Super Mario BOOM,27597,12/02/2025, 05:18:34,1066
APRL00001,Super Mario BOOM,27598,12/02/2025, 06:29:05,1066
APRL00001,Super Mario BOOM,27598,12/02/2025, 07:20:45,1066
APRL00001,Super Mario BOOM,27598,12/02/2025, 08:25:57,1066
APRL00001,Super Mario BOOM,27598,12/02/2025, 09:23:59,1066
APRL00001,Super Mario BOOM,27598,12/02/2025, 10:20:39,1066
APRL00001,Super Mario BOOM,27598,12/02/2025, 11:17:46,1066
APRL00001,Super Mario BOOM,27599,12/02/2025, 12:38:28,1066
APRL00001,Super Mario BOOM,27599,12/02/2025, 13:36:02,1066
APRL00001,Super Mario BOOM,27599,12/02/2025, 14:19:45,1066
APRL00001,Super Mario BOOM,27599,12/02/2025, 15:20:55,1066
APRL00001,Super Mario BOOM,27599,12/02/2025, 16:24:39,1066
APRL00001,Super Mario BOOM,27600,12/02/2025, 17:21:18,1066
APRL00001,Super Mario BOOM,27600,12/02/2025, 18:29:08,1066
APRL00001,Super Mario BOOM,27600,12/02/2025, 19:18:24,1066
APRL00001,Super Mario BOOM,27600,12/02/2025, 20:21:54,1066
APRL00001,Super Mario BOOM,27600,12/02/2025, 21:18:17,1066
APRL00001,Super Mario BOOM,27600,12/02/2025, 22:16:22,1066
APRL00001,Super Mario BOOM,27600,12/02/2025, 23:16:37,1066
APRL00001,Super Mario BOOM,27603,12/03/2025, 01:19:07,1066
APRL00001,Super Mario BOOM,27603,12/03/2025, 03:16:00,1066
APRL00001,Super Mario BOOM,27603,12/03/2025, 04:27:03,1066
APRL00001,Super Mario BOOM,27604,12/03/2025, 05:18:16,1066
APRL00001,Super Mario BOOM,27605,12/03/2025, 06:28:15,1066
APRL00001,Super Mario BOOM,27605,12/03/2025, 07:20:02,1066
APRL00001,Super Mario BOOM,27606,12/03/2025, 08:24:59,1066
APRL00001,Super Mario BOOM,27606,12/03/2025, 09:22:45,1066
APRL00001,Super Mario BOOM,27606,12/03/2025, 10:21:30,1066
APRL00001,Super Mario BOOM,27606,12/03/2025, 11:17:22,1066
APRL00001,Super Mario BOOM,27607,12/03/2025, 12:37:57,1066
APRL00001,Super Mario BOOM,27607,12/03/2025, 13:34:37,1066
APRL00001,Super Mario BOOM,27607,12/03/2025, 14:19:29,1066
APRL00001,Super Mario BOOM,27607,12/03/2025, 15:20:38,1066
APRL00001,Super Mario BOOM,27607,12/03/2025, 16:25:32,1066
APRL00001,Super Mario BOOM,27607,12/03/2025, 17:21:42,1066
APRL00001,Super Mario BOOM,27607,12/03/2025, 18:28:48,1066
APRL00001,Super Mario BOOM,27608,12/03/2025, 19:16:23,1066
APRL00001,Super Mario BOOM,27609,12/03/2025, 20:21:42,1066
APRL00001,Super Mario BOOM,27610,12/03/2025, 21:17:22,1066
APRL00001,Super Mario BOOM,27611,12/03/2025, 22:18:51,1066
APRL00001,Super Mario BOOM,27612,12/03/2025, 23:15:22,1066
APRL00001,Super Mario BOOM,27613,12/04/2025, 01:19:04,1066
APRL00001,Super Mario BOOM,27615,12/04/2025, 03:17:53,1066
APRL00001,Super Mario BOOM,27616,12/04/2025, 04:29:08,1066
APRL00001,Super Mario BOOM,27617,12/04/2025, 05:17:53,1066
APRL00001,Super Mario BOOM,27617,12/04/2025, 06:28:10,1066
APRL00001,Super Mario BOOM,27617,12/04/2025, 07:20:17,1066
APRL00001,Super Mario BOOM,27617,12/04/2025, 08:25:37,1066
APRL00001,Super Mario BOOM,27617,12/04/2025, 09:22:31,1066
APRL00001,Super Mario BOOM,27618,12/04/2025, 10:21:27,1066
APRL00001,Super Mario BOOM,27618,12/04/2025, 11:18:29,1066
APRL00001,Super Mario BOOM,27618,12/04/2025, 12:38:52,1066
APRL00001,Super Mario BOOM,27619,12/04/2025, 13:35:20,1066
APRL00001,Super Mario BOOM,27619,12/04/2025, 14:19:43,1066
APRL00001,Super Mario BOOM,27619,12/04/2025, 15:20:51,1066
APRL00001,Super Mario BOOM,27619,12/04/2025, 16:25:25,1066
APRL00001,Super Mario BOOM,27619,12/04/2025, 17:20:53,1066
APRL00001,Super Mario BOOM,27619,12/04/2025, 18:29:23,1066
APRL00001,Super Mario BOOM,27619,12/04/2025, 19:17:38,1066
APRL00001,Super Mario BOOM,27620,12/04/2025, 20:20:48,1066
APRL00001,Super Mario BOOM,27622,12/04/2025, 21:18:01,1066
APRL00001,Super Mario BOOM,27622,12/04/2025, 22:15:53,1066
APRL00001,Super Mario BOOM,27623,12/04/2025, 23:17:45,1066
APRL00001,Super Mario BOOM,27623,12/05/2025, 01:19:46,1066
APRL00001,Super Mario BOOM,27625,12/05/2025, 03:17:49,1066
APRL00001,Super Mario BOOM,27625,12/05/2025, 04:27:53,1066
APRL00001,Super Mario BOOM,27626,12/05/2025, 05:18:34,1066
APRL00001,Super Mario BOOM,27627,12/05/2025, 06:28:18,1066
APRL00001,Super Mario BOOM,27627,12/05/2025, 07:19:54,1066
APRL00001,Super Mario BOOM,27627,12/05/2025, 08:24:45,1066
APRL00001,Super Mario BOOM,27627,12/05/2025, 09:20:11,1066
APRL00001,Super Mario BOOM,27627,12/05/2025, 10:20:02,1066
APRL00001,Super Mario BOOM,27628,12/05/2025, 11:17:49,1066
APRL00001,Super Mario BOOM,27628,12/05/2025, 12:37:00,1066
APRL00001,Super Mario BOOM,27628,12/05/2025, 13:31:06,1066
APRL00001,Super Mario BOOM,27628,12/05/2025, 14:19:09,1066
APRL00001,Super Mario BOOM,27629,12/05/2025, 15:19:54,1066
APRL00001,Super Mario BOOM,27632,12/05/2025, 16:23:13,1066
APRL00001,Super Mario BOOM,27632,12/05/2025, 17:17:32,1066
APRL00001,Super Mario BOOM,27633,12/05/2025, 18:24:00,1066
APRL00001,Super Mario BOOM,27634,12/05/2025, 19:15:34,1066
APRL00001,Super Mario BOOM,27634,12/05/2025, 20:20:31,1066
APRL00001,Super Mario BOOM,27634,12/05/2025, 21:17:04,1066
APRL00001,Super Mario BOOM,27634,12/05/2025, 22:17:41,1066
APRL00001,Super Mario BOOM,27634,12/05/2025, 23:17:38,1066
APRL00001,Super Mario BOOM,27636,12/06/2025, 01:15:43,1066
APRL00001,Super Mario BOOM,27637,12/06/2025, 03:08:06,1066
APRL00001,Super Mario BOOM,27637,12/06/2025, 04:20:12,1066
APRL00001,Super Mario BOOM,27637,12/06/2025, 05:17:37,1066
APRL00001,Super Mario BOOM,27637,12/06/2025, 06:24:27,1066
APRL00001,Super Mario BOOM,27637,12/06/2025, 07:16:23,1066
APRL00001,Super Mario BOOM,27637,12/06/2025, 08:21:56,1066
APRL00001,Super Mario BOOM,27637,12/06/2025, 09:18:38,1066
APRL00001,Super Mario BOOM,27637,12/06/2025, 10:18:32,1066
APRL00001,Super Mario BOOM,27637,12/06/2025, 11:15:40,1066
APRL00001,Super Mario BOOM,27637,12/06/2025, 12:32:31,1066
APRL00001,Super Mario BOOM,27638,12/06/2025, 13:25:09,1066
APRL00001,Super Mario BOOM,27639,12/06/2025, 14:15:30,1066
APRL00001,Super Mario BOOM,27639,12/06/2025, 15:16:31,1066
APRL00001,Super Mario BOOM,27639,12/06/2025, 16:21:11,1066
APRL00001,Super Mario BOOM,27642,12/06/2025, 17:15:54,1066
APRL00001,Super Mario BOOM,27645,12/06/2025, 18:23:16,1066
APRL00001,Super Mario BOOM,27645,12/06/2025, 19:14:42,1066
APRL00001,Super Mario BOOM,27645,12/06/2025, 20:18:49,1066
APRL00001,Super Mario BOOM,27645,12/06/2025, 21:15:50,1066
APRL00001,Super Mario BOOM,27645,12/06/2025, 22:16:33,1066
APRL00001,Super Mario BOOM,27647,12/06/2025, 23:16:40,1066
APRL00001,Super Mario BOOM,27649,12/07/2025, 01:26:16,1066
APRL00001,Super Mario BOOM,27651,12/07/2025, 03:25:56,1066
APRL00001,Super Mario BOOM,27653,12/07/2025, 04:31:57,1066
APRL00001,Super Mario BOOM,27653,12/07/2025, 05:16:42,1066
APRL00001,Super Mario BOOM,27653,12/07/2025, 06:24:48,1066
APRL00001,Super Mario BOOM,27653,12/07/2025, 07:17:23,1066
APRL00001,Super Mario BOOM,27653,12/07/2025, 08:21:40,1066
APRL00001,Super Mario BOOM,27653,12/07/2025, 09:17:54,1066
APRL00001,Super Mario BOOM,27653,12/07/2025, 10:17:09,1066
APRL00001,Super Mario BOOM,27653,12/07/2025, 11:14:28,1066
APRL00001,Super Mario BOOM,27654,12/07/2025, 12:32:17,1066
APRL00001,Super Mario BOOM,27654,12/07/2025, 13:24:09,1066
APRL00001,Super Mario BOOM,27654,12/07/2025, 14:15:53,1066
APRL00001,Super Mario BOOM,27655,12/07/2025, 15:15:59,1066
APRL00001,Super Mario BOOM,27656,12/07/2025, 16:19:55,1066
APRL00001,Super Mario BOOM,27657,12/07/2025, 17:14:43,1066
APRL00001,Super Mario BOOM,27657,12/07/2025, 18:23:16,1066
APRL00001,Super Mario BOOM,27658,12/07/2025, 19:14:17,1066
APRL00001,Super Mario BOOM,27658,12/07/2025, 20:18:49,1066
APRL00001,Super Mario BOOM,27659,12/07/2025, 21:15:16,1066
APRL00001,Super Mario BOOM,27659,12/07/2025, 22:16:22,1066
APRL00001,Super Mario BOOM,27661,12/07/2025, 23:16:05,1066
APRL00001,Super Mario BOOM,27664,12/08/2025, 01:19:58,1066
APRL00001,Super Mario BOOM,27666,12/08/2025, 03:20:27,1066
APRL00001,Super Mario BOOM,27666,12/08/2025, 04:32:18,1066
APRL00001,Super Mario BOOM,27666,12/08/2025, 05:20:45,1066
APRL00001,Super Mario BOOM,27666,12/08/2025, 06:30:44,1066
APRL00001,Super Mario BOOM,27666,12/08/2025, 07:22:36,1066
APRL00001,Super Mario BOOM,27666,12/08/2025, 08:28:00,1066
APRL00001,Super Mario BOOM,27666,12/08/2025, 09:26:08,1066
APRL00001,Super Mario BOOM,27666,12/08/2025, 10:21:09,1066
APRL00001,Super Mario BOOM,27666,12/08/2025, 11:17:11,1066
APRL00001,Super Mario BOOM,27666,12/08/2025, 12:37:06,1066
APRL00001,Super Mario BOOM,27667,12/08/2025, 13:33:51,1066
APRL00001,Super Mario BOOM,27668,12/08/2025, 14:19:52,1066
APRL00001,Super Mario BOOM,27668,12/08/2025, 15:20:31,1066
APRL00001,Super Mario BOOM,27668,12/08/2025, 16:24:23,1066
APRL00001,Super Mario BOOM,27668,12/08/2025, 17:18:43,1066
APRL00001,Super Mario BOOM,27669,12/08/2025, 18:28:06,1066
APRL00001,Super Mario BOOM,27669,12/08/2025, 19:15:57,1066
APRL00001,Super Mario BOOM,27670,12/08/2025, 20:20:59,1066
APRL00001,Super Mario BOOM,27671,12/08/2025, 21:16:29,1066
APRL00001,Super Mario BOOM,27671,12/08/2025, 22:18:15,1066
APRL00001,Super Mario BOOM,27672,12/08/2025, 23:17:48,1066
APRL00001,Super Mario BOOM,27675,12/09/2025, 01:19:10,1066
APRL00001,Super Mario BOOM,27677,12/09/2025, 03:17:39,1066
APRL00001,Super Mario BOOM,27677,12/09/2025, 04:27:16,1066
APRL00001,Super Mario BOOM,27677,12/09/2025, 05:18:53,1066
APRL00001,Super Mario BOOM,27677,12/09/2025, 06:28:34,1066
APRL00001,Super Mario BOOM,27678,12/09/2025, 07:21:14,1066
APRL00001,Super Mario BOOM,27679,12/09/2025, 08:26:33,1066
APRL00001,Super Mario BOOM,27679,12/09/2025, 09:22:27,1066
APRL00001,Super Mario BOOM,27679,12/09/2025, 10:21:57,1066
APRL00001,Super Mario BOOM,27679,12/09/2025, 11:17:43,1066
APRL00001,Super Mario BOOM,27679,12/09/2025, 12:37:57,1066
APRL00001,Super Mario BOOM,27679,12/09/2025, 13:34:57,1066
APRL00001,Super Mario BOOM,27679,12/09/2025, 14:20:25,1066
APRL00001,Super Mario BOOM,27680,12/09/2025, 15:21:08,1066
APRL00001,Super Mario BOOM,27680,12/09/2025, 16:24:45,1066
APRL00001,Super Mario BOOM,27680,12/09/2025, 17:19:25,1066
APRL00001,Super Mario BOOM,27681,12/09/2025, 18:23:20,1066
APRL00001,Super Mario BOOM,27681,12/09/2025, 19:14:42,1066
APRL00001,Super Mario BOOM,27681,12/09/2025, 20:19:08,1066
APRL00001,Super Mario BOOM,27681,12/09/2025, 21:15:52,1066
APRL00001,Super Mario BOOM,27682,12/09/2025, 22:18:54,1066
APRL00001,Super Mario BOOM,27682,12/09/2025, 23:18:06,1066
APRL00001,Super Mario BOOM,27684,12/10/2025, 01:20:56,1066
APRL00001,Super Mario BOOM,27685,12/10/2025, 03:21:36,1066
APRL00001,Super Mario BOOM,27687,12/10/2025, 04:31:38,1066
APRL00001,Super Mario BOOM,27687,12/10/2025, 05:19:58,1066
APRL00001,Super Mario BOOM,27688,12/10/2025, 06:29:12,1066
APRL00001,Super Mario BOOM,27689,12/10/2025, 07:21:44,1066
APRL00001,Super Mario BOOM,27689,12/10/2025, 08:25:42,1066
APRL00001,Super Mario BOOM,27689,12/10/2025, 09:22:34,1066
APRL00001,Super Mario BOOM,27689,12/10/2025, 10:21:36,1066
APRL00001,Super Mario BOOM,27689,12/10/2025, 11:17:27,1066
APRL00001,Super Mario BOOM,27689,12/10/2025, 12:38:01,1066
APRL00001,Super Mario BOOM,27689,12/10/2025, 13:36:12,1066
APRL00001,Super Mario BOOM,27689,12/10/2025, 14:21:01,1066
APRL00001,Super Mario BOOM,27690,12/10/2025, 15:22:05,1066
APRL00001,Super Mario BOOM,27690,12/10/2025, 16:25:22,1066
APRL00001,Super Mario BOOM,27690,12/10/2025, 17:20:52,1066
APRL00001,Super Mario BOOM,27691,12/10/2025, 18:27:29,1066
APRL00001,Super Mario BOOM,27692,12/10/2025, 19:16:43,1066
APRL00001,Super Mario BOOM,27694,12/10/2025, 20:21:43,1066
APRL00001,Super Mario BOOM,27696,12/10/2025, 21:20:00,1066
APRL00001,Super Mario BOOM,27698,12/10/2025, 22:18:45,1066
APRL00001,Super Mario BOOM,27699,12/10/2025, 23:16:03,1066
APRL00001,Super Mario BOOM,27699,12/11/2025, 01:22:04,1066
APRL00001,Super Mario BOOM,27699,12/11/2025, 03:23:17,1066
APRL00001,Super Mario BOOM,27699,12/11/2025, 04:33:45,1066
APRL00001,Super Mario BOOM,27699,12/11/2025, 05:20:58,1066
APRL00001,Super Mario BOOM,27699,12/11/2025, 06:29:56,1066
APRL00001,Super Mario BOOM,27699,12/11/2025, 07:23:16,1066
APRL00001,Super Mario BOOM,27699,12/11/2025, 08:26:25,1066
APRL00001,Super Mario BOOM,27699,12/11/2025, 09:23:56,1066
APRL00001,Super Mario BOOM,27699,12/11/2025, 10:21:41,1066
APRL00001,Super Mario BOOM,27699,12/11/2025, 11:17:49,1066
APRL00001,Super Mario BOOM,27700,12/11/2025, 12:39:18,1066
APRL00001,Super Mario BOOM,27700,12/11/2025, 13:37:35,1066
APRL00001,Super Mario BOOM,27701,12/11/2025, 14:21:35,1066
APRL00001,Super Mario BOOM,27701,12/11/2025, 15:21:45,1066
APRL00001,Super Mario BOOM,27701,12/11/2025, 16:26:34,1066
APRL00001,Super Mario BOOM,27701,12/11/2025, 17:24:44,1066
APRL00001,Super Mario BOOM,27702,12/11/2025, 18:26:02,1066
APRL00001,Super Mario BOOM,27703,12/11/2025, 19:19:15,1066
APRL00001,Super Mario BOOM,27703,12/11/2025, 20:21:21,1066
APRL00001,Super Mario BOOM,27705,12/11/2025, 21:20:40,1066
APRL00001,Super Mario BOOM,27706,12/11/2025, 22:18:44,1066
APRL00001,Super Mario BOOM,27707,12/11/2025, 23:18:17,1066
APRL00001,Super Mario BOOM,27709,12/12/2025, 01:21:25,1066
APRL00001,Super Mario BOOM,27711,12/12/2025, 03:22:21,1066
APRL00001,Super Mario BOOM,27711,12/12/2025, 04:32:48,1066
APRL00001,Super Mario BOOM,27711,12/12/2025, 05:19:40,1066
APRL00001,Super Mario BOOM,27712,12/12/2025, 06:28:59,1066
APRL00001,Super Mario BOOM,27712,12/12/2025, 07:22:01,1066
APRL00001,Super Mario BOOM,27712,12/12/2025, 08:26:41,1066
APRL00001,Super Mario BOOM,27712,12/12/2025, 09:22:56,1066
APRL00001,Super Mario BOOM,27713,12/12/2025, 10:20:41,1066
APRL00001,Super Mario BOOM,27713,12/12/2025, 11:18:29,1066
APRL00001,Super Mario BOOM,27713,12/12/2025, 12:37:54,1066
APRL00001,Super Mario BOOM,27713,12/12/2025, 13:33:44,1066
APRL00001,Super Mario BOOM,27713,12/12/2025, 14:18:25,1066
APRL00001,Super Mario BOOM,27714,12/12/2025, 15:20:28,1066
APRL00001,Super Mario BOOM,27714,12/12/2025, 16:22:12,1066
APRL00001,Super Mario BOOM,27714,12/12/2025, 17:17:57,1066
APRL00001,Super Mario BOOM,27715,12/12/2025, 18:28:55,1066
APRL00001,Super Mario BOOM,27715,12/12/2025, 19:16:05,1066
APRL00001,Super Mario BOOM,27717,12/12/2025, 20:20:40,1066
APRL00001,Super Mario BOOM,27718,12/12/2025, 21:16:58,1066
APRL00001,Super Mario BOOM,27718,12/12/2025, 22:18:22,1066
APRL00001,Super Mario BOOM,27718,12/12/2025, 23:18:12,1066
APRL00001,Super Mario BOOM,27718,12/13/2025, 01:17:11,1066
APRL00001,Super Mario BOOM,27719,12/13/2025, 03:14:32,1066
APRL00001,Super Mario BOOM,27719,12/13/2025, 04:24:07,1066
APRL00001,Super Mario BOOM,27719,12/13/2025, 05:18:38,1066
APRL00001,Super Mario BOOM,27719,12/13/2025, 06:26:29,1066
APRL00001,Super Mario BOOM,27719,12/13/2025, 07:17:56,1066
APRL00001,Super Mario BOOM,27719,12/13/2025, 08:22:11,1066
APRL00001,Super Mario BOOM,27719,12/13/2025, 09:17:49,1066
APRL00001,Super Mario BOOM,27720,12/13/2025, 10:17:40,1066
APRL00001,Super Mario BOOM,27720,12/13/2025, 11:14:44,1066
APRL00001,Super Mario BOOM,27720,12/13/2025, 12:33:37,1066
APRL00001,Super Mario BOOM,27720,12/13/2025, 13:26:03,1066
APRL00001,Super Mario BOOM,27721,12/13/2025, 14:16:26,1066
APRL00001,Super Mario BOOM,27721,12/13/2025, 15:16:39,1066
APRL00001,Super Mario BOOM,27721,12/13/2025, 16:21:12,1066
APRL00001,Super Mario BOOM,27721,12/13/2025, 17:15:36,1066
APRL00001,Super Mario BOOM,27722,12/13/2025, 18:23:14,1066
APRL00001,Super Mario BOOM,27723,12/13/2025, 19:13:59,1066
APRL00001,Super Mario BOOM,27725,12/13/2025, 20:18:53,1066
APRL00001,Super Mario BOOM,27726,12/13/2025, 21:16:07,1066
APRL00001,Super Mario BOOM,27726,12/13/2025, 22:16:30,1066
APRL00001,Super Mario BOOM,27727,12/13/2025, 23:16:40,1066
APRL00001,Super Mario BOOM,27728,12/14/2025, 01:26:54,1066
APRL00001,Super Mario BOOM,27728,12/14/2025, 03:27:41,1066
APRL00001,Super Mario BOOM,27728,12/14/2025, 04:35:18,1066
APRL00001,Super Mario BOOM,27728,12/14/2025, 05:18:52,1066
APRL00001,Super Mario BOOM,27728,12/14/2025, 06:26:18,1066
APRL00001,Super Mario BOOM,27728,12/14/2025, 07:17:26,1066
APRL00001,Super Mario BOOM,27728,12/14/2025, 08:22:26,1066
APRL00001,Super Mario BOOM,27728,12/14/2025, 09:18:14,1066
APRL00001,Super Mario BOOM,27729,12/14/2025, 10:17:59,1066
APRL00001,Super Mario BOOM,27730,12/14/2025, 11:15:12,1066
APRL00001,Super Mario BOOM,27732,12/14/2025, 12:33:33,1066
APRL00001,Super Mario BOOM,27732,12/14/2025, 13:26:04,1066
APRL00001,Super Mario BOOM,27734,12/14/2025, 14:17:03,1066
APRL00001,Super Mario BOOM,27734,12/14/2025, 15:16:47,1066
APRL00001,Super Mario BOOM,27734,12/14/2025, 16:20:52,1066
APRL00001,Super Mario BOOM,27736,12/14/2025, 17:15:27,1066
APRL00001,Super Mario BOOM,27738,12/14/2025, 18:24:29,1066
APRL00001,Super Mario BOOM,27738,12/14/2025, 19:14:46,1066
APRL00001,Super Mario BOOM,27738,12/14/2025, 20:19:37,1066
APRL00001,Super Mario BOOM,27738,12/14/2025, 21:16:38,1066
APRL00001,Super Mario BOOM,27738,12/14/2025, 22:16:59,1066
APRL00001,Super Mario BOOM,27739,12/14/2025, 23:16:40,1066
APRL00001,Super Mario BOOM,27740,12/15/2025, 01:23:46,1066
APRL00001,Super Mario BOOM,27740,12/15/2025, 03:29:03,1066
APRL00001,Super Mario BOOM,27740,12/15/2025, 04:38:39,1066
APRL00001,Super Mario BOOM,27740,12/15/2025, 05:23:54,1066
APRL00001,Super Mario BOOM,27740,12/15/2025, 06:31:49,1066
APRL00001,Super Mario BOOM,27741,12/15/2025, 07:23:13,1066
APRL00001,Super Mario BOOM,27742,12/15/2025, 08:28:44,1066
APRL00001,Super Mario BOOM,27742,12/15/2025, 09:30:39,1066
APRL00001,Super Mario BOOM,27742,12/15/2025, 10:23:51,1066
APRL00001,Super Mario BOOM,27742,12/15/2025, 11:17:50,1066
APRL00001,Super Mario BOOM,27742,12/15/2025, 12:40:11,1066
APRL00001,Super Mario BOOM,27742,12/15/2025, 13:39:28,1066
APRL00001,Super Mario BOOM,27742,12/15/2025, 14:23:20,1066
APRL00001,Super Mario BOOM,27743,12/15/2025, 15:22:29,1066
APRL00001,Super Mario BOOM,27743,12/15/2025, 16:27:39,1066
APRL00001,Super Mario BOOM,27743,12/15/2025, 17:23:54,1066
APRL00001,Super Mario BOOM,27744,12/15/2025, 18:28:40,1066
APRL00001,Super Mario BOOM,27744,12/15/2025, 19:19:16,1066
APRL00001,Super Mario BOOM,27744,12/15/2025, 20:21:16,1066
APRL00001,Super Mario BOOM,27746,12/15/2025, 21:18:07,1066
APRL00001,Super Mario BOOM,27747,12/15/2025, 22:18:43,1066
APRL00001,Super Mario BOOM,27747,12/15/2025, 23:18:59,1066
APRL00001,Super Mario BOOM,27749,12/16/2025, 01:22:21,1066
APRL00001,Super Mario BOOM,27751,12/16/2025, 03:23:06,1066
APRL00001,Super Mario BOOM,27752,12/16/2025, 04:34:02,1066
APRL00001,Super Mario BOOM,27752,12/16/2025, 05:21:19,1066
APRL00001,Super Mario BOOM,27752,12/16/2025, 06:29:21,1066
APRL00001,Super Mario BOOM,27753,12/16/2025, 07:22:23,1066
APRL00001,Super Mario BOOM,27753,12/16/2025, 08:27:09,1066
APRL00001,Super Mario BOOM,27753,12/16/2025, 09:24:25,1066
APRL00001,Super Mario BOOM,27753,12/16/2025, 10:21:51,1066
APRL00001,Super Mario BOOM,27753,12/16/2025, 11:17:33,1066
APRL00001,Super Mario BOOM,27754,12/16/2025, 12:38:53,1066
APRL00001,Super Mario BOOM,27757,12/16/2025, 13:37:23,1066
APRL00001,Super Mario BOOM,27757,12/16/2025, 14:21:39,1066
APRL00001,Super Mario BOOM,27757,12/16/2025, 15:21:48,1066
APRL00001,Super Mario BOOM,27757,12/16/2025, 16:25:20,1066
APRL00001,Super Mario BOOM,27757,12/16/2025, 17:22:36,1066
APRL00001,Super Mario BOOM,27758,12/16/2025, 18:28:26,1066
APRL00001,Super Mario BOOM,27758,12/16/2025, 19:18:53,1066
APRL00001,Super Mario BOOM,27759,12/16/2025, 20:21:46,1066
APRL00001,Super Mario BOOM,27761,12/16/2025, 21:19:11,1066
APRL00001,Super Mario BOOM,27762,12/16/2025, 22:18:03,1066
APRL00001,Super Mario BOOM,27763,12/16/2025, 23:17:37,1066
APRL00001,Super Mario BOOM,27763,12/17/2025, 01:17:30,1066
APRL00001,Super Mario BOOM,27763,12/17/2025, 03:18:52,1066
APRL00001,Super Mario BOOM,27763,12/17/2025, 04:32:01,1066
APRL00001,Super Mario BOOM,27763,12/17/2025, 05:21:00,1066
APRL00001,Super Mario BOOM,27763,12/17/2025, 06:29:20,1066
APRL00001,Super Mario BOOM,27763,12/17/2025, 07:21:29,1066
APRL00001,Super Mario BOOM,27763,12/17/2025, 08:26:41,1066
APRL00001,Super Mario BOOM,27764,12/17/2025, 09:26:16,1066
APRL00001,Super Mario BOOM,27764,12/17/2025, 10:21:44,1066
APRL00001,Super Mario BOOM,27765,12/17/2025, 11:18:16,1066
APRL00001,Super Mario BOOM,27765,12/17/2025, 12:39:02,1066
APRL00001,Super Mario BOOM,27765,12/17/2025, 13:32:36,1066
APRL00001,Super Mario BOOM,27765,12/17/2025, 14:20:17,1066
APRL00001,Super Mario BOOM,27765,12/17/2025, 15:21:48,1066
APRL00001,Super Mario BOOM,27766,12/17/2025, 16:24:56,1066
APRL00001,Super Mario BOOM,27766,12/17/2025, 17:22:13,1066
APRL00001,Super Mario BOOM,27767,12/17/2025, 18:28:37,1066
APRL00001,Super Mario BOOM,27768,12/17/2025, 19:18:50,1066
APRL00001,Super Mario BOOM,27768,12/17/2025, 20:21:45,1066
APRL00001,Super Mario BOOM,27769,12/17/2025, 21:18:20,1066
APRL00001,Super Mario BOOM,27769,12/17/2025, 22:18:40,1066
APRL00001,Super Mario BOOM,27769,12/17/2025, 23:18:15,1066
APRL00001,Super Mario BOOM,27772,12/18/2025, 01:18:08,1066
APRL00001,Super Mario BOOM,27772,12/18/2025, 03:19:56,1066
APRL00001,Super Mario BOOM,27772,12/18/2025, 04:32:19,1066
APRL00001,Super Mario BOOM,27774,12/18/2025, 05:20:55,1066
APRL00001,Super Mario BOOM,27774,12/18/2025, 06:29:08,1066
APRL00001,Super Mario BOOM,27774,12/18/2025, 07:20:56,1066
APRL00001,Super Mario BOOM,27774,12/18/2025, 08:26:29,1066
APRL00001,Super Mario BOOM,27774,12/18/2025, 09:25:20,1066
APRL00001,Super Mario BOOM,27774,12/18/2025, 10:20:51,1066
APRL00001,Super Mario BOOM,27775,12/18/2025, 11:18:25,1066
APRL00001,Super Mario BOOM,27776,12/18/2025, 12:37:58,1066
APRL00001,Super Mario BOOM,27776,12/18/2025, 13:35:25,1066
APRL00001,Super Mario BOOM,27776,12/18/2025, 14:20:32,1066
APRL00001,Super Mario BOOM,27776,12/18/2025, 15:20:46,1066
APRL00001,Super Mario BOOM,27777,12/18/2025, 16:26:03,1066
APRL00001,Super Mario BOOM,27777,12/18/2025, 17:22:10,1066
APRL00001,Super Mario BOOM,27777,12/18/2025, 18:27:49,1066
APRL00001,Super Mario BOOM,27778,12/18/2025, 19:17:07,1066
APRL00001,Super Mario BOOM,27779,12/18/2025, 20:18:55,1066
APRL00001,Super Mario BOOM,27779,12/18/2025, 21:16:45,1066
APRL00001,Super Mario BOOM,27780,12/18/2025, 22:18:11,1066
APRL00001,Super Mario BOOM,27780,12/18/2025, 23:18:23,1066
APRL00001,Super Mario BOOM,27782,12/19/2025, 01:21:45,1066
APRL00001,Super Mario BOOM,27784,12/19/2025, 03:22:51,1066
APRL00001,Super Mario BOOM,27785,12/19/2025, 04:32:43,1066
APRL00001,Super Mario BOOM,27785,12/19/2025, 05:20:09,1066
APRL00001,Super Mario BOOM,27785,12/19/2025, 06:28:22,1066
APRL00001,Super Mario BOOM,27786,12/19/2025, 07:20:42,1066
APRL00001,Super Mario BOOM,27787,12/19/2025, 08:26:03,1066
APRL00001,Super Mario BOOM,27787,12/19/2025, 09:23:15,1066
APRL00001,Super Mario BOOM,27787,12/19/2025, 10:20:28,1066
APRL00001,Super Mario BOOM,27788,12/19/2025, 11:17:36,1066
APRL00001,Super Mario BOOM,27789,12/19/2025, 12:36:16,1066
APRL00001,Super Mario BOOM,27789,12/19/2025, 13:32:11,1066
APRL00001,Super Mario BOOM,27789,12/19/2025, 14:19:47,1066
APRL00001,Super Mario BOOM,27790,12/19/2025, 15:20:24,1066
APRL00001,Super Mario BOOM,27794,12/19/2025, 16:23:06,1066
APRL00001,Super Mario BOOM,27794,12/19/2025, 17:18:30,1066
APRL00001,Super Mario BOOM,27794,12/19/2025, 18:26:20,1066
APRL00001,Super Mario BOOM,27794,12/19/2025, 19:15:51,1066
APRL00001,Super Mario BOOM,27795,12/19/2025, 20:20:31,1066
APRL00001,Super Mario BOOM,27796,12/19/2025, 21:17:25,1066
APRL00001,Super Mario BOOM,27796,12/19/2025, 22:18:34,1066
APRL00001,Super Mario BOOM,27796,12/19/2025, 23:17:58,1066
APRL00001,Super Mario BOOM,27796,12/20/2025, 01:17:37,1066
APRL00001,Super Mario BOOM,27796,12/20/2025, 03:14:30,1066
APRL00001,Super Mario BOOM,27796,12/20/2025, 04:24:25,1066
APRL00001,Super Mario BOOM,27796,12/20/2025, 05:17:58,1066
APRL00001,Super Mario BOOM,27796,12/20/2025, 06:27:02,1066
APRL00001,Super Mario BOOM,27796,12/20/2025, 07:16:54,1066
APRL00001,Super Mario BOOM,27797,12/20/2025, 08:22:21,1066
APRL00001,Super Mario BOOM,27797,12/20/2025, 09:18:05,1066
APRL00001,Super Mario BOOM,27797,12/20/2025, 10:17:59,1066
APRL00001,Super Mario BOOM,27797,12/20/2025, 11:14:43,1066
APRL00001,Super Mario BOOM,27798,12/20/2025, 12:33:20,1066
APRL00001,Super Mario BOOM,27798,12/20/2025, 13:25:58,1066
APRL00001,Super Mario BOOM,27798,12/20/2025, 14:16:42,1066
APRL00001,Super Mario BOOM,27798,12/20/2025, 15:17:14,1066
APRL00001,Super Mario BOOM,27798,12/20/2025, 16:21:07,1066
APRL00001,Super Mario BOOM,27798,12/20/2025, 17:15:31,1066
APRL00001,Super Mario BOOM,27798,12/20/2025, 18:23:08,1066
APRL00001,Super Mario BOOM,27798,12/20/2025, 19:14:14,1066
APRL00001,Super Mario BOOM,27798,12/20/2025, 20:18:46,1066
APRL00001,Super Mario BOOM,27799,12/20/2025, 21:15:47,1066
APRL00001,Super Mario BOOM,27801,12/20/2025, 22:16:28,1066
APRL00001,Super Mario BOOM,27801,12/20/2025, 23:16:53,1066
APRL00001,Super Mario BOOM,27802,12/21/2025, 01:26:24,1066
APRL00001,Super Mario BOOM,27803,12/21/2025, 03:28:00,1066
APRL00001,Super Mario BOOM,27804,12/21/2025, 04:36:00,1066
APRL00001,Super Mario BOOM,27804,12/21/2025, 05:18:50,1066
APRL00001,Super Mario BOOM,27804,12/21/2025, 06:26:43,1066
APRL00001,Super Mario BOOM,27804,12/21/2025, 07:17:57,1066
APRL00001,Super Mario BOOM,27805,12/21/2025, 08:22:44,1066
APRL00001,Super Mario BOOM,27806,12/21/2025, 09:18:09,1066
APRL00001,Super Mario BOOM,27806,12/21/2025, 10:18:31,1066
APRL00001,Super Mario BOOM,27807,12/21/2025, 11:15:20,1066
APRL00001,Super Mario BOOM,27808,12/21/2025, 12:33:37,1066
APRL00001,Super Mario BOOM,27809,12/21/2025, 13:26:25,1066
APRL00001,Super Mario BOOM,27809,12/21/2025, 14:17:09,1066
APRL00001,Super Mario BOOM,27809,12/21/2025, 15:17:37,1066
APRL00001,Super Mario BOOM,27811,12/21/2025, 16:20:43,1066
APRL00001,Super Mario BOOM,27812,12/21/2025, 17:15:57,1066
APRL00001,Super Mario BOOM,27812,12/21/2025, 18:24:52,1066
APRL00001,Super Mario BOOM,27813,12/21/2025, 19:14:49,1066
APRL00001,Super Mario BOOM,27813,12/21/2025, 20:19:29,1066
APRL00001,Super Mario BOOM,27813,12/21/2025, 21:16:27,1066
APRL00001,Super Mario BOOM,27814,12/21/2025, 22:17:30,1066
APRL00001,Super Mario BOOM,27815,12/21/2025, 23:17:04,1066
APRL00001,Super Mario BOOM,27817,12/22/2025, 01:25:00,1066
APRL00001,Super Mario BOOM,27818,12/22/2025, 03:30:33,1066
APRL00001,Super Mario BOOM,27819,12/22/2025, 04:38:28,1066
APRL00001,Super Mario BOOM,27819,12/22/2025, 05:22:51,1066
APRL00001,Super Mario BOOM,27819,12/22/2025, 06:30:53,1066
APRL00001,Super Mario BOOM,27820,12/22/2025, 07:22:46,1066
APRL00001,Super Mario BOOM,27820,12/22/2025, 08:28:09,1066
APRL00001,Super Mario BOOM,27820,12/22/2025, 09:26:29,1066
APRL00001,Super Mario BOOM,27820,12/22/2025, 10:21:05,1066
APRL00001,Super Mario BOOM,27820,12/22/2025, 11:16:54,1066
APRL00001,Super Mario BOOM,27820,12/22/2025, 12:37:38,1066
APRL00001,Super Mario BOOM,27820,12/22/2025, 13:33:13,1066
APRL00001,Super Mario BOOM,27820,12/22/2025, 14:19:14,1066
APRL00001,Super Mario BOOM,27820,12/22/2025, 15:19:54,1066
APRL00001,Super Mario BOOM,27820,12/22/2025, 16:22:54,1066
APRL00001,Super Mario BOOM,27820,12/22/2025, 17:17:23,1066
APRL00001,Super Mario BOOM,27821,12/22/2025, 18:27:34,1066
APRL00001,Super Mario BOOM,27822,12/22/2025, 19:16:54,1066
APRL00001,Super Mario BOOM,27822,12/22/2025, 20:20:35,1066
APRL00001,Super Mario BOOM,27822,12/22/2025, 21:17:01,1066
APRL00001,Super Mario BOOM,27823,12/22/2025, 22:18:35,1066
APRL00001,Super Mario BOOM,27824,12/22/2025, 23:18:07,1066
APRL00001,Super Mario BOOM,27824,12/23/2025, 01:21:29,1066
APRL00001,Super Mario BOOM,27825,12/23/2025, 03:25:14,1066
APRL00001,Super Mario BOOM,27826,12/23/2025, 04:36:42,1066
APRL00001,Super Mario BOOM,27827,12/23/2025, 05:22:33,1066
APRL00001,Super Mario BOOM,27828,12/23/2025, 06:29:43,1066
APRL00001,Super Mario BOOM,27828,12/23/2025, 07:22:24,1066
APRL00001,Super Mario BOOM,27828,12/23/2025, 08:26:24,1066
APRL00001,Super Mario BOOM,27829,12/23/2025, 09:23:31,1066
APRL00001,Super Mario BOOM,27829,12/23/2025, 10:21:31,1066
APRL00001,Super Mario BOOM,27829,12/23/2025, 11:17:25,1066
APRL00001,Super Mario BOOM,27830,12/23/2025, 12:38:21,1066
APRL00001,Super Mario BOOM,27831,12/23/2025, 13:35:08,1066
APRL00001,Super Mario BOOM,27831,12/23/2025, 14:19:22,1066
APRL00001,Super Mario BOOM,27831,12/23/2025, 15:19:56,1066
APRL00001,Super Mario BOOM,27832,12/23/2025, 16:23:55,1066
APRL00001,Super Mario BOOM,27833,12/23/2025, 17:19:13,1066
APRL00001,Super Mario BOOM,27833,12/23/2025, 18:27:16,1066
APRL00001,Super Mario BOOM,27834,12/23/2025, 19:17:06,1066
APRL00001,Super Mario BOOM,27835,12/23/2025, 20:20:29,1066
APRL00001,Super Mario BOOM,27835,12/23/2025, 21:17:33,1066
APRL00001,Super Mario BOOM,27835,12/23/2025, 22:18:13,1066
APRL00001,Super Mario BOOM,27836,12/23/2025, 23:17:22,1066
APRL00001,Super Mario BOOM,27837,12/24/2025, 01:20:47,1066
APRL00001,Super Mario BOOM,27841,12/24/2025, 03:22:41,1066
APRL00001,Super Mario BOOM,27842,12/24/2025, 04:34:31,1066
APRL00001,Super Mario BOOM,27842,12/24/2025, 05:22:24,1066
APRL00001,Super Mario BOOM,27842,12/24/2025, 06:29:55,1066
APRL00001,Super Mario BOOM,27842,12/24/2025, 07:22:16,1066
APRL00001,Super Mario BOOM,27843,12/24/2025, 08:26:27,1066
APRL00001,Super Mario BOOM,27844,12/24/2025, 09:22:43,1066
APRL00001,Super Mario BOOM,27844,12/24/2025, 10:20:18,1066
APRL00001,Super Mario BOOM,27846,12/24/2025, 11:17:38,1066
APRL00001,Super Mario BOOM,27846,12/24/2025, 12:37:25,1066
APRL00001,Super Mario BOOM,27846,12/24/2025, 13:30:59,1066
APRL00001,Super Mario BOOM,27846,12/24/2025, 14:18:08,1066
APRL00001,Super Mario BOOM,27847,12/24/2025, 15:19:28,1066
APRL00001,Super Mario BOOM,27848,12/24/2025, 16:22:23,1066
APRL00001,Super Mario BOOM,27848,12/24/2025, 17:16:29,1066
APRL00001,Super Mario BOOM,27849,12/24/2025, 18:26:35,1066
APRL00001,Super Mario BOOM,27849,12/24/2025, 19:15:24,1066
APRL00001,Super Mario BOOM,27849,12/24/2025, 20:19:54,1066
APRL00001,Super Mario BOOM,27849,12/24/2025, 21:16:45,1066
APRL00001,Super Mario BOOM,27850,12/24/2025, 22:18:28,1066
APRL00001,Super Mario BOOM,27853,12/24/2025, 23:17:45,1066
APRL00001,Super Mario BOOM,27854,12/25/2025, 01:21:20,1066
APRL00001,Super Mario BOOM,27854,12/25/2025, 03:25:41,1066
APRL00001,Super Mario BOOM,27854,12/25/2025, 04:36:22,1066
APRL00001,Super Mario BOOM,27854,12/25/2025, 05:22:37,1066
APRL00001,Super Mario BOOM,27855,12/25/2025, 06:29:35,1066
APRL00001,Super Mario BOOM,27855,12/25/2025, 07:21:02,1066
APRL00001,Super Mario BOOM,27856,12/25/2025, 08:25:14,1066
APRL00001,Super Mario BOOM,27857,12/25/2025, 09:21:11,1066
APRL00001,Super Mario BOOM,27857,12/25/2025, 10:19:52,1066
APRL00001,Super Mario BOOM,27857,12/25/2025, 11:16:45,1066
APRL00001,Super Mario BOOM,27858,12/25/2025, 12:36:40,1066
APRL00001,Super Mario BOOM,27859,12/25/2025, 13:30:49,1066
APRL00001,Super Mario BOOM,27859,12/25/2025, 14:17:58,1066
APRL00001,Super Mario BOOM,27860,12/25/2025, 15:18:50,1066
APRL00001,Super Mario BOOM,27860,12/25/2025, 16:22:34,1066
APRL00001,Super Mario BOOM,27860,12/25/2025, 17:16:58,1066
APRL00001,Super Mario BOOM,27861,12/25/2025, 18:26:03,1066
APRL00001,Super Mario BOOM,27862,12/25/2025, 19:14:58,1066
APRL00001,Super Mario BOOM,27862,12/25/2025, 20:20:30,1066
APRL00001,Super Mario BOOM,27862,12/25/2025, 21:17:22,1066
APRL00001,Super Mario BOOM,27864,12/25/2025, 22:17:57,1066
APRL00001,Super Mario BOOM,27864,12/25/2025, 23:18:21,1066
APRL00001,Super Mario BOOM,27865,12/26/2025, 01:22:00,1066
APRL00001,Super Mario BOOM,27867,12/26/2025, 03:23:40,1066
APRL00001,Super Mario BOOM,27867,12/26/2025, 04:33:48,1066
APRL00001,Super Mario BOOM,27867,12/26/2025, 05:20:36,1066
APRL00001,Super Mario BOOM,27867,12/26/2025, 06:29:01,1066
APRL00001,Super Mario BOOM,27867,12/26/2025, 07:20:54,1066
APRL00001,Super Mario BOOM,27867,12/26/2025, 08:24:55,1066
APRL00001,Super Mario BOOM,27867,12/26/2025, 09:20:43,1066
APRL00001,Super Mario BOOM,27867,12/26/2025, 10:19:43,1066
APRL00001,Super Mario BOOM,27867,12/26/2025, 11:17:15,1066
APRL00001,Super Mario BOOM,27868,12/26/2025, 12:36:34,1066
APRL00001,Super Mario BOOM,27870,12/26/2025, 13:31:38,1066
APRL00001,Super Mario BOOM,27870,12/26/2025, 14:18:35,1066
APRL00001,Super Mario BOOM,27871,12/26/2025, 15:19:31,1066
APRL00001,Super Mario BOOM,27872,12/26/2025, 16:21:12,1066
APRL00001,Super Mario BOOM,27873,12/26/2025, 17:16:41,1066
APRL00001,Super Mario BOOM,27875,12/26/2025, 18:26:16,1066
APRL00001,Super Mario BOOM,27876,12/26/2025, 19:15:31,1066
APRL00001,Super Mario BOOM,27876,12/26/2025, 20:19:25,1066
APRL00001,Super Mario BOOM,27877,12/26/2025, 21:16:42,1066
APRL00001,Super Mario BOOM,27877,12/26/2025, 22:18:11,1066
APRL00001,Super Mario BOOM,27878,12/26/2025, 23:18:06,1066
APRL00001,Super Mario BOOM,27880,12/27/2025, 01:19:42,1066
APRL00001,Super Mario BOOM,27882,12/27/2025, 03:22:18,1066
APRL00001,Super Mario BOOM,27882,12/27/2025, 04:30:48,1066
APRL00001,Super Mario BOOM,27883,12/27/2025, 05:20:04,1066
APRL00001,Super Mario BOOM,27885,12/27/2025, 06:27:24,1066
APRL00001,Super Mario BOOM,27885,12/27/2025, 07:17:13,1066
APRL00001,Super Mario BOOM,27885,12/27/2025, 08:23:13,1066
APRL00001,Super Mario BOOM,27885,12/27/2025, 09:18:33,1066
APRL00001,Super Mario BOOM,27885,12/27/2025, 10:18:05,1066
APRL00001,Super Mario BOOM,27886,12/27/2025, 11:15:14,1066
APRL00001,Super Mario BOOM,27887,12/27/2025, 12:34:50,1066
APRL00001,Super Mario BOOM,27887,12/27/2025, 13:27:23,1066
APRL00001,Super Mario BOOM,27887,12/27/2025, 14:17:00,1066
APRL00001,Super Mario BOOM,27889,12/27/2025, 15:17:24,1066
APRL00001,Super Mario BOOM,27889,12/27/2025, 16:21:22,1066
APRL00001,Super Mario BOOM,27889,12/27/2025, 17:15:38,1066
APRL00001,Super Mario BOOM,27892,12/27/2025, 18:25:15,1066
APRL00001,Super Mario BOOM,27892,12/27/2025, 19:14:37,1066
APRL00001,Super Mario BOOM,27893,12/27/2025, 20:20:12,1066
APRL00001,Super Mario BOOM,27894,12/27/2025, 21:16:22,1066
APRL00001,Super Mario BOOM,27894,12/27/2025, 22:17:59,1066
APRL00001,Super Mario BOOM,27894,12/27/2025, 23:17:18,1066
APRL00001,Super Mario BOOM,27897,12/28/2025, 01:30:32,1066
APRL00001,Super Mario BOOM,27898,12/28/2025, 03:45:50,1066
APRL00001,Super Mario BOOM,27899,12/28/2025, 04:42:23,1066
APRL00001,Super Mario BOOM,27900,12/28/2025, 05:22:17,1066
APRL00001,Super Mario BOOM,27900,12/28/2025, 06:28:05,1066
APRL00001,Super Mario BOOM,27901,12/28/2025, 07:18:45,1066
APRL00001,Super Mario BOOM,27901,12/28/2025, 08:23:14,1066
APRL00001,Super Mario BOOM,27901,12/28/2025, 09:18:27,1066
APRL00001,Super Mario BOOM,27902,12/28/2025, 10:18:29,1066
APRL00001,Super Mario BOOM,27902,12/28/2025, 11:15:43,1066
APRL00001,Super Mario BOOM,27903,12/28/2025, 12:34:58,1066
APRL00001,Super Mario BOOM,27903,12/28/2025, 13:28:03,1066
APRL00001,Super Mario BOOM,27903,12/28/2025, 14:17:34,1066
APRL00001,Super Mario BOOM,27903,12/28/2025, 15:18:10,1066
APRL00001,Super Mario BOOM,27903,12/28/2025, 16:21:37,1066
APRL00001,Super Mario BOOM,27903,12/28/2025, 17:16:24,1066
APRL00001,Super Mario BOOM,27906,12/28/2025, 18:26:02,1066
APRL00001,Super Mario BOOM,27907,12/28/2025, 19:14:52,1066
APRL00001,Super Mario BOOM,27908,12/28/2025, 20:20:17,1066
APRL00001,Super Mario BOOM,27908,12/28/2025, 21:17:02,1066
APRL00001,Super Mario BOOM,27909,12/28/2025, 22:18:08,1066
APRL00001,Super Mario BOOM,27909,12/28/2025, 23:17:52,1066
APRL00001,Super Mario BOOM,27910,12/29/2025, 01:27:46,1066
APRL00001,Super Mario BOOM,27910,12/29/2025, 03:46:55,1066
APRL00001,Super Mario BOOM,27912,12/29/2025, 04:47:01,1066
APRL00001,Super Mario BOOM,27913,12/29/2025, 05:26:45,1066
APRL00001,Super Mario BOOM,27913,12/29/2025, 06:31:23,1066
APRL00001,Super Mario BOOM,27913,12/29/2025, 07:24:08,1066
APRL00001,Super Mario BOOM,27913,12/29/2025, 08:28:15,1066
APRL00001,Super Mario BOOM,27913,12/29/2025, 09:28:17,1066
APRL00001,Super Mario BOOM,27914,12/29/2025, 10:21:45,1066
APRL00001,Super Mario BOOM,27915,12/29/2025, 11:17:37,1066
APRL00001,Super Mario BOOM,27915,12/29/2025, 12:39:23,1066
APRL00001,Super Mario BOOM,27916,12/29/2025, 13:36:37,1066
APRL00001,Super Mario BOOM,27916,12/29/2025, 14:19:47,1066
APRL00001,Super Mario BOOM,27917,12/29/2025, 15:20:27,1066
APRL00001,Super Mario BOOM,27917,12/29/2025, 16:22:43,1066
APRL00001,Super Mario BOOM,27917,12/29/2025, 17:17:31,1066
APRL00001,Super Mario BOOM,27917,12/29/2025, 18:27:34,1066
APRL00001,Super Mario BOOM,27917,12/29/2025, 19:15:41,1066
APRL00001,Super Mario BOOM,27918,12/29/2025, 20:21:15,1066
APRL00001,Super Mario BOOM,27919,12/29/2025, 21:17:43,1066
APRL00001,Super Mario BOOM,27919,12/29/2025, 22:18:15,1066
APRL00001,Super Mario BOOM,27919,12/29/2025, 23:18:00,1066
APRL00001,Super Mario BOOM,27921,12/30/2025, 01:21:52,1066
APRL00001,Super Mario BOOM,27922,12/30/2025, 03:26:28,1066
APRL00001,Super Mario BOOM,27922,12/30/2025, 04:37:40,1066
APRL00001,Super Mario BOOM,27923,12/30/2025, 05:23:04,1066
APRL00001,Super Mario BOOM,27924,12/30/2025, 06:29:32,1066
APRL00001,Super Mario BOOM,27926,12/30/2025, 07:21:28,1066
APRL00001,Super Mario BOOM,27926,12/30/2025, 08:26:06,1066
APRL00001,Super Mario BOOM,27927,12/30/2025, 09:23:25,1066
APRL00001,Super Mario BOOM,27927,12/30/2025, 10:21:05,1066
APRL00001,Super Mario BOOM,27927,12/30/2025, 11:17:41,1066
APRL00001,Super Mario BOOM,27928,12/30/2025, 12:38:08,1066
APRL00001,Super Mario BOOM,27929,12/30/2025, 13:35:05,1066
APRL00001,Super Mario BOOM,27929,12/30/2025, 14:19:31,1066
APRL00001,Super Mario BOOM,27930,12/30/2025, 15:20:05,1066
APRL00001,Super Mario BOOM,27931,12/30/2025, 16:23:53,1066
APRL00001,Super Mario BOOM,27931,12/30/2025, 17:19:26,1066
APRL00001,Super Mario BOOM,27933,12/30/2025, 18:28:02,1066
APRL00001,Super Mario BOOM,27934,12/30/2025, 19:16:20,1066
APRL00001,Super Mario BOOM,27934,12/30/2025, 20:20:47,1066
APRL00001,Super Mario BOOM,27935,12/30/2025, 21:18:25,1066
APRL00001,Super Mario BOOM,27935,12/30/2025, 22:18:05,1066
APRL00001,Super Mario BOOM,27935,12/30/2025, 23:17:31,1066
APRL00001,Super Mario BOOM,27938,12/31/2025, 01:23:07,1066
APRL00001,Super Mario BOOM,27941,12/31/2025, 03:25:22,1066
APRL00001,Super Mario BOOM,27941,12/31/2025, 04:37:10,1066
APRL00001,Super Mario BOOM,27941,12/31/2025, 05:24:52,1066
APRL00001,Super Mario BOOM,27942,12/31/2025, 06:30:03,1066
APRL00001,Super Mario BOOM,27943,12/31/2025, 07:22:00,1066
APRL00001,Super Mario BOOM,27943,12/31/2025, 08:26:13,1066
APRL00001,Super Mario BOOM,27943,12/31/2025, 09:22:28,1066
APRL00001,Super Mario BOOM,27943,12/31/2025, 10:20:17,1066
APRL00001,Super Mario BOOM,27944,12/31/2025, 11:18:03,1066
APRL00001,Super Mario BOOM,27944,12/31/2025, 12:37:38,1066
APRL00001,Super Mario BOOM,27945,12/31/2025, 13:31:49,1066
APRL00001,Super Mario BOOM,27946,12/31/2025, 14:18:18,1066
APRL00001,Super Mario BOOM,27946,12/31/2025, 15:19:24,1066
APRL00001,Super Mario BOOM,27946,12/31/2025, 16:23:15,1066
APRL00001,Super Mario BOOM,27946,12/31/2025, 17:16:58,1066
APRL00001,Super Mario BOOM,27949,12/31/2025, 18:26:32,1066
APRL00001,Super Mario BOOM,27949,12/31/2025, 19:14:58,1066
APRL00001,Super Mario BOOM,27949,12/31/2025, 20:19:55,1066
APRL00001,Super Mario BOOM,27949,12/31/2025, 21:17:15,1066
APRL00001,Super Mario BOOM,27950,12/31/2025, 22:18:50,1066
APRL00001,Super Mario BOOM,27951,12/31/2025, 23:18:10,1066
APRL00001,Super Mario BOOM,27953,01/01/2026, 01:30:07,1066
APRL00001,Super Mario BOOM,27957,01/01/2026, 03:48:36,1066
APRL00001,Super Mario BOOM,27957,01/01/2026, 04:45:43,1066
APRL00001,Super Mario BOOM,27957,01/01/2026, 05:25:45,1066
APRL00001,Super Mario BOOM,27957,01/01/2026, 06:29:49,1066
APRL00001,Super Mario BOOM,27958,01/01/2026, 07:21:56,1066
APRL00001,Super Mario BOOM,27959,01/01/2026, 08:25:51,1066
APRL00001,Super Mario BOOM,27959,01/01/2026, 09:22:59,1066
APRL00001,Super Mario BOOM,27960,01/01/2026, 10:20:53,1066
APRL00001,Super Mario BOOM,27960,01/01/2026, 11:16:41,1066
APRL00001,Super Mario BOOM,27963,01/01/2026, 12:37:28,1066
APRL00001,Super Mario BOOM,27963,01/01/2026, 13:32:22,1066
APRL00001,Super Mario BOOM,27963,01/01/2026, 14:18:08,1066
APRL00001,Super Mario BOOM,27963,01/01/2026, 15:19:22,1066
APRL00001,Super Mario BOOM,27964,01/01/2026, 16:23:05,1066
APRL00001,Super Mario BOOM,27964,01/01/2026, 17:17:59,1066
APRL00001,Super Mario BOOM,27965,01/01/2026, 18:27:08,1066
APRL00001,Super Mario BOOM,27965,01/01/2026, 19:16:00,1066
APRL00001,Super Mario BOOM,27966,01/01/2026, 20:21:02,1066
APRL00001,Super Mario BOOM,27966,01/01/2026, 21:18:06,1066
APRL00001,Super Mario BOOM,27967,01/01/2026, 22:18:09,1066
APRL00001,Super Mario BOOM,27967,01/01/2026, 23:18:17,1066
APRL00001,Super Mario BOOM,27969,01/02/2026, 01:23:56,1066
APRL00001,Super Mario BOOM,27970,01/02/2026, 03:28:56,1066
APRL00001,Super Mario BOOM,27970,01/02/2026, 04:39:29,1066
APRL00001,Super Mario BOOM,27971,01/02/2026, 05:23:57,1066
APRL00001,Super Mario BOOM,27971,01/02/2026, 06:29:48,1066
APRL00001,Super Mario BOOM,27971,01/02/2026, 07:22:35,1066
APRL00001,Super Mario BOOM,27971,01/02/2026, 08:25:55,1066
APRL00001,Super Mario BOOM,27971,01/02/2026, 09:22:55,1066
APRL00001,Super Mario BOOM,27971,01/02/2026, 10:19:50,1066
APRL00001,Super Mario BOOM,27973,01/02/2026, 11:17:16,1066
APRL00001,Super Mario BOOM,27974,01/02/2026, 12:36:00,1066
APRL00001,Super Mario BOOM,27975,01/02/2026, 13:32:04,1066
APRL00001,Super Mario BOOM,27975,01/02/2026, 14:19:04,1066
APRL00001,Super Mario BOOM,27977,01/02/2026, 15:20:14,1066
APRL00001,Super Mario BOOM,27977,01/02/2026, 16:22:21,1066
APRL00001,Super Mario BOOM,27978,01/02/2026, 17:17:13,1066
APRL00001,Super Mario BOOM,27980,01/02/2026, 18:26:52,1066
APRL00001,Super Mario BOOM,27981,01/02/2026, 19:13:10,1066
APRL00001,Super Mario BOOM,27982,01/02/2026, 20:20:38,1066
APRL00001,Super Mario BOOM,27982,01/02/2026, 21:15:13,1066
APRL00001,Super Mario BOOM,27983,01/02/2026, 22:18:52,1066
APRL00001,Super Mario BOOM,27983,01/02/2026, 23:17:42,1066
APRL00001,Super Mario BOOM,27986,01/03/2026, 01:18:54,1066
APRL00001,Super Mario BOOM,27987,01/03/2026, 03:21:27,1066
APRL00001,Super Mario BOOM,27988,01/03/2026, 04:31:25,1066
APRL00001,Super Mario BOOM,27988,01/03/2026, 05:20:02,1066
APRL00001,Super Mario BOOM,27988,01/03/2026, 06:27:41,1066
APRL00001,Super Mario BOOM,27989,01/03/2026, 07:17:58,1066
APRL00001,Super Mario BOOM,27990,01/03/2026, 08:24:15,1066
APRL00001,Super Mario BOOM,27992,01/03/2026, 09:18:41,1066
APRL00001,Super Mario BOOM,27993,01/03/2026, 10:18:32,1066
APRL00001,Super Mario BOOM,27994,01/03/2026, 11:15:18,1066
APRL00001,Super Mario BOOM,27995,01/03/2026, 12:34:28,1066
APRL00001,Super Mario BOOM,27995,01/03/2026, 13:27:50,1066
APRL00001,Super Mario BOOM,27995,01/03/2026, 14:17:03,1066
APRL00001,Super Mario BOOM,27996,01/03/2026, 15:18:00,1066
APRL00001,Super Mario BOOM,27996,01/03/2026, 16:21:35,1066
APRL00001,Super Mario BOOM,27997,01/03/2026, 17:16:06,1066
APRL00001,Super Mario BOOM,27998,01/03/2026, 18:25:20,1066
APRL00001,Super Mario BOOM,27998,01/03/2026, 19:14:13,1066
APRL00001,Super Mario BOOM,28000,01/03/2026, 20:20:14,1066
APRL00001,Super Mario BOOM,28002,01/03/2026, 21:16:58,1066
APRL00001,Super Mario BOOM,28002,01/03/2026, 22:17:44,1066
APRL00001,Super Mario BOOM,28002,01/03/2026, 23:17:48,1066
APRL00001,Super Mario BOOM,28005,01/04/2026, 01:40:47,1066
APRL00001,Super Mario BOOM,28007,01/04/2026, 03:48:55,1066
APRL00001,Super Mario BOOM,28008,01/04/2026, 04:47:01,1066
APRL00001,Super Mario BOOM,28008,01/04/2026, 05:24:40,1066
APRL00001,Super Mario BOOM,28010,01/04/2026, 06:28:31,1066
APRL00001,Super Mario BOOM,28010,01/04/2026, 07:20:19,1066
APRL00001,Super Mario BOOM,28011,01/04/2026, 08:24:06,1066
APRL00001,Super Mario BOOM,28011,01/04/2026, 09:18:26,1066
APRL00001,Super Mario BOOM,28011,01/04/2026, 10:18:54,1066
APRL00001,Super Mario BOOM,28013,01/04/2026, 11:15:49,1066
APRL00001,Super Mario BOOM,28014,01/04/2026, 12:34:55,1066
APRL00001,Super Mario BOOM,28014,01/04/2026, 13:28:42,1066
APRL00001,Super Mario BOOM,28014,01/04/2026, 14:16:59,1066
APRL00001,Super Mario BOOM,28014,01/04/2026, 15:17:32,1066
APRL00001,Super Mario BOOM,28014,01/04/2026, 16:21:27,1066
APRL00001,Super Mario BOOM,28014,01/04/2026, 17:15:53,1066
APRL00001,Super Mario BOOM,28014,01/04/2026, 18:25:20,1066
APRL00001,Super Mario BOOM,28014,01/04/2026, 19:14:57,1066
APRL00001,Super Mario BOOM,28014,01/04/2026, 20:20:27,1066
APRL00001,Super Mario BOOM,28015,01/04/2026, 21:17:04,1066
APRL00001,Super Mario BOOM,28015,01/04/2026, 22:18:13,1066
APRL00001,Super Mario BOOM,28016,01/04/2026, 23:18:08,1066
APRL00001,Super Mario BOOM,28017,01/05/2026, 01:29:54,1066
APRL00001,Super Mario BOOM,28019,01/05/2026, 03:53:33,1066
APRL00001,Super Mario BOOM,28020,01/05/2026, 04:55:27,1066
APRL00001,Super Mario BOOM,28021,01/05/2026, 05:34:35,1066
APRL00001,Super Mario BOOM,28021,01/05/2026, 06:34:52,1066
APRL00001,Super Mario BOOM,28021,01/05/2026, 07:27:20,1066
APRL00001,Super Mario BOOM,28022,01/05/2026, 08:29:16,1066
APRL00001,Super Mario BOOM,28022,01/05/2026, 09:30:10,1066
APRL00001,Super Mario BOOM,28024,01/05/2026, 10:22:32,1066
APRL00001,Super Mario BOOM,28024,01/05/2026, 11:18:09,1066
APRL00001,Super Mario BOOM,28024,01/05/2026, 12:40:10,1066
APRL00001,Super Mario BOOM,28024,01/05/2026, 13:39:35,1066
APRL00001,Super Mario BOOM,28024,01/05/2026, 14:23:21,1066
APRL00001,Super Mario BOOM,28024,01/05/2026, 15:21:43,1066
APRL00001,Super Mario BOOM,28024,01/05/2026, 16:25:33,1066
APRL00001,Super Mario BOOM,28024,01/05/2026, 17:21:06,1066
APRL00001,Super Mario BOOM,28024,01/05/2026, 18:28:51,1066
APRL00001,Super Mario BOOM,28026,01/05/2026, 19:20:00,1066
APRL00001,Super Mario BOOM,28027,01/05/2026, 20:22:37,1066
APRL00001,Super Mario BOOM,28028,01/05/2026, 21:18:51,1066
APRL00001,Super Mario BOOM,28029,01/05/2026, 22:19:15,1066
APRL00001,Super Mario BOOM,28030,01/05/2026, 23:18:24,1066
APRL00001,Super Mario BOOM,28033,01/06/2026, 01:23:21,1066
APRL00001,Super Mario BOOM,28034,01/06/2026, 03:28:00,1066
APRL00001,Super Mario BOOM,28034,01/06/2026, 04:37:56,1066
APRL00001,Super Mario BOOM,28034,01/06/2026, 05:23:24,1066
APRL00001,Super Mario BOOM,28034,01/06/2026, 06:30:23,1066
APRL00001,Super Mario BOOM,28034,01/06/2026, 07:24:56,1066
APRL00001,Super Mario BOOM,28034,01/06/2026, 08:27:03,1066
APRL00001,Super Mario BOOM,28034,01/06/2026, 09:24:30,1066
APRL00001,Super Mario BOOM,28035,01/06/2026, 10:21:15,1066
APRL00001,Super Mario BOOM,28035,01/06/2026, 11:17:34,1066
APRL00001,Super Mario BOOM,28037,01/06/2026, 12:38:55,1066
APRL00001,Super Mario BOOM,28037,01/06/2026, 13:36:13,1066
APRL00001,Super Mario BOOM,28037,01/06/2026, 14:20:41,1066
APRL00001,Super Mario BOOM,28037,01/06/2026, 15:20:48,1066
APRL00001,Super Mario BOOM,28038,01/06/2026, 16:24:31,1066
APRL00001,Super Mario BOOM,28038,01/06/2026, 17:22:03,1066
APRL00001,Super Mario BOOM,28040,01/06/2026, 18:27:55,1066
APRL00001,Super Mario BOOM,28041,01/06/2026, 19:15:42,1066
APRL00001,Super Mario BOOM,28041,01/06/2026, 20:21:30,1066
APRL00001,Super Mario BOOM,28042,01/06/2026, 21:19:10,1066
APRL00001,Super Mario BOOM,28043,01/06/2026, 22:19:47,1066
APRL00001,Super Mario BOOM,28043,01/06/2026, 23:18:45,1066
APRL00001,Super Mario BOOM,28043,01/07/2026, 01:23:53,1066
APRL00001,Super Mario BOOM,28044,01/07/2026, 03:27:43,1066
APRL00001,Super Mario BOOM,28045,01/07/2026, 04:39:04,1066
APRL00001,Super Mario BOOM,28046,01/07/2026, 05:24:17,1066
APRL00001,Super Mario BOOM,28046,01/07/2026, 06:30:09,1066
APRL00001,Super Mario BOOM,28047,01/07/2026, 07:23:57,1066
APRL00001,Super Mario BOOM,28047,01/07/2026, 08:26:58,1066
APRL00001,Super Mario BOOM,28047,01/07/2026, 09:26:43,1066
APRL00001,Super Mario BOOM,28047,01/07/2026, 10:22:39,1066
APRL00001,Super Mario BOOM,28047,01/07/2026, 11:18:44,1066
APRL00001,Super Mario BOOM,28047,01/07/2026, 12:39:50,1066
APRL00001,Super Mario BOOM,28047,01/07/2026, 13:38:34,1066
APRL00001,Super Mario BOOM,28048,01/07/2026, 14:22:46,1066
APRL00001,Super Mario BOOM,28049,01/07/2026, 15:22:23,1066
APRL00001,Super Mario BOOM,28050,01/07/2026, 16:27:04,1066
APRL00001,Super Mario BOOM,28051,01/07/2026, 17:24:39,1066
APRL00001,Super Mario BOOM,28051,01/07/2026, 18:29:02,1066
APRL00001,Super Mario BOOM,28051,01/07/2026, 19:19:42,1066
APRL00001,Super Mario BOOM,28053,01/07/2026, 20:22:20,1066
APRL00001,Super Mario BOOM,28054,01/07/2026, 21:18:13,1066
APRL00001,Super Mario BOOM,28054,01/07/2026, 22:19:21,1066
APRL00001,Super Mario BOOM,28057,01/07/2026, 23:19:13,1066
APRL00001,Super Mario BOOM,28057,01/08/2026, 01:24:18,1066
APRL00001,Super Mario BOOM,28060,01/08/2026, 03:28:18,1066
APRL00001,Super Mario BOOM,28060,01/08/2026, 04:38:07,1066
APRL00001,Super Mario BOOM,28060,01/08/2026, 05:23:08,1066
APRL00001,Super Mario BOOM,28060,01/08/2026, 06:31:05,1066
APRL00001,Super Mario BOOM,28060,01/08/2026, 07:23:12,1066
APRL00001,Super Mario BOOM,28060,01/08/2026, 08:27:11,1066
APRL00001,Super Mario BOOM,28060,01/08/2026, 09:27:41,1066
APRL00001,Super Mario BOOM,28061,01/08/2026, 10:22:08,1066
APRL00001,Super Mario BOOM,28061,01/08/2026, 11:19:37,1066
APRL00001,Super Mario BOOM,28061,01/08/2026, 12:39:46,1066
APRL00001,Super Mario BOOM,28061,01/08/2026, 13:39:38,1066
APRL00001,Super Mario BOOM,28061,01/08/2026, 14:23:28,1066
APRL00001,Super Mario BOOM,28061,01/08/2026, 15:23:14,1066
APRL00001,Super Mario BOOM,28061,01/08/2026, 16:26:41,1066
APRL00001,Super Mario BOOM,28061,01/08/2026, 17:25:39,1066
APRL00001,Super Mario BOOM,28062,01/08/2026, 18:25:16,1066
APRL00001,Super Mario BOOM,28063,01/08/2026, 19:18:20,1066
APRL00001,Super Mario BOOM,28064,01/08/2026, 20:22:25,1066
APRL00001,Super Mario BOOM,28065,01/08/2026, 21:19:16,1066
APRL00001,Super Mario BOOM,28068,01/08/2026, 22:19:54,1066
APRL00001,Super Mario BOOM,28068,01/08/2026, 23:17:29,1066
APRL00001,Super Mario BOOM,28070,01/09/2026, 01:24:19,1066
APRL00001,Super Mario BOOM,28073,01/09/2026, 03:28:40,1066
APRL00001,Super Mario BOOM,28073,01/09/2026, 04:39:00,1066
APRL00001,Super Mario BOOM,28073,01/09/2026, 05:24:04,1066
APRL00001,Super Mario BOOM,28074,01/09/2026, 06:30:17,1066
APRL00001,Super Mario BOOM,28074,01/09/2026, 07:24:01,1066
APRL00001,Super Mario BOOM,28074,01/09/2026, 08:26:54,1066
APRL00001,Super Mario BOOM,28074,01/09/2026, 09:26:06,1066
APRL00001,Super Mario BOOM,28074,01/09/2026, 10:20:58,1066
APRL00001,Super Mario BOOM,28075,01/09/2026, 11:18:27,1066
APRL00001,Super Mario BOOM,28075,01/09/2026, 12:39:31,1066
APRL00001,Super Mario BOOM,28075,01/09/2026, 13:37:15,1066
APRL00001,Super Mario BOOM,28075,01/09/2026, 14:22:22,1066
APRL00001,Super Mario BOOM,28075,01/09/2026, 15:21:19,1066
APRL00001,Super Mario BOOM,28075,01/09/2026, 16:24:02,1066
APRL00001,Super Mario BOOM,28075,01/09/2026, 17:21:50,1066
APRL00001,Super Mario BOOM,28076,01/09/2026, 18:29:02,1066
APRL00001,Super Mario BOOM,28076,01/09/2026, 19:19:23,1066
APRL00001,Super Mario BOOM,28078,01/09/2026, 20:22:06,1066
APRL00001,Super Mario BOOM,28079,01/09/2026, 21:19:25,1066
APRL00001,Super Mario BOOM,28081,01/09/2026, 22:19:20,1066
APRL00001,Super Mario BOOM,28083,01/09/2026, 23:18:48,1066
APRL00001,Super Mario BOOM,28083,01/10/2026, 01:21:38,1066
APRL00001,Super Mario BOOM,28085,01/10/2026, 03:22:52,1066
APRL00001,Super Mario BOOM,28085,01/10/2026, 04:32:34,1066
APRL00001,Super Mario BOOM,28085,01/10/2026, 05:20:21,1066
APRL00001,Super Mario BOOM,28086,01/10/2026, 06:27:10,1066
APRL00001,Super Mario BOOM,28086,01/10/2026, 07:18:01,1066
APRL00001,Super Mario BOOM,28086,01/10/2026, 08:23:17,1066
APRL00001,Super Mario BOOM,28086,01/10/2026, 09:18:44,1066
APRL00001,Super Mario BOOM,28088,01/10/2026, 10:18:58,1066
APRL00001,Super Mario BOOM,28088,01/10/2026, 11:15:53,1066
APRL00001,Super Mario BOOM,28088,01/10/2026, 12:34:58,1066
APRL00001,Super Mario BOOM,28088,01/10/2026, 13:28:18,1066
APRL00001,Super Mario BOOM,28089,01/10/2026, 14:17:43,1066
APRL00001,Super Mario BOOM,28089,01/10/2026, 15:17:44,1066
APRL00001,Super Mario BOOM,28089,01/10/2026, 16:21:19,1066
APRL00001,Super Mario BOOM,28089,01/10/2026, 17:16:24,1066
APRL00001,Super Mario BOOM,28091,01/10/2026, 18:25:26,1066
APRL00001,Super Mario BOOM,28093,01/10/2026, 19:14:46,1066
APRL00001,Super Mario BOOM,28094,01/10/2026, 20:20:00,1066
APRL00001,Super Mario BOOM,28094,01/10/2026, 21:16:32,1066
APRL00001,Super Mario BOOM,28095,01/10/2026, 22:18:01,1066
APRL00001,Super Mario BOOM,28096,01/10/2026, 23:17:47,1066
APRL00001,Super Mario BOOM,28097,01/11/2026, 01:40:47,1066
APRL00001,Super Mario BOOM,28098,01/11/2026, 03:48:33,1066
APRL00001,Super Mario BOOM,28099,01/11/2026, 04:45:30,1066
APRL00001,Super Mario BOOM,28099,01/11/2026, 05:24:02,1066
APRL00001,Super Mario BOOM,28099,01/11/2026, 06:28:17,1066
APRL00001,Super Mario BOOM,28100,01/11/2026, 07:19:34,1066
APRL00001,Super Mario BOOM,28100,01/11/2026, 08:23:29,1066
APRL00001,Super Mario BOOM,28100,01/11/2026, 09:19:10,1066
APRL00001,Super Mario BOOM,28100,01/11/2026, 10:19:27,1066
APRL00001,Super Mario BOOM,28102,01/11/2026, 11:16:02,1066
APRL00001,Super Mario BOOM,28102,01/11/2026, 12:35:27,1066
APRL00001,Super Mario BOOM,28104,01/11/2026, 13:29:10,1066
APRL00001,Super Mario BOOM,28104,01/11/2026, 14:17:30,1066
APRL00001,Super Mario BOOM,28104,01/11/2026, 15:18:11,1066
APRL00001,Super Mario BOOM,28105,01/11/2026, 16:22:01,1066
APRL00001,Super Mario BOOM,28106,01/11/2026, 17:16:14,1066
APRL00001,Super Mario BOOM,28110,01/11/2026, 18:25:31,1066
APRL00001,Super Mario BOOM,28110,01/11/2026, 19:14:51,1066
APRL00001,Super Mario BOOM,28111,01/11/2026, 20:20:45,1066
APRL00001,Super Mario BOOM,28112,01/11/2026, 21:17:09,1066
APRL00001,Super Mario BOOM,28113,01/11/2026, 22:18:03,1066
APRL00001,Super Mario BOOM,28114,01/11/2026, 23:17:53,1066
APRL00001,Super Mario BOOM,28114,01/12/2026, 01:27:40,1066
APRL00001,Super Mario BOOM,28116,01/12/2026, 03:47:46,1066
APRL00001,Super Mario BOOM,28116,01/12/2026, 04:48:09,1066
APRL00001,Super Mario BOOM,28116,01/12/2026, 05:28:29,1066
APRL00001,Super Mario BOOM,28116,01/12/2026, 06:32:36,1066
APRL00001,Super Mario BOOM,28116,01/12/2026, 07:25:28,1066
APRL00001,Super Mario BOOM,28116,01/12/2026, 08:29:07,1066
APRL00001,Super Mario BOOM,28116,01/12/2026, 09:30:23,1066
APRL00001,Super Mario BOOM,28117,01/12/2026, 10:23:15,1066
APRL00001,Super Mario BOOM,28117,01/12/2026, 11:18:42,1066
APRL00001,Super Mario BOOM,28117,01/12/2026, 12:41:19,1066
APRL00001,Super Mario BOOM,28117,01/12/2026, 13:40:58,1066
APRL00001,Super Mario BOOM,28117,01/12/2026, 14:24:05,1066
APRL00001,Super Mario BOOM,28118,01/12/2026, 15:23:24,1066
APRL00001,Super Mario BOOM,28118,01/12/2026, 16:25:04,1066
APRL00001,Super Mario BOOM,28118,01/12/2026, 17:22:08,1066
APRL00001,Super Mario BOOM,28118,01/12/2026, 18:29:39,1066
APRL00001,Super Mario BOOM,28120,01/12/2026, 19:19:54,1066
APRL00001,Super Mario BOOM,28123,01/12/2026, 20:22:41,1066
APRL00001,Super Mario BOOM,28124,01/12/2026, 21:18:56,1066
APRL00001,Super Mario BOOM,28125,01/12/2026, 22:17:45,1066
APRL00001,Super Mario BOOM,28125,01/12/2026, 23:15:51,1066
APRL00001,Super Mario BOOM,28127,01/13/2026, 01:20:47,1066
APRL00001,Super Mario BOOM,28130,01/13/2026, 03:26:55,1066
APRL00001,Super Mario BOOM,28130,01/13/2026, 04:38:41,1066
APRL00001,Super Mario BOOM,28130,01/13/2026, 05:24:28,1066
APRL00001,Super Mario BOOM,28131,01/13/2026, 06:29:59,1066
APRL00001,Super Mario BOOM,28131,01/13/2026, 07:23:38,1066
APRL00001,Super Mario BOOM,28132,01/13/2026, 08:27:29,1066
APRL00001,Super Mario BOOM,28132,01/13/2026, 09:26:40,1066
APRL00001,Super Mario BOOM,28132,01/13/2026, 10:21:51,1066
APRL00001,Super Mario BOOM,28132,01/13/2026, 11:19:40,1066
APRL00001,Super Mario BOOM,28133,01/13/2026, 12:41:16,1066
APRL00001,Super Mario BOOM,28133,01/13/2026, 13:39:44,1066
APRL00001,Super Mario BOOM,28133,01/13/2026, 14:24:06,1066
APRL00001,Super Mario BOOM,28134,01/13/2026, 15:23:19,1066
APRL00001,Super Mario BOOM,28134,01/13/2026, 16:28:41,1066
APRL00001,Super Mario BOOM,28134,01/13/2026, 17:25:15,1066
APRL00001,Super Mario BOOM,28135,01/13/2026, 18:28:40,1066
APRL00001,Super Mario BOOM,28136,01/13/2026, 19:19:24,1066
APRL00001,Super Mario BOOM,28136,01/13/2026, 20:22:25,1066
APRL00001,Super Mario BOOM,28136,01/13/2026, 21:19:25,1066
APRL00001,Super Mario BOOM,28136,01/13/2026, 22:20:45,1066
APRL00001,Super Mario BOOM,28136,01/13/2026, 23:18:53,1066
APRL00001,Super Mario BOOM,28138,01/14/2026, 01:27:00,1066
APRL00001,Super Mario BOOM,28138,01/14/2026, 03:45:38,1066
APRL00001,Super Mario BOOM,28139,01/14/2026, 04:45:04,1066
APRL00001,Super Mario BOOM,28139,01/14/2026, 05:22:50,1066
APRL00001,Super Mario BOOM,28140,01/14/2026, 06:30:31,1066
APRL00001,Super Mario BOOM,28140,01/14/2026, 07:24:27,1066
APRL00001,Super Mario BOOM,28140,01/14/2026, 08:27:17,1066
APRL00001,Super Mario BOOM,28141,01/14/2026, 09:26:59,1066
APRL00001,Super Mario BOOM,28141,01/14/2026, 10:22:11,1066
APRL00001,Super Mario BOOM,28141,01/14/2026, 11:19:34,1066
APRL00001,Super Mario BOOM,28142,01/14/2026, 12:40:19,1066
APRL00001,Super Mario BOOM,28142,01/14/2026, 13:39:33,1066
APRL00001,Super Mario BOOM,28142,01/14/2026, 14:23:42,1066
APRL00001,Super Mario BOOM,28142,01/14/2026, 15:23:24,1066
APRL00001,Super Mario BOOM,28142,01/14/2026, 16:27:10,1066
APRL00001,Super Mario BOOM,28143,01/14/2026, 17:26:17,1066
APRL00001,Super Mario BOOM,28143,01/14/2026, 18:29:59,1066
APRL00001,Super Mario BOOM,28143,01/14/2026, 19:18:38,1066
APRL00001,Super Mario BOOM,28144,01/14/2026, 20:19:12,1066
APRL00001,Super Mario BOOM,28145,01/14/2026, 21:20:10,1066
APRL00001,Super Mario BOOM,28146,01/14/2026, 22:20:39,1066
APRL00001,Super Mario BOOM,28146,01/14/2026, 23:16:57,1066
APRL00001,Super Mario BOOM,28149,01/15/2026, 01:22:24,1066
APRL00001,Super Mario BOOM,28149,01/15/2026, 03:29:14,1066
APRL00001,Super Mario BOOM,28150,01/15/2026, 04:38:44,1066
APRL00001,Super Mario BOOM,28150,01/15/2026, 05:25:23,1066
APRL00001,Super Mario BOOM,28150,01/15/2026, 06:30:13,1066
APRL00001,Super Mario BOOM,28150,01/15/2026, 07:24:07,1066
APRL00001,Super Mario BOOM,28150,01/15/2026, 08:28:04,1066
APRL00001,Super Mario BOOM,28150,01/15/2026, 09:26:31,1066
APRL00001,Super Mario BOOM,28150,01/15/2026, 10:21:56,1066
APRL00001,Super Mario BOOM,28150,01/15/2026, 11:18:32,1066
APRL00001,Super Mario BOOM,28151,01/15/2026, 12:39:51,1066
APRL00001,Super Mario BOOM,28151,01/15/2026, 13:38:39,1066
APRL00001,Super Mario BOOM,28153,01/15/2026, 14:22:48,1066
APRL00001,Super Mario BOOM,28153,01/15/2026, 15:22:40,1066
APRL00001,Super Mario BOOM,28154,01/15/2026, 16:31:56,1066
APRL00001,Super Mario BOOM,28154,01/15/2026, 17:30:18,1066
APRL00001,Super Mario BOOM,28154,01/15/2026, 18:33:33,1066
APRL00001,Super Mario BOOM,28155,01/15/2026, 19:23:09,1066
APRL00001,Super Mario BOOM,28157,01/15/2026, 20:22:27,1066
APRL00001,Super Mario BOOM,28158,01/15/2026, 21:19:52,1066
APRL00001,Super Mario BOOM,28159,01/15/2026, 22:20:31,1066
APRL00001,Super Mario BOOM,28159,01/15/2026, 23:19:38,1066
APRL00001,Super Mario BOOM,28161,01/16/2026, 01:24:48,1066
APRL00001,Super Mario BOOM,28162,01/16/2026, 03:28:18,1066
APRL00001,Super Mario BOOM,28162,01/16/2026, 04:38:43,1066
APRL00001,Super Mario BOOM,28163,01/16/2026, 05:23:32,1066
APRL00001,Super Mario BOOM,28163,01/16/2026, 06:30:57,1066
APRL00001,Super Mario BOOM,28163,01/16/2026, 07:23:13,1066
APRL00001,Super Mario BOOM,28163,01/16/2026, 08:26:32,1066
APRL00001,Super Mario BOOM,28163,01/16/2026, 09:25:09,1066
APRL00001,Super Mario BOOM,28163,01/16/2026, 10:21:31,1066
APRL00001,Super Mario BOOM,28163,01/16/2026, 11:18:09,1066
APRL00001,Super Mario BOOM,28163,01/16/2026, 12:38:25,1066
APRL00001,Super Mario BOOM,28163,01/16/2026, 13:37:24,1066
APRL00001,Super Mario BOOM,28164,01/16/2026, 14:21:53,1066
APRL00001,Super Mario BOOM,28164,01/16/2026, 15:22:22,1066
APRL00001,Super Mario BOOM,28164,01/16/2026, 16:25:39,1066
APRL00001,Super Mario BOOM,28164,01/16/2026, 17:22:52,1066
APRL00001,Super Mario BOOM,28164,01/16/2026, 18:29:35,1066
APRL00001,Super Mario BOOM,28164,01/16/2026, 19:20:21,1066
APRL00001,Super Mario BOOM,28166,01/16/2026, 20:21:30,1066
APRL00001,Super Mario BOOM,28168,01/16/2026, 21:19:19,1066
APRL00001,Super Mario BOOM,28168,01/16/2026, 22:19:23,1066
APRL00001,Super Mario BOOM,28168,01/16/2026, 23:18:54,1066
APRL00001,Super Mario BOOM,28168,01/17/2026, 01:21:09,1066
APRL00001,Super Mario BOOM,28169,01/17/2026, 03:21:17,1066
APRL00001,Super Mario BOOM,28170,01/17/2026, 04:30:55,1066
APRL00001,Super Mario BOOM,28170,01/17/2026, 05:19:15,1066
APRL00001,Super Mario BOOM,28170,01/17/2026, 06:27:06,1066
APRL00001,Super Mario BOOM,28170,01/17/2026, 07:18:09,1066
APRL00001,Super Mario BOOM,28170,01/17/2026, 08:23:03,1066
APRL00001,Super Mario BOOM,28170,01/17/2026, 09:18:48,1066
APRL00001,Super Mario BOOM,28170,01/17/2026, 10:18:50,1066
APRL00001,Super Mario BOOM,28171,01/17/2026, 11:15:56,1066
APRL00001,Super Mario BOOM,28173,01/17/2026, 12:34:33,1066
APRL00001,Super Mario BOOM,28173,01/17/2026, 13:27:40,1066
APRL00001,Super Mario BOOM,28175,01/17/2026, 14:17:21,1066
APRL00001,Super Mario BOOM,28175,01/17/2026, 15:18:16,1066
APRL00001,Super Mario BOOM,28177,01/17/2026, 16:20:26,1066
APRL00001,Super Mario BOOM,28177,01/17/2026, 17:16:03,1066
APRL00001,Super Mario BOOM,28179,01/17/2026, 18:25:00,1066
APRL00001,Super Mario BOOM,28180,01/17/2026, 19:14:43,1066
APRL00001,Super Mario BOOM,28181,01/17/2026, 20:19:50,1066
APRL00001,Super Mario BOOM,28181,01/17/2026, 21:16:21,1066
APRL00001,Super Mario BOOM,28184,01/17/2026, 22:18:00,1066
APRL00001,Super Mario BOOM,28185,01/17/2026, 23:17:43,1066
APRL00001,Super Mario BOOM,28185,01/18/2026, 01:30:02,1066
APRL00001,Super Mario BOOM,28185,01/18/2026, 03:44:42,1066
APRL00001,Super Mario BOOM,28185,01/18/2026, 04:40:31,1066
APRL00001,Super Mario BOOM,28185,01/18/2026, 05:22:00,1066
APRL00001,Super Mario BOOM,28185,01/18/2026, 06:27:59,1066
APRL00001,Super Mario BOOM,28187,01/18/2026, 07:18:33,1066
APRL00001,Super Mario BOOM,28187,01/18/2026, 08:23:54,1066
APRL00001,Super Mario BOOM,28188,01/18/2026, 09:19:06,1066
APRL00001,Super Mario BOOM,28189,01/18/2026, 10:19:25,1066
APRL00001,Super Mario BOOM,28190,01/18/2026, 11:15:54,1066
APRL00001,Super Mario BOOM,28191,01/18/2026, 12:34:45,1066
APRL00001,Super Mario BOOM,28191,01/18/2026, 13:27:43,1066
APRL00001,Super Mario BOOM,28192,01/18/2026, 14:16:57,1066
APRL00001,Super Mario BOOM,28192,01/18/2026, 15:17:51,1066
APRL00001,Super Mario BOOM,28192,01/18/2026, 16:21:59,1066
APRL00001,Super Mario BOOM,28192,01/18/2026, 17:16:17,1066
APRL00001,Super Mario BOOM,28196,01/18/2026, 18:24:54,1066
APRL00001,Super Mario BOOM,28196,01/18/2026, 19:14:39,1066
APRL00001,Super Mario BOOM,28197,01/18/2026, 20:20:40,1066
APRL00001,Super Mario BOOM,28198,01/18/2026, 21:17:02,1066
APRL00001,Super Mario BOOM,28198,01/18/2026, 22:18:03,1066
APRL00001,Super Mario BOOM,28198,01/18/2026, 23:18:00,1066
APRL00001,Super Mario BOOM,28200,01/19/2026, 01:28:20,1066
APRL00001,Super Mario BOOM,28201,01/19/2026, 03:48:14,1066
APRL00001,Super Mario BOOM,28203,01/19/2026, 04:49:42,1066
APRL00001,Super Mario BOOM,28203,01/19/2026, 05:30:30,1066
APRL00001,Super Mario BOOM,28204,01/19/2026, 06:34:37,1066
APRL00001,Super Mario BOOM,28205,01/19/2026, 07:27:24,1066
APRL00001,Super Mario BOOM,28205,01/19/2026, 08:29:32,1066
APRL00001,Super Mario BOOM,28206,01/19/2026, 09:32:43,1066
APRL00001,Super Mario BOOM,28206,01/19/2026, 10:25:49,1066
APRL00001,Super Mario BOOM,28207,01/19/2026, 11:20:20,1066
APRL00001,Super Mario BOOM,28207,01/19/2026, 12:43:02,1066
APRL00001,Super Mario BOOM,28208,01/19/2026, 13:43:42,1066
APRL00001,Super Mario BOOM,28209,01/19/2026, 14:25:13,1066
APRL00001,Super Mario BOOM,28209,01/19/2026, 15:24:52,1066
APRL00001,Super Mario BOOM,28210,01/19/2026, 16:26:11,1066
APRL00001,Super Mario BOOM,28210,01/19/2026, 17:22:28,1066
APRL00001,Super Mario BOOM,28211,01/19/2026, 18:28:43,1066
APRL00001,Super Mario BOOM,28211,01/19/2026, 19:19:01,1066
APRL00001,Super Mario BOOM,28211,01/19/2026, 20:21:45,1066
APRL00001,Super Mario BOOM,28211,01/19/2026, 21:18:09,1066
APRL00001,Super Mario BOOM,28211,01/19/2026, 22:19:43,1066
APRL00001,Super Mario BOOM,28212,01/19/2026, 23:19:11,1066
APRL00001,Super Mario BOOM,28213,01/20/2026, 01:23:33,1066
APRL00001,Super Mario BOOM,28215,01/20/2026, 03:42:24,1066
APRL00001,Super Mario BOOM,28217,01/20/2026, 04:43:29,1066
APRL00001,Super Mario BOOM,28217,01/20/2026, 05:27:24,1066
APRL00001,Super Mario BOOM,28219,01/20/2026, 06:32:25,1066
APRL00001,Super Mario BOOM,28220,01/20/2026, 07:26:20,1066
APRL00001,Super Mario BOOM,28220,01/20/2026, 08:29:00,1066
APRL00001,Super Mario BOOM,28222,01/20/2026, 09:31:21,1066
APRL00001,Super Mario BOOM,28223,01/20/2026, 10:25:01,1066
APRL00001,Super Mario BOOM,28223,01/20/2026, 11:22:17,1066
APRL00001,Super Mario BOOM,28223,01/20/2026, 12:43:08,1066
APRL00001,Super Mario BOOM,28223,01/20/2026, 13:45:10,1066
APRL00001,Super Mario BOOM,28223,01/20/2026, 14:28:54,1066
APRL00001,Super Mario BOOM,28225,01/20/2026, 15:29:41,1066
APRL00001,Super Mario BOOM,28226,01/20/2026, 16:32:29,1066
APRL00001,Super Mario BOOM,28226,01/20/2026, 17:27:25,1066
APRL00001,Super Mario BOOM,28228,01/20/2026, 18:32:10,1066
APRL00001,Super Mario BOOM,28228,01/20/2026, 20:11:20,1066
APRL00001,Super Mario BOOM,28230,01/20/2026, 21:19:33,1066
APRL00001,Super Mario BOOM,28230,01/20/2026, 22:21:25,1066
APRL00001,Super Mario BOOM,28230,01/20/2026, 23:20:34,1066
APRL00001,Super Mario BOOM,28232,01/21/2026, 01:26:30,1066
APRL00001,Super Mario BOOM,28232,01/21/2026, 03:42:11,1066
APRL00001,Super Mario BOOM,28232,01/21/2026, 04:42:14,1066
APRL00001,Super Mario BOOM,28232,01/21/2026, 05:27:20,1066
APRL00001,Super Mario BOOM,28232,01/21/2026, 06:32:35,1066
APRL00001,Super Mario BOOM,28232,01/21/2026, 07:26:25,1066
APRL00001,Super Mario BOOM,28233,01/21/2026, 08:29:00,1066
APRL00001,Super Mario BOOM,28234,01/21/2026, 09:30:54,1066
APRL00001,Super Mario BOOM,28234,01/21/2026, 10:25:29,1066
APRL00001,Super Mario BOOM,28234,01/21/2026, 11:23:21,1066
APRL00001,Super Mario BOOM,28234,01/21/2026, 12:43:05,1066
APRL00001,Super Mario BOOM,28234,01/21/2026, 13:43:47,1066
APRL00001,Super Mario BOOM,28235,01/21/2026, 14:29:21,1066
APRL00001,Super Mario BOOM,28235,01/21/2026, 15:29:53,1066
APRL00001,Super Mario BOOM,28236,01/21/2026, 16:41:22,1066
APRL00001,Super Mario BOOM,28236,01/21/2026, 17:52:53,1066
APRL00001,Super Mario BOOM,28236,01/21/2026, 18:38:59,1066
APRL00001,Super Mario BOOM,28236,01/21/2026, 19:26:00,1066
APRL00001,Super Mario BOOM,28236,01/21/2026, 20:28:42,1066
APRL00001,Super Mario BOOM,28237,01/21/2026, 21:26:50,1066
APRL00001,Super Mario BOOM,28238,01/21/2026, 22:22:41,1066
APRL00001,Super Mario BOOM,28238,01/21/2026, 23:23:14,1066
APRL00001,Super Mario BOOM,28239,01/22/2026, 01:26:20,1066
APRL00001,Super Mario BOOM,28241,01/22/2026, 03:46:02,1066
APRL00001,Super Mario BOOM,28242,01/22/2026, 04:45:56,1066
APRL00001,Super Mario BOOM,28242,01/22/2026, 05:27:05,1066
APRL00001,Super Mario BOOM,28242,01/22/2026, 06:31:19,1066
APRL00001,Super Mario BOOM,28243,01/22/2026, 07:25:37,1066
APRL00001,Super Mario BOOM,28243,01/22/2026, 08:28:35,1066
APRL00001,Super Mario BOOM,28244,01/22/2026, 09:31:15,1066
APRL00001,Super Mario BOOM,28246,01/22/2026, 10:25:08,1066
APRL00001,Super Mario BOOM,28246,01/22/2026, 11:22:29,1066
APRL00001,Super Mario BOOM,28246,01/22/2026, 12:42:26,1066
APRL00001,Super Mario BOOM,28246,01/22/2026, 13:44:49,1066
APRL00001,Super Mario BOOM,28248,01/22/2026, 15:28:34,1066
APRL00001,Super Mario BOOM,28249,01/22/2026, 16:31:27,1066
APRL00001,Super Mario BOOM,28249,01/22/2026, 17:27:02,1066
APRL00001,Super Mario BOOM,28249,01/22/2026, 18:28:51,1066
APRL00001,Super Mario BOOM,28249,01/22/2026, 19:23:08,1066
APRL00001,Super Mario BOOM,28250,01/22/2026, 20:23:52,1066
APRL00001,Super Mario BOOM,28250,01/22/2026, 21:20:55,1066
APRL00001,Super Mario BOOM,28250,01/22/2026, 22:20:59,1066
APRL00001,Super Mario BOOM,28252,01/22/2026, 23:19:59,1066
APRL00001,Super Mario BOOM,28253,01/23/2026, 01:24:22,1066
APRL00001,Super Mario BOOM,28253,01/23/2026, 03:40:52,1066
APRL00001,Super Mario BOOM,28254,01/23/2026, 04:41:01,1066
APRL00001,Super Mario BOOM,28254,01/23/2026, 05:26:24,1066
APRL00001,Super Mario BOOM,28255,01/23/2026, 06:30:31,1066
APRL00001,Super Mario BOOM,28256,01/23/2026, 07:23:59,1066
APRL00001,Super Mario BOOM,28256,01/23/2026, 08:26:51,1066
APRL00001,Super Mario BOOM,28257,01/23/2026, 09:27:48,1066
APRL00001,Super Mario BOOM,28257,01/23/2026, 10:22:28,1066
APRL00001,Super Mario BOOM,28257,01/23/2026, 11:19:31,1066
APRL00001,Super Mario BOOM,28257,01/23/2026, 12:41:38,1066
APRL00001,Super Mario BOOM,28259,01/23/2026, 13:41:23,1066
APRL00001,Super Mario BOOM,28259,01/23/2026, 14:23:34,1066
APRL00001,Super Mario BOOM,28259,01/23/2026, 15:23:22,1066
APRL00001,Super Mario BOOM,28259,01/23/2026, 16:27:29,1066
APRL00001,Super Mario BOOM,28259,01/23/2026, 17:25:54,1066
APRL00001,Super Mario BOOM,28260,01/23/2026, 18:30:28,1066
APRL00001,Super Mario BOOM,28260,01/23/2026, 19:23:27,1066
APRL00001,Super Mario BOOM,28260,01/23/2026, 20:23:10,1066
APRL00001,Super Mario BOOM,28262,01/23/2026, 21:19:39,1066
APRL00001,Super Mario BOOM,28262,01/23/2026, 22:17:08,1066
APRL00001,Super Mario BOOM,28264,01/23/2026, 23:19:54,1066
APRL00001,Super Mario BOOM,28265,01/24/2026, 01:22:19,1066
APRL00001,Super Mario BOOM,28266,01/24/2026, 03:25:37,1066
APRL00001,Super Mario BOOM,28266,01/24/2026, 04:34:13,1066
APRL00001,Super Mario BOOM,28266,01/24/2026, 05:20:07,1066
APRL00001,Super Mario BOOM,28266,01/24/2026, 06:28:31,1066
APRL00001,Super Mario BOOM,28266,01/24/2026, 07:18:53,1066
APRL00001,Super Mario BOOM,28266,01/24/2026, 08:24:00,1066
APRL00001,Super Mario BOOM,28266,01/24/2026, 09:19:29,1066
APRL00001,Super Mario BOOM,28268,01/24/2026, 10:19:31,1066
APRL00001,Super Mario BOOM,28269,01/24/2026, 11:16:38,1066
APRL00001,Super Mario BOOM,28269,01/24/2026, 12:35:42,1066
APRL00001,Super Mario BOOM,28269,01/24/2026, 13:30:14,1066
APRL00001,Super Mario BOOM,28269,01/24/2026, 14:18:16,1066
APRL00001,Super Mario BOOM,28269,01/24/2026, 15:18:03,1066
APRL00001,Super Mario BOOM,28269,01/24/2026, 16:22:04,1066
APRL00001,Super Mario BOOM,28270,01/24/2026, 17:16:46,1066
APRL00001,Super Mario BOOM,28271,01/24/2026, 18:26:46,1066
APRL00001,Super Mario BOOM,28273,01/24/2026, 19:15:45,1066
APRL00001,Super Mario BOOM,28273,01/24/2026, 20:19:50,1066
APRL00001,Super Mario BOOM,28274,01/24/2026, 21:17:12,1066
APRL00001,Super Mario BOOM,28275,01/24/2026, 22:18:12,1066
APRL00001,Super Mario BOOM,28276,01/24/2026, 23:18:10,1066
APRL00001,Super Mario BOOM,28277,01/25/2026, 01:42:00,1066
APRL00001,Super Mario BOOM,28278,01/25/2026, 03:52:21,1066
APRL00001,Super Mario BOOM,28278,01/25/2026, 04:51:01,1066
APRL00001,Super Mario BOOM,28278,01/25/2026, 05:27:22,1066
APRL00001,Super Mario BOOM,28278,01/25/2026, 06:28:25,1066
APRL00001,Super Mario BOOM,28280,01/25/2026, 07:20:42,1066
APRL00001,Super Mario BOOM,28281,01/25/2026, 08:24:27,1066
APRL00001,Super Mario BOOM,28281,01/25/2026, 09:20:00,1066
APRL00001,Super Mario BOOM,28281,01/25/2026, 10:20:00,1066
APRL00001,Super Mario BOOM,28281,01/25/2026, 11:16:23,1066
APRL00001,Super Mario BOOM,28283,01/25/2026, 12:37:01,1066
APRL00001,Super Mario BOOM,28283,01/25/2026, 13:31:33,1066
APRL00001,Super Mario BOOM,28283,01/25/2026, 14:17:52,1066
APRL00001,Super Mario BOOM,28283,01/25/2026, 15:18:27,1066
APRL00001,Super Mario BOOM,28285,01/25/2026, 16:22:27,1066
APRL00001,Super Mario BOOM,28286,01/25/2026, 17:16:41,1066
APRL00001,Super Mario BOOM,28286,01/25/2026, 18:26:31,1066
APRL00001,Super Mario BOOM,28288,01/25/2026, 19:15:58,1066
APRL00001,Super Mario BOOM,28291,01/25/2026, 20:21:45,1066
APRL00001,Super Mario BOOM,28292,01/25/2026, 21:17:37,1066
APRL00001,Super Mario BOOM,28292,01/25/2026, 22:18:32,1066
APRL00001,Super Mario BOOM,28292,01/25/2026, 23:24:45,1066
APRL00001,Super Mario BOOM,28295,01/26/2026, 01:30:37,1066
APRL00001,Super Mario BOOM,28298,01/26/2026, 03:55:11,1066
APRL00001,Super Mario BOOM,28298,01/26/2026, 04:54:40,1066
APRL00001,Super Mario BOOM,28298,01/26/2026, 05:32:24,1066
APRL00001,Super Mario BOOM,28298,01/26/2026, 06:33:28,1066
APRL00001,Super Mario BOOM,28298,01/26/2026, 07:26:45,1066
APRL00001,Super Mario BOOM,28299,01/26/2026, 08:29:22,1066
APRL00001,Super Mario BOOM,28299,01/26/2026, 09:32:11,1066
APRL00001,Super Mario BOOM,28299,01/26/2026, 10:24:56,1066
APRL00001,Super Mario BOOM,28299,01/26/2026, 11:19:42,1066
APRL00001,Super Mario BOOM,28300,01/26/2026, 12:41:38,1066
APRL00001,Super Mario BOOM,28300,01/26/2026, 13:42:37,1066
APRL00001,Super Mario BOOM,28300,01/26/2026, 14:27:17,1066
APRL00001,Super Mario BOOM,28301,01/26/2026, 15:27:08,1066
APRL00001,Super Mario BOOM,28301,01/26/2026, 16:30:25,1066
APRL00001,Super Mario BOOM,28301,01/26/2026, 17:27:55,1066
APRL00001,Super Mario BOOM,28303,01/26/2026, 18:31:59,1066
APRL00001,Super Mario BOOM,28303,01/26/2026, 19:22:25,1066
APRL00001,Super Mario BOOM,28304,01/26/2026, 20:24:16,1066
APRL00001,Super Mario BOOM,28305,01/26/2026, 21:22:45,1066
APRL00001,Super Mario BOOM,28306,01/26/2026, 22:20:15,1066
APRL00001,Super Mario BOOM,28307,01/26/2026, 23:20:14,1066
APRL00001,Super Mario BOOM,28309,01/27/2026, 01:29:49,1066
APRL00001,Super Mario BOOM,28310,01/27/2026, 03:45:52,1066
APRL00001,Super Mario BOOM,28310,01/27/2026, 04:44:45,1066
APRL00001,Super Mario BOOM,28310,01/27/2026, 05:25:42,1066
APRL00001,Super Mario BOOM,28310,01/27/2026, 06:31:24,1066
APRL00001,Super Mario BOOM,28310,01/27/2026, 07:26:21,1066
APRL00001,Super Mario BOOM,28310,01/27/2026, 08:29:51,1066
APRL00001,Super Mario BOOM,28310,01/27/2026, 09:30:29,1066
APRL00001,Super Mario BOOM,28310,01/27/2026, 10:25:19,1066
APRL00001,Super Mario BOOM,28310,01/27/2026, 11:21:48,1066
APRL00001,Super Mario BOOM,28310,01/27/2026, 12:42:08,1066
APRL00001,Super Mario BOOM,28310,01/27/2026, 13:44:45,1066
APRL00001,Super Mario BOOM,28310,01/27/2026, 14:27:35,1066
APRL00001,Super Mario BOOM,28311,01/27/2026, 15:29:13,1066
APRL00001,Super Mario BOOM,28311,01/27/2026, 16:27:43,1066
APRL00001,Super Mario BOOM,28311,01/27/2026, 17:26:42,1066
APRL00001,Super Mario BOOM,28312,01/27/2026, 18:34:59,1066
APRL00001,Super Mario BOOM,28312,01/27/2026, 19:25:02,1066
APRL00001,Super Mario BOOM,28313,01/27/2026, 20:21:20,1066
APRL00001,Super Mario BOOM,28315,01/27/2026, 21:16:37,1066
APRL00001,Super Mario BOOM,28317,01/27/2026, 22:21:32,1066
APRL00001,Super Mario BOOM,28318,01/27/2026, 23:20:30,1066
APRL00001,Super Mario BOOM,28318,01/28/2026, 01:25:57,1066
APRL00001,Super Mario BOOM,28322,01/28/2026, 03:43:33,1066
APRL00001,Super Mario BOOM,28322,01/28/2026, 04:42:45,1066
APRL00001,Super Mario BOOM,28322,01/28/2026, 05:26:21,1066
APRL00001,Super Mario BOOM,28324,01/28/2026, 06:32:49,1066
APRL00001,Super Mario BOOM,28324,01/28/2026, 07:24:40,1066
APRL00001,Super Mario BOOM,28325,01/28/2026, 08:28:43,1066
APRL00001,Super Mario BOOM,28325,01/28/2026, 09:32:16,1066
APRL00001,Super Mario BOOM,28325,01/28/2026, 10:26:00,1066
APRL00001,Super Mario BOOM,28326,01/28/2026, 11:22:02,1066
APRL00001,Super Mario BOOM,28326,01/28/2026, 12:43:48,1066
APRL00001,Super Mario BOOM,28326,01/28/2026, 13:47:11,1066
APRL00001,Super Mario BOOM,28326,01/28/2026, 14:27:22,1066
APRL00001,Super Mario BOOM,28327,01/28/2026, 15:30:02,1066
APRL00001,Super Mario BOOM,28328,01/28/2026, 16:33:34,1066
APRL00001,Super Mario BOOM,28328,01/28/2026, 17:30:58,1066
APRL00001,Super Mario BOOM,28328,01/28/2026, 18:34:46,1066
APRL00001,Super Mario BOOM,28329,01/28/2026, 19:26:05,1066
APRL00001,Super Mario BOOM,28330,01/28/2026, 20:27:22,1066
APRL00001,Super Mario BOOM,28331,01/28/2026, 21:28:22,1066
APRL00001,Super Mario BOOM,28331,01/28/2026, 22:24:10,1066
APRL00001,Super Mario BOOM,28331,01/28/2026, 23:24:05,1066
APRL00001,Super Mario BOOM,28332,01/29/2026, 01:46:49,1066
APRL00001,Super Mario BOOM,28333,01/29/2026, 04:06:14,1066
APRL00001,Super Mario BOOM,28334,01/29/2026, 05:41:52,1066
APRL00001,Super Mario BOOM,28335,01/29/2026, 06:43:03,1066
APRL00001,Super Mario BOOM,28336,01/29/2026, 07:38:51,1066
APRL00001,Super Mario BOOM,28336,01/29/2026, 08:35:59,1066
APRL00001,Super Mario BOOM,28336,01/29/2026, 09:39:45,1066
APRL00001,Super Mario BOOM,28336,01/29/2026, 10:34:16,1066
APRL00001,Super Mario BOOM,28336,01/29/2026, 11:29:13,1066
APRL00001,Super Mario BOOM,28336,01/29/2026, 12:51:32,1066
APRL00001,Super Mario BOOM,28337,01/29/2026, 13:58:37,1066
APRL00001,Super Mario BOOM,28337,01/29/2026, 14:39:15,1066
APRL00001,Super Mario BOOM,28337,01/29/2026, 15:32:59,1066
APRL00001,Super Mario BOOM,28339,01/29/2026, 16:40:23,1066
APRL00001,Super Mario BOOM,28340,01/29/2026, 17:36:26,1066
APRL00001,Super Mario BOOM,28341,01/29/2026, 18:40:02,1066
APRL00001,Super Mario BOOM,28343,01/29/2026, 19:29:25,1066
APRL00001,Super Mario BOOM,28344,01/29/2026, 20:27:17,1066
APRL00001,Super Mario BOOM,28344,01/29/2026, 21:24:35,1066
APRL00001,Super Mario BOOM,28345,01/29/2026, 22:25:21,1066
APRL00001,Super Mario BOOM,28346,01/29/2026, 23:24:19,1066
APRL00001,Super Mario BOOM,28348,01/30/2026, 01:47:39,1066
APRL00001,Super Mario BOOM,28351,01/30/2026, 04:07:18,1066
APRL00001,Super Mario BOOM,28351,01/30/2026, 05:44:35,1066
APRL00001,Super Mario BOOM,28351,01/30/2026, 06:43:31,1066
APRL00001,Super Mario BOOM,28351,01/30/2026, 07:38:30,1066
APRL00001,Super Mario BOOM,28351,01/30/2026, 08:34:30,1066
APRL00001,Super Mario BOOM,28351,01/30/2026, 09:35:34,1066
APRL00001,Super Mario BOOM,28351,01/30/2026, 10:31:47,1066
APRL00001,Super Mario BOOM,28351,01/30/2026, 11:27:05,1066
APRL00001,Super Mario BOOM,28352,01/30/2026, 12:47:08,1066
APRL00001,Super Mario BOOM,28353,01/30/2026, 13:55:26,1066
APRL00001,Super Mario BOOM,28354,01/30/2026, 14:34:14,1066
APRL00001,Super Mario BOOM,28355,01/30/2026, 15:31:56,1066
APRL00001,Super Mario BOOM,28355,01/30/2026, 16:35:39,1066
APRL00001,Super Mario BOOM,28356,01/30/2026, 17:32:55,1066
APRL00001,Super Mario BOOM,28356,01/30/2026, 18:38:47,1066
APRL00001,Super Mario BOOM,28357,01/30/2026, 19:30:29,1066
APRL00001,Super Mario BOOM,28357,01/30/2026, 20:26:20,1066
APRL00001,Super Mario BOOM,28359,01/30/2026, 21:25:58,1066
APRL00001,Super Mario BOOM,28363,01/30/2026, 22:22:38,1066
APRL00001,Super Mario BOOM,28363,01/30/2026, 23:23:49,1066
APRL00001,Super Mario BOOM,28364,01/31/2026, 01:43:23,1066
APRL00001,Super Mario BOOM,28365,01/31/2026, 04:04:19,1066
APRL00001,Super Mario BOOM,28366,01/31/2026, 05:36:33,1066
APRL00001,Super Mario BOOM,28366,01/31/2026, 06:35:13,1066
APRL00001,Super Mario BOOM,28366,01/31/2026, 07:27:19,1066
APRL00001,Super Mario BOOM,28367,01/31/2026, 08:27:10,1066
APRL00001,Super Mario BOOM,28368,01/31/2026, 09:26:24,1066
APRL00001,Super Mario BOOM,28368,01/31/2026, 10:22:04,1066
APRL00001,Super Mario BOOM,28368,01/31/2026, 11:18:51,1066
APRL00001,Super Mario BOOM,28368,01/31/2026, 12:40:25,1066
APRL00001,Super Mario BOOM,28370,01/31/2026, 13:40:03,1066
APRL00001,Super Mario BOOM,28371,01/31/2026, 14:22:35,1066
APRL00001,Super Mario BOOM,28371,01/31/2026, 15:21:03,1066
APRL00001,Super Mario BOOM,28372,01/31/2026, 16:23:59,1066
APRL00001,Super Mario BOOM,28372,01/31/2026, 17:22:20,1066
APRL00001,Super Mario BOOM,28372,01/31/2026, 18:28:21,1066
APRL00001,Super Mario BOOM,28372,01/31/2026, 19:19:53,1066
APRL00001,Super Mario BOOM,28372,01/31/2026, 20:22:46,1066
APRL00001,Super Mario BOOM,28373,01/31/2026, 21:20:05,1066
APRL00001,Super Mario BOOM,28373,01/31/2026, 22:20:53,1066
APRL00001,Super Mario BOOM,28374,01/31/2026, 23:20:06,1066
APRL00001,Super Mario BOOM,28374,02/01/2026, 02:01:59,1066
APRL00001,Super Mario BOOM,28375,02/01/2026, 04:35:17,1066
APRL00001,Super Mario BOOM,28375,02/01/2026, 05:59:16,1066
APRL00001,Super Mario BOOM,28375,02/01/2026, 06:53:20,1066
APRL00001,Super Mario BOOM,28376,02/01/2026, 07:36:30,1066
APRL00001,Super Mario BOOM,28376,02/01/2026, 08:29:42,1066
APRL00001,Super Mario BOOM,28376,02/01/2026, 09:28:29,1066
APRL00001,Super Mario BOOM,28377,02/01/2026, 10:22:46,1066
APRL00001,Super Mario BOOM,28378,02/01/2026, 11:20:19,1066
APRL00001,Super Mario BOOM,28378,02/01/2026, 12:42:34,1066
APRL00001,Super Mario BOOM,28378,02/01/2026, 13:41:41,1066
APRL00001,Super Mario BOOM,28380,02/01/2026, 14:23:50,1066
APRL00001,Super Mario BOOM,28380,02/01/2026, 15:22:32,1066
APRL00001,Super Mario BOOM,28380,02/01/2026, 16:26:01,1066
APRL00001,Super Mario BOOM,28380,02/01/2026, 17:22:28,1066
APRL00001,Super Mario BOOM,28380,02/01/2026, 18:31:18,1066
APRL00001,Super Mario BOOM,28380,02/01/2026, 19:23:00,1066
APRL00001,Super Mario BOOM,28381,02/01/2026, 20:23:17,1066
APRL00001,Super Mario BOOM,28381,02/01/2026, 21:21:04,1066
APRL00001,Super Mario BOOM,28381,02/01/2026, 22:21:42,1066
APRL00001,Super Mario BOOM,28381,02/01/2026, 23:22:44,1066
APRL00001,Super Mario BOOM,28384,02/02/2026, 01:54:21,1066
APRL00001,Super Mario BOOM,28386,02/02/2026, 04:23:34,1066
APRL00001,Super Mario BOOM,28386,02/02/2026, 06:02:43,1066
APRL00001,Super Mario BOOM,28387,02/02/2026, 07:48:42,1066
APRL00001,Super Mario BOOM,28387,02/02/2026, 08:39:29,1066
APRL00001,Super Mario BOOM,28388,02/02/2026, 09:45:44,1066
APRL00001,Super Mario BOOM,28389,02/02/2026, 10:41:46,1066
APRL00001,Super Mario BOOM,28390,02/02/2026, 11:34:11,1066
APRL00001,Super Mario BOOM,28390,02/02/2026, 12:53:31,1066
APRL00001,Super Mario BOOM,28390,02/02/2026, 14:02:20,1066
APRL00001,Super Mario BOOM,28391,02/02/2026, 14:51:50,1066
APRL00001,Super Mario BOOM,28391,02/02/2026, 15:36:20,1066
APRL00001,Super Mario BOOM,28391,02/02/2026, 16:36:06,1066
APRL00001,Super Mario BOOM,28392,02/02/2026, 17:37:32,1066
APRL00001,Super Mario BOOM,28392,02/02/2026, 18:39:26,1066
APRL00001,Super Mario BOOM,28395,02/02/2026, 23:25:53,1066
APRL00001,Super Mario BOOM,28395,02/03/2026, 01:52:54,1066
APRL00001,Super Mario BOOM,28398,02/03/2026, 04:14:01,1066
APRL00001,Super Mario BOOM,28399,02/03/2026, 05:48:57,1066
APRL00001,Super Mario BOOM,28399,02/03/2026, 06:46:11,1066
APRL00001,Super Mario BOOM,28399,02/03/2026, 07:41:03,1066
APRL00001,Super Mario BOOM,28399,02/03/2026, 08:34:14,1066
APRL00001,Super Mario BOOM,28399,02/03/2026, 09:38:52,1066
APRL00001,Super Mario BOOM,28399,02/03/2026, 10:37:12,1066
APRL00001,Super Mario BOOM,28399,02/03/2026, 11:32:47,1066
APRL00001,Super Mario BOOM,28400,02/03/2026, 12:53:37,1066
APRL00001,Super Mario BOOM,28400,02/03/2026, 14:03:02,1066
APRL00001,Super Mario BOOM,28401,02/03/2026, 15:45:46,1066
APRL00001,Super Mario BOOM,28401,02/03/2026, 16:49:11,1066
APRL00001,Super Mario BOOM,28401,02/03/2026, 17:52:33,1066
APRL00001,Super Mario BOOM,28403,02/03/2026, 18:53:25,1066
APRL00001,Super Mario BOOM,28403,02/03/2026, 19:44:07,1066
APRL00001,Super Mario BOOM,28403,02/03/2026, 20:33:07,1066
APRL00001,Super Mario BOOM,28403,02/03/2026, 21:31:57,1066
APRL00001,Super Mario BOOM,28404,02/03/2026, 22:27:16,1066
APRL00001,Super Mario BOOM,28405,02/03/2026, 23:27:17,1066
APRL00001,Super Mario BOOM,28407,02/04/2026, 01:48:15,1066
APRL00001,Super Mario BOOM,28411,02/04/2026, 04:09:56,1066
APRL00001,Super Mario BOOM,28411,02/04/2026, 05:45:50,1066
APRL00001,Super Mario BOOM,28411,02/04/2026, 06:46:27,1066
APRL00001,Super Mario BOOM,28411,02/04/2026, 07:43:03,1066
APRL00001,Super Mario BOOM,28411,02/04/2026, 08:38:30,1066
APRL00001,Super Mario BOOM,28411,02/04/2026, 09:40:44,1066
APRL00001,Super Mario BOOM,28412,02/04/2026, 10:35:54,1066
APRL00001,Super Mario BOOM,28412,02/04/2026, 11:32:20,1066
APRL00001,Super Mario BOOM,28413,02/04/2026, 12:52:58,1066
APRL00001,Super Mario BOOM,28413,02/04/2026, 14:02:14,1066
APRL00001,Super Mario BOOM,28413,02/04/2026, 14:52:27,1066
APRL00001,Super Mario BOOM,28413,02/04/2026, 15:40:09,1066
APRL00001,Super Mario BOOM,28414,02/04/2026, 16:43:02,1066
APRL00001,Super Mario BOOM,28415,02/04/2026, 17:44:24,1066
APRL00001,Super Mario BOOM,28416,02/04/2026, 18:44:49,1066
APRL00001,Super Mario BOOM,28416,02/04/2026, 19:37:56,1066
APRL00001,Super Mario BOOM,28417,02/04/2026, 20:31:41,1066
APRL00001,Super Mario BOOM,28418,02/04/2026, 21:31:50,1066
APRL00001,Super Mario BOOM,28418,02/04/2026, 22:24:29,1066
APRL00001,Super Mario BOOM,28421,02/04/2026, 23:24:42,1066
APRL00001,Super Mario BOOM,28423,02/05/2026, 01:49:15,1066
APRL00001,Super Mario BOOM,28424,02/05/2026, 04:13:15,1066
APRL00001,Super Mario BOOM,28424,02/05/2026, 05:54:32,1066
APRL00001,Super Mario BOOM,28425,02/05/2026, 06:55:27,1066
APRL00001,Super Mario BOOM,28425,02/05/2026, 07:48:39,1066
APRL00001,Super Mario BOOM,28425,02/05/2026, 08:39:38,1066
APRL00001,Super Mario BOOM,28425,02/05/2026, 09:41:23,1066
APRL00001,Super Mario BOOM,28425,02/05/2026, 10:38:11,1066
APRL00001,Super Mario BOOM,28425,02/05/2026, 11:33:52,1066
APRL00001,Super Mario BOOM,28427,02/05/2026, 12:56:17,1066
APRL00001,Super Mario BOOM,28428,02/05/2026, 14:05:03,1066
APRL00001,Super Mario BOOM,28429,02/05/2026, 15:38:40,1066
APRL00001,Super Mario BOOM,28429,02/05/2026, 16:43:22,1066
APRL00001,Super Mario BOOM,28429,02/05/2026, 17:45:42,1066
APRL00001,Super Mario BOOM,28429,02/05/2026, 18:43:39,1066
APRL00001,Super Mario BOOM,28430,02/05/2026, 19:36:24,1066
APRL00001,Super Mario BOOM,28432,02/05/2026, 20:30:52,1066
APRL00001,Super Mario BOOM,28432,02/05/2026, 21:26:19,1066
APRL00001,Super Mario BOOM,28434,02/05/2026, 22:24:30,1066
APRL00001,Super Mario BOOM,28434,02/05/2026, 23:21:56,1066
APRL00001,Super Mario BOOM,28435,02/06/2026, 01:48:27,1066
APRL00001,Super Mario BOOM,28435,02/06/2026, 04:13:23,1066
APRL00001,Super Mario BOOM,28435,02/06/2026, 05:52:33,1066
APRL00001,Super Mario BOOM,28435,02/06/2026, 06:51:02,1066
APRL00001,Super Mario BOOM,28435,02/06/2026, 07:44:54,1066
APRL00001,Super Mario BOOM,28436,02/06/2026, 08:38:19,1066
APRL00001,Super Mario BOOM,28437,02/06/2026, 09:40:31,1066
APRL00001,Super Mario BOOM,28437,02/06/2026, 10:36:40,1066
APRL00001,Super Mario BOOM,28437,02/06/2026, 11:32:30,1066
APRL00001,Super Mario BOOM,28437,02/06/2026, 12:52:59,1066
APRL00001,Super Mario BOOM,28437,02/06/2026, 14:01:19,1066
APRL00001,Super Mario BOOM,28438,02/06/2026, 14:48:15,1066
APRL00001,Super Mario BOOM,28439,02/06/2026, 15:38:54,1066
APRL00001,Super Mario BOOM,28440,02/06/2026, 16:40:32,1066
APRL00001,Super Mario BOOM,28442,02/06/2026, 17:40:07,1066
APRL00001,Super Mario BOOM,28443,02/06/2026, 18:44:44,1066
APRL00001,Super Mario BOOM,28444,02/06/2026, 19:36:52,1066
APRL00001,Super Mario BOOM,28445,02/06/2026, 20:30:09,1066
APRL00001,Super Mario BOOM,28446,02/06/2026, 21:28:38,1066
APRL00001,Super Mario BOOM,28447,02/06/2026, 22:20:54,1066
APRL00001,Super Mario BOOM,28448,02/06/2026, 23:22:53,1066
APRL00001,Super Mario BOOM,28449,02/07/2026, 01:45:47,1066
APRL00001,Super Mario BOOM,28449,02/07/2026, 04:06:38,1066
APRL00001,Super Mario BOOM,28449,02/07/2026, 05:40:37,1066
APRL00001,Super Mario BOOM,28449,02/07/2026, 06:38:53,1066
APRL00001,Super Mario BOOM,28449,02/07/2026, 07:30:30,1066
APRL00001,Super Mario BOOM,28449,02/07/2026, 08:28:12,1066
APRL00001,Super Mario BOOM,28451,02/07/2026, 09:28:25,1066
APRL00001,Super Mario BOOM,28452,02/07/2026, 10:22:51,1066
APRL00001,Super Mario BOOM,28453,02/07/2026, 11:20:06,1066
APRL00001,Super Mario BOOM,28454,02/07/2026, 12:41:20,1066
APRL00001,Super Mario BOOM,28454,02/07/2026, 13:42:21,1066
APRL00001,Super Mario BOOM,28454,02/07/2026, 14:23:34,1066
APRL00001,Super Mario BOOM,28455,02/07/2026, 15:22:31,1066
APRL00001,Super Mario BOOM,28456,02/07/2026, 16:26:15,1066
APRL00001,Super Mario BOOM,28456,02/07/2026, 17:24:33,1066
APRL00001,Super Mario BOOM,28457,02/07/2026, 18:31:11,1066
APRL00001,Super Mario BOOM,28458,02/07/2026, 19:22:19,1066
APRL00001,Super Mario BOOM,28459,02/07/2026, 20:23:41,1066
APRL00001,Super Mario BOOM,28460,02/07/2026, 21:22:51,1066
APRL00001,Super Mario BOOM,28460,02/07/2026, 22:23:08,1066
APRL00001,Super Mario BOOM,28460,02/07/2026, 23:27:53,1066
APRL00001,Super Mario BOOM,28461,02/08/2026, 02:12:23,1066
APRL00001,Super Mario BOOM,28462,02/08/2026, 05:01:25,1066
APRL00001,Super Mario BOOM,28462,02/08/2026, 06:03:49,1066
APRL00001,Super Mario BOOM,28464,02/08/2026, 07:38:15,1066
APRL00001,Super Mario BOOM,28466,02/08/2026, 08:29:54,1066
APRL00001,Super Mario BOOM,28466,02/08/2026, 09:28:47,1066
APRL00001,Super Mario BOOM,28466,02/08/2026, 10:24:08,1066
APRL00001,Super Mario BOOM,28466,02/08/2026, 11:21:42,1066
APRL00001,Super Mario BOOM,28467,02/08/2026, 12:42:30,1066
APRL00001,Super Mario BOOM,28467,02/08/2026, 13:43:18,1066
APRL00001,Super Mario BOOM,28467,02/08/2026, 14:25:25,1066
APRL00001,Super Mario BOOM,28467,02/08/2026, 15:23:54,1066
APRL00001,Super Mario BOOM,28467,02/08/2026, 16:27:31,1066
APRL00001,Super Mario BOOM,28467,02/08/2026, 17:24:48,1066
APRL00001,Super Mario BOOM,28467,02/08/2026, 18:32:41,1066
APRL00001,Super Mario BOOM,28468,02/08/2026, 19:23:51,1066
APRL00001,Super Mario BOOM,28468,02/08/2026, 20:23:40,1066
APRL00001,Super Mario BOOM,28470,02/08/2026, 21:24:27,1066
APRL00001,Super Mario BOOM,28472,02/08/2026, 22:24:45,1066
APRL00001,Super Mario BOOM,28472,02/08/2026, 23:28:21,1066
APRL00001,Super Mario BOOM,28473,02/09/2026, 01:56:17,1066
APRL00001,Super Mario BOOM,28474,02/09/2026, 04:26:21,1066
APRL00001,Super Mario BOOM,28474,02/09/2026, 06:06:45,1066
APRL00001,Super Mario BOOM,28475,02/09/2026, 07:56:41,1066
APRL00001,Super Mario BOOM,28477,02/09/2026, 10:00:00,1066
APRL00001,Super Mario BOOM,28478,02/09/2026, 10:59:30,1066
APRL00001,Super Mario BOOM,28478,02/09/2026, 11:44:59,1066
APRL00001,Super Mario BOOM,28478,02/09/2026, 13:02:17,1066
APRL00001,Super Mario BOOM,28479,02/09/2026, 14:18:25,1066
APRL00001,Super Mario BOOM,28479,02/09/2026, 15:53:27,1066
APRL00001,Super Mario BOOM,28480,02/09/2026, 17:49:43,1066
APRL00001,Super Mario BOOM,28482,02/09/2026, 20:01:35,1066
APRL00001,Super Mario BOOM,28482,02/09/2026, 20:53:10,1066
APRL00001,Super Mario BOOM,28482,02/09/2026, 21:37:32,1066
APRL00001,Super Mario BOOM,28482,02/09/2026, 22:34:04,1066
APRL00001,Super Mario BOOM,28482,02/09/2026, 23:35:23,1066
APRL00001,Super Mario BOOM,28485,02/10/2026, 02:06:59,1066
APRL00001,Super Mario BOOM,28486,02/10/2026, 05:02:08,1066
APRL00001,Super Mario BOOM,28486,02/10/2026, 06:15:29,1066
APRL00001,Super Mario BOOM,28486,02/10/2026, 07:58:27,1066
APRL00001,Super Mario BOOM,28487,02/10/2026, 09:58:51,1066
APRL00001,Super Mario BOOM,28487,02/10/2026, 10:55:32,1066
APRL00001,Super Mario BOOM,28487,02/10/2026, 11:49:40,1066
APRL00001,Super Mario BOOM,28487,02/10/2026, 14:56:17,1066
APRL00001,Super Mario BOOM,28487,02/10/2026, 16:05:44,1066
APRL00001,Super Mario BOOM,28489,02/10/2026, 17:59:12,1066
APRL00001,Super Mario BOOM,28490,02/10/2026, 19:07:02,1066
APRL00001,Super Mario BOOM,28490,02/10/2026, 20:41:09,1066
APRL00001,Super Mario BOOM,28491,02/10/2026, 21:39:52,1066
APRL00001,Super Mario BOOM,28492,02/10/2026, 22:37:43,1066
APRL00001,Super Mario BOOM,28492,02/10/2026, 23:36:17,1066
APRL00001,Super Mario BOOM,28492,02/11/2026, 02:02:32,1066
APRL00001,Super Mario BOOM,28494,02/11/2026, 04:35:58,1066
APRL00001,Super Mario BOOM,28494,02/11/2026, 06:07:47,1066
APRL00001,Super Mario BOOM,28495,02/11/2026, 07:54:38,1066
APRL00001,Super Mario BOOM,28495,02/11/2026, 08:44:26,1066
APRL00001,Super Mario BOOM,28495,02/11/2026, 09:50:59,1066
APRL00001,Super Mario BOOM,28495,02/11/2026, 11:43:28,1066
APRL00001,Super Mario BOOM,28495,02/11/2026, 13:02:19,1066
APRL00001,Super Mario BOOM,28495,02/11/2026, 14:20:11,1066
APRL00001,Super Mario BOOM,28495,02/11/2026, 15:59:10,1066
APRL00001,Super Mario BOOM,28496,02/11/2026, 17:05:00,1066
APRL00001,Super Mario BOOM,28496,02/11/2026, 18:59:56,1066
APRL00001,Super Mario BOOM,28497,02/11/2026, 19:56:19,1066
APRL00001,Super Mario BOOM,28499,02/11/2026, 20:36:29,1066
APRL00001,Super Mario BOOM,28499,02/11/2026, 21:32:13,1066
APRL00001,Super Mario BOOM,28499,02/11/2026, 22:27:30,1066
APRL00001,Super Mario BOOM,28499,02/11/2026, 23:30:12,1066
APRL00001,Super Mario BOOM,28500,02/12/2026, 01:55:25,1066
APRL00001,Super Mario BOOM,28500,02/12/2026, 06:03:12,1066
APRL00001,Super Mario BOOM,28502,02/12/2026, 09:45:35,1066
APRL00001,Super Mario BOOM,28502,02/12/2026, 10:42:21,1066
APRL00001,Super Mario BOOM,28502,02/12/2026, 11:38:00,1066
APRL00001,Super Mario BOOM,28502,02/12/2026, 13:00:57,1066
APRL00001,Super Mario BOOM,28502,02/12/2026, 14:14:33,1066
APRL00001,Super Mario BOOM,28502,02/12/2026, 15:50:22,1066
APRL00001,Super Mario BOOM,28503,02/12/2026, 16:55:58,1066
APRL00001,Super Mario BOOM,28506,02/12/2026, 17:56:41,1066
APRL00001,Super Mario BOOM,28506,02/12/2026, 18:59:33,1066
APRL00001,Super Mario BOOM,28506,02/12/2026, 19:51:34,1066
APRL00001,Super Mario BOOM,28506,02/12/2026, 20:32:32,1066
APRL00001,Super Mario BOOM,28506,02/12/2026, 21:30:57,1066
APRL00001,Super Mario BOOM,28509,02/12/2026, 22:30:26,1066
APRL00001,Super Mario BOOM,28510,02/12/2026, 23:26:17,1066
APRL00001,Super Mario BOOM,28510,02/13/2026, 01:58:11,1066
APRL00001,Super Mario BOOM,28510,02/13/2026, 04:21:32,1066
APRL00001,Super Mario BOOM,28510,02/13/2026, 05:58:17,1066
APRL00001,Super Mario BOOM,28510,02/13/2026, 06:59:14,1066
APRL00001,Super Mario BOOM,28510,02/13/2026, 07:51:35,1066
APRL00001,Super Mario BOOM,28510,02/13/2026, 08:39:33,1066
APRL00001,Super Mario BOOM,28511,02/13/2026, 09:40:48,1066
APRL00001,Super Mario BOOM,28511,02/13/2026, 10:37:11,1066
APRL00001,Super Mario BOOM,28511,02/13/2026, 11:30:01,1066
APRL00001,Super Mario BOOM,28511,02/13/2026, 12:53:03,1066
APRL00001,Super Mario BOOM,28511,02/13/2026, 14:50:44,1066
APRL00001,Super Mario BOOM,28511,02/13/2026, 15:40:09,1066
APRL00001,Super Mario BOOM,28511,02/13/2026, 16:42:05,1066
APRL00001,Super Mario BOOM,28511,02/13/2026, 17:39:12,1066
APRL00001,Super Mario BOOM,28511,02/13/2026, 18:43:41,1066
APRL00001,Super Mario BOOM,28512,02/13/2026, 19:41:13,1066
APRL00001,Super Mario BOOM,28512,02/13/2026, 20:35:02,1066
APRL00001,Super Mario BOOM,28513,02/13/2026, 21:32:51,1066
APRL00001,Super Mario BOOM,28514,02/13/2026, 22:30:19,1066
APRL00001,Super Mario BOOM,28515,02/13/2026, 23:28:43,1066
APRL00001,Super Mario BOOM,28515,02/14/2026, 01:48:21,1066
APRL00001,Super Mario BOOM,28516,02/14/2026, 04:08:44,1066
APRL00001,Super Mario BOOM,28516,02/14/2026, 05:42:30,1066
APRL00001,Super Mario BOOM,28516,02/14/2026, 06:40:49,1066
APRL00001,Super Mario BOOM,28517,02/14/2026, 07:33:16,1066
APRL00001,Super Mario BOOM,28517,02/14/2026, 08:28:33,1066
APRL00001,Super Mario BOOM,28517,02/14/2026, 09:29:09,1066
APRL00001,Super Mario BOOM,28518,02/14/2026, 10:24:25,1066
APRL00001,Super Mario BOOM,28518,02/14/2026, 11:21:21,1066
APRL00001,Super Mario BOOM,28519,02/14/2026, 12:40:50,1066
APRL00001,Super Mario BOOM,28520,02/14/2026, 13:42:47,1066
APRL00001,Super Mario BOOM,28520,02/14/2026, 14:24:26,1066
APRL00001,Super Mario BOOM,28521,02/14/2026, 15:23:22,1066
APRL00001,Super Mario BOOM,28522,02/14/2026, 16:25:29,1066
APRL00001,Super Mario BOOM,28522,02/14/2026, 17:24:17,1066
APRL00001,Super Mario BOOM,28523,02/14/2026, 18:30:46,1066
APRL00001,Super Mario BOOM,28523,02/14/2026, 19:22:23,1066
APRL00001,Super Mario BOOM,28524,02/14/2026, 20:22:47,1066
APRL00001,Super Mario BOOM,28525,02/14/2026, 21:22:10,1066
APRL00001,Super Mario BOOM,28525,02/14/2026, 22:20:46,1066
APRL00001,Super Mario BOOM,28525,02/14/2026, 23:21:40,1066
APRL00001,Super Mario BOOM,28526,02/15/2026, 01:57:59,1066
APRL00001,Super Mario BOOM,28526,02/15/2026, 04:22:24,1066
APRL00001,Super Mario BOOM,28526,02/15/2026, 05:55:05,1066
APRL00001,Super Mario BOOM,28527,02/15/2026, 06:47:50,1066
APRL00001,Super Mario BOOM,28527,02/15/2026, 07:37:25,1066
APRL00001,Super Mario BOOM,28527,02/15/2026, 08:30:08,1066
APRL00001,Super Mario BOOM,28527,02/15/2026, 09:29:33,1066
APRL00001,Super Mario BOOM,28527,02/15/2026, 10:23:15,1066
APRL00001,Super Mario BOOM,28527,02/15/2026, 11:20:53,1066
APRL00001,Super Mario BOOM,28529,02/15/2026, 13:43:51,1066
APRL00001,Super Mario BOOM,28529,02/15/2026, 14:25:02,1066
APRL00001,Super Mario BOOM,28529,02/15/2026, 15:22:41,1066
APRL00001,Super Mario BOOM,28529,02/15/2026, 16:26:14,1066
APRL00001,Super Mario BOOM,28529,02/15/2026, 17:24:13,1066
APRL00001,Super Mario BOOM,28531,02/15/2026, 18:32:03,1066
APRL00001,Super Mario BOOM,28531,02/15/2026, 19:23:27,1066
APRL00001,Super Mario BOOM,28532,02/15/2026, 20:23:21,1066
APRL00001,Super Mario BOOM,28532,02/15/2026, 21:22:14,1066
APRL00001,Super Mario BOOM,28533,02/15/2026, 22:21:18,1066
APRL00001,Super Mario BOOM,28535,02/15/2026, 23:23:28,1066
APRL00001,Super Mario BOOM,28540,02/16/2026, 01:53:32,1066
APRL00001,Super Mario BOOM,28543,02/16/2026, 04:24:24,1066
APRL00001,Super Mario BOOM,28544,02/16/2026, 06:05:14,1066
APRL00001,Super Mario BOOM,28544,02/16/2026, 07:52:41,1066
APRL00001,Super Mario BOOM,28545,02/16/2026, 08:43:56,1066
APRL00001,Super Mario BOOM,28545,02/16/2026, 09:51:25,1066
APRL00001,Super Mario BOOM,28545,02/16/2026, 10:46:36,1066
APRL00001,Super Mario BOOM,28545,02/16/2026, 11:38:46,1066
APRL00001,Super Mario BOOM,28545,02/16/2026, 12:56:45,1066
APRL00001,Super Mario BOOM,28545,02/16/2026, 14:05:33,1066
APRL00001,Super Mario BOOM,28547,02/16/2026, 15:39:04,1066
APRL00001,Super Mario BOOM,28549,02/16/2026, 16:39:59,1066
APRL00001,Super Mario BOOM,28549,02/16/2026, 17:36:37,1066
APRL00001,Super Mario BOOM,28550,02/16/2026, 18:39:08,1066
APRL00001,Super Mario BOOM,28551,02/16/2026, 19:31:29,1066
APRL00001,Super Mario BOOM,28551,02/16/2026, 20:27:54,1066
APRL00001,Super Mario BOOM,28552,02/16/2026, 22:25:05,1066
APRL00001,Super Mario BOOM,28553,02/16/2026, 23:27:04,1066
APRL00001,Super Mario BOOM,28554,02/17/2026, 01:51:39,1066
APRL00001,Super Mario BOOM,28555,02/17/2026, 04:17:59,1066
APRL00001,Super Mario BOOM,28557,02/17/2026, 06:55:50,1066
APRL00001,Super Mario BOOM,28557,02/17/2026, 07:49:53,1066
APRL00001,Super Mario BOOM,28557,02/17/2026, 08:41:17,1066
APRL00001,Super Mario BOOM,28558,02/17/2026, 09:45:12,1066
APRL00001,Super Mario BOOM,28558,02/17/2026, 10:42:36,1066
APRL00001,Super Mario BOOM,28558,02/17/2026, 11:38:35,1066
APRL00001,Super Mario BOOM,28560,02/17/2026, 12:57:04,1066
APRL00001,Super Mario BOOM,28561,02/17/2026, 14:06:30,1066
APRL00001,Super Mario BOOM,28561,02/17/2026, 15:50:49,1066
APRL00001,Super Mario BOOM,28561,02/17/2026, 16:54:57,1066
APRL00001,Super Mario BOOM,28561,02/17/2026, 17:55:03,1066
APRL00001,Super Mario BOOM,28562,02/17/2026, 19:45:23,1066
APRL00001,Super Mario BOOM,28564,02/17/2026, 20:34:14,1066
APRL00001,Super Mario BOOM,28565,02/17/2026, 21:33:11,1066
APRL00001,Super Mario BOOM,28565,02/17/2026, 22:28:35,1066
APRL00001,Super Mario BOOM,28565,02/17/2026, 23:26:24,1066
APRL00001,Super Mario BOOM,28565,02/18/2026, 01:55:07,1066
APRL00001,Super Mario BOOM,28567,02/18/2026, 05:59:42,1066
APRL00001,Super Mario BOOM,28568,02/18/2026, 07:04:27,1066
APRL00001,Super Mario BOOM,28568,02/18/2026, 08:41:20,1066
APRL00001,Super Mario BOOM,28568,02/18/2026, 09:43:56,1066
APRL00001,Super Mario BOOM,28569,02/18/2026, 10:41:39,1066
APRL00001,Super Mario BOOM,28569,02/18/2026, 11:37:18,1066
APRL00001,Super Mario BOOM,28570,02/18/2026, 13:03:08,1066
APRL00001,Super Mario BOOM,28570,02/18/2026, 14:07:35,1066
APRL00001,Super Mario BOOM,28571,02/18/2026, 15:49:16,1066
APRL00001,Super Mario BOOM,28571,02/18/2026, 17:00:12,1066
APRL00001,Super Mario BOOM,28571,02/18/2026, 17:54:26,1066
APRL00001,Super Mario BOOM,28571,02/18/2026, 18:50:56,1066
APRL00001,Super Mario BOOM,28571,02/18/2026, 19:46:08,1066
APRL00001,Super Mario BOOM,28572,02/18/2026, 20:36:20,1066
APRL00001,Super Mario BOOM,28573,02/18/2026, 21:32:56,1066
APRL00001,Super Mario BOOM,28574,02/18/2026, 22:30:06,1066
APRL00001,Super Mario BOOM,28575,02/18/2026, 23:27:21,1066
APRL00001,Super Mario BOOM,28575,02/19/2026, 01:54:07,1066
APRL00001,Super Mario BOOM,28576,02/19/2026, 04:19:13,1066
APRL00001,Super Mario BOOM,28577,02/19/2026, 05:57:39,1066
APRL00001,Super Mario BOOM,28577,02/19/2026, 06:58:08,1066
APRL00001,Super Mario BOOM,28578,02/19/2026, 07:49:44,1066
APRL00001,Super Mario BOOM,28578,02/19/2026, 08:40:21,1066
APRL00001,Super Mario BOOM,28578,02/19/2026, 09:42:28,1066
APRL00001,Super Mario BOOM,28578,02/19/2026, 10:40:17,1066
APRL00001,Super Mario BOOM,28578,02/19/2026, 11:37:21,1066
APRL00001,Super Mario BOOM,28578,02/19/2026, 12:58:43,1066
APRL00001,Super Mario BOOM,28579,02/19/2026, 15:45:23,1066
APRL00001,Super Mario BOOM,28579,02/19/2026, 16:48:30,1066
APRL00001,Super Mario BOOM,28581,02/19/2026, 17:48:32,1066
APRL00001,Super Mario BOOM,28582,02/19/2026, 19:38:36,1066
APRL00001,Super Mario BOOM,28582,02/19/2026, 20:29:32,1066
APRL00001,Super Mario BOOM,28584,02/19/2026, 22:29:18,1066
APRL00001,Super Mario BOOM,28585,02/19/2026, 23:27:57,1066
APRL00001,Super Mario BOOM,28585,02/20/2026, 01:50:41,1066
APRL00001,Super Mario BOOM,28585,02/20/2026, 04:13:48,1066
APRL00001,Super Mario BOOM,28586,02/20/2026, 05:52:27,1066
APRL00001,Super Mario BOOM,28586,02/20/2026, 06:53:27,1066
APRL00001,Super Mario BOOM,28587,02/20/2026, 07:46:09,1066
APRL00001,Super Mario BOOM,28587,02/20/2026, 08:38:09,1066
APRL00001,Super Mario BOOM,28587,02/20/2026, 09:38:24,1066
APRL00001,Super Mario BOOM,28587,02/20/2026, 10:39:48,1066
APRL00001,Super Mario BOOM,28587,02/20/2026, 11:30:43,1066
APRL00001,Super Mario BOOM,28587,02/20/2026, 12:53:05,1066
APRL00001,Super Mario BOOM,28588,02/20/2026, 14:00:17,1066
APRL00001,Super Mario BOOM,28589,02/20/2026, 14:42:45,1066
APRL00001,Super Mario BOOM,28590,02/20/2026, 15:35:47,1066
APRL00001,Super Mario BOOM,28590,02/20/2026, 16:34:54,1066
APRL00001,Super Mario BOOM,28591,02/20/2026, 17:40:59,1066
APRL00001,Super Mario BOOM,28593,02/20/2026, 18:42:34,1066
APRL00001,Super Mario BOOM,28594,02/20/2026, 19:36:06,1066
APRL00001,Super Mario BOOM,28594,02/20/2026, 20:28:20,1066
APRL00001,Super Mario BOOM,28594,02/20/2026, 21:22:25,1066
APRL00001,Super Mario BOOM,28596,02/20/2026, 22:22:52,1066
APRL00001,Super Mario BOOM,28597,02/20/2026, 23:26:55,1066
APRL00001,Super Mario BOOM,28598,02/21/2026, 01:45:54,1066
APRL00001,Super Mario BOOM,28598,02/21/2026, 04:05:21,1066
APRL00001,Super Mario BOOM,28599,02/21/2026, 05:40:27,1066
APRL00001,Super Mario BOOM,28599,02/21/2026, 06:38:39,1066
APRL00001,Super Mario BOOM,28599,02/21/2026, 07:31:06,1066
APRL00001,Super Mario BOOM,28599,02/21/2026, 08:27:32,1066
APRL00001,Super Mario BOOM,28599,02/21/2026, 09:27:49,1066
APRL00001,Super Mario BOOM,28599,02/21/2026, 10:23:29,1066
APRL00001,Super Mario BOOM,28599,02/21/2026, 11:20:45,1066
APRL00001,Super Mario BOOM,28599,02/21/2026, 12:40:04,1066
APRL00001,Super Mario BOOM,28599,02/21/2026, 13:41:22,1066
APRL00001,Super Mario BOOM,28600,02/21/2026, 14:24:00,1066
APRL00001,Super Mario BOOM,28600,02/21/2026, 15:22:57,1066
APRL00001,Super Mario BOOM,28600,02/21/2026, 16:25:14,1066
APRL00001,Super Mario BOOM,28601,02/21/2026, 17:23:18,1066
APRL00001,Super Mario BOOM,28601,02/21/2026, 18:31:01,1066
APRL00001,Super Mario BOOM,28603,02/21/2026, 19:22:13,1066
APRL00001,Super Mario BOOM,28603,02/21/2026, 20:22:01,1066
APRL00001,Super Mario BOOM,28603,02/21/2026, 21:21:39,1066
APRL00001,Super Mario BOOM,28604,02/21/2026, 22:20:48,1066
APRL00001,Super Mario BOOM,28606,02/21/2026, 23:21:38,1066
APRL00001,Super Mario BOOM,28606,02/22/2026, 01:53:06,1066
APRL00001,Super Mario BOOM,28607,02/22/2026, 04:15:36,1066
APRL00001,Super Mario BOOM,28608,02/22/2026, 05:49:36,1066
APRL00001,Super Mario BOOM,28608,02/22/2026, 06:43:38,1066
APRL00001,Super Mario BOOM,28609,02/22/2026, 07:35:09,1066
APRL00001,Super Mario BOOM,28609,02/22/2026, 08:29:01,1066
APRL00001,Super Mario BOOM,28609,02/22/2026, 09:28:28,1066
APRL00001,Super Mario BOOM,28611,02/22/2026, 11:20:24,1066
APRL00001,Super Mario BOOM,28611,02/22/2026, 12:42:19,1066
APRL00001,Super Mario BOOM,28611,02/22/2026, 13:42:38,1066
APRL00001,Super Mario BOOM,28611,02/22/2026, 14:24:18,1066
APRL00001,Super Mario BOOM,28611,02/22/2026, 15:22:57,1066
APRL00001,Super Mario BOOM,28611,02/22/2026, 16:27:18,1066
APRL00001,Super Mario BOOM,28612,02/22/2026, 17:24:35,1066
APRL00001,Super Mario BOOM,28612,02/22/2026, 18:31:43,1066
APRL00001,Super Mario BOOM,28613,02/22/2026, 19:22:33,1066
APRL00001,Super Mario BOOM,28613,02/22/2026, 20:23:11,1066
APRL00001,Super Mario BOOM,28614,02/22/2026, 21:22:25,1066
APRL00001,Super Mario BOOM,28614,02/22/2026, 22:21:07,1066
APRL00001,Super Mario BOOM,28615,02/22/2026, 23:23:17,1066
APRL00001,Super Mario BOOM,28617,02/23/2026, 01:54:28,1066
APRL00001,Super Mario BOOM,28618,02/23/2026, 04:23:23,1066
APRL00001,Super Mario BOOM,28618,02/23/2026, 06:04:39,1066
APRL00001,Super Mario BOOM,28619,02/23/2026, 07:53:50,1066
APRL00001,Super Mario BOOM,28620,02/23/2026, 08:45:28,1066
APRL00001,Super Mario BOOM,28621,02/23/2026, 09:53:09,1066
APRL00001,Super Mario BOOM,28621,02/23/2026, 10:47:34,1066
APRL00001,Super Mario BOOM,28621,02/23/2026, 11:38:59,1066
APRL00001,Super Mario BOOM,28623,02/23/2026, 12:57:57,1066
APRL00001,Super Mario BOOM,28623,02/23/2026, 14:07:48,1066
APRL00001,Super Mario BOOM,28626,02/23/2026, 15:42:40,1066
APRL00001,Super Mario BOOM,28629,02/23/2026, 17:59:50,1066
APRL00001,Super Mario BOOM,28630,02/23/2026, 19:07:08,1066
APRL00001,Super Mario BOOM,28630,02/23/2026, 20:42:32,1066
APRL00001,Super Mario BOOM,28630,02/23/2026, 21:42:11,1066
APRL00001,Super Mario BOOM,28631,02/23/2026, 22:39:02,1066
APRL00001,Super Mario BOOM,28631,02/23/2026, 23:33:32,1066
APRL00001,Super Mario BOOM,28633,02/24/2026, 01:51:34,1066
APRL00001,Super Mario BOOM,28634,02/24/2026, 04:17:16,1066
APRL00001,Super Mario BOOM,28635,02/24/2026, 05:57:36,1066
APRL00001,Super Mario BOOM,28636,02/24/2026, 06:57:46,1066
APRL00001,Super Mario BOOM,28637,02/24/2026, 07:50:47,1066
APRL00001,Super Mario BOOM,28637,02/24/2026, 08:42:52,1066
APRL00001,Super Mario BOOM,28639,02/24/2026, 09:50:06,1066
APRL00001,Super Mario BOOM,28639,02/24/2026, 10:45:51,1066
APRL00001,Super Mario BOOM,28639,02/24/2026, 11:39:35,1066
APRL00001,Super Mario BOOM,28639,02/24/2026, 12:59:18,1066
APRL00001,Super Mario BOOM,28639,02/24/2026, 14:12:45,1066
APRL00001,Super Mario BOOM,28640,02/24/2026, 15:54:58,1066
APRL00001,Super Mario BOOM,28643,02/24/2026, 17:07:58,1066
APRL00001,Super Mario BOOM,28643,02/24/2026, 18:58:05,1066
APRL00001,Super Mario BOOM,28644,02/24/2026, 19:49:16,1066
APRL00001,Super Mario BOOM,28645,02/24/2026, 20:31:53,1066
APRL00001,Super Mario BOOM,28646,02/24/2026, 21:32:00,1066
APRL00001,Super Mario BOOM,28646,02/24/2026, 22:30:57,1066
APRL00001,Super Mario BOOM,28646,02/24/2026, 23:29:31,1066
APRL00001,Super Mario BOOM,28646,02/25/2026, 01:54:01,1066
APRL00001,Super Mario BOOM,28648,02/25/2026, 04:19:35,1066
APRL00001,Super Mario BOOM,28648,02/25/2026, 05:59:43,1066
APRL00001,Super Mario BOOM,28648,02/25/2026, 07:06:30,1066
APRL00001,Super Mario BOOM,28648,02/25/2026, 08:44:51,1066
APRL00001,Super Mario BOOM,28648,02/25/2026, 09:52:20,1066
APRL00001,Super Mario BOOM,28648,02/25/2026, 10:48:15,1066
APRL00001,Super Mario BOOM,28649,02/25/2026, 11:39:09,1066
APRL00001,Super Mario BOOM,28650,02/25/2026, 12:58:21,1066
APRL00001,Super Mario BOOM,28650,02/25/2026, 14:09:44,1066
APRL00001,Super Mario BOOM,28651,02/25/2026, 16:00:05,1066
APRL00001,Super Mario BOOM,28651,02/25/2026, 17:10:55,1066
APRL00001,Super Mario BOOM,28652,02/25/2026, 19:02:33,1066
APRL00001,Super Mario BOOM,28652,02/25/2026, 19:54:05,1066
APRL00001,Super Mario BOOM,28653,02/25/2026, 20:32:53,1066
APRL00001,Super Mario BOOM,28653,02/25/2026, 21:33:12,1066
APRL00001,Super Mario BOOM,28653,02/25/2026, 22:30:31,1066
APRL00001,Super Mario BOOM,28653,02/25/2026, 23:26:20,1066
APRL00001,Super Mario BOOM,28653,02/26/2026, 01:49:32,1066
APRL00001,Super Mario BOOM,28653,02/26/2026, 04:15:13,1066
APRL00001,Super Mario BOOM,28653,02/26/2026, 05:56:20,1066
APRL00001,Super Mario BOOM,28653,02/26/2026, 08:42:45,1066
APRL00001,Super Mario BOOM,28653,02/26/2026, 09:46:05,1066
APRL00001,Super Mario BOOM,28653,02/26/2026, 10:42:38,1066
APRL00001,Super Mario BOOM,28653,02/26/2026, 11:38:36,1066
APRL00001,Super Mario BOOM,28654,02/26/2026, 12:59:26,1066
APRL00001,Super Mario BOOM,28654,02/26/2026, 14:10:48,1066
APRL00001,Super Mario BOOM,28655,02/26/2026, 16:55:32,1066
APRL00001,Super Mario BOOM,28655,02/26/2026, 17:56:14,1066
APRL00001,Super Mario BOOM,28656,02/26/2026, 18:54:08,1066
APRL00001,Super Mario BOOM,28656,02/26/2026, 19:43:00,1066
APRL00001,Super Mario BOOM,28657,02/26/2026, 20:34:20,1066
APRL00001,Super Mario BOOM,28657,02/26/2026, 21:31:02,1066
APRL00001,Super Mario BOOM,28657,02/26/2026, 22:31:12,1066
APRL00001,Super Mario BOOM,28658,02/26/2026, 23:27:46,1066
APRL00001,Super Mario BOOM,28661,02/27/2026, 01:48:29,1066
APRL00001,Super Mario BOOM,28662,02/27/2026, 04:11:47,1066
APRL00001,Super Mario BOOM,28662,02/27/2026, 05:50:41,1066
APRL00001,Super Mario BOOM,28662,02/27/2026, 06:49:45,1066
APRL00001,Super Mario BOOM,28662,02/27/2026, 08:38:18,1066
APRL00001,Super Mario BOOM,28662,02/27/2026, 09:38:22,1066
APRL00001,Super Mario BOOM,28662,02/27/2026, 10:35:20,1066
APRL00001,Super Mario BOOM,28662,02/27/2026, 11:30:37,1066
APRL00001,Super Mario BOOM,28662,02/27/2026, 12:53:19,1066
APRL00001,Super Mario BOOM,28662,02/27/2026, 13:59:32,1066
APRL00001,Super Mario BOOM,28663,02/27/2026, 14:41:02,1066
APRL00001,Super Mario BOOM,28664,02/27/2026, 15:36:05,1066
APRL00001,Super Mario BOOM,28664,02/27/2026, 16:38:14,1066
APRL00001,Super Mario BOOM,28664,02/27/2026, 17:33:47,1066
APRL00001,Super Mario BOOM,28664,02/27/2026, 18:38:08,1066
APRL00001,Super Mario BOOM,28664,02/27/2026, 20:25:14,1066
APRL00001,Super Mario BOOM,28666,02/27/2026, 21:27:32,1066
APRL00001,Super Mario BOOM,28666,02/27/2026, 22:20:52,1066
APRL00001,Super Mario BOOM,28666,02/27/2026, 23:22:31,1066
APRL00001,Super Mario BOOM,28667,02/28/2026, 01:29:51,1066
APRL00001,Super Mario BOOM,28668,02/28/2026, 03:52:48,1066
APRL00001,Super Mario BOOM,28669,02/28/2026, 04:53:58,1066
APRL00001,Super Mario BOOM,28669,02/28/2026, 05:32:10,1066
APRL00001,Super Mario BOOM,28669,02/28/2026, 06:34:44,1066
APRL00001,Super Mario BOOM,28669,02/28/2026, 07:25:05,1066
APRL00001,Super Mario BOOM,28669,02/28/2026, 08:25:37,1066
APRL00001,Super Mario BOOM,28670,02/28/2026, 09:24:07,1066
APRL00001,Super Mario BOOM,28670,02/28/2026, 10:21:29,1066
APRL00001,Super Mario BOOM,28670,02/28/2026, 11:18:18,1066
APRL00001,Super Mario BOOM,28670,02/28/2026, 12:39:28,1066
APRL00001,Super Mario BOOM,28670,02/28/2026, 13:35:41,1066
APRL00001,Super Mario BOOM,28672,02/28/2026, 14:20:05,1066
APRL00001,Super Mario BOOM,28673,02/28/2026, 15:19:58,1066
APRL00001,Super Mario BOOM,28673,02/28/2026, 16:23:11,1066
APRL00001,Super Mario BOOM,28674,02/28/2026, 17:19:21,1066
APRL00001,Super Mario BOOM,28675,02/28/2026, 18:29:40,1066
APRL00001,Super Mario BOOM,28675,02/28/2026, 19:19:43,1066
APRL00001,Super Mario BOOM,28675,02/28/2026, 20:23:04,1066
APRL00001,Super Mario BOOM,28675,02/28/2026, 21:19:00,1066
APRL00001,Super Mario BOOM,28677,02/28/2026, 22:20:22,1066
APRL00001,Super Mario BOOM,28677,02/28/2026, 23:19:53,1066
APRL00001,Super Mario BOOM,28678,03/01/2026, 02:00:14,1066
APRL00001,Super Mario BOOM,28681,03/01/2026, 04:26:08,1066
APRL00001,Super Mario BOOM,28682,03/01/2026, 05:50:09,1066
APRL00001,Super Mario BOOM,28682,03/01/2026, 06:42:24,1066
APRL00001,Super Mario BOOM,28682,03/01/2026, 07:32:10,1066
APRL00001,Super Mario BOOM,28682,03/01/2026, 08:28:22,1066
APRL00001,Super Mario BOOM,28682,03/01/2026, 09:27:56,1066
APRL00001,Super Mario BOOM,28682,03/01/2026, 10:22:45,1066
APRL00001,Super Mario BOOM,28683,03/01/2026, 11:19:30,1066
APRL00001,Super Mario BOOM,28684,03/01/2026, 12:41:35,1066
APRL00001,Super Mario BOOM,28684,03/01/2026, 13:38:03,1066
APRL00001,Super Mario BOOM,28685,03/01/2026, 14:22:44,1066
APRL00001,Super Mario BOOM,28686,03/01/2026, 15:21:25,1066
APRL00001,Super Mario BOOM,28686,03/01/2026, 16:24:31,1066
APRL00001,Super Mario BOOM,28688,03/01/2026, 17:21:22,1066
APRL00001,Super Mario BOOM,28688,03/01/2026, 18:30:02,1066
APRL00001,Super Mario BOOM,28690,03/01/2026, 19:21:55,1066
APRL00001,Super Mario BOOM,28691,03/01/2026, 20:23:35,1066
APRL00001,Super Mario BOOM,28695,03/01/2026, 21:21:02,1066
APRL00001,Super Mario BOOM,28695,03/01/2026, 22:21:56,1066
APRL00001,Super Mario BOOM,28695,03/01/2026, 23:21:21,1066
APRL00001,Super Mario BOOM,28697,03/02/2026, 01:51:26,1066
APRL00001,Super Mario BOOM,28698,03/02/2026, 04:17:28,1066
APRL00001,Super Mario BOOM,28699,03/02/2026, 05:51:27,1066
APRL00001,Super Mario BOOM,28699,03/02/2026, 06:59:31,1066
APRL00001,Super Mario BOOM,28700,03/02/2026, 07:48:19,1066
APRL00001,Super Mario BOOM,28700,03/02/2026, 08:41:27,1066
APRL00001,Super Mario BOOM,28700,03/02/2026, 09:45:18,1066
APRL00001,Super Mario BOOM,28700,03/02/2026, 10:41:34,1066
APRL00001,Super Mario BOOM,28700,03/02/2026, 11:31:05,1066
APRL00001,Super Mario BOOM,28700,03/02/2026, 12:52:55,1066
APRL00001,Super Mario BOOM,28700,03/02/2026, 13:59:46,1066
APRL00001,Super Mario BOOM,28700,03/02/2026, 14:44:54,1066
APRL00001,Super Mario BOOM,28700,03/02/2026, 15:40:06,1066
APRL00001,Super Mario BOOM,28700,03/02/2026, 16:41:19,1066
APRL00001,Super Mario BOOM,28700,03/02/2026, 17:42:32,1066
APRL00001,Super Mario BOOM,28701,03/02/2026, 18:41:58,1066
APRL00001,Super Mario BOOM,28701,03/02/2026, 19:36:01,1066
APRL00001,Super Mario BOOM,28701,03/02/2026, 20:39:42,1066
APRL00001,Super Mario BOOM,28701,03/02/2026, 21:30:40,1066
APRL00001,Super Mario BOOM,28701,03/02/2026, 22:25:22,1066
APRL00001,Super Mario BOOM,28702,03/02/2026, 23:23:46,1066
APRL00001,Super Mario BOOM,28702,03/03/2026, 01:53:35,1066
APRL00001,Super Mario BOOM,28702,03/03/2026, 04:13:54,1066
APRL00001,Super Mario BOOM,28703,03/03/2026, 05:46:53,1066
APRL00001,Super Mario BOOM,28703,03/03/2026, 06:46:58,1066
APRL00001,Super Mario BOOM,28703,03/03/2026, 07:41:33,1066
APRL00001,Super Mario BOOM,28703,03/03/2026, 08:42:54,1066
APRL00001,Super Mario BOOM,28703,03/03/2026, 09:39:05,1066
APRL00001,Super Mario BOOM,28703,03/03/2026, 10:36:33,1066
APRL00001,Super Mario BOOM,28703,03/03/2026, 11:31:06,1066
APRL00001,Super Mario BOOM,28703,03/03/2026, 12:51:21,1066
APRL00001,Super Mario BOOM,28703,03/03/2026, 13:59:11,1066
APRL00001,Super Mario BOOM,28703,03/03/2026, 14:43:58,1066
APRL00001,Super Mario BOOM,28703,03/03/2026, 15:44:29,1066
APRL00001,Super Mario BOOM,28704,03/03/2026, 16:43:20,1066
APRL00001,Super Mario BOOM,28704,03/03/2026, 17:42:08,1066
APRL00001,Super Mario BOOM,28704,03/03/2026, 18:43:28,1066
APRL00001,Super Mario BOOM,28705,03/03/2026, 20:30:05,1066
APRL00001,Super Mario BOOM,28705,03/03/2026, 21:31:43,1066
APRL00001,Super Mario BOOM,28706,03/03/2026, 22:26:31,1066
APRL00001,Super Mario BOOM,28706,03/03/2026, 23:24:40,1066
APRL00001,Super Mario BOOM,28708,03/04/2026, 01:48:04,1066
APRL00001,Super Mario BOOM,28709,03/04/2026, 04:07:39,1066
APRL00001,Super Mario BOOM,28711,03/04/2026, 06:42:53,1066
APRL00001,Super Mario BOOM,28711,03/04/2026, 07:37:22,1066
APRL00001,Super Mario BOOM,28711,03/04/2026, 08:36:14,1066
APRL00001,Super Mario BOOM,28712,03/04/2026, 09:38:05,1066
APRL00001,Super Mario BOOM,28712,03/04/2026, 10:34:34,1066
APRL00001,Super Mario BOOM,28712,03/04/2026, 11:34:10,1066
APRL00001,Super Mario BOOM,28713,03/04/2026, 12:50:03,1066
APRL00001,Super Mario BOOM,28714,03/04/2026, 13:57:14,1066
APRL00001,Super Mario BOOM,28714,03/04/2026, 14:38:08,1066
APRL00001,Super Mario BOOM,28714,03/04/2026, 15:37:58,1066
APRL00001,Super Mario BOOM,28714,03/04/2026, 16:40:32,1066
APRL00001,Super Mario BOOM,28715,03/04/2026, 17:37:28,1066
APRL00001,Super Mario BOOM,28715,03/04/2026, 18:43:59,1066
APRL00001,Super Mario BOOM,28715,03/04/2026, 19:37:40,1066
APRL00001,Super Mario BOOM,28716,03/04/2026, 20:30:07,1066
APRL00001,Super Mario BOOM,28716,03/04/2026, 21:32:36,1066
APRL00001,Super Mario BOOM,28716,03/04/2026, 22:29:07,1066
APRL00001,Super Mario BOOM,28716,03/04/2026, 23:27:51,1066
APRL00001,Super Mario BOOM,28717,03/05/2026, 01:50:34,1066
APRL00001,Super Mario BOOM,28718,03/05/2026, 04:10:47,1066
APRL00001,Super Mario BOOM,28719,03/05/2026, 05:45:38,1066
APRL00001,Super Mario BOOM,28719,03/05/2026, 06:47:35,1066
APRL00001,Super Mario BOOM,28720,03/05/2026, 07:41:00,1066
APRL00001,Super Mario BOOM,28720,03/05/2026, 08:37:38,1066
APRL00001,Super Mario BOOM,28720,03/05/2026, 09:40:09,1066
APRL00001,Super Mario BOOM,28721,03/05/2026, 10:36:28,1066
APRL00001,Super Mario BOOM,28721,03/05/2026, 11:32:44,1066
APRL00001,Super Mario BOOM,28721,03/05/2026, 12:54:31,1066
APRL00001,Super Mario BOOM,28721,03/05/2026, 14:00:39,1066
APRL00001,Super Mario BOOM,28721,03/05/2026, 14:53:22,1066
APRL00001,Super Mario BOOM,28722,03/05/2026, 15:48:09,1066
APRL00001,Super Mario BOOM,28722,03/05/2026, 18:01:26,1066
APRL00001,Super Mario BOOM,28723,03/05/2026, 19:23:01,1066
APRL00001,Super Mario BOOM,28724,03/05/2026, 20:35:15,1066
APRL00001,Super Mario BOOM,28725,03/05/2026, 21:32:02,1066
APRL00001,Super Mario BOOM,28725,03/05/2026, 22:28:57,1066
APRL00001,Super Mario BOOM,28725,03/05/2026, 23:49:57,1066
APRL00001,Super Mario BOOM,28726,03/06/2026, 01:51:49,1066
APRL00001,Super Mario BOOM,28726,03/06/2026, 04:08:31,1066
APRL00001,Super Mario BOOM,28726,03/06/2026, 05:43:23,1066
APRL00001,Super Mario BOOM,28727,03/06/2026, 06:43:25,1066
APRL00001,Super Mario BOOM,28727,03/06/2026, 07:37:36,1066
APRL00001,Super Mario BOOM,28727,03/06/2026, 08:34:53,1066
APRL00001,Super Mario BOOM,28727,03/06/2026, 09:35:44,1066
APRL00001,Super Mario BOOM,28727,03/06/2026, 10:32:11,1066
APRL00001,Super Mario BOOM,28727,03/06/2026, 11:27:04,1066
APRL00001,Super Mario BOOM,28728,03/06/2026, 12:53:15,1066
APRL00001,Super Mario BOOM,28728,03/06/2026, 13:53:50,1066
APRL00001,Super Mario BOOM,28728,03/06/2026, 14:36:12,1066
APRL00001,Super Mario BOOM,28728,03/06/2026, 15:35:01,1066
APRL00001,Super Mario BOOM,28728,03/06/2026, 16:37:34,1066
APRL00001,Super Mario BOOM,28728,03/06/2026, 17:33:24,1066
APRL00001,Super Mario BOOM,28728,03/06/2026, 19:32:52,1066
APRL00001,Super Mario BOOM,28730,03/06/2026, 20:34:32,1066
APRL00001,Super Mario BOOM,28730,03/06/2026, 21:27:48,1066
APRL00001,Super Mario BOOM,28731,03/06/2026, 22:25:42,1066
APRL00001,Super Mario BOOM,28731,03/06/2026, 23:26:18,1066
APRL00001,Super Mario BOOM,28731,03/07/2026, 01:43:57,1066
APRL00001,Super Mario BOOM,28734,03/07/2026, 03:58:58,1066
APRL00001,Super Mario BOOM,28734,03/07/2026, 05:01:40,1066
APRL00001,Super Mario BOOM,28735,03/07/2026, 05:44:43,1066
APRL00001,Super Mario BOOM,28736,03/07/2026, 07:27:34,1066
APRL00001,Super Mario BOOM,28737,03/07/2026, 08:27:53,1066
APRL00001,Super Mario BOOM,28737,03/07/2026, 09:26:57,1066
APRL00001,Super Mario BOOM,28737,03/07/2026, 12:40:13,1066
APRL00001,Super Mario BOOM,28737,03/07/2026, 13:37:31,1066
APRL00001,Super Mario BOOM,28738,03/07/2026, 14:22:02,1066
APRL00001,Super Mario BOOM,28741,03/07/2026, 15:21:37,1066
APRL00001,Super Mario BOOM,28742,03/07/2026, 16:24:15,1066
APRL00001,Super Mario BOOM,28742,03/07/2026, 17:19:53,1066
APRL00001,Super Mario BOOM,28742,03/07/2026, 18:30:11,1066
APRL00001,Super Mario BOOM,28743,03/07/2026, 19:20:26,1066
APRL00001,Super Mario BOOM,28745,03/07/2026, 20:22:45,1066
APRL00001,Super Mario BOOM,28745,03/07/2026, 21:19:07,1066
APRL00001,Super Mario BOOM,28745,03/07/2026, 22:20:50,1066
APRL00001,Super Mario BOOM,28745,03/07/2026, 23:20:16,1066
APRL00001,Super Mario BOOM,28745,03/08/2026, 01:51:24,1066
APRL00001,Super Mario BOOM,28747,03/08/2026, 04:09:52,1066
APRL00001,Super Mario BOOM,28747,03/08/2026, 05:41:34,1066
APRL00001,Super Mario BOOM,28747,03/08/2026, 06:39:23,1066
APRL00001,Super Mario BOOM,28747,03/08/2026, 07:30:03,1066
APRL00001,Super Mario BOOM,28747,03/08/2026, 08:28:26,1066
APRL00001,Super Mario BOOM,28747,03/08/2026, 09:27:25,1066
APRL00001,Super Mario BOOM,28747,03/08/2026, 10:22:48,1066
APRL00001,Super Mario BOOM,28748,03/08/2026, 11:19:43,1066
APRL00001,Super Mario BOOM,28748,03/08/2026, 12:41:51,1066
APRL00001,Super Mario BOOM,28748,03/08/2026, 13:38:46,1066
APRL00001,Super Mario BOOM,28750,03/08/2026, 14:23:08,1066
APRL00001,Super Mario BOOM,28751,03/08/2026, 15:21:40,1066
APRL00001,Super Mario BOOM,28751,03/08/2026, 16:24:31,1066
APRL00001,Super Mario BOOM,28752,03/08/2026, 17:21:05,1066
APRL00001,Super Mario BOOM,28753,03/08/2026, 18:30:16,1066
APRL00001,Super Mario BOOM,28754,03/08/2026, 19:22:17,1066
APRL00001,Super Mario BOOM,28754,03/08/2026, 20:23:04,1066
APRL00001,Super Mario BOOM,28754,03/08/2026, 21:26:12,1066
APRL00001,Super Mario BOOM,28754,03/08/2026, 22:21:04,1066
APRL00001,Super Mario BOOM,28754,03/08/2026, 23:21:21,1066
APRL00001,Super Mario BOOM,28754,03/09/2026, 01:52:28,1066
APRL00001,Super Mario BOOM,28754,03/09/2026, 04:15:26,1066
APRL00001,Super Mario BOOM,28755,03/09/2026, 05:56:19,1066
APRL00001,Super Mario BOOM,28755,03/09/2026, 06:58:46,1066
APRL00001,Super Mario BOOM,28755,03/09/2026, 07:51:17,1066
APRL00001,Super Mario BOOM,28755,03/09/2026, 08:41:04,1066
APRL00001,Super Mario BOOM,28755,03/09/2026, 10:42:41,1066
APRL00001,Super Mario BOOM,28755,03/09/2026, 11:33:49,1066
APRL00001,Super Mario BOOM,28755,03/09/2026, 12:56:02,1066
APRL00001,Super Mario BOOM,28755,03/09/2026, 14:05:17,1066
APRL00001,Super Mario BOOM,28755,03/09/2026, 15:56:25,1066
APRL00001,Super Mario BOOM,28755,03/09/2026, 16:55:09,1066
APRL00001,Super Mario BOOM,28755,03/09/2026, 17:45:17,1066
APRL00001,Super Mario BOOM,28756,03/09/2026, 18:47:49,1066
APRL00001,Super Mario BOOM,28756,03/09/2026, 19:39:32,1066
APRL00001,Super Mario BOOM,28756,03/09/2026, 20:31:04,1066
APRL00001,Super Mario BOOM,28757,03/09/2026, 21:30:53,1066
APRL00001,Super Mario BOOM,28758,03/09/2026, 22:26:11,1066
APRL00001,Super Mario BOOM,28759,03/09/2026, 23:25:44,1066
APRL00001,Super Mario BOOM,28760,03/10/2026, 01:45:55,1066
APRL00001,Super Mario BOOM,28761,03/10/2026, 04:07:54,1066
APRL00001,Super Mario BOOM,28761,03/10/2026, 05:43:54,1066
APRL00001,Super Mario BOOM,28761,03/10/2026, 06:44:16,1066
APRL00001,Super Mario BOOM,28761,03/10/2026, 07:39:50,1066
APRL00001,Super Mario BOOM,28761,03/10/2026, 09:41:22,1066
APRL00001,Super Mario BOOM,28761,03/10/2026, 10:36:49,1066
APRL00001,Super Mario BOOM,28761,03/10/2026, 11:31:09,1066
APRL00001,Super Mario BOOM,28761,03/10/2026, 12:54:21,1066
APRL00001,Super Mario BOOM,28761,03/10/2026, 14:00:50,1066
APRL00001,Super Mario BOOM,28762,03/10/2026, 15:01:48,1066
APRL00001,Super Mario BOOM,28763,03/10/2026, 16:03:21,1066
APRL00001,Super Mario BOOM,28763,03/10/2026, 16:56:22,1066
APRL00001,Super Mario BOOM,28763,03/10/2026, 17:44:25,1066
APRL00001,Super Mario BOOM,28765,03/10/2026, 18:43:21,1066
APRL00001,Super Mario BOOM,28765,03/10/2026, 19:37:28,1066
APRL00001,Super Mario BOOM,28766,03/10/2026, 20:31:52,1066
APRL00001,Super Mario BOOM,28767,03/10/2026, 21:27:38,1066
APRL00001,Super Mario BOOM,28768,03/10/2026, 22:25:57,1066
APRL00001,Super Mario BOOM,28768,03/10/2026, 23:25:32,1066
APRL00001,Super Mario BOOM,28770,03/11/2026, 01:45:48,1066
APRL00001,Super Mario BOOM,28771,03/11/2026, 04:08:31,1066
APRL00001,Super Mario BOOM,28771,03/11/2026, 05:46:28,1066
APRL00001,Super Mario BOOM,28771,03/11/2026, 06:48:17,1066
APRL00001,Super Mario BOOM,28771,03/11/2026, 07:42:20,1066
APRL00001,Super Mario BOOM,28772,03/11/2026, 08:37:34,1066
APRL00001,Super Mario BOOM,28774,03/11/2026, 10:36:23,1066
APRL00001,Super Mario BOOM,28774,03/11/2026, 11:31:32,1066
APRL00001,Super Mario BOOM,28775,03/11/2026, 12:54:07,1066
APRL00001,Super Mario BOOM,28775,03/11/2026, 14:05:16,1066
APRL00001,Super Mario BOOM,28777,03/11/2026, 15:45:35,1066
APRL00001,Super Mario BOOM,28778,03/11/2026, 16:47:51,1066
APRL00001,Super Mario BOOM,28779,03/11/2026, 17:46:55,1066
APRL00001,Super Mario BOOM,28781,03/11/2026, 18:50:43,1066
APRL00001,Super Mario BOOM,28782,03/11/2026, 19:41:19,1066
APRL00001,Super Mario BOOM,28782,03/11/2026, 20:31:47,1066
APRL00001,Super Mario BOOM,28782,03/11/2026, 21:30:42,1066
APRL00001,Super Mario BOOM,28782,03/11/2026, 22:25:08,1066
APRL00001,Super Mario BOOM,28783,03/11/2026, 23:23:23,1066
APRL00001,Super Mario BOOM,28784,03/12/2026, 01:47:18,1066
APRL00001,Super Mario BOOM,28785,03/12/2026, 04:12:27,1066
APRL00001,Super Mario BOOM,28785,03/12/2026, 06:51:21,1066
APRL00001,Super Mario BOOM,28785,03/12/2026, 07:49:44,1066
APRL00001,Super Mario BOOM,28785,03/12/2026, 08:39:33,1066
APRL00001,Super Mario BOOM,28785,03/12/2026, 09:40:15,1066
APRL00001,Super Mario BOOM,28786,03/12/2026, 10:36:37,1066
APRL00001,Super Mario BOOM,28786,03/12/2026, 11:30:39,1066
APRL00001,Super Mario BOOM,28787,03/12/2026, 12:53:45,1066
APRL00001,Super Mario BOOM,28787,03/12/2026, 14:02:33,1066
APRL00001,Super Mario BOOM,28787,03/12/2026, 16:05:01,1066
APRL00001,Super Mario BOOM,28787,03/12/2026, 17:48:01,1066
APRL00001,Super Mario BOOM,28787,03/12/2026, 18:49:55,1066
APRL00001,Super Mario BOOM,28787,03/12/2026, 19:41:15,1066
APRL00001,Super Mario BOOM,28789,03/12/2026, 20:31:34,1066
APRL00001,Super Mario BOOM,28789,03/12/2026, 21:30:24,1066
APRL00001,Super Mario BOOM,28789,03/12/2026, 22:24:18,1066
APRL00001,Super Mario BOOM,28789,03/12/2026, 23:26:12,1066
APRL00001,Super Mario BOOM,28790,03/13/2026, 01:49:39,1066
APRL00001,Super Mario BOOM,28791,03/13/2026, 04:10:43,1066
APRL00001,Super Mario BOOM,28791,03/13/2026, 05:46:57,1066
APRL00001,Super Mario BOOM,28791,03/13/2026, 06:48:31,1066
APRL00001,Super Mario BOOM,28791,03/13/2026, 07:43:50,1066
APRL00001,Super Mario BOOM,28791,03/13/2026, 08:37:03,1066
APRL00001,Super Mario BOOM,28791,03/13/2026, 09:37:24,1066
APRL00001,Super Mario BOOM,28791,03/13/2026, 10:34:02,1066
APRL00001,Super Mario BOOM,28791,03/13/2026, 11:29:26,1066
APRL00001,Super Mario BOOM,28791,03/13/2026, 12:52:56,1066
APRL00001,Super Mario BOOM,28791,03/13/2026, 13:59:48,1066
APRL00001,Super Mario BOOM,28791,03/13/2026, 14:46:14,1066
APRL00001,Super Mario BOOM,28791,03/13/2026, 15:39:59,1066
APRL00001,Super Mario BOOM,28791,03/13/2026, 16:37:16,1066
APRL00001,Super Mario BOOM,28792,03/13/2026, 17:33:15,1066
APRL00001,Super Mario BOOM,28792,03/13/2026, 18:37:40,1066
APRL00001,Super Mario BOOM,28792,03/13/2026, 19:30:05,1066
APRL00001,Super Mario BOOM,28792,03/13/2026, 20:31:56,1066
APRL00001,Super Mario BOOM,28793,03/13/2026, 21:30:46,1066
APRL00001,Super Mario BOOM,28794,03/13/2026, 22:26:07,1066
APRL00001,Super Mario BOOM,28794,03/13/2026, 23:26:03,1066
APRL00001,Super Mario BOOM,28797,03/14/2026, 01:47:34,1066
APRL00001,Super Mario BOOM,28798,03/14/2026, 04:09:08,1066
APRL00001,Super Mario BOOM,28798,03/14/2026, 05:43:40,1066
APRL00001,Super Mario BOOM,28798,03/14/2026, 06:41:41,1066
APRL00001,Super Mario BOOM,28798,03/14/2026, 07:33:52,1066
APRL00001,Super Mario BOOM,28799,03/14/2026, 08:32:09,1066
APRL00001,Super Mario BOOM,28799,03/14/2026, 09:30:31,1066
APRL00001,Super Mario BOOM,28799,03/14/2026, 10:30:49,1066
APRL00001,Super Mario BOOM,28799,03/14/2026, 11:22:04,1066
APRL00001,Super Mario BOOM,28799,03/14/2026, 12:43:43,1066
APRL00001,Super Mario BOOM,28799,03/14/2026, 13:43:44,1066
APRL00001,Super Mario BOOM,28800,03/14/2026, 14:26:11,1066
APRL00001,Super Mario BOOM,28801,03/14/2026, 15:25:13,1066
APRL00001,Super Mario BOOM,28801,03/14/2026, 16:27:58,1066
APRL00001,Super Mario BOOM,28801,03/14/2026, 17:24:52,1066
APRL00001,Super Mario BOOM,28802,03/14/2026, 18:34:19,1066
APRL00001,Super Mario BOOM,28803,03/14/2026, 19:25:24,1066
APRL00001,Super Mario BOOM,28803,03/14/2026, 20:25:12,1066
APRL00001,Super Mario BOOM,28804,03/14/2026, 21:24:32,1066
APRL00001,Super Mario BOOM,28804,03/14/2026, 22:22:54,1066
APRL00001,Super Mario BOOM,28805,03/14/2026, 23:25:34,1066
APRL00001,Super Mario BOOM,28810,03/15/2026, 02:03:14,1066
APRL00001,Super Mario BOOM,28810,03/15/2026, 05:03:50,1066
APRL00001,Super Mario BOOM,28810,03/15/2026, 06:53:22,1066
APRL00001,Super Mario BOOM,28811,03/15/2026, 07:43:46,1066
APRL00001,Super Mario BOOM,28811,03/15/2026, 08:33:47,1066
APRL00001,Super Mario BOOM,28811,03/15/2026, 09:31:49,1066
APRL00001,Super Mario BOOM,28811,03/15/2026, 10:26:41,1066
APRL00001,Super Mario BOOM,28812,03/15/2026, 11:24:22,1066
APRL00001,Super Mario BOOM,28812,03/15/2026, 12:44:27,1066
APRL00001,Super Mario BOOM,28812,03/15/2026, 13:45:12,1066
APRL00001,Super Mario BOOM,28812,03/15/2026, 15:27:17,1066
APRL00001,Super Mario BOOM,28813,03/15/2026, 16:29:05,1066
APRL00001,Super Mario BOOM,28814,03/15/2026, 17:25:37,1066
APRL00001,Super Mario BOOM,28814,03/15/2026, 18:34:50,1066
APRL00001,Super Mario BOOM,28814,03/15/2026, 19:26:43,1066
APRL00001,Super Mario BOOM,28817,03/15/2026, 20:25:56,1066
APRL00001,Super Mario BOOM,28818,03/15/2026, 22:24:35,1066
APRL00001,Super Mario BOOM,28818,03/15/2026, 23:27:30,1066
APRL00001,Super Mario BOOM,28820,03/16/2026, 02:04:39,1066
APRL00001,Super Mario BOOM,28823,03/16/2026, 05:13:15,1066
APRL00001,Super Mario BOOM,28823,03/16/2026, 07:12:43,1066
APRL00001,Super Mario BOOM,28824,03/16/2026, 08:53:28,1066
APRL00001,Super Mario BOOM,28825,03/16/2026, 10:04:20,1066
APRL00001,Super Mario BOOM,28827,03/16/2026, 13:04:09,1066
APRL00001,Super Mario BOOM,28827,03/16/2026, 14:57:12,1066
APRL00001,Super Mario BOOM,28828,03/16/2026, 16:03:47,1066
APRL00001,Super Mario BOOM,28829,03/16/2026, 17:58:33,1066
APRL00001,Super Mario BOOM,28832,03/16/2026, 19:01:44,1066
APRL00001,Super Mario BOOM,28832,03/16/2026, 19:55:17,1066
APRL00001,Super Mario BOOM,28832,03/16/2026, 20:35:56,1066
APRL00001,Super Mario BOOM,28832,03/16/2026, 21:36:49,1066
APRL00001,Super Mario BOOM,28832,03/16/2026, 22:30:18,1066
APRL00001,Super Mario BOOM,28833,03/16/2026, 23:29:50,1066
APRL00001,Super Mario BOOM,28833,03/17/2026, 01:52:03,1066
APRL00001,Super Mario BOOM,28833,03/17/2026, 04:17:18,1066
APRL00001,Super Mario BOOM,28834,03/17/2026, 05:58:00,1066
APRL00001,Super Mario BOOM,28834,03/17/2026, 07:03:15,1066
APRL00001,Super Mario BOOM,28834,03/17/2026, 08:00:22,1066
APRL00001,Super Mario BOOM,28834,03/17/2026, 08:59:18,1066
APRL00001,Super Mario BOOM,28834,03/17/2026, 09:58:37,1066
APRL00001,Super Mario BOOM,28834,03/17/2026, 10:52:43,1066
APRL00001,Super Mario BOOM,28835,03/17/2026, 11:43:14,1066
APRL00001,Super Mario BOOM,28835,03/17/2026, 13:04:58,1066
APRL00001,Super Mario BOOM,28835,03/17/2026, 14:56:29,1066
APRL00001,Super Mario BOOM,28835,03/17/2026, 16:03:17,1066
APRL00001,Super Mario BOOM,28835,03/17/2026, 17:58:54,1066
APRL00001,Super Mario BOOM,28835,03/17/2026, 18:58:13,1066
APRL00001,Super Mario BOOM,28835,03/17/2026, 19:54:34,1066
APRL00001,Super Mario BOOM,28835,03/17/2026, 20:36:42,1066
APRL00001,Super Mario BOOM,28837,03/17/2026, 21:35:42,1066
APRL00001,Super Mario BOOM,28837,03/17/2026, 22:30:48,1066
APRL00001,Super Mario BOOM,28838,03/17/2026, 23:30:20,1066
APRL00001,Super Mario BOOM,28839,03/18/2026, 01:56:16,1066
APRL00001,Super Mario BOOM,28839,03/18/2026, 04:24:14,1066
APRL00001,Super Mario BOOM,28840,03/18/2026, 06:01:38,1066
APRL00001,Super Mario BOOM,28841,03/18/2026, 07:14:43,1066
APRL00001,Super Mario BOOM,28842,03/18/2026, 08:44:13,1066
APRL00001,Super Mario BOOM,28842,03/18/2026, 09:53:42,1066
APRL00001,Super Mario BOOM,28842,03/18/2026, 10:50:19,1066
APRL00001,Super Mario BOOM,28842,03/18/2026, 11:44:01,1066
APRL00001,Super Mario BOOM,28842,03/18/2026, 13:04:22,1066
APRL00001,Super Mario BOOM,28843,03/18/2026, 15:00:38,1066
APRL00001,Super Mario BOOM,28843,03/18/2026, 16:11:17,1066
APRL00001,Super Mario BOOM,28843,03/18/2026, 17:59:47,1066
APRL00001,Super Mario BOOM,28844,03/18/2026, 19:07:02,1066
APRL00001,Super Mario BOOM,28844,03/18/2026, 20:35:04,1066
APRL00001,Super Mario BOOM,28845,03/18/2026, 21:32:13,1066
APRL00001,Super Mario BOOM,28846,03/18/2026, 22:31:07,1066
APRL00001,Super Mario BOOM,28847,03/18/2026, 23:29:23,1066
APRL00001,Super Mario BOOM,28847,03/19/2026, 01:57:08,1066
APRL00001,Super Mario BOOM,28847,03/19/2026, 04:23:09,1066
APRL00001,Super Mario BOOM,28847,03/19/2026, 05:56:51,1066
APRL00001,Super Mario BOOM,28847,03/19/2026, 06:56:38,1066
APRL00001,Super Mario BOOM,28847,03/19/2026, 07:46:06,1066
APRL00001,Super Mario BOOM,28847,03/19/2026, 08:39:11,1066
APRL00001,Super Mario BOOM,28847,03/19/2026, 09:40:38,1066
APRL00001,Super Mario BOOM,28847,03/19/2026, 10:38:08,1066
APRL00001,Super Mario BOOM,28847,03/19/2026, 11:34:23,1066
APRL00001,Super Mario BOOM,28847,03/19/2026, 12:57:39,1066
APRL00001,Super Mario BOOM,28847,03/19/2026, 14:08:13,1066
APRL00001,Super Mario BOOM,28847,03/19/2026, 15:52:58,1066
APRL00001,Super Mario BOOM,28848,03/19/2026, 16:55:56,1066
APRL00001,Super Mario BOOM,28848,03/19/2026, 17:53:05,1066
APRL00001,Super Mario BOOM,28848,03/19/2026, 18:54:33,1066
APRL00001,Super Mario BOOM,28849,03/19/2026, 19:45:14,1066
APRL00001,Super Mario BOOM,28849,03/19/2026, 20:34:52,1066
APRL00001,Super Mario BOOM,28850,03/19/2026, 21:33:19,1066
APRL00001,Super Mario BOOM,28850,03/19/2026, 22:25:49,1066
APRL00001,Super Mario BOOM,28851,03/19/2026, 23:28:05,1066
APRL00001,Super Mario BOOM,28853,03/20/2026, 01:51:46,1066
APRL00001,Super Mario BOOM,28855,03/20/2026, 04:12:41,1066
APRL00001,Super Mario BOOM,28856,03/20/2026, 05:50:22,1066
APRL00001,Super Mario BOOM,28856,03/20/2026, 06:51:54,1066
APRL00001,Super Mario BOOM,28856,03/20/2026, 07:44:28,1066
APRL00001,Super Mario BOOM,28857,03/20/2026, 08:37:47,1066
APRL00001,Super Mario BOOM,28857,03/20/2026, 09:38:38,1066
APRL00001,Super Mario BOOM,28857,03/20/2026, 10:35:56,1066
APRL00001,Super Mario BOOM,28857,03/20/2026, 11:29:59,1066
APRL00001,Super Mario BOOM,28857,03/20/2026, 12:53:44,1066
APRL00001,Super Mario BOOM,28857,03/20/2026, 14:01:00,1066
APRL00001,Super Mario BOOM,28858,03/20/2026, 14:50:44,1066
APRL00001,Super Mario BOOM,28858,03/20/2026, 15:40:23,1066
APRL00001,Super Mario BOOM,28858,03/20/2026, 16:40:37,1066
APRL00001,Super Mario BOOM,28858,03/20/2026, 17:35:01,1066
APRL00001,Super Mario BOOM,28858,03/20/2026, 18:43:54,1066
APRL00001,Super Mario BOOM,28861,03/20/2026, 19:36:45,1066
APRL00001,Super Mario BOOM,28864,03/20/2026, 20:29:23,1066
APRL00001,Super Mario BOOM,28864,03/20/2026, 21:28:26,1066
APRL00001,Super Mario BOOM,28864,03/20/2026, 22:26:06,1066
APRL00001,Super Mario BOOM,28864,03/20/2026, 23:26:55,1066
APRL00001,Super Mario BOOM,28866,03/21/2026, 01:45:41,1066
APRL00001,Super Mario BOOM,28871,03/21/2026, 04:03:56,1066
APRL00001,Super Mario BOOM,28871,03/21/2026, 05:39:09,1066
APRL00001,Super Mario BOOM,28871,03/21/2026, 06:39:22,1066
APRL00001,Super Mario BOOM,28871,03/21/2026, 07:32:25,1066
APRL00001,Super Mario BOOM,28873,03/21/2026, 08:29:34,1066
APRL00001,Super Mario BOOM,28873,03/21/2026, 09:29:29,1066
APRL00001,Super Mario BOOM,28874,03/21/2026, 10:24:15,1066
APRL00001,Super Mario BOOM,28874,03/21/2026, 11:21:47,1066
APRL00001,Super Mario BOOM,28874,03/21/2026, 12:41:42,1066
APRL00001,Super Mario BOOM,28874,03/21/2026, 13:41:06,1066
APRL00001,Super Mario BOOM,28874,03/21/2026, 14:25:03,1066
APRL00001,Super Mario BOOM,28874,03/21/2026, 15:23:33,1066
APRL00001,Super Mario BOOM,28874,03/21/2026, 16:26:18,1066
APRL00001,Super Mario BOOM,28875,03/21/2026, 17:23:49,1066
APRL00001,Super Mario BOOM,28875,03/21/2026, 18:32:41,1066
APRL00001,Super Mario BOOM,28876,03/21/2026, 19:22:55,1066
APRL00001,Super Mario BOOM,28877,03/21/2026, 20:23:20,1066
APRL00001,Super Mario BOOM,28877,03/21/2026, 21:22:36,1066
APRL00001,Super Mario BOOM,28877,03/21/2026, 22:21:44,1066
APRL00001,Super Mario BOOM,28877,03/21/2026, 23:22:30,1066
APRL00001,Super Mario BOOM,28877,03/22/2026, 01:56:55,1066
APRL00001,Super Mario BOOM,28878,03/22/2026, 04:19:26,1066
APRL00001,Super Mario BOOM,28878,03/22/2026, 05:52:30,1066
APRL00001,Super Mario BOOM,28879,03/22/2026, 06:46:57,1066
APRL00001,Super Mario BOOM,28880,03/22/2026, 07:37:32,1066
APRL00001,Super Mario BOOM,28881,03/22/2026, 08:31:47,1066
APRL00001,Super Mario BOOM,28881,03/22/2026, 09:29:56,1066
APRL00001,Super Mario BOOM,28882,03/22/2026, 10:25:11,1066
APRL00001,Super Mario BOOM,28882,03/22/2026, 11:22:20,1066
APRL00001,Super Mario BOOM,28883,03/22/2026, 12:43:52,1066
APRL00001,Super Mario BOOM,28883,03/22/2026, 13:42:53,1066
APRL00001,Super Mario BOOM,28884,03/22/2026, 14:25:48,1066
APRL00001,Super Mario BOOM,28885,03/22/2026, 15:23:58,1066
APRL00001,Super Mario BOOM,28886,03/22/2026, 16:27:28,1066
APRL00001,Super Mario BOOM,28887,03/22/2026, 17:23:22,1066
APRL00001,Super Mario BOOM,28888,03/22/2026, 18:32:59,1066
APRL00001,Super Mario BOOM,28889,03/22/2026, 19:23:53,1066
APRL00001,Super Mario BOOM,28891,03/22/2026, 20:24:01,1066
APRL00001,Super Mario BOOM,28892,03/22/2026, 21:24:11,1066
APRL00001,Super Mario BOOM,28892,03/22/2026, 22:23:07,1066
APRL00001,Super Mario BOOM,28892,03/22/2026, 23:25:26,1066
APRL00001,Super Mario BOOM,28895,03/23/2026, 01:57:57,1066
APRL00001,Super Mario BOOM,28896,03/23/2026, 04:28:44,1066
APRL00001,Super Mario BOOM,28898,03/23/2026, 06:09:49,1066
APRL00001,Super Mario BOOM,28899,03/23/2026, 08:01:45,1066
APRL00001,Super Mario BOOM,28899,03/23/2026, 09:08:48,1066
APRL00001,Super Mario BOOM,28899,03/23/2026, 10:51:50,1066
APRL00001,Super Mario BOOM,28899,03/23/2026, 11:42:46,1066
APRL00001,Super Mario BOOM,28899,03/23/2026, 13:00:31,1066
APRL00001,Super Mario BOOM,28900,03/23/2026, 14:18:31,1066
APRL00001,Super Mario BOOM,28900,03/23/2026, 15:58:26,1066
APRL00001,Super Mario BOOM,28900,03/23/2026, 16:56:58,1066
APRL00001,Super Mario BOOM,28901,03/23/2026, 17:50:39,1066
APRL00001,Super Mario BOOM,28902,03/23/2026, 18:50:38,1066
APRL00001,Super Mario BOOM,28902,03/23/2026, 19:47:01,1066
APRL00001,Super Mario BOOM,28902,03/23/2026, 20:35:53,1066
APRL00001,Super Mario BOOM,28902,03/23/2026, 21:34:40,1066
APRL00001,Super Mario BOOM,28903,03/23/2026, 22:30:07,1066
APRL00001,Super Mario BOOM,28903,03/23/2026, 23:30:17,1066
APRL00001,Super Mario BOOM,28905,03/24/2026, 01:49:39,1066
APRL00001,Super Mario BOOM,28905,03/24/2026, 04:17:17,1066
APRL00001,Super Mario BOOM,28905,03/24/2026, 05:59:50,1066
APRL00001,Super Mario BOOM,28905,03/24/2026, 07:05:12,1066
APRL00001,Super Mario BOOM,28905,03/24/2026, 08:48:50,1066
APRL00001,Super Mario BOOM,28905,03/24/2026, 09:54:35,1066
APRL00001,Super Mario BOOM,28905,03/24/2026, 10:50:08,1066
APRL00001,Super Mario BOOM,28905,03/24/2026, 11:43:58,1066
APRL00001,Super Mario BOOM,28905,03/24/2026, 13:04:45,1066
APRL00001,Super Mario BOOM,28905,03/24/2026, 14:55:28,1066
APRL00001,Super Mario BOOM,28905,03/24/2026, 16:04:43,1066
APRL00001,Super Mario BOOM,28906,03/24/2026, 17:54:31,1066
APRL00001,Super Mario BOOM,28909,03/24/2026, 18:59:32,1066
APRL00001,Super Mario BOOM,28909,03/24/2026, 19:55:02,1066
APRL00001,Super Mario BOOM,28909,03/24/2026, 20:39:00,1066
APRL00001,Super Mario BOOM,28910,03/24/2026, 21:36:03,1066
APRL00001,Super Mario BOOM,28912,03/24/2026, 22:27:41,1066
APRL00001,Super Mario BOOM,28912,03/24/2026, 23:30:00,1066
APRL00001,Super Mario BOOM,28912,03/25/2026, 01:55:32,1066
APRL00001,Super Mario BOOM,28913,03/25/2026, 04:20:07,1066
APRL00001,Super Mario BOOM,28914,03/25/2026, 05:59:37,1066
APRL00001,Super Mario BOOM,28914,03/25/2026, 07:06:08,1066
APRL00001,Super Mario BOOM,28915,03/25/2026, 08:45:49,1066
APRL00001,Super Mario BOOM,28915,03/25/2026, 09:52:35,1066
APRL00001,Super Mario BOOM,28915,03/25/2026, 10:45:34,1066
APRL00001,Super Mario BOOM,28915,03/25/2026, 11:40:42,1066
APRL00001,Super Mario BOOM,28915,03/25/2026, 13:02:29,1066
APRL00001,Super Mario BOOM,28917,03/25/2026, 14:22:22,1066
APRL00001,Super Mario BOOM,28917,03/25/2026, 16:08:35,1066
APRL00001,Super Mario BOOM,28917,03/25/2026, 17:56:52,1066
APRL00001,Super Mario BOOM,28917,03/25/2026, 18:53:14,1066
APRL00001,Super Mario BOOM,28920,03/25/2026, 19:45:10,1066
APRL00001,Super Mario BOOM,28920,03/25/2026, 20:36:12,1066
APRL00001,Super Mario BOOM,28920,03/25/2026, 21:36:47,1066
APRL00001,Super Mario BOOM,28920,03/25/2026, 22:33:36,1066
APRL00001,Super Mario BOOM,28920,03/25/2026, 23:32:31,1066
APRL00001,Super Mario BOOM,28920,03/26/2026, 02:01:45,1066
APRL00001,Super Mario BOOM,28921,03/26/2026, 04:40:14,1066
APRL00001,Super Mario BOOM,28921,03/26/2026, 08:01:54,1066
APRL00001,Super Mario BOOM,28921,03/26/2026, 09:09:48,1066
APRL00001,Super Mario BOOM,28921,03/26/2026, 10:51:41,1066
APRL00001,Super Mario BOOM,28922,03/26/2026, 11:48:30,1066
APRL00001,Super Mario BOOM,28922,03/26/2026, 13:07:20,1066
APRL00001,Super Mario BOOM,28923,03/26/2026, 15:01:14,1066
APRL00001,Super Mario BOOM,28923,03/26/2026, 18:00:19,1066
APRL00001,Super Mario BOOM,28924,03/26/2026, 19:14:01,1066
APRL00001,Super Mario BOOM,28924,03/26/2026, 20:34:12,1066
APRL00001,Super Mario BOOM,28924,03/26/2026, 21:29:39,1066
APRL00001,Super Mario BOOM,28925,03/26/2026, 22:27:31,1066
APRL00001,Super Mario BOOM,28927,03/26/2026, 23:30:31,1066
APRL00001,Super Mario BOOM,28929,03/27/2026, 02:02:45,1066
APRL00001,Super Mario BOOM,28930,03/27/2026, 05:05:24,1066
APRL00001,Super Mario BOOM,28930,03/27/2026, 07:03:51,1066
APRL00001,Super Mario BOOM,28932,03/27/2026, 08:47:12,1066
APRL00001,Super Mario BOOM,28932,03/27/2026, 09:52:54,1066
APRL00001,Super Mario BOOM,28932,03/27/2026, 10:44:46,1066
APRL00001,Super Mario BOOM,28932,03/27/2026, 11:40:37,1066
APRL00001,Super Mario BOOM,28932,03/27/2026, 12:59:22,1066
APRL00001,Super Mario BOOM,28933,03/27/2026, 14:13:36,1066
APRL00001,Super Mario BOOM,28933,03/27/2026, 16:52:13,1066
APRL00001,Super Mario BOOM,28933,03/27/2026, 17:47:42,1066
APRL00001,Super Mario BOOM,28933,03/27/2026, 18:52:54,1066
APRL00001,Super Mario BOOM,28933,03/27/2026, 19:40:46,1066
APRL00001,Super Mario BOOM,28934,03/27/2026, 20:36:14,1066
APRL00001,Super Mario BOOM,28934,03/27/2026, 21:31:46,1066
APRL00001,Super Mario BOOM,28934,03/27/2026, 22:29:48,1066
APRL00001,Super Mario BOOM,28935,03/27/2026, 23:30:19,1066
APRL00001,Super Mario BOOM,28935,03/28/2026, 01:54:09,1066
APRL00001,Super Mario BOOM,28935,03/28/2026, 04:19:19,1066
APRL00001,Super Mario BOOM,28936,03/28/2026, 05:55:40,1066
APRL00001,Super Mario BOOM,28937,03/28/2026, 06:56:11,1066
APRL00001,Super Mario BOOM,28937,03/28/2026, 07:43:59,1066
APRL00001,Super Mario BOOM,28937,03/28/2026, 08:36:27,1066
APRL00001,Super Mario BOOM,28937,03/28/2026, 09:35:09,1066
APRL00001,Super Mario BOOM,28938,03/28/2026, 10:29:37,1066
APRL00001,Super Mario BOOM,28938,03/28/2026, 11:26:51,1066
APRL00001,Super Mario BOOM,28940,03/28/2026, 12:48:07,1066
APRL00001,Super Mario BOOM,28941,03/28/2026, 13:49:52,1066
APRL00001,Super Mario BOOM,28941,03/28/2026, 14:30:07,1066
APRL00001,Super Mario BOOM,28941,03/28/2026, 15:28:48,1066
APRL00001,Super Mario BOOM,28941,03/28/2026, 16:30:31,1066
APRL00001,Super Mario BOOM,28943,03/28/2026, 17:26:55,1066
APRL00001,Super Mario BOOM,28944,03/28/2026, 18:36:40,1066
APRL00001,Super Mario BOOM,28945,03/28/2026, 19:28:39,1066
APRL00001,Super Mario BOOM,28947,03/28/2026, 20:26:58,1066
APRL00001,Super Mario BOOM,28948,03/28/2026, 21:28:24,1066
APRL00001,Super Mario BOOM,28948,03/28/2026, 22:26:24,1066
APRL00001,Super Mario BOOM,28948,03/28/2026, 23:28:46,1066
APRL00001,Super Mario BOOM,28951,03/29/2026, 02:05:23,1066
APRL00001,Super Mario BOOM,28952,03/29/2026, 05:09:08,1066
APRL00001,Super Mario BOOM,28954,03/29/2026, 07:00:10,1066
APRL00001,Super Mario BOOM,28954,03/29/2026, 07:55:24,1066
APRL00001,Super Mario BOOM,28955,03/29/2026, 08:37:20,1066
APRL00001,Super Mario BOOM,28955,03/29/2026, 09:34:40,1066
APRL00001,Super Mario BOOM,28955,03/29/2026, 10:30:39,1066
APRL00001,Super Mario BOOM,28955,03/29/2026, 11:26:58,1066
APRL00001,Super Mario BOOM,28955,03/29/2026, 12:48:50,1066
APRL00001,Super Mario BOOM,28955,03/29/2026, 13:52:11,1066
APRL00001,Super Mario BOOM,28955,03/29/2026, 14:32:25,1066
APRL00001,Super Mario BOOM,28955,03/29/2026, 15:29:31,1066
APRL00001,Super Mario BOOM,28955,03/29/2026, 16:32:11,1066
APRL00001,Super Mario BOOM,28956,03/29/2026, 17:28:03,1066
APRL00001,Super Mario BOOM,28956,03/29/2026, 18:38:33,1066
APRL00001,Super Mario BOOM,28960,03/29/2026, 19:31:13,1066
APRL00001,Super Mario BOOM,28960,03/29/2026, 20:28:49,1066
APRL00001,Super Mario BOOM,28961,03/29/2026, 21:29:43,1066
APRL00001,Super Mario BOOM,28961,03/29/2026, 22:28:16,1066
APRL00001,Super Mario BOOM,28962,03/29/2026, 23:29:57,1066
APRL00001,Super Mario BOOM,28963,03/30/2026, 02:07:39,1066
APRL00001,Super Mario BOOM,28966,03/30/2026, 05:21:57,1066
APRL00001,Super Mario BOOM,28966,03/30/2026, 07:23:55,1066
APRL00001,Super Mario BOOM,28966,03/30/2026, 09:08:51,1066
APRL00001,Super Mario BOOM,28967,03/30/2026, 11:00:09,1066
APRL00001,Super Mario BOOM,28967,03/30/2026, 11:56:32,1066
APRL00001,Super Mario BOOM,28969,03/30/2026, 13:12:26,1066
APRL00001,Super Mario BOOM,28971,03/30/2026, 15:01:55,1066
APRL00001,Super Mario BOOM,28971,03/30/2026, 16:10:56,1066
APRL00001,Super Mario BOOM,28971,03/30/2026, 17:53:26,1066
APRL00001,Super Mario BOOM,28971,03/30/2026, 18:56:20,1066
APRL00001,Super Mario BOOM,28971,03/30/2026, 19:55:18,1066
APRL00001,Super Mario BOOM,28972,03/30/2026, 20:42:28,1066
APRL00001,Super Mario BOOM,28974,03/30/2026, 21:40:00,1066
APRL00001,Super Mario BOOM,28974,03/30/2026, 22:33:04,1066
APRL00001,Super Mario BOOM,28974,03/30/2026, 23:33:07,1066
APRL00001,Super Mario BOOM,28977,03/31/2026, 02:03:38,1066
APRL00001,Super Mario BOOM,28978,03/31/2026, 05:07:13,1066
APRL00001,Super Mario BOOM,28979,03/31/2026, 07:09:05,1066
APRL00001,Super Mario BOOM,28980,03/31/2026, 08:55:03,1066
APRL00001,Super Mario BOOM,28980,03/31/2026, 10:04:01,1066
APRL00001,Super Mario BOOM,28980,03/31/2026, 11:45:56,1066
APRL00001,Super Mario BOOM,28981,03/31/2026, 13:10:36,1066
APRL00001,Super Mario BOOM,28981,03/31/2026, 15:00:23,1066
APRL00001,Super Mario BOOM,28982,03/31/2026, 16:08:34,1066
APRL00001,Super Mario BOOM,28983,03/31/2026, 17:55:09,1066
APRL00001,Super Mario BOOM,28984,03/31/2026, 18:58:55,1066
APRL00001,Super Mario BOOM,28986,03/31/2026, 19:56:04,1066
APRL00001,Super Mario BOOM,28987,03/31/2026, 20:40:58,1066
APRL00001,Super Mario BOOM,28988,03/31/2026, 21:36:57,1066
APRL00001,Super Mario BOOM,28989,03/31/2026, 22:32:25,1066
APRL00001,Super Mario BOOM,28989,03/31/2026, 23:32:20,1066
APRL00001,Super Mario BOOM,28991,04/01/2026, 02:12:04,1066
APRL00001,Super Mario BOOM,28991,04/01/2026, 05:22:35,1066
APRL00001,Super Mario BOOM,28991,04/01/2026, 07:16:46,1066
APRL00001,Super Mario BOOM,28993,04/01/2026, 09:00:41,1066
APRL00001,Super Mario BOOM,28993,04/01/2026, 10:11:09,1066
APRL00001,Super Mario BOOM,28993,04/01/2026, 11:51:44,1066
APRL00001,Super Mario BOOM,28993,04/01/2026, 13:14:36,1066
APRL00001,Super Mario BOOM,28993,04/01/2026, 15:02:15,1066
APRL00001,Super Mario BOOM,28994,04/01/2026, 16:11:41,1066
APRL00001,Super Mario BOOM,28994,04/01/2026, 17:48:04,1066
APRL00001,Super Mario BOOM,28994,04/01/2026, 18:57:54,1066
APRL00001,Super Mario BOOM,28995,04/01/2026, 19:58:19,1066
APRL00001,Super Mario BOOM,28996,04/01/2026, 20:42:31,1066
APRL00001,Super Mario BOOM,28998,04/01/2026, 21:40:00,1066
APRL00001,Super Mario BOOM,28998,04/01/2026, 22:35:23,1066
APRL00001,Super Mario BOOM,28999,04/01/2026, 23:34:21,1066
APRL00001,Super Mario BOOM,28999,04/02/2026, 01:59:49,1066
APRL00001,Super Mario BOOM,29000,04/02/2026, 04:32:58,1066
APRL00001,Super Mario BOOM,29000,04/02/2026, 06:11:14,1066
APRL00001,Super Mario BOOM,29001,04/02/2026, 08:05:19,1066
APRL00001,Super Mario BOOM,29002,04/02/2026, 09:59:47,1066
APRL00001,Super Mario BOOM,29002,04/02/2026, 10:54:22,1066
APRL00001,Super Mario BOOM,29003,04/02/2026, 11:44:27,1066
APRL00001,Super Mario BOOM,29003,04/02/2026, 13:06:01,1066
APRL00001,Super Mario BOOM,29003,04/02/2026, 14:53:54,1066
APRL00001,Super Mario BOOM,29004,04/02/2026, 15:59:18,1066
APRL00001,Super Mario BOOM,29004,04/02/2026, 16:58:20,1066
APRL00001,Super Mario BOOM,29004,04/02/2026, 17:50:11,1066
APRL00001,Super Mario BOOM,29004,04/02/2026, 18:53:44,1066
APRL00001,Super Mario BOOM,29004,04/02/2026, 19:49:32,1066
APRL00001,Super Mario BOOM,29004,04/02/2026, 20:33:08,1066
APRL00001,Super Mario BOOM,29005,04/02/2026, 21:35:19,1066
APRL00001,Super Mario BOOM,29006,04/02/2026, 22:29:37,1066
APRL00001,Super Mario BOOM,29006,04/02/2026, 23:33:12,1066
APRL00001,Super Mario BOOM,29007,04/03/2026, 02:01:16,1066
APRL00001,Super Mario BOOM,29010,04/03/2026, 04:35:59,1066
APRL00001,Super Mario BOOM,29010,04/03/2026, 06:12:01,1066
APRL00001,Super Mario BOOM,29011,04/03/2026, 08:02:04,1066
APRL00001,Super Mario BOOM,29011,04/03/2026, 09:06:54,1066
APRL00001,Super Mario BOOM,29011,04/03/2026, 10:40:58,1066
APRL00001,Super Mario BOOM,29012,04/03/2026, 11:36:36,1066
APRL00001,Super Mario BOOM,29013,04/03/2026, 12:58:13,1066
APRL00001,Super Mario BOOM,29013,04/03/2026, 14:02:46,1066
APRL00001,Super Mario BOOM,29015,04/03/2026, 15:38:10,1066
APRL00001,Super Mario BOOM,29016,04/03/2026, 16:37:06,1066
APRL00001,Super Mario BOOM,29018,04/03/2026, 17:32:16,1066
APRL00001,Super Mario BOOM,29019,04/03/2026, 18:42:24,1066
APRL00001,Super Mario BOOM,29019,04/03/2026, 19:37:35,1066
APRL00001,Super Mario BOOM,29019,04/03/2026, 20:33:22,1066
APRL00001,Super Mario BOOM,29021,04/03/2026, 21:31:23,1066
APRL00001,Super Mario BOOM,29022,04/03/2026, 22:30:37,1066
APRL00001,Super Mario BOOM,29022,04/03/2026, 23:31:31,1066
APRL00001,Super Mario BOOM,29022,04/04/2026, 01:54:08,1066
APRL00001,Super Mario BOOM,29022,04/04/2026, 04:16:22,1066
APRL00001,Super Mario BOOM,29022,04/04/2026, 05:55:54,1066
APRL00001,Super Mario BOOM,29023,04/04/2026, 06:57:53,1066
APRL00001,Super Mario BOOM,29024,04/04/2026, 07:48:51,1066
APRL00001,Super Mario BOOM,29024,04/04/2026, 08:38:39,1066
APRL00001,Super Mario BOOM,29024,04/04/2026, 09:35:38,1066
APRL00001,Super Mario BOOM,29024,04/04/2026, 10:30:54,1066
APRL00001,Super Mario BOOM,29024,04/04/2026, 11:27:25,1066
APRL00001,Super Mario BOOM,29027,04/04/2026, 12:47:47,1066
APRL00001,Super Mario BOOM,29028,04/04/2026, 13:52:14,1066
APRL00001,Super Mario BOOM,29028,04/04/2026, 14:32:14,1066
APRL00001,Super Mario BOOM,29029,04/04/2026, 15:28:56,1066
APRL00001,Super Mario BOOM,29029,04/04/2026, 16:32:38,1066
APRL00001,Super Mario BOOM,29030,04/04/2026, 17:28:02,1066
APRL00001,Super Mario BOOM,29030,04/04/2026, 18:38:11,1066
APRL00001,Super Mario BOOM,29030,04/04/2026, 19:29:44,1066
APRL00001,Super Mario BOOM,29030,04/04/2026, 20:27:51,1066
APRL00001,Super Mario BOOM,29030,04/04/2026, 21:29:23,1066
APRL00001,Super Mario BOOM,29030,04/04/2026, 22:27:31,1066
APRL00001,Super Mario BOOM,29032,04/04/2026, 23:29:08,1066
APRL00001,Super Mario BOOM,29033,04/05/2026, 02:07:15,1066
APRL00001,Super Mario BOOM,29035,04/05/2026, 05:10:13,1066
APRL00001,Super Mario BOOM,29037,04/05/2026, 07:02:11,1066
APRL00001,Super Mario BOOM,29037,04/05/2026, 08:00:17,1066
APRL00001,Super Mario BOOM,29037,04/05/2026, 08:51:47,1066
APRL00001,Super Mario BOOM,29037,04/05/2026, 09:37:00,1066
APRL00001,Super Mario BOOM,29037,04/05/2026, 10:31:01,1066
APRL00001,Super Mario BOOM,29037,04/05/2026, 11:28:27,1066
APRL00001,Super Mario BOOM,29037,04/05/2026, 12:52:13,1066
APRL00001,Super Mario BOOM,29037,04/05/2026, 13:53:38,1066
APRL00001,Super Mario BOOM,29038,04/05/2026, 14:33:44,1066
APRL00001,Super Mario BOOM,29039,04/05/2026, 15:30:36,1066
APRL00001,Super Mario BOOM,29039,04/05/2026, 16:34:14,1066
APRL00001,Super Mario BOOM,29039,04/05/2026, 17:28:21,1066
APRL00001,Super Mario BOOM,29040,04/05/2026, 18:40:15,1066
APRL00001,Super Mario BOOM,29041,04/05/2026, 19:32:59,1066
APRL00001,Super Mario BOOM,29043,04/05/2026, 20:29:50,1066
APRL00001,Super Mario BOOM,29045,04/05/2026, 21:29:31,1066
APRL00001,Super Mario BOOM,29046,04/05/2026, 22:28:44,1066
APRL00001,Super Mario BOOM,29046,04/05/2026, 23:31:08,1066
APRL00001,Super Mario BOOM,29051,04/06/2026, 02:08:30,1066
APRL00001,Super Mario BOOM,29052,04/06/2026, 05:21:54,1066
APRL00001,Super Mario BOOM,29053,04/06/2026, 07:25:58,1066
APRL00001,Super Mario BOOM,29054,04/06/2026, 09:06:09,1066
APRL00001,Super Mario BOOM,29054,04/06/2026, 10:54:06,1066
APRL00001,Super Mario BOOM,29054,04/06/2026, 11:46:20,1066
APRL00001,Super Mario BOOM,29055,04/06/2026, 13:03:35,1066
APRL00001,Super Mario BOOM,29055,04/06/2026, 14:44:23,1066
APRL00001,Super Mario BOOM,29055,04/06/2026, 15:43:46,1066
APRL00001,Super Mario BOOM,29057,04/06/2026, 16:43:14,1066
APRL00001,Super Mario BOOM,29057,04/06/2026, 17:42:48,1066
APRL00001,Super Mario BOOM,29057,04/06/2026, 18:55:01,1066
APRL00001,Super Mario BOOM,29059,04/06/2026, 19:52:02,1066
APRL00001,Super Mario BOOM,29060,04/06/2026, 20:35:53,1066
APRL00001,Super Mario BOOM,29062,04/06/2026, 21:36:20,1066
APRL00001,Super Mario BOOM,29062,04/06/2026, 22:34:14,1066
APRL00001,Super Mario BOOM,29062,04/06/2026, 23:33:12,1066
APRL00001,Super Mario BOOM,29067,04/07/2026, 02:04:38,1066
APRL00001,Super Mario BOOM,29071,04/07/2026, 05:07:22,1066
APRL00001,Super Mario BOOM,29071,04/07/2026, 07:11:58,1066
APRL00001,Super Mario BOOM,29071,04/07/2026, 08:59:12,1066
APRL00001,Super Mario BOOM,29071,04/07/2026, 10:08:40,1066
APRL00001,Super Mario BOOM,29072,04/07/2026, 11:52:57,1066
APRL00001,Super Mario BOOM,29072,04/07/2026, 13:12:54,1066
APRL00001,Super Mario BOOM,29073,04/07/2026, 15:05:36,1066
APRL00001,Super Mario BOOM,29074,04/07/2026, 16:55:24,1066
APRL00001,Super Mario BOOM,29074,04/07/2026, 17:57:39,1066
APRL00001,Super Mario BOOM,29075,04/07/2026, 19:00:50,1066
APRL00001,Super Mario BOOM,29075,04/07/2026, 20:00:08,1066
APRL00001,Super Mario BOOM,29076,04/07/2026, 20:53:07,1066
APRL00001,Super Mario BOOM,29076,04/07/2026, 21:40:35,1066
APRL00001,Super Mario BOOM,29076,04/07/2026, 22:36:05,1066
APRL00001,Super Mario BOOM,29076,04/07/2026, 23:35:26,1066
APRL00001,Super Mario BOOM,29077,04/08/2026, 02:05:17,1066
APRL00001,Super Mario BOOM,29078,04/08/2026, 05:09:30,1066
APRL00001,Super Mario BOOM,29078,04/08/2026, 07:14:30,1066
APRL00001,Super Mario BOOM,29078,04/08/2026, 08:58:12,1066
APRL00001,Super Mario BOOM,29078,04/08/2026, 10:07:19,1066
APRL00001,Super Mario BOOM,29079,04/08/2026, 11:53:24,1066
APRL00001,Super Mario BOOM,29079,04/08/2026, 13:14:58,1066
APRL00001,Super Mario BOOM,29080,04/08/2026, 15:07:40,1066
APRL00001,Super Mario BOOM,29080,04/08/2026, 16:59:15,1066
APRL00001,Super Mario BOOM,29080,04/08/2026, 18:07:34,1066
APRL00001,Super Mario BOOM,29080,04/08/2026, 19:58:09,1066
APRL00001,Super Mario BOOM,29081,04/08/2026, 20:41:17,1066
APRL00001,Super Mario BOOM,29081,04/08/2026, 21:39:39,1066
APRL00001,Super Mario BOOM,29082,04/08/2026, 22:37:05,1066
APRL00001,Super Mario BOOM,29082,04/08/2026, 23:36:10,1066
APRL00001,Super Mario BOOM,29082,04/09/2026, 01:57:30,1066
APRL00001,Super Mario BOOM,29084,04/09/2026, 04:33:18,1066
APRL00001,Super Mario BOOM,29085,04/09/2026, 06:21:00,1066
APRL00001,Super Mario BOOM,29086,04/09/2026, 08:19:50,1066
APRL00001,Super Mario BOOM,29087,04/09/2026, 10:10:55,1066
APRL00001,Super Mario BOOM,29087,04/09/2026, 11:54:21,1066
APRL00001,Super Mario BOOM,29088,04/09/2026, 13:19:43,1066
APRL00001,Super Mario BOOM,29088,04/09/2026, 15:20:20,1066
APRL00001,Super Mario BOOM,29089,04/09/2026, 17:04:42,1066
APRL00001,Super Mario BOOM,29091,04/09/2026, 19:00:45,1066
APRL00001,Super Mario BOOM,29092,04/09/2026, 20:05:03,1066
APRL00001,Super Mario BOOM,29095,04/09/2026, 21:43:56,1066
APRL00001,Super Mario BOOM,29095,04/09/2026, 22:38:59,1066
APRL00001,Super Mario BOOM,29095,04/09/2026, 23:36:22,1066
APRL00001,Super Mario BOOM,29096,04/10/2026, 02:09:54,1066
APRL00001,Super Mario BOOM,29097,04/10/2026, 05:23:00,1066
APRL00001,Super Mario BOOM,29097,04/10/2026, 07:23:45,1066
APRL00001,Super Mario BOOM,29097,04/10/2026, 09:05:57,1066
APRL00001,Super Mario BOOM,29097,04/10/2026, 10:51:49,1066
APRL00001,Super Mario BOOM,29097,04/10/2026, 11:45:29,1066
APRL00001,Super Mario BOOM,29097,04/10/2026, 13:03:00,1066
APRL00001,Super Mario BOOM,29097,04/10/2026, 14:45:17,1066
APRL00001,Super Mario BOOM,29097,04/10/2026, 15:49:36,1066
APRL00001,Super Mario BOOM,29098,04/10/2026, 16:47:31,1066
APRL00001,Super Mario BOOM,29099,04/10/2026, 17:45:38,1066
APRL00001,Super Mario BOOM,29099,04/10/2026, 18:47:14,1066
APRL00001,Super Mario BOOM,29099,04/10/2026, 19:43:19,1066
APRL00001,Super Mario BOOM,29099,04/10/2026, 20:33:18,1066
APRL00001,Super Mario BOOM,29099,04/10/2026, 21:35:05,1066
APRL00001,Super Mario BOOM,29099,04/10/2026, 22:34:50,1066
APRL00001,Super Mario BOOM,29099,04/10/2026, 23:33:15,1066
APRL00001,Super Mario BOOM,29099,04/11/2026, 01:58:35,1066
APRL00001,Super Mario BOOM,29100,04/11/2026, 04:22:47,1066
APRL00001,Super Mario BOOM,29100,04/11/2026, 05:59:22,1066
APRL00001,Super Mario BOOM,29101,04/11/2026, 07:04:06,1066
APRL00001,Super Mario BOOM,29103,04/11/2026, 08:40:00,1066
APRL00001,Super Mario BOOM,29103,04/11/2026, 09:38:14,1066
APRL00001,Super Mario BOOM,29103,04/11/2026, 10:32:00,1066
APRL00001,Super Mario BOOM,29104,04/11/2026, 11:29:26,1066
APRL00001,Super Mario BOOM,29104,04/11/2026, 12:52:02,1066
APRL00001,Super Mario BOOM,29105,04/11/2026, 13:55:42,1066
APRL00001,Super Mario BOOM,29105,04/11/2026, 14:35:15,1066
APRL00001,Super Mario BOOM,29105,04/11/2026, 15:32:06,1066
APRL00001,Super Mario BOOM,29105,04/11/2026, 16:33:58,1066
APRL00001,Super Mario BOOM,29106,04/11/2026, 18:40:26,1066
APRL00001,Super Mario BOOM,29106,04/11/2026, 19:34:07,1066
APRL00001,Super Mario BOOM,29107,04/11/2026, 20:29:59,1066
APRL00001,Super Mario BOOM,29109,04/11/2026, 21:30:23,1066
APRL00001,Super Mario BOOM,29109,04/11/2026, 22:29:38,1066
APRL00001,Super Mario BOOM,29110,04/12/2026, 02:11:41,1066
APRL00001,Super Mario BOOM,29110,04/12/2026, 05:21:30,1066
APRL00001,Super Mario BOOM,29110,04/12/2026, 07:10:34,1066
APRL00001,Super Mario BOOM,29111,04/12/2026, 08:43:58,1066
APRL00001,Super Mario BOOM,29111,04/12/2026, 09:43:18,1066
APRL00001,Super Mario BOOM,29111,04/12/2026, 10:41:56,1066
APRL00001,Super Mario BOOM,29111,04/12/2026, 12:55:54,1066
APRL00001,Super Mario BOOM,29112,04/12/2026, 13:59:47,1066
APRL00001,Super Mario BOOM,29112,04/12/2026, 14:42:59,1066
APRL00001,Super Mario BOOM,29112,04/12/2026, 15:34:23,1066
APRL00001,Super Mario BOOM,29112,04/12/2026, 16:35:57,1066
APRL00001,Super Mario BOOM,29113,04/12/2026, 17:33:19,1066
APRL00001,Super Mario BOOM,29114,04/12/2026, 18:42:41,1066
APRL00001,Super Mario BOOM,29114,04/12/2026, 19:38:24,1066
APRL00001,Super Mario BOOM,29114,04/12/2026, 20:33:04,1066
APRL00001,Super Mario BOOM,29114,04/12/2026, 21:32:51,1066
APRL00001,Super Mario BOOM,29116,04/12/2026, 22:31:02,1066
APRL00001,Super Mario BOOM,29116,04/12/2026, 23:32:22,1066
APRL00001,Super Mario BOOM,29118,04/13/2026, 02:24:36,1066
APRL00001,Super Mario BOOM,29120,04/13/2026, 05:39:12,1066
APRL00001,Super Mario BOOM,29121,04/13/2026, 07:58:40,1066
APRL00001,Super Mario BOOM,29123,04/13/2026, 09:55:31,1066
APRL00001,Super Mario BOOM,29124,04/13/2026, 11:16:21,1066
APRL00001,Super Mario BOOM,29124,04/13/2026, 15:15:11,1066
APRL00001,Super Mario BOOM,29126,04/13/2026, 17:01:49,1066
APRL00001,Super Mario BOOM,29128,04/13/2026, 18:10:02,1066
APRL00001,Super Mario BOOM,29130,04/13/2026, 21:45:21,1066
APRL00001,Super Mario BOOM,29130,04/13/2026, 22:41:33,1066
APRL00001,Super Mario BOOM,29131,04/13/2026, 23:40:46,1066
APRL00001,Super Mario BOOM,29131,04/14/2026, 02:10:40,1066
APRL00001,Super Mario BOOM,29132,04/14/2026, 05:21:28,1066
APRL00001,Super Mario BOOM,29134,04/14/2026, 07:26:53,1066
APRL00001,Super Mario BOOM,29134,04/14/2026, 09:15:22,1066
APRL00001,Super Mario BOOM,29135,04/14/2026, 11:01:02,1066
APRL00001,Super Mario BOOM,29136,04/14/2026, 12:02:04,1066
APRL00001,Super Mario BOOM,29136,04/14/2026, 14:05:31,1066
APRL00001,Super Mario BOOM,29137,04/14/2026, 16:05:55,1066
APRL00001,Super Mario BOOM,29137,04/14/2026, 18:03:21,1066
APRL00001,Super Mario BOOM,29137,04/14/2026, 20:04:44,1066
APRL00001,Super Mario BOOM,29137,04/14/2026, 21:48:43,1066
APRL00001,Super Mario BOOM,29138,04/14/2026, 22:42:54,1066
APRL00001,Super Mario BOOM,29139,04/14/2026, 23:40:45,1066
APRL00001,Super Mario BOOM,29139,04/15/2026, 02:08:10,1066
APRL00001,Super Mario BOOM,29141,04/15/2026, 05:21:47,1066
APRL00001,Super Mario BOOM,29142,04/15/2026, 07:27:24,1066
APRL00001,Super Mario BOOM,29142,04/15/2026, 09:16:15,1066
APRL00001,Super Mario BOOM,29142,04/15/2026, 10:57:35,1066
APRL00001,Super Mario BOOM,29142,04/15/2026, 11:55:40,1066
APRL00001,Super Mario BOOM,29142,04/15/2026, 13:18:15,1066
APRL00001,Super Mario BOOM,29142,04/15/2026, 15:04:53,1066
APRL00001,Super Mario BOOM,29143,04/15/2026, 17:00:24,1066
APRL00001,Super Mario BOOM,29143,04/15/2026, 18:08:33,1066
APRL00001,Super Mario BOOM,29143,04/15/2026, 20:02:08,1066
APRL00001,Super Mario BOOM,29144,04/15/2026, 21:02:47,1066
APRL00001,Super Mario BOOM,29146,04/17/2026, 10:53:14,1066
APRL00001,Super Mario BOOM,29146,04/17/2026, 11:51:02,1066
APRL00001,Super Mario BOOM,29146,04/17/2026, 13:12:09,1066
APRL00001,Super Mario BOOM,29147,04/17/2026, 14:53:38,1066
APRL00001,Super Mario BOOM,29148,04/17/2026, 15:58:43,1066
APRL00001,Super Mario BOOM,29148,04/17/2026, 16:55:21,1066
APRL00001,Super Mario BOOM,29149,04/17/2026, 18:56:42,1066
APRL00001,Super Mario BOOM,29149,04/17/2026, 19:58:28,1066
APRL00001,Super Mario BOOM,29149,04/17/2026, 20:42:59,1066
APRL00001,Super Mario BOOM,29149,04/17/2026, 21:39:59,1066
APRL00001,Super Mario BOOM,29149,04/17/2026, 22:36:32,1066
APRL00001,Super Mario BOOM,29150,04/17/2026, 23:37:12,1066
APRL00001,Super Mario BOOM,29150,04/18/2026, 02:02:48,1066
APRL00001,Super Mario BOOM,29150,04/18/2026, 05:05:01,1066
APRL00001,Super Mario BOOM,29151,04/18/2026, 07:04:02,1066
APRL00001,Super Mario BOOM,29151,04/18/2026, 08:44:43,1066
APRL00001,Super Mario BOOM,29152,04/18/2026, 09:44:45,1066
APRL00001,Super Mario BOOM,29152,04/18/2026, 10:38:17,1066
APRL00001,Super Mario BOOM,29152,04/18/2026, 11:33:23,1066
APRL00001,Super Mario BOOM,29152,04/18/2026, 12:56:05,1066
APRL00001,Super Mario BOOM,29153,04/18/2026, 14:01:05,1066
APRL00001,Super Mario BOOM,29153,04/18/2026, 14:49:15,1066
APRL00001,Super Mario BOOM,29154,04/18/2026, 15:35:47,1066
APRL00001,Super Mario BOOM,29155,04/18/2026, 16:36:45,1066
APRL00001,Super Mario BOOM,29155,04/18/2026, 17:35:27,1066
APRL00001,Super Mario BOOM,29155,04/18/2026, 18:43:32,1066
APRL00001,Super Mario BOOM,29155,04/18/2026, 19:39:44,1066
APRL00001,Super Mario BOOM,29155,04/18/2026, 20:33:52,1066
APRL00001,Super Mario BOOM,29157,04/18/2026, 21:32:18,1066
APRL00001,Super Mario BOOM,29159,04/18/2026, 22:31:34,1066
APRL00001,Super Mario BOOM,29159,04/18/2026, 23:32:21,1066
APRL00001,Super Mario BOOM,29161,04/19/2026, 02:15:38,1066
APRL00001,Super Mario BOOM,29162,04/19/2026, 05:26:54,1066
APRL00001,Super Mario BOOM,29163,04/19/2026, 07:15:37,1066
APRL00001,Super Mario BOOM,29163,04/19/2026, 08:51:22,1066
APRL00001,Super Mario BOOM,29164,04/19/2026, 09:44:37,1066
APRL00001,Super Mario BOOM,29165,04/19/2026, 10:37:25,1066
APRL00001,Super Mario BOOM,29165,04/19/2026, 11:34:07,1066
APRL00001,Super Mario BOOM,29165,04/19/2026, 12:55:50,1066
APRL00001,Super Mario BOOM,29166,04/19/2026, 13:59:44,1066
APRL00001,Super Mario BOOM,29168,04/19/2026, 14:43:46,1066
APRL00001,Super Mario BOOM,29168,04/19/2026, 15:36:04,1066
APRL00001,Super Mario BOOM,29169,04/19/2026, 16:37:10,1066
APRL00001,Super Mario BOOM,29170,04/19/2026, 17:34:19,1066
APRL00001,Super Mario BOOM,29170,04/19/2026, 18:44:07,1066
APRL00001,Super Mario BOOM,29170,04/19/2026, 19:40:03,1066
APRL00001,Super Mario BOOM,29171,04/19/2026, 20:34:34,1066
APRL00001,Super Mario BOOM,29172,04/19/2026, 21:33:31,1066
APRL00001,Super Mario BOOM,29172,04/19/2026, 22:32:43,1066
APRL00001,Super Mario BOOM,29172,04/19/2026, 23:33:35,1066
APRL00001,Super Mario BOOM,29172,04/20/2026, 02:24:50,1066
APRL00001,Super Mario BOOM,29175,04/20/2026, 05:38:25,1066
APRL00001,Super Mario BOOM,29175,04/20/2026, 08:02:10,1066
APRL00001,Super Mario BOOM,29175,04/20/2026, 10:07:57,1066
APRL00001,Super Mario BOOM,29176,04/20/2026, 12:02:52,1066
APRL00001,Super Mario BOOM,29178,04/20/2026, 14:47:20,1066
APRL00001,Super Mario BOOM,29178,04/20/2026, 16:06:33,1066
APRL00001,Super Mario BOOM,29180,04/20/2026, 17:56:03,1066
APRL00001,Super Mario BOOM,29180,04/20/2026, 19:01:14,1066
APRL00001,Super Mario BOOM,29182,04/20/2026, 20:02:46,1066
APRL00001,Super Mario BOOM,29183,04/20/2026, 21:44:26,1066
APRL00001,Super Mario BOOM,29183,04/20/2026, 22:41:26,1066
APRL00001,Super Mario BOOM,29183,04/20/2026, 23:40:47,1066
APRL00001,Super Mario BOOM,29183,04/21/2026, 02:12:36,1066
APRL00001,Super Mario BOOM,29185,04/21/2026, 05:25:19,1066
APRL00001,Super Mario BOOM,29185,04/21/2026, 07:45:12,1066
APRL00001,Super Mario BOOM,29187,04/21/2026, 09:23:05,1066
APRL00001,Super Mario BOOM,29188,04/21/2026, 11:04:21,1066
APRL00001,Super Mario BOOM,29188,04/21/2026, 13:18:55,1066
APRL00001,Super Mario BOOM,29188,04/21/2026, 15:11:07,1066
APRL00001,Super Mario BOOM,29189,04/21/2026, 16:58:02,1066
APRL00001,Super Mario BOOM,29189,04/21/2026, 17:59:21,1066
APRL00001,Super Mario BOOM,29189,04/21/2026, 19:16:11,1066
APRL00001,Super Mario BOOM,29190,04/21/2026, 20:49:09,1066
APRL00001,Super Mario BOOM,29190,04/21/2026, 21:43:05,1066
APRL00001,Super Mario BOOM,29191,04/21/2026, 22:36:35,1066
APRL00001,Super Mario BOOM,29192,04/21/2026, 23:33:33,1066
APRL00001,Super Mario BOOM,29192,04/22/2026, 02:10:33,1066
APRL00001,Super Mario BOOM,29194,04/22/2026, 05:23:28,1066
APRL00001,Super Mario BOOM,29198,04/22/2026, 07:28:36,1066
APRL00001,Super Mario BOOM,29199,04/22/2026, 09:17:41,1066
APRL00001,Super Mario BOOM,29200,04/22/2026, 11:02:41,1066
APRL00001,Super Mario BOOM,29200,04/22/2026, 13:19:58,1066
APRL00001,Super Mario BOOM,29200,04/22/2026, 15:10:53,1066
APRL00001,Super Mario BOOM,29200,04/22/2026, 16:56:49,1066
APRL00001,Super Mario BOOM,29200,04/22/2026, 17:59:30,1066
APRL00001,Super Mario BOOM,29201,04/22/2026, 19:17:23,1066
APRL00001,Super Mario BOOM,29201,04/22/2026, 20:52:44,1066
APRL00001,Super Mario BOOM,29202,04/22/2026, 21:48:38,1066
APRL00001,Super Mario BOOM,29202,04/22/2026, 22:44:49,1066
APRL00001,Super Mario BOOM,29202,04/22/2026, 23:44:13,1066
APRL00001,Super Mario BOOM,29202,04/23/2026, 02:14:39,1066
APRL00001,Super Mario BOOM,29202,04/23/2026, 05:28:15,1066
APRL00001,Super Mario BOOM,29203,04/23/2026, 07:46:50,1066
APRL00001,Super Mario BOOM,29203,04/23/2026, 09:25:15,1066
APRL00001,Super Mario BOOM,29203,04/23/2026, 11:06:20,1066
APRL00001,Super Mario BOOM,29204,04/23/2026, 13:20:58,1066
APRL00001,Super Mario BOOM,29204,04/23/2026, 15:50:45,1066
APRL00001,Super Mario BOOM,29204,04/23/2026, 17:17:50,1066
APRL00001,Super Mario BOOM,29204,04/23/2026, 19:05:06,1066
APRL00001,Super Mario BOOM,29207,04/23/2026, 20:49:26,1066
APRL00001,Super Mario BOOM,29209,04/23/2026, 21:43:27,1066
APRL00001,Super Mario BOOM,29209,04/23/2026, 22:41:52,1066
APRL00001,Super Mario BOOM,29209,04/23/2026, 23:42:36,1066
APRL00001,Super Mario BOOM,29211,04/24/2026, 02:15:06,1066
APRL00001,Super Mario BOOM,29212,04/24/2026, 05:32:55,1066
APRL00001,Super Mario BOOM,29214,04/24/2026, 07:58:40,1066
APRL00001,Super Mario BOOM,29215,04/24/2026, 09:45:52,1066
APRL00001,Super Mario BOOM,29216,04/24/2026, 11:05:17,1066
APRL00001,Super Mario BOOM,29216,04/24/2026, 13:16:52,1066
APRL00001,Super Mario BOOM,29218,04/24/2026, 15:06:26,1066
APRL00001,Super Mario BOOM,29218,04/24/2026, 16:53:06,1066
APRL00001,Super Mario BOOM,29219,04/24/2026, 17:48:39,1066
APRL00001,Super Mario BOOM,29222,04/24/2026, 18:45:11,1066
APRL00001,Super Mario BOOM,29224,04/24/2026, 19:51:12,1066
APRL00001,Super Mario BOOM,29224,04/24/2026, 20:43:22,1066
APRL00001,Super Mario BOOM,29225,04/24/2026, 21:44:43,1066
APRL00001,Super Mario BOOM,29225,04/24/2026, 22:37:31,1066
APRL00001,Super Mario BOOM,29225,04/24/2026, 23:38:01,1066
APRL00001,Super Mario BOOM,29226,04/25/2026, 02:04:50,1066
APRL00001,Super Mario BOOM,29227,04/25/2026, 05:09:47,1066
APRL00001,Super Mario BOOM,29227,04/25/2026, 07:10:52,1066
APRL00001,Super Mario BOOM,29229,04/25/2026, 08:49:13,1066
APRL00001,Super Mario BOOM,29230,04/25/2026, 09:50:17,1066
APRL00001,Super Mario BOOM,29230,04/25/2026, 10:41:20,1066
APRL00001,Super Mario BOOM,29230,04/25/2026, 11:37:00,1066
APRL00001,Super Mario BOOM,29230,04/25/2026, 12:57:49,1066
APRL00001,Super Mario BOOM,29230,04/25/2026, 14:03:29,1066
APRL00001,Super Mario BOOM,29230,04/25/2026, 15:37:53,1066
APRL00001,Super Mario BOOM,29230,04/25/2026, 16:38:16,1066
APRL00001,Super Mario BOOM,29231,04/25/2026, 17:36:20,1066
APRL00001,Super Mario BOOM,29232,04/25/2026, 18:45:23,1066
APRL00001,Super Mario BOOM,29232,04/25/2026, 19:42:43,1066
APRL00001,Super Mario BOOM,29233,04/25/2026, 20:36:10,1066
APRL00001,Super Mario BOOM,29234,04/25/2026, 21:35:00,1066
APRL00001,Super Mario BOOM,29235,04/25/2026, 22:34:39,1066
APRL00001,Super Mario BOOM,29236,04/25/2026, 23:35:18,1066
APRL00001,Super Mario BOOM,29239,04/26/2026, 02:27:07,1066
APRL00001,Super Mario BOOM,29240,04/26/2026, 05:37:14,1066
APRL00001,Super Mario BOOM,29241,04/26/2026, 07:25:16,1066
APRL00001,Super Mario BOOM,29242,04/26/2026, 08:57:45,1066
APRL00001,Super Mario BOOM,29242,04/26/2026, 09:53:32,1066
APRL00001,Super Mario BOOM,29242,04/26/2026, 10:43:14,1066
APRL00001,Super Mario BOOM,29242,04/26/2026, 11:38:08,1066
APRL00001,Super Mario BOOM,29242,04/26/2026, 13:00:03,1066
APRL00001,Super Mario BOOM,29243,04/26/2026, 14:06:49,1066
APRL00001,Super Mario BOOM,29243,04/26/2026, 15:40:20,1066
APRL00001,Super Mario BOOM,29246,04/26/2026, 16:39:37,1066
APRL00001,Super Mario BOOM,29248,04/26/2026, 17:37:00,1066
APRL00001,Super Mario BOOM,29248,04/26/2026, 18:47:28,1066
APRL00001,Super Mario BOOM,29249,04/26/2026, 19:44:38,1066
APRL00001,Super Mario BOOM,29249,04/26/2026, 20:36:10,1066
APRL00001,Super Mario BOOM,29250,04/26/2026, 21:35:54,1066
APRL00001,Super Mario BOOM,29250,04/26/2026, 22:35:52,1066
APRL00001,Super Mario BOOM,29250,04/26/2026, 23:37:05,1066
APRL00001,Super Mario BOOM,29251,04/27/2026, 02:29:35,1066
APRL00001,Super Mario BOOM,29254,04/27/2026, 05:52:02,1066
APRL00001,Super Mario BOOM,29255,04/27/2026, 08:17:15,1066
APRL00001,Super Mario BOOM,29255,04/27/2026, 11:01:18,1066
APRL00001,Super Mario BOOM,29256,04/27/2026, 12:23:10,1066
APRL00001,Super Mario BOOM,29256,04/27/2026, 15:06:06,1066
APRL00001,Super Mario BOOM,29256,04/27/2026, 17:20:01,1066
APRL00001,Super Mario BOOM,29256,04/27/2026, 19:15:03,1066
APRL00001,Super Mario BOOM,29258,04/27/2026, 20:59:39,1066
APRL00001,Super Mario BOOM,29260,04/27/2026, 21:55:26,1066
APRL00001,Super Mario BOOM,29260,04/27/2026, 22:50:10,1066
APRL00001,Super Mario BOOM,29260,04/27/2026, 23:52:09,1066
APRL00001,Super Mario BOOM,29260,04/28/2026, 02:37:04,1066
APRL00001,Super Mario BOOM,29261,04/28/2026, 05:56:58,1066
APRL00001,Super Mario BOOM,29261,04/28/2026, 08:21:13,1066
APRL00001,Super Mario BOOM,29261,04/28/2026, 11:02:47,1066
APRL00001,Super Mario BOOM,29261,04/28/2026, 16:07:02,1066
APRL00001,Super Mario BOOM,29261,04/28/2026, 18:15:56,1066
APRL00001,Super Mario BOOM,29262,04/28/2026, 20:14:23,1066
APRL00001,Super Mario BOOM,29262,04/28/2026, 21:55:27,1066
APRL00001,Super Mario BOOM,29262,04/28/2026, 22:55:23,1066
APRL00001,Super Mario BOOM,29263,04/28/2026, 23:54:13,1066
APRL00001,Super Mario BOOM,29263,04/29/2026, 02:36:54,1066
APRL00001,Super Mario BOOM,29263,04/29/2026, 05:52:45,1066
APRL00001,Super Mario BOOM,29263,04/29/2026, 08:11:40,1066
APRL00001,Super Mario BOOM,29265,04/29/2026, 10:53:38,1066
APRL00001,Super Mario BOOM,29267,04/29/2026, 12:16:22,1066
APRL00001,Super Mario BOOM,29268,04/29/2026, 15:10:28,1066
APRL00001,Super Mario BOOM,29270,04/29/2026, 17:26:06,1066
APRL00001,Super Mario BOOM,29270,04/29/2026, 19:20:47,1066
APRL00001,Super Mario BOOM,29271,04/29/2026, 21:02:04,1066
APRL00001,Super Mario BOOM,29271,04/29/2026, 22:06:09,1066
APRL00001,Super Mario BOOM,29272,04/29/2026, 23:53:25,1066
APRL00001,Super Mario BOOM,29274,04/30/2026, 02:38:09,1066
APRL00001,Super Mario BOOM,29276,04/30/2026, 05:56:35,1066
APRL00001,Super Mario BOOM,29276,04/30/2026, 08:15:39,1066
APRL00001,Super Mario BOOM,29276,04/30/2026, 10:52:56,1066
APRL00001,Super Mario BOOM,29276,04/30/2026, 12:14:17,1066
APRL00001,Super Mario BOOM,29276,04/30/2026, 15:07:27,1066
APRL00001,Super Mario BOOM,29277,04/30/2026, 17:18:36,1066
APRL00001,Super Mario BOOM,29279,04/30/2026, 19:16:16,1066
APRL00001,Super Mario BOOM,29280,04/30/2026, 20:58:31,1066
APRL00001,Super Mario BOOM,29280,04/30/2026, 21:55:46,1066
APRL00001,Super Mario BOOM,29280,04/30/2026, 22:52:46,1066
APRL00001,Super Mario BOOM,29280,04/30/2026, 23:51:44,1066
APRL00001,Super Mario BOOM,29281,05/01/2026, 02:44:04,1066
APRL00001,Super Mario BOOM,29282,05/01/2026, 06:14:50,1066
APRL00001,Super Mario BOOM,29283,05/01/2026, 08:59:24,1066
APRL00001,Super Mario BOOM,29284,05/01/2026, 10:25:07,1066
APRL00001,Super Mario BOOM,29284,05/01/2026, 11:57:44,1066
APRL00001,Super Mario BOOM,29285,05/01/2026, 13:14:27,1066
APRL00001,Super Mario BOOM,29286,05/01/2026, 14:53:46,1066
APRL00001,Super Mario BOOM,29287,05/01/2026, 15:55:45,1066
APRL00001,Super Mario BOOM,29287,05/01/2026, 16:55:44,1066
APRL00001,Super Mario BOOM,29289,05/01/2026, 17:58:24,1066
APRL00001,Super Mario BOOM,29289,05/01/2026, 19:09:08,1066
APRL00001,Super Mario BOOM,29289,05/01/2026, 20:49:34,1066
APRL00001,Super Mario BOOM,29289,05/01/2026, 21:52:09,1066
APRL00001,Super Mario BOOM,29289,05/01/2026, 22:46:20,1066
APRL00001,Super Mario BOOM,29289,05/01/2026, 23:49:52,1066
APRL00001,Super Mario BOOM,29291,05/02/2026, 02:27:00,1066
APRL00001,Super Mario BOOM,29293,05/02/2026, 05:35:11,1066
APRL00001,Super Mario BOOM,29294,05/02/2026, 07:28:44,1066
APRL00001,Super Mario BOOM,29295,05/02/2026, 09:03:39,1066
APRL00001,Super Mario BOOM,29295,05/02/2026, 10:48:46,1066
APRL00001,Super Mario BOOM,29295,05/02/2026, 11:43:10,1066
APRL00001,Super Mario BOOM,29295,05/02/2026, 13:03:40,1066
APRL00001,Super Mario BOOM,29296,05/02/2026, 14:44:09,1066
APRL00001,Super Mario BOOM,29296,05/02/2026, 15:43:20,1066
APRL00001,Super Mario BOOM,29296,05/02/2026, 16:42:59,1066
APRL00001,Super Mario BOOM,29297,05/02/2026, 17:42:08,1066
APRL00001,Super Mario BOOM,29299,05/02/2026, 18:55:17,1066
APRL00001,Super Mario BOOM,29300,05/02/2026, 19:54:24,1066
APRL00001,Super Mario BOOM,29300,05/02/2026, 20:39:01,1066
APRL00001,Super Mario BOOM,29300,05/02/2026, 21:38:10,1066
APRL00001,Super Mario BOOM,29300,05/02/2026, 22:37:53,1066
APRL00001,Super Mario BOOM,29300,05/02/2026, 23:40:37,1066
APRL00001,Super Mario BOOM,29302,05/03/2026, 02:36:00,1066
APRL00001,Super Mario BOOM,29303,05/03/2026, 05:56:40,1066
APRL00001,Super Mario BOOM,29303,05/03/2026, 07:58:08,1066
APRL00001,Super Mario BOOM,29305,05/03/2026, 09:22:03,1066
APRL00001,Super Mario BOOM,29306,05/03/2026, 10:53:06,1066
APRL00001,Super Mario BOOM,29307,05/03/2026, 11:40:37,1066
APRL00001,Super Mario BOOM,29309,05/03/2026, 13:02:40,1066
APRL00001,Super Mario BOOM,29310,05/03/2026, 14:46:13,1066
APRL00001,Super Mario BOOM,29311,05/03/2026, 15:44:39,1066
APRL00001,Super Mario BOOM,29311,05/03/2026, 16:45:16,1066
APRL00001,Super Mario BOOM,29312,05/03/2026, 17:44:44,1066
APRL00001,Super Mario BOOM,29312,05/03/2026, 18:56:05,1066
APRL00001,Super Mario BOOM,29313,05/03/2026, 19:54:31,1066
APRL00001,Super Mario BOOM,29313,05/03/2026, 20:39:54,1066
APRL00001,Super Mario BOOM,29314,05/03/2026, 21:39:21,1066
APRL00001,Super Mario BOOM,29314,05/03/2026, 22:38:07,1066
APRL00001,Super Mario BOOM,29315,05/03/2026, 23:41:58,1066
APRL00001,Super Mario BOOM,29317,05/04/2026, 02:34:01,1066
APRL00001,Super Mario BOOM,29317,05/04/2026, 06:09:59,1066
APRL00001,Super Mario BOOM,29320,05/04/2026, 09:15:55,1066
APRL00001,Super Mario BOOM,29320,05/04/2026, 11:46:20,1066
APRL00001,Super Mario BOOM,29320,05/04/2026, 13:51:28,1066
APRL00001,Super Mario BOOM,29320,05/04/2026, 16:00:40,1066
APRL00001,Super Mario BOOM,29322,05/04/2026, 17:45:22,1066
APRL00001,Super Mario BOOM,29322,05/04/2026, 19:25:19,1066
APRL00001,Super Mario BOOM,29323,05/04/2026, 21:06:11,1066
APRL00001,Super Mario BOOM,29325,05/04/2026, 22:56:27,1066
APRL00001,Super Mario BOOM,29326,05/04/2026, 23:53:02,1066
APRL00001,Super Mario BOOM,29327,05/05/2026, 02:28:28,1066
APRL00001,Super Mario BOOM,29333,05/05/2026, 05:40:45,1066
APRL00001,Super Mario BOOM,29333,05/05/2026, 08:05:17,1066
APRL00001,Super Mario BOOM,29334,05/05/2026, 10:44:07,1066
APRL00001,Super Mario BOOM,29334,05/05/2026, 11:59:19,1066
APRL00001,Super Mario BOOM,29335,05/05/2026, 13:57:03,1066
APRL00001,Super Mario BOOM,29335,05/05/2026, 15:52:26,1066
APRL00001,Super Mario BOOM,29335,05/05/2026, 17:22:36,1066
APRL00001,Super Mario BOOM,29337,05/05/2026, 19:15:20,1066
APRL00001,Super Mario BOOM,29337,05/05/2026, 21:01:06,1066
APRL00001,Super Mario BOOM,29337,05/05/2026, 22:05:08,1066
APRL00001,Super Mario BOOM,29339,05/05/2026, 23:45:27,1066
APRL00001,Super Mario BOOM,29340,05/06/2026, 02:32:42,1066
APRL00001,Super Mario BOOM,29341,05/06/2026, 05:55:28,1066
APRL00001,Super Mario BOOM,29343,05/06/2026, 11:04:32,1066
APRL00001,Super Mario BOOM,29346,05/06/2026, 14:01:19,1066
APRL00001,Super Mario BOOM,29346,05/06/2026, 16:05:08,1066
APRL00001,Super Mario BOOM,29347,05/06/2026, 18:14:58,1066
APRL00001,Super Mario BOOM,29347,05/06/2026, 20:19:53,1066
APRL00001,Super Mario BOOM,29347,05/06/2026, 21:54:48,1066
APRL00001,Super Mario BOOM,29347,05/06/2026, 22:48:39,1066
APRL00001,Super Mario BOOM,29347,05/06/2026, 23:47:10,1066
APRL00001,Super Mario BOOM,29347,05/07/2026, 02:34:57,1066
APRL00001,Super Mario BOOM,29350,05/07/2026, 05:59:44,1066
APRL00001,Super Mario BOOM,29350,05/07/2026, 08:38:23,1066
APRL00001,Super Mario BOOM,29351,05/07/2026, 11:08:28,1066
APRL00001,Super Mario BOOM,29353,05/07/2026, 13:58:54,1066
APRL00001,Super Mario BOOM,29354,05/07/2026, 16:07:40,1066
APRL00001,Super Mario BOOM,29356,05/07/2026, 18:22:59,1066
APRL00001,Super Mario BOOM,29356,05/07/2026, 20:13:05,1066
APRL00001,Super Mario BOOM,29357,05/07/2026, 21:55:48,1066
APRL00001,Super Mario BOOM,29357,05/07/2026, 23:00:14,1066
APRL00001,Super Mario BOOM,29357,05/07/2026, 23:56:47,1066
APRL00001,Super Mario BOOM,29357,05/08/2026, 02:41:11,1066
APRL00001,Super Mario BOOM,29357,05/08/2026, 05:28:52,1066
APRL00001,Super Mario BOOM,29358,05/08/2026, 07:25:59,1066
APRL00001,Super Mario BOOM,29358,05/08/2026, 09:15:28,1066
APRL00001,Super Mario BOOM,29358,05/08/2026, 11:10:43,1066
APRL00001,Super Mario BOOM,29360,05/08/2026, 13:25:42,1066
APRL00001,Super Mario BOOM,29362,05/08/2026, 15:20:05,1066
APRL00001,Super Mario BOOM,29362,05/08/2026, 17:13:42,1066
APRL00001,Super Mario BOOM,29364,05/08/2026, 19:13:44,1066
APRL00001,Super Mario BOOM,29365,05/08/2026, 20:57:30,1066
APRL00001,Super Mario BOOM,29365,05/08/2026, 21:58:26,1066
APRL00001,Super Mario BOOM,29365,05/08/2026, 22:55:42,1066
APRL00001,Super Mario BOOM,29365,05/08/2026, 23:55:48,1066
APRL00001,Super Mario BOOM,29366,05/09/2026, 02:34:41,1066
APRL00001,Super Mario BOOM,29370,05/09/2026, 05:47:03,1066
APRL00001,Super Mario BOOM,29371,05/09/2026, 07:53:14,1066
APRL00001,Super Mario BOOM,29371,05/09/2026, 09:17:16,1066
APRL00001,Super Mario BOOM,29373,05/09/2026, 10:55:42,1066
APRL00001,Super Mario BOOM,29374,05/09/2026, 11:49:39,1066
APRL00001,Super Mario BOOM,29374,05/09/2026, 13:09:49,1066
APRL00001,Super Mario BOOM,29374,05/09/2026, 14:48:47,1066
APRL00001,Super Mario BOOM,29374,05/09/2026, 15:49:22,1066
APRL00001,Super Mario BOOM,29374,05/09/2026, 16:52:13,1066
APRL00001,Super Mario BOOM,29374,05/09/2026, 17:47:17,1066
APRL00001,Super Mario BOOM,29374,05/09/2026, 18:56:49,1066
APRL00001,Super Mario BOOM,29374,05/09/2026, 19:57:24,1066
APRL00001,Super Mario BOOM,29374,05/09/2026, 20:41:35,1066
APRL00001,Super Mario BOOM,29374,05/09/2026, 21:40:49,1066
APRL00001,Super Mario BOOM,29375,05/09/2026, 22:40:11,1066
APRL00001,Super Mario BOOM,29377,05/09/2026, 23:44:45,1066
APRL00001,Super Mario BOOM,29378,05/10/2026, 02:38:10,1066
APRL00001,Super Mario BOOM,29379,05/10/2026, 06:09:14,1066
APRL00001,Super Mario BOOM,29380,05/10/2026, 08:52:08,1066
APRL00001,Super Mario BOOM,29380,05/10/2026, 10:12:04,1066
APRL00001,Super Mario BOOM,29381,05/10/2026, 11:48:42,1066
APRL00001,Super Mario BOOM,29384,05/10/2026, 13:11:32,1066
APRL00001,Super Mario BOOM,29384,05/10/2026, 14:50:22,1066
APRL00001,Super Mario BOOM,29385,05/10/2026, 15:51:13,1066
APRL00001,Super Mario BOOM,29385,05/10/2026, 16:52:08,1066
APRL00001,Super Mario BOOM,29385,05/10/2026, 17:50:07,1066
APRL00001,Super Mario BOOM,29385,05/10/2026, 18:58:09,1066
APRL00001,Super Mario BOOM,29385,05/10/2026, 19:59:17,1066
APRL00001,Super Mario BOOM,29387,05/10/2026, 20:51:31,1066
APRL00001,Super Mario BOOM,29388,05/10/2026, 21:45:28,1066
APRL00001,Super Mario BOOM,29388,05/10/2026, 22:43:48,1066
APRL00001,Super Mario BOOM,29389,05/10/2026, 23:49:58,1066
APRL00001,Super Mario BOOM,29392,05/11/2026, 02:47:56,1066
APRL00001,Super Mario BOOM,29392,05/11/2026, 06:37:29,1066
APRL00001,Super Mario BOOM,29393,05/11/2026, 10:36:25,1066
APRL00001,Super Mario BOOM,29394,05/11/2026, 13:46:15,1066
APRL00001,Super Mario BOOM,29394,05/11/2026, 16:31:37,1066
APRL00001,Super Mario BOOM,29395,05/11/2026, 18:57:19,1066
APRL00001,Super Mario BOOM,29395,05/11/2026, 20:46:47,1066
APRL00001,Super Mario BOOM,29395,05/11/2026, 22:05:10,1066
APRL00001,Super Mario BOOM,29398,05/11/2026, 23:57:35,1066
APRL00001,Super Mario BOOM,29401,05/12/2026, 02:40:29,1066
APRL00001,Super Mario BOOM,29402,05/12/2026, 06:12:56,1066
APRL00001,Super Mario BOOM,29403,05/12/2026, 09:35:14,1066
APRL00001,Super Mario BOOM,29406,05/12/2026, 11:52:16,1066
APRL00001,Super Mario BOOM,29408,05/12/2026, 14:13:48,1066
APRL00001,Super Mario BOOM,29409,05/12/2026, 17:09:23,1066
APRL00001,Super Mario BOOM,29410,05/12/2026, 19:46:42,1066
APRL00001,Super Mario BOOM,29411,05/12/2026, 21:17:09,1066
APRL00001,Super Mario BOOM,29412,05/12/2026, 22:58:51,1066
APRL00001,Super Mario BOOM,29414,05/12/2026, 23:59:52,1066
APRL00001,Super Mario BOOM,29415,05/13/2026, 03:31:04,1066
APRL00001,Super Mario BOOM,29416,05/13/2026, 06:46:34,1066
APRL00001,Super Mario BOOM,29416,05/13/2026, 09:42:42,1066
APRL00001,Super Mario BOOM,29416,05/13/2026, 12:02:18,1066
APRL00001,Super Mario BOOM,29416,05/13/2026, 14:54:56,1066
APRL00001,Super Mario BOOM,29417,05/13/2026, 17:15:46,1066
APRL00001,Super Mario BOOM,29420,05/13/2026, 19:51:05,1066
APRL00001,Super Mario BOOM,29420,05/13/2026, 21:25:32,1066
APRL00001,Super Mario BOOM,29421,05/13/2026, 23:04:11,1066
APRL00001,Super Mario BOOM,29421,05/14/2026, 02:47:32,1066
APRL00001,Super Mario BOOM,29422,05/14/2026, 06:22:53,1066
APRL00001,Super Mario BOOM,29422,05/14/2026, 09:32:44,1066
APRL00001,Super Mario BOOM,29422,05/14/2026, 11:50:09,1066
APRL00001,Super Mario BOOM,29422,05/14/2026, 14:02:15,1066
APRL00001,Super Mario BOOM,29423,05/14/2026, 16:13:38,1066
APRL00001,Super Mario BOOM,29424,05/14/2026, 18:53:43,1066
APRL00001,Super Mario BOOM,29424,05/14/2026, 20:27:25,1066
APRL00001,Super Mario BOOM,29426,05/14/2026, 22:08:12,1066
APRL00001,Super Mario BOOM,29427,05/14/2026, 23:56:16,1066
APRL00001,Super Mario BOOM,29428,05/15/2026, 02:47:57,1066
APRL00001,Super Mario BOOM,29428,05/15/2026, 06:32:37,1066
APRL00001,Super Mario BOOM,29428,05/15/2026, 09:45:52,1066
APRL00001,Super Mario BOOM,29428,05/15/2026, 11:53:39,1066
APRL00001,Super Mario BOOM,29430,05/15/2026, 13:59:43,1066
APRL00001,Super Mario BOOM,29433,05/15/2026, 16:04:56,1066
APRL00001,Super Mario BOOM,29435,05/15/2026, 18:21:55,1066
APRL00001,Super Mario BOOM,29436,05/15/2026, 20:15:11,1066
APRL00001,Super Mario BOOM,29436,05/15/2026, 21:58:13,1066
APRL00001,Super Mario BOOM,29437,05/15/2026, 22:54:12,1066
APRL00001,Super Mario BOOM,29438,05/15/2026, 23:54:21,1066
APRL00001,Super Mario BOOM,29439,05/16/2026, 02:37:11,1066
APRL00001,Super Mario BOOM,29440,05/16/2026, 05:52:42,1066
APRL00001,Super Mario BOOM,29441,05/16/2026, 08:00:03,1066
APRL00001,Super Mario BOOM,29441,05/16/2026, 09:44:41,1066
APRL00001,Super Mario BOOM,29443,05/16/2026, 11:01:41,1066
APRL00001,Super Mario BOOM,29443,05/16/2026, 11:58:39,1066
APRL00001,Super Mario BOOM,29443,05/16/2026, 13:21:31,1066
APRL00001,Super Mario BOOM,29444,05/16/2026, 14:54:42,1066
APRL00001,Super Mario BOOM,29445,05/16/2026, 15:56:44,1066
APRL00001,Super Mario BOOM,29445,05/16/2026, 16:56:28,1066
APRL00001,Super Mario BOOM,29447,05/16/2026, 17:54:44,1066
APRL00001,Super Mario BOOM,29447,05/16/2026, 19:00:38,1066
APRL00001,Super Mario BOOM,29448,05/16/2026, 20:04:34,1066
APRL00001,Super Mario BOOM,29449,05/16/2026, 21:45:01,1066
APRL00001,Super Mario BOOM,29449,05/16/2026, 22:42:29,1066
APRL00001,Super Mario BOOM,29449,05/16/2026, 23:50:28,1066
APRL00001,Super Mario BOOM,29450,05/17/2026, 02:45:33,1066
APRL00001,Super Mario BOOM,29452,05/17/2026, 06:20:55,1066
APRL00001,Super Mario BOOM,29452,05/17/2026, 09:03:23,1066
APRL00001,Super Mario BOOM,29452,05/17/2026, 11:03:32,1066
APRL00001,Super Mario BOOM,29452,05/17/2026, 13:13:25,1066
APRL00001,Super Mario BOOM,29452,05/17/2026, 14:54:42,1066
APRL00001,Super Mario BOOM,29454,05/17/2026, 15:57:17,1066
APRL00001,Super Mario BOOM,29454,05/17/2026, 16:55:54,1066
APRL00001,Super Mario BOOM,29454,05/17/2026, 17:57:18,1066
APRL00001,Super Mario BOOM,29454,05/17/2026, 19:04:45,1066
APRL00001,Super Mario BOOM,29457,05/17/2026, 20:45:29,1066
APRL00001,Super Mario BOOM,29457,05/17/2026, 21:53:13,1066
APRL00001,Super Mario BOOM,29458,05/17/2026, 22:51:54,1066
APRL00001,Super Mario BOOM,29458,05/17/2026, 23:55:42,1066
APRL00001,Super Mario BOOM,29460,05/18/2026, 02:55:45,1066
APRL00001,Super Mario BOOM,29462,05/18/2026, 06:55:32,1066
APRL00001,Super Mario BOOM,29463,05/18/2026, 11:05:39,1066
APRL00001,Super Mario BOOM,29465,05/18/2026, 15:22:35,1066
APRL00001,Super Mario BOOM,29466,05/18/2026, 17:58:24,1066
APRL00001,Super Mario BOOM,29467,05/18/2026, 19:43:41,1066
APRL00001,Super Mario BOOM,29467,05/18/2026, 21:09:10,1066
APRL00001,Super Mario BOOM,29468,05/18/2026, 22:58:41,1066
APRL00001,Super Mario BOOM,29468,05/19/2026, 00:06:58,1066
APRL00001,Super Mario BOOM,29469,05/19/2026, 04:58:16,1066
APRL00001,Super Mario BOOM,29469,05/19/2026, 08:27:01,1066
APRL00001,Super Mario BOOM,29469,05/19/2026, 12:00:34,1066
APRL00001,Super Mario BOOM,29471,05/19/2026, 15:35:28,1066
APRL00001,Super Mario BOOM,29472,05/19/2026, 18:03:28,1066
APRL00001,Super Mario BOOM,29473,05/19/2026, 20:30:37,1066
APRL00001,Super Mario BOOM,29473,05/19/2026, 22:14:08,1066
APRL00001,Super Mario BOOM,29473,05/20/2026, 00:02:07,1066
APRL00001,Super Mario BOOM,29473,05/20/2026, 04:20:22,1066
APRL00001,Super Mario BOOM,29475,05/20/2026, 08:24:01,1066
APRL00001,Super Mario BOOM,29475,05/20/2026, 11:48:36,1066
APRL00001,Super Mario BOOM,29476,05/20/2026, 14:55:55,1066
APRL00001,Super Mario BOOM,29476,05/20/2026, 17:53:53,1066
APRL00001,Super Mario BOOM,29476,05/20/2026, 20:10:41,1066
APRL00001,Super Mario BOOM,29476,05/20/2026, 22:24:51,1066
APRL00001,Super Mario BOOM,29476,05/21/2026, 00:06:01,1066
APRL00001,Super Mario BOOM,29477,05/21/2026, 05:08:10,1066
APRL00001,Super Mario BOOM,29478,05/21/2026, 09:34:50,1066
APRL00001,Super Mario BOOM,29478,05/21/2026, 12:43:31,1066
APRL00001,Super Mario BOOM,29479,05/21/2026, 16:15:34,1066
APRL00001,Super Mario BOOM,29481,05/21/2026, 18:58:42,1066
APRL00001,Super Mario BOOM,29482,05/21/2026, 20:51:40,1066
APRL00001,Super Mario BOOM,29483,05/21/2026, 22:19:17,1066
APRL00001,Super Mario BOOM,29483,05/22/2026, 00:01:03,1066
APRL00001,Super Mario BOOM,29484,05/22/2026, 04:03:14,1066
APRL00001,Super Mario BOOM,29486,05/22/2026, 08:20:41,1066
APRL00001,Super Mario BOOM,29486,05/22/2026, 11:44:26,1066
APRL00001,Super Mario BOOM,29487,05/22/2026, 14:32:39,1066
APRL00001,Super Mario BOOM,29487,05/22/2026, 17:06:49,1066
APRL00001,Super Mario BOOM,29487,05/22/2026, 19:30:50,1066
APRL00001,Super Mario BOOM,29487,05/22/2026, 21:07:55,1066
APRL00001,Super Mario BOOM,29487,05/22/2026, 22:56:07,1066
APRL00001,Super Mario BOOM,29489,05/23/2026, 00:04:32,1066
APRL00001,Super Mario BOOM,29491,05/23/2026, 04:37:57,1066
APRL00001,Super Mario BOOM,29491,05/23/2026, 07:30:12,1066
APRL00001,Super Mario BOOM,29491,05/23/2026, 09:49:38,1066
APRL00001,Super Mario BOOM,29491,05/23/2026, 11:09:18,1066
APRL00001,Super Mario BOOM,29492,05/23/2026, 13:17:58,1066
APRL00001,Super Mario BOOM,29492,05/23/2026, 14:59:05,1066
APRL00001,Super Mario BOOM,29492,05/23/2026, 16:03:10,1066
APRL00001,Super Mario BOOM,29492,05/23/2026, 17:59:19,1066
APRL00001,Super Mario BOOM,29492,05/23/2026, 19:13:15,1066
APRL00001,Super Mario BOOM,29495,05/23/2026, 20:46:01,1066
APRL00001,Super Mario BOOM,29496,05/23/2026, 21:52:24,1066
APRL00001,Super Mario BOOM,29498,05/23/2026, 22:50:58,1066
APRL00001,Super Mario BOOM,29498,05/23/2026, 23:55:25,1066
APRL00001,Super Mario BOOM,29500,05/24/2026, 02:53:13,1066
APRL00001,Super Mario BOOM,29500,05/24/2026, 06:36:32,1066
APRL00001,Super Mario BOOM,29501,05/24/2026, 09:20:57,1066
APRL00001,Super Mario BOOM,29501,05/24/2026, 11:14:25,1066
APRL00001,Super Mario BOOM,29503,05/24/2026, 13:19:13,1066
APRL00001,Super Mario BOOM,29503,05/24/2026, 15:01:04,1066
APRL00001,Super Mario BOOM,29503,05/24/2026, 16:06:30,1066
APRL00001,Super Mario BOOM,29504,05/24/2026, 17:58:06,1066
APRL00001,Super Mario BOOM,29504,05/24/2026, 19:15:32,1066
APRL00001,Super Mario BOOM,29506,05/24/2026, 20:52:30,1066
APRL00001,Super Mario BOOM,29506,05/24/2026, 21:54:25,1066
APRL00001,Super Mario BOOM,29507,05/24/2026, 22:56:06,1066
APRL00001,Super Mario BOOM,29507,05/24/2026, 23:58:28,1066
APRL00001,Super Mario BOOM,29510,05/25/2026, 03:42:24,1066
APRL00001,Super Mario BOOM,29513,05/25/2026, 08:18:24,1066
APRL00001,Super Mario BOOM,29513,05/25/2026, 12:26:33,1066
APRL00001,Super Mario BOOM,29514,05/25/2026, 15:49:16,1066
APRL00001,Super Mario BOOM,29514,05/25/2026, 17:41:22,1066
APRL00001,Super Mario BOOM,29514,05/25/2026, 19:25:31,1066
APRL00001,Super Mario BOOM,29514,05/25/2026, 21:03:53,1066
APRL00001,Super Mario BOOM,29516,05/25/2026, 22:58:43,1066
APRL00001,Super Mario BOOM,29516,05/26/2026, 00:06:37,1066
APRL00001,Super Mario BOOM,29517,05/26/2026, 05:01:45,1066
APRL00001,Super Mario BOOM,29517,05/26/2026, 08:38:31,1066
APRL00001,Super Mario BOOM,29518,05/26/2026, 16:40:24,1066
APRL00001,Super Mario BOOM,29519,05/26/2026, 19:16:35,1066
APRL00001,Super Mario BOOM,29519,05/26/2026, 21:42:39,1066
APRL00001,Super Mario BOOM,29519,05/26/2026, 23:07:27,1066
APRL00001,Super Mario BOOM,29519,05/27/2026, 03:00:57,1066
APRL00001,Super Mario BOOM,29520,05/27/2026, 07:09:00,1066
APRL00001,Super Mario BOOM,29520,05/27/2026, 11:37:04,1066
APRL00001,Super Mario BOOM,29521,05/27/2026, 15:32:08,1066
APRL00001,Super Mario BOOM,29521,05/27/2026, 18:25:17,1066
APRL00001,Super Mario BOOM,29522,05/27/2026, 21:01:20,1066
APRL00001,Super Mario BOOM,29523,05/27/2026, 22:47:28,1066
APRL00001,Super Mario BOOM,29524,05/27/2026, 23:59:53,1066
APRL00001,Super Mario BOOM,29526,05/28/2026, 03:53:48,1066
APRL00001,Super Mario BOOM,29528,05/28/2026, 07:55:30,1066
APRL00001,Super Mario BOOM,29528,05/28/2026, 11:36:40,1066
APRL00001,Super Mario BOOM,29529,05/28/2026, 15:43:19,1066
APRL00001,Super Mario BOOM,29529,05/28/2026, 18:35:22,1066
APRL00001,Super Mario BOOM,29530,05/28/2026, 21:07:53,1066
APRL00001,Super Mario BOOM,29530,05/28/2026, 23:12:55,1066
APRL00001,Super Mario BOOM,29530,05/29/2026, 02:51:30,1066
APRL00001,Super Mario BOOM,29532,05/29/2026, 06:53:53,1066
APRL00001,Super Mario BOOM,29533,05/29/2026, 10:44:20,1066
APRL00001,Super Mario BOOM,29535,05/29/2026, 13:57:53,1066
APRL00001,Super Mario BOOM,29537,05/29/2026, 17:33:30,1066
APRL00001,Super Mario BOOM,29540,05/29/2026, 20:16:42,1066
APRL00001,Super Mario BOOM,29541,05/29/2026, 22:27:40,1066
APRL00001,Super Mario BOOM,29542,05/30/2026, 00:07:24,1066
APRL00001,Super Mario BOOM,29544,05/30/2026, 04:51:28,1066
APRL00001,Super Mario BOOM,29544,05/30/2026, 07:39:28,1066
APRL00001,Super Mario BOOM,29544,05/30/2026, 09:57:42,1066
APRL00001,Super Mario BOOM,29545,05/30/2026, 11:18:58,1066
APRL00001,Super Mario BOOM,29545,05/30/2026, 13:22:21,1066
APRL00001,Super Mario BOOM,29545,05/30/2026, 15:04:38,1066
APRL00001,Super Mario BOOM,29545,05/30/2026, 16:59:56,1066
APRL00001,Super Mario BOOM,29545,05/30/2026, 18:05:09,1066
APRL00001,Super Mario BOOM,29545,05/30/2026, 20:07:40,1066
APRL00001,Super Mario BOOM,29545,05/30/2026, 21:59:36,1066
APRL00001,Super Mario BOOM,29548,05/30/2026, 23:00:03,1066
APRL00001,Super Mario BOOM,29549,05/31/2026, 00:04:52,1066
APRL00001,Super Mario BOOM,29549,05/31/2026, 05:17:36,1066
APRL00001,Super Mario BOOM,29549,05/31/2026, 08:41:54,1066
APRL00001,Super Mario BOOM,29550,05/31/2026, 10:56:28,1066
APRL00001,Super Mario BOOM,29550,05/31/2026, 12:10:30,1066
APRL00001,Super Mario BOOM,29551,05/31/2026, 14:30:41,1066
APRL00001,Super Mario BOOM,29553,05/31/2026, 16:04:54,1066
APRL00001,Super Mario BOOM,29555,05/31/2026, 17:59:52,1066
APRL00001,Super Mario BOOM,29555,05/31/2026, 19:21:49,1066
APRL00001,Super Mario BOOM,29556,05/31/2026, 20:56:38,1066
APRL00001,Super Mario BOOM,29556,05/31/2026, 21:58:05,1066
APRL00001,Super Mario BOOM,29556,05/31/2026, 22:59:58,1066
APRL00001,Super Mario BOOM,29558,06/01/2026, 00:09:45,1066
APRL00001,Super Mario BOOM,29560,06/01/2026, 06:00:16,1066
APRL00001,Super Mario BOOM,29560,06/01/2026, 11:42:11,1066
APRL00001,Super Mario BOOM,29563,06/01/2026, 17:32:05,1066
APRL00001,Super Mario BOOM,29563,06/01/2026, 21:29:43,1066
APRL00001,Super Mario BOOM,29564,06/01/2026, 23:26:21,1066
APRL00001,Super Mario BOOM,29564,06/02/2026, 03:36:30,1066
APRL00001,Super Mario BOOM,29568,06/02/2026, 08:26:19,1066
APRL00001,Super Mario BOOM,29570,06/02/2026, 12:39:28,1066
APRL00001,Super Mario BOOM,29572,06/02/2026, 17:20:08,1066
APRL00001,Super Mario BOOM,29574,06/02/2026, 20:44:16,1066
APRL00001,Super Mario BOOM,29576,06/02/2026, 23:01:35,1066
APRL00001,Super Mario BOOM,29576,06/03/2026, 01:44:14,1066
APRL00001,Super Mario BOOM,29577,06/03/2026, 06:50:55,1066
APRL00001,Super Mario BOOM,29577,06/03/2026, 11:54:46,1066
APRL00001,Super Mario BOOM,29579,06/03/2026, 16:41:08,1066
APRL00001,Super Mario BOOM,29579,06/03/2026, 20:18:06,1066
APRL00001,Super Mario BOOM,29580,06/03/2026, 23:04:54,1066
APRL00001,Super Mario BOOM,29580,06/04/2026, 03:38:45,1066
APRL00001,Super Mario BOOM,29581,06/04/2026, 08:18:03,1066
APRL00001,Super Mario BOOM,29583,06/04/2026, 11:50:34,1066
APRL00001,Super Mario BOOM,29584,06/04/2026, 14:51:40,1066
APRL00001,Super Mario BOOM,29585,06/04/2026, 17:44:16,1066
APRL00001,Super Mario BOOM,29586,06/04/2026, 20:01:20,1066
APRL00001,Super Mario BOOM,29586,06/04/2026, 21:48:14,1066
APRL00001,Super Mario BOOM,29586,06/04/2026, 23:07:38,1066
APRL00001,Super Mario BOOM,29586,06/05/2026, 03:25:33,1066
APRL00001,Super Mario BOOM,29588,06/05/2026, 08:04:31,1066
APRL00001,Super Mario BOOM,29589,06/05/2026, 12:02:00,1066
APRL00001,Super Mario BOOM,29590,06/05/2026, 15:23:19,1066
APRL00001,Super Mario BOOM,29590,06/05/2026, 17:51:38,1066
APRL00001,Super Mario BOOM,29592,06/05/2026, 19:51:23,1066
APRL00001,Super Mario BOOM,29594,06/05/2026, 21:24:20,1066
APRL00001,Super Mario BOOM,29596,06/05/2026, 23:05:40,1066
APRL00001,Super Mario BOOM,29598,06/06/2026, 02:48:00,1066
APRL00001,Super Mario BOOM,29599,06/06/2026, 06:28:43,1066
APRL00001,Super Mario BOOM,29599,06/06/2026, 09:24:35,1066
APRL00001,Super Mario BOOM,29600,06/06/2026, 11:24:11,1066
APRL00001,Super Mario BOOM,29600,06/06/2026, 13:25:09,1066
APRL00001,Super Mario BOOM,29600,06/06/2026, 15:12:48,1066
APRL00001,Super Mario BOOM,29603,06/06/2026, 19:17:24,1066
APRL00001,Super Mario BOOM,29604,06/06/2026, 21:01:47,1066
APRL00001,Super Mario BOOM,29604,06/06/2026, 22:12:01,1066
APRL00001,Super Mario BOOM,29606,06/07/2026, 00:02:52,1066
APRL00001,Super Mario BOOM,29610,06/07/2026, 05:20:35,1066
APRL00001,Super Mario BOOM,29610,06/07/2026, 08:52:22,1066
APRL00001,Super Mario BOOM,29610,06/07/2026, 11:07:58,1066
APRL00001,Super Mario BOOM,29611,06/07/2026, 13:46:05,1066
APRL00001,Super Mario BOOM,29612,06/07/2026, 15:23:50,1066
APRL00001,Super Mario BOOM,29612,06/07/2026, 17:13:20,1066
APRL00001,Super Mario BOOM,29612,06/07/2026, 19:18:06,1066
APRL00001,Super Mario BOOM,29612,06/07/2026, 21:09:36,1066
APRL00001,Super Mario BOOM,29612,06/07/2026, 23:02:48,1066
APRL00001,Super Mario BOOM,29612,06/08/2026, 03:36:59,1066
APRL00001,Super Mario BOOM,29613,06/08/2026, 08:51:53,1066
APRL00001,Super Mario BOOM,29613,06/08/2026, 13:04:31,1066
APRL00001,Super Mario BOOM,29615,06/08/2026, 17:21:17,1066
APRL00001,Super Mario BOOM,29616,06/08/2026, 20:10:36,1066
APRL00001,Super Mario BOOM,29616,06/08/2026, 22:24:55,1066
APRL00001,Super Mario BOOM,29616,06/09/2026, 00:04:35,1066
APRL00001,Super Mario BOOM,29620,06/09/2026, 05:03:04,1066
APRL00001,Super Mario BOOM,29623,06/09/2026, 09:36:59,1066
APRL00001,Super Mario BOOM,29623,06/09/2026, 12:34:49,1066
APRL00001,Super Mario BOOM,29624,06/09/2026, 15:53:40,1066
APRL00001,Super Mario BOOM,29625,06/09/2026, 18:03:52,1066
APRL00001,Super Mario BOOM,29625,06/09/2026, 20:12:22,1066
APRL00001,Super Mario BOOM,29625,06/09/2026, 22:22:30,1066
APRL00001,Super Mario BOOM,29626,06/10/2026, 00:10:20,1066
APRL00001,Super Mario BOOM,29626,06/10/2026, 05:15:22,1066
APRL00001,Super Mario BOOM,29626,06/10/2026, 09:53:08,1066
APRL00001,Super Mario BOOM,29626,06/10/2026, 12:54:47,1066
APRL00001,Super Mario BOOM,29626,06/10/2026, 16:34:01,1066
APRL00001,Super Mario BOOM,29626,06/10/2026, 19:33:24,1066
APRL00001,Super Mario BOOM,29628,06/10/2026, 21:58:49,1066
APRL00001,Super Mario BOOM,29628,06/10/2026, 23:25:53,1066
APRL00001,Super Mario BOOM,29630,06/11/2026, 03:34:54,1066
APRL00001,Super Mario BOOM,29630,06/11/2026, 08:43:25,1066
APRL00001,Super Mario BOOM,29632,06/11/2026, 12:42:55,1066
APRL00001,Super Mario BOOM,29636,06/11/2026, 16:53:13,1066
APRL00001,Super Mario BOOM,29636,06/11/2026, 19:34:08,1066
APRL00001,Super Mario BOOM,29637,06/11/2026, 22:00:24,1066
APRL00001,Super Mario BOOM,29637,06/11/2026, 23:28:05,1066
APRL00001,Super Mario BOOM,29638,06/12/2026, 03:35:00,1066
APRL00001,Super Mario BOOM,29638,06/12/2026, 08:22:53,1066
APRL00001,Super Mario BOOM,29638,06/12/2026, 12:16:56,1066
APRL00001,Super Mario BOOM,29639,06/12/2026, 16:16:33,1066
APRL00001,Super Mario BOOM,29639,06/12/2026, 19:03:31,1066
APRL00001,Super Mario BOOM,29640,06/12/2026, 21:30:58,1066
APRL00001,Super Mario BOOM,29640,06/12/2026, 23:15:31,1066
APRL00001,Super Mario BOOM,29641,06/13/2026, 02:59:39,1066
APRL00001,Super Mario BOOM,29642,06/13/2026, 07:00:52,1066
APRL00001,Super Mario BOOM,29643,06/13/2026, 10:06:11,1066
APRL00001,Super Mario BOOM,29644,06/13/2026, 12:23:48,1066
APRL00001,Super Mario BOOM,29645,06/13/2026, 14:58:48,1066
APRL00001,Super Mario BOOM,29645,06/13/2026, 16:14:31,1066
APRL00001,Super Mario BOOM,29646,06/13/2026, 18:06:07,1066
APRL00001,Super Mario BOOM,29647,06/13/2026, 20:14:27,1066
APRL00001,Super Mario BOOM,29648,06/13/2026, 22:01:33,1066
APRL00001,Super Mario BOOM,29649,06/13/2026, 23:14:12,1066
APRL00001,Super Mario BOOM,29650,06/14/2026, 03:38:04,1066
APRL00001,Super Mario BOOM,29650,06/14/2026, 08:14:13,1066
APRL00001,Super Mario BOOM,29650,06/14/2026, 11:29:03,1066
APRL00001,Super Mario BOOM,29651,06/14/2026, 13:55:23,1066
APRL00001,Super Mario BOOM,29652,06/14/2026, 15:48:47,1066
APRL00001,Super Mario BOOM,29654,06/14/2026, 17:18:19,1066
APRL00001,Super Mario BOOM,29655,06/14/2026, 19:21:40,1066
APRL00001,Super Mario BOOM,29655,06/14/2026, 21:08:20,1066
APRL00001,Super Mario BOOM,29657,06/14/2026, 23:06:25,1066
APRL00001,Super Mario BOOM,29657,06/15/2026, 03:52:14,1066
APRL00001,Super Mario BOOM,29660,06/15/2026, 10:00:47,1066
APRL00001,Super Mario BOOM,29663,06/15/2026, 15:50:30,1066
APRL00001,Super Mario BOOM,29664,06/15/2026, 19:45:45,1066
APRL00001,Super Mario BOOM,29667,06/15/2026, 22:17:16,1066
APRL00001,Super Mario BOOM,29667,06/16/2026, 00:29:18,1066
APRL00001,Super Mario BOOM,29667,06/16/2026, 06:32:31,1066
APRL00001,Super Mario BOOM,29667,06/16/2026, 12:11:28,1066
