FROV00001,FrozenEngine,486,06/18/2020, 12:35:47,540
FROV00001,FrozenEngine,486,06/18/2020, 13:04:35,540
FROV00001,FrozenEngine,487,06/18/2020, 14:06:21,540
FROV00001,FrozenEngine,487,06/18/2020, 15:04:55,540
FROV00001,FrozenEngine,488,06/18/2020, 16:05:12,540
FROV00001,FrozenEngine,488,06/18/2020, 17:05:41,540
FROV00001,FrozenEngine,488,06/18/2020, 18:05:02,540
FROV00001,FrozenEngine,488,06/18/2020, 19:04:27,540
FROV00001,FrozenEngine,488,06/18/2020, 20:05:19,540
FROV00001,FrozenEngine,488,06/18/2020, 21:05:10,540
FROV00001,FrozenEngine,488,06/18/2020, 22:04:46,540
FROV00001,FrozenEngine,488,06/18/2020, 23:05:11,540
FROV00001,FrozenEngine,488,06/19/2020, 00:13:11,540
FROV00001,FrozenEngine,488,06/19/2020, 01:06:05,540
FROV00001,FrozenEngine,488,06/19/2020, 02:04:57,540
FROV00001,FrozenEngine,488,06/19/2020, 03:04:46,540
FROV00001,FrozenEngine,488,06/19/2020, 04:05:13,540
FROV00001,FrozenEngine,488,06/19/2020, 05:06:07,540
FROV00001,FrozenEngine,488,06/19/2020, 06:06:05,540
FROV00001,FrozenEngine,489,06/19/2020, 07:05:04,540
FROV00001,FrozenEngine,489,06/19/2020, 08:06:41,540
FROV00001,FrozenEngine,489,06/19/2020, 09:04:55,540
FROV00001,FrozenEngine,489,06/19/2020, 10:04:43,540
FROV00001,FrozenEngine,489,06/19/2020, 11:04:34,540
FROV00001,FrozenEngine,489,06/19/2020, 12:06:20,540
FROV00001,FrozenEngine,489,06/19/2020, 13:04:42,540
FROV00001,FrozenEngine,489,06/19/2020, 14:05:08,540
FROV00001,FrozenEngine,489,06/19/2020, 15:04:58,540
FROV00001,FrozenEngine,489,06/19/2020, 16:05:19,540
FROV00001,FrozenEngine,489,06/19/2020, 17:04:50,540
FROV00001,FrozenEngine,489,06/19/2020, 18:05:08,540
FROV00001,FrozenEngine,490,06/19/2020, 19:04:30,540
FROV00001,FrozenEngine,490,06/19/2020, 20:05:26,540
FROV00001,FrozenEngine,490,06/19/2020, 21:04:53,540
FROV00001,FrozenEngine,490,06/19/2020, 22:04:36,540
FROV00001,FrozenEngine,490,06/19/2020, 23:04:21,540
FROV00001,FrozenEngine,490,06/20/2020, 00:12:44,540
FROV00001,FrozenEngine,490,06/20/2020, 01:05:16,540
FROV00001,FrozenEngine,491,06/20/2020, 02:05:48,540
FROV00001,FrozenEngine,491,06/20/2020, 03:05:55,540
FROV00001,FrozenEngine,491,06/20/2020, 04:06:13,540
FROV00001,FrozenEngine,491,06/20/2020, 05:05:00,540
FROV00001,FrozenEngine,491,06/20/2020, 06:05:56,540
FROV00001,FrozenEngine,492,06/20/2020, 07:06:07,540
FROV00001,FrozenEngine,493,06/20/2020, 08:05:12,540
FROV00001,FrozenEngine,493,06/20/2020, 09:05:33,540
FROV00001,FrozenEngine,493,06/20/2020, 10:05:49,540
FROV00001,FrozenEngine,493,06/20/2020, 11:05:49,540
FROV00001,FrozenEngine,493,06/20/2020, 12:06:20,540
FROV00001,FrozenEngine,493,06/20/2020, 13:05:02,540
FROV00001,FrozenEngine,493,06/20/2020, 14:05:52,540
FROV00001,FrozenEngine,493,06/20/2020, 15:04:41,540
FROV00001,FrozenEngine,493,06/20/2020, 16:05:09,540
FROV00001,FrozenEngine,493,06/20/2020, 17:05:16,540
FROV00001,FrozenEngine,493,06/20/2020, 18:05:07,540
FROV00001,FrozenEngine,493,06/20/2020, 19:05:51,540
FROV00001,FrozenEngine,493,06/20/2020, 20:05:20,540
FROV00001,FrozenEngine,493,06/20/2020, 21:05:02,540
FROV00001,FrozenEngine,494,06/20/2020, 22:04:21,540
FROV00001,FrozenEngine,494,06/20/2020, 23:06:32,540
FROV00001,FrozenEngine,494,06/21/2020, 00:13:56,540
FROV00001,FrozenEngine,494,06/21/2020, 01:05:05,540
FROV00001,FrozenEngine,494,06/21/2020, 02:09:09,540
FROV00001,FrozenEngine,494,06/21/2020, 03:05:06,540
FROV00001,FrozenEngine,494,06/21/2020, 04:06:08,540
FROV00001,FrozenEngine,494,06/21/2020, 05:04:41,540
FROV00001,FrozenEngine,494,06/21/2020, 06:06:03,540
FROV00001,FrozenEngine,494,06/21/2020, 07:04:56,540
FROV00001,FrozenEngine,494,06/21/2020, 08:05:14,540
FROV00001,FrozenEngine,494,06/21/2020, 09:05:00,540
FROV00001,FrozenEngine,494,06/21/2020, 10:06:08,540
FROV00001,FrozenEngine,494,06/21/2020, 11:05:57,540
FROV00001,FrozenEngine,495,06/21/2020, 12:06:15,540
FROV00001,FrozenEngine,495,06/21/2020, 13:04:49,540
FROV00001,FrozenEngine,495,06/21/2020, 14:05:51,540
FROV00001,FrozenEngine,495,06/21/2020, 15:05:39,540
FROV00001,FrozenEngine,495,06/21/2020, 16:04:51,540
FROV00001,FrozenEngine,496,06/21/2020, 17:04:40,540
FROV00001,FrozenEngine,496,06/21/2020, 18:05:32,540
FROV00001,FrozenEngine,496,06/21/2020, 19:06:02,540
FROV00001,FrozenEngine,496,06/21/2020, 20:05:29,540
FROV00001,FrozenEngine,496,06/21/2020, 21:04:52,540
FROV00001,FrozenEngine,496,06/21/2020, 22:04:51,540
FROV00001,FrozenEngine,496,06/21/2020, 23:04:58,540
FROV00001,FrozenEngine,497,06/22/2020, 00:13:04,540
FROV00001,FrozenEngine,497,06/22/2020, 01:05:16,540
FROV00001,FrozenEngine,497,06/22/2020, 02:05:28,540
FROV00001,FrozenEngine,497,06/22/2020, 03:05:02,540
FROV00001,FrozenEngine,497,06/22/2020, 04:05:20,540
FROV00001,FrozenEngine,497,06/22/2020, 05:05:04,540
FROV00001,FrozenEngine,497,06/22/2020, 06:06:04,540
FROV00001,FrozenEngine,497,06/22/2020, 07:04:51,540
FROV00001,FrozenEngine,497,06/22/2020, 08:05:46,540
FROV00001,FrozenEngine,497,06/22/2020, 09:04:58,540
FROV00001,FrozenEngine,497,06/22/2020, 10:05:33,540
FROV00001,FrozenEngine,497,06/22/2020, 11:05:04,540
FROV00001,FrozenEngine,497,06/22/2020, 12:06:42,540
FROV00001,FrozenEngine,497,06/22/2020, 13:05:14,540
FROV00001,FrozenEngine,497,06/22/2020, 14:05:02,540
FROV00001,FrozenEngine,497,06/22/2020, 15:05:30,540
FROV00001,FrozenEngine,498,06/22/2020, 16:05:01,540
FROV00001,FrozenEngine,498,06/22/2020, 17:04:47,540
FROV00001,FrozenEngine,498,06/22/2020, 18:05:12,540
FROV00001,FrozenEngine,498,06/22/2020, 19:04:33,540
FROV00001,FrozenEngine,498,06/22/2020, 20:05:48,540
FROV00001,FrozenEngine,498,06/22/2020, 21:04:48,540
FROV00001,FrozenEngine,499,06/22/2020, 22:04:35,540
FROV00001,FrozenEngine,499,06/22/2020, 23:04:24,540
FROV00001,FrozenEngine,499,06/23/2020, 00:12:58,540
FROV00001,FrozenEngine,499,06/23/2020, 01:05:16,540
FROV00001,FrozenEngine,499,06/23/2020, 02:05:57,540
FROV00001,FrozenEngine,499,06/23/2020, 03:04:56,540
FROV00001,FrozenEngine,499,06/23/2020, 04:05:17,540
FROV00001,FrozenEngine,499,06/23/2020, 05:06:06,540
FROV00001,FrozenEngine,499,06/23/2020, 06:05:36,540
FROV00001,FrozenEngine,499,06/23/2020, 07:05:05,540
FROV00001,FrozenEngine,499,06/23/2020, 08:06:03,540
FROV00001,FrozenEngine,499,06/23/2020, 09:04:48,540
FROV00001,FrozenEngine,499,06/23/2020, 10:04:48,540
FROV00001,FrozenEngine,499,06/23/2020, 11:04:37,540
FROV00001,FrozenEngine,499,06/23/2020, 12:06:26,540
FROV00001,FrozenEngine,499,06/23/2020, 13:04:46,540
FROV00001,FrozenEngine,499,06/23/2020, 14:31:49,540
FROV00001,FrozenEngine,499,06/23/2020, 15:05:00,540
FROV00001,FrozenEngine,499,06/23/2020, 16:05:01,540
FROV00001,FrozenEngine,499,06/23/2020, 17:04:46,540
FROV00001,FrozenEngine,499,06/23/2020, 18:05:13,540
FROV00001,FrozenEngine,499,06/23/2020, 19:04:32,540
FROV00001,FrozenEngine,499,06/23/2020, 20:05:30,540
FROV00001,FrozenEngine,499,06/23/2020, 21:04:46,540
FROV00001,FrozenEngine,499,06/23/2020, 22:04:35,540
FROV00001,FrozenEngine,499,06/23/2020, 23:04:23,540
FROV00001,FrozenEngine,499,06/24/2020, 00:12:39,540
FROV00001,FrozenEngine,499,06/24/2020, 01:05:34,540
FROV00001,FrozenEngine,499,06/24/2020, 02:06:20,540
FROV00001,FrozenEngine,499,06/24/2020, 03:04:45,540
FROV00001,FrozenEngine,499,06/24/2020, 04:06:00,540
FROV00001,FrozenEngine,499,06/24/2020, 05:04:54,540
FROV00001,FrozenEngine,499,06/24/2020, 06:05:16,540
FROV00001,FrozenEngine,499,06/24/2020, 07:05:18,540
FROV00001,FrozenEngine,499,06/24/2020, 08:05:48,540
FROV00001,FrozenEngine,499,06/24/2020, 09:04:55,540
FROV00001,FrozenEngine,499,06/24/2020, 10:04:47,540
FROV00001,FrozenEngine,499,06/24/2020, 11:04:57,540
FROV00001,FrozenEngine,499,06/24/2020, 12:06:27,540
FROV00001,FrozenEngine,499,06/24/2020, 13:05:08,540
FROV00001,FrozenEngine,499,06/24/2020, 14:05:04,540
FROV00001,FrozenEngine,499,06/24/2020, 15:06:28,540
FROV00001,FrozenEngine,499,06/24/2020, 16:05:09,540
FROV00001,FrozenEngine,499,06/24/2020, 17:05:41,540
FROV00001,FrozenEngine,499,06/24/2020, 18:04:53,540
FROV00001,FrozenEngine,499,06/24/2020, 19:04:45,540
FROV00001,FrozenEngine,499,06/24/2020, 20:05:14,540
FROV00001,FrozenEngine,499,06/24/2020, 21:06:44,540
FROV00001,FrozenEngine,499,06/24/2020, 22:04:52,540
FROV00001,FrozenEngine,499,06/24/2020, 23:04:55,540
FROV00001,FrozenEngine,499,06/25/2020, 00:13:08,540
FROV00001,FrozenEngine,500,06/25/2020, 01:05:36,540
FROV00001,FrozenEngine,500,06/25/2020, 02:06:05,540
FROV00001,FrozenEngine,500,06/25/2020, 03:04:48,540
FROV00001,FrozenEngine,500,06/25/2020, 04:07:10,540
FROV00001,FrozenEngine,500,06/25/2020, 05:05:45,540
FROV00001,FrozenEngine,500,06/25/2020, 06:13:28,540
FROV00001,FrozenEngine,500,06/25/2020, 07:05:45,540
FROV00001,FrozenEngine,500,06/25/2020, 08:05:40,540
FROV00001,FrozenEngine,500,06/25/2020, 09:05:13,540
FROV00001,FrozenEngine,500,06/25/2020, 10:04:59,540
FROV00001,FrozenEngine,500,06/25/2020, 11:04:54,540
FROV00001,FrozenEngine,501,06/25/2020, 12:06:33,540
FROV00001,FrozenEngine,501,06/25/2020, 13:04:48,540
FROV00001,FrozenEngine,501,06/25/2020, 14:04:58,540
FROV00001,FrozenEngine,501,06/25/2020, 15:04:55,540
FROV00001,FrozenEngine,501,06/25/2020, 16:05:03,540
FROV00001,FrozenEngine,501,06/25/2020, 17:05:41,540
FROV00001,FrozenEngine,502,06/25/2020, 18:07:17,540
FROV00001,FrozenEngine,502,06/25/2020, 19:04:48,540
FROV00001,FrozenEngine,502,06/25/2020, 20:06:34,540
FROV00001,FrozenEngine,502,06/25/2020, 21:04:48,540
FROV00001,FrozenEngine,502,06/25/2020, 22:06:40,540
FROV00001,FrozenEngine,502,06/25/2020, 23:04:37,540
FROV00001,FrozenEngine,502,06/26/2020, 00:13:15,540
FROV00001,FrozenEngine,502,06/26/2020, 01:05:22,540
FROV00001,FrozenEngine,502,06/26/2020, 02:05:42,540
FROV00001,FrozenEngine,502,06/26/2020, 03:05:08,540
FROV00001,FrozenEngine,503,06/26/2020, 04:05:16,540
FROV00001,FrozenEngine,503,06/26/2020, 05:05:03,540
FROV00001,FrozenEngine,503,06/26/2020, 06:06:20,540
FROV00001,FrozenEngine,503,06/26/2020, 07:04:51,540
FROV00001,FrozenEngine,503,06/26/2020, 08:05:48,540
FROV00001,FrozenEngine,503,06/26/2020, 09:05:07,540
FROV00001,FrozenEngine,503,06/26/2020, 10:04:59,540
FROV00001,FrozenEngine,503,06/26/2020, 11:04:49,540
FROV00001,FrozenEngine,503,06/26/2020, 12:06:56,540
FROV00001,FrozenEngine,503,06/26/2020, 13:05:06,540
FROV00001,FrozenEngine,503,06/26/2020, 14:04:54,540
FROV00001,FrozenEngine,503,06/26/2020, 15:04:49,540
FROV00001,FrozenEngine,503,06/26/2020, 16:05:04,540
FROV00001,FrozenEngine,503,06/26/2020, 17:05:23,540
FROV00001,FrozenEngine,503,06/26/2020, 18:05:21,540
FROV00001,FrozenEngine,503,06/26/2020, 19:04:42,540
FROV00001,FrozenEngine,503,06/26/2020, 20:05:47,540
FROV00001,FrozenEngine,503,06/26/2020, 21:04:56,540
FROV00001,FrozenEngine,503,06/26/2020, 22:04:48,540
FROV00001,FrozenEngine,503,06/26/2020, 23:04:38,540
FROV00001,FrozenEngine,503,06/27/2020, 00:13:15,540
FROV00001,FrozenEngine,503,06/27/2020, 01:05:35,540
FROV00001,FrozenEngine,503,06/27/2020, 02:07:18,540
FROV00001,FrozenEngine,504,06/27/2020, 03:04:48,540
FROV00001,FrozenEngine,504,06/27/2020, 04:07:48,540
FROV00001,FrozenEngine,504,06/27/2020, 05:08:45,540
FROV00001,FrozenEngine,504,06/27/2020, 06:05:58,540
FROV00001,FrozenEngine,504,06/27/2020, 07:07:04,540
FROV00001,FrozenEngine,504,06/27/2020, 08:06:57,540
FROV00001,FrozenEngine,504,06/27/2020, 09:07:06,540
FROV00001,FrozenEngine,504,06/27/2020, 10:06:55,540
FROV00001,FrozenEngine,504,06/27/2020, 11:04:45,540
FROV00001,FrozenEngine,504,06/27/2020, 12:06:05,540
FROV00001,FrozenEngine,504,06/27/2020, 13:05:10,540
FROV00001,FrozenEngine,504,06/27/2020, 14:05:46,540
FROV00001,FrozenEngine,504,06/27/2020, 15:04:47,540
FROV00001,FrozenEngine,504,06/27/2020, 16:05:12,540
FROV00001,FrozenEngine,504,06/27/2020, 17:05:34,540
FROV00001,FrozenEngine,504,06/27/2020, 18:05:25,540
FROV00001,FrozenEngine,504,06/27/2020, 19:04:56,540
FROV00001,FrozenEngine,504,06/27/2020, 20:05:37,540
FROV00001,FrozenEngine,504,06/27/2020, 21:05:53,540
FROV00001,FrozenEngine,504,06/27/2020, 22:05:04,540
FROV00001,FrozenEngine,504,06/27/2020, 23:05:44,540
FROV00001,FrozenEngine,504,06/28/2020, 00:14:11,540
FROV00001,FrozenEngine,504,06/28/2020, 01:05:24,540
FROV00001,FrozenEngine,504,06/28/2020, 02:06:01,540
FROV00001,FrozenEngine,504,06/28/2020, 03:05:18,540
FROV00001,FrozenEngine,504,06/28/2020, 04:06:18,540
FROV00001,FrozenEngine,504,06/28/2020, 05:04:44,540
FROV00001,FrozenEngine,505,06/28/2020, 06:06:43,540
FROV00001,FrozenEngine,505,06/28/2020, 07:05:12,540
FROV00001,FrozenEngine,505,06/28/2020, 08:05:32,540
FROV00001,FrozenEngine,505,06/28/2020, 09:05:34,540
FROV00001,FrozenEngine,505,06/28/2020, 10:05:06,540
FROV00001,FrozenEngine,505,06/28/2020, 11:05:07,540
FROV00001,FrozenEngine,505,06/28/2020, 12:06:10,540
FROV00001,FrozenEngine,505,06/28/2020, 13:04:55,540
FROV00001,FrozenEngine,505,06/28/2020, 14:07:57,540
FROV00001,FrozenEngine,505,06/28/2020, 15:10:33,540
FROV00001,FrozenEngine,505,06/28/2020, 16:05:02,540
FROV00001,FrozenEngine,505,06/28/2020, 17:04:46,540
FROV00001,FrozenEngine,505,06/28/2020, 18:05:06,540
FROV00001,FrozenEngine,506,06/28/2020, 19:07:04,540
FROV00001,FrozenEngine,506,06/28/2020, 20:05:15,540
FROV00001,FrozenEngine,507,06/28/2020, 21:08:13,540
FROV00001,FrozenEngine,507,06/28/2020, 22:07:08,540
FROV00001,FrozenEngine,507,06/28/2020, 23:04:41,540
FROV00001,FrozenEngine,507,06/29/2020, 00:13:46,540
FROV00001,FrozenEngine,507,06/29/2020, 01:05:18,540
FROV00001,FrozenEngine,508,06/29/2020, 02:05:51,540
FROV00001,FrozenEngine,508,06/29/2020, 03:05:05,540
FROV00001,FrozenEngine,508,06/29/2020, 04:05:13,540
FROV00001,FrozenEngine,509,06/29/2020, 05:05:08,540
FROV00001,FrozenEngine,509,06/29/2020, 06:05:33,540
FROV00001,FrozenEngine,509,06/29/2020, 07:05:16,540
FROV00001,FrozenEngine,509,06/29/2020, 08:05:45,540
FROV00001,FrozenEngine,509,06/29/2020, 09:06:33,540
FROV00001,FrozenEngine,510,06/29/2020, 11:05:30,540
FROV00001,FrozenEngine,510,06/29/2020, 12:06:37,540
FROV00001,FrozenEngine,510,06/29/2020, 13:04:58,540
FROV00001,FrozenEngine,510,06/29/2020, 14:05:21,540
FROV00001,FrozenEngine,511,06/29/2020, 15:04:50,540
FROV00001,FrozenEngine,511,06/29/2020, 16:09:13,540
FROV00001,FrozenEngine,511,06/29/2020, 17:05:23,540
FROV00001,FrozenEngine,511,06/29/2020, 18:05:27,540
FROV00001,FrozenEngine,511,06/29/2020, 19:04:50,540
FROV00001,FrozenEngine,511,06/29/2020, 20:05:41,540
FROV00001,FrozenEngine,511,06/29/2020, 21:05:10,540
FROV00001,FrozenEngine,511,06/29/2020, 22:04:55,540
FROV00001,FrozenEngine,511,06/29/2020, 23:04:56,540
FROV00001,FrozenEngine,511,06/30/2020, 00:13:24,540
FROV00001,FrozenEngine,511,06/30/2020, 01:05:14,540
FROV00001,FrozenEngine,511,06/30/2020, 02:05:48,540
FROV00001,FrozenEngine,512,06/30/2020, 03:04:54,540
FROV00001,FrozenEngine,512,06/30/2020, 04:05:57,540
FROV00001,FrozenEngine,512,06/30/2020, 05:05:05,540
FROV00001,FrozenEngine,512,06/30/2020, 06:05:25,540
FROV00001,FrozenEngine,512,06/30/2020, 07:05:08,540
FROV00001,FrozenEngine,512,06/30/2020, 08:05:56,540
FROV00001,FrozenEngine,512,06/30/2020, 09:05:08,540
FROV00001,FrozenEngine,512,06/30/2020, 10:05:06,540
FROV00001,FrozenEngine,512,06/30/2020, 11:04:51,540
FROV00001,FrozenEngine,512,06/30/2020, 12:06:27,540
FROV00001,FrozenEngine,512,06/30/2020, 13:04:51,540
FROV00001,FrozenEngine,512,06/30/2020, 14:31:49,540
FROV00001,FrozenEngine,512,06/30/2020, 15:05:08,540
FROV00001,FrozenEngine,512,06/30/2020, 16:05:36,540
FROV00001,FrozenEngine,512,06/30/2020, 17:04:50,540
FROV00001,FrozenEngine,512,06/30/2020, 18:05:28,540
FROV00001,FrozenEngine,512,06/30/2020, 19:04:44,540
FROV00001,FrozenEngine,512,06/30/2020, 20:06:49,540
FROV00001,FrozenEngine,512,06/30/2020, 21:05:21,540
FROV00001,FrozenEngine,512,06/30/2020, 22:05:55,540
FROV00001,FrozenEngine,512,06/30/2020, 23:05:36,540
FROV00001,FrozenEngine,512,07/01/2020, 00:16:39,540
FROV00001,FrozenEngine,512,07/01/2020, 01:06:32,540
FROV00001,FrozenEngine,512,07/01/2020, 02:06:28,540
FROV00001,FrozenEngine,512,07/01/2020, 03:06:11,540
FROV00001,FrozenEngine,512,07/01/2020, 04:06:17,540
FROV00001,FrozenEngine,512,07/01/2020, 05:05:51,540
FROV00001,FrozenEngine,512,07/01/2020, 06:06:43,540
FROV00001,FrozenEngine,512,07/01/2020, 07:07:33,540
FROV00001,FrozenEngine,512,07/01/2020, 08:06:39,540
FROV00001,FrozenEngine,512,07/01/2020, 09:06:12,540
FROV00001,FrozenEngine,512,07/01/2020, 10:06:10,540
FROV00001,FrozenEngine,512,07/01/2020, 11:05:30,540
FROV00001,FrozenEngine,512,07/01/2020, 12:07:52,540
FROV00001,FrozenEngine,512,07/01/2020, 13:04:53,540
FROV00001,FrozenEngine,513,07/01/2020, 14:05:37,540
FROV00001,FrozenEngine,513,07/01/2020, 15:05:58,540
FROV00001,FrozenEngine,514,07/01/2020, 16:06:26,540
FROV00001,FrozenEngine,514,07/01/2020, 17:06:02,540
FROV00001,FrozenEngine,514,07/01/2020, 18:06:16,540
FROV00001,FrozenEngine,514,07/01/2020, 19:05:42,540
FROV00001,FrozenEngine,514,07/01/2020, 20:07:12,540
FROV00001,FrozenEngine,514,07/01/2020, 21:05:41,540
FROV00001,FrozenEngine,514,07/01/2020, 22:05:47,540
FROV00001,FrozenEngine,514,07/01/2020, 23:05:40,540
FROV00001,FrozenEngine,515,07/02/2020, 00:16:07,540
FROV00001,FrozenEngine,515,07/02/2020, 01:07:00,540
FROV00001,FrozenEngine,515,07/02/2020, 02:06:30,540
FROV00001,FrozenEngine,515,07/02/2020, 03:06:19,540
FROV00001,FrozenEngine,515,07/02/2020, 04:07:11,540
FROV00001,FrozenEngine,515,07/02/2020, 05:05:56,540
FROV00001,FrozenEngine,515,07/02/2020, 06:06:46,540
FROV00001,FrozenEngine,515,07/02/2020, 07:05:44,540
FROV00001,FrozenEngine,515,07/02/2020, 08:06:39,540
FROV00001,FrozenEngine,515,07/02/2020, 09:05:48,540
FROV00001,FrozenEngine,515,07/02/2020, 10:06:08,540
FROV00001,FrozenEngine,515,07/02/2020, 11:05:35,540
FROV00001,FrozenEngine,515,07/02/2020, 12:08:14,540
FROV00001,FrozenEngine,515,07/02/2020, 13:06:14,540
FROV00001,FrozenEngine,515,07/02/2020, 14:06:33,540
FROV00001,FrozenEngine,515,07/02/2020, 15:05:56,540
FROV00001,FrozenEngine,515,07/02/2020, 16:06:27,540
FROV00001,FrozenEngine,515,07/02/2020, 17:06:10,540
FROV00001,FrozenEngine,515,07/02/2020, 18:06:25,540
FROV00001,FrozenEngine,515,07/02/2020, 19:05:40,540
FROV00001,FrozenEngine,515,07/02/2020, 20:07:08,540
FROV00001,FrozenEngine,515,07/02/2020, 21:05:36,540
FROV00001,FrozenEngine,515,07/02/2020, 22:05:43,540
FROV00001,FrozenEngine,515,07/02/2020, 23:06:05,540
FROV00001,FrozenEngine,515,07/03/2020, 00:16:47,540
FROV00001,FrozenEngine,515,07/03/2020, 01:06:39,540
FROV00001,FrozenEngine,515,07/03/2020, 02:06:38,540
FROV00001,FrozenEngine,515,07/03/2020, 03:06:12,540
FROV00001,FrozenEngine,515,07/03/2020, 04:06:36,540
FROV00001,FrozenEngine,515,07/03/2020, 05:05:27,540
FROV00001,FrozenEngine,515,07/03/2020, 06:06:22,540
FROV00001,FrozenEngine,515,07/03/2020, 07:05:50,540
FROV00001,FrozenEngine,515,07/03/2020, 08:06:44,540
FROV00001,FrozenEngine,515,07/03/2020, 09:06:07,540
FROV00001,FrozenEngine,515,07/03/2020, 10:06:10,540
FROV00001,FrozenEngine,515,07/03/2020, 11:05:22,540
FROV00001,FrozenEngine,515,07/03/2020, 12:08:38,540
FROV00001,FrozenEngine,515,07/03/2020, 13:05:52,540
FROV00001,FrozenEngine,515,07/03/2020, 14:06:37,540
FROV00001,FrozenEngine,515,07/03/2020, 15:05:40,540
FROV00001,FrozenEngine,515,07/03/2020, 16:06:35,540
FROV00001,FrozenEngine,515,07/03/2020, 17:05:42,540
FROV00001,FrozenEngine,515,07/03/2020, 18:06:27,540
FROV00001,FrozenEngine,515,07/03/2020, 19:05:21,540
FROV00001,FrozenEngine,515,07/03/2020, 20:06:54,540
FROV00001,FrozenEngine,515,07/03/2020, 21:05:43,540
FROV00001,FrozenEngine,516,07/03/2020, 22:06:04,540
FROV00001,FrozenEngine,516,07/03/2020, 23:05:33,540
FROV00001,FrozenEngine,516,07/04/2020, 00:16:09,540
FROV00001,FrozenEngine,516,07/04/2020, 01:06:31,540
FROV00001,FrozenEngine,516,07/04/2020, 02:06:28,540
FROV00001,FrozenEngine,516,07/04/2020, 03:05:52,540
FROV00001,FrozenEngine,516,07/04/2020, 04:06:48,540
FROV00001,FrozenEngine,516,07/04/2020, 05:05:43,540
FROV00001,FrozenEngine,516,07/04/2020, 06:06:37,540
FROV00001,FrozenEngine,516,07/04/2020, 07:06:03,540
FROV00001,FrozenEngine,516,07/04/2020, 08:07:09,540
FROV00001,FrozenEngine,516,07/04/2020, 09:05:33,540
FROV00001,FrozenEngine,516,07/04/2020, 10:06:10,540
FROV00001,FrozenEngine,516,07/04/2020, 11:05:43,540
FROV00001,FrozenEngine,516,07/04/2020, 12:07:42,540
FROV00001,FrozenEngine,516,07/04/2020, 13:06:05,540
FROV00001,FrozenEngine,516,07/04/2020, 14:08:00,540
FROV00001,FrozenEngine,516,07/04/2020, 15:05:42,540
FROV00001,FrozenEngine,516,07/04/2020, 16:06:17,540
FROV00001,FrozenEngine,516,07/04/2020, 17:06:33,540
FROV00001,FrozenEngine,516,07/04/2020, 18:06:27,540
FROV00001,FrozenEngine,516,07/04/2020, 19:05:22,540
FROV00001,FrozenEngine,516,07/04/2020, 20:06:44,540
FROV00001,FrozenEngine,516,07/04/2020, 21:05:42,540
FROV00001,FrozenEngine,516,07/04/2020, 22:06:16,540
FROV00001,FrozenEngine,516,07/04/2020, 23:06:10,540
FROV00001,FrozenEngine,516,07/05/2020, 00:17:08,540
FROV00001,FrozenEngine,516,07/05/2020, 01:06:44,540
FROV00001,FrozenEngine,516,07/05/2020, 02:06:28,540
FROV00001,FrozenEngine,516,07/05/2020, 03:05:53,540
FROV00001,FrozenEngine,516,07/05/2020, 04:06:30,540
FROV00001,FrozenEngine,516,07/05/2020, 05:05:38,540
FROV00001,FrozenEngine,516,07/05/2020, 06:06:35,540
FROV00001,FrozenEngine,516,07/05/2020, 07:06:06,540
FROV00001,FrozenEngine,516,07/05/2020, 08:06:26,540
FROV00001,FrozenEngine,516,07/05/2020, 09:05:49,540
FROV00001,FrozenEngine,516,07/05/2020, 10:06:51,540
FROV00001,FrozenEngine,517,07/05/2020, 11:05:40,540
FROV00001,FrozenEngine,517,07/05/2020, 12:07:48,540
FROV00001,FrozenEngine,517,07/05/2020, 13:07:05,540
FROV00001,FrozenEngine,517,07/05/2020, 14:06:21,540
FROV00001,FrozenEngine,517,07/05/2020, 15:05:46,540
FROV00001,FrozenEngine,517,07/05/2020, 16:06:30,540
FROV00001,FrozenEngine,517,07/05/2020, 17:05:44,540
FROV00001,FrozenEngine,517,07/05/2020, 18:06:32,540
FROV00001,FrozenEngine,517,07/05/2020, 19:05:29,540
FROV00001,FrozenEngine,517,07/05/2020, 20:06:50,540
FROV00001,FrozenEngine,517,07/05/2020, 21:05:43,540
FROV00001,FrozenEngine,517,07/05/2020, 22:06:14,540
FROV00001,FrozenEngine,517,07/05/2020, 23:06:02,540
FROV00001,FrozenEngine,517,07/06/2020, 00:16:38,540
FROV00001,FrozenEngine,517,07/06/2020, 01:06:36,540
FROV00001,FrozenEngine,517,07/06/2020, 02:06:39,540
FROV00001,FrozenEngine,517,07/06/2020, 03:05:57,540
FROV00001,FrozenEngine,517,07/06/2020, 04:06:24,540
FROV00001,FrozenEngine,517,07/06/2020, 05:05:41,540
FROV00001,FrozenEngine,517,07/06/2020, 06:06:40,540
FROV00001,FrozenEngine,517,07/06/2020, 07:06:02,540
FROV00001,FrozenEngine,517,07/06/2020, 08:06:56,540
FROV00001,FrozenEngine,517,07/06/2020, 09:06:25,540
FROV00001,FrozenEngine,517,07/06/2020, 10:06:05,540
FROV00001,FrozenEngine,517,07/06/2020, 11:05:35,540
FROV00001,FrozenEngine,517,07/06/2020, 12:08:23,540
FROV00001,FrozenEngine,517,07/06/2020, 13:05:56,540
FROV00001,FrozenEngine,517,07/06/2020, 14:06:30,540
FROV00001,FrozenEngine,517,07/06/2020, 15:05:58,540
FROV00001,FrozenEngine,517,07/06/2020, 16:06:31,540
FROV00001,FrozenEngine,517,07/06/2020, 17:06:00,540
FROV00001,FrozenEngine,517,07/06/2020, 18:06:33,540
FROV00001,FrozenEngine,517,07/06/2020, 19:05:38,540
FROV00001,FrozenEngine,517,07/06/2020, 20:07:03,540
FROV00001,FrozenEngine,517,07/06/2020, 21:05:56,540
FROV00001,FrozenEngine,517,07/06/2020, 22:05:50,540
FROV00001,FrozenEngine,517,07/06/2020, 23:05:47,540
FROV00001,FrozenEngine,517,07/07/2020, 00:16:23,540
FROV00001,FrozenEngine,517,07/07/2020, 01:06:24,540
FROV00001,FrozenEngine,517,07/07/2020, 02:06:20,540
FROV00001,FrozenEngine,518,07/07/2020, 03:05:49,540
FROV00001,FrozenEngine,518,07/07/2020, 04:06:22,540
FROV00001,FrozenEngine,518,07/07/2020, 05:05:42,540
FROV00001,FrozenEngine,519,07/07/2020, 06:06:34,540
FROV00001,FrozenEngine,519,07/07/2020, 07:06:15,540
FROV00001,FrozenEngine,519,07/07/2020, 08:06:30,540
FROV00001,FrozenEngine,519,07/07/2020, 09:06:00,540
FROV00001,FrozenEngine,519,07/07/2020, 10:06:05,540
FROV00001,FrozenEngine,519,07/07/2020, 11:05:31,540
FROV00001,FrozenEngine,519,07/07/2020, 12:07:39,540
FROV00001,FrozenEngine,519,07/07/2020, 13:06:00,540
FROV00001,FrozenEngine,519,07/07/2020, 14:06:51,540
FROV00001,FrozenEngine,519,07/07/2020, 15:05:46,540
FROV00001,FrozenEngine,519,07/07/2020, 16:06:17,540
FROV00001,FrozenEngine,519,07/07/2020, 17:05:53,540
FROV00001,FrozenEngine,519,07/07/2020, 18:06:16,540
FROV00001,FrozenEngine,519,07/07/2020, 19:05:20,540
FROV00001,FrozenEngine,520,07/07/2020, 20:06:51,540
FROV00001,FrozenEngine,520,07/07/2020, 21:05:53,540
FROV00001,FrozenEngine,520,07/07/2020, 22:05:45,540
FROV00001,FrozenEngine,520,07/07/2020, 23:05:55,540
FROV00001,FrozenEngine,520,07/08/2020, 00:16:20,540
FROV00001,FrozenEngine,520,07/08/2020, 01:06:24,540
FROV00001,FrozenEngine,521,07/08/2020, 02:06:25,540
FROV00001,FrozenEngine,521,07/08/2020, 03:05:47,540
FROV00001,FrozenEngine,521,07/08/2020, 04:06:13,540
FROV00001,FrozenEngine,521,07/08/2020, 05:06:03,540
FROV00001,FrozenEngine,521,07/08/2020, 06:06:36,540
FROV00001,FrozenEngine,521,07/08/2020, 07:06:11,540
FROV00001,FrozenEngine,521,07/08/2020, 08:07:03,540
FROV00001,FrozenEngine,521,07/08/2020, 09:06:05,540
FROV00001,FrozenEngine,521,07/08/2020, 10:06:01,540
FROV00001,FrozenEngine,521,07/08/2020, 11:05:30,540
FROV00001,FrozenEngine,521,07/08/2020, 12:07:53,540
FROV00001,FrozenEngine,521,07/08/2020, 13:05:57,540
FROV00001,FrozenEngine,521,07/08/2020, 14:06:30,540
FROV00001,FrozenEngine,521,07/08/2020, 15:05:55,540
FROV00001,FrozenEngine,521,07/08/2020, 16:06:19,540
FROV00001,FrozenEngine,521,07/08/2020, 17:06:02,540
FROV00001,FrozenEngine,521,07/08/2020, 18:06:27,540
FROV00001,FrozenEngine,521,07/08/2020, 19:05:48,540
FROV00001,FrozenEngine,521,07/08/2020, 20:07:16,540
FROV00001,FrozenEngine,523,07/08/2020, 21:05:45,540
FROV00001,FrozenEngine,523,07/08/2020, 22:05:44,540
FROV00001,FrozenEngine,523,07/08/2020, 23:06:04,540
FROV00001,FrozenEngine,523,07/09/2020, 00:16:42,540
FROV00001,FrozenEngine,523,07/09/2020, 01:06:17,540
FROV00001,FrozenEngine,523,07/09/2020, 02:06:41,540
FROV00001,FrozenEngine,523,07/09/2020, 03:06:10,540
FROV00001,FrozenEngine,523,07/09/2020, 04:06:45,540
FROV00001,FrozenEngine,523,07/09/2020, 05:05:57,540
FROV00001,FrozenEngine,523,07/09/2020, 06:06:28,540
FROV00001,FrozenEngine,523,07/09/2020, 07:05:57,540
FROV00001,FrozenEngine,523,07/09/2020, 08:06:18,540
FROV00001,FrozenEngine,523,07/09/2020, 09:05:43,540
FROV00001,FrozenEngine,525,07/09/2020, 10:06:05,540
FROV00001,FrozenEngine,525,07/09/2020, 11:05:36,540
FROV00001,FrozenEngine,526,07/09/2020, 12:08:03,540
FROV00001,FrozenEngine,526,07/09/2020, 13:06:02,540
FROV00001,FrozenEngine,526,07/09/2020, 14:06:52,540
FROV00001,FrozenEngine,526,07/09/2020, 15:06:10,540
FROV00001,FrozenEngine,526,07/09/2020, 16:06:21,540
FROV00001,FrozenEngine,526,07/09/2020, 17:06:12,540
FROV00001,FrozenEngine,526,07/09/2020, 18:06:43,540
FROV00001,FrozenEngine,526,07/09/2020, 19:05:44,540
FROV00001,FrozenEngine,526,07/09/2020, 20:06:59,540
FROV00001,FrozenEngine,526,07/09/2020, 21:06:05,540
FROV00001,FrozenEngine,526,07/09/2020, 22:06:06,540
FROV00001,FrozenEngine,527,07/09/2020, 23:05:51,540
FROV00001,FrozenEngine,527,07/10/2020, 00:16:56,540
FROV00001,FrozenEngine,527,07/10/2020, 01:06:56,540
FROV00001,FrozenEngine,527,07/10/2020, 02:06:51,540
FROV00001,FrozenEngine,527,07/10/2020, 03:06:16,540
FROV00001,FrozenEngine,527,07/10/2020, 04:06:43,540
FROV00001,FrozenEngine,527,07/10/2020, 05:05:43,540
FROV00001,FrozenEngine,527,07/10/2020, 06:06:35,540
FROV00001,FrozenEngine,527,07/10/2020, 07:06:22,540
FROV00001,FrozenEngine,527,07/10/2020, 08:07:09,540
FROV00001,FrozenEngine,527,07/10/2020, 09:06:34,540
FROV00001,FrozenEngine,527,07/10/2020, 10:05:57,540
FROV00001,FrozenEngine,527,07/10/2020, 11:05:54,540
FROV00001,FrozenEngine,527,07/10/2020, 12:08:53,540
FROV00001,FrozenEngine,527,07/10/2020, 13:05:56,540
FROV00001,FrozenEngine,527,07/10/2020, 14:06:49,540
FROV00001,FrozenEngine,527,07/10/2020, 15:06:01,540
FROV00001,FrozenEngine,527,07/10/2020, 16:06:24,540
FROV00001,FrozenEngine,527,07/10/2020, 17:05:48,540
FROV00001,FrozenEngine,527,07/10/2020, 18:06:45,540
FROV00001,FrozenEngine,527,07/10/2020, 19:05:45,540
FROV00001,FrozenEngine,527,07/10/2020, 20:07:06,540
FROV00001,FrozenEngine,527,07/10/2020, 21:05:58,540
FROV00001,FrozenEngine,527,07/10/2020, 22:05:54,540
FROV00001,FrozenEngine,527,07/10/2020, 23:06:09,540
FROV00001,FrozenEngine,527,07/11/2020, 00:16:59,540
FROV00001,FrozenEngine,527,07/11/2020, 01:06:40,540
FROV00001,FrozenEngine,527,07/11/2020, 02:06:46,540
FROV00001,FrozenEngine,527,07/11/2020, 03:06:08,540
FROV00001,FrozenEngine,527,07/11/2020, 04:06:31,540
FROV00001,FrozenEngine,527,07/11/2020, 05:05:35,540
FROV00001,FrozenEngine,527,07/11/2020, 06:06:58,540
FROV00001,FrozenEngine,527,07/11/2020, 07:06:31,540
FROV00001,FrozenEngine,527,07/11/2020, 08:06:47,540
FROV00001,FrozenEngine,527,07/11/2020, 09:06:06,540
FROV00001,FrozenEngine,527,07/11/2020, 10:06:17,540
FROV00001,FrozenEngine,527,07/11/2020, 11:05:57,540
FROV00001,FrozenEngine,528,07/11/2020, 12:07:58,540
FROV00001,FrozenEngine,528,07/11/2020, 13:06:21,540
FROV00001,FrozenEngine,528,07/11/2020, 14:06:58,540
FROV00001,FrozenEngine,528,07/11/2020, 15:05:43,540
FROV00001,FrozenEngine,528,07/11/2020, 16:06:35,540
FROV00001,FrozenEngine,528,07/11/2020, 17:05:52,540
FROV00001,FrozenEngine,528,07/11/2020, 18:06:29,540
FROV00001,FrozenEngine,528,07/11/2020, 19:06:06,540
FROV00001,FrozenEngine,528,07/11/2020, 20:07:25,540
FROV00001,FrozenEngine,528,07/11/2020, 21:06:09,540
FROV00001,FrozenEngine,528,07/11/2020, 22:06:06,540
FROV00001,FrozenEngine,528,07/11/2020, 23:06:03,540
FROV00001,FrozenEngine,528,07/12/2020, 00:17:48,540
FROV00001,FrozenEngine,528,07/12/2020, 01:06:34,540
FROV00001,FrozenEngine,528,07/12/2020, 02:06:35,540
FROV00001,FrozenEngine,528,07/12/2020, 03:06:36,540
FROV00001,FrozenEngine,528,07/12/2020, 04:06:49,540
FROV00001,FrozenEngine,528,07/12/2020, 05:05:52,540
FROV00001,FrozenEngine,528,07/12/2020, 06:06:57,540
FROV00001,FrozenEngine,528,07/12/2020, 07:06:07,540
FROV00001,FrozenEngine,528,07/12/2020, 08:06:29,540
FROV00001,FrozenEngine,528,07/12/2020, 09:05:59,540
FROV00001,FrozenEngine,528,07/12/2020, 10:06:20,540
FROV00001,FrozenEngine,528,07/12/2020, 11:05:42,540
FROV00001,FrozenEngine,528,07/12/2020, 12:08:14,540
FROV00001,FrozenEngine,528,07/12/2020, 13:06:01,540
FROV00001,FrozenEngine,528,07/12/2020, 14:06:41,540
FROV00001,FrozenEngine,528,07/12/2020, 15:06:03,540
FROV00001,FrozenEngine,528,07/12/2020, 16:06:18,540
FROV00001,FrozenEngine,528,07/12/2020, 17:06:03,540
FROV00001,FrozenEngine,528,07/12/2020, 18:06:52,540
FROV00001,FrozenEngine,529,07/12/2020, 19:05:41,540
FROV00001,FrozenEngine,529,07/12/2020, 20:07:04,540
FROV00001,FrozenEngine,529,07/12/2020, 21:06:00,540
FROV00001,FrozenEngine,529,07/12/2020, 22:06:01,540
FROV00001,FrozenEngine,529,07/12/2020, 23:06:13,540
FROV00001,FrozenEngine,529,07/13/2020, 00:17:20,540
FROV00001,FrozenEngine,529,07/13/2020, 01:06:52,540
FROV00001,FrozenEngine,529,07/13/2020, 02:06:53,540
FROV00001,FrozenEngine,529,07/13/2020, 03:06:51,540
FROV00001,FrozenEngine,529,07/13/2020, 04:06:55,540
FROV00001,FrozenEngine,529,07/13/2020, 05:08:11,540
FROV00001,FrozenEngine,529,07/13/2020, 07:07:36,540
FROV00001,FrozenEngine,529,07/13/2020, 09:06:24,540
FROV00001,FrozenEngine,529,07/13/2020, 10:06:21,540
FROV00001,FrozenEngine,529,07/13/2020, 11:05:53,540
FROV00001,FrozenEngine,529,07/13/2020, 12:08:01,540
FROV00001,FrozenEngine,529,07/13/2020, 13:06:08,540
FROV00001,FrozenEngine,529,07/13/2020, 14:07:06,540
FROV00001,FrozenEngine,529,07/13/2020, 15:06:07,540
FROV00001,FrozenEngine,529,07/13/2020, 16:06:22,540
FROV00001,FrozenEngine,530,07/13/2020, 17:05:48,540
FROV00001,FrozenEngine,530,07/13/2020, 18:06:49,540
FROV00001,FrozenEngine,530,07/13/2020, 19:05:44,540
FROV00001,FrozenEngine,530,07/13/2020, 20:07:14,540
FROV00001,FrozenEngine,530,07/13/2020, 21:06:08,540
FROV00001,FrozenEngine,530,07/13/2020, 22:06:06,540
FROV00001,FrozenEngine,530,07/13/2020, 23:05:58,540
FROV00001,FrozenEngine,530,07/14/2020, 00:17:08,540
FROV00001,FrozenEngine,530,07/14/2020, 01:06:36,540
FROV00001,FrozenEngine,530,07/14/2020, 02:07:10,540
FROV00001,FrozenEngine,530,07/14/2020, 03:06:29,540
FROV00001,FrozenEngine,530,07/14/2020, 04:06:26,540
FROV00001,FrozenEngine,530,07/14/2020, 05:06:05,540
FROV00001,FrozenEngine,530,07/14/2020, 06:06:55,540
FROV00001,FrozenEngine,530,07/14/2020, 07:06:18,540
FROV00001,FrozenEngine,530,07/14/2020, 08:06:49,540
FROV00001,FrozenEngine,530,07/14/2020, 09:06:25,540
FROV00001,FrozenEngine,530,07/14/2020, 10:06:12,540
FROV00001,FrozenEngine,530,07/14/2020, 11:05:55,540
FROV00001,FrozenEngine,530,07/14/2020, 12:08:53,540
FROV00001,FrozenEngine,530,07/14/2020, 13:07:00,540
FROV00001,FrozenEngine,534,07/14/2020, 14:35:45,540
FROV00001,FrozenEngine,534,07/14/2020, 15:06:15,540
FROV00001,FrozenEngine,534,07/14/2020, 16:06:26,540
FROV00001,FrozenEngine,534,07/14/2020, 17:05:59,540
FROV00001,FrozenEngine,534,07/14/2020, 18:06:45,540
FROV00001,FrozenEngine,534,07/14/2020, 19:06:06,540
FROV00001,FrozenEngine,534,07/14/2020, 20:06:57,540
FROV00001,FrozenEngine,534,07/14/2020, 21:05:19,540
FROV00001,FrozenEngine,534,07/14/2020, 22:06:00,540
FROV00001,FrozenEngine,534,07/14/2020, 23:06:16,540
FROV00001,FrozenEngine,534,07/15/2020, 00:17:28,540
FROV00001,FrozenEngine,534,07/15/2020, 01:06:56,540
FROV00001,FrozenEngine,534,07/15/2020, 02:06:53,540
FROV00001,FrozenEngine,534,07/15/2020, 03:06:31,540
FROV00001,FrozenEngine,534,07/15/2020, 04:06:27,540
FROV00001,FrozenEngine,534,07/15/2020, 05:05:48,540
FROV00001,FrozenEngine,534,07/15/2020, 06:07:18,540
FROV00001,FrozenEngine,534,07/15/2020, 07:06:51,540
FROV00001,FrozenEngine,534,07/15/2020, 08:06:48,540
FROV00001,FrozenEngine,534,07/15/2020, 09:06:36,540
FROV00001,FrozenEngine,534,07/15/2020, 10:06:10,540
FROV00001,FrozenEngine,534,07/15/2020, 11:06:01,540
FROV00001,FrozenEngine,534,07/15/2020, 12:08:00,540
FROV00001,FrozenEngine,534,07/15/2020, 13:05:58,540
FROV00001,FrozenEngine,534,07/15/2020, 14:06:45,540
FROV00001,FrozenEngine,534,07/15/2020, 15:06:20,540
FROV00001,FrozenEngine,534,07/15/2020, 16:06:26,540
FROV00001,FrozenEngine,534,07/15/2020, 17:05:54,540
FROV00001,FrozenEngine,534,07/15/2020, 18:06:26,540
FROV00001,FrozenEngine,534,07/15/2020, 19:05:07,540
FROV00001,FrozenEngine,534,07/15/2020, 20:06:08,540
FROV00001,FrozenEngine,534,07/15/2020, 21:05:54,540
FROV00001,FrozenEngine,534,07/15/2020, 22:06:06,540
FROV00001,FrozenEngine,534,07/15/2020, 23:06:06,540
FROV00001,FrozenEngine,534,07/16/2020, 00:17:04,540
FROV00001,FrozenEngine,534,07/16/2020, 01:06:37,540
FROV00001,FrozenEngine,534,07/16/2020, 02:07:03,540
FROV00001,FrozenEngine,534,07/16/2020, 03:06:32,540
FROV00001,FrozenEngine,534,07/16/2020, 04:06:47,540
FROV00001,FrozenEngine,534,07/16/2020, 05:05:58,540
FROV00001,FrozenEngine,534,07/16/2020, 06:06:27,540
FROV00001,FrozenEngine,534,07/16/2020, 07:06:21,540
FROV00001,FrozenEngine,534,07/16/2020, 08:06:20,540
FROV00001,FrozenEngine,534,07/16/2020, 09:06:39,540
FROV00001,FrozenEngine,534,07/16/2020, 10:06:16,540
FROV00001,FrozenEngine,534,07/16/2020, 11:05:47,540
FROV00001,FrozenEngine,534,07/16/2020, 12:08:24,540
FROV00001,FrozenEngine,534,07/16/2020, 13:06:13,540
FROV00001,FrozenEngine,534,07/16/2020, 14:06:45,540
FROV00001,FrozenEngine,534,07/16/2020, 15:06:23,540
FROV00001,FrozenEngine,534,07/16/2020, 16:06:43,540
FROV00001,FrozenEngine,534,07/16/2020, 17:06:29,540
FROV00001,FrozenEngine,534,07/16/2020, 18:06:41,540
FROV00001,FrozenEngine,534,07/16/2020, 19:05:54,540
FROV00001,FrozenEngine,534,07/16/2020, 20:06:51,540
FROV00001,FrozenEngine,534,07/16/2020, 21:06:14,540
FROV00001,FrozenEngine,534,07/16/2020, 22:05:59,540
FROV00001,FrozenEngine,534,07/16/2020, 23:07:00,540
FROV00001,FrozenEngine,534,07/17/2020, 00:17:10,540
FROV00001,FrozenEngine,534,07/17/2020, 01:07:04,540
FROV00001,FrozenEngine,534,07/17/2020, 02:07:15,540
FROV00001,FrozenEngine,534,07/17/2020, 03:06:36,540
FROV00001,FrozenEngine,534,07/17/2020, 04:07:07,540
FROV00001,FrozenEngine,535,07/17/2020, 05:05:59,540
FROV00001,FrozenEngine,535,07/17/2020, 06:06:56,540
FROV00001,FrozenEngine,535,07/17/2020, 07:06:23,540
FROV00001,FrozenEngine,535,07/17/2020, 08:06:51,540
FROV00001,FrozenEngine,535,07/17/2020, 09:06:22,540
FROV00001,FrozenEngine,535,07/17/2020, 10:06:17,540
FROV00001,FrozenEngine,535,07/17/2020, 11:05:50,540
FROV00001,FrozenEngine,535,07/17/2020, 12:08:47,540
FROV00001,FrozenEngine,536,07/17/2020, 13:06:07,540
FROV00001,FrozenEngine,536,07/17/2020, 14:06:33,540
FROV00001,FrozenEngine,536,07/17/2020, 15:05:59,540
FROV00001,FrozenEngine,536,07/17/2020, 16:07:05,540
FROV00001,FrozenEngine,536,07/17/2020, 17:05:49,540
FROV00001,FrozenEngine,537,07/17/2020, 18:06:29,540
FROV00001,FrozenEngine,537,07/17/2020, 19:06:05,540
FROV00001,FrozenEngine,537,07/17/2020, 20:07:08,540
FROV00001,FrozenEngine,537,07/17/2020, 21:05:32,540
FROV00001,FrozenEngine,537,07/17/2020, 22:06:06,540
FROV00001,FrozenEngine,537,07/17/2020, 23:06:04,540
FROV00001,FrozenEngine,537,07/18/2020, 00:17:27,540
FROV00001,FrozenEngine,537,07/18/2020, 01:06:51,540
FROV00001,FrozenEngine,537,07/18/2020, 02:07:04,540
FROV00001,FrozenEngine,537,07/18/2020, 03:06:33,540
FROV00001,FrozenEngine,537,07/18/2020, 04:06:33,540
FROV00001,FrozenEngine,537,07/18/2020, 05:05:58,540
FROV00001,FrozenEngine,537,07/18/2020, 06:06:44,540
FROV00001,FrozenEngine,537,07/18/2020, 07:06:28,540
FROV00001,FrozenEngine,537,07/18/2020, 09:06:13,540
FROV00001,FrozenEngine,537,07/18/2020, 10:06:10,540
FROV00001,FrozenEngine,537,07/18/2020, 11:06:06,540
FROV00001,FrozenEngine,537,07/18/2020, 12:08:03,540
FROV00001,FrozenEngine,537,07/18/2020, 13:05:55,540
FROV00001,FrozenEngine,537,07/18/2020, 14:06:26,540
FROV00001,FrozenEngine,538,07/18/2020, 15:05:56,540
FROV00001,FrozenEngine,538,07/18/2020, 16:06:18,540
FROV00001,FrozenEngine,539,07/18/2020, 17:05:38,540
FROV00001,FrozenEngine,541,07/18/2020, 18:06:52,540
FROV00001,FrozenEngine,541,07/18/2020, 19:05:35,540
FROV00001,FrozenEngine,541,07/18/2020, 20:07:09,540
FROV00001,FrozenEngine,542,07/18/2020, 21:06:25,540
FROV00001,FrozenEngine,542,07/18/2020, 22:05:52,540
FROV00001,FrozenEngine,542,07/18/2020, 23:05:42,540
FROV00001,FrozenEngine,542,07/19/2020, 00:18:09,540
FROV00001,FrozenEngine,542,07/19/2020, 01:06:52,540
FROV00001,FrozenEngine,542,07/19/2020, 02:07:01,540
FROV00001,FrozenEngine,542,07/19/2020, 03:06:18,540
FROV00001,FrozenEngine,542,07/19/2020, 04:06:49,540
FROV00001,FrozenEngine,542,07/19/2020, 05:06:16,540
FROV00001,FrozenEngine,542,07/19/2020, 06:07:15,540
FROV00001,FrozenEngine,542,07/19/2020, 07:06:40,540
FROV00001,FrozenEngine,542,07/19/2020, 08:06:25,540
FROV00001,FrozenEngine,542,07/19/2020, 09:06:30,540
FROV00001,FrozenEngine,542,07/19/2020, 10:06:17,540
FROV00001,FrozenEngine,542,07/19/2020, 11:05:48,540
FROV00001,FrozenEngine,542,07/19/2020, 12:08:21,540
FROV00001,FrozenEngine,542,07/19/2020, 13:06:07,540
FROV00001,FrozenEngine,542,07/19/2020, 14:07:05,540
FROV00001,FrozenEngine,542,07/19/2020, 15:05:56,540
FROV00001,FrozenEngine,542,07/19/2020, 16:06:37,540
FROV00001,FrozenEngine,542,07/19/2020, 17:05:47,540
FROV00001,FrozenEngine,543,07/19/2020, 18:06:22,540
FROV00001,FrozenEngine,543,07/19/2020, 19:05:44,540
FROV00001,FrozenEngine,544,07/19/2020, 20:07:17,540
FROV00001,FrozenEngine,544,07/19/2020, 21:06:37,540
FROV00001,FrozenEngine,544,07/19/2020, 22:06:02,540
FROV00001,FrozenEngine,547,07/19/2020, 23:06:01,540
FROV00001,FrozenEngine,547,07/20/2020, 00:17:39,540
FROV00001,FrozenEngine,547,07/20/2020, 01:07:01,540
FROV00001,FrozenEngine,547,07/20/2020, 02:07:10,540
FROV00001,FrozenEngine,547,07/20/2020, 03:06:44,540
FROV00001,FrozenEngine,547,07/20/2020, 04:07:21,540
FROV00001,FrozenEngine,547,07/20/2020, 05:06:17,540
FROV00001,FrozenEngine,547,07/20/2020, 06:06:48,540
FROV00001,FrozenEngine,547,07/20/2020, 07:06:41,540
FROV00001,FrozenEngine,547,07/20/2020, 08:07:27,540
FROV00001,FrozenEngine,547,07/20/2020, 09:06:40,540
FROV00001,FrozenEngine,547,07/20/2020, 10:06:55,540
FROV00001,FrozenEngine,547,07/20/2020, 11:05:53,540
FROV00001,FrozenEngine,547,07/20/2020, 12:08:03,540
FROV00001,FrozenEngine,548,07/20/2020, 13:05:56,540
FROV00001,FrozenEngine,548,07/20/2020, 14:07:02,540
FROV00001,FrozenEngine,548,07/20/2020, 15:06:33,540
FROV00001,FrozenEngine,548,07/20/2020, 16:06:33,540
FROV00001,FrozenEngine,548,07/20/2020, 17:05:56,540
FROV00001,FrozenEngine,548,07/20/2020, 18:06:36,540
FROV00001,FrozenEngine,548,07/20/2020, 19:06:08,540
FROV00001,FrozenEngine,548,07/20/2020, 20:07:27,540
FROV00001,FrozenEngine,548,07/20/2020, 21:06:26,540
FROV00001,FrozenEngine,548,07/20/2020, 22:05:59,540
FROV00001,FrozenEngine,548,07/20/2020, 23:05:52,540
FROV00001,FrozenEngine,548,07/21/2020, 00:17:41,540
FROV00001,FrozenEngine,548,07/21/2020, 01:07:19,540
FROV00001,FrozenEngine,549,07/21/2020, 02:07:34,540
FROV00001,FrozenEngine,549,07/21/2020, 03:06:35,540
FROV00001,FrozenEngine,549,07/21/2020, 04:06:59,540
FROV00001,FrozenEngine,549,07/21/2020, 05:06:29,540
FROV00001,FrozenEngine,549,07/21/2020, 06:07:06,540
FROV00001,FrozenEngine,549,07/21/2020, 07:06:45,540
FROV00001,FrozenEngine,549,07/21/2020, 08:06:58,540
FROV00001,FrozenEngine,549,07/21/2020, 09:06:31,540
FROV00001,FrozenEngine,549,07/21/2020, 10:06:29,540
FROV00001,FrozenEngine,550,07/21/2020, 11:06:30,540
FROV00001,FrozenEngine,550,07/21/2020, 12:08:24,540
FROV00001,FrozenEngine,550,07/21/2020, 13:05:51,540
FROV00001,FrozenEngine,550,07/21/2020, 14:06:56,540
FROV00001,FrozenEngine,550,07/21/2020, 15:06:31,540
FROV00001,FrozenEngine,550,07/21/2020, 16:06:31,540
FROV00001,FrozenEngine,550,07/21/2020, 17:06:18,540
FROV00001,FrozenEngine,550,07/21/2020, 18:06:48,540
FROV00001,FrozenEngine,550,07/21/2020, 19:06:10,540
FROV00001,FrozenEngine,550,07/21/2020, 20:07:01,540
FROV00001,FrozenEngine,551,07/21/2020, 21:06:18,540
FROV00001,FrozenEngine,551,07/21/2020, 22:06:25,540
FROV00001,FrozenEngine,551,07/21/2020, 23:05:48,540
FROV00001,FrozenEngine,551,07/22/2020, 00:17:33,540
FROV00001,FrozenEngine,551,07/22/2020, 01:07:02,540
FROV00001,FrozenEngine,551,07/22/2020, 02:07:22,540
FROV00001,FrozenEngine,551,07/22/2020, 03:06:30,540
FROV00001,FrozenEngine,551,07/22/2020, 04:07:00,540
FROV00001,FrozenEngine,551,07/22/2020, 05:06:20,540
FROV00001,FrozenEngine,551,07/22/2020, 06:06:59,540
FROV00001,FrozenEngine,551,07/22/2020, 07:06:49,540
FROV00001,FrozenEngine,552,07/22/2020, 08:07:29,540
FROV00001,FrozenEngine,552,07/22/2020, 09:06:24,540
FROV00001,FrozenEngine,552,07/22/2020, 10:06:34,540
FROV00001,FrozenEngine,552,07/22/2020, 11:05:54,540
FROV00001,FrozenEngine,552,07/22/2020, 12:08:06,540
FROV00001,FrozenEngine,552,07/22/2020, 13:05:59,540
FROV00001,FrozenEngine,552,07/22/2020, 14:07:14,540
FROV00001,FrozenEngine,552,07/22/2020, 15:06:24,540
FROV00001,FrozenEngine,552,07/22/2020, 16:06:47,540
FROV00001,FrozenEngine,552,07/22/2020, 17:06:10,540
FROV00001,FrozenEngine,552,07/22/2020, 18:07:04,540
FROV00001,FrozenEngine,552,07/22/2020, 19:06:08,540
FROV00001,FrozenEngine,552,07/22/2020, 20:07:25,540
FROV00001,FrozenEngine,552,07/22/2020, 21:06:34,540
FROV00001,FrozenEngine,552,07/22/2020, 22:06:28,540
FROV00001,FrozenEngine,552,07/22/2020, 23:06:06,540
FROV00001,FrozenEngine,553,07/23/2020, 00:17:38,540
FROV00001,FrozenEngine,553,07/23/2020, 01:06:44,540
FROV00001,FrozenEngine,553,07/23/2020, 02:07:11,540
FROV00001,FrozenEngine,553,07/23/2020, 03:06:37,540
FROV00001,FrozenEngine,553,07/23/2020, 04:07:12,540
FROV00001,FrozenEngine,553,07/23/2020, 05:06:34,540
FROV00001,FrozenEngine,553,07/23/2020, 06:07:10,540
FROV00001,FrozenEngine,553,07/23/2020, 07:06:35,540
FROV00001,FrozenEngine,553,07/23/2020, 08:07:09,540
FROV00001,FrozenEngine,554,07/23/2020, 09:06:54,540
FROV00001,FrozenEngine,554,07/23/2020, 10:06:40,540
FROV00001,FrozenEngine,554,07/23/2020, 11:06:04,540
FROV00001,FrozenEngine,554,07/23/2020, 12:08:20,540
FROV00001,FrozenEngine,554,07/23/2020, 13:06:24,540
FROV00001,FrozenEngine,554,07/23/2020, 14:06:50,540
FROV00001,FrozenEngine,554,07/23/2020, 15:06:33,540
FROV00001,FrozenEngine,554,07/23/2020, 16:06:44,540
FROV00001,FrozenEngine,554,07/23/2020, 17:06:41,540
FROV00001,FrozenEngine,554,07/23/2020, 18:06:51,540
FROV00001,FrozenEngine,554,07/23/2020, 19:06:24,540
FROV00001,FrozenEngine,554,07/23/2020, 20:07:14,540
FROV00001,FrozenEngine,554,07/23/2020, 21:06:39,540
FROV00001,FrozenEngine,554,07/23/2020, 22:06:33,540
FROV00001,FrozenEngine,554,07/23/2020, 23:06:01,540
FROV00001,FrozenEngine,554,07/24/2020, 00:17:59,540
FROV00001,FrozenEngine,554,07/24/2020, 01:07:29,540
FROV00001,FrozenEngine,554,07/24/2020, 02:07:51,540
FROV00001,FrozenEngine,554,07/24/2020, 03:06:35,540
FROV00001,FrozenEngine,555,07/24/2020, 04:06:58,540
FROV00001,FrozenEngine,555,07/24/2020, 05:06:26,540
FROV00001,FrozenEngine,555,07/24/2020, 06:06:59,540
FROV00001,FrozenEngine,555,07/24/2020, 07:06:52,540
FROV00001,FrozenEngine,555,07/24/2020, 08:07:25,540
FROV00001,FrozenEngine,555,07/24/2020, 09:06:20,540
FROV00001,FrozenEngine,555,07/24/2020, 10:06:20,540
FROV00001,FrozenEngine,555,07/24/2020, 11:06:16,540
FROV00001,FrozenEngine,555,07/24/2020, 12:09:23,540
FROV00001,FrozenEngine,555,07/24/2020, 13:05:52,540
FROV00001,FrozenEngine,555,07/24/2020, 14:06:55,540
FROV00001,FrozenEngine,555,07/24/2020, 15:06:09,540
FROV00001,FrozenEngine,555,07/24/2020, 16:06:38,540
FROV00001,FrozenEngine,555,07/24/2020, 17:06:17,540
FROV00001,FrozenEngine,555,07/24/2020, 18:06:54,540
FROV00001,FrozenEngine,555,07/24/2020, 19:06:18,540
FROV00001,FrozenEngine,555,07/24/2020, 20:07:21,540
FROV00001,FrozenEngine,555,07/24/2020, 21:06:18,540
FROV00001,FrozenEngine,555,07/24/2020, 22:06:16,540
FROV00001,FrozenEngine,555,07/24/2020, 23:06:09,540
FROV00001,FrozenEngine,555,07/25/2020, 00:18:05,540
FROV00001,FrozenEngine,555,07/25/2020, 01:06:43,540
FROV00001,FrozenEngine,555,07/25/2020, 02:07:13,540
FROV00001,FrozenEngine,556,07/25/2020, 03:06:46,540
FROV00001,FrozenEngine,556,07/25/2020, 04:07:05,540
FROV00001,FrozenEngine,556,07/25/2020, 05:06:30,540
FROV00001,FrozenEngine,556,07/25/2020, 06:07:01,540
FROV00001,FrozenEngine,556,07/25/2020, 07:07:04,540
FROV00001,FrozenEngine,556,07/25/2020, 08:06:51,540
FROV00001,FrozenEngine,557,07/25/2020, 09:06:54,540
FROV00001,FrozenEngine,557,07/25/2020, 10:06:42,540
FROV00001,FrozenEngine,557,07/25/2020, 11:06:09,540
FROV00001,FrozenEngine,557,07/25/2020, 12:08:06,540
FROV00001,FrozenEngine,557,07/25/2020, 13:06:01,540
FROV00001,FrozenEngine,557,07/25/2020, 14:06:51,540
FROV00001,FrozenEngine,557,07/25/2020, 15:06:18,540
FROV00001,FrozenEngine,557,07/25/2020, 16:06:55,540
FROV00001,FrozenEngine,557,07/25/2020, 17:06:23,540
FROV00001,FrozenEngine,557,07/25/2020, 18:07:20,540
FROV00001,FrozenEngine,557,07/25/2020, 19:06:40,540
FROV00001,FrozenEngine,557,07/25/2020, 20:07:12,540
FROV00001,FrozenEngine,557,07/25/2020, 21:06:38,540
FROV00001,FrozenEngine,557,07/25/2020, 22:06:24,540
FROV00001,FrozenEngine,557,07/25/2020, 23:05:49,540
FROV00001,FrozenEngine,557,07/26/2020, 00:18:48,540
FROV00001,FrozenEngine,557,07/26/2020, 01:06:53,540
FROV00001,FrozenEngine,557,07/26/2020, 02:07:26,540
FROV00001,FrozenEngine,557,07/26/2020, 03:06:21,540
FROV00001,FrozenEngine,557,07/26/2020, 04:06:42,540
FROV00001,FrozenEngine,557,07/26/2020, 05:06:20,540
FROV00001,FrozenEngine,557,07/26/2020, 06:07:15,540
FROV00001,FrozenEngine,557,07/26/2020, 07:07:06,540
FROV00001,FrozenEngine,557,07/26/2020, 08:07:36,540
FROV00001,FrozenEngine,557,07/26/2020, 09:06:32,540
FROV00001,FrozenEngine,558,07/26/2020, 10:06:26,540
FROV00001,FrozenEngine,558,07/26/2020, 11:05:51,540
FROV00001,FrozenEngine,558,07/26/2020, 12:08:14,540
FROV00001,FrozenEngine,558,07/26/2020, 13:06:08,540
FROV00001,FrozenEngine,558,07/26/2020, 14:06:48,540
FROV00001,FrozenEngine,558,07/26/2020, 15:06:33,540
FROV00001,FrozenEngine,558,07/26/2020, 16:06:57,540
FROV00001,FrozenEngine,558,07/26/2020, 17:06:25,540
FROV00001,FrozenEngine,558,07/26/2020, 18:07:07,540
FROV00001,FrozenEngine,558,07/26/2020, 19:06:24,540
FROV00001,FrozenEngine,558,07/26/2020, 20:07:25,540
FROV00001,FrozenEngine,559,07/26/2020, 21:06:43,540
FROV00001,FrozenEngine,560,07/26/2020, 22:06:40,540
FROV00001,FrozenEngine,560,07/26/2020, 23:06:07,540
FROV00001,FrozenEngine,560,07/27/2020, 00:18:16,540
FROV00001,FrozenEngine,560,07/27/2020, 01:06:51,540
FROV00001,FrozenEngine,560,07/27/2020, 02:07:15,540
FROV00001,FrozenEngine,560,07/27/2020, 03:06:45,540
FROV00001,FrozenEngine,560,07/27/2020, 04:07:17,540
FROV00001,FrozenEngine,560,07/27/2020, 05:06:39,540
FROV00001,FrozenEngine,560,07/27/2020, 06:07:36,540
FROV00001,FrozenEngine,560,07/27/2020, 07:06:43,540
FROV00001,FrozenEngine,560,07/27/2020, 08:07:48,540
FROV00001,FrozenEngine,560,07/27/2020, 09:06:41,540
FROV00001,FrozenEngine,560,07/27/2020, 10:06:40,540
FROV00001,FrozenEngine,560,07/27/2020, 11:06:21,540
FROV00001,FrozenEngine,560,07/27/2020, 12:08:28,540
FROV00001,FrozenEngine,560,07/27/2020, 13:06:16,540
FROV00001,FrozenEngine,560,07/27/2020, 14:06:47,540
FROV00001,FrozenEngine,560,07/27/2020, 15:06:56,540
FROV00001,FrozenEngine,560,07/27/2020, 16:06:03,540
FROV00001,FrozenEngine,560,07/27/2020, 17:05:37,540
FROV00001,FrozenEngine,560,07/27/2020, 18:06:27,540
FROV00001,FrozenEngine,560,07/27/2020, 19:05:24,540
FROV00001,FrozenEngine,560,07/27/2020, 20:06:16,540
FROV00001,FrozenEngine,560,07/27/2020, 21:05:19,540
FROV00001,FrozenEngine,560,07/27/2020, 22:06:19,540
FROV00001,FrozenEngine,560,07/27/2020, 23:05:48,540
FROV00001,FrozenEngine,560,07/28/2020, 00:18:01,540
FROV00001,FrozenEngine,561,07/28/2020, 01:07:02,540
FROV00001,FrozenEngine,561,07/28/2020, 02:07:33,540
FROV00001,FrozenEngine,561,07/28/2020, 03:06:31,540
FROV00001,FrozenEngine,561,07/28/2020, 04:06:54,540
FROV00001,FrozenEngine,561,07/28/2020, 05:06:29,540
FROV00001,FrozenEngine,561,07/28/2020, 06:07:30,540
FROV00001,FrozenEngine,561,07/28/2020, 07:06:47,540
FROV00001,FrozenEngine,561,07/28/2020, 08:07:40,540
FROV00001,FrozenEngine,561,07/28/2020, 09:06:45,540
FROV00001,FrozenEngine,561,07/28/2020, 10:06:43,540
FROV00001,FrozenEngine,561,07/28/2020, 11:06:16,540
FROV00001,FrozenEngine,561,07/28/2020, 12:08:38,540
FROV00001,FrozenEngine,561,07/28/2020, 13:06:35,540
FROV00001,FrozenEngine,561,07/28/2020, 14:07:02,540
FROV00001,FrozenEngine,561,07/28/2020, 15:07:11,540
FROV00001,FrozenEngine,561,07/28/2020, 16:07:20,540
FROV00001,FrozenEngine,561,07/28/2020, 17:06:19,540
FROV00001,FrozenEngine,562,07/28/2020, 18:06:50,540
FROV00001,FrozenEngine,562,07/28/2020, 19:06:38,540
FROV00001,FrozenEngine,562,07/28/2020, 20:07:27,540
FROV00001,FrozenEngine,562,07/28/2020, 21:07:00,540
FROV00001,FrozenEngine,562,07/28/2020, 22:06:42,540
FROV00001,FrozenEngine,562,07/28/2020, 23:06:28,540
FROV00001,FrozenEngine,562,07/29/2020, 00:17:02,540
FROV00001,FrozenEngine,562,07/29/2020, 01:07:29,540
FROV00001,FrozenEngine,562,07/29/2020, 02:07:31,540
FROV00001,FrozenEngine,562,07/29/2020, 03:06:41,540
FROV00001,FrozenEngine,562,07/29/2020, 04:07:01,540
FROV00001,FrozenEngine,562,07/29/2020, 05:06:34,540
FROV00001,FrozenEngine,562,07/29/2020, 06:07:37,540
FROV00001,FrozenEngine,563,07/29/2020, 07:06:32,540
FROV00001,FrozenEngine,563,07/29/2020, 08:07:02,540
FROV00001,FrozenEngine,563,07/29/2020, 09:06:37,540
FROV00001,FrozenEngine,563,07/29/2020, 10:06:35,540
FROV00001,FrozenEngine,563,07/29/2020, 11:06:30,540
FROV00001,FrozenEngine,563,07/29/2020, 12:08:38,540
FROV00001,FrozenEngine,563,07/29/2020, 13:06:47,540
FROV00001,FrozenEngine,563,07/29/2020, 14:07:11,540
FROV00001,FrozenEngine,563,07/29/2020, 15:07:49,540
FROV00001,FrozenEngine,563,07/29/2020, 16:07:16,540
FROV00001,FrozenEngine,563,07/29/2020, 17:06:20,540
FROV00001,FrozenEngine,563,07/29/2020, 18:07:21,540
FROV00001,FrozenEngine,563,07/29/2020, 19:06:41,540
FROV00001,FrozenEngine,563,07/29/2020, 20:07:48,540
FROV00001,FrozenEngine,563,07/29/2020, 21:06:40,540
FROV00001,FrozenEngine,563,07/29/2020, 22:06:40,540
FROV00001,FrozenEngine,563,07/29/2020, 23:06:38,540
FROV00001,FrozenEngine,563,07/30/2020, 00:18:26,540
FROV00001,FrozenEngine,564,07/30/2020, 01:07:17,540
FROV00001,FrozenEngine,564,07/30/2020, 02:07:19,540
FROV00001,FrozenEngine,564,07/30/2020, 03:06:59,540
FROV00001,FrozenEngine,564,07/30/2020, 04:06:52,540
FROV00001,FrozenEngine,564,07/30/2020, 05:06:52,540
FROV00001,FrozenEngine,564,07/30/2020, 06:07:52,540
FROV00001,FrozenEngine,564,07/30/2020, 07:06:48,540
FROV00001,FrozenEngine,564,07/30/2020, 08:07:27,540
FROV00001,FrozenEngine,564,07/30/2020, 09:06:50,540
FROV00001,FrozenEngine,566,07/30/2020, 10:06:29,540
FROV00001,FrozenEngine,567,07/30/2020, 11:06:45,540
FROV00001,FrozenEngine,567,07/30/2020, 12:08:58,540
FROV00001,FrozenEngine,567,07/30/2020, 13:06:31,540
FROV00001,FrozenEngine,567,07/30/2020, 14:08:07,540
FROV00001,FrozenEngine,567,07/30/2020, 15:07:42,540
FROV00001,FrozenEngine,567,07/30/2020, 16:07:25,540
FROV00001,FrozenEngine,567,07/30/2020, 17:06:48,540
FROV00001,FrozenEngine,568,07/30/2020, 18:07:25,540
FROV00001,FrozenEngine,568,07/30/2020, 19:06:11,540
FROV00001,FrozenEngine,568,07/30/2020, 20:06:45,540
FROV00001,FrozenEngine,568,07/30/2020, 21:05:39,540
FROV00001,FrozenEngine,568,07/30/2020, 22:05:41,540
FROV00001,FrozenEngine,568,07/30/2020, 23:06:32,540
FROV00001,FrozenEngine,568,07/31/2020, 00:19:01,540
FROV00001,FrozenEngine,568,07/31/2020, 01:07:37,540
FROV00001,FrozenEngine,568,07/31/2020, 02:07:51,540
FROV00001,FrozenEngine,568,07/31/2020, 03:06:45,540
FROV00001,FrozenEngine,568,07/31/2020, 04:07:17,540
FROV00001,FrozenEngine,568,07/31/2020, 05:06:52,540
FROV00001,FrozenEngine,568,07/31/2020, 06:07:24,540
FROV00001,FrozenEngine,568,07/31/2020, 07:06:55,540
FROV00001,FrozenEngine,568,07/31/2020, 08:08:06,540
FROV00001,FrozenEngine,568,07/31/2020, 09:06:50,540
FROV00001,FrozenEngine,568,07/31/2020, 10:06:32,540
FROV00001,FrozenEngine,568,07/31/2020, 11:06:27,540
FROV00001,FrozenEngine,568,07/31/2020, 12:09:41,540
FROV00001,FrozenEngine,568,07/31/2020, 13:06:41,540
FROV00001,FrozenEngine,568,07/31/2020, 14:07:13,540
FROV00001,FrozenEngine,568,07/31/2020, 15:07:05,540
FROV00001,FrozenEngine,568,07/31/2020, 16:07:14,540
FROV00001,FrozenEngine,568,07/31/2020, 17:06:39,540
FROV00001,FrozenEngine,568,07/31/2020, 18:07:28,540
FROV00001,FrozenEngine,568,07/31/2020, 19:06:25,540
FROV00001,FrozenEngine,568,07/31/2020, 20:07:46,540
FROV00001,FrozenEngine,568,07/31/2020, 21:06:36,540
FROV00001,FrozenEngine,568,07/31/2020, 22:06:26,540
FROV00001,FrozenEngine,568,07/31/2020, 23:06:27,540
FROV00001,FrozenEngine,568,08/01/2020, 00:19:16,540
FROV00001,FrozenEngine,568,08/01/2020, 01:07:29,540
FROV00001,FrozenEngine,568,08/01/2020, 02:07:35,540
FROV00001,FrozenEngine,568,08/01/2020, 03:06:46,540
FROV00001,FrozenEngine,568,08/01/2020, 04:07:20,540
FROV00001,FrozenEngine,568,08/01/2020, 05:06:47,540
FROV00001,FrozenEngine,568,08/01/2020, 06:07:45,540
FROV00001,FrozenEngine,568,08/01/2020, 07:07:07,540
FROV00001,FrozenEngine,568,08/01/2020, 08:07:37,540
FROV00001,FrozenEngine,568,08/01/2020, 09:07:10,540
FROV00001,FrozenEngine,568,08/01/2020, 10:06:48,540
FROV00001,FrozenEngine,568,08/01/2020, 11:06:36,540
FROV00001,FrozenEngine,569,08/01/2020, 12:08:49,540
FROV00001,FrozenEngine,569,08/01/2020, 13:06:34,540
FROV00001,FrozenEngine,569,08/01/2020, 14:07:18,540
FROV00001,FrozenEngine,569,08/01/2020, 15:07:06,540
FROV00001,FrozenEngine,570,08/01/2020, 16:07:34,540
FROV00001,FrozenEngine,570,08/01/2020, 17:06:45,540
FROV00001,FrozenEngine,570,08/01/2020, 18:07:39,540
FROV00001,FrozenEngine,570,08/01/2020, 19:06:40,540
FROV00001,FrozenEngine,570,08/01/2020, 20:07:43,540
FROV00001,FrozenEngine,570,08/01/2020, 21:06:37,540
FROV00001,FrozenEngine,570,08/01/2020, 22:06:30,540
FROV00001,FrozenEngine,570,08/01/2020, 23:06:30,540
FROV00001,FrozenEngine,570,08/02/2020, 00:19:40,540
FROV00001,FrozenEngine,570,08/02/2020, 01:07:14,540
FROV00001,FrozenEngine,570,08/02/2020, 02:07:42,540
FROV00001,FrozenEngine,571,08/02/2020, 03:06:51,540
FROV00001,FrozenEngine,571,08/02/2020, 04:07:24,540
FROV00001,FrozenEngine,571,08/02/2020, 05:06:53,540
FROV00001,FrozenEngine,571,08/02/2020, 06:07:43,540
FROV00001,FrozenEngine,571,08/02/2020, 07:07:20,540
FROV00001,FrozenEngine,571,08/02/2020, 08:07:21,540
FROV00001,FrozenEngine,571,08/02/2020, 09:06:43,540
FROV00001,FrozenEngine,571,08/02/2020, 10:06:42,540
FROV00001,FrozenEngine,571,08/02/2020, 11:06:40,540
FROV00001,FrozenEngine,572,08/02/2020, 12:08:41,540
FROV00001,FrozenEngine,572,08/02/2020, 13:06:58,540
FROV00001,FrozenEngine,572,08/02/2020, 14:07:25,540
FROV00001,FrozenEngine,572,08/02/2020, 15:07:10,540
FROV00001,FrozenEngine,572,08/02/2020, 16:07:21,540
FROV00001,FrozenEngine,573,08/02/2020, 17:06:39,540
FROV00001,FrozenEngine,573,08/02/2020, 18:07:18,540
FROV00001,FrozenEngine,573,08/02/2020, 19:06:46,540
FROV00001,FrozenEngine,573,08/02/2020, 20:07:49,540
FROV00001,FrozenEngine,573,08/02/2020, 21:06:36,540
FROV00001,FrozenEngine,573,08/02/2020, 22:06:34,540
FROV00001,FrozenEngine,573,08/02/2020, 23:06:57,540
FROV00001,FrozenEngine,573,08/03/2020, 00:19:20,540
FROV00001,FrozenEngine,573,08/03/2020, 01:07:26,540
FROV00001,FrozenEngine,573,08/03/2020, 02:07:49,540
FROV00001,FrozenEngine,573,08/03/2020, 03:06:49,540
FROV00001,FrozenEngine,573,08/03/2020, 04:07:27,540
FROV00001,FrozenEngine,573,08/03/2020, 05:06:55,540
FROV00001,FrozenEngine,573,08/03/2020, 06:07:43,540
FROV00001,FrozenEngine,573,08/03/2020, 07:07:08,540
FROV00001,FrozenEngine,573,08/03/2020, 08:07:47,540
FROV00001,FrozenEngine,573,08/03/2020, 09:07:14,540
FROV00001,FrozenEngine,573,08/03/2020, 10:07:12,540
FROV00001,FrozenEngine,574,08/03/2020, 11:06:49,540
FROV00001,FrozenEngine,574,08/03/2020, 12:09:18,540
FROV00001,FrozenEngine,574,08/03/2020, 13:06:29,540
FROV00001,FrozenEngine,574,08/03/2020, 14:07:34,540
FROV00001,FrozenEngine,574,08/03/2020, 15:07:03,540
FROV00001,FrozenEngine,574,08/03/2020, 16:07:09,540
FROV00001,FrozenEngine,574,08/03/2020, 17:06:46,540
FROV00001,FrozenEngine,574,08/03/2020, 18:07:25,540
FROV00001,FrozenEngine,575,08/03/2020, 19:06:41,540
FROV00001,FrozenEngine,575,08/03/2020, 20:08:20,540
FROV00001,FrozenEngine,575,08/03/2020, 21:06:43,540
FROV00001,FrozenEngine,575,08/03/2020, 22:06:31,540
FROV00001,FrozenEngine,575,08/03/2020, 23:06:30,540
FROV00001,FrozenEngine,575,08/04/2020, 00:19:14,540
FROV00001,FrozenEngine,575,08/04/2020, 01:07:26,540
FROV00001,FrozenEngine,575,08/04/2020, 02:07:56,540
FROV00001,FrozenEngine,575,08/04/2020, 03:07:03,540
FROV00001,FrozenEngine,575,08/04/2020, 04:07:25,540
FROV00001,FrozenEngine,575,08/04/2020, 05:07:02,540
FROV00001,FrozenEngine,575,08/04/2020, 06:07:33,540
FROV00001,FrozenEngine,575,08/04/2020, 07:07:05,540
FROV00001,FrozenEngine,575,08/04/2020, 08:08:11,540
FROV00001,FrozenEngine,575,08/04/2020, 09:06:50,540
FROV00001,FrozenEngine,575,08/04/2020, 10:06:57,540
FROV00001,FrozenEngine,575,08/04/2020, 11:06:44,540
FROV00001,FrozenEngine,575,08/04/2020, 12:09:19,540
FROV00001,FrozenEngine,575,08/04/2020, 13:06:52,540
FROV00001,FrozenEngine,575,08/04/2020, 14:07:29,540
FROV00001,FrozenEngine,575,08/04/2020, 15:07:08,540
FROV00001,FrozenEngine,575,08/04/2020, 16:07:25,540
FROV00001,FrozenEngine,575,08/04/2020, 17:06:53,540
FROV00001,FrozenEngine,575,08/04/2020, 18:07:35,540
FROV00001,FrozenEngine,575,08/04/2020, 19:06:44,540
FROV00001,FrozenEngine,575,08/04/2020, 20:07:52,540
FROV00001,FrozenEngine,575,08/04/2020, 21:06:58,540
FROV00001,FrozenEngine,575,08/04/2020, 22:06:42,540
FROV00001,FrozenEngine,576,08/04/2020, 23:06:05,540
FROV00001,FrozenEngine,576,08/05/2020, 00:19:22,540
FROV00001,FrozenEngine,576,08/05/2020, 01:07:47,540
FROV00001,FrozenEngine,576,08/05/2020, 02:08:07,540
FROV00001,FrozenEngine,576,08/05/2020, 03:06:58,540
FROV00001,FrozenEngine,576,08/05/2020, 04:07:33,540
FROV00001,FrozenEngine,576,08/05/2020, 05:07:06,540
FROV00001,FrozenEngine,576,08/05/2020, 06:07:37,540
FROV00001,FrozenEngine,576,08/05/2020, 07:07:28,540
FROV00001,FrozenEngine,576,08/05/2020, 08:07:55,540
FROV00001,FrozenEngine,576,08/05/2020, 09:06:59,540
FROV00001,FrozenEngine,576,08/05/2020, 10:07:01,540
FROV00001,FrozenEngine,576,08/05/2020, 11:06:44,540
FROV00001,FrozenEngine,576,08/05/2020, 12:09:04,540
FROV00001,FrozenEngine,576,08/05/2020, 13:06:51,540
FROV00001,FrozenEngine,576,08/05/2020, 14:07:44,540
FROV00001,FrozenEngine,576,08/05/2020, 15:07:00,540
FROV00001,FrozenEngine,576,08/05/2020, 16:07:16,540
FROV00001,FrozenEngine,576,08/05/2020, 17:07:09,540
FROV00001,FrozenEngine,576,08/05/2020, 18:07:45,540
FROV00001,FrozenEngine,576,08/05/2020, 19:07:00,540
FROV00001,FrozenEngine,576,08/05/2020, 20:08:01,540
FROV00001,FrozenEngine,576,08/05/2020, 21:06:51,540
FROV00001,FrozenEngine,576,08/05/2020, 22:06:31,540
FROV00001,FrozenEngine,576,08/05/2020, 23:06:59,540
FROV00001,FrozenEngine,576,08/06/2020, 00:19:35,540
FROV00001,FrozenEngine,576,08/06/2020, 01:07:51,540
FROV00001,FrozenEngine,576,08/06/2020, 02:07:47,540
FROV00001,FrozenEngine,576,08/06/2020, 03:07:02,540
FROV00001,FrozenEngine,576,08/06/2020, 04:07:33,540
FROV00001,FrozenEngine,576,08/06/2020, 05:06:58,540
FROV00001,FrozenEngine,576,08/06/2020, 06:07:39,540
FROV00001,FrozenEngine,577,08/06/2020, 07:07:08,540
FROV00001,FrozenEngine,577,08/06/2020, 08:08:00,540
FROV00001,FrozenEngine,577,08/06/2020, 09:06:58,540
FROV00001,FrozenEngine,577,08/06/2020, 10:07:02,540
FROV00001,FrozenEngine,578,08/06/2020, 11:07:05,540
FROV00001,FrozenEngine,578,08/06/2020, 12:09:24,540
FROV00001,FrozenEngine,578,08/06/2020, 13:07:00,540
FROV00001,FrozenEngine,578,08/06/2020, 14:07:55,540
FROV00001,FrozenEngine,578,08/06/2020, 15:07:09,540
FROV00001,FrozenEngine,578,08/06/2020, 16:07:23,540
FROV00001,FrozenEngine,578,08/06/2020, 17:07:00,540
FROV00001,FrozenEngine,578,08/06/2020, 18:07:32,540
FROV00001,FrozenEngine,578,08/06/2020, 19:06:55,540
FROV00001,FrozenEngine,578,08/06/2020, 20:07:55,540
FROV00001,FrozenEngine,578,08/06/2020, 21:07:09,540
FROV00001,FrozenEngine,578,08/06/2020, 22:07:05,540
FROV00001,FrozenEngine,578,08/06/2020, 23:07:10,540
FROV00001,FrozenEngine,578,08/07/2020, 00:19:52,540
FROV00001,FrozenEngine,578,08/07/2020, 01:08:01,540
FROV00001,FrozenEngine,578,08/07/2020, 02:07:58,540
FROV00001,FrozenEngine,578,08/07/2020, 03:07:17,540
FROV00001,FrozenEngine,578,08/07/2020, 04:07:41,540
FROV00001,FrozenEngine,578,08/07/2020, 05:07:21,540
FROV00001,FrozenEngine,578,08/07/2020, 06:07:53,540
FROV00001,FrozenEngine,578,08/07/2020, 07:08:09,540
FROV00001,FrozenEngine,578,08/07/2020, 08:07:57,540
FROV00001,FrozenEngine,578,08/07/2020, 09:07:06,540
FROV00001,FrozenEngine,578,08/07/2020, 10:07:43,540
FROV00001,FrozenEngine,578,08/07/2020, 11:06:51,540
FROV00001,FrozenEngine,578,08/07/2020, 12:10:08,540
FROV00001,FrozenEngine,579,08/07/2020, 13:06:59,540
FROV00001,FrozenEngine,579,08/07/2020, 14:07:40,540
FROV00001,FrozenEngine,579,08/07/2020, 15:07:16,540
FROV00001,FrozenEngine,579,08/07/2020, 16:07:28,540
FROV00001,FrozenEngine,579,08/07/2020, 17:07:05,540
FROV00001,FrozenEngine,579,08/07/2020, 18:07:37,540
FROV00001,FrozenEngine,579,08/07/2020, 19:06:42,540
FROV00001,FrozenEngine,579,08/07/2020, 20:07:58,540
FROV00001,FrozenEngine,579,08/07/2020, 21:06:55,540
FROV00001,FrozenEngine,579,08/07/2020, 22:06:51,540
FROV00001,FrozenEngine,579,08/07/2020, 23:06:53,540
FROV00001,FrozenEngine,579,08/08/2020, 00:19:49,540
FROV00001,FrozenEngine,579,08/08/2020, 01:07:44,540
FROV00001,FrozenEngine,579,08/08/2020, 02:07:49,540
FROV00001,FrozenEngine,579,08/08/2020, 03:06:48,540
FROV00001,FrozenEngine,579,08/08/2020, 04:07:29,540
FROV00001,FrozenEngine,579,08/08/2020, 05:06:52,540
FROV00001,FrozenEngine,579,08/08/2020, 06:07:53,540
FROV00001,FrozenEngine,579,08/08/2020, 07:07:08,540
FROV00001,FrozenEngine,579,08/08/2020, 08:07:55,540
FROV00001,FrozenEngine,579,08/08/2020, 09:06:59,540
FROV00001,FrozenEngine,579,08/08/2020, 10:07:03,540
FROV00001,FrozenEngine,579,08/08/2020, 11:07:07,540
FROV00001,FrozenEngine,579,08/08/2020, 12:09:13,540
FROV00001,FrozenEngine,579,08/08/2020, 13:07:04,540
FROV00001,FrozenEngine,579,08/08/2020, 14:07:47,540
FROV00001,FrozenEngine,579,08/08/2020, 15:07:14,540
FROV00001,FrozenEngine,579,08/08/2020, 16:07:15,540
FROV00001,FrozenEngine,579,08/08/2020, 17:07:30,540
FROV00001,FrozenEngine,579,08/08/2020, 18:07:26,540
FROV00001,FrozenEngine,579,08/08/2020, 19:06:58,540
FROV00001,FrozenEngine,579,08/08/2020, 20:07:51,540
FROV00001,FrozenEngine,579,08/08/2020, 21:07:02,540
FROV00001,FrozenEngine,579,08/08/2020, 22:06:32,540
FROV00001,FrozenEngine,579,08/08/2020, 23:07:05,540
FROV00001,FrozenEngine,579,08/09/2020, 00:20:47,540
FROV00001,FrozenEngine,579,08/09/2020, 01:07:46,540
FROV00001,FrozenEngine,580,08/09/2020, 02:07:54,540
FROV00001,FrozenEngine,580,08/09/2020, 03:06:53,540
FROV00001,FrozenEngine,580,08/09/2020, 04:07:30,540
FROV00001,FrozenEngine,580,08/09/2020, 05:07:04,540
FROV00001,FrozenEngine,580,08/09/2020, 06:07:58,540
FROV00001,FrozenEngine,580,08/09/2020, 07:07:10,540
FROV00001,FrozenEngine,580,08/09/2020, 08:07:29,540
FROV00001,FrozenEngine,580,08/09/2020, 09:07:13,540
FROV00001,FrozenEngine,580,08/09/2020, 10:07:19,540
FROV00001,FrozenEngine,580,08/09/2020, 11:07:07,540
FROV00001,FrozenEngine,580,08/09/2020, 12:09:28,540
FROV00001,FrozenEngine,580,08/09/2020, 13:07:04,540
FROV00001,FrozenEngine,580,08/09/2020, 14:07:20,540
FROV00001,FrozenEngine,580,08/09/2020, 15:06:52,540
FROV00001,FrozenEngine,580,08/09/2020, 16:07:30,540
FROV00001,FrozenEngine,580,08/09/2020, 17:07:10,540
FROV00001,FrozenEngine,581,08/09/2020, 18:07:38,540
FROV00001,FrozenEngine,581,08/09/2020, 19:06:58,540
FROV00001,FrozenEngine,581,08/09/2020, 20:08:14,540
FROV00001,FrozenEngine,581,08/09/2020, 21:07:15,540
FROV00001,FrozenEngine,581,08/09/2020, 22:07:04,540
FROV00001,FrozenEngine,581,08/09/2020, 23:07:11,540
FROV00001,FrozenEngine,581,08/10/2020, 00:20:34,540
FROV00001,FrozenEngine,581,08/10/2020, 01:07:55,540
FROV00001,FrozenEngine,581,08/10/2020, 02:08:01,540
FROV00001,FrozenEngine,581,08/10/2020, 03:07:39,540
FROV00001,FrozenEngine,581,08/10/2020, 04:07:44,540
FROV00001,FrozenEngine,582,08/10/2020, 05:07:21,540
FROV00001,FrozenEngine,582,08/10/2020, 06:08:26,540
FROV00001,FrozenEngine,582,08/10/2020, 07:07:14,540
FROV00001,FrozenEngine,582,08/10/2020, 08:07:58,540
FROV00001,FrozenEngine,582,08/10/2020, 09:07:23,540
FROV00001,FrozenEngine,582,08/10/2020, 10:07:30,540
FROV00001,FrozenEngine,582,08/10/2020, 11:07:06,540
FROV00001,FrozenEngine,582,08/10/2020, 12:09:40,540
FROV00001,FrozenEngine,582,08/10/2020, 13:06:51,540
FROV00001,FrozenEngine,582,08/10/2020, 14:08:08,540
FROV00001,FrozenEngine,582,08/10/2020, 15:07:18,540
FROV00001,FrozenEngine,582,08/10/2020, 16:07:50,540
FROV00001,FrozenEngine,582,08/10/2020, 17:06:58,540
FROV00001,FrozenEngine,582,08/10/2020, 18:07:45,540
FROV00001,FrozenEngine,582,08/10/2020, 19:07:09,540
FROV00001,FrozenEngine,583,08/10/2020, 20:07:42,540
FROV00001,FrozenEngine,583,08/10/2020, 21:07:00,540
FROV00001,FrozenEngine,583,08/10/2020, 22:06:51,540
FROV00001,FrozenEngine,583,08/10/2020, 23:07:00,540
FROV00001,FrozenEngine,583,08/11/2020, 00:20:13,540
FROV00001,FrozenEngine,583,08/11/2020, 01:07:50,540
FROV00001,FrozenEngine,583,08/11/2020, 02:08:17,540
FROV00001,FrozenEngine,583,08/11/2020, 03:07:24,540
FROV00001,FrozenEngine,583,08/11/2020, 04:07:55,540
FROV00001,FrozenEngine,583,08/11/2020, 05:07:11,540
FROV00001,FrozenEngine,583,08/11/2020, 06:08:01,540
FROV00001,FrozenEngine,583,08/11/2020, 07:07:46,540
FROV00001,FrozenEngine,583,08/11/2020, 08:08:29,540
FROV00001,FrozenEngine,583,08/11/2020, 09:07:26,540
FROV00001,FrozenEngine,583,08/11/2020, 10:07:42,540
FROV00001,FrozenEngine,583,08/11/2020, 11:08:04,540
FROV00001,FrozenEngine,583,08/11/2020, 12:09:05,540
FROV00001,FrozenEngine,584,08/11/2020, 13:07:18,540
FROV00001,FrozenEngine,584,08/11/2020, 14:08:04,540
FROV00001,FrozenEngine,584,08/11/2020, 15:07:39,540
FROV00001,FrozenEngine,584,08/11/2020, 16:08:00,540
FROV00001,FrozenEngine,584,08/11/2020, 17:07:01,540
FROV00001,FrozenEngine,584,08/11/2020, 18:07:55,540
FROV00001,FrozenEngine,584,08/11/2020, 19:07:08,540
FROV00001,FrozenEngine,584,08/11/2020, 20:07:54,540
FROV00001,FrozenEngine,584,08/11/2020, 21:07:06,540
FROV00001,FrozenEngine,584,08/11/2020, 22:07:12,540
FROV00001,FrozenEngine,584,08/11/2020, 23:06:51,540
FROV00001,FrozenEngine,584,08/12/2020, 00:19:41,540
FROV00001,FrozenEngine,584,08/12/2020, 01:07:45,540
FROV00001,FrozenEngine,585,08/12/2020, 02:07:47,540
FROV00001,FrozenEngine,585,08/12/2020, 03:07:28,540
FROV00001,FrozenEngine,585,08/12/2020, 04:07:58,540
FROV00001,FrozenEngine,585,08/12/2020, 05:07:04,540
FROV00001,FrozenEngine,585,08/12/2020, 06:08:10,540
FROV00001,FrozenEngine,585,08/12/2020, 07:07:38,540
FROV00001,FrozenEngine,585,08/12/2020, 08:07:52,540
FROV00001,FrozenEngine,585,08/12/2020, 09:07:35,540
FROV00001,FrozenEngine,585,08/12/2020, 10:07:41,540
FROV00001,FrozenEngine,585,08/12/2020, 11:07:11,540
FROV00001,FrozenEngine,585,08/12/2020, 12:09:19,540
FROV00001,FrozenEngine,585,08/12/2020, 13:07:06,540
FROV00001,FrozenEngine,585,08/12/2020, 14:08:12,540
FROV00001,FrozenEngine,585,08/12/2020, 15:07:33,540
FROV00001,FrozenEngine,585,08/12/2020, 16:07:54,540
FROV00001,FrozenEngine,585,08/12/2020, 17:07:09,540
FROV00001,FrozenEngine,585,08/12/2020, 18:08:01,540
FROV00001,FrozenEngine,586,08/12/2020, 19:07:12,540
FROV00001,FrozenEngine,586,08/12/2020, 20:08:25,540
FROV00001,FrozenEngine,586,08/12/2020, 21:07:01,540
FROV00001,FrozenEngine,586,08/12/2020, 22:07:32,540
FROV00001,FrozenEngine,586,08/12/2020, 23:07:30,540
FROV00001,FrozenEngine,586,08/13/2020, 00:20:13,540
FROV00001,FrozenEngine,586,08/13/2020, 01:07:48,540
FROV00001,FrozenEngine,586,08/13/2020, 02:08:24,540
FROV00001,FrozenEngine,586,08/13/2020, 03:07:27,540
FROV00001,FrozenEngine,586,08/13/2020, 04:08:01,540
FROV00001,FrozenEngine,586,08/13/2020, 05:07:15,540
FROV00001,FrozenEngine,586,08/13/2020, 06:08:30,540
FROV00001,FrozenEngine,586,08/13/2020, 07:07:24,540
FROV00001,FrozenEngine,586,08/13/2020, 08:07:59,540
FROV00001,FrozenEngine,586,08/13/2020, 09:07:30,540
FROV00001,FrozenEngine,586,08/13/2020, 10:07:46,540
FROV00001,FrozenEngine,586,08/13/2020, 11:06:52,540
FROV00001,FrozenEngine,586,08/13/2020, 12:09:32,540
FROV00001,FrozenEngine,586,08/13/2020, 13:07:13,540
FROV00001,FrozenEngine,586,08/13/2020, 14:07:57,540
FROV00001,FrozenEngine,586,08/13/2020, 15:07:38,540
FROV00001,FrozenEngine,586,08/13/2020, 16:08:06,540
FROV00001,FrozenEngine,586,08/13/2020, 17:07:35,540
FROV00001,FrozenEngine,586,08/13/2020, 18:07:49,540
FROV00001,FrozenEngine,586,08/13/2020, 19:06:50,540
FROV00001,FrozenEngine,586,08/13/2020, 20:08:11,540
FROV00001,FrozenEngine,586,08/13/2020, 21:07:10,540
FROV00001,FrozenEngine,586,08/13/2020, 22:07:47,540
FROV00001,FrozenEngine,586,08/13/2020, 23:07:15,540
FROV00001,FrozenEngine,587,08/14/2020, 00:20:03,540
FROV00001,FrozenEngine,587,08/14/2020, 01:06:47,540
FROV00001,FrozenEngine,587,08/14/2020, 02:08:18,540
FROV00001,FrozenEngine,587,08/14/2020, 03:07:33,540
FROV00001,FrozenEngine,587,08/14/2020, 04:08:11,540
FROV00001,FrozenEngine,587,08/14/2020, 05:07:15,540
FROV00001,FrozenEngine,587,08/14/2020, 06:08:17,540
FROV00001,FrozenEngine,587,08/14/2020, 07:07:28,540
FROV00001,FrozenEngine,587,08/14/2020, 08:08:44,540
FROV00001,FrozenEngine,587,08/14/2020, 09:07:43,540
FROV00001,FrozenEngine,587,08/14/2020, 10:07:36,540
FROV00001,FrozenEngine,587,08/14/2020, 11:07:03,540
FROV00001,FrozenEngine,587,08/14/2020, 12:10:48,540
FROV00001,FrozenEngine,587,08/14/2020, 13:07:14,540
FROV00001,FrozenEngine,587,08/14/2020, 14:07:52,540
FROV00001,FrozenEngine,587,08/14/2020, 15:07:22,540
FROV00001,FrozenEngine,587,08/14/2020, 16:08:03,540
FROV00001,FrozenEngine,587,08/14/2020, 17:07:21,540
FROV00001,FrozenEngine,587,08/14/2020, 18:08:11,540
FROV00001,FrozenEngine,587,08/14/2020, 19:07:25,540
FROV00001,FrozenEngine,587,08/14/2020, 20:08:32,540
FROV00001,FrozenEngine,587,08/14/2020, 21:07:08,540
FROV00001,FrozenEngine,588,08/14/2020, 22:07:46,540
FROV00001,FrozenEngine,588,08/14/2020, 23:07:14,540
FROV00001,FrozenEngine,588,08/15/2020, 00:20:04,540
FROV00001,FrozenEngine,588,08/15/2020, 01:08:01,540
FROV00001,FrozenEngine,588,08/15/2020, 02:08:07,540
FROV00001,FrozenEngine,588,08/15/2020, 03:07:55,540
FROV00001,FrozenEngine,588,08/15/2020, 04:07:54,540
FROV00001,FrozenEngine,588,08/15/2020, 05:07:04,540
FROV00001,FrozenEngine,588,08/15/2020, 06:08:34,540
FROV00001,FrozenEngine,588,08/15/2020, 07:07:29,540
FROV00001,FrozenEngine,588,08/15/2020, 08:08:07,540
FROV00001,FrozenEngine,588,08/15/2020, 09:07:32,540
FROV00001,FrozenEngine,588,08/15/2020, 10:07:40,540
FROV00001,FrozenEngine,588,08/15/2020, 11:07:22,540
FROV00001,FrozenEngine,588,08/15/2020, 12:09:16,540
FROV00001,FrozenEngine,588,08/15/2020, 13:06:50,540
FROV00001,FrozenEngine,589,08/15/2020, 14:07:55,540
FROV00001,FrozenEngine,589,08/15/2020, 15:07:39,540
FROV00001,FrozenEngine,589,08/15/2020, 16:08:01,540
FROV00001,FrozenEngine,589,08/15/2020, 17:07:13,540
FROV00001,FrozenEngine,589,08/15/2020, 18:08:02,540
FROV00001,FrozenEngine,589,08/15/2020, 19:07:07,540
FROV00001,FrozenEngine,589,08/15/2020, 20:08:36,540
FROV00001,FrozenEngine,589,08/15/2020, 21:07:25,540
FROV00001,FrozenEngine,589,08/15/2020, 22:07:17,540
FROV00001,FrozenEngine,589,08/15/2020, 23:07:17,540
FROV00001,FrozenEngine,589,08/16/2020, 00:21:11,540
FROV00001,FrozenEngine,589,08/16/2020, 01:07:46,540
FROV00001,FrozenEngine,589,08/16/2020, 02:08:20,540
FROV00001,FrozenEngine,589,08/16/2020, 03:07:28,540
FROV00001,FrozenEngine,589,08/16/2020, 04:07:59,540
FROV00001,FrozenEngine,589,08/16/2020, 05:06:55,540
FROV00001,FrozenEngine,589,08/16/2020, 06:08:31,540
FROV00001,FrozenEngine,589,08/16/2020, 07:07:39,540
FROV00001,FrozenEngine,589,08/16/2020, 08:08:18,540
FROV00001,FrozenEngine,589,08/16/2020, 09:07:42,540
FROV00001,FrozenEngine,589,08/16/2020, 10:07:32,540
FROV00001,FrozenEngine,589,08/16/2020, 11:06:47,540
FROV00001,FrozenEngine,589,08/16/2020, 12:09:23,540
FROV00001,FrozenEngine,589,08/16/2020, 13:06:56,540
FROV00001,FrozenEngine,589,08/16/2020, 14:08:10,540
FROV00001,FrozenEngine,589,08/16/2020, 15:07:36,540
FROV00001,FrozenEngine,590,08/16/2020, 16:08:18,540
FROV00001,FrozenEngine,590,08/16/2020, 17:07:10,540
FROV00001,FrozenEngine,591,08/16/2020, 18:08:22,540
FROV00001,FrozenEngine,591,08/16/2020, 19:07:28,540
FROV00001,FrozenEngine,591,08/16/2020, 20:08:28,540
FROV00001,FrozenEngine,591,08/16/2020, 21:07:23,540
FROV00001,FrozenEngine,591,08/16/2020, 22:07:23,540
FROV00001,FrozenEngine,591,08/16/2020, 23:07:27,540
FROV00001,FrozenEngine,591,08/17/2020, 00:20:44,540
FROV00001,FrozenEngine,591,08/17/2020, 01:07:51,540
FROV00001,FrozenEngine,591,08/17/2020, 02:08:29,540
FROV00001,FrozenEngine,591,08/17/2020, 03:07:44,540
FROV00001,FrozenEngine,591,08/17/2020, 04:08:11,540
FROV00001,FrozenEngine,591,08/17/2020, 05:07:24,540
FROV00001,FrozenEngine,591,08/17/2020, 06:08:25,540
FROV00001,FrozenEngine,591,08/17/2020, 07:07:55,540
FROV00001,FrozenEngine,591,08/17/2020, 08:08:22,540
FROV00001,FrozenEngine,591,08/17/2020, 09:07:47,540
FROV00001,FrozenEngine,591,08/17/2020, 10:07:44,540
FROV00001,FrozenEngine,591,08/17/2020, 11:06:51,540
FROV00001,FrozenEngine,591,08/17/2020, 12:10:02,540
FROV00001,FrozenEngine,592,08/17/2020, 13:07:23,540
FROV00001,FrozenEngine,592,08/17/2020, 14:08:11,540
FROV00001,FrozenEngine,592,08/17/2020, 15:07:45,540
FROV00001,FrozenEngine,592,08/17/2020, 16:09:25,540
FROV00001,FrozenEngine,592,08/17/2020, 17:07:18,540
FROV00001,FrozenEngine,592,08/17/2020, 18:08:17,540
FROV00001,FrozenEngine,592,08/17/2020, 19:22:05,540
FROV00001,FrozenEngine,592,08/17/2020, 20:08:36,540
FROV00001,FrozenEngine,594,08/17/2020, 21:07:28,540
FROV00001,FrozenEngine,594,08/17/2020, 22:07:34,540
FROV00001,FrozenEngine,594,08/17/2020, 23:07:14,540
FROV00001,FrozenEngine,594,08/18/2020, 00:20:31,540
FROV00001,FrozenEngine,594,08/18/2020, 01:08:18,540
FROV00001,FrozenEngine,594,08/18/2020, 02:08:33,540
FROV00001,FrozenEngine,594,08/18/2020, 03:08:04,540
FROV00001,FrozenEngine,594,08/18/2020, 04:08:16,540
FROV00001,FrozenEngine,594,08/18/2020, 05:07:36,540
FROV00001,FrozenEngine,594,08/18/2020, 06:11:58,540
FROV00001,FrozenEngine,594,08/18/2020, 07:07:39,540
FROV00001,FrozenEngine,594,08/18/2020, 08:08:46,540
FROV00001,FrozenEngine,594,08/18/2020, 09:08:03,540
FROV00001,FrozenEngine,594,08/18/2020, 10:07:40,540
FROV00001,FrozenEngine,594,08/18/2020, 11:07:18,540
FROV00001,FrozenEngine,594,08/18/2020, 12:10:51,540
FROV00001,FrozenEngine,594,08/18/2020, 13:07:28,540
FROV00001,FrozenEngine,594,08/18/2020, 14:07:58,540
FROV00001,FrozenEngine,594,08/18/2020, 16:08:00,540
FROV00001,FrozenEngine,594,08/18/2020, 17:07:15,540
FROV00001,FrozenEngine,594,08/18/2020, 18:07:52,540
FROV00001,FrozenEngine,594,08/18/2020, 19:07:13,540
FROV00001,FrozenEngine,594,08/18/2020, 20:08:39,540
FROV00001,FrozenEngine,594,08/18/2020, 21:07:34,540
FROV00001,FrozenEngine,594,08/18/2020, 22:07:16,540
FROV00001,FrozenEngine,595,08/18/2020, 23:06:55,540
FROV00001,FrozenEngine,595,08/19/2020, 00:20:39,540
FROV00001,FrozenEngine,595,08/19/2020, 01:08:12,540
FROV00001,FrozenEngine,595,08/19/2020, 02:08:18,540
FROV00001,FrozenEngine,595,08/19/2020, 03:07:47,540
FROV00001,FrozenEngine,595,08/19/2020, 04:08:38,540
FROV00001,FrozenEngine,595,08/19/2020, 05:07:25,540
FROV00001,FrozenEngine,595,08/19/2020, 06:08:30,540
FROV00001,FrozenEngine,595,08/19/2020, 07:07:52,540
FROV00001,FrozenEngine,595,08/19/2020, 08:12:06,540
FROV00001,FrozenEngine,595,08/19/2020, 09:07:48,540
FROV00001,FrozenEngine,595,08/19/2020, 10:07:32,540
FROV00001,FrozenEngine,595,08/19/2020, 11:07:58,540
FROV00001,FrozenEngine,595,08/19/2020, 12:11:47,540
FROV00001,FrozenEngine,595,08/19/2020, 13:07:26,540
FROV00001,FrozenEngine,595,08/19/2020, 14:08:23,540
FROV00001,FrozenEngine,595,08/19/2020, 15:07:47,540
FROV00001,FrozenEngine,595,08/19/2020, 16:08:15,540
FROV00001,FrozenEngine,595,08/19/2020, 17:07:22,540
FROV00001,FrozenEngine,595,08/19/2020, 18:07:58,540
FROV00001,FrozenEngine,595,08/19/2020, 19:06:06,540
FROV00001,FrozenEngine,595,08/19/2020, 20:08:30,540
FROV00001,FrozenEngine,596,08/19/2020, 21:07:40,540
FROV00001,FrozenEngine,596,08/19/2020, 22:07:32,540
FROV00001,FrozenEngine,596,08/19/2020, 23:07:29,540
FROV00001,FrozenEngine,596,08/20/2020, 00:20:41,540
FROV00001,FrozenEngine,596,08/20/2020, 01:08:15,540
FROV00001,FrozenEngine,596,08/20/2020, 02:08:54,540
FROV00001,FrozenEngine,596,08/20/2020, 03:07:28,540
FROV00001,FrozenEngine,596,08/20/2020, 04:08:19,540
FROV00001,FrozenEngine,596,08/20/2020, 05:07:33,540
FROV00001,FrozenEngine,596,08/20/2020, 06:09:24,540
FROV00001,FrozenEngine,596,08/20/2020, 07:07:45,540
FROV00001,FrozenEngine,596,08/20/2020, 08:08:24,540
FROV00001,FrozenEngine,596,08/20/2020, 09:07:47,540
FROV00001,FrozenEngine,596,08/20/2020, 10:07:42,540
FROV00001,FrozenEngine,596,08/20/2020, 11:07:14,540
FROV00001,FrozenEngine,596,08/20/2020, 12:10:37,540
FROV00001,FrozenEngine,596,08/20/2020, 13:07:32,540
FROV00001,FrozenEngine,596,08/20/2020, 14:08:32,540
FROV00001,FrozenEngine,596,08/20/2020, 15:07:49,540
FROV00001,FrozenEngine,596,08/20/2020, 16:07:56,540
FROV00001,FrozenEngine,596,08/20/2020, 17:07:44,540
FROV00001,FrozenEngine,597,08/20/2020, 18:08:23,540
FROV00001,FrozenEngine,597,08/20/2020, 19:07:41,540
FROV00001,FrozenEngine,597,08/20/2020, 20:08:21,540
FROV00001,FrozenEngine,597,08/20/2020, 21:12:33,540
FROV00001,FrozenEngine,597,08/20/2020, 22:07:38,540
FROV00001,FrozenEngine,597,08/20/2020, 23:06:48,540
FROV00001,FrozenEngine,597,08/21/2020, 00:21:02,540
FROV00001,FrozenEngine,597,08/21/2020, 01:07:45,540
FROV00001,FrozenEngine,597,08/21/2020, 02:08:25,540
FROV00001,FrozenEngine,597,08/21/2020, 03:07:55,540
FROV00001,FrozenEngine,597,08/21/2020, 04:08:32,540
FROV00001,FrozenEngine,597,08/21/2020, 05:12:35,540
FROV00001,FrozenEngine,597,08/21/2020, 06:12:31,540
FROV00001,FrozenEngine,597,08/21/2020, 07:07:57,540
FROV00001,FrozenEngine,597,08/21/2020, 08:09:41,540
FROV00001,FrozenEngine,597,08/21/2020, 09:07:30,540
FROV00001,FrozenEngine,597,08/21/2020, 10:07:37,540
FROV00001,FrozenEngine,597,08/21/2020, 11:07:11,540
FROV00001,FrozenEngine,597,08/21/2020, 12:12:22,540
FROV00001,FrozenEngine,597,08/21/2020, 13:07:42,540
FROV00001,FrozenEngine,597,08/21/2020, 14:08:16,540
FROV00001,FrozenEngine,597,08/21/2020, 15:07:48,540
FROV00001,FrozenEngine,597,08/21/2020, 16:08:00,540
FROV00001,FrozenEngine,598,08/21/2020, 17:07:30,540
FROV00001,FrozenEngine,598,08/21/2020, 18:08:22,540
FROV00001,FrozenEngine,598,08/21/2020, 19:07:20,540
FROV00001,FrozenEngine,598,08/21/2020, 20:08:31,540
FROV00001,FrozenEngine,598,08/21/2020, 21:07:23,540
FROV00001,FrozenEngine,598,08/21/2020, 22:07:47,540
FROV00001,FrozenEngine,598,08/21/2020, 23:07:20,540
FROV00001,FrozenEngine,598,08/22/2020, 00:22:37,540
FROV00001,FrozenEngine,598,08/22/2020, 01:07:40,540
FROV00001,FrozenEngine,598,08/22/2020, 02:08:15,540
FROV00001,FrozenEngine,598,08/22/2020, 03:11:49,540
FROV00001,FrozenEngine,598,08/22/2020, 04:11:43,540
FROV00001,FrozenEngine,598,08/22/2020, 05:07:32,540
FROV00001,FrozenEngine,598,08/22/2020, 06:08:31,540
FROV00001,FrozenEngine,598,08/22/2020, 07:08:39,540
FROV00001,FrozenEngine,598,08/22/2020, 08:08:22,540
FROV00001,FrozenEngine,598,08/22/2020, 09:07:41,540
FROV00001,FrozenEngine,598,08/22/2020, 10:08:04,540
FROV00001,FrozenEngine,598,08/22/2020, 11:06:56,540
FROV00001,FrozenEngine,598,08/22/2020, 12:10:03,540
FROV00001,FrozenEngine,598,08/22/2020, 13:11:30,540
FROV00001,FrozenEngine,598,08/22/2020, 14:08:43,540
FROV00001,FrozenEngine,598,08/22/2020, 15:07:44,540
FROV00001,FrozenEngine,598,08/22/2020, 16:09:42,540
FROV00001,FrozenEngine,598,08/22/2020, 17:07:17,540
FROV00001,FrozenEngine,599,08/22/2020, 18:09:29,540
FROV00001,FrozenEngine,599,08/22/2020, 19:07:26,540
FROV00001,FrozenEngine,599,08/22/2020, 20:12:16,540
FROV00001,FrozenEngine,599,08/22/2020, 21:07:52,540
FROV00001,FrozenEngine,599,08/22/2020, 22:07:23,540
FROV00001,FrozenEngine,599,08/22/2020, 23:07:17,540
FROV00001,FrozenEngine,599,08/23/2020, 00:22:01,540
FROV00001,FrozenEngine,599,08/23/2020, 01:08:03,540
FROV00001,FrozenEngine,599,08/23/2020, 02:11:52,540
FROV00001,FrozenEngine,599,08/23/2020, 03:08:43,540
FROV00001,FrozenEngine,599,08/23/2020, 04:11:38,540
FROV00001,FrozenEngine,599,08/23/2020, 05:07:34,540
FROV00001,FrozenEngine,599,08/23/2020, 06:09:09,540
FROV00001,FrozenEngine,599,08/23/2020, 07:08:50,540
FROV00001,FrozenEngine,599,08/23/2020, 08:08:39,540
FROV00001,FrozenEngine,599,08/23/2020, 09:09:41,540
FROV00001,FrozenEngine,599,08/23/2020, 10:09:07,540
FROV00001,FrozenEngine,600,08/23/2020, 11:12:16,540
FROV00001,FrozenEngine,600,08/23/2020, 12:12:13,540
FROV00001,FrozenEngine,600,08/23/2020, 13:07:40,540
FROV00001,FrozenEngine,600,08/23/2020, 14:08:11,540
FROV00001,FrozenEngine,600,08/23/2020, 15:07:37,540
FROV00001,FrozenEngine,600,08/23/2020, 16:08:08,540
FROV00001,FrozenEngine,600,08/23/2020, 17:07:36,540
FROV00001,FrozenEngine,600,08/23/2020, 18:08:30,540
FROV00001,FrozenEngine,600,08/23/2020, 19:07:58,540
FROV00001,FrozenEngine,600,08/23/2020, 20:11:41,540
FROV00001,FrozenEngine,600,08/23/2020, 21:07:22,540
FROV00001,FrozenEngine,600,08/23/2020, 22:08:42,540
FROV00001,FrozenEngine,600,08/23/2020, 23:07:23,540
FROV00001,FrozenEngine,600,08/24/2020, 00:21:37,540
FROV00001,FrozenEngine,600,08/24/2020, 01:07:57,540
FROV00001,FrozenEngine,600,08/24/2020, 02:09:32,540
FROV00001,FrozenEngine,600,08/24/2020, 03:08:01,540
FROV00001,FrozenEngine,600,08/24/2020, 04:08:58,540
FROV00001,FrozenEngine,600,08/24/2020, 05:12:40,540
FROV00001,FrozenEngine,600,08/24/2020, 06:08:54,540
FROV00001,FrozenEngine,600,08/24/2020, 07:08:00,540
FROV00001,FrozenEngine,601,08/24/2020, 08:08:43,540
FROV00001,FrozenEngine,601,08/24/2020, 09:07:49,540
FROV00001,FrozenEngine,601,08/24/2020, 10:07:57,540
FROV00001,FrozenEngine,601,08/24/2020, 11:07:09,540
FROV00001,FrozenEngine,601,08/24/2020, 12:10:17,540
FROV00001,FrozenEngine,601,08/24/2020, 13:07:35,540
FROV00001,FrozenEngine,601,08/24/2020, 14:08:33,540
FROV00001,FrozenEngine,601,08/24/2020, 15:07:57,540
FROV00001,FrozenEngine,601,08/24/2020, 16:08:07,540
FROV00001,FrozenEngine,601,08/24/2020, 17:07:34,540
FROV00001,FrozenEngine,601,08/24/2020, 18:08:29,540
FROV00001,FrozenEngine,601,08/24/2020, 19:07:42,540
FROV00001,FrozenEngine,601,08/24/2020, 20:08:26,540
FROV00001,FrozenEngine,602,08/24/2020, 21:07:32,540
FROV00001,FrozenEngine,602,08/24/2020, 22:07:36,540
FROV00001,FrozenEngine,602,08/24/2020, 23:07:28,540
FROV00001,FrozenEngine,602,08/25/2020, 00:21:25,540
FROV00001,FrozenEngine,602,08/25/2020, 01:07:59,540
FROV00001,FrozenEngine,602,08/25/2020, 02:08:34,540
FROV00001,FrozenEngine,602,08/25/2020, 03:07:42,540
FROV00001,FrozenEngine,602,08/25/2020, 04:08:31,540
FROV00001,FrozenEngine,602,08/25/2020, 05:08:01,540
FROV00001,FrozenEngine,602,08/25/2020, 06:08:40,540
FROV00001,FrozenEngine,603,08/25/2020, 07:08:12,540
FROV00001,FrozenEngine,603,08/25/2020, 08:08:59,540
FROV00001,FrozenEngine,603,08/25/2020, 09:08:05,540
FROV00001,FrozenEngine,603,08/25/2020, 10:07:49,540
FROV00001,FrozenEngine,603,08/25/2020, 11:07:30,540
FROV00001,FrozenEngine,603,08/25/2020, 12:10:24,540
FROV00001,FrozenEngine,603,08/25/2020, 13:07:27,540
FROV00001,FrozenEngine,603,08/25/2020, 14:08:37,540
FROV00001,FrozenEngine,604,08/25/2020, 15:08:00,540
FROV00001,FrozenEngine,604,08/25/2020, 16:08:15,540
FROV00001,FrozenEngine,604,08/25/2020, 17:07:35,540
FROV00001,FrozenEngine,605,08/25/2020, 18:08:25,540
FROV00001,FrozenEngine,605,08/25/2020, 19:07:17,540
FROV00001,FrozenEngine,605,08/25/2020, 20:08:24,540
FROV00001,FrozenEngine,605,08/25/2020, 21:07:36,540
FROV00001,FrozenEngine,605,08/25/2020, 22:07:37,540
FROV00001,FrozenEngine,605,08/25/2020, 23:07:18,540
FROV00001,FrozenEngine,605,08/26/2020, 00:21:18,540
FROV00001,FrozenEngine,605,08/26/2020, 01:07:53,540
FROV00001,FrozenEngine,605,08/26/2020, 02:08:52,540
FROV00001,FrozenEngine,606,08/26/2020, 03:08:05,540
FROV00001,FrozenEngine,606,08/26/2020, 04:08:46,540
FROV00001,FrozenEngine,606,08/26/2020, 05:09:43,540
FROV00001,FrozenEngine,606,08/26/2020, 06:08:56,540
FROV00001,FrozenEngine,607,08/26/2020, 07:08:11,540
FROV00001,FrozenEngine,607,08/26/2020, 08:08:31,540
FROV00001,FrozenEngine,607,08/26/2020, 09:07:58,540
FROV00001,FrozenEngine,607,08/26/2020, 10:07:48,540
FROV00001,FrozenEngine,608,08/26/2020, 11:07:22,540
FROV00001,FrozenEngine,608,08/26/2020, 12:10:21,540
FROV00001,FrozenEngine,608,08/26/2020, 13:07:24,540
FROV00001,FrozenEngine,608,08/26/2020, 14:08:41,540
FROV00001,FrozenEngine,608,08/26/2020, 15:07:58,540
FROV00001,FrozenEngine,608,08/26/2020, 16:08:21,540
FROV00001,FrozenEngine,608,08/26/2020, 17:07:32,540
FROV00001,FrozenEngine,608,08/26/2020, 18:08:35,540
FROV00001,FrozenEngine,609,08/26/2020, 19:07:31,540
FROV00001,FrozenEngine,609,08/26/2020, 20:08:46,540
FROV00001,FrozenEngine,609,08/26/2020, 21:07:38,540
FROV00001,FrozenEngine,609,08/26/2020, 22:07:40,540
FROV00001,FrozenEngine,609,08/26/2020, 23:07:23,540
FROV00001,FrozenEngine,609,08/27/2020, 00:21:36,540
FROV00001,FrozenEngine,609,08/27/2020, 01:08:16,540
FROV00001,FrozenEngine,609,08/27/2020, 02:08:53,540
FROV00001,FrozenEngine,609,08/27/2020, 03:08:02,540
FROV00001,FrozenEngine,609,08/27/2020, 04:08:36,540
FROV00001,FrozenEngine,609,08/27/2020, 05:12:11,540
FROV00001,FrozenEngine,609,08/27/2020, 06:08:48,540
FROV00001,FrozenEngine,609,08/27/2020, 07:07:59,540
FROV00001,FrozenEngine,609,08/27/2020, 08:09:09,540
FROV00001,FrozenEngine,609,08/27/2020, 09:08:12,540
FROV00001,FrozenEngine,609,08/27/2020, 10:08:11,540
FROV00001,FrozenEngine,609,08/27/2020, 11:07:19,540
FROV00001,FrozenEngine,609,08/27/2020, 12:10:31,540
FROV00001,FrozenEngine,609,08/27/2020, 13:07:24,540
FROV00001,FrozenEngine,609,08/27/2020, 14:08:39,540
FROV00001,FrozenEngine,609,08/27/2020, 15:07:55,540
FROV00001,FrozenEngine,609,08/27/2020, 16:08:41,540
FROV00001,FrozenEngine,609,08/27/2020, 17:07:59,540
FROV00001,FrozenEngine,609,08/27/2020, 18:08:42,540
FROV00001,FrozenEngine,609,08/27/2020, 19:07:44,540
FROV00001,FrozenEngine,609,08/27/2020, 20:08:30,540
FROV00001,FrozenEngine,609,08/27/2020, 21:07:48,540
FROV00001,FrozenEngine,609,08/27/2020, 22:07:18,540
FROV00001,FrozenEngine,609,08/27/2020, 23:07:51,540
FROV00001,FrozenEngine,609,08/28/2020, 00:24:02,540
FROV00001,FrozenEngine,609,08/28/2020, 01:11:46,540
FROV00001,FrozenEngine,609,08/28/2020, 02:09:30,540
FROV00001,FrozenEngine,609,08/28/2020, 03:08:31,540
FROV00001,FrozenEngine,609,08/28/2020, 04:08:45,540
FROV00001,FrozenEngine,609,08/28/2020, 05:08:34,540
FROV00001,FrozenEngine,609,08/28/2020, 06:09:23,540
FROV00001,FrozenEngine,609,08/28/2020, 07:08:39,540
FROV00001,FrozenEngine,609,08/28/2020, 08:09:47,540
FROV00001,FrozenEngine,609,08/28/2020, 09:08:26,540
FROV00001,FrozenEngine,609,08/28/2020, 10:08:18,540
FROV00001,FrozenEngine,609,08/28/2020, 11:07:56,540
FROV00001,FrozenEngine,609,08/28/2020, 12:12:22,540
FROV00001,FrozenEngine,609,08/28/2020, 13:08:09,540
FROV00001,FrozenEngine,610,08/28/2020, 14:09:14,540
FROV00001,FrozenEngine,610,08/28/2020, 15:08:18,540
FROV00001,FrozenEngine,610,08/28/2020, 16:08:56,540
FROV00001,FrozenEngine,610,08/28/2020, 17:07:48,540
FROV00001,FrozenEngine,610,08/28/2020, 18:09:03,540
FROV00001,FrozenEngine,610,08/28/2020, 19:07:59,540
FROV00001,FrozenEngine,610,08/28/2020, 20:09:17,540
FROV00001,FrozenEngine,610,08/28/2020, 21:08:16,540
FROV00001,FrozenEngine,610,08/28/2020, 22:08:04,540
FROV00001,FrozenEngine,610,08/28/2020, 23:04:09,540
FROV00001,FrozenEngine,610,08/29/2020, 00:15:40,540
FROV00001,FrozenEngine,610,08/29/2020, 01:05:31,540
FROV00001,FrozenEngine,610,08/29/2020, 02:04:18,540
FROV00001,FrozenEngine,610,08/29/2020, 03:09:03,540
FROV00001,FrozenEngine,610,08/29/2020, 04:05:08,540
FROV00001,FrozenEngine,610,08/29/2020, 05:10:50,540
FROV00001,FrozenEngine,610,08/29/2020, 06:06:51,540
FROV00001,FrozenEngine,610,08/29/2020, 07:06:54,540
FROV00001,FrozenEngine,610,08/29/2020, 08:13:28,540
FROV00001,FrozenEngine,610,08/29/2020, 09:07:11,540
FROV00001,FrozenEngine,610,08/29/2020, 10:05:21,540
FROV00001,FrozenEngine,610,08/29/2020, 11:10:03,540
FROV00001,FrozenEngine,610,08/29/2020, 12:07:16,540
FROV00001,FrozenEngine,610,08/29/2020, 13:10:49,540
FROV00001,FrozenEngine,611,08/29/2020, 14:09:59,540
FROV00001,FrozenEngine,611,08/29/2020, 15:07:27,540
FROV00001,FrozenEngine,612,08/29/2020, 16:05:21,540
FROV00001,FrozenEngine,612,08/29/2020, 17:06:40,540
FROV00001,FrozenEngine,612,08/29/2020, 18:07:14,540
FROV00001,FrozenEngine,612,08/29/2020, 19:10:29,540
FROV00001,FrozenEngine,612,08/29/2020, 20:07:22,540
FROV00001,FrozenEngine,612,08/29/2020, 21:08:34,540
FROV00001,FrozenEngine,612,08/29/2020, 22:07:21,540
FROV00001,FrozenEngine,612,08/29/2020, 23:04:45,540
FROV00001,FrozenEngine,612,08/30/2020, 00:16:32,540
FROV00001,FrozenEngine,612,08/30/2020, 01:04:46,540
FROV00001,FrozenEngine,612,08/30/2020, 02:07:28,540
FROV00001,FrozenEngine,613,08/30/2020, 03:06:20,540
FROV00001,FrozenEngine,613,08/30/2020, 04:05:40,540
FROV00001,FrozenEngine,613,08/30/2020, 05:12:05,540
FROV00001,FrozenEngine,613,08/30/2020, 06:10:00,540
FROV00001,FrozenEngine,613,08/30/2020, 07:11:31,540
FROV00001,FrozenEngine,613,08/30/2020, 08:12:27,540
FROV00001,FrozenEngine,613,08/30/2020, 09:07:34,540
FROV00001,FrozenEngine,613,08/30/2020, 10:07:15,540
FROV00001,FrozenEngine,613,08/30/2020, 11:12:03,540
FROV00001,FrozenEngine,613,08/30/2020, 12:11:14,540
FROV00001,FrozenEngine,613,08/30/2020, 13:05:26,540
FROV00001,FrozenEngine,613,08/30/2020, 14:04:36,540
FROV00001,FrozenEngine,613,08/30/2020, 15:12:26,540
FROV00001,FrozenEngine,613,08/30/2020, 16:05:39,540
FROV00001,FrozenEngine,613,08/30/2020, 17:07:15,540
FROV00001,FrozenEngine,613,08/30/2020, 18:13:00,540
FROV00001,FrozenEngine,613,08/30/2020, 19:11:19,540
FROV00001,FrozenEngine,613,08/30/2020, 20:07:35,540
FROV00001,FrozenEngine,614,08/30/2020, 21:07:25,540
FROV00001,FrozenEngine,614,08/30/2020, 22:09:44,540
FROV00001,FrozenEngine,614,08/30/2020, 23:05:54,540
FROV00001,FrozenEngine,615,08/31/2020, 00:16:34,540
FROV00001,FrozenEngine,615,08/31/2020, 01:04:20,540
FROV00001,FrozenEngine,615,08/31/2020, 02:10:54,540
FROV00001,FrozenEngine,615,08/31/2020, 03:04:10,540
FROV00001,FrozenEngine,615,08/31/2020, 04:13:09,540
FROV00001,FrozenEngine,615,08/31/2020, 05:10:29,540
FROV00001,FrozenEngine,615,08/31/2020, 06:06:45,540
FROV00001,FrozenEngine,615,08/31/2020, 07:04:10,540
FROV00001,FrozenEngine,615,08/31/2020, 08:04:32,540
FROV00001,FrozenEngine,615,08/31/2020, 09:04:08,540
FROV00001,FrozenEngine,615,08/31/2020, 10:04:03,540
FROV00001,FrozenEngine,615,08/31/2020, 11:03:49,540
FROV00001,FrozenEngine,615,08/31/2020, 12:12:02,540
FROV00001,FrozenEngine,615,08/31/2020, 14:04:18,540
FROV00001,FrozenEngine,615,08/31/2020, 15:04:01,540
FROV00001,FrozenEngine,615,08/31/2020, 16:04:23,540
FROV00001,FrozenEngine,615,08/31/2020, 17:08:27,540
FROV00001,FrozenEngine,615,08/31/2020, 18:09:18,540
FROV00001,FrozenEngine,615,08/31/2020, 19:08:08,540
FROV00001,FrozenEngine,616,08/31/2020, 20:09:22,540
FROV00001,FrozenEngine,616,08/31/2020, 21:08:20,540
FROV00001,FrozenEngine,616,08/31/2020, 22:08:28,540
FROV00001,FrozenEngine,616,08/31/2020, 23:08:01,540
FROV00001,FrozenEngine,616,09/01/2020, 00:24:01,540
FROV00001,FrozenEngine,616,09/01/2020, 01:13:51,540
FROV00001,FrozenEngine,616,09/01/2020, 02:09:33,540
FROV00001,FrozenEngine,616,09/01/2020, 03:08:40,540
FROV00001,FrozenEngine,616,09/01/2020, 04:08:53,540
FROV00001,FrozenEngine,616,09/01/2020, 05:08:29,540
FROV00001,FrozenEngine,616,09/01/2020, 06:09:37,540
FROV00001,FrozenEngine,616,09/01/2020, 07:08:38,540
FROV00001,FrozenEngine,616,09/01/2020, 08:09:38,540
FROV00001,FrozenEngine,616,09/01/2020, 09:10:04,540
FROV00001,FrozenEngine,616,09/01/2020, 10:08:42,540
FROV00001,FrozenEngine,616,09/01/2020, 11:07:51,540
FROV00001,FrozenEngine,616,09/01/2020, 12:10:56,540
FROV00001,FrozenEngine,616,09/01/2020, 13:08:12,540
FROV00001,FrozenEngine,616,09/01/2020, 14:11:18,540
FROV00001,FrozenEngine,616,09/01/2020, 15:09:03,540
FROV00001,FrozenEngine,616,09/01/2020, 16:08:59,540
FROV00001,FrozenEngine,617,09/01/2020, 17:08:19,540
FROV00001,FrozenEngine,617,09/01/2020, 18:09:18,540
FROV00001,FrozenEngine,617,09/01/2020, 19:08:13,540
FROV00001,FrozenEngine,617,09/01/2020, 20:09:20,540
FROV00001,FrozenEngine,618,09/01/2020, 21:08:27,540
FROV00001,FrozenEngine,618,09/01/2020, 22:08:40,540
FROV00001,FrozenEngine,618,09/01/2020, 23:07:52,540
FROV00001,FrozenEngine,618,09/02/2020, 00:23:14,540
FROV00001,FrozenEngine,618,09/02/2020, 01:07:26,540
FROV00001,FrozenEngine,619,09/02/2020, 02:09:14,540
FROV00001,FrozenEngine,620,09/02/2020, 03:09:31,540
FROV00001,FrozenEngine,620,09/02/2020, 04:09:12,540
FROV00001,FrozenEngine,620,09/02/2020, 05:08:14,540
FROV00001,FrozenEngine,620,09/02/2020, 06:09:20,540
FROV00001,FrozenEngine,620,09/02/2020, 07:08:40,540
FROV00001,FrozenEngine,620,09/02/2020, 08:09:24,540
FROV00001,FrozenEngine,620,09/02/2020, 09:09:54,540
FROV00001,FrozenEngine,620,09/02/2020, 10:08:33,540
FROV00001,FrozenEngine,620,09/02/2020, 11:07:51,540
FROV00001,FrozenEngine,620,09/02/2020, 12:11:12,540
FROV00001,FrozenEngine,620,09/02/2020, 13:08:14,540
FROV00001,FrozenEngine,620,09/02/2020, 14:09:27,540
FROV00001,FrozenEngine,620,09/02/2020, 15:10:30,540
FROV00001,FrozenEngine,620,09/02/2020, 16:09:12,540
FROV00001,FrozenEngine,620,09/02/2020, 17:08:21,540
FROV00001,FrozenEngine,620,09/02/2020, 18:09:01,540
FROV00001,FrozenEngine,621,09/02/2020, 19:08:01,540
FROV00001,FrozenEngine,621,09/02/2020, 20:09:15,540
FROV00001,FrozenEngine,621,09/02/2020, 21:08:26,540
FROV00001,FrozenEngine,621,09/02/2020, 22:08:11,540
FROV00001,FrozenEngine,621,09/02/2020, 23:07:52,540
FROV00001,FrozenEngine,621,09/03/2020, 00:23:21,540
FROV00001,FrozenEngine,621,09/03/2020, 01:11:59,540
FROV00001,FrozenEngine,621,09/03/2020, 02:09:34,540
FROV00001,FrozenEngine,622,09/03/2020, 03:08:19,540
FROV00001,FrozenEngine,622,09/03/2020, 04:09:05,540
FROV00001,FrozenEngine,622,09/03/2020, 05:09:25,540
FROV00001,FrozenEngine,623,09/03/2020, 06:09:40,540
FROV00001,FrozenEngine,623,09/03/2020, 07:08:46,540
FROV00001,FrozenEngine,623,09/03/2020, 08:09:37,540
FROV00001,FrozenEngine,623,09/03/2020, 09:08:39,540
FROV00001,FrozenEngine,623,09/03/2020, 10:08:53,540
FROV00001,FrozenEngine,623,09/03/2020, 11:08:05,540
FROV00001,FrozenEngine,623,09/03/2020, 12:11:18,540
FROV00001,FrozenEngine,624,09/03/2020, 13:08:14,540
FROV00001,FrozenEngine,624,09/03/2020, 14:09:30,540
FROV00001,FrozenEngine,624,09/03/2020, 15:08:45,540
FROV00001,FrozenEngine,624,09/03/2020, 16:09:20,540
FROV00001,FrozenEngine,624,09/03/2020, 17:08:26,540
FROV00001,FrozenEngine,625,09/03/2020, 18:09:10,540
FROV00001,FrozenEngine,625,09/03/2020, 19:06:53,540
FROV00001,FrozenEngine,625,09/03/2020, 20:09:40,540
FROV00001,FrozenEngine,625,09/03/2020, 21:08:34,540
FROV00001,FrozenEngine,626,09/03/2020, 22:08:31,540
FROV00001,FrozenEngine,626,09/03/2020, 23:08:03,540
FROV00001,FrozenEngine,626,09/04/2020, 00:24:05,540
FROV00001,FrozenEngine,626,09/04/2020, 01:12:24,540
FROV00001,FrozenEngine,626,09/04/2020, 02:09:36,540
FROV00001,FrozenEngine,626,09/04/2020, 03:08:22,540
FROV00001,FrozenEngine,626,09/04/2020, 04:09:13,540
FROV00001,FrozenEngine,626,09/04/2020, 05:08:15,540
FROV00001,FrozenEngine,626,09/04/2020, 06:09:46,540
FROV00001,FrozenEngine,626,09/04/2020, 07:08:33,540
FROV00001,FrozenEngine,626,09/04/2020, 08:09:36,540
FROV00001,FrozenEngine,626,09/04/2020, 09:08:37,540
FROV00001,FrozenEngine,626,09/04/2020, 10:08:47,540
FROV00001,FrozenEngine,626,09/04/2020, 11:08:04,540
FROV00001,FrozenEngine,626,09/04/2020, 12:14:45,540
FROV00001,FrozenEngine,627,09/04/2020, 13:08:41,540
FROV00001,FrozenEngine,630,09/04/2020, 14:09:28,540
FROV00001,FrozenEngine,630,09/04/2020, 15:08:43,540
FROV00001,FrozenEngine,630,09/04/2020, 16:09:08,540
FROV00001,FrozenEngine,630,09/04/2020, 17:08:23,540
FROV00001,FrozenEngine,631,09/04/2020, 18:09:16,540
FROV00001,FrozenEngine,631,09/04/2020, 19:08:06,540
FROV00001,FrozenEngine,631,09/04/2020, 20:09:23,540
FROV00001,FrozenEngine,631,09/04/2020, 21:08:13,540
FROV00001,FrozenEngine,631,09/04/2020, 22:08:30,540
FROV00001,FrozenEngine,631,09/04/2020, 23:08:04,540
FROV00001,FrozenEngine,631,09/05/2020, 00:39:53,540
FROV00001,FrozenEngine,631,09/05/2020, 02:07:32,540
FROV00001,FrozenEngine,631,09/05/2020, 03:20:31,540
FROV00001,FrozenEngine,631,09/05/2020, 04:17:15,540
FROV00001,FrozenEngine,631,09/05/2020, 05:15:15,540
FROV00001,FrozenEngine,632,09/05/2020, 06:17:41,540
FROV00001,FrozenEngine,632,09/05/2020, 07:18:05,540
FROV00001,FrozenEngine,632,09/05/2020, 08:16:29,540
FROV00001,FrozenEngine,632,09/05/2020, 09:15:48,540
FROV00001,FrozenEngine,632,09/05/2020, 10:15:55,540
FROV00001,FrozenEngine,632,09/05/2020, 11:14:33,540
FROV00001,FrozenEngine,632,09/05/2020, 12:20:32,540
FROV00001,FrozenEngine,632,09/05/2020, 13:20:53,540
FROV00001,FrozenEngine,632,09/05/2020, 14:16:44,540
FROV00001,FrozenEngine,632,09/05/2020, 15:15:33,540
FROV00001,FrozenEngine,632,09/05/2020, 16:10:04,540
FROV00001,FrozenEngine,632,09/05/2020, 17:08:15,540
FROV00001,FrozenEngine,632,09/05/2020, 18:09:25,540
FROV00001,FrozenEngine,632,09/05/2020, 19:08:01,540
FROV00001,FrozenEngine,632,09/05/2020, 20:09:33,540
FROV00001,FrozenEngine,632,09/05/2020, 21:08:16,540
FROV00001,FrozenEngine,632,09/05/2020, 22:08:10,540
FROV00001,FrozenEngine,632,09/05/2020, 23:08:43,540
FROV00001,FrozenEngine,632,09/06/2020, 00:25:09,540
FROV00001,FrozenEngine,632,09/06/2020, 01:13:50,540
FROV00001,FrozenEngine,632,09/06/2020, 02:09:28,540
FROV00001,FrozenEngine,632,09/06/2020, 03:08:57,540
FROV00001,FrozenEngine,632,09/06/2020, 04:09:11,540
FROV00001,FrozenEngine,632,09/06/2020, 05:08:13,540
FROV00001,FrozenEngine,632,09/06/2020, 06:10:52,540
FROV00001,FrozenEngine,632,09/06/2020, 07:08:28,540
FROV00001,FrozenEngine,632,09/06/2020, 08:09:01,540
FROV00001,FrozenEngine,632,09/06/2020, 09:08:32,540
FROV00001,FrozenEngine,632,09/06/2020, 10:08:37,540
FROV00001,FrozenEngine,632,09/06/2020, 11:08:16,540
FROV00001,FrozenEngine,632,09/06/2020, 12:11:02,540
FROV00001,FrozenEngine,632,09/06/2020, 13:08:10,540
FROV00001,FrozenEngine,632,09/06/2020, 14:09:10,540
FROV00001,FrozenEngine,632,09/06/2020, 15:08:21,540
FROV00001,FrozenEngine,632,09/06/2020, 16:09:04,540
FROV00001,FrozenEngine,632,09/06/2020, 17:09:38,540
FROV00001,FrozenEngine,632,09/06/2020, 18:09:46,540
FROV00001,FrozenEngine,632,09/06/2020, 19:08:18,540
FROV00001,FrozenEngine,633,09/06/2020, 20:09:26,540
FROV00001,FrozenEngine,633,09/06/2020, 21:08:32,540
FROV00001,FrozenEngine,633,09/06/2020, 22:08:32,540
FROV00001,FrozenEngine,633,09/06/2020, 23:08:09,540
FROV00001,FrozenEngine,633,09/07/2020, 00:24:37,540
FROV00001,FrozenEngine,633,09/07/2020, 01:13:45,540
FROV00001,FrozenEngine,633,09/07/2020, 02:10:04,540
FROV00001,FrozenEngine,633,09/07/2020, 03:08:44,540
FROV00001,FrozenEngine,633,09/07/2020, 04:09:29,540
FROV00001,FrozenEngine,633,09/07/2020, 05:08:18,540
FROV00001,FrozenEngine,633,09/07/2020, 06:11:10,540
FROV00001,FrozenEngine,633,09/07/2020, 07:09:44,540
FROV00001,FrozenEngine,634,09/07/2020, 08:09:36,540
FROV00001,FrozenEngine,634,09/07/2020, 09:08:55,540
FROV00001,FrozenEngine,634,09/07/2020, 10:08:57,540
FROV00001,FrozenEngine,634,09/07/2020, 11:08:26,540
FROV00001,FrozenEngine,634,09/07/2020, 12:11:22,540
FROV00001,FrozenEngine,634,09/07/2020, 13:08:28,540
FROV00001,FrozenEngine,634,09/07/2020, 14:09:16,540
FROV00001,FrozenEngine,634,09/07/2020, 15:08:55,540
FROV00001,FrozenEngine,634,09/07/2020, 16:09:12,540
FROV00001,FrozenEngine,634,09/07/2020, 17:08:14,540
FROV00001,FrozenEngine,634,09/07/2020, 18:09:21,540
FROV00001,FrozenEngine,634,09/07/2020, 19:08:06,540
FROV00001,FrozenEngine,634,09/07/2020, 20:09:19,540
FROV00001,FrozenEngine,634,09/07/2020, 21:08:27,540
FROV00001,FrozenEngine,634,09/07/2020, 22:08:33,540
FROV00001,FrozenEngine,634,09/07/2020, 23:08:14,540
FROV00001,FrozenEngine,634,09/08/2020, 00:24:17,540
FROV00001,FrozenEngine,634,09/08/2020, 01:13:24,540
FROV00001,FrozenEngine,634,09/08/2020, 02:09:47,540
FROV00001,FrozenEngine,634,09/08/2020, 03:08:55,540
FROV00001,FrozenEngine,634,09/08/2020, 04:09:34,540
FROV00001,FrozenEngine,634,09/08/2020, 05:08:19,540
FROV00001,FrozenEngine,634,09/08/2020, 06:09:33,540
FROV00001,FrozenEngine,634,09/08/2020, 07:08:45,540
FROV00001,FrozenEngine,634,09/08/2020, 08:10:01,540
FROV00001,FrozenEngine,634,09/08/2020, 09:08:51,540
FROV00001,FrozenEngine,634,09/08/2020, 10:09:05,540
FROV00001,FrozenEngine,634,09/08/2020, 12:11:21,540
FROV00001,FrozenEngine,635,09/08/2020, 13:08:41,540
FROV00001,FrozenEngine,635,09/08/2020, 14:09:53,540
FROV00001,FrozenEngine,635,09/08/2020, 15:09:13,540
FROV00001,FrozenEngine,635,09/08/2020, 16:09:24,540
FROV00001,FrozenEngine,635,09/08/2020, 17:08:19,540
FROV00001,FrozenEngine,635,09/08/2020, 18:09:19,540
FROV00001,FrozenEngine,635,09/08/2020, 19:08:32,540
FROV00001,FrozenEngine,636,09/08/2020, 20:09:43,540
FROV00001,FrozenEngine,636,09/08/2020, 21:08:34,540
FROV00001,FrozenEngine,636,09/08/2020, 22:08:53,540
FROV00001,FrozenEngine,636,09/08/2020, 23:08:22,540
FROV00001,FrozenEngine,636,09/09/2020, 00:24:13,540
FROV00001,FrozenEngine,637,09/09/2020, 01:13:39,540
FROV00001,FrozenEngine,637,09/09/2020, 02:09:58,540
FROV00001,FrozenEngine,637,09/09/2020, 03:09:10,540
FROV00001,FrozenEngine,637,09/09/2020, 04:09:22,540
FROV00001,FrozenEngine,637,09/09/2020, 05:08:40,540
FROV00001,FrozenEngine,637,09/09/2020, 06:09:53,540
FROV00001,FrozenEngine,637,09/09/2020, 07:08:58,540
FROV00001,FrozenEngine,637,09/09/2020, 08:09:31,540
FROV00001,FrozenEngine,637,09/09/2020, 09:08:59,540
FROV00001,FrozenEngine,637,09/09/2020, 10:08:56,540
FROV00001,FrozenEngine,637,09/09/2020, 11:08:33,540
FROV00001,FrozenEngine,637,09/09/2020, 12:11:32,540
FROV00001,FrozenEngine,637,09/09/2020, 13:08:43,540
FROV00001,FrozenEngine,637,09/09/2020, 14:09:46,540
FROV00001,FrozenEngine,637,09/09/2020, 15:08:55,540
FROV00001,FrozenEngine,637,09/09/2020, 16:09:29,540
FROV00001,FrozenEngine,637,09/09/2020, 17:08:36,540
FROV00001,FrozenEngine,637,09/09/2020, 18:09:36,540
FROV00001,FrozenEngine,637,09/09/2020, 19:08:16,540
FROV00001,FrozenEngine,637,09/09/2020, 20:09:14,540
FROV00001,FrozenEngine,637,09/09/2020, 21:08:26,540
FROV00001,FrozenEngine,637,09/09/2020, 22:08:36,540
FROV00001,FrozenEngine,637,09/09/2020, 23:08:12,540
FROV00001,FrozenEngine,637,09/10/2020, 00:23:44,540
FROV00001,FrozenEngine,637,09/10/2020, 01:11:24,540
FROV00001,FrozenEngine,637,09/10/2020, 02:12:50,540
FROV00001,FrozenEngine,637,09/10/2020, 03:08:45,540
FROV00001,FrozenEngine,637,09/10/2020, 04:09:22,540
FROV00001,FrozenEngine,637,09/10/2020, 05:08:55,540
FROV00001,FrozenEngine,637,09/10/2020, 06:09:37,540
FROV00001,FrozenEngine,637,09/10/2020, 07:08:49,540
FROV00001,FrozenEngine,637,09/10/2020, 08:09:15,540
FROV00001,FrozenEngine,637,09/10/2020, 09:08:50,540
FROV00001,FrozenEngine,637,09/10/2020, 10:08:46,540
FROV00001,FrozenEngine,637,09/10/2020, 11:08:02,540
FROV00001,FrozenEngine,637,09/10/2020, 12:11:29,540
FROV00001,FrozenEngine,637,09/10/2020, 13:08:26,540
FROV00001,FrozenEngine,637,09/10/2020, 14:09:32,540
FROV00001,FrozenEngine,637,09/10/2020, 15:09:02,540
FROV00001,FrozenEngine,638,09/10/2020, 16:13:24,540
FROV00001,FrozenEngine,638,09/10/2020, 17:08:41,540
FROV00001,FrozenEngine,638,09/10/2020, 18:09:21,540
FROV00001,FrozenEngine,638,09/10/2020, 19:08:11,540
FROV00001,FrozenEngine,638,09/10/2020, 20:09:28,540
FROV00001,FrozenEngine,638,09/10/2020, 21:08:38,540
FROV00001,FrozenEngine,638,09/10/2020, 22:08:46,540
FROV00001,FrozenEngine,638,09/10/2020, 23:08:00,540
FROV00001,FrozenEngine,638,09/11/2020, 00:24:08,540
FROV00001,FrozenEngine,638,09/11/2020, 01:11:45,540
FROV00001,FrozenEngine,638,09/11/2020, 02:09:38,540
FROV00001,FrozenEngine,638,09/11/2020, 03:08:43,540
FROV00001,FrozenEngine,638,09/11/2020, 04:09:17,540
FROV00001,FrozenEngine,638,09/11/2020, 05:08:26,540
FROV00001,FrozenEngine,638,09/11/2020, 06:09:57,540
FROV00001,FrozenEngine,638,09/11/2020, 07:08:37,540
FROV00001,FrozenEngine,638,09/11/2020, 08:09:50,540
FROV00001,FrozenEngine,638,09/11/2020, 09:08:43,540
FROV00001,FrozenEngine,638,09/11/2020, 10:09:01,540
FROV00001,FrozenEngine,638,09/11/2020, 11:07:57,540
FROV00001,FrozenEngine,638,09/11/2020, 12:17:31,540
FROV00001,FrozenEngine,638,09/11/2020, 13:08:18,540
FROV00001,FrozenEngine,638,09/11/2020, 14:09:20,540
FROV00001,FrozenEngine,638,09/11/2020, 15:08:49,540
FROV00001,FrozenEngine,638,09/11/2020, 16:09:14,540
FROV00001,FrozenEngine,638,09/11/2020, 17:08:30,540
FROV00001,FrozenEngine,638,09/11/2020, 18:09:05,540
FROV00001,FrozenEngine,638,09/11/2020, 19:08:04,540
FROV00001,FrozenEngine,638,09/11/2020, 20:09:36,540
FROV00001,FrozenEngine,638,09/11/2020, 21:08:40,540
FROV00001,FrozenEngine,638,09/11/2020, 22:08:41,540
FROV00001,FrozenEngine,638,09/11/2020, 23:08:02,540
FROV00001,FrozenEngine,638,09/12/2020, 00:24:03,540
FROV00001,FrozenEngine,638,09/12/2020, 01:12:51,540
FROV00001,FrozenEngine,638,09/12/2020, 02:09:29,540
FROV00001,FrozenEngine,638,09/12/2020, 03:08:58,540
FROV00001,FrozenEngine,640,09/12/2020, 04:09:02,540
FROV00001,FrozenEngine,640,09/12/2020, 05:08:17,540
FROV00001,FrozenEngine,640,09/12/2020, 06:09:58,540
FROV00001,FrozenEngine,640,09/12/2020, 07:08:38,540
FROV00001,FrozenEngine,640,09/12/2020, 08:09:15,540
FROV00001,FrozenEngine,640,09/12/2020, 09:08:19,540
FROV00001,FrozenEngine,640,09/12/2020, 10:08:45,540
FROV00001,FrozenEngine,640,09/12/2020, 11:09:24,540
FROV00001,FrozenEngine,640,09/12/2020, 12:11:18,540
FROV00001,FrozenEngine,640,09/12/2020, 13:08:07,540
FROV00001,FrozenEngine,640,09/12/2020, 14:08:59,540
FROV00001,FrozenEngine,640,09/12/2020, 15:08:21,540
FROV00001,FrozenEngine,640,09/12/2020, 16:09:08,540
FROV00001,FrozenEngine,640,09/12/2020, 17:08:04,540
FROV00001,FrozenEngine,642,09/12/2020, 18:09:26,540
FROV00001,FrozenEngine,642,09/12/2020, 19:08:11,540
FROV00001,FrozenEngine,642,09/12/2020, 20:09:38,540
FROV00001,FrozenEngine,642,09/12/2020, 21:08:19,540
FROV00001,FrozenEngine,642,09/12/2020, 22:08:39,540
FROV00001,FrozenEngine,642,09/12/2020, 23:08:10,540
FROV00001,FrozenEngine,642,09/13/2020, 00:25:21,540
FROV00001,FrozenEngine,642,09/13/2020, 01:14:44,540
FROV00001,FrozenEngine,642,09/13/2020, 02:09:35,540
FROV00001,FrozenEngine,642,09/13/2020, 03:09:02,540
FROV00001,FrozenEngine,642,09/13/2020, 04:09:00,540
FROV00001,FrozenEngine,642,09/13/2020, 05:08:19,540
FROV00001,FrozenEngine,642,09/13/2020, 06:09:46,540
FROV00001,FrozenEngine,642,09/13/2020, 07:08:44,540
FROV00001,FrozenEngine,642,09/13/2020, 08:09:13,540
FROV00001,FrozenEngine,643,09/13/2020, 09:08:44,540
FROV00001,FrozenEngine,643,09/13/2020, 10:08:52,540
FROV00001,FrozenEngine,643,09/13/2020, 11:08:22,540
FROV00001,FrozenEngine,643,09/13/2020, 12:11:35,540
FROV00001,FrozenEngine,643,09/13/2020, 13:08:10,540
FROV00001,FrozenEngine,643,09/13/2020, 14:09:13,540
FROV00001,FrozenEngine,643,09/13/2020, 15:08:42,540
FROV00001,FrozenEngine,643,09/13/2020, 16:09:20,540
FROV00001,FrozenEngine,643,09/13/2020, 17:08:18,540
FROV00001,FrozenEngine,643,09/13/2020, 18:09:22,540
FROV00001,FrozenEngine,643,09/13/2020, 19:08:23,540
FROV00001,FrozenEngine,643,09/13/2020, 20:09:30,540
FROV00001,FrozenEngine,643,09/13/2020, 21:08:32,540
FROV00001,FrozenEngine,643,09/13/2020, 22:08:33,540
FROV00001,FrozenEngine,643,09/13/2020, 23:08:03,540
FROV00001,FrozenEngine,643,09/14/2020, 00:24:38,540
FROV00001,FrozenEngine,643,09/14/2020, 01:14:20,540
FROV00001,FrozenEngine,644,09/14/2020, 02:09:51,540
FROV00001,FrozenEngine,644,09/14/2020, 03:08:55,540
FROV00001,FrozenEngine,644,09/14/2020, 04:09:29,540
FROV00001,FrozenEngine,644,09/14/2020, 05:08:33,540
FROV00001,FrozenEngine,644,09/14/2020, 06:09:51,540
FROV00001,FrozenEngine,644,09/14/2020, 07:08:53,540
FROV00001,FrozenEngine,644,09/14/2020, 08:09:48,540
FROV00001,FrozenEngine,644,09/14/2020, 09:08:44,540
FROV00001,FrozenEngine,644,09/14/2020, 10:09:01,540
FROV00001,FrozenEngine,644,09/14/2020, 11:08:06,540
FROV00001,FrozenEngine,644,09/14/2020, 12:11:30,540
FROV00001,FrozenEngine,644,09/14/2020, 13:08:53,540
FROV00001,FrozenEngine,644,09/14/2020, 14:09:21,540
FROV00001,FrozenEngine,644,09/14/2020, 15:08:55,540
FROV00001,FrozenEngine,644,09/14/2020, 16:09:17,540
FROV00001,FrozenEngine,644,09/14/2020, 17:08:31,540
FROV00001,FrozenEngine,644,09/14/2020, 18:09:32,540
FROV00001,FrozenEngine,644,09/14/2020, 19:08:13,540
FROV00001,FrozenEngine,644,09/14/2020, 20:09:45,540
FROV00001,FrozenEngine,644,09/14/2020, 21:08:52,540
FROV00001,FrozenEngine,644,09/14/2020, 22:08:21,540
FROV00001,FrozenEngine,644,09/14/2020, 23:08:13,540
FROV00001,FrozenEngine,644,09/15/2020, 00:24:28,540
FROV00001,FrozenEngine,644,09/15/2020, 01:14:10,540
FROV00001,FrozenEngine,644,09/15/2020, 02:10:06,540
FROV00001,FrozenEngine,644,09/15/2020, 03:08:59,540
FROV00001,FrozenEngine,644,09/15/2020, 04:09:32,540
FROV00001,FrozenEngine,644,09/15/2020, 05:08:26,540
FROV00001,FrozenEngine,645,09/15/2020, 06:09:41,540
FROV00001,FrozenEngine,645,09/15/2020, 07:08:48,540
FROV00001,FrozenEngine,645,09/15/2020, 08:09:57,540
FROV00001,FrozenEngine,645,09/15/2020, 09:08:56,540
FROV00001,FrozenEngine,645,09/15/2020, 10:08:55,540
FROV00001,FrozenEngine,645,09/15/2020, 11:08:25,540
FROV00001,FrozenEngine,645,09/15/2020, 12:11:27,540
FROV00001,FrozenEngine,645,09/15/2020, 13:08:40,540
FROV00001,FrozenEngine,645,09/15/2020, 14:09:40,540
FROV00001,FrozenEngine,645,09/15/2020, 15:08:55,540
FROV00001,FrozenEngine,645,09/15/2020, 16:09:25,540
FROV00001,FrozenEngine,645,09/15/2020, 17:08:30,540
FROV00001,FrozenEngine,645,09/15/2020, 18:09:20,540
FROV00001,FrozenEngine,645,09/15/2020, 19:08:06,540
FROV00001,FrozenEngine,645,09/15/2020, 20:09:22,540
FROV00001,FrozenEngine,645,09/15/2020, 21:08:09,540
FROV00001,FrozenEngine,645,09/15/2020, 22:08:42,540
FROV00001,FrozenEngine,645,09/15/2020, 23:08:26,540
FROV00001,FrozenEngine,645,09/16/2020, 00:24:19,540
FROV00001,FrozenEngine,645,09/16/2020, 01:14:05,540
FROV00001,FrozenEngine,645,09/16/2020, 02:09:34,540
FROV00001,FrozenEngine,645,09/16/2020, 03:08:47,540
FROV00001,FrozenEngine,645,09/16/2020, 04:09:25,540
FROV00001,FrozenEngine,645,09/16/2020, 05:08:58,540
FROV00001,FrozenEngine,645,09/16/2020, 06:09:45,540
FROV00001,FrozenEngine,645,09/16/2020, 07:08:59,540
FROV00001,FrozenEngine,645,09/16/2020, 08:09:40,540
FROV00001,FrozenEngine,645,09/16/2020, 09:08:51,540
FROV00001,FrozenEngine,645,09/16/2020, 10:08:44,540
FROV00001,FrozenEngine,645,09/16/2020, 11:08:24,540
FROV00001,FrozenEngine,645,09/16/2020, 12:11:34,540
FROV00001,FrozenEngine,645,09/16/2020, 13:08:35,540
FROV00001,FrozenEngine,645,09/16/2020, 14:09:30,540
FROV00001,FrozenEngine,645,09/16/2020, 15:08:48,540
FROV00001,FrozenEngine,645,09/16/2020, 16:09:32,540
FROV00001,FrozenEngine,645,09/16/2020, 17:08:42,540
FROV00001,FrozenEngine,646,09/16/2020, 18:09:32,540
FROV00001,FrozenEngine,646,09/16/2020, 19:08:05,540
FROV00001,FrozenEngine,648,09/16/2020, 20:09:40,540
FROV00001,FrozenEngine,648,09/16/2020, 21:08:49,540
FROV00001,FrozenEngine,648,09/16/2020, 22:08:35,540
FROV00001,FrozenEngine,648,09/16/2020, 23:08:13,540
FROV00001,FrozenEngine,648,09/17/2020, 00:24:53,540
FROV00001,FrozenEngine,648,09/17/2020, 01:14:36,540
FROV00001,FrozenEngine,648,09/17/2020, 02:09:49,540
FROV00001,FrozenEngine,648,09/17/2020, 03:08:45,540
FROV00001,FrozenEngine,648,09/17/2020, 04:09:23,540
FROV00001,FrozenEngine,648,09/17/2020, 05:08:53,540
FROV00001,FrozenEngine,648,09/17/2020, 06:09:50,540
FROV00001,FrozenEngine,648,09/17/2020, 07:08:54,540
FROV00001,FrozenEngine,648,09/17/2020, 08:09:45,540
FROV00001,FrozenEngine,649,09/17/2020, 09:08:54,540
FROV00001,FrozenEngine,649,09/17/2020, 10:08:56,540
FROV00001,FrozenEngine,649,09/17/2020, 11:08:12,540
FROV00001,FrozenEngine,649,09/17/2020, 12:12:05,540
FROV00001,FrozenEngine,650,09/17/2020, 13:08:40,540
FROV00001,FrozenEngine,650,09/17/2020, 14:09:46,540
FROV00001,FrozenEngine,650,09/17/2020, 15:08:59,540
FROV00001,FrozenEngine,650,09/17/2020, 16:09:04,540
FROV00001,FrozenEngine,651,09/17/2020, 17:08:46,540
FROV00001,FrozenEngine,651,09/17/2020, 18:09:39,540
FROV00001,FrozenEngine,651,09/17/2020, 19:08:16,540
FROV00001,FrozenEngine,651,09/17/2020, 20:09:36,540
FROV00001,FrozenEngine,651,09/17/2020, 21:08:58,540
FROV00001,FrozenEngine,651,09/17/2020, 22:08:40,540
FROV00001,FrozenEngine,651,09/17/2020, 23:08:19,540
FROV00001,FrozenEngine,651,09/18/2020, 00:25:06,540
FROV00001,FrozenEngine,651,09/18/2020, 01:14:52,540
FROV00001,FrozenEngine,651,09/18/2020, 02:09:57,540
FROV00001,FrozenEngine,651,09/18/2020, 03:08:37,540
FROV00001,FrozenEngine,651,09/18/2020, 04:09:40,540
FROV00001,FrozenEngine,651,09/18/2020, 05:08:50,540
FROV00001,FrozenEngine,651,09/18/2020, 06:09:57,540
FROV00001,FrozenEngine,651,09/18/2020, 07:08:40,540
FROV00001,FrozenEngine,651,09/18/2020, 08:10:01,540
FROV00001,FrozenEngine,651,09/18/2020, 09:08:57,540
FROV00001,FrozenEngine,651,09/18/2020, 10:09:13,540
FROV00001,FrozenEngine,651,09/18/2020, 11:08:28,540
FROV00001,FrozenEngine,651,09/18/2020, 12:17:35,540
FROV00001,FrozenEngine,651,09/18/2020, 13:08:20,540
FROV00001,FrozenEngine,651,09/18/2020, 14:09:28,540
FROV00001,FrozenEngine,651,09/18/2020, 15:09:07,540
FROV00001,FrozenEngine,651,09/18/2020, 16:09:35,540
FROV00001,FrozenEngine,651,09/18/2020, 17:08:32,540
FROV00001,FrozenEngine,651,09/18/2020, 18:09:25,540
FROV00001,FrozenEngine,651,09/18/2020, 19:08:05,540
FROV00001,FrozenEngine,651,09/18/2020, 20:09:37,540
FROV00001,FrozenEngine,651,09/18/2020, 21:08:49,540
FROV00001,FrozenEngine,651,09/18/2020, 22:08:48,540
FROV00001,FrozenEngine,651,09/18/2020, 23:08:20,540
FROV00001,FrozenEngine,651,09/19/2020, 00:25:04,540
FROV00001,FrozenEngine,652,09/19/2020, 01:14:38,540
FROV00001,FrozenEngine,652,09/19/2020, 02:09:43,540
FROV00001,FrozenEngine,652,09/19/2020, 03:09:09,540
FROV00001,FrozenEngine,652,09/19/2020, 04:09:13,540
FROV00001,FrozenEngine,652,09/19/2020, 05:08:51,540
FROV00001,FrozenEngine,652,09/19/2020, 06:09:57,540
FROV00001,FrozenEngine,652,09/19/2020, 07:08:50,540
FROV00001,FrozenEngine,652,09/19/2020, 08:09:23,540
FROV00001,FrozenEngine,652,09/19/2020, 09:08:26,540
FROV00001,FrozenEngine,652,09/19/2020, 10:08:31,540
FROV00001,FrozenEngine,652,09/19/2020, 11:08:04,540
FROV00001,FrozenEngine,652,09/19/2020, 12:11:45,540
FROV00001,FrozenEngine,652,09/19/2020, 13:08:40,540
FROV00001,FrozenEngine,652,09/19/2020, 14:09:26,540
FROV00001,FrozenEngine,652,09/19/2020, 15:08:54,540
FROV00001,FrozenEngine,652,09/19/2020, 16:09:33,540
FROV00001,FrozenEngine,652,09/19/2020, 17:08:28,540
FROV00001,FrozenEngine,652,09/19/2020, 18:09:22,540
FROV00001,FrozenEngine,652,09/19/2020, 19:08:04,540
FROV00001,FrozenEngine,652,09/19/2020, 20:09:30,540
FROV00001,FrozenEngine,652,09/19/2020, 21:08:33,540
FROV00001,FrozenEngine,652,09/19/2020, 22:08:34,540
FROV00001,FrozenEngine,652,09/19/2020, 23:08:05,540
FROV00001,FrozenEngine,652,09/20/2020, 00:26:00,540
FROV00001,FrozenEngine,652,09/20/2020, 01:16:52,540
FROV00001,FrozenEngine,652,09/20/2020, 02:09:46,540
FROV00001,FrozenEngine,652,09/20/2020, 03:08:49,540
FROV00001,FrozenEngine,652,09/20/2020, 04:09:49,540
FROV00001,FrozenEngine,653,09/20/2020, 05:08:33,540
FROV00001,FrozenEngine,653,09/20/2020, 06:09:56,540
FROV00001,FrozenEngine,653,09/20/2020, 07:09:07,540
FROV00001,FrozenEngine,653,09/20/2020, 08:09:24,540
FROV00001,FrozenEngine,653,09/20/2020, 09:08:45,540
FROV00001,FrozenEngine,653,09/20/2020, 10:08:49,540
FROV00001,FrozenEngine,653,09/20/2020, 11:08:13,540
FROV00001,FrozenEngine,653,09/20/2020, 12:11:34,540
FROV00001,FrozenEngine,653,09/20/2020, 13:08:35,540
FROV00001,FrozenEngine,653,09/20/2020, 14:09:24,540
FROV00001,FrozenEngine,653,09/20/2020, 15:09:06,540
FROV00001,FrozenEngine,654,09/20/2020, 16:09:02,540
FROV00001,FrozenEngine,654,09/20/2020, 17:08:49,540
FROV00001,FrozenEngine,654,09/20/2020, 18:09:38,540
FROV00001,FrozenEngine,654,09/20/2020, 19:08:19,540
FROV00001,FrozenEngine,654,09/20/2020, 20:09:51,540
FROV00001,FrozenEngine,654,09/20/2020, 21:09:03,540
FROV00001,FrozenEngine,654,09/20/2020, 22:08:50,540
FROV00001,FrozenEngine,654,09/20/2020, 23:08:32,540
FROV00001,FrozenEngine,654,09/21/2020, 00:25:58,540
FROV00001,FrozenEngine,654,09/21/2020, 01:16:44,540
FROV00001,FrozenEngine,654,09/21/2020, 02:10:14,540
FROV00001,FrozenEngine,654,09/21/2020, 03:08:53,540
FROV00001,FrozenEngine,654,09/21/2020, 04:09:51,540
FROV00001,FrozenEngine,654,09/21/2020, 05:08:37,540
FROV00001,FrozenEngine,654,09/21/2020, 06:10:12,540
FROV00001,FrozenEngine,655,09/21/2020, 07:09:05,540
FROV00001,FrozenEngine,655,09/21/2020, 08:09:42,540
FROV00001,FrozenEngine,655,09/21/2020, 09:09:30,540
FROV00001,FrozenEngine,655,09/21/2020, 10:09:18,540
FROV00001,FrozenEngine,655,09/21/2020, 11:08:04,540
FROV00001,FrozenEngine,655,09/21/2020, 12:11:57,540
FROV00001,FrozenEngine,655,09/21/2020, 13:08:43,540
FROV00001,FrozenEngine,655,09/21/2020, 14:09:39,540
FROV00001,FrozenEngine,655,09/21/2020, 15:09:19,540
FROV00001,FrozenEngine,655,09/21/2020, 16:09:40,540
FROV00001,FrozenEngine,655,09/21/2020, 17:08:26,540
FROV00001,FrozenEngine,655,09/21/2020, 18:09:41,540
FROV00001,FrozenEngine,655,09/21/2020, 19:08:23,540
FROV00001,FrozenEngine,655,09/21/2020, 20:09:36,540
FROV00001,FrozenEngine,655,09/21/2020, 21:09:01,540
FROV00001,FrozenEngine,655,09/21/2020, 22:08:38,540
FROV00001,FrozenEngine,655,09/21/2020, 23:08:39,540
FROV00001,FrozenEngine,655,09/22/2020, 00:25:08,540
FROV00001,FrozenEngine,655,09/22/2020, 01:16:17,540
FROV00001,FrozenEngine,655,09/22/2020, 02:09:52,540
FROV00001,FrozenEngine,655,09/22/2020, 03:08:46,540
FROV00001,FrozenEngine,655,09/22/2020, 04:09:46,540
FROV00001,FrozenEngine,655,09/22/2020, 05:08:44,540
FROV00001,FrozenEngine,655,09/22/2020, 06:10:28,540
FROV00001,FrozenEngine,655,09/22/2020, 07:09:21,540
FROV00001,FrozenEngine,655,09/22/2020, 08:09:52,540
FROV00001,FrozenEngine,655,09/22/2020, 09:09:00,540
FROV00001,FrozenEngine,655,09/22/2020, 10:09:23,540
FROV00001,FrozenEngine,655,09/22/2020, 11:08:30,540
FROV00001,FrozenEngine,655,09/22/2020, 12:11:52,540
FROV00001,FrozenEngine,655,09/22/2020, 13:09:09,540
FROV00001,FrozenEngine,655,09/22/2020, 14:10:17,540
FROV00001,FrozenEngine,655,09/22/2020, 15:10:08,540
FROV00001,FrozenEngine,655,09/22/2020, 16:09:53,540
FROV00001,FrozenEngine,655,09/22/2020, 17:08:31,540
FROV00001,FrozenEngine,655,09/22/2020, 18:09:35,540
FROV00001,FrozenEngine,655,09/22/2020, 19:08:27,540
FROV00001,FrozenEngine,656,09/22/2020, 20:09:35,540
FROV00001,FrozenEngine,656,09/22/2020, 21:08:58,540
FROV00001,FrozenEngine,656,09/22/2020, 22:08:42,540
FROV00001,FrozenEngine,656,09/22/2020, 23:08:33,540
FROV00001,FrozenEngine,656,09/23/2020, 00:25:12,540
FROV00001,FrozenEngine,656,09/23/2020, 01:16:04,540
FROV00001,FrozenEngine,656,09/23/2020, 02:09:38,540
FROV00001,FrozenEngine,656,09/23/2020, 03:09:17,540
FROV00001,FrozenEngine,656,09/23/2020, 04:09:48,540
FROV00001,FrozenEngine,656,09/23/2020, 05:08:34,540
FROV00001,FrozenEngine,656,09/23/2020, 06:10:08,540
FROV00001,FrozenEngine,656,09/23/2020, 07:09:20,540
FROV00001,FrozenEngine,656,09/23/2020, 08:09:38,540
FROV00001,FrozenEngine,656,09/23/2020, 09:09:01,540
FROV00001,FrozenEngine,656,09/23/2020, 10:09:18,540
FROV00001,FrozenEngine,656,09/23/2020, 11:08:39,540
FROV00001,FrozenEngine,656,09/23/2020, 12:12:00,540
FROV00001,FrozenEngine,656,09/23/2020, 13:08:49,540
FROV00001,FrozenEngine,656,09/23/2020, 14:09:52,540
FROV00001,FrozenEngine,656,09/23/2020, 15:09:22,540
FROV00001,FrozenEngine,656,09/23/2020, 16:09:50,540
FROV00001,FrozenEngine,656,09/23/2020, 17:08:35,540
FROV00001,FrozenEngine,656,09/23/2020, 18:09:35,540
FROV00001,FrozenEngine,657,09/23/2020, 19:08:31,540
FROV00001,FrozenEngine,657,09/23/2020, 20:10:13,540
FROV00001,FrozenEngine,657,09/23/2020, 21:09:03,540
FROV00001,FrozenEngine,657,09/23/2020, 22:09:40,540
FROV00001,FrozenEngine,657,09/23/2020, 23:08:28,540
FROV00001,FrozenEngine,657,09/24/2020, 00:25:53,540
FROV00001,FrozenEngine,657,09/24/2020, 01:18:14,540
FROV00001,FrozenEngine,657,09/24/2020, 02:10:15,540
FROV00001,FrozenEngine,657,09/24/2020, 03:08:50,540
FROV00001,FrozenEngine,657,09/24/2020, 04:09:37,540
FROV00001,FrozenEngine,657,09/24/2020, 05:08:42,540
FROV00001,FrozenEngine,657,09/24/2020, 06:10:10,540
FROV00001,FrozenEngine,657,09/24/2020, 07:09:25,540
FROV00001,FrozenEngine,657,09/24/2020, 08:09:52,540
FROV00001,FrozenEngine,657,09/24/2020, 09:09:35,540
FROV00001,FrozenEngine,657,09/24/2020, 10:09:24,540
FROV00001,FrozenEngine,657,09/24/2020, 11:08:42,540
FROV00001,FrozenEngine,657,09/24/2020, 12:11:56,540
FROV00001,FrozenEngine,658,09/24/2020, 13:08:53,540
FROV00001,FrozenEngine,658,09/24/2020, 14:09:53,540
FROV00001,FrozenEngine,658,09/24/2020, 15:09:10,540
FROV00001,FrozenEngine,658,09/24/2020, 16:10:01,540
FROV00001,FrozenEngine,658,09/24/2020, 17:08:51,540
FROV00001,FrozenEngine,658,09/24/2020, 18:09:44,540
FROV00001,FrozenEngine,658,09/24/2020, 19:08:17,540
FROV00001,FrozenEngine,658,09/24/2020, 20:09:49,540
FROV00001,FrozenEngine,658,09/24/2020, 21:08:57,540
FROV00001,FrozenEngine,658,09/24/2020, 22:09:00,540
FROV00001,FrozenEngine,658,09/24/2020, 23:08:32,540
FROV00001,FrozenEngine,658,09/25/2020, 00:25:47,540
FROV00001,FrozenEngine,658,09/25/2020, 01:17:41,540
FROV00001,FrozenEngine,658,09/25/2020, 02:10:05,540
FROV00001,FrozenEngine,658,09/25/2020, 03:08:59,540
FROV00001,FrozenEngine,658,09/25/2020, 04:09:44,540
FROV00001,FrozenEngine,658,09/25/2020, 05:08:55,540
FROV00001,FrozenEngine,658,09/25/2020, 06:10:24,540
FROV00001,FrozenEngine,658,09/25/2020, 07:09:09,540
FROV00001,FrozenEngine,658,09/25/2020, 08:10:15,540
FROV00001,FrozenEngine,658,09/25/2020, 09:09:09,540
FROV00001,FrozenEngine,658,09/25/2020, 10:09:01,540
FROV00001,FrozenEngine,658,09/25/2020, 11:08:28,540
FROV00001,FrozenEngine,658,09/25/2020, 12:17:42,540
FROV00001,FrozenEngine,658,09/25/2020, 13:08:45,540
FROV00001,FrozenEngine,658,09/25/2020, 14:09:44,540
FROV00001,FrozenEngine,658,09/25/2020, 15:09:02,540
FROV00001,FrozenEngine,658,09/25/2020, 16:09:56,540
FROV00001,FrozenEngine,658,09/25/2020, 17:08:41,540
FROV00001,FrozenEngine,658,09/25/2020, 18:09:55,540
FROV00001,FrozenEngine,658,09/25/2020, 19:08:36,540
FROV00001,FrozenEngine,658,09/25/2020, 20:09:41,540
FROV00001,FrozenEngine,658,09/25/2020, 21:09:19,540
FROV00001,FrozenEngine,658,09/25/2020, 22:09:13,540
FROV00001,FrozenEngine,658,09/25/2020, 23:09:02,540
FROV00001,FrozenEngine,658,09/26/2020, 00:25:58,540
FROV00001,FrozenEngine,658,09/26/2020, 01:16:41,540
FROV00001,FrozenEngine,658,09/26/2020, 02:10:08,540
FROV00001,FrozenEngine,658,09/26/2020, 03:09:16,540
FROV00001,FrozenEngine,659,09/26/2020, 04:09:49,540
FROV00001,FrozenEngine,659,09/26/2020, 05:08:46,540
FROV00001,FrozenEngine,659,09/26/2020, 06:11:23,540
FROV00001,FrozenEngine,659,09/26/2020, 07:09:04,540
FROV00001,FrozenEngine,659,09/26/2020, 08:09:32,540
FROV00001,FrozenEngine,659,09/26/2020, 09:09:06,540
FROV00001,FrozenEngine,659,09/26/2020, 10:09:05,540
FROV00001,FrozenEngine,659,09/26/2020, 11:08:34,540
FROV00001,FrozenEngine,659,09/26/2020, 12:11:53,540
FROV00001,FrozenEngine,659,09/26/2020, 13:08:35,540
FROV00001,FrozenEngine,659,09/26/2020, 14:09:42,540
FROV00001,FrozenEngine,659,09/26/2020, 15:08:44,540
FROV00001,FrozenEngine,659,09/26/2020, 16:09:47,540
FROV00001,FrozenEngine,659,09/26/2020, 17:08:35,540
FROV00001,FrozenEngine,659,09/26/2020, 18:09:47,540
FROV00001,FrozenEngine,659,09/26/2020, 19:08:22,540
FROV00001,FrozenEngine,659,09/26/2020, 20:09:50,540
FROV00001,FrozenEngine,659,09/26/2020, 21:08:54,540
FROV00001,FrozenEngine,659,09/26/2020, 22:08:53,540
FROV00001,FrozenEngine,659,09/26/2020, 23:08:20,540
FROV00001,FrozenEngine,659,09/27/2020, 00:26:58,540
FROV00001,FrozenEngine,659,09/27/2020, 01:19:51,540
FROV00001,FrozenEngine,659,09/27/2020, 02:10:08,540
FROV00001,FrozenEngine,660,09/27/2020, 03:09:09,540
FROV00001,FrozenEngine,660,09/27/2020, 04:09:49,540
FROV00001,FrozenEngine,660,09/27/2020, 05:09:02,540
FROV00001,FrozenEngine,660,09/27/2020, 06:10:22,540
FROV00001,FrozenEngine,660,09/27/2020, 07:09:02,540
FROV00001,FrozenEngine,660,09/27/2020, 08:09:38,540
FROV00001,FrozenEngine,660,09/27/2020, 09:09:17,540
FROV00001,FrozenEngine,660,09/27/2020, 10:09:10,540
FROV00001,FrozenEngine,660,09/27/2020, 11:08:45,540
FROV00001,FrozenEngine,660,09/27/2020, 12:11:52,540
FROV00001,FrozenEngine,660,09/27/2020, 13:08:28,540
FROV00001,FrozenEngine,660,09/27/2020, 14:09:32,540
FROV00001,FrozenEngine,660,09/27/2020, 15:08:37,540
FROV00001,FrozenEngine,660,09/27/2020, 16:09:49,540
FROV00001,FrozenEngine,660,09/27/2020, 17:08:45,540
FROV00001,FrozenEngine,660,09/27/2020, 18:09:46,540
FROV00001,FrozenEngine,660,09/27/2020, 19:08:39,540
FROV00001,FrozenEngine,660,09/27/2020, 20:09:32,540
FROV00001,FrozenEngine,660,09/27/2020, 21:09:09,540
FROV00001,FrozenEngine,660,09/27/2020, 22:09:08,540
FROV00001,FrozenEngine,660,09/27/2020, 23:08:37,540
FROV00001,FrozenEngine,660,09/28/2020, 00:26:20,540
FROV00001,FrozenEngine,660,09/28/2020, 01:19:05,540
FROV00001,FrozenEngine,660,09/28/2020, 02:10:16,540
FROV00001,FrozenEngine,660,09/28/2020, 03:09:09,540
FROV00001,FrozenEngine,660,09/28/2020, 04:09:53,540
FROV00001,FrozenEngine,660,09/28/2020, 05:09:06,540
FROV00001,FrozenEngine,660,09/28/2020, 06:10:14,540
FROV00001,FrozenEngine,660,09/28/2020, 07:09:29,540
FROV00001,FrozenEngine,660,09/28/2020, 08:10:15,540
FROV00001,FrozenEngine,660,09/28/2020, 09:09:11,540
FROV00001,FrozenEngine,660,09/28/2020, 10:09:32,540
FROV00001,FrozenEngine,660,09/28/2020, 11:08:34,540
FROV00001,FrozenEngine,660,09/28/2020, 12:11:49,540
FROV00001,FrozenEngine,661,09/28/2020, 13:09:09,540
FROV00001,FrozenEngine,661,09/28/2020, 14:09:41,540
FROV00001,FrozenEngine,661,09/28/2020, 15:09:38,540
FROV00001,FrozenEngine,661,09/28/2020, 16:10:20,540
FROV00001,FrozenEngine,661,09/28/2020, 17:08:39,540
FROV00001,FrozenEngine,661,09/28/2020, 18:09:06,540
FROV00001,FrozenEngine,661,09/28/2020, 19:08:45,540
FROV00001,FrozenEngine,661,09/28/2020, 20:09:48,540
FROV00001,FrozenEngine,661,09/28/2020, 21:09:12,540
FROV00001,FrozenEngine,661,09/28/2020, 23:10:19,540
FROV00001,FrozenEngine,661,09/29/2020, 00:26:16,540
FROV00001,FrozenEngine,661,09/29/2020, 01:18:51,540
FROV00001,FrozenEngine,661,09/29/2020, 02:10:24,540
FROV00001,FrozenEngine,661,09/29/2020, 03:09:05,540
FROV00001,FrozenEngine,661,09/29/2020, 04:09:57,540
FROV00001,FrozenEngine,661,09/29/2020, 05:08:48,540
FROV00001,FrozenEngine,661,09/29/2020, 06:10:33,540
FROV00001,FrozenEngine,661,09/29/2020, 07:09:21,540
FROV00001,FrozenEngine,661,09/29/2020, 08:10:19,540
FROV00001,FrozenEngine,661,09/29/2020, 09:09:37,540
FROV00001,FrozenEngine,661,09/29/2020, 10:09:48,540
FROV00001,FrozenEngine,661,09/29/2020, 11:08:36,540
FROV00001,FrozenEngine,661,09/29/2020, 12:12:13,540
FROV00001,FrozenEngine,661,09/29/2020, 13:09:10,540
FROV00001,FrozenEngine,661,09/29/2020, 14:12:19,540
FROV00001,FrozenEngine,661,09/29/2020, 15:09:24,540
FROV00001,FrozenEngine,661,09/29/2020, 16:10:37,540
FROV00001,FrozenEngine,662,09/29/2020, 17:08:52,540
FROV00001,FrozenEngine,662,09/29/2020, 18:09:47,540
FROV00001,FrozenEngine,662,09/29/2020, 19:08:32,540
FROV00001,FrozenEngine,662,09/29/2020, 20:10:01,540
FROV00001,FrozenEngine,662,09/29/2020, 21:09:21,540
FROV00001,FrozenEngine,662,09/29/2020, 22:09:19,540
FROV00001,FrozenEngine,662,09/29/2020, 23:08:38,540
FROV00001,FrozenEngine,662,09/30/2020, 00:26:15,540
FROV00001,FrozenEngine,662,09/30/2020, 01:18:49,540
FROV00001,FrozenEngine,662,09/30/2020, 02:10:20,540
FROV00001,FrozenEngine,662,09/30/2020, 03:09:26,540
FROV00001,FrozenEngine,662,09/30/2020, 04:10:22,540
FROV00001,FrozenEngine,662,09/30/2020, 05:08:54,540
FROV00001,FrozenEngine,662,09/30/2020, 06:11:24,540
FROV00001,FrozenEngine,662,09/30/2020, 07:10:03,540
FROV00001,FrozenEngine,662,09/30/2020, 08:10:17,540
FROV00001,FrozenEngine,662,09/30/2020, 09:09:44,540
FROV00001,FrozenEngine,662,09/30/2020, 10:09:41,540
FROV00001,FrozenEngine,662,09/30/2020, 11:08:59,540
FROV00001,FrozenEngine,662,09/30/2020, 12:12:19,540
FROV00001,FrozenEngine,662,09/30/2020, 13:09:13,540
FROV00001,FrozenEngine,662,09/30/2020, 14:10:06,540
FROV00001,FrozenEngine,662,09/30/2020, 15:09:37,540
FROV00001,FrozenEngine,662,09/30/2020, 16:10:39,540
FROV00001,FrozenEngine,662,09/30/2020, 17:09:07,540
FROV00001,FrozenEngine,662,09/30/2020, 18:09:58,540
FROV00001,FrozenEngine,662,09/30/2020, 19:08:43,540
FROV00001,FrozenEngine,662,09/30/2020, 20:10:06,540
FROV00001,FrozenEngine,662,09/30/2020, 21:09:22,540
FROV00001,FrozenEngine,662,09/30/2020, 22:09:19,540
FROV00001,FrozenEngine,662,09/30/2020, 23:08:41,540
FROV00001,FrozenEngine,662,10/01/2020, 00:27:05,540
FROV00001,FrozenEngine,662,10/01/2020, 01:21:43,540
FROV00001,FrozenEngine,662,10/01/2020, 02:10:30,540
FROV00001,FrozenEngine,662,10/01/2020, 03:09:38,540
FROV00001,FrozenEngine,662,10/01/2020, 04:10:28,540
FROV00001,FrozenEngine,663,10/01/2020, 05:09:24,540
FROV00001,FrozenEngine,663,10/01/2020, 06:10:32,540
FROV00001,FrozenEngine,663,10/01/2020, 07:09:51,540
FROV00001,FrozenEngine,663,10/01/2020, 08:10:28,540
FROV00001,FrozenEngine,663,10/01/2020, 09:09:36,540
FROV00001,FrozenEngine,663,10/01/2020, 10:09:41,540
FROV00001,FrozenEngine,663,10/01/2020, 11:08:51,540
FROV00001,FrozenEngine,663,10/01/2020, 12:12:20,540
FROV00001,FrozenEngine,663,10/01/2020, 13:09:23,540
FROV00001,FrozenEngine,663,10/01/2020, 14:10:28,540
FROV00001,FrozenEngine,663,10/01/2020, 15:09:30,540
FROV00001,FrozenEngine,663,10/01/2020, 16:10:36,540
FROV00001,FrozenEngine,663,10/01/2020, 17:09:23,540
FROV00001,FrozenEngine,664,10/01/2020, 18:10:14,540
FROV00001,FrozenEngine,664,10/01/2020, 19:08:41,540
FROV00001,FrozenEngine,664,10/01/2020, 20:10:08,540
FROV00001,FrozenEngine,666,10/01/2020, 21:09:05,540
FROV00001,FrozenEngine,666,10/01/2020, 22:09:35,540
FROV00001,FrozenEngine,666,10/01/2020, 23:08:46,540
FROV00001,FrozenEngine,666,10/02/2020, 00:25:36,540
FROV00001,FrozenEngine,666,10/02/2020, 01:19:57,540
FROV00001,FrozenEngine,666,10/02/2020, 02:10:34,540
FROV00001,FrozenEngine,667,10/02/2020, 03:09:40,540
FROV00001,FrozenEngine,667,10/02/2020, 04:10:51,540
FROV00001,FrozenEngine,667,10/02/2020, 05:09:09,540
FROV00001,FrozenEngine,667,10/02/2020, 06:11:32,540
FROV00001,FrozenEngine,667,10/02/2020, 07:09:58,540
FROV00001,FrozenEngine,667,10/02/2020, 08:11:02,540
FROV00001,FrozenEngine,667,10/02/2020, 09:09:43,540
FROV00001,FrozenEngine,667,10/02/2020, 10:09:58,540
FROV00001,FrozenEngine,667,10/02/2020, 11:08:44,540
FROV00001,FrozenEngine,667,10/02/2020, 12:17:37,540
FROV00001,FrozenEngine,667,10/02/2020, 13:09:14,540
FROV00001,FrozenEngine,667,10/02/2020, 14:10:02,540
FROV00001,FrozenEngine,667,10/02/2020, 15:09:20,540
FROV00001,FrozenEngine,667,10/02/2020, 16:10:47,540
FROV00001,FrozenEngine,667,10/02/2020, 17:09:18,540
FROV00001,FrozenEngine,667,10/02/2020, 18:10:25,540
FROV00001,FrozenEngine,667,10/02/2020, 19:09:00,540
FROV00001,FrozenEngine,667,10/02/2020, 20:10:09,540
FROV00001,FrozenEngine,668,10/02/2020, 21:09:23,540
FROV00001,FrozenEngine,669,10/02/2020, 22:09:48,540
FROV00001,FrozenEngine,669,10/02/2020, 23:09:01,540
FROV00001,FrozenEngine,669,10/03/2020, 00:26:44,540
FROV00001,FrozenEngine,669,10/03/2020, 01:20:32,540
FROV00001,FrozenEngine,669,10/03/2020, 02:10:35,540
FROV00001,FrozenEngine,670,10/03/2020, 03:09:32,540
FROV00001,FrozenEngine,670,10/03/2020, 04:10:38,540
FROV00001,FrozenEngine,670,10/03/2020, 05:09:15,540
FROV00001,FrozenEngine,670,10/03/2020, 06:10:28,540
FROV00001,FrozenEngine,670,10/03/2020, 07:09:29,540
FROV00001,FrozenEngine,670,10/03/2020, 08:10:06,540
FROV00001,FrozenEngine,670,10/03/2020, 09:09:19,540
FROV00001,FrozenEngine,670,10/03/2020, 10:09:52,540
FROV00001,FrozenEngine,670,10/03/2020, 11:08:33,540
FROV00001,FrozenEngine,670,10/03/2020, 12:12:02,540
FROV00001,FrozenEngine,670,10/03/2020, 13:08:42,540
FROV00001,FrozenEngine,670,10/03/2020, 14:10:05,540
FROV00001,FrozenEngine,670,10/03/2020, 15:09:02,540
FROV00001,FrozenEngine,671,10/03/2020, 16:10:36,540
FROV00001,FrozenEngine,672,10/03/2020, 17:08:52,540
FROV00001,FrozenEngine,673,10/03/2020, 18:10:12,540
FROV00001,FrozenEngine,673,10/03/2020, 19:08:50,540
FROV00001,FrozenEngine,673,10/03/2020, 20:10:17,540
FROV00001,FrozenEngine,673,10/03/2020, 21:09:20,540
FROV00001,FrozenEngine,673,10/03/2020, 22:09:29,540
FROV00001,FrozenEngine,673,10/03/2020, 23:09:03,540
FROV00001,FrozenEngine,673,10/04/2020, 00:27:45,540
FROV00001,FrozenEngine,673,10/04/2020, 01:23:35,540
FROV00001,FrozenEngine,673,10/04/2020, 02:10:49,540
FROV00001,FrozenEngine,673,10/04/2020, 03:09:45,540
FROV00001,FrozenEngine,673,10/04/2020, 04:10:31,540
FROV00001,FrozenEngine,674,10/04/2020, 05:09:00,540
FROV00001,FrozenEngine,674,10/04/2020, 06:10:33,540
FROV00001,FrozenEngine,675,10/04/2020, 07:09:57,540
FROV00001,FrozenEngine,675,10/04/2020, 08:10:28,540
FROV00001,FrozenEngine,675,10/04/2020, 09:09:41,540
FROV00001,FrozenEngine,676,10/04/2020, 10:10:00,540
FROV00001,FrozenEngine,676,10/04/2020, 11:08:47,540
FROV00001,FrozenEngine,676,10/04/2020, 12:12:21,540
FROV00001,FrozenEngine,676,10/04/2020, 13:08:59,540
FROV00001,FrozenEngine,676,10/04/2020, 14:10:05,540
FROV00001,FrozenEngine,676,10/04/2020, 15:09:11,540
FROV00001,FrozenEngine,676,10/04/2020, 16:10:59,540
FROV00001,FrozenEngine,676,10/04/2020, 17:09:00,540
FROV00001,FrozenEngine,676,10/04/2020, 18:10:05,540
FROV00001,FrozenEngine,676,10/04/2020, 19:09:09,540
FROV00001,FrozenEngine,676,10/04/2020, 20:10:18,540
FROV00001,FrozenEngine,676,10/04/2020, 21:09:23,540
FROV00001,FrozenEngine,677,10/04/2020, 22:09:36,540
FROV00001,FrozenEngine,677,10/04/2020, 23:09:05,540
FROV00001,FrozenEngine,678,10/05/2020, 00:27:22,540
FROV00001,FrozenEngine,678,10/05/2020, 01:23:17,540
FROV00001,FrozenEngine,678,10/05/2020, 02:10:43,540
FROV00001,FrozenEngine,678,10/05/2020, 03:09:41,540
FROV00001,FrozenEngine,678,10/05/2020, 04:10:55,540
FROV00001,FrozenEngine,678,10/05/2020, 05:09:10,540
FROV00001,FrozenEngine,679,10/05/2020, 06:11:02,540
FROV00001,FrozenEngine,679,10/05/2020, 07:09:48,540
FROV00001,FrozenEngine,679,10/05/2020, 08:10:44,540
FROV00001,FrozenEngine,679,10/05/2020, 09:09:43,540
FROV00001,FrozenEngine,679,10/05/2020, 10:10:14,540
FROV00001,FrozenEngine,679,10/05/2020, 11:09:07,540
FROV00001,FrozenEngine,679,10/05/2020, 12:12:57,540
FROV00001,FrozenEngine,679,10/05/2020, 13:09:36,540
FROV00001,FrozenEngine,679,10/05/2020, 14:10:42,540
FROV00001,FrozenEngine,679,10/05/2020, 15:09:45,540
FROV00001,FrozenEngine,679,10/05/2020, 16:11:25,540
FROV00001,FrozenEngine,679,10/05/2020, 17:09:20,540
FROV00001,FrozenEngine,679,10/05/2020, 18:10:34,540
FROV00001,FrozenEngine,679,10/05/2020, 19:09:04,540
FROV00001,FrozenEngine,679,10/05/2020, 20:10:19,540
FROV00001,FrozenEngine,679,10/05/2020, 21:09:20,540
FROV00001,FrozenEngine,679,10/05/2020, 22:09:49,540
FROV00001,FrozenEngine,679,10/05/2020, 23:08:59,540
FROV00001,FrozenEngine,679,10/06/2020, 00:27:15,540
FROV00001,FrozenEngine,679,10/06/2020, 01:22:43,540
FROV00001,FrozenEngine,679,10/06/2020, 02:10:56,540
FROV00001,FrozenEngine,679,10/06/2020, 03:09:50,540
FROV00001,FrozenEngine,679,10/06/2020, 04:10:58,540
FROV00001,FrozenEngine,679,10/06/2020, 05:09:40,540
FROV00001,FrozenEngine,679,10/06/2020, 06:11:02,540
FROV00001,FrozenEngine,679,10/06/2020, 07:09:50,540
FROV00001,FrozenEngine,679,10/06/2020, 08:17:16,540
FROV00001,FrozenEngine,679,10/06/2020, 09:10:04,540
FROV00001,FrozenEngine,679,10/06/2020, 10:10:23,540
FROV00001,FrozenEngine,679,10/06/2020, 11:09:15,540
FROV00001,FrozenEngine,679,10/06/2020, 12:12:51,540
FROV00001,FrozenEngine,679,10/06/2020, 13:09:28,540
FROV00001,FrozenEngine,679,10/06/2020, 14:13:35,540
FROV00001,FrozenEngine,679,10/06/2020, 15:10:43,540
FROV00001,FrozenEngine,679,10/06/2020, 16:11:28,540
FROV00001,FrozenEngine,679,10/06/2020, 17:09:25,540
FROV00001,FrozenEngine,679,10/06/2020, 18:10:29,540
FROV00001,FrozenEngine,679,10/06/2020, 19:09:32,540
FROV00001,FrozenEngine,679,10/06/2020, 20:10:43,540
FROV00001,FrozenEngine,679,10/06/2020, 21:09:26,540
FROV00001,FrozenEngine,679,10/06/2020, 22:10:02,540
FROV00001,FrozenEngine,679,10/06/2020, 23:09:33,540
FROV00001,FrozenEngine,679,10/07/2020, 00:27:33,540
FROV00001,FrozenEngine,679,10/07/2020, 01:23:36,540
FROV00001,FrozenEngine,679,10/07/2020, 02:10:33,540
FROV00001,FrozenEngine,679,10/07/2020, 03:09:55,540
FROV00001,FrozenEngine,679,10/07/2020, 04:10:42,540
FROV00001,FrozenEngine,679,10/07/2020, 05:09:53,540
FROV00001,FrozenEngine,680,10/07/2020, 06:11:11,540
FROV00001,FrozenEngine,680,10/07/2020, 07:10:17,540
FROV00001,FrozenEngine,680,10/07/2020, 08:13:44,540
FROV00001,FrozenEngine,680,10/07/2020, 09:09:49,540
FROV00001,FrozenEngine,680,10/07/2020, 10:10:19,540
FROV00001,FrozenEngine,680,10/07/2020, 11:09:13,540
FROV00001,FrozenEngine,680,10/07/2020, 12:13:06,540
FROV00001,FrozenEngine,680,10/07/2020, 13:10:16,540
FROV00001,FrozenEngine,680,10/07/2020, 14:11:09,540
FROV00001,FrozenEngine,681,10/07/2020, 15:09:55,540
FROV00001,FrozenEngine,681,10/07/2020, 16:11:33,540
FROV00001,FrozenEngine,681,10/07/2020, 17:09:20,540
FROV00001,FrozenEngine,681,10/07/2020, 18:10:20,540
FROV00001,FrozenEngine,681,10/07/2020, 19:09:13,540
FROV00001,FrozenEngine,681,10/07/2020, 20:10:16,540
FROV00001,FrozenEngine,681,10/07/2020, 21:09:35,540
FROV00001,FrozenEngine,681,10/07/2020, 22:08:39,540
FROV00001,FrozenEngine,681,10/07/2020, 23:08:18,540
FROV00001,FrozenEngine,681,10/08/2020, 00:23:02,540
FROV00001,FrozenEngine,681,10/08/2020, 01:12:38,540
FROV00001,FrozenEngine,681,10/08/2020, 02:09:18,540
FROV00001,FrozenEngine,681,10/08/2020, 03:08:20,540
FROV00001,FrozenEngine,681,10/08/2020, 04:09:30,540
FROV00001,FrozenEngine,681,10/08/2020, 05:08:10,540
FROV00001,FrozenEngine,682,10/08/2020, 06:09:36,540
FROV00001,FrozenEngine,682,10/08/2020, 07:08:51,540
FROV00001,FrozenEngine,682,10/08/2020, 08:09:05,540
FROV00001,FrozenEngine,682,10/08/2020, 09:10:05,540
FROV00001,FrozenEngine,682,10/08/2020, 10:10:31,540
FROV00001,FrozenEngine,682,10/08/2020, 11:09:26,540
FROV00001,FrozenEngine,682,10/08/2020, 12:13:08,540
FROV00001,FrozenEngine,682,10/08/2020, 13:09:59,540
FROV00001,FrozenEngine,682,10/08/2020, 14:10:55,540
FROV00001,FrozenEngine,682,10/08/2020, 15:10:18,540
FROV00001,FrozenEngine,682,10/08/2020, 16:11:46,540
FROV00001,FrozenEngine,682,10/08/2020, 17:09:37,540
FROV00001,FrozenEngine,682,10/08/2020, 18:10:29,540
FROV00001,FrozenEngine,682,10/08/2020, 19:09:16,540
FROV00001,FrozenEngine,682,10/08/2020, 20:10:31,540
FROV00001,FrozenEngine,682,10/08/2020, 21:09:44,540
FROV00001,FrozenEngine,683,10/08/2020, 22:10:13,540
FROV00001,FrozenEngine,683,10/08/2020, 23:09:35,540
FROV00001,FrozenEngine,683,10/09/2020, 00:27:30,540
FROV00001,FrozenEngine,683,10/09/2020, 01:24:38,540
FROV00001,FrozenEngine,683,10/09/2020, 02:10:34,540
FROV00001,FrozenEngine,683,10/09/2020, 03:10:17,540
FROV00001,FrozenEngine,683,10/09/2020, 04:11:19,540
FROV00001,FrozenEngine,683,10/09/2020, 05:09:56,540
FROV00001,FrozenEngine,683,10/09/2020, 06:13:10,540
FROV00001,FrozenEngine,683,10/09/2020, 07:10:07,540
FROV00001,FrozenEngine,683,10/09/2020, 08:11:53,540
FROV00001,FrozenEngine,683,10/09/2020, 09:10:15,540
FROV00001,FrozenEngine,683,10/09/2020, 10:10:33,540
FROV00001,FrozenEngine,683,10/09/2020, 11:09:41,540
FROV00001,FrozenEngine,683,10/09/2020, 12:18:19,540
FROV00001,FrozenEngine,683,10/09/2020, 13:09:23,540
FROV00001,FrozenEngine,683,10/09/2020, 14:10:35,540
FROV00001,FrozenEngine,683,10/09/2020, 15:10:20,540
FROV00001,FrozenEngine,684,10/09/2020, 16:12:02,540
FROV00001,FrozenEngine,684,10/09/2020, 17:09:36,540
FROV00001,FrozenEngine,684,10/09/2020, 18:10:28,540
FROV00001,FrozenEngine,684,10/09/2020, 19:09:25,540
FROV00001,FrozenEngine,684,10/09/2020, 20:10:52,540
FROV00001,FrozenEngine,684,10/09/2020, 21:09:46,540
FROV00001,FrozenEngine,684,10/09/2020, 22:23:47,540
FROV00001,FrozenEngine,684,10/09/2020, 23:09:26,540
FROV00001,FrozenEngine,684,10/10/2020, 00:27:47,540
FROV00001,FrozenEngine,684,10/10/2020, 01:25:10,540
FROV00001,FrozenEngine,684,10/10/2020, 02:12:06,540
FROV00001,FrozenEngine,684,10/10/2020, 03:10:14,540
FROV00001,FrozenEngine,684,10/10/2020, 04:13:42,540
FROV00001,FrozenEngine,684,10/10/2020, 05:09:47,540
FROV00001,FrozenEngine,684,10/10/2020, 06:11:00,540
FROV00001,FrozenEngine,684,10/10/2020, 07:09:58,540
FROV00001,FrozenEngine,684,10/10/2020, 08:10:58,540
FROV00001,FrozenEngine,684,10/10/2020, 09:10:12,540
FROV00001,FrozenEngine,684,10/10/2020, 10:10:07,540
FROV00001,FrozenEngine,684,10/10/2020, 11:09:25,540
FROV00001,FrozenEngine,684,10/10/2020, 12:13:09,540
FROV00001,FrozenEngine,684,10/10/2020, 13:09:37,540
FROV00001,FrozenEngine,684,10/10/2020, 14:10:37,540
FROV00001,FrozenEngine,684,10/10/2020, 15:09:44,540
FROV00001,FrozenEngine,684,10/10/2020, 16:11:33,540
FROV00001,FrozenEngine,684,10/10/2020, 17:09:06,540
FROV00001,FrozenEngine,684,10/10/2020, 18:10:44,540
FROV00001,FrozenEngine,684,10/10/2020, 19:09:09,540
FROV00001,FrozenEngine,684,10/10/2020, 20:10:28,540
FROV00001,FrozenEngine,684,10/10/2020, 21:09:49,540
FROV00001,FrozenEngine,684,10/10/2020, 22:10:09,540
FROV00001,FrozenEngine,684,10/10/2020, 23:09:43,540
FROV00001,FrozenEngine,684,10/11/2020, 00:29:12,540
FROV00001,FrozenEngine,685,10/11/2020, 01:28:22,540
FROV00001,FrozenEngine,685,10/11/2020, 02:11:30,540
FROV00001,FrozenEngine,685,10/11/2020, 03:10:09,540
FROV00001,FrozenEngine,685,10/11/2020, 04:11:14,540
FROV00001,FrozenEngine,685,10/11/2020, 05:09:43,540
FROV00001,FrozenEngine,685,10/11/2020, 06:11:24,540
FROV00001,FrozenEngine,685,10/11/2020, 07:10:15,540
FROV00001,FrozenEngine,685,10/11/2020, 08:11:16,540
FROV00001,FrozenEngine,685,10/11/2020, 09:10:13,540
FROV00001,FrozenEngine,685,10/11/2020, 10:10:26,540
FROV00001,FrozenEngine,685,10/11/2020, 11:09:19,540
FROV00001,FrozenEngine,685,10/11/2020, 12:13:01,540
FROV00001,FrozenEngine,685,10/11/2020, 13:09:50,540
FROV00001,FrozenEngine,685,10/11/2020, 14:10:22,540
FROV00001,FrozenEngine,685,10/11/2020, 15:09:42,540
FROV00001,FrozenEngine,685,10/11/2020, 16:11:37,540
FROV00001,FrozenEngine,685,10/11/2020, 17:09:14,540
FROV00001,FrozenEngine,685,10/11/2020, 18:10:50,540
FROV00001,FrozenEngine,685,10/11/2020, 19:09:34,540
FROV00001,FrozenEngine,685,10/11/2020, 20:10:26,540
FROV00001,FrozenEngine,685,10/11/2020, 21:09:36,540
FROV00001,FrozenEngine,685,10/11/2020, 22:10:16,540
FROV00001,FrozenEngine,685,10/11/2020, 23:09:27,540
FROV00001,FrozenEngine,686,10/12/2020, 00:28:50,540
FROV00001,FrozenEngine,686,10/12/2020, 01:27:49,540
FROV00001,FrozenEngine,687,10/12/2020, 02:11:24,540
FROV00001,FrozenEngine,687,10/12/2020, 03:10:21,540
FROV00001,FrozenEngine,688,10/12/2020, 04:11:17,540
FROV00001,FrozenEngine,688,10/12/2020, 05:10:41,540
FROV00001,FrozenEngine,688,10/12/2020, 06:12:00,540
FROV00001,FrozenEngine,688,10/12/2020, 07:10:44,540
FROV00001,FrozenEngine,688,10/12/2020, 08:11:46,540
FROV00001,FrozenEngine,688,10/12/2020, 09:10:32,540
FROV00001,FrozenEngine,688,10/12/2020, 10:10:50,540
FROV00001,FrozenEngine,688,10/12/2020, 11:09:38,540
FROV00001,FrozenEngine,688,10/12/2020, 12:13:31,540
FROV00001,FrozenEngine,688,10/12/2020, 13:10:07,540
FROV00001,FrozenEngine,688,10/12/2020, 14:10:50,540
FROV00001,FrozenEngine,689,10/12/2020, 15:10:27,540
FROV00001,FrozenEngine,689,10/12/2020, 16:12:08,540
FROV00001,FrozenEngine,689,10/12/2020, 17:09:31,540
FROV00001,FrozenEngine,689,10/12/2020, 18:10:57,540
FROV00001,FrozenEngine,689,10/12/2020, 19:09:26,540
FROV00001,FrozenEngine,689,10/12/2020, 20:10:48,540
FROV00001,FrozenEngine,689,10/12/2020, 21:10:11,540
FROV00001,FrozenEngine,689,10/12/2020, 22:10:19,540
FROV00001,FrozenEngine,689,10/12/2020, 23:09:32,540
FROV00001,FrozenEngine,689,10/13/2020, 00:28:45,540
FROV00001,FrozenEngine,689,10/13/2020, 01:28:02,540
FROV00001,FrozenEngine,689,10/13/2020, 02:11:37,540
FROV00001,FrozenEngine,689,10/13/2020, 03:10:15,540
FROV00001,FrozenEngine,689,10/13/2020, 04:11:31,540
FROV00001,FrozenEngine,689,10/13/2020, 05:09:59,540
FROV00001,FrozenEngine,689,10/13/2020, 06:11:36,540
FROV00001,FrozenEngine,689,10/13/2020, 07:10:15,540
FROV00001,FrozenEngine,689,10/13/2020, 08:12:10,540
FROV00001,FrozenEngine,689,10/13/2020, 09:10:20,540
FROV00001,FrozenEngine,689,10/13/2020, 10:10:54,540
FROV00001,FrozenEngine,689,10/13/2020, 11:09:55,540
FROV00001,FrozenEngine,689,10/13/2020, 12:13:57,540
FROV00001,FrozenEngine,689,10/13/2020, 13:09:52,540
FROV00001,FrozenEngine,689,10/13/2020, 14:14:01,540
FROV00001,FrozenEngine,689,10/13/2020, 15:19:51,540
FROV00001,FrozenEngine,689,10/13/2020, 16:12:36,540
FROV00001,FrozenEngine,689,10/13/2020, 17:11:19,540
FROV00001,FrozenEngine,689,10/13/2020, 18:11:02,540
FROV00001,FrozenEngine,689,10/13/2020, 19:09:26,540
FROV00001,FrozenEngine,689,10/13/2020, 20:10:58,540
FROV00001,FrozenEngine,689,10/13/2020, 21:09:58,540
FROV00001,FrozenEngine,690,10/13/2020, 22:10:19,540
FROV00001,FrozenEngine,690,10/13/2020, 23:09:52,540
FROV00001,FrozenEngine,690,10/14/2020, 00:28:50,540
FROV00001,FrozenEngine,690,10/14/2020, 01:28:06,540
FROV00001,FrozenEngine,690,10/14/2020, 02:11:44,540
FROV00001,FrozenEngine,690,10/14/2020, 03:10:03,540
FROV00001,FrozenEngine,690,10/14/2020, 04:11:34,540
FROV00001,FrozenEngine,690,10/14/2020, 05:10:16,540
FROV00001,FrozenEngine,690,10/14/2020, 06:12:02,540
FROV00001,FrozenEngine,690,10/14/2020, 07:10:49,540
FROV00001,FrozenEngine,690,10/14/2020, 08:11:47,540
FROV00001,FrozenEngine,690,10/14/2020, 09:11:48,540
FROV00001,FrozenEngine,690,10/14/2020, 10:11:11,540
FROV00001,FrozenEngine,690,10/14/2020, 11:09:47,540
FROV00001,FrozenEngine,690,10/14/2020, 12:13:37,540
FROV00001,FrozenEngine,690,10/14/2020, 13:10:01,540
FROV00001,FrozenEngine,690,10/14/2020, 14:11:42,540
FROV00001,FrozenEngine,690,10/14/2020, 15:13:38,540
FROV00001,FrozenEngine,690,10/14/2020, 16:13:47,540
FROV00001,FrozenEngine,690,10/14/2020, 17:10:19,540
FROV00001,FrozenEngine,690,10/14/2020, 18:11:23,540
FROV00001,FrozenEngine,691,10/14/2020, 19:09:25,540
FROV00001,FrozenEngine,691,10/14/2020, 20:10:59,540
FROV00001,FrozenEngine,691,10/14/2020, 21:09:46,540
FROV00001,FrozenEngine,691,10/14/2020, 22:10:16,540
FROV00001,FrozenEngine,691,10/14/2020, 23:09:55,540
FROV00001,FrozenEngine,692,10/15/2020, 00:29:09,540
FROV00001,FrozenEngine,692,10/15/2020, 01:29:07,540
FROV00001,FrozenEngine,692,10/15/2020, 02:11:18,540
FROV00001,FrozenEngine,692,10/15/2020, 03:10:05,540
FROV00001,FrozenEngine,692,10/15/2020, 04:11:55,540
FROV00001,FrozenEngine,692,10/15/2020, 05:08:24,540
FROV00001,FrozenEngine,692,10/15/2020, 06:11:49,540
FROV00001,FrozenEngine,692,10/15/2020, 07:10:25,540
FROV00001,FrozenEngine,692,10/15/2020, 08:12:37,540
FROV00001,FrozenEngine,692,10/15/2020, 09:11:02,540
FROV00001,FrozenEngine,692,10/15/2020, 10:10:54,540
FROV00001,FrozenEngine,692,10/15/2020, 11:09:56,540
FROV00001,FrozenEngine,692,10/15/2020, 12:13:54,540
FROV00001,FrozenEngine,692,10/15/2020, 13:10:12,540
FROV00001,FrozenEngine,692,10/15/2020, 14:12:17,540
FROV00001,FrozenEngine,692,10/15/2020, 15:11:43,540
FROV00001,FrozenEngine,692,10/15/2020, 16:12:54,540
FROV00001,FrozenEngine,692,10/15/2020, 17:10:42,540
FROV00001,FrozenEngine,692,10/15/2020, 18:11:02,540
FROV00001,FrozenEngine,692,10/15/2020, 19:09:47,540
FROV00001,FrozenEngine,692,10/15/2020, 20:11:03,540
FROV00001,FrozenEngine,692,10/15/2020, 21:09:26,540
FROV00001,FrozenEngine,692,10/15/2020, 22:10:24,540
FROV00001,FrozenEngine,692,10/15/2020, 23:09:53,540
FROV00001,FrozenEngine,692,10/16/2020, 00:29:35,540
FROV00001,FrozenEngine,693,10/16/2020, 01:30:22,540
FROV00001,FrozenEngine,693,10/16/2020, 02:11:25,540
FROV00001,FrozenEngine,693,10/16/2020, 03:10:21,540
FROV00001,FrozenEngine,693,10/16/2020, 04:12:21,540
FROV00001,FrozenEngine,693,10/16/2020, 05:10:13,540
FROV00001,FrozenEngine,693,10/16/2020, 06:11:42,540
FROV00001,FrozenEngine,693,10/16/2020, 07:10:41,540
FROV00001,FrozenEngine,693,10/16/2020, 08:12:14,540
FROV00001,FrozenEngine,693,10/16/2020, 09:10:38,540
FROV00001,FrozenEngine,693,10/16/2020, 10:10:59,540
FROV00001,FrozenEngine,693,10/16/2020, 11:10:04,540
FROV00001,FrozenEngine,693,10/16/2020, 12:18:56,540
FROV00001,FrozenEngine,693,10/16/2020, 13:09:49,540
FROV00001,FrozenEngine,693,10/16/2020, 14:11:38,540
FROV00001,FrozenEngine,693,10/16/2020, 15:10:58,540
FROV00001,FrozenEngine,693,10/16/2020, 16:12:58,540
FROV00001,FrozenEngine,693,10/16/2020, 17:09:56,540
FROV00001,FrozenEngine,693,10/16/2020, 18:11:13,540
FROV00001,FrozenEngine,693,10/16/2020, 19:09:42,540
FROV00001,FrozenEngine,693,10/16/2020, 20:10:53,540
FROV00001,FrozenEngine,693,10/16/2020, 21:10:08,540
FROV00001,FrozenEngine,693,10/16/2020, 22:10:16,540
FROV00001,FrozenEngine,693,10/16/2020, 23:09:39,540
FROV00001,FrozenEngine,693,10/17/2020, 00:29:30,540
FROV00001,FrozenEngine,693,10/17/2020, 01:29:50,540
FROV00001,FrozenEngine,693,10/17/2020, 02:11:12,540
FROV00001,FrozenEngine,693,10/17/2020, 03:10:50,540
FROV00001,FrozenEngine,693,10/17/2020, 04:11:58,540
FROV00001,FrozenEngine,693,10/17/2020, 05:10:12,540
FROV00001,FrozenEngine,693,10/17/2020, 06:11:33,540
FROV00001,FrozenEngine,693,10/17/2020, 07:10:51,540
FROV00001,FrozenEngine,693,10/17/2020, 08:11:34,540
FROV00001,FrozenEngine,693,10/17/2020, 09:10:24,540
FROV00001,FrozenEngine,693,10/17/2020, 10:10:51,540
FROV00001,FrozenEngine,693,10/17/2020, 11:09:55,540
FROV00001,FrozenEngine,693,10/17/2020, 12:13:20,540
FROV00001,FrozenEngine,693,10/17/2020, 13:10:00,540
FROV00001,FrozenEngine,693,10/17/2020, 14:10:45,540
FROV00001,FrozenEngine,693,10/17/2020, 15:10:26,540
FROV00001,FrozenEngine,693,10/17/2020, 16:12:57,540
FROV00001,FrozenEngine,693,10/17/2020, 17:10:06,540
FROV00001,FrozenEngine,693,10/17/2020, 18:11:07,540
FROV00001,FrozenEngine,693,10/17/2020, 19:09:27,540
FROV00001,FrozenEngine,693,10/17/2020, 20:10:44,540
FROV00001,FrozenEngine,693,10/17/2020, 21:09:53,540
FROV00001,FrozenEngine,693,10/17/2020, 22:10:16,540
FROV00001,FrozenEngine,693,10/17/2020, 23:09:56,540
FROV00001,FrozenEngine,693,10/18/2020, 00:30:27,540
FROV00001,FrozenEngine,693,10/18/2020, 01:32:59,540
FROV00001,FrozenEngine,693,10/18/2020, 02:11:13,540
FROV00001,FrozenEngine,693,10/18/2020, 03:10:18,540
FROV00001,FrozenEngine,693,10/18/2020, 04:11:36,540
FROV00001,FrozenEngine,693,10/18/2020, 05:10:26,540
FROV00001,FrozenEngine,693,10/18/2020, 06:11:40,540
FROV00001,FrozenEngine,693,10/18/2020, 07:10:54,540
FROV00001,FrozenEngine,693,10/18/2020, 08:11:50,540
FROV00001,FrozenEngine,693,10/18/2020, 09:10:37,540
FROV00001,FrozenEngine,693,10/18/2020, 10:10:45,540
FROV00001,FrozenEngine,693,10/18/2020, 11:09:51,540
FROV00001,FrozenEngine,693,10/18/2020, 12:13:32,540
FROV00001,FrozenEngine,693,10/18/2020, 13:09:59,540
FROV00001,FrozenEngine,693,10/18/2020, 14:10:59,540
FROV00001,FrozenEngine,693,10/18/2020, 15:10:09,540
FROV00001,FrozenEngine,693,10/18/2020, 16:13:03,540
FROV00001,FrozenEngine,693,10/18/2020, 17:09:45,540
FROV00001,FrozenEngine,693,10/18/2020, 18:10:56,540
FROV00001,FrozenEngine,693,10/18/2020, 19:09:42,540
FROV00001,FrozenEngine,693,10/18/2020, 20:10:59,540
FROV00001,FrozenEngine,694,10/18/2020, 21:10:04,540
FROV00001,FrozenEngine,694,10/18/2020, 22:10:28,540
FROV00001,FrozenEngine,694,10/18/2020, 23:10:17,540
FROV00001,FrozenEngine,694,10/19/2020, 00:30:26,540
FROV00001,FrozenEngine,694,10/19/2020, 01:32:43,540
FROV00001,FrozenEngine,694,10/19/2020, 02:11:10,540
FROV00001,FrozenEngine,694,10/19/2020, 03:10:40,540
FROV00001,FrozenEngine,694,10/19/2020, 04:11:42,540
FROV00001,FrozenEngine,694,10/19/2020, 05:10:36,540
FROV00001,FrozenEngine,694,10/19/2020, 06:12:19,540
FROV00001,FrozenEngine,694,10/19/2020, 07:12:40,540
FROV00001,FrozenEngine,694,10/19/2020, 08:12:39,540
FROV00001,FrozenEngine,694,10/19/2020, 09:14:39,540
FROV00001,FrozenEngine,694,10/19/2020, 10:11:27,540
FROV00001,FrozenEngine,694,10/19/2020, 11:10:07,540
FROV00001,FrozenEngine,694,10/19/2020, 12:14:21,540
FROV00001,FrozenEngine,694,10/19/2020, 13:10:43,540
FROV00001,FrozenEngine,694,10/19/2020, 14:11:31,540
FROV00001,FrozenEngine,694,10/19/2020, 15:10:55,540
FROV00001,FrozenEngine,694,10/19/2020, 16:13:24,540
FROV00001,FrozenEngine,694,10/19/2020, 17:10:36,540
FROV00001,FrozenEngine,694,10/19/2020, 18:11:30,540
FROV00001,FrozenEngine,694,10/19/2020, 19:09:34,540
FROV00001,FrozenEngine,694,10/19/2020, 20:11:11,540
FROV00001,FrozenEngine,694,10/19/2020, 21:10:32,540
FROV00001,FrozenEngine,694,10/19/2020, 22:10:40,540
FROV00001,FrozenEngine,694,10/19/2020, 23:10:16,540
FROV00001,FrozenEngine,694,10/20/2020, 00:29:53,540
FROV00001,FrozenEngine,694,10/20/2020, 01:32:26,540
FROV00001,FrozenEngine,694,10/20/2020, 02:11:09,540
FROV00001,FrozenEngine,694,10/20/2020, 03:10:54,540
FROV00001,FrozenEngine,694,10/20/2020, 04:12:19,540
FROV00001,FrozenEngine,694,10/20/2020, 05:12:50,540
FROV00001,FrozenEngine,694,10/20/2020, 06:12:08,540
FROV00001,FrozenEngine,694,10/20/2020, 07:10:54,540
FROV00001,FrozenEngine,694,10/20/2020, 08:12:32,540
FROV00001,FrozenEngine,694,10/20/2020, 09:11:04,540
FROV00001,FrozenEngine,695,10/20/2020, 10:11:16,540
FROV00001,FrozenEngine,695,10/20/2020, 11:10:17,540
FROV00001,FrozenEngine,695,10/20/2020, 12:14:07,540
FROV00001,FrozenEngine,695,10/20/2020, 13:10:40,540
FROV00001,FrozenEngine,695,10/20/2020, 14:11:47,540
FROV00001,FrozenEngine,695,10/20/2020, 15:11:16,540
FROV00001,FrozenEngine,695,10/20/2020, 16:14:02,540
FROV00001,FrozenEngine,695,10/20/2020, 17:10:30,540
FROV00001,FrozenEngine,695,10/20/2020, 18:11:14,540
FROV00001,FrozenEngine,695,10/20/2020, 19:11:44,540
FROV00001,FrozenEngine,695,10/20/2020, 20:11:09,540
FROV00001,FrozenEngine,696,10/20/2020, 21:11:18,540
FROV00001,FrozenEngine,696,10/20/2020, 22:10:21,540
FROV00001,FrozenEngine,696,10/20/2020, 23:10:12,540
FROV00001,FrozenEngine,696,10/21/2020, 00:30:30,540
FROV00001,FrozenEngine,696,10/21/2020, 01:31:48,540
FROV00001,FrozenEngine,696,10/21/2020, 02:11:19,540
FROV00001,FrozenEngine,696,10/21/2020, 03:10:38,540
FROV00001,FrozenEngine,696,10/21/2020, 04:12:32,540
FROV00001,FrozenEngine,696,10/21/2020, 05:10:38,540
FROV00001,FrozenEngine,696,10/21/2020, 06:12:59,540
FROV00001,FrozenEngine,696,10/21/2020, 07:11:36,540
FROV00001,FrozenEngine,696,10/21/2020, 08:12:14,540
FROV00001,FrozenEngine,696,10/21/2020, 09:10:54,540
FROV00001,FrozenEngine,696,10/21/2020, 10:11:33,540
FROV00001,FrozenEngine,696,10/21/2020, 11:10:16,540
FROV00001,FrozenEngine,696,10/21/2020, 12:15:32,540
FROV00001,FrozenEngine,696,10/21/2020, 13:10:27,540
FROV00001,FrozenEngine,696,10/21/2020, 14:11:54,540
FROV00001,FrozenEngine,696,10/21/2020, 15:11:34,540
FROV00001,FrozenEngine,696,10/21/2020, 16:14:50,540
FROV00001,FrozenEngine,696,10/21/2020, 17:10:16,540
FROV00001,FrozenEngine,696,10/21/2020, 18:11:32,540
FROV00001,FrozenEngine,696,10/21/2020, 19:09:58,540
FROV00001,FrozenEngine,696,10/21/2020, 20:11:18,540
FROV00001,FrozenEngine,696,10/21/2020, 21:10:30,540
FROV00001,FrozenEngine,696,10/21/2020, 22:12:26,540
FROV00001,FrozenEngine,696,10/21/2020, 23:10:20,540
FROV00001,FrozenEngine,696,10/22/2020, 00:30:47,540
FROV00001,FrozenEngine,696,10/22/2020, 01:34:08,540
FROV00001,FrozenEngine,696,10/22/2020, 02:12:16,540
FROV00001,FrozenEngine,696,10/22/2020, 03:10:46,540
FROV00001,FrozenEngine,696,10/22/2020, 04:12:17,540
FROV00001,FrozenEngine,696,10/22/2020, 05:10:37,540
FROV00001,FrozenEngine,696,10/22/2020, 06:12:23,540
FROV00001,FrozenEngine,696,10/22/2020, 07:11:08,540
FROV00001,FrozenEngine,696,10/22/2020, 08:12:32,540
FROV00001,FrozenEngine,696,10/22/2020, 09:10:59,540
FROV00001,FrozenEngine,696,10/22/2020, 10:11:46,540
FROV00001,FrozenEngine,696,10/22/2020, 11:10:25,540
FROV00001,FrozenEngine,697,10/22/2020, 12:14:25,540
FROV00001,FrozenEngine,697,10/22/2020, 13:10:29,540
FROV00001,FrozenEngine,697,10/22/2020, 14:11:29,540
FROV00001,FrozenEngine,697,10/22/2020, 15:11:00,540
FROV00001,FrozenEngine,697,10/22/2020, 16:14:45,540
FROV00001,FrozenEngine,697,10/22/2020, 17:10:25,540
FROV00001,FrozenEngine,698,10/22/2020, 18:11:22,540
FROV00001,FrozenEngine,698,10/22/2020, 19:09:57,540
FROV00001,FrozenEngine,698,10/22/2020, 20:11:28,540
FROV00001,FrozenEngine,698,10/22/2020, 21:10:09,540
FROV00001,FrozenEngine,698,10/22/2020, 22:11:12,540
FROV00001,FrozenEngine,698,10/22/2020, 23:10:34,540
FROV00001,FrozenEngine,698,10/23/2020, 00:31:00,540
FROV00001,FrozenEngine,698,10/23/2020, 01:35:16,540
FROV00001,FrozenEngine,698,10/23/2020, 02:12:37,540
FROV00001,FrozenEngine,698,10/23/2020, 03:10:46,540
FROV00001,FrozenEngine,698,10/23/2020, 04:13:04,540
FROV00001,FrozenEngine,698,10/23/2020, 05:33:51,540
FROV00001,FrozenEngine,698,10/23/2020, 07:10:15,540
FROV00001,FrozenEngine,698,10/23/2020, 07:11:51,540
FROV00001,FrozenEngine,698,10/23/2020, 08:13:07,540
FROV00001,FrozenEngine,698,10/23/2020, 09:11:17,540
FROV00001,FrozenEngine,698,10/23/2020, 10:12:03,540
FROV00001,FrozenEngine,698,10/23/2020, 11:10:40,540
FROV00001,FrozenEngine,698,10/23/2020, 12:19:25,540
FROV00001,FrozenEngine,698,10/23/2020, 13:12:24,540
FROV00001,FrozenEngine,698,10/23/2020, 14:11:31,540
FROV00001,FrozenEngine,698,10/23/2020, 15:11:00,540
FROV00001,FrozenEngine,698,10/23/2020, 16:15:29,540
FROV00001,FrozenEngine,698,10/23/2020, 17:10:20,540
FROV00001,FrozenEngine,698,10/23/2020, 18:11:29,540
FROV00001,FrozenEngine,698,10/23/2020, 19:10:13,540
FROV00001,FrozenEngine,698,10/23/2020, 20:13:14,540
FROV00001,FrozenEngine,699,10/23/2020, 21:10:28,540
FROV00001,FrozenEngine,699,10/23/2020, 22:11:14,540
FROV00001,FrozenEngine,699,10/23/2020, 23:10:31,540
FROV00001,FrozenEngine,699,10/24/2020, 00:30:57,540
FROV00001,FrozenEngine,699,10/24/2020, 01:35:04,540
FROV00001,FrozenEngine,699,10/24/2020, 02:12:40,540
FROV00001,FrozenEngine,699,10/24/2020, 03:10:53,540
FROV00001,FrozenEngine,699,10/24/2020, 04:12:35,540
FROV00001,FrozenEngine,699,10/24/2020, 05:10:50,540
FROV00001,FrozenEngine,699,10/24/2020, 06:12:08,540
FROV00001,FrozenEngine,699,10/24/2020, 07:11:18,540
FROV00001,FrozenEngine,699,10/24/2020, 08:12:04,540
FROV00001,FrozenEngine,699,10/24/2020, 09:10:53,540
FROV00001,FrozenEngine,699,10/24/2020, 10:11:36,540
FROV00001,FrozenEngine,699,10/24/2020, 11:10:23,540
FROV00001,FrozenEngine,699,10/24/2020, 12:14:14,540
FROV00001,FrozenEngine,699,10/24/2020, 13:10:26,540
FROV00001,FrozenEngine,699,10/24/2020, 14:11:11,540
FROV00001,FrozenEngine,699,10/24/2020, 15:10:46,540
FROV00001,FrozenEngine,699,10/24/2020, 16:14:59,540
FROV00001,FrozenEngine,699,10/24/2020, 17:10:27,540
FROV00001,FrozenEngine,699,10/24/2020, 18:11:13,540
FROV00001,FrozenEngine,699,10/24/2020, 19:10:01,540
FROV00001,FrozenEngine,699,10/24/2020, 20:11:15,540
FROV00001,FrozenEngine,699,10/24/2020, 21:10:22,540
FROV00001,FrozenEngine,699,10/24/2020, 22:11:10,540
FROV00001,FrozenEngine,699,10/24/2020, 23:10:22,540
FROV00001,FrozenEngine,699,10/25/2020, 00:32:12,540
FROV00001,FrozenEngine,699,10/25/2020, 01:38:53,540
FROV00001,FrozenEngine,699,10/25/2020, 02:14:03,540
FROV00001,FrozenEngine,699,10/25/2020, 03:11:19,540
FROV00001,FrozenEngine,699,10/25/2020, 04:13:16,540
FROV00001,FrozenEngine,699,10/25/2020, 05:10:47,540
FROV00001,FrozenEngine,699,10/25/2020, 06:12:15,540
FROV00001,FrozenEngine,699,10/25/2020, 07:11:46,540
FROV00001,FrozenEngine,699,10/25/2020, 08:12:29,540
FROV00001,FrozenEngine,700,10/25/2020, 09:11:09,540
FROV00001,FrozenEngine,700,10/25/2020, 10:11:58,540
FROV00001,FrozenEngine,700,10/25/2020, 11:10:39,540
FROV00001,FrozenEngine,700,10/25/2020, 12:14:22,540
FROV00001,FrozenEngine,700,10/25/2020, 13:10:20,540
FROV00001,FrozenEngine,700,10/25/2020, 14:11:25,540
FROV00001,FrozenEngine,700,10/25/2020, 15:11:06,540
FROV00001,FrozenEngine,701,10/25/2020, 16:15:35,540
FROV00001,FrozenEngine,701,10/25/2020, 17:10:18,540
FROV00001,FrozenEngine,701,10/25/2020, 18:11:28,540
FROV00001,FrozenEngine,701,10/25/2020, 19:10:06,540
FROV00001,FrozenEngine,701,10/25/2020, 20:11:25,540
FROV00001,FrozenEngine,701,10/25/2020, 21:10:26,540
FROV00001,FrozenEngine,701,10/25/2020, 22:11:21,540
FROV00001,FrozenEngine,701,10/25/2020, 23:10:36,540
FROV00001,FrozenEngine,701,10/26/2020, 00:31:58,540
FROV00001,FrozenEngine,701,10/26/2020, 01:38:50,540
FROV00001,FrozenEngine,701,10/26/2020, 02:14:59,540
FROV00001,FrozenEngine,701,10/26/2020, 03:11:31,540
FROV00001,FrozenEngine,701,10/26/2020, 04:13:31,540
FROV00001,FrozenEngine,701,10/26/2020, 05:11:13,540
FROV00001,FrozenEngine,701,10/26/2020, 06:12:32,540
FROV00001,FrozenEngine,701,10/26/2020, 07:11:45,540
FROV00001,FrozenEngine,701,10/26/2020, 08:12:53,540
FROV00001,FrozenEngine,701,10/26/2020, 09:11:59,540
FROV00001,FrozenEngine,701,10/26/2020, 10:13:01,540
FROV00001,FrozenEngine,701,10/26/2020, 11:10:51,540
FROV00001,FrozenEngine,701,10/26/2020, 12:14:46,540
FROV00001,FrozenEngine,701,10/26/2020, 13:10:53,540
FROV00001,FrozenEngine,701,10/26/2020, 14:12:02,540
FROV00001,FrozenEngine,701,10/26/2020, 15:11:52,540
FROV00001,FrozenEngine,701,10/26/2020, 16:16:42,540
FROV00001,FrozenEngine,701,10/26/2020, 17:11:10,540
FROV00001,FrozenEngine,701,10/26/2020, 18:11:47,540
FROV00001,FrozenEngine,701,10/26/2020, 19:10:16,540
FROV00001,FrozenEngine,701,10/26/2020, 20:11:39,540
FROV00001,FrozenEngine,701,10/26/2020, 21:10:27,540
FROV00001,FrozenEngine,701,10/26/2020, 22:11:27,540
FROV00001,FrozenEngine,701,10/26/2020, 23:10:41,540
FROV00001,FrozenEngine,701,10/27/2020, 00:31:28,540
FROV00001,FrozenEngine,701,10/27/2020, 01:38:49,540
FROV00001,FrozenEngine,701,10/27/2020, 02:15:19,540
FROV00001,FrozenEngine,701,10/27/2020, 03:11:29,540
FROV00001,FrozenEngine,701,10/27/2020, 04:13:54,540
FROV00001,FrozenEngine,701,10/27/2020, 05:11:24,540
FROV00001,FrozenEngine,701,10/27/2020, 06:12:36,540
FROV00001,FrozenEngine,701,10/27/2020, 07:11:39,540
FROV00001,FrozenEngine,701,10/27/2020, 08:13:09,540
FROV00001,FrozenEngine,701,10/27/2020, 09:12:03,540
FROV00001,FrozenEngine,701,10/27/2020, 10:12:58,540
FROV00001,FrozenEngine,702,10/27/2020, 11:10:59,540
FROV00001,FrozenEngine,702,10/27/2020, 12:14:49,540
FROV00001,FrozenEngine,702,10/27/2020, 13:10:40,540
FROV00001,FrozenEngine,702,10/27/2020, 14:14:22,540
FROV00001,FrozenEngine,702,10/27/2020, 15:13:19,540
FROV00001,FrozenEngine,702,10/27/2020, 16:16:50,540
FROV00001,FrozenEngine,703,10/27/2020, 17:10:32,540
FROV00001,FrozenEngine,703,10/27/2020, 18:11:31,540
FROV00001,FrozenEngine,703,10/27/2020, 19:10:22,540
FROV00001,FrozenEngine,703,10/27/2020, 20:11:45,540
FROV00001,FrozenEngine,703,10/27/2020, 21:10:42,540
FROV00001,FrozenEngine,703,10/27/2020, 22:12:02,540
FROV00001,FrozenEngine,703,10/27/2020, 23:10:52,540
FROV00001,FrozenEngine,703,10/28/2020, 00:32:03,540
FROV00001,FrozenEngine,703,10/28/2020, 01:41:03,540
FROV00001,FrozenEngine,703,10/28/2020, 02:16:22,540
FROV00001,FrozenEngine,703,10/28/2020, 03:11:39,540
FROV00001,FrozenEngine,703,10/28/2020, 04:14:03,540
FROV00001,FrozenEngine,703,10/28/2020, 05:11:03,540
FROV00001,FrozenEngine,703,10/28/2020, 06:12:40,540
FROV00001,FrozenEngine,703,10/28/2020, 07:12:05,540
FROV00001,FrozenEngine,703,10/28/2020, 08:13:10,540
FROV00001,FrozenEngine,703,10/28/2020, 09:11:48,540
FROV00001,FrozenEngine,703,10/28/2020, 10:13:17,540
FROV00001,FrozenEngine,703,10/28/2020, 11:10:47,540
FROV00001,FrozenEngine,703,10/28/2020, 12:15:09,540
FROV00001,FrozenEngine,703,10/28/2020, 13:10:41,540
FROV00001,FrozenEngine,703,10/28/2020, 14:12:32,540
FROV00001,FrozenEngine,703,10/28/2020, 15:12:51,540
FROV00001,FrozenEngine,703,10/28/2020, 16:17:30,540
FROV00001,FrozenEngine,703,10/28/2020, 17:10:54,540
FROV00001,FrozenEngine,703,10/28/2020, 18:11:42,540
FROV00001,FrozenEngine,703,10/28/2020, 19:10:15,540
FROV00001,FrozenEngine,703,10/28/2020, 20:11:55,540
FROV00001,FrozenEngine,703,10/28/2020, 21:10:40,540
FROV00001,FrozenEngine,703,10/28/2020, 22:12:07,540
FROV00001,FrozenEngine,703,10/28/2020, 23:11:06,540
FROV00001,FrozenEngine,703,10/29/2020, 00:32:38,540
FROV00001,FrozenEngine,703,10/29/2020, 01:43:11,540
FROV00001,FrozenEngine,703,10/29/2020, 02:18:00,540
FROV00001,FrozenEngine,704,10/29/2020, 03:10:49,540
FROV00001,FrozenEngine,704,10/29/2020, 04:14:13,540
FROV00001,FrozenEngine,704,10/29/2020, 05:11:06,540
FROV00001,FrozenEngine,704,10/29/2020, 06:13:07,540
FROV00001,FrozenEngine,704,10/29/2020, 07:11:41,540
FROV00001,FrozenEngine,704,10/29/2020, 08:13:28,540
FROV00001,FrozenEngine,705,10/29/2020, 09:11:47,540
FROV00001,FrozenEngine,705,10/29/2020, 10:13:42,540
FROV00001,FrozenEngine,705,10/29/2020, 11:11:03,540
FROV00001,FrozenEngine,705,10/29/2020, 12:15:50,540
FROV00001,FrozenEngine,705,10/29/2020, 13:11:30,540
FROV00001,FrozenEngine,705,10/29/2020, 14:12:31,540
FROV00001,FrozenEngine,705,10/29/2020, 15:12:03,540
FROV00001,FrozenEngine,705,10/29/2020, 16:16:39,540
FROV00001,FrozenEngine,705,10/29/2020, 17:08:49,540
FROV00001,FrozenEngine,705,10/29/2020, 18:08:00,540
FROV00001,FrozenEngine,705,10/29/2020, 19:06:25,540
FROV00001,FrozenEngine,705,10/29/2020, 20:05:57,540
FROV00001,FrozenEngine,705,10/29/2020, 21:05:33,540
FROV00001,FrozenEngine,705,10/29/2020, 22:05:56,540
FROV00001,FrozenEngine,705,10/29/2020, 23:06:12,540
FROV00001,FrozenEngine,705,10/30/2020, 00:19:14,540
FROV00001,FrozenEngine,705,10/30/2020, 01:07:10,540
FROV00001,FrozenEngine,705,10/30/2020, 02:06:55,540
FROV00001,FrozenEngine,705,10/30/2020, 03:06:40,540
FROV00001,FrozenEngine,705,10/30/2020, 04:07:35,540
FROV00001,FrozenEngine,705,10/30/2020, 05:07:50,540
FROV00001,FrozenEngine,705,10/30/2020, 06:07:26,540
FROV00001,FrozenEngine,705,10/30/2020, 07:06:53,540
FROV00001,FrozenEngine,705,10/30/2020, 08:08:02,540
FROV00001,FrozenEngine,705,10/30/2020, 09:06:48,540
FROV00001,FrozenEngine,705,10/30/2020, 10:07:37,540
FROV00001,FrozenEngine,705,10/30/2020, 11:06:08,540
FROV00001,FrozenEngine,705,10/30/2020, 12:09:10,540
FROV00001,FrozenEngine,705,10/30/2020, 13:06:32,540
FROV00001,FrozenEngine,705,10/30/2020, 14:06:44,540
FROV00001,FrozenEngine,705,10/30/2020, 15:06:40,540
FROV00001,FrozenEngine,705,10/30/2020, 16:10:43,540
FROV00001,FrozenEngine,705,10/30/2020, 17:06:39,540
FROV00001,FrozenEngine,705,10/30/2020, 18:06:54,540
FROV00001,FrozenEngine,705,10/30/2020, 19:06:04,540
FROV00001,FrozenEngine,705,10/30/2020, 20:06:29,540
FROV00001,FrozenEngine,705,10/30/2020, 21:06:31,540
FROV00001,FrozenEngine,705,10/30/2020, 22:07:11,540
FROV00001,FrozenEngine,705,10/30/2020, 23:06:48,540
FROV00001,FrozenEngine,705,10/31/2020, 00:18:02,540
FROV00001,FrozenEngine,705,10/31/2020, 01:09:23,540
FROV00001,FrozenEngine,705,10/31/2020, 02:07:42,540
FROV00001,FrozenEngine,705,10/31/2020, 03:07:40,540
FROV00001,FrozenEngine,705,10/31/2020, 04:08:40,540
FROV00001,FrozenEngine,706,10/31/2020, 05:07:28,540
FROV00001,FrozenEngine,706,10/31/2020, 06:07:41,540
FROV00001,FrozenEngine,706,10/31/2020, 07:07:29,540
FROV00001,FrozenEngine,706,10/31/2020, 08:07:34,540
FROV00001,FrozenEngine,706,10/31/2020, 09:06:43,540
FROV00001,FrozenEngine,706,10/31/2020, 10:07:53,540
FROV00001,FrozenEngine,707,10/31/2020, 11:06:33,540
FROV00001,FrozenEngine,707,10/31/2020, 12:08:52,540
FROV00001,FrozenEngine,707,10/31/2020, 13:06:32,540
FROV00001,FrozenEngine,707,10/31/2020, 14:06:32,540
FROV00001,FrozenEngine,707,10/31/2020, 15:06:48,540
FROV00001,FrozenEngine,707,10/31/2020, 16:11:15,540
FROV00001,FrozenEngine,707,10/31/2020, 17:06:35,540
FROV00001,FrozenEngine,707,10/31/2020, 18:06:51,540
FROV00001,FrozenEngine,707,10/31/2020, 19:06:16,540
FROV00001,FrozenEngine,707,10/31/2020, 20:06:39,540
FROV00001,FrozenEngine,707,10/31/2020, 21:06:14,540
FROV00001,FrozenEngine,707,10/31/2020, 22:07:37,540
FROV00001,FrozenEngine,707,10/31/2020, 23:06:37,540
FROV00001,FrozenEngine,707,11/01/2020, 00:20:24,540
FROV00001,FrozenEngine,707,11/01/2020, 01:09:19,540
FROV00001,FrozenEngine,707,11/01/2020, 02:10:26,540
FROV00001,FrozenEngine,707,11/01/2020, 03:07:30,540
FROV00001,FrozenEngine,707,11/01/2020, 04:08:55,540
FROV00001,FrozenEngine,707,11/01/2020, 05:06:54,540
FROV00001,FrozenEngine,707,11/01/2020, 06:07:56,540
FROV00001,FrozenEngine,707,11/01/2020, 07:07:53,540
FROV00001,FrozenEngine,707,11/01/2020, 08:08:02,540
FROV00001,FrozenEngine,707,11/01/2020, 09:07:15,540
FROV00001,FrozenEngine,707,11/01/2020, 13:13:24,540
FROV00001,FrozenEngine,707,11/01/2020, 14:06:34,540
FROV00001,FrozenEngine,707,11/01/2020, 15:07:12,540
FROV00001,FrozenEngine,707,11/01/2020, 16:12:04,540
FROV00001,FrozenEngine,707,11/01/2020, 17:06:53,540
FROV00001,FrozenEngine,707,11/01/2020, 18:07:09,540
FROV00001,FrozenEngine,707,11/01/2020, 19:06:19,540
FROV00001,FrozenEngine,709,11/01/2020, 20:06:29,540
FROV00001,FrozenEngine,709,11/01/2020, 21:06:26,540
FROV00001,FrozenEngine,709,11/01/2020, 22:08:01,540
FROV00001,FrozenEngine,709,11/01/2020, 23:08:03,540
FROV00001,FrozenEngine,709,11/02/2020, 00:19:17,540
FROV00001,FrozenEngine,709,11/02/2020, 01:08:28,540
FROV00001,FrozenEngine,709,11/02/2020, 02:08:14,540
FROV00001,FrozenEngine,709,11/02/2020, 03:07:03,540
FROV00001,FrozenEngine,709,11/02/2020, 04:09:41,540
FROV00001,FrozenEngine,709,11/02/2020, 05:07:31,540
FROV00001,FrozenEngine,709,11/02/2020, 06:08:30,540
FROV00001,FrozenEngine,709,11/02/2020, 07:07:46,540
FROV00001,FrozenEngine,709,11/02/2020, 08:10:50,540
FROV00001,FrozenEngine,709,11/02/2020, 09:07:29,540
FROV00001,FrozenEngine,709,11/02/2020, 10:09:11,540
FROV00001,FrozenEngine,709,11/02/2020, 11:07:09,540
FROV00001,FrozenEngine,709,11/02/2020, 12:09:42,540
FROV00001,FrozenEngine,709,11/02/2020, 13:07:28,540
FROV00001,FrozenEngine,709,11/02/2020, 14:07:20,540
FROV00001,FrozenEngine,709,11/02/2020, 15:07:55,540
FROV00001,FrozenEngine,709,11/02/2020, 16:13:44,540
FROV00001,FrozenEngine,709,11/02/2020, 17:07:24,540
FROV00001,FrozenEngine,709,11/02/2020, 18:07:26,540
FROV00001,FrozenEngine,709,11/02/2020, 19:06:18,540
FROV00001,FrozenEngine,709,11/02/2020, 20:07:02,540
FROV00001,FrozenEngine,709,11/02/2020, 21:06:34,540
FROV00001,FrozenEngine,709,11/02/2020, 22:08:48,540
FROV00001,FrozenEngine,709,11/02/2020, 23:07:19,540
FROV00001,FrozenEngine,709,11/03/2020, 00:19:36,540
FROV00001,FrozenEngine,709,11/03/2020, 01:10:23,540
FROV00001,FrozenEngine,709,11/03/2020, 02:08:43,540
FROV00001,FrozenEngine,709,11/03/2020, 03:07:32,540
FROV00001,FrozenEngine,709,11/03/2020, 04:09:36,540
FROV00001,FrozenEngine,709,11/03/2020, 05:07:03,540
FROV00001,FrozenEngine,709,11/03/2020, 06:08:24,540
FROV00001,FrozenEngine,709,11/03/2020, 07:08:27,540
FROV00001,FrozenEngine,709,11/03/2020, 08:08:55,540
FROV00001,FrozenEngine,709,11/03/2020, 09:07:27,540
FROV00001,FrozenEngine,709,11/03/2020, 10:09:10,540
FROV00001,FrozenEngine,709,11/03/2020, 11:07:00,540
FROV00001,FrozenEngine,709,11/03/2020, 12:09:47,540
FROV00001,FrozenEngine,709,11/03/2020, 13:07:20,540
FROV00001,FrozenEngine,709,11/03/2020, 14:07:19,540
FROV00001,FrozenEngine,709,11/03/2020, 15:08:07,540
FROV00001,FrozenEngine,709,11/03/2020, 16:15:09,540
FROV00001,FrozenEngine,709,11/03/2020, 17:07:38,540
FROV00001,FrozenEngine,709,11/03/2020, 18:07:23,540
FROV00001,FrozenEngine,709,11/03/2020, 19:06:35,540
FROV00001,FrozenEngine,709,11/03/2020, 20:07:03,540
FROV00001,FrozenEngine,709,11/03/2020, 21:06:32,540
FROV00001,FrozenEngine,709,11/03/2020, 22:08:42,540
FROV00001,FrozenEngine,709,11/03/2020, 23:07:21,540
FROV00001,FrozenEngine,709,11/04/2020, 00:19:37,540
FROV00001,FrozenEngine,709,11/04/2020, 01:11:45,540
FROV00001,FrozenEngine,709,11/04/2020, 02:08:33,540
FROV00001,FrozenEngine,709,11/04/2020, 03:07:33,540
FROV00001,FrozenEngine,709,11/04/2020, 04:10:18,540
FROV00001,FrozenEngine,709,11/04/2020, 05:07:46,540
FROV00001,FrozenEngine,709,11/04/2020, 06:08:13,540
FROV00001,FrozenEngine,709,11/04/2020, 07:08:42,540
FROV00001,FrozenEngine,709,11/04/2020, 08:08:39,540
FROV00001,FrozenEngine,709,11/04/2020, 09:07:46,540
FROV00001,FrozenEngine,709,11/04/2020, 10:09:25,540
FROV00001,FrozenEngine,709,11/04/2020, 11:07:19,540
FROV00001,FrozenEngine,709,11/04/2020, 12:10:05,540
FROV00001,FrozenEngine,709,11/04/2020, 13:07:18,540
FROV00001,FrozenEngine,709,11/04/2020, 14:07:32,540
FROV00001,FrozenEngine,709,11/04/2020, 15:08:08,540
FROV00001,FrozenEngine,709,11/04/2020, 16:14:38,540
FROV00001,FrozenEngine,709,11/04/2020, 17:07:49,540
FROV00001,FrozenEngine,709,11/04/2020, 18:07:24,540
FROV00001,FrozenEngine,709,11/04/2020, 19:06:40,540
FROV00001,FrozenEngine,709,11/04/2020, 20:07:16,540
FROV00001,FrozenEngine,709,11/04/2020, 21:06:41,540
FROV00001,FrozenEngine,709,11/04/2020, 22:09:00,540
FROV00001,FrozenEngine,709,11/04/2020, 23:07:22,540
FROV00001,FrozenEngine,709,11/05/2020, 00:20:20,540
FROV00001,FrozenEngine,709,11/05/2020, 01:13:38,540
FROV00001,FrozenEngine,709,11/05/2020, 02:08:58,540
FROV00001,FrozenEngine,709,11/05/2020, 03:07:36,540
FROV00001,FrozenEngine,709,11/05/2020, 04:10:17,540
FROV00001,FrozenEngine,709,11/05/2020, 05:07:39,540
FROV00001,FrozenEngine,709,11/05/2020, 06:08:39,540
FROV00001,FrozenEngine,709,11/05/2020, 07:08:26,540
FROV00001,FrozenEngine,709,11/05/2020, 08:09:17,540
FROV00001,FrozenEngine,709,11/05/2020, 09:07:50,540
FROV00001,FrozenEngine,709,11/05/2020, 10:09:37,540
FROV00001,FrozenEngine,709,11/05/2020, 11:07:25,540
FROV00001,FrozenEngine,709,11/05/2020, 12:10:43,540
FROV00001,FrozenEngine,709,11/05/2020, 13:09:11,540
FROV00001,FrozenEngine,709,11/05/2020, 14:08:08,540
FROV00001,FrozenEngine,709,11/05/2020, 15:08:25,540
FROV00001,FrozenEngine,710,11/05/2020, 16:26:10,540
FROV00001,FrozenEngine,710,11/05/2020, 17:07:40,540
FROV00001,FrozenEngine,710,11/05/2020, 18:07:43,540
FROV00001,FrozenEngine,711,11/05/2020, 19:06:40,540
FROV00001,FrozenEngine,711,11/05/2020, 20:07:22,540
FROV00001,FrozenEngine,711,11/05/2020, 21:06:48,540
FROV00001,FrozenEngine,711,11/05/2020, 22:09:18,540
FROV00001,FrozenEngine,711,11/05/2020, 23:07:53,540
FROV00001,FrozenEngine,711,11/06/2020, 00:20:41,540
FROV00001,FrozenEngine,711,11/06/2020, 01:15:22,540
FROV00001,FrozenEngine,711,11/06/2020, 02:09:07,540
FROV00001,FrozenEngine,711,11/06/2020, 03:07:41,540
FROV00001,FrozenEngine,711,11/06/2020, 04:10:41,540
FROV00001,FrozenEngine,711,11/06/2020, 05:07:49,540
FROV00001,FrozenEngine,711,11/06/2020, 06:08:43,540
FROV00001,FrozenEngine,711,11/06/2020, 07:08:53,540
FROV00001,FrozenEngine,713,11/06/2020, 08:09:38,540
FROV00001,FrozenEngine,713,11/06/2020, 09:08:08,540
FROV00001,FrozenEngine,713,11/06/2020, 10:09:59,540
FROV00001,FrozenEngine,713,11/06/2020, 11:07:11,540
FROV00001,FrozenEngine,713,11/06/2020, 12:10:37,540
FROV00001,FrozenEngine,713,11/06/2020, 13:07:46,540
FROV00001,FrozenEngine,713,11/06/2020, 14:08:26,540
FROV00001,FrozenEngine,713,11/06/2020, 15:08:38,540
FROV00001,FrozenEngine,714,11/06/2020, 16:16:05,540
FROV00001,FrozenEngine,714,11/06/2020, 17:07:52,540
FROV00001,FrozenEngine,714,11/06/2020, 18:07:51,540
FROV00001,FrozenEngine,714,11/06/2020, 19:06:34,540
FROV00001,FrozenEngine,714,11/06/2020, 20:07:11,540
FROV00001,FrozenEngine,714,11/06/2020, 21:07:01,540
FROV00001,FrozenEngine,714,11/06/2020, 22:09:44,540
FROV00001,FrozenEngine,714,11/06/2020, 23:07:46,540
FROV00001,FrozenEngine,714,11/07/2020, 00:20:55,540
FROV00001,FrozenEngine,714,11/07/2020, 01:16:17,540
FROV00001,FrozenEngine,714,11/07/2020, 02:09:05,540
FROV00001,FrozenEngine,714,11/07/2020, 03:08:10,540
FROV00001,FrozenEngine,714,11/07/2020, 04:10:57,540
FROV00001,FrozenEngine,714,11/07/2020, 05:07:51,540
FROV00001,FrozenEngine,714,11/07/2020, 06:08:49,540
FROV00001,FrozenEngine,714,11/07/2020, 07:08:51,540
FROV00001,FrozenEngine,714,11/07/2020, 08:09:15,540
FROV00001,FrozenEngine,714,11/07/2020, 09:08:10,540
FROV00001,FrozenEngine,715,11/07/2020, 10:09:46,540
FROV00001,FrozenEngine,715,11/07/2020, 11:07:34,540
FROV00001,FrozenEngine,715,11/07/2020, 12:10:28,540
FROV00001,FrozenEngine,715,11/07/2020, 13:07:28,540
FROV00001,FrozenEngine,715,11/07/2020, 14:07:52,540
FROV00001,FrozenEngine,715,11/07/2020, 15:08:21,540
FROV00001,FrozenEngine,715,11/07/2020, 16:15:42,540
FROV00001,FrozenEngine,715,11/07/2020, 17:07:30,540
FROV00001,FrozenEngine,715,11/07/2020, 18:07:46,540
FROV00001,FrozenEngine,715,11/07/2020, 19:06:47,540
FROV00001,FrozenEngine,716,11/07/2020, 20:07:16,540
FROV00001,FrozenEngine,716,11/07/2020, 21:06:55,540
FROV00001,FrozenEngine,716,11/07/2020, 22:09:28,540
FROV00001,FrozenEngine,716,11/07/2020, 23:07:50,540
FROV00001,FrozenEngine,716,11/08/2020, 00:22:12,540
FROV00001,FrozenEngine,716,11/08/2020, 01:18:44,540
FROV00001,FrozenEngine,716,11/08/2020, 02:09:43,540
FROV00001,FrozenEngine,716,11/08/2020, 03:08:12,540
FROV00001,FrozenEngine,716,11/08/2020, 04:11:09,540
FROV00001,FrozenEngine,716,11/08/2020, 05:08:19,540
FROV00001,FrozenEngine,716,11/08/2020, 06:09:14,540
FROV00001,FrozenEngine,716,11/08/2020, 07:08:53,540
FROV00001,FrozenEngine,716,11/08/2020, 08:09:36,540
FROV00001,FrozenEngine,716,11/08/2020, 09:08:03,540
FROV00001,FrozenEngine,716,11/08/2020, 10:09:57,540
FROV00001,FrozenEngine,716,11/08/2020, 11:07:32,540
FROV00001,FrozenEngine,716,11/08/2020, 12:10:35,540
FROV00001,FrozenEngine,716,11/08/2020, 13:07:29,540
FROV00001,FrozenEngine,716,11/08/2020, 14:08:28,540
FROV00001,FrozenEngine,716,11/08/2020, 15:08:32,540
FROV00001,FrozenEngine,716,11/08/2020, 16:16:10,540
FROV00001,FrozenEngine,716,11/08/2020, 17:07:40,540
FROV00001,FrozenEngine,716,11/08/2020, 18:07:33,540
FROV00001,FrozenEngine,716,11/08/2020, 19:06:38,540
FROV00001,FrozenEngine,716,11/08/2020, 20:07:24,540
FROV00001,FrozenEngine,716,11/08/2020, 21:06:49,540
FROV00001,FrozenEngine,716,11/08/2020, 22:09:45,540
FROV00001,FrozenEngine,716,11/08/2020, 23:07:55,540
FROV00001,FrozenEngine,716,11/09/2020, 00:22:10,540
FROV00001,FrozenEngine,716,11/09/2020, 01:18:44,540
FROV00001,FrozenEngine,716,11/09/2020, 02:10:02,540
FROV00001,FrozenEngine,716,11/09/2020, 03:08:16,540
FROV00001,FrozenEngine,716,11/09/2020, 04:11:40,540
FROV00001,FrozenEngine,716,11/09/2020, 05:08:25,540
FROV00001,FrozenEngine,716,11/09/2020, 06:09:27,540
FROV00001,FrozenEngine,716,11/09/2020, 07:09:16,540
FROV00001,FrozenEngine,717,11/09/2020, 08:10:03,540
FROV00001,FrozenEngine,717,11/09/2020, 09:08:29,540
FROV00001,FrozenEngine,717,11/09/2020, 10:10:40,540
FROV00001,FrozenEngine,717,11/09/2020, 11:07:57,540
FROV00001,FrozenEngine,717,11/09/2020, 12:11:12,540
FROV00001,FrozenEngine,717,11/09/2020, 13:08:14,540
FROV00001,FrozenEngine,717,11/09/2020, 14:09:13,540
FROV00001,FrozenEngine,717,11/09/2020, 15:10:03,540
FROV00001,FrozenEngine,717,11/09/2020, 16:18:35,540
FROV00001,FrozenEngine,717,11/09/2020, 17:08:28,540
FROV00001,FrozenEngine,717,11/09/2020, 18:08:17,540
FROV00001,FrozenEngine,717,11/09/2020, 19:06:59,540
FROV00001,FrozenEngine,717,11/09/2020, 20:07:36,540
FROV00001,FrozenEngine,717,11/09/2020, 21:07:28,540
FROV00001,FrozenEngine,717,11/09/2020, 22:10:19,540
FROV00001,FrozenEngine,717,11/09/2020, 23:08:21,540
FROV00001,FrozenEngine,717,11/10/2020, 00:22:00,540
FROV00001,FrozenEngine,717,11/10/2020, 01:20:41,540
FROV00001,FrozenEngine,717,11/10/2020, 02:10:07,540
FROV00001,FrozenEngine,717,11/10/2020, 03:08:31,540
FROV00001,FrozenEngine,717,11/10/2020, 04:07:51,540
FROV00001,FrozenEngine,717,11/10/2020, 05:06:42,540
FROV00001,FrozenEngine,717,11/10/2020, 06:07:59,540
FROV00001,FrozenEngine,717,11/10/2020, 07:06:54,540
FROV00001,FrozenEngine,717,11/10/2020, 08:07:54,540
FROV00001,FrozenEngine,717,11/10/2020, 09:06:55,540
FROV00001,FrozenEngine,717,11/10/2020, 10:08:15,540
FROV00001,FrozenEngine,717,11/10/2020, 11:06:42,540
FROV00001,FrozenEngine,717,11/10/2020, 12:09:36,540
FROV00001,FrozenEngine,718,11/10/2020, 13:06:54,540
FROV00001,FrozenEngine,718,11/10/2020, 14:08:12,540
FROV00001,FrozenEngine,718,11/10/2020, 15:07:31,540
FROV00001,FrozenEngine,718,11/10/2020, 16:11:31,540
FROV00001,FrozenEngine,718,11/10/2020, 17:07:16,540
FROV00001,FrozenEngine,718,11/10/2020, 18:07:27,540
FROV00001,FrozenEngine,718,11/10/2020, 19:06:11,540
FROV00001,FrozenEngine,718,11/10/2020, 20:07:07,540
FROV00001,FrozenEngine,718,11/10/2020, 21:06:38,540
FROV00001,FrozenEngine,718,11/10/2020, 22:08:27,540
FROV00001,FrozenEngine,718,11/10/2020, 23:06:54,540
FROV00001,FrozenEngine,718,11/11/2020, 00:16:26,540
FROV00001,FrozenEngine,718,11/11/2020, 01:08:23,540
FROV00001,FrozenEngine,718,11/11/2020, 02:08:06,540
FROV00001,FrozenEngine,718,11/11/2020, 03:07:09,540
FROV00001,FrozenEngine,718,11/11/2020, 04:08:35,540
FROV00001,FrozenEngine,718,11/11/2020, 05:07:05,540
FROV00001,FrozenEngine,718,11/11/2020, 06:08:08,540
FROV00001,FrozenEngine,718,11/11/2020, 07:07:52,540
FROV00001,FrozenEngine,718,11/11/2020, 08:08:22,540
FROV00001,FrozenEngine,718,11/11/2020, 09:07:29,540
FROV00001,FrozenEngine,718,11/11/2020, 10:08:18,540
FROV00001,FrozenEngine,718,11/11/2020, 11:07:01,540
FROV00001,FrozenEngine,718,11/11/2020, 12:09:38,540
FROV00001,FrozenEngine,718,11/11/2020, 13:06:56,540
FROV00001,FrozenEngine,718,11/11/2020, 14:08:13,540
FROV00001,FrozenEngine,718,11/11/2020, 15:07:45,540
FROV00001,FrozenEngine,718,11/11/2020, 16:11:44,540
FROV00001,FrozenEngine,718,11/11/2020, 17:06:51,540
FROV00001,FrozenEngine,718,11/11/2020, 18:07:41,540
FROV00001,FrozenEngine,718,11/11/2020, 19:06:40,540
FROV00001,FrozenEngine,718,11/11/2020, 20:07:19,540
FROV00001,FrozenEngine,718,11/11/2020, 21:06:46,540
FROV00001,FrozenEngine,718,11/11/2020, 22:08:34,540
FROV00001,FrozenEngine,718,11/11/2020, 23:07:17,540
FROV00001,FrozenEngine,718,11/12/2020, 00:19:39,540
FROV00001,FrozenEngine,718,11/12/2020, 01:09:19,540
FROV00001,FrozenEngine,718,11/12/2020, 02:08:32,540
FROV00001,FrozenEngine,718,11/12/2020, 03:07:19,540
FROV00001,FrozenEngine,718,11/12/2020, 04:08:52,540
FROV00001,FrozenEngine,721,11/12/2020, 05:07:21,540
FROV00001,FrozenEngine,721,11/12/2020, 06:08:35,540
FROV00001,FrozenEngine,721,11/12/2020, 07:07:41,540
FROV00001,FrozenEngine,721,11/12/2020, 08:09:00,540
FROV00001,FrozenEngine,721,11/12/2020, 09:07:47,540
FROV00001,FrozenEngine,721,11/12/2020, 10:08:39,540
FROV00001,FrozenEngine,721,11/12/2020, 11:07:07,540
FROV00001,FrozenEngine,721,11/12/2020, 12:09:54,540
FROV00001,FrozenEngine,721,11/12/2020, 13:07:13,540
FROV00001,FrozenEngine,721,11/12/2020, 14:08:35,540
FROV00001,FrozenEngine,721,11/12/2020, 15:08:20,540
FROV00001,FrozenEngine,721,11/12/2020, 16:13:18,540
FROV00001,FrozenEngine,721,11/12/2020, 17:07:41,540
FROV00001,FrozenEngine,721,11/12/2020, 18:07:57,540
FROV00001,FrozenEngine,721,11/12/2020, 19:06:51,540
FROV00001,FrozenEngine,721,11/12/2020, 20:07:13,540
FROV00001,FrozenEngine,721,11/12/2020, 21:06:49,540
FROV00001,FrozenEngine,721,11/12/2020, 22:08:41,540
FROV00001,FrozenEngine,721,11/12/2020, 23:07:20,540
FROV00001,FrozenEngine,721,11/13/2020, 00:19:03,540
FROV00001,FrozenEngine,721,11/13/2020, 01:11:30,540
FROV00001,FrozenEngine,721,11/13/2020, 02:08:52,540
FROV00001,FrozenEngine,721,11/13/2020, 03:07:49,540
FROV00001,FrozenEngine,721,11/13/2020, 04:09:39,540
FROV00001,FrozenEngine,721,11/13/2020, 05:07:26,540
FROV00001,FrozenEngine,721,11/13/2020, 06:08:54,540
FROV00001,FrozenEngine,721,11/13/2020, 07:07:45,540
FROV00001,FrozenEngine,721,11/13/2020, 08:08:44,540
FROV00001,FrozenEngine,721,11/13/2020, 09:08:02,540
FROV00001,FrozenEngine,721,11/13/2020, 10:08:19,540
FROV00001,FrozenEngine,721,11/13/2020, 11:07:19,540
FROV00001,FrozenEngine,721,11/13/2020, 12:09:59,540
FROV00001,FrozenEngine,721,11/13/2020, 13:07:18,540
FROV00001,FrozenEngine,721,11/13/2020, 14:08:21,540
FROV00001,FrozenEngine,721,11/13/2020, 15:08:21,540
FROV00001,FrozenEngine,722,11/13/2020, 16:11:36,540
FROV00001,FrozenEngine,722,11/13/2020, 17:07:36,540
FROV00001,FrozenEngine,723,11/13/2020, 18:07:56,540
FROV00001,FrozenEngine,723,11/13/2020, 19:06:47,540
FROV00001,FrozenEngine,723,11/13/2020, 20:07:34,540
FROV00001,FrozenEngine,723,11/13/2020, 21:06:42,540
FROV00001,FrozenEngine,723,11/13/2020, 22:08:55,540
FROV00001,FrozenEngine,723,11/13/2020, 23:07:27,540
FROV00001,FrozenEngine,723,11/14/2020, 00:20:07,540
FROV00001,FrozenEngine,723,11/14/2020, 01:12:17,540
FROV00001,FrozenEngine,723,11/14/2020, 02:11:50,540
FROV00001,FrozenEngine,723,11/14/2020, 03:07:50,540
FROV00001,FrozenEngine,723,11/14/2020, 04:08:43,540
FROV00001,FrozenEngine,723,11/14/2020, 05:07:16,540
FROV00001,FrozenEngine,723,11/14/2020, 06:08:33,540
FROV00001,FrozenEngine,723,11/14/2020, 07:07:28,540
FROV00001,FrozenEngine,723,11/14/2020, 08:08:46,540
FROV00001,FrozenEngine,723,11/14/2020, 09:07:55,540
FROV00001,FrozenEngine,723,11/14/2020, 10:08:16,540
FROV00001,FrozenEngine,723,11/14/2020, 11:07:23,540
FROV00001,FrozenEngine,723,11/14/2020, 12:09:10,540
FROV00001,FrozenEngine,723,11/14/2020, 13:07:04,540
FROV00001,FrozenEngine,723,11/14/2020, 14:07:54,540
FROV00001,FrozenEngine,723,11/14/2020, 15:07:52,540
FROV00001,FrozenEngine,723,11/14/2020, 16:10:59,540
FROV00001,FrozenEngine,723,11/14/2020, 17:06:52,540
FROV00001,FrozenEngine,723,11/14/2020, 18:07:34,540
FROV00001,FrozenEngine,723,11/14/2020, 19:06:42,540
FROV00001,FrozenEngine,723,11/14/2020, 20:07:15,540
FROV00001,FrozenEngine,723,11/14/2020, 21:06:49,540
FROV00001,FrozenEngine,723,11/14/2020, 22:08:19,540
FROV00001,FrozenEngine,723,11/14/2020, 23:07:25,540
FROV00001,FrozenEngine,723,11/15/2020, 00:21:21,540
FROV00001,FrozenEngine,723,11/15/2020, 01:16:27,540
FROV00001,FrozenEngine,723,11/15/2020, 02:09:01,540
FROV00001,FrozenEngine,724,11/15/2020, 03:07:42,540
FROV00001,FrozenEngine,724,11/15/2020, 04:08:56,540
FROV00001,FrozenEngine,724,11/15/2020, 05:07:28,540
FROV00001,FrozenEngine,724,11/15/2020, 06:08:55,540
FROV00001,FrozenEngine,724,11/15/2020, 07:07:48,540
FROV00001,FrozenEngine,724,11/15/2020, 08:08:41,540
FROV00001,FrozenEngine,724,11/15/2020, 09:07:34,540
FROV00001,FrozenEngine,724,11/15/2020, 10:08:02,540
FROV00001,FrozenEngine,725,11/15/2020, 11:07:32,540
FROV00001,FrozenEngine,725,11/15/2020, 12:09:51,540
FROV00001,FrozenEngine,725,11/15/2020, 13:06:49,540
FROV00001,FrozenEngine,725,11/15/2020, 14:08:01,540
FROV00001,FrozenEngine,725,11/15/2020, 15:07:21,540
FROV00001,FrozenEngine,725,11/15/2020, 16:11:08,540
FROV00001,FrozenEngine,726,11/15/2020, 17:07:03,540
FROV00001,FrozenEngine,726,11/15/2020, 18:07:37,540
FROV00001,FrozenEngine,726,11/15/2020, 19:06:28,540
FROV00001,FrozenEngine,726,11/15/2020, 20:07:30,540
FROV00001,FrozenEngine,726,11/15/2020, 21:06:37,540
FROV00001,FrozenEngine,726,11/15/2020, 22:08:34,540
FROV00001,FrozenEngine,726,11/15/2020, 23:07:35,540
FROV00001,FrozenEngine,726,11/16/2020, 00:20:59,540
FROV00001,FrozenEngine,726,11/16/2020, 01:14:19,540
FROV00001,FrozenEngine,726,11/16/2020, 02:10:40,540
FROV00001,FrozenEngine,726,11/16/2020, 03:07:51,540
FROV00001,FrozenEngine,726,11/16/2020, 04:09:17,540
FROV00001,FrozenEngine,726,11/16/2020, 05:07:45,540
FROV00001,FrozenEngine,726,11/16/2020, 06:08:51,540
FROV00001,FrozenEngine,726,11/16/2020, 07:07:53,540
FROV00001,FrozenEngine,726,11/16/2020, 08:09:10,540
FROV00001,FrozenEngine,726,11/16/2020, 09:08:10,540
FROV00001,FrozenEngine,726,11/16/2020, 10:09:03,540
FROV00001,FrozenEngine,726,11/16/2020, 11:07:30,540
FROV00001,FrozenEngine,726,11/16/2020, 12:10:18,540
FROV00001,FrozenEngine,726,11/16/2020, 13:07:26,540
FROV00001,FrozenEngine,726,11/16/2020, 14:09:24,540
FROV00001,FrozenEngine,726,11/16/2020, 15:08:24,540
FROV00001,FrozenEngine,726,11/16/2020, 16:13:18,540
FROV00001,FrozenEngine,726,11/16/2020, 17:13:46,540
FROV00001,FrozenEngine,726,11/16/2020, 18:08:12,540
FROV00001,FrozenEngine,726,11/16/2020, 19:06:42,540
FROV00001,FrozenEngine,726,11/16/2020, 20:07:35,540
FROV00001,FrozenEngine,727,11/16/2020, 21:07:13,540
FROV00001,FrozenEngine,727,11/16/2020, 22:08:58,540
FROV00001,FrozenEngine,727,11/16/2020, 23:06:55,540
FROV00001,FrozenEngine,727,11/17/2020, 00:20:41,540
FROV00001,FrozenEngine,727,11/17/2020, 01:14:45,540
FROV00001,FrozenEngine,727,11/17/2020, 02:09:10,540
FROV00001,FrozenEngine,727,11/17/2020, 03:07:40,540
FROV00001,FrozenEngine,727,11/17/2020, 04:09:13,540
FROV00001,FrozenEngine,727,11/17/2020, 05:07:51,540
FROV00001,FrozenEngine,727,11/17/2020, 06:09:01,540
FROV00001,FrozenEngine,727,11/17/2020, 07:08:01,540
FROV00001,FrozenEngine,727,11/17/2020, 08:09:26,540
FROV00001,FrozenEngine,727,11/17/2020, 09:07:53,540
FROV00001,FrozenEngine,727,11/17/2020, 10:09:55,540
FROV00001,FrozenEngine,727,11/17/2020, 11:07:32,540
FROV00001,FrozenEngine,727,11/17/2020, 12:10:08,540
FROV00001,FrozenEngine,727,11/17/2020, 13:07:31,540
FROV00001,FrozenEngine,727,11/17/2020, 14:10:16,540
FROV00001,FrozenEngine,727,11/17/2020, 15:08:57,540
FROV00001,FrozenEngine,727,11/17/2020, 16:13:37,540
FROV00001,FrozenEngine,727,11/17/2020, 17:07:54,540
FROV00001,FrozenEngine,727,11/17/2020, 18:08:06,540
FROV00001,FrozenEngine,727,11/17/2020, 19:06:49,540
FROV00001,FrozenEngine,727,11/17/2020, 20:10:04,540
FROV00001,FrozenEngine,727,11/17/2020, 21:07:03,540
FROV00001,FrozenEngine,727,11/17/2020, 22:09:15,540
FROV00001,FrozenEngine,727,11/17/2020, 23:07:40,540
FROV00001,FrozenEngine,727,11/18/2020, 00:21:03,540
FROV00001,FrozenEngine,727,11/18/2020, 01:15:50,540
FROV00001,FrozenEngine,727,11/18/2020, 02:09:19,540
FROV00001,FrozenEngine,727,11/18/2020, 03:07:56,540
FROV00001,FrozenEngine,727,11/18/2020, 04:09:35,540
FROV00001,FrozenEngine,727,11/18/2020, 05:07:48,540
FROV00001,FrozenEngine,727,11/18/2020, 06:09:15,540
FROV00001,FrozenEngine,727,11/18/2020, 07:08:35,540
FROV00001,FrozenEngine,727,11/18/2020, 08:09:35,540
FROV00001,FrozenEngine,727,11/18/2020, 09:07:57,540
FROV00001,FrozenEngine,727,11/18/2020, 10:09:10,540
FROV00001,FrozenEngine,727,11/18/2020, 11:07:25,540
FROV00001,FrozenEngine,728,11/18/2020, 12:10:16,540
FROV00001,FrozenEngine,728,11/18/2020, 13:07:34,540
FROV00001,FrozenEngine,728,11/18/2020, 14:09:42,540
FROV00001,FrozenEngine,728,11/18/2020, 15:08:02,540
FROV00001,FrozenEngine,728,11/18/2020, 16:12:33,540
FROV00001,FrozenEngine,728,11/18/2020, 17:08:10,540
FROV00001,FrozenEngine,728,11/18/2020, 18:08:15,540
FROV00001,FrozenEngine,728,11/18/2020, 19:07:06,540
FROV00001,FrozenEngine,729,11/18/2020, 20:07:45,540
FROV00001,FrozenEngine,729,11/18/2020, 21:07:27,540
FROV00001,FrozenEngine,729,11/18/2020, 22:09:24,540
FROV00001,FrozenEngine,729,11/18/2020, 23:09:32,540
FROV00001,FrozenEngine,729,11/19/2020, 00:21:04,540
FROV00001,FrozenEngine,729,11/19/2020, 01:16:14,540
FROV00001,FrozenEngine,729,11/19/2020, 02:09:22,540
FROV00001,FrozenEngine,729,11/19/2020, 03:08:19,540
FROV00001,FrozenEngine,729,11/19/2020, 04:09:40,540
FROV00001,FrozenEngine,729,11/19/2020, 05:07:56,540
FROV00001,FrozenEngine,729,11/19/2020, 06:09:26,540
FROV00001,FrozenEngine,731,11/19/2020, 07:08:04,540
FROV00001,FrozenEngine,731,11/19/2020, 08:09:19,540
FROV00001,FrozenEngine,731,11/19/2020, 09:17:34,540
FROV00001,FrozenEngine,731,11/19/2020, 10:09:33,540
FROV00001,FrozenEngine,731,11/19/2020, 11:07:37,540
FROV00001,FrozenEngine,731,11/19/2020, 12:10:37,540
FROV00001,FrozenEngine,731,11/19/2020, 13:07:35,540
FROV00001,FrozenEngine,731,11/19/2020, 14:10:12,540
FROV00001,FrozenEngine,731,11/19/2020, 15:09:14,540
FROV00001,FrozenEngine,731,11/19/2020, 16:15:00,540
FROV00001,FrozenEngine,731,11/19/2020, 17:08:21,540
FROV00001,FrozenEngine,731,11/19/2020, 18:09:03,540
FROV00001,FrozenEngine,731,11/19/2020, 19:06:52,540
FROV00001,FrozenEngine,731,11/19/2020, 20:08:10,540
FROV00001,FrozenEngine,731,11/19/2020, 21:07:22,540
FROV00001,FrozenEngine,731,11/19/2020, 22:09:31,540
FROV00001,FrozenEngine,731,11/19/2020, 23:07:48,540
FROV00001,FrozenEngine,731,11/20/2020, 00:21:24,540
FROV00001,FrozenEngine,731,11/20/2020, 01:17:20,540
FROV00001,FrozenEngine,731,11/20/2020, 02:09:47,540
FROV00001,FrozenEngine,731,11/20/2020, 03:08:15,540
FROV00001,FrozenEngine,731,11/20/2020, 04:09:40,540
FROV00001,FrozenEngine,731,11/20/2020, 05:07:52,540
FROV00001,FrozenEngine,731,11/20/2020, 06:09:18,540
FROV00001,FrozenEngine,731,11/20/2020, 07:12:44,540
FROV00001,FrozenEngine,731,11/20/2020, 08:09:39,540
FROV00001,FrozenEngine,732,11/20/2020, 09:08:24,540
FROV00001,FrozenEngine,732,11/20/2020, 10:09:21,540
FROV00001,FrozenEngine,732,11/20/2020, 11:07:42,540
FROV00001,FrozenEngine,732,11/20/2020, 12:10:34,540
FROV00001,FrozenEngine,732,11/20/2020, 13:07:30,540
FROV00001,FrozenEngine,732,11/20/2020, 14:09:18,540
FROV00001,FrozenEngine,732,11/20/2020, 15:08:08,540
FROV00001,FrozenEngine,732,11/20/2020, 16:12:42,540
FROV00001,FrozenEngine,732,11/20/2020, 17:08:17,540
FROV00001,FrozenEngine,733,11/20/2020, 18:08:11,540
FROV00001,FrozenEngine,733,11/20/2020, 19:07:03,540
FROV00001,FrozenEngine,734,11/20/2020, 20:07:52,540
FROV00001,FrozenEngine,734,11/20/2020, 21:07:35,540
FROV00001,FrozenEngine,734,11/20/2020, 22:09:38,540
FROV00001,FrozenEngine,735,11/20/2020, 23:07:46,540
FROV00001,FrozenEngine,735,11/21/2020, 00:21:31,540
FROV00001,FrozenEngine,735,11/21/2020, 01:17:00,540
FROV00001,FrozenEngine,735,11/21/2020, 02:09:46,540
FROV00001,FrozenEngine,735,11/21/2020, 03:08:13,540
FROV00001,FrozenEngine,735,11/21/2020, 04:10:15,540
FROV00001,FrozenEngine,735,11/21/2020, 05:07:50,540
FROV00001,FrozenEngine,735,11/21/2020, 06:09:46,540
FROV00001,FrozenEngine,735,11/21/2020, 07:08:17,540
FROV00001,FrozenEngine,735,11/21/2020, 08:09:12,540
FROV00001,FrozenEngine,735,11/21/2020, 09:07:47,540
FROV00001,FrozenEngine,735,11/21/2020, 10:08:58,540
FROV00001,FrozenEngine,735,11/21/2020, 11:07:54,540
FROV00001,FrozenEngine,735,11/21/2020, 12:09:55,540
FROV00001,FrozenEngine,735,11/21/2020, 13:07:30,540
FROV00001,FrozenEngine,735,11/21/2020, 14:08:51,540
FROV00001,FrozenEngine,736,11/21/2020, 15:07:39,540
FROV00001,FrozenEngine,736,11/21/2020, 16:12:04,540
FROV00001,FrozenEngine,736,11/21/2020, 17:07:03,540
FROV00001,FrozenEngine,737,11/21/2020, 18:07:59,540
FROV00001,FrozenEngine,737,11/21/2020, 19:06:39,540
FROV00001,FrozenEngine,737,11/21/2020, 20:07:41,540
FROV00001,FrozenEngine,737,11/21/2020, 21:07:21,540
FROV00001,FrozenEngine,737,11/21/2020, 22:11:11,540
FROV00001,FrozenEngine,737,11/21/2020, 23:07:52,540
FROV00001,FrozenEngine,737,11/22/2020, 00:22:56,540
FROV00001,FrozenEngine,737,11/22/2020, 01:19:41,540
FROV00001,FrozenEngine,737,11/22/2020, 02:09:56,540
FROV00001,FrozenEngine,737,11/22/2020, 03:08:05,540
FROV00001,FrozenEngine,737,11/22/2020, 04:09:38,540
FROV00001,FrozenEngine,737,11/22/2020, 05:08:02,540
FROV00001,FrozenEngine,737,11/22/2020, 06:09:44,540
FROV00001,FrozenEngine,737,11/22/2020, 07:08:28,540
FROV00001,FrozenEngine,737,11/22/2020, 08:09:14,540
FROV00001,FrozenEngine,737,11/22/2020, 09:08:14,540
FROV00001,FrozenEngine,737,11/22/2020, 10:08:54,540
FROV00001,FrozenEngine,737,11/22/2020, 11:07:57,540
FROV00001,FrozenEngine,737,11/22/2020, 12:10:17,540
FROV00001,FrozenEngine,737,11/22/2020, 13:07:24,540
FROV00001,FrozenEngine,737,11/22/2020, 14:08:48,540
FROV00001,FrozenEngine,737,11/22/2020, 15:07:51,540
FROV00001,FrozenEngine,737,11/22/2020, 16:12:13,540
FROV00001,FrozenEngine,737,11/22/2020, 17:07:05,540
FROV00001,FrozenEngine,737,11/22/2020, 18:07:59,540
FROV00001,FrozenEngine,737,11/22/2020, 19:06:55,540
FROV00001,FrozenEngine,737,11/22/2020, 20:07:46,540
FROV00001,FrozenEngine,737,11/22/2020, 21:07:10,540
FROV00001,FrozenEngine,737,11/22/2020, 22:09:35,540
FROV00001,FrozenEngine,738,11/22/2020, 23:07:52,540
FROV00001,FrozenEngine,738,11/23/2020, 00:22:34,540
FROV00001,FrozenEngine,738,11/23/2020, 01:19:43,540
FROV00001,FrozenEngine,738,11/23/2020, 02:10:11,540
FROV00001,FrozenEngine,738,11/23/2020, 03:08:01,540
FROV00001,FrozenEngine,738,11/23/2020, 04:10:18,540
FROV00001,FrozenEngine,738,11/23/2020, 05:08:25,540
FROV00001,FrozenEngine,738,11/23/2020, 06:10:03,540
FROV00001,FrozenEngine,738,11/23/2020, 07:08:28,540
FROV00001,FrozenEngine,738,11/23/2020, 08:11:47,540
FROV00001,FrozenEngine,738,11/23/2020, 09:08:35,540
FROV00001,FrozenEngine,738,11/23/2020, 10:09:29,540
FROV00001,FrozenEngine,738,11/23/2020, 11:07:58,540
FROV00001,FrozenEngine,738,11/23/2020, 12:11:11,540
FROV00001,FrozenEngine,738,11/23/2020, 13:08:13,540
FROV00001,FrozenEngine,738,11/23/2020, 14:10:05,540
FROV00001,FrozenEngine,738,11/23/2020, 15:08:52,540
FROV00001,FrozenEngine,738,11/23/2020, 16:13:37,540
FROV00001,FrozenEngine,738,11/23/2020, 17:06:02,540
FROV00001,FrozenEngine,738,11/23/2020, 18:09:09,540
FROV00001,FrozenEngine,738,11/23/2020, 19:07:09,540
FROV00001,FrozenEngine,738,11/23/2020, 20:08:22,540
FROV00001,FrozenEngine,738,11/23/2020, 21:07:26,540
FROV00001,FrozenEngine,738,11/23/2020, 22:09:47,540
FROV00001,FrozenEngine,738,11/23/2020, 23:08:13,540
FROV00001,FrozenEngine,738,11/24/2020, 00:22:13,540
FROV00001,FrozenEngine,738,11/24/2020, 01:19:21,540
FROV00001,FrozenEngine,738,11/24/2020, 02:10:00,540
FROV00001,FrozenEngine,739,11/24/2020, 03:08:19,540
FROV00001,FrozenEngine,739,11/24/2020, 04:10:08,540
FROV00001,FrozenEngine,739,11/24/2020, 05:08:25,540
FROV00001,FrozenEngine,739,11/24/2020, 06:09:57,540
FROV00001,FrozenEngine,739,11/24/2020, 07:08:42,540
FROV00001,FrozenEngine,739,11/24/2020, 08:10:01,540
FROV00001,FrozenEngine,740,11/24/2020, 09:08:44,540
FROV00001,FrozenEngine,740,11/24/2020, 10:09:42,540
FROV00001,FrozenEngine,740,11/24/2020, 11:08:13,540
FROV00001,FrozenEngine,740,11/24/2020, 12:11:03,540
FROV00001,FrozenEngine,740,11/24/2020, 13:07:56,540
FROV00001,FrozenEngine,740,11/24/2020, 14:09:17,540
FROV00001,FrozenEngine,740,11/24/2020, 15:08:40,540
FROV00001,FrozenEngine,740,11/24/2020, 16:14:23,540
FROV00001,FrozenEngine,740,11/24/2020, 17:08:04,540
FROV00001,FrozenEngine,740,11/24/2020, 18:08:46,540
FROV00001,FrozenEngine,740,11/24/2020, 19:07:27,540
FROV00001,FrozenEngine,740,11/24/2020, 20:08:21,540
FROV00001,FrozenEngine,740,11/24/2020, 21:07:22,540
FROV00001,FrozenEngine,740,11/24/2020, 22:09:54,540
FROV00001,FrozenEngine,740,11/24/2020, 23:08:11,540
FROV00001,FrozenEngine,740,11/25/2020, 00:22:29,540
FROV00001,FrozenEngine,741,11/25/2020, 01:20:25,540
FROV00001,FrozenEngine,741,11/25/2020, 02:10:07,540
FROV00001,FrozenEngine,741,11/25/2020, 03:08:32,540
FROV00001,FrozenEngine,741,11/25/2020, 04:10:17,540
FROV00001,FrozenEngine,741,11/25/2020, 05:08:31,540
FROV00001,FrozenEngine,741,11/25/2020, 06:10:14,540
FROV00001,FrozenEngine,741,11/25/2020, 07:08:53,540
FROV00001,FrozenEngine,741,11/25/2020, 08:09:49,540
FROV00001,FrozenEngine,741,11/25/2020, 09:08:54,540
FROV00001,FrozenEngine,741,11/25/2020, 10:09:41,540
FROV00001,FrozenEngine,741,11/25/2020, 11:07:46,540
FROV00001,FrozenEngine,741,11/25/2020, 12:11:11,540
FROV00001,FrozenEngine,741,11/25/2020, 13:08:04,540
FROV00001,FrozenEngine,741,11/25/2020, 14:09:52,540
FROV00001,FrozenEngine,741,11/25/2020, 15:08:37,540
FROV00001,FrozenEngine,741,11/25/2020, 16:13:37,540
FROV00001,FrozenEngine,741,11/25/2020, 17:07:01,540
FROV00001,FrozenEngine,741,11/25/2020, 18:08:49,540
FROV00001,FrozenEngine,741,11/25/2020, 19:07:03,540
FROV00001,FrozenEngine,741,11/25/2020, 20:08:31,540
FROV00001,FrozenEngine,741,11/25/2020, 21:07:33,540
FROV00001,FrozenEngine,741,11/25/2020, 22:09:52,540
FROV00001,FrozenEngine,741,11/25/2020, 23:08:21,540
FROV00001,FrozenEngine,741,11/26/2020, 00:22:16,540
FROV00001,FrozenEngine,741,11/26/2020, 01:20:41,540
FROV00001,FrozenEngine,742,11/26/2020, 02:10:14,540
FROV00001,FrozenEngine,742,11/26/2020, 03:08:44,540
FROV00001,FrozenEngine,742,11/26/2020, 04:10:06,540
FROV00001,FrozenEngine,742,11/26/2020, 05:08:13,540
FROV00001,FrozenEngine,742,11/26/2020, 06:10:15,540
FROV00001,FrozenEngine,742,11/26/2020, 07:08:43,540
FROV00001,FrozenEngine,743,11/26/2020, 08:10:07,540
FROV00001,FrozenEngine,743,11/26/2020, 09:08:48,540
FROV00001,FrozenEngine,743,11/26/2020, 10:09:32,540
FROV00001,FrozenEngine,743,11/26/2020, 11:08:18,540
FROV00001,FrozenEngine,743,11/26/2020, 12:11:11,540
FROV00001,FrozenEngine,744,11/26/2020, 13:07:57,540
FROV00001,FrozenEngine,744,11/26/2020, 14:09:50,540
FROV00001,FrozenEngine,744,11/26/2020, 15:08:44,540
FROV00001,FrozenEngine,744,11/26/2020, 16:13:32,540
FROV00001,FrozenEngine,744,11/26/2020, 17:07:32,540
FROV00001,FrozenEngine,744,11/26/2020, 18:08:48,540
FROV00001,FrozenEngine,744,11/26/2020, 19:07:09,540
FROV00001,FrozenEngine,744,11/26/2020, 20:08:46,540
FROV00001,FrozenEngine,744,11/26/2020, 21:07:22,540
FROV00001,FrozenEngine,744,11/26/2020, 22:09:44,540
FROV00001,FrozenEngine,744,11/26/2020, 23:08:31,540
FROV00001,FrozenEngine,744,11/27/2020, 00:23:41,540
FROV00001,FrozenEngine,744,11/27/2020, 01:23:06,540
FROV00001,FrozenEngine,744,11/27/2020, 02:10:13,540
FROV00001,FrozenEngine,746,11/27/2020, 03:09:02,540
FROV00001,FrozenEngine,746,11/27/2020, 04:11:04,540
FROV00001,FrozenEngine,746,11/27/2020, 05:08:42,540
FROV00001,FrozenEngine,747,11/27/2020, 06:10:22,540
FROV00001,FrozenEngine,747,11/27/2020, 07:08:47,540
FROV00001,FrozenEngine,747,11/27/2020, 08:11:07,540
FROV00001,FrozenEngine,747,11/27/2020, 09:09:18,540
FROV00001,FrozenEngine,747,11/27/2020, 10:09:54,540
FROV00001,FrozenEngine,747,11/27/2020, 11:08:29,540
FROV00001,FrozenEngine,747,11/27/2020, 12:11:49,540
FROV00001,FrozenEngine,747,11/27/2020, 13:08:28,540
FROV00001,FrozenEngine,747,11/27/2020, 14:09:30,540
FROV00001,FrozenEngine,747,11/27/2020, 15:08:30,540
FROV00001,FrozenEngine,747,11/27/2020, 17:07:50,540
FROV00001,FrozenEngine,747,11/27/2020, 18:08:39,540
FROV00001,FrozenEngine,747,11/27/2020, 19:07:15,540
FROV00001,FrozenEngine,747,11/27/2020, 20:09:01,540
FROV00001,FrozenEngine,747,11/27/2020, 21:07:29,540
FROV00001,FrozenEngine,748,11/27/2020, 22:09:36,540
FROV00001,FrozenEngine,748,11/27/2020, 23:08:44,540
FROV00001,FrozenEngine,748,11/28/2020, 00:23:25,540
FROV00001,FrozenEngine,748,11/28/2020, 01:22:59,540
FROV00001,FrozenEngine,748,11/28/2020, 02:10:13,540
FROV00001,FrozenEngine,748,11/28/2020, 03:09:06,540
FROV00001,FrozenEngine,748,11/28/2020, 04:11:19,540
FROV00001,FrozenEngine,748,11/28/2020, 05:08:30,540
FROV00001,FrozenEngine,748,11/28/2020, 06:10:05,540
FROV00001,FrozenEngine,748,11/28/2020, 07:09:38,540
FROV00001,FrozenEngine,748,11/28/2020, 08:10:31,540
FROV00001,FrozenEngine,748,11/28/2020, 09:08:54,540
FROV00001,FrozenEngine,748,11/28/2020, 10:09:17,540
FROV00001,FrozenEngine,748,11/28/2020, 11:08:13,540
FROV00001,FrozenEngine,748,11/28/2020, 12:11:21,540
FROV00001,FrozenEngine,748,11/28/2020, 13:07:55,540
FROV00001,FrozenEngine,748,11/28/2020, 14:09:23,540
FROV00001,FrozenEngine,748,11/28/2020, 15:08:22,540
FROV00001,FrozenEngine,748,11/28/2020, 16:12:52,540
FROV00001,FrozenEngine,749,11/28/2020, 17:07:50,540
FROV00001,FrozenEngine,749,11/28/2020, 18:08:56,540
FROV00001,FrozenEngine,749,11/28/2020, 19:07:03,540
FROV00001,FrozenEngine,749,11/28/2020, 20:08:52,540
FROV00001,FrozenEngine,749,11/28/2020, 21:07:20,540
FROV00001,FrozenEngine,750,11/28/2020, 22:09:52,540
FROV00001,FrozenEngine,750,11/28/2020, 23:08:29,540
FROV00001,FrozenEngine,750,11/29/2020, 00:24:44,540
FROV00001,FrozenEngine,750,11/29/2020, 01:26:29,540
FROV00001,FrozenEngine,750,11/29/2020, 02:10:28,540
FROV00001,FrozenEngine,750,11/29/2020, 03:09:04,540
FROV00001,FrozenEngine,750,11/29/2020, 04:11:31,540
FROV00001,FrozenEngine,750,11/29/2020, 05:08:28,540
FROV00001,FrozenEngine,750,11/29/2020, 06:10:11,540
FROV00001,FrozenEngine,750,11/29/2020, 07:08:47,540
FROV00001,FrozenEngine,750,11/29/2020, 08:10:37,540
FROV00001,FrozenEngine,750,11/29/2020, 09:08:35,540
FROV00001,FrozenEngine,750,11/29/2020, 10:09:19,540
FROV00001,FrozenEngine,750,11/29/2020, 11:08:10,540
FROV00001,FrozenEngine,750,11/29/2020, 12:11:27,540
FROV00001,FrozenEngine,750,11/29/2020, 13:08:10,540
FROV00001,FrozenEngine,750,11/29/2020, 14:09:29,540
FROV00001,FrozenEngine,750,11/29/2020, 15:08:01,540
FROV00001,FrozenEngine,750,11/29/2020, 16:13:16,540
FROV00001,FrozenEngine,750,11/29/2020, 17:07:47,540
FROV00001,FrozenEngine,750,11/29/2020, 18:08:35,540
FROV00001,FrozenEngine,750,11/29/2020, 19:07:24,540
FROV00001,FrozenEngine,750,11/29/2020, 20:08:45,540
FROV00001,FrozenEngine,750,11/29/2020, 21:07:36,540
FROV00001,FrozenEngine,751,11/29/2020, 22:10:03,540
FROV00001,FrozenEngine,751,11/29/2020, 23:08:41,540
FROV00001,FrozenEngine,751,11/30/2020, 00:24:37,540
FROV00001,FrozenEngine,751,11/30/2020, 01:26:33,540
FROV00001,FrozenEngine,751,11/30/2020, 02:10:46,540
FROV00001,FrozenEngine,751,11/30/2020, 03:08:58,540
FROV00001,FrozenEngine,751,11/30/2020, 04:11:32,540
FROV00001,FrozenEngine,751,11/30/2020, 05:08:52,540
FROV00001,FrozenEngine,751,11/30/2020, 06:10:24,540
FROV00001,FrozenEngine,751,11/30/2020, 07:09:10,540
FROV00001,FrozenEngine,751,11/30/2020, 08:11:31,540
FROV00001,FrozenEngine,752,11/30/2020, 09:09:18,540
FROV00001,FrozenEngine,753,11/30/2020, 10:10:04,540
FROV00001,FrozenEngine,754,11/30/2020, 11:08:34,540
FROV00001,FrozenEngine,754,11/30/2020, 12:12:19,540
FROV00001,FrozenEngine,754,11/30/2020, 13:08:38,540
FROV00001,FrozenEngine,754,11/30/2020, 14:10:40,540
FROV00001,FrozenEngine,754,11/30/2020, 15:11:08,540
FROV00001,FrozenEngine,755,11/30/2020, 16:14:42,540
FROV00001,FrozenEngine,755,11/30/2020, 17:15:28,540
FROV00001,FrozenEngine,755,11/30/2020, 18:09:30,540
FROV00001,FrozenEngine,755,11/30/2020, 19:07:32,540
FROV00001,FrozenEngine,755,11/30/2020, 20:09:35,540
FROV00001,FrozenEngine,755,11/30/2020, 21:07:47,540
FROV00001,FrozenEngine,755,11/30/2020, 22:10:37,540
FROV00001,FrozenEngine,755,11/30/2020, 23:08:44,540
FROV00001,FrozenEngine,755,12/01/2020, 00:25:09,540
FROV00001,FrozenEngine,755,12/01/2020, 01:27:32,540
FROV00001,FrozenEngine,755,12/01/2020, 02:10:24,540
FROV00001,FrozenEngine,755,12/01/2020, 03:09:23,540
FROV00001,FrozenEngine,755,12/01/2020, 04:11:34,540
FROV00001,FrozenEngine,755,12/01/2020, 05:08:54,540
FROV00001,FrozenEngine,755,12/01/2020, 06:10:43,540
FROV00001,FrozenEngine,755,12/01/2020, 07:09:16,540
FROV00001,FrozenEngine,755,12/01/2020, 08:11:34,540
FROV00001,FrozenEngine,755,12/01/2020, 09:09:44,540
FROV00001,FrozenEngine,755,12/01/2020, 10:10:06,540
FROV00001,FrozenEngine,755,12/01/2020, 11:08:40,540
FROV00001,FrozenEngine,755,12/01/2020, 12:12:31,540
FROV00001,FrozenEngine,755,12/01/2020, 13:09:01,540
FROV00001,FrozenEngine,755,12/01/2020, 14:11:24,540
FROV00001,FrozenEngine,755,12/01/2020, 15:11:30,540
FROV00001,FrozenEngine,755,12/01/2020, 16:16:04,540
FROV00001,FrozenEngine,755,12/01/2020, 17:23:22,540
FROV00001,FrozenEngine,755,12/01/2020, 20:32:39,540
FROV00001,FrozenEngine,755,12/01/2020, 21:20:56,540
FROV00001,FrozenEngine,755,12/01/2020, 22:10:54,540
FROV00001,FrozenEngine,755,12/01/2020, 23:09:07,540
FROV00001,FrozenEngine,755,12/02/2020, 00:24:45,540
FROV00001,FrozenEngine,755,12/02/2020, 01:27:08,540
FROV00001,FrozenEngine,755,12/02/2020, 02:09:50,540
FROV00001,FrozenEngine,755,12/02/2020, 03:09:32,540
FROV00001,FrozenEngine,755,12/02/2020, 04:11:53,540
FROV00001,FrozenEngine,755,12/02/2020, 05:08:50,540
FROV00001,FrozenEngine,755,12/02/2020, 06:10:33,540
FROV00001,FrozenEngine,755,12/02/2020, 07:09:19,540
FROV00001,FrozenEngine,755,12/02/2020, 08:11:31,540
FROV00001,FrozenEngine,755,12/02/2020, 09:09:53,540
FROV00001,FrozenEngine,755,12/02/2020, 10:10:28,540
FROV00001,FrozenEngine,755,12/02/2020, 11:08:49,540
FROV00001,FrozenEngine,755,12/02/2020, 12:12:35,540
FROV00001,FrozenEngine,755,12/02/2020, 13:09:25,540
FROV00001,FrozenEngine,755,12/02/2020, 14:10:32,540
FROV00001,FrozenEngine,755,12/02/2020, 15:11:56,540
FROV00001,FrozenEngine,755,12/02/2020, 16:19:50,540
FROV00001,FrozenEngine,755,12/02/2020, 17:13:13,540
FROV00001,FrozenEngine,755,12/02/2020, 18:09:18,540
FROV00001,FrozenEngine,755,12/02/2020, 19:07:38,540
FROV00001,FrozenEngine,755,12/02/2020, 20:09:29,540
FROV00001,FrozenEngine,755,12/02/2020, 21:06:34,540
FROV00001,FrozenEngine,756,12/02/2020, 22:10:38,540
FROV00001,FrozenEngine,756,12/02/2020, 23:09:00,540
FROV00001,FrozenEngine,756,12/03/2020, 00:24:30,540
FROV00001,FrozenEngine,756,12/03/2020, 01:27:05,540
FROV00001,FrozenEngine,756,12/03/2020, 02:10:37,540
FROV00001,FrozenEngine,756,12/03/2020, 03:09:19,540
FROV00001,FrozenEngine,756,12/03/2020, 04:11:43,540
FROV00001,FrozenEngine,756,12/03/2020, 05:09:21,540
FROV00001,FrozenEngine,757,12/03/2020, 06:10:14,540
FROV00001,FrozenEngine,757,12/03/2020, 07:09:31,540
FROV00001,FrozenEngine,757,12/03/2020, 08:11:29,540
FROV00001,FrozenEngine,757,12/03/2020, 09:09:20,540
FROV00001,FrozenEngine,757,12/03/2020, 10:09:53,540
FROV00001,FrozenEngine,757,12/03/2020, 11:08:47,540
FROV00001,FrozenEngine,757,12/03/2020, 12:12:33,540
FROV00001,FrozenEngine,757,12/03/2020, 13:08:59,540
FROV00001,FrozenEngine,757,12/03/2020, 14:09:58,540
FROV00001,FrozenEngine,757,12/03/2020, 15:09:05,540
FROV00001,FrozenEngine,757,12/03/2020, 16:14:18,540
FROV00001,FrozenEngine,757,12/03/2020, 17:10:38,540
FROV00001,FrozenEngine,757,12/03/2020, 18:09:59,540
FROV00001,FrozenEngine,757,12/03/2020, 19:08:05,540
FROV00001,FrozenEngine,758,12/03/2020, 20:09:14,540
FROV00001,FrozenEngine,758,12/03/2020, 21:08:24,540
FROV00001,FrozenEngine,758,12/03/2020, 22:11:07,540
FROV00001,FrozenEngine,758,12/03/2020, 23:09:44,540
FROV00001,FrozenEngine,758,12/04/2020, 00:24:44,540
FROV00001,FrozenEngine,758,12/04/2020, 01:28:40,540
FROV00001,FrozenEngine,758,12/04/2020, 02:10:27,540
FROV00001,FrozenEngine,758,12/04/2020, 03:09:41,540
FROV00001,FrozenEngine,759,12/04/2020, 04:12:00,540
FROV00001,FrozenEngine,759,12/04/2020, 05:09:54,540
FROV00001,FrozenEngine,759,12/04/2020, 06:11:10,540
FROV00001,FrozenEngine,759,12/04/2020, 07:12:48,540
FROV00001,FrozenEngine,759,12/04/2020, 08:13:26,540
FROV00001,FrozenEngine,759,12/04/2020, 09:12:10,540
FROV00001,FrozenEngine,759,12/04/2020, 10:11:02,540
FROV00001,FrozenEngine,759,12/04/2020, 11:09:12,540
FROV00001,FrozenEngine,759,12/04/2020, 12:13:32,540
FROV00001,FrozenEngine,759,12/04/2020, 13:09:30,540
FROV00001,FrozenEngine,759,12/04/2020, 14:10:40,540
FROV00001,FrozenEngine,759,12/04/2020, 15:09:29,540
FROV00001,FrozenEngine,759,12/04/2020, 16:14:12,540
FROV00001,FrozenEngine,759,12/04/2020, 17:25:55,540
FROV00001,FrozenEngine,759,12/04/2020, 18:09:48,540
FROV00001,FrozenEngine,759,12/04/2020, 19:08:02,540
FROV00001,FrozenEngine,759,12/04/2020, 20:09:34,540
FROV00001,FrozenEngine,761,12/04/2020, 21:08:58,540
FROV00001,FrozenEngine,762,12/04/2020, 22:11:21,540
FROV00001,FrozenEngine,762,12/04/2020, 23:09:41,540
FROV00001,FrozenEngine,762,12/05/2020, 00:25:05,540
FROV00001,FrozenEngine,762,12/05/2020, 01:29:46,540
FROV00001,FrozenEngine,762,12/05/2020, 02:11:03,540
FROV00001,FrozenEngine,762,12/05/2020, 03:09:54,540
FROV00001,FrozenEngine,762,12/05/2020, 04:11:53,540
FROV00001,FrozenEngine,762,12/05/2020, 05:09:53,540
FROV00001,FrozenEngine,762,12/05/2020, 06:11:13,540
FROV00001,FrozenEngine,762,12/05/2020, 07:10:06,540
FROV00001,FrozenEngine,762,12/05/2020, 08:11:04,540
FROV00001,FrozenEngine,762,12/05/2020, 09:10:20,540
FROV00001,FrozenEngine,762,12/05/2020, 10:10:40,540
FROV00001,FrozenEngine,762,12/05/2020, 11:09:22,540
FROV00001,FrozenEngine,762,12/05/2020, 12:12:22,540
FROV00001,FrozenEngine,762,12/05/2020, 13:09:20,540
FROV00001,FrozenEngine,762,12/05/2020, 14:10:47,540
FROV00001,FrozenEngine,762,12/05/2020, 15:09:09,540
FROV00001,FrozenEngine,762,12/05/2020, 16:13:42,540
FROV00001,FrozenEngine,762,12/05/2020, 17:10:05,540
FROV00001,FrozenEngine,762,12/05/2020, 18:09:40,540
FROV00001,FrozenEngine,763,12/05/2020, 19:07:55,540
FROV00001,FrozenEngine,763,12/05/2020, 20:09:03,540
FROV00001,FrozenEngine,763,12/05/2020, 21:08:18,540
FROV00001,FrozenEngine,763,12/05/2020, 22:11:31,540
FROV00001,FrozenEngine,763,12/05/2020, 23:09:45,540
FROV00001,FrozenEngine,763,12/06/2020, 00:26:43,540
FROV00001,FrozenEngine,763,12/06/2020, 01:32:59,540
FROV00001,FrozenEngine,763,12/06/2020, 02:13:36,540
FROV00001,FrozenEngine,763,12/06/2020, 03:12:00,540
FROV00001,FrozenEngine,763,12/06/2020, 04:12:03,540
FROV00001,FrozenEngine,763,12/06/2020, 05:09:44,540
FROV00001,FrozenEngine,763,12/06/2020, 06:11:39,540
FROV00001,FrozenEngine,763,12/06/2020, 07:09:53,540
FROV00001,FrozenEngine,763,12/06/2020, 08:11:27,540
FROV00001,FrozenEngine,763,12/06/2020, 09:10:08,540
FROV00001,FrozenEngine,763,12/06/2020, 10:10:59,540
FROV00001,FrozenEngine,763,12/06/2020, 11:09:16,540
FROV00001,FrozenEngine,763,12/06/2020, 12:12:32,540
FROV00001,FrozenEngine,763,12/06/2020, 13:09:14,540
FROV00001,FrozenEngine,763,12/06/2020, 14:10:36,540
FROV00001,FrozenEngine,763,12/06/2020, 15:09:18,540
FROV00001,FrozenEngine,763,12/06/2020, 16:14:11,540
FROV00001,FrozenEngine,763,12/06/2020, 17:11:27,540
FROV00001,FrozenEngine,763,12/06/2020, 18:10:11,540
FROV00001,FrozenEngine,763,12/06/2020, 19:08:14,540
FROV00001,FrozenEngine,763,12/06/2020, 20:09:30,540
FROV00001,FrozenEngine,763,12/06/2020, 21:08:41,540
FROV00001,FrozenEngine,763,12/06/2020, 22:11:31,540
FROV00001,FrozenEngine,763,12/06/2020, 23:10:16,540
FROV00001,FrozenEngine,763,12/07/2020, 00:26:14,540
FROV00001,FrozenEngine,764,12/07/2020, 01:32:51,540
FROV00001,FrozenEngine,764,12/07/2020, 02:14:18,540
FROV00001,FrozenEngine,764,12/07/2020, 03:10:27,540
FROV00001,FrozenEngine,764,12/07/2020, 04:12:39,540
FROV00001,FrozenEngine,764,12/07/2020, 05:10:08,540
FROV00001,FrozenEngine,764,12/07/2020, 06:11:57,540
FROV00001,FrozenEngine,764,12/07/2020, 07:10:20,540
FROV00001,FrozenEngine,765,12/07/2020, 08:11:52,540
FROV00001,FrozenEngine,765,12/07/2020, 09:10:17,540
FROV00001,FrozenEngine,765,12/07/2020, 10:10:57,540
FROV00001,FrozenEngine,765,12/07/2020, 11:09:45,540
FROV00001,FrozenEngine,765,12/07/2020, 12:13:16,540
FROV00001,FrozenEngine,765,12/07/2020, 13:09:37,540
FROV00001,FrozenEngine,765,12/07/2020, 14:11:05,540
FROV00001,FrozenEngine,765,12/07/2020, 15:10:28,540
FROV00001,FrozenEngine,765,12/07/2020, 16:14:54,540
FROV00001,FrozenEngine,765,12/07/2020, 17:13:17,540
FROV00001,FrozenEngine,765,12/07/2020, 18:10:24,540
FROV00001,FrozenEngine,765,12/07/2020, 19:09:17,540
FROV00001,FrozenEngine,765,12/07/2020, 20:09:40,540
FROV00001,FrozenEngine,765,12/07/2020, 21:09:04,540
FROV00001,FrozenEngine,765,12/07/2020, 22:11:41,540
FROV00001,FrozenEngine,765,12/07/2020, 23:10:23,540
FROV00001,FrozenEngine,765,12/08/2020, 00:25:54,540
FROV00001,FrozenEngine,765,12/08/2020, 01:32:49,540
FROV00001,FrozenEngine,765,12/08/2020, 02:14:53,540
FROV00001,FrozenEngine,765,12/08/2020, 03:10:55,540
FROV00001,FrozenEngine,765,12/08/2020, 04:12:20,540
FROV00001,FrozenEngine,765,12/08/2020, 05:10:15,540
FROV00001,FrozenEngine,765,12/08/2020, 06:11:56,540
FROV00001,FrozenEngine,765,12/08/2020, 07:10:29,540
FROV00001,FrozenEngine,765,12/08/2020, 08:12:10,540
FROV00001,FrozenEngine,765,12/08/2020, 09:10:35,540
FROV00001,FrozenEngine,765,12/08/2020, 10:11:07,540
FROV00001,FrozenEngine,765,12/08/2020, 11:10:04,540
FROV00001,FrozenEngine,765,12/08/2020, 12:13:30,540
FROV00001,FrozenEngine,765,12/08/2020, 13:09:54,540
FROV00001,FrozenEngine,765,12/08/2020, 14:11:21,540
FROV00001,FrozenEngine,765,12/08/2020, 15:09:49,540
FROV00001,FrozenEngine,765,12/08/2020, 16:15:01,540
FROV00001,FrozenEngine,766,12/08/2020, 17:13:46,540
FROV00001,FrozenEngine,766,12/08/2020, 18:10:25,540
FROV00001,FrozenEngine,766,12/08/2020, 19:08:53,540
FROV00001,FrozenEngine,766,12/08/2020, 20:09:41,540
FROV00001,FrozenEngine,766,12/08/2020, 21:09:08,540
FROV00001,FrozenEngine,766,12/08/2020, 22:11:57,540
FROV00001,FrozenEngine,766,12/08/2020, 23:10:26,540
FROV00001,FrozenEngine,766,12/09/2020, 00:26:22,540
FROV00001,FrozenEngine,766,12/09/2020, 01:33:54,540
FROV00001,FrozenEngine,766,12/09/2020, 02:15:43,540
FROV00001,FrozenEngine,766,12/09/2020, 03:10:39,540
FROV00001,FrozenEngine,766,12/09/2020, 04:12:34,540
FROV00001,FrozenEngine,766,12/09/2020, 05:10:06,540
FROV00001,FrozenEngine,766,12/09/2020, 06:11:55,540
FROV00001,FrozenEngine,768,12/09/2020, 07:10:27,540
FROV00001,FrozenEngine,768,12/09/2020, 08:11:59,540
FROV00001,FrozenEngine,768,12/09/2020, 09:11:20,540
FROV00001,FrozenEngine,768,12/09/2020, 10:11:16,540
FROV00001,FrozenEngine,768,12/09/2020, 11:10:19,540
FROV00001,FrozenEngine,768,12/09/2020, 12:13:28,540
FROV00001,FrozenEngine,768,12/09/2020, 13:10:28,540
FROV00001,FrozenEngine,768,12/09/2020, 14:11:22,540
FROV00001,FrozenEngine,768,12/09/2020, 15:10:20,540
FROV00001,FrozenEngine,768,12/09/2020, 16:14:44,540
FROV00001,FrozenEngine,768,12/09/2020, 17:10:39,540
FROV00001,FrozenEngine,768,12/09/2020, 18:10:28,540
FROV00001,FrozenEngine,768,12/09/2020, 19:08:58,540
FROV00001,FrozenEngine,768,12/09/2020, 20:09:58,540
FROV00001,FrozenEngine,768,12/09/2020, 21:09:08,540
FROV00001,FrozenEngine,768,12/09/2020, 22:11:49,540
FROV00001,FrozenEngine,768,12/09/2020, 23:10:06,540
FROV00001,FrozenEngine,768,12/10/2020, 00:26:33,540
FROV00001,FrozenEngine,769,12/10/2020, 01:36:36,540
FROV00001,FrozenEngine,769,12/10/2020, 02:18:31,540
FROV00001,FrozenEngine,769,12/10/2020, 03:10:35,540
FROV00001,FrozenEngine,769,12/10/2020, 04:12:32,540
FROV00001,FrozenEngine,769,12/10/2020, 05:09:58,540
FROV00001,FrozenEngine,769,12/10/2020, 06:11:58,540
FROV00001,FrozenEngine,769,12/10/2020, 07:10:30,540
FROV00001,FrozenEngine,769,12/10/2020, 08:11:45,540
FROV00001,FrozenEngine,769,12/10/2020, 09:10:43,540
FROV00001,FrozenEngine,769,12/10/2020, 10:11:36,540
FROV00001,FrozenEngine,769,12/10/2020, 11:10:11,540
FROV00001,FrozenEngine,769,12/10/2020, 12:13:39,540
FROV00001,FrozenEngine,769,12/10/2020, 13:09:32,540
FROV00001,FrozenEngine,769,12/10/2020, 14:11:25,540
FROV00001,FrozenEngine,769,12/10/2020, 15:10:24,540
FROV00001,FrozenEngine,769,12/10/2020, 16:14:40,540
FROV00001,FrozenEngine,769,12/10/2020, 17:16:37,540
FROV00001,FrozenEngine,769,12/10/2020, 18:10:23,540
FROV00001,FrozenEngine,769,12/10/2020, 19:08:57,540
FROV00001,FrozenEngine,769,12/10/2020, 20:10:08,540
FROV00001,FrozenEngine,769,12/10/2020, 21:08:59,540
FROV00001,FrozenEngine,769,12/10/2020, 22:12:31,540
FROV00001,FrozenEngine,769,12/10/2020, 23:10:25,540
FROV00001,FrozenEngine,769,12/11/2020, 00:26:50,540
FROV00001,FrozenEngine,769,12/11/2020, 01:37:18,540
FROV00001,FrozenEngine,769,12/11/2020, 02:18:36,540
FROV00001,FrozenEngine,769,12/11/2020, 03:10:45,540
FROV00001,FrozenEngine,771,12/11/2020, 04:12:37,540
FROV00001,FrozenEngine,771,12/11/2020, 05:10:14,540
FROV00001,FrozenEngine,771,12/11/2020, 06:11:41,540
FROV00001,FrozenEngine,771,12/11/2020, 07:10:06,540
FROV00001,FrozenEngine,771,12/11/2020, 08:12:47,540
FROV00001,FrozenEngine,772,12/11/2020, 09:10:29,540
FROV00001,FrozenEngine,772,12/11/2020, 10:11:55,540
FROV00001,FrozenEngine,772,12/11/2020, 11:10:19,540
FROV00001,FrozenEngine,772,12/11/2020, 12:13:40,540
FROV00001,FrozenEngine,772,12/11/2020, 13:09:51,540
FROV00001,FrozenEngine,772,12/11/2020, 14:11:36,540
FROV00001,FrozenEngine,772,12/11/2020, 15:10:22,540
FROV00001,FrozenEngine,772,12/11/2020, 16:14:48,540
FROV00001,FrozenEngine,772,12/11/2020, 17:17:03,540
FROV00001,FrozenEngine,772,12/11/2020, 18:10:23,540
FROV00001,FrozenEngine,772,12/11/2020, 19:08:35,540
FROV00001,FrozenEngine,772,12/11/2020, 20:10:23,540
FROV00001,FrozenEngine,772,12/11/2020, 21:09:12,540
FROV00001,FrozenEngine,772,12/11/2020, 22:11:44,540
FROV00001,FrozenEngine,772,12/11/2020, 23:10:34,540
FROV00001,FrozenEngine,772,12/12/2020, 00:26:46,540
FROV00001,FrozenEngine,772,12/12/2020, 01:37:33,540
FROV00001,FrozenEngine,772,12/12/2020, 02:18:23,540
FROV00001,FrozenEngine,772,12/12/2020, 03:11:04,540
FROV00001,FrozenEngine,772,12/12/2020, 04:12:53,540
FROV00001,FrozenEngine,772,12/12/2020, 05:09:51,540
FROV00001,FrozenEngine,772,12/12/2020, 06:11:54,540
FROV00001,FrozenEngine,772,12/12/2020, 07:10:22,540
FROV00001,FrozenEngine,772,12/12/2020, 08:12:11,540
FROV00001,FrozenEngine,773,12/12/2020, 09:11:22,540
FROV00001,FrozenEngine,773,12/12/2020, 10:11:42,540
FROV00001,FrozenEngine,773,12/12/2020, 11:10:27,540
FROV00001,FrozenEngine,773,12/12/2020, 12:13:19,540
FROV00001,FrozenEngine,773,12/12/2020, 13:09:29,540
FROV00001,FrozenEngine,773,12/12/2020, 14:11:09,540
FROV00001,FrozenEngine,773,12/12/2020, 15:10:01,540
FROV00001,FrozenEngine,773,12/12/2020, 16:15:01,540
FROV00001,FrozenEngine,773,12/12/2020, 17:16:55,540
FROV00001,FrozenEngine,774,12/12/2020, 18:10:34,540
FROV00001,FrozenEngine,774,12/12/2020, 19:08:43,540
FROV00001,FrozenEngine,774,12/12/2020, 20:10:09,540
FROV00001,FrozenEngine,774,12/12/2020, 21:08:40,540
FROV00001,FrozenEngine,774,12/12/2020, 22:11:55,540
FROV00001,FrozenEngine,774,12/12/2020, 23:10:15,540
FROV00001,FrozenEngine,774,12/13/2020, 00:28:14,540
FROV00001,FrozenEngine,774,12/13/2020, 01:41:34,540
FROV00001,FrozenEngine,774,12/13/2020, 02:18:53,540
FROV00001,FrozenEngine,774,12/13/2020, 03:11:24,540
FROV00001,FrozenEngine,774,12/13/2020, 04:12:35,540
FROV00001,FrozenEngine,774,12/13/2020, 05:10:52,540
FROV00001,FrozenEngine,774,12/13/2020, 06:11:54,540
FROV00001,FrozenEngine,774,12/13/2020, 07:10:03,540
FROV00001,FrozenEngine,774,12/13/2020, 08:12:04,540
FROV00001,FrozenEngine,774,12/13/2020, 09:10:35,540
FROV00001,FrozenEngine,774,12/13/2020, 10:11:45,540
FROV00001,FrozenEngine,774,12/13/2020, 11:10:37,540
FROV00001,FrozenEngine,774,12/13/2020, 12:13:22,540
FROV00001,FrozenEngine,774,12/13/2020, 13:09:50,540
FROV00001,FrozenEngine,774,12/13/2020, 14:11:26,540
FROV00001,FrozenEngine,774,12/13/2020, 15:10:05,540
FROV00001,FrozenEngine,774,12/13/2020, 16:15:02,540
FROV00001,FrozenEngine,774,12/13/2020, 17:18:33,540
FROV00001,FrozenEngine,774,12/13/2020, 18:10:15,540
FROV00001,FrozenEngine,774,12/13/2020, 19:08:24,540
FROV00001,FrozenEngine,774,12/13/2020, 20:10:07,540
FROV00001,FrozenEngine,774,12/13/2020, 21:09:18,540
FROV00001,FrozenEngine,774,12/13/2020, 22:11:40,540
FROV00001,FrozenEngine,774,12/13/2020, 23:10:28,540
FROV00001,FrozenEngine,774,12/14/2020, 00:27:29,540
FROV00001,FrozenEngine,774,12/14/2020, 01:41:30,540
FROV00001,FrozenEngine,774,12/14/2020, 02:20:19,540
FROV00001,FrozenEngine,774,12/14/2020, 03:10:56,540
FROV00001,FrozenEngine,774,12/14/2020, 04:12:49,540
FROV00001,FrozenEngine,774,12/14/2020, 05:10:02,540
FROV00001,FrozenEngine,774,12/14/2020, 06:12:18,540
FROV00001,FrozenEngine,774,12/14/2020, 07:10:18,540
FROV00001,FrozenEngine,774,12/14/2020, 08:12:59,540
FROV00001,FrozenEngine,774,12/14/2020, 09:10:55,540
FROV00001,FrozenEngine,774,12/14/2020, 10:12:02,540
FROV00001,FrozenEngine,774,12/14/2020, 11:10:24,540
FROV00001,FrozenEngine,774,12/14/2020, 12:14:07,540
FROV00001,FrozenEngine,774,12/14/2020, 13:11:59,540
FROV00001,FrozenEngine,774,12/14/2020, 14:11:56,540
FROV00001,FrozenEngine,774,12/14/2020, 15:10:53,540
FROV00001,FrozenEngine,774,12/14/2020, 16:12:48,540
FROV00001,FrozenEngine,774,12/14/2020, 17:18:41,540
FROV00001,FrozenEngine,774,12/14/2020, 18:09:18,540
FROV00001,FrozenEngine,774,12/14/2020, 19:08:38,540
FROV00001,FrozenEngine,774,12/14/2020, 20:10:26,540
FROV00001,FrozenEngine,774,12/14/2020, 21:09:19,540
FROV00001,FrozenEngine,775,12/14/2020, 22:12:03,540
FROV00001,FrozenEngine,775,12/14/2020, 23:10:45,540
FROV00001,FrozenEngine,776,12/15/2020, 09:11:04,540
FROV00001,FrozenEngine,776,12/15/2020, 10:11:37,540
FROV00001,FrozenEngine,776,12/15/2020, 11:10:21,540
FROV00001,FrozenEngine,776,12/15/2020, 12:14:06,540
FROV00001,FrozenEngine,776,12/15/2020, 13:11:58,540
FROV00001,FrozenEngine,776,12/15/2020, 14:11:59,540
FROV00001,FrozenEngine,776,12/15/2020, 15:10:52,540
FROV00001,FrozenEngine,776,12/15/2020, 16:15:29,540
FROV00001,FrozenEngine,776,12/15/2020, 17:22:03,540
FROV00001,FrozenEngine,776,12/15/2020, 18:10:36,540
FROV00001,FrozenEngine,776,12/15/2020, 19:08:33,540
FROV00001,FrozenEngine,776,12/15/2020, 20:10:21,540
FROV00001,FrozenEngine,776,12/15/2020, 21:09:27,540
FROV00001,FrozenEngine,776,12/15/2020, 22:11:29,540
FROV00001,FrozenEngine,777,12/15/2020, 23:10:47,540
FROV00001,FrozenEngine,777,12/16/2020, 00:27:00,540
FROV00001,FrozenEngine,777,12/16/2020, 01:42:14,540
FROV00001,FrozenEngine,777,12/16/2020, 02:21:54,540
FROV00001,FrozenEngine,777,12/16/2020, 03:10:42,540
FROV00001,FrozenEngine,777,12/16/2020, 04:12:54,540
FROV00001,FrozenEngine,777,12/16/2020, 05:10:11,540
FROV00001,FrozenEngine,777,12/16/2020, 06:12:24,540
FROV00001,FrozenEngine,777,12/16/2020, 07:10:38,540
FROV00001,FrozenEngine,777,12/16/2020, 08:12:33,540
FROV00001,FrozenEngine,777,12/16/2020, 09:10:49,540
FROV00001,FrozenEngine,777,12/16/2020, 10:11:42,540
FROV00001,FrozenEngine,777,12/16/2020, 11:10:24,540
FROV00001,FrozenEngine,777,12/16/2020, 12:14:10,540
FROV00001,FrozenEngine,777,12/16/2020, 13:12:25,540
FROV00001,FrozenEngine,777,12/16/2020, 14:12:03,540
FROV00001,FrozenEngine,777,12/16/2020, 15:10:56,540
FROV00001,FrozenEngine,777,12/16/2020, 16:15:58,540
FROV00001,FrozenEngine,777,12/16/2020, 17:32:49,540
FROV00001,FrozenEngine,777,12/16/2020, 18:10:16,540
FROV00001,FrozenEngine,777,12/16/2020, 19:09:14,540
FROV00001,FrozenEngine,777,12/16/2020, 20:10:39,540
FROV00001,FrozenEngine,777,12/16/2020, 21:09:58,540
FROV00001,FrozenEngine,777,12/16/2020, 22:12:49,540
FROV00001,FrozenEngine,778,12/16/2020, 23:12:18,540
FROV00001,FrozenEngine,779,12/17/2020, 00:29:18,540
FROV00001,FrozenEngine,779,12/17/2020, 01:44:25,540
FROV00001,FrozenEngine,779,12/17/2020, 02:22:29,540
FROV00001,FrozenEngine,779,12/17/2020, 03:10:46,540
FROV00001,FrozenEngine,779,12/17/2020, 04:12:51,540
FROV00001,FrozenEngine,779,12/17/2020, 05:10:15,540
FROV00001,FrozenEngine,779,12/17/2020, 06:12:34,540
FROV00001,FrozenEngine,779,12/17/2020, 07:11:31,540
FROV00001,FrozenEngine,779,12/17/2020, 08:12:50,540
FROV00001,FrozenEngine,779,12/17/2020, 09:10:52,540
FROV00001,FrozenEngine,779,12/17/2020, 10:11:55,540
FROV00001,FrozenEngine,779,12/17/2020, 11:10:25,540
FROV00001,FrozenEngine,779,12/17/2020, 12:14:57,540
FROV00001,FrozenEngine,779,12/17/2020, 13:14:19,540
FROV00001,FrozenEngine,779,12/17/2020, 14:12:30,540
FROV00001,FrozenEngine,779,12/17/2020, 15:10:57,540
FROV00001,FrozenEngine,779,12/17/2020, 16:18:19,540
FROV00001,FrozenEngine,779,12/17/2020, 17:27:37,540
FROV00001,FrozenEngine,779,12/17/2020, 18:11:59,540
FROV00001,FrozenEngine,779,12/17/2020, 19:09:55,540
FROV00001,FrozenEngine,779,12/17/2020, 20:10:46,540
FROV00001,FrozenEngine,779,12/17/2020, 21:10:03,540
FROV00001,FrozenEngine,779,12/17/2020, 22:12:59,540
FROV00001,FrozenEngine,779,12/17/2020, 23:11:58,540
FROV00001,FrozenEngine,779,12/18/2020, 00:28:37,540
FROV00001,FrozenEngine,780,12/18/2020, 01:46:25,540
FROV00001,FrozenEngine,780,12/18/2020, 02:25:47,540
FROV00001,FrozenEngine,780,12/18/2020, 03:13:41,540
FROV00001,FrozenEngine,780,12/18/2020, 04:14:34,540
FROV00001,FrozenEngine,780,12/18/2020, 05:14:01,540
FROV00001,FrozenEngine,780,12/18/2020, 06:13:19,540
FROV00001,FrozenEngine,780,12/18/2020, 07:14:07,540
FROV00001,FrozenEngine,780,12/18/2020, 08:13:45,540
FROV00001,FrozenEngine,780,12/18/2020, 09:13:22,540
FROV00001,FrozenEngine,780,12/18/2020, 10:14:05,540
FROV00001,FrozenEngine,780,12/18/2020, 11:12:25,540
FROV00001,FrozenEngine,780,12/18/2020, 12:15:14,540
FROV00001,FrozenEngine,780,12/18/2020, 13:18:05,540
FROV00001,FrozenEngine,780,12/18/2020, 14:13:48,540
FROV00001,FrozenEngine,780,12/18/2020, 15:12:31,540
FROV00001,FrozenEngine,780,12/18/2020, 16:20:44,540
FROV00001,FrozenEngine,780,12/18/2020, 17:31:52,540
FROV00001,FrozenEngine,780,12/18/2020, 18:18:19,540
FROV00001,FrozenEngine,781,12/18/2020, 19:15:07,540
FROV00001,FrozenEngine,781,12/18/2020, 20:11:21,540
FROV00001,FrozenEngine,781,12/18/2020, 21:09:52,540
FROV00001,FrozenEngine,782,12/18/2020, 22:12:57,540
FROV00001,FrozenEngine,782,12/18/2020, 23:12:00,540
FROV00001,FrozenEngine,782,12/19/2020, 00:28:39,540
FROV00001,FrozenEngine,782,12/19/2020, 01:45:51,540
FROV00001,FrozenEngine,782,12/19/2020, 02:25:12,540
FROV00001,FrozenEngine,782,12/19/2020, 03:13:15,540
FROV00001,FrozenEngine,782,12/19/2020, 04:14:00,540
FROV00001,FrozenEngine,782,12/19/2020, 05:13:10,540
FROV00001,FrozenEngine,782,12/19/2020, 06:13:08,540
FROV00001,FrozenEngine,782,12/19/2020, 07:13:45,540
FROV00001,FrozenEngine,782,12/19/2020, 08:13:08,540
FROV00001,FrozenEngine,782,12/19/2020, 09:12:18,540
FROV00001,FrozenEngine,782,12/19/2020, 10:13:33,540
FROV00001,FrozenEngine,782,12/19/2020, 11:11:41,540
FROV00001,FrozenEngine,782,12/19/2020, 12:14:47,540
FROV00001,FrozenEngine,782,12/19/2020, 13:16:26,540
FROV00001,FrozenEngine,782,12/19/2020, 14:12:43,540
FROV00001,FrozenEngine,782,12/19/2020, 15:11:03,540
FROV00001,FrozenEngine,782,12/19/2020, 16:20:02,540
FROV00001,FrozenEngine,782,12/19/2020, 17:30:32,540
FROV00001,FrozenEngine,782,12/19/2020, 18:14:52,540
FROV00001,FrozenEngine,782,12/19/2020, 19:10:41,540
FROV00001,FrozenEngine,782,12/19/2020, 20:11:27,540
FROV00001,FrozenEngine,782,12/19/2020, 21:09:26,540
FROV00001,FrozenEngine,782,12/19/2020, 22:12:45,540
FROV00001,FrozenEngine,782,12/19/2020, 23:10:28,540
FROV00001,FrozenEngine,782,12/20/2020, 00:28:52,540
FROV00001,FrozenEngine,782,12/20/2020, 01:47:26,540
FROV00001,FrozenEngine,782,12/20/2020, 02:24:43,540
FROV00001,FrozenEngine,782,12/20/2020, 03:11:43,540
FROV00001,FrozenEngine,782,12/20/2020, 04:12:48,540
FROV00001,FrozenEngine,782,12/20/2020, 05:10:29,540
FROV00001,FrozenEngine,782,12/20/2020, 06:12:46,540
FROV00001,FrozenEngine,782,12/20/2020, 07:11:29,540
FROV00001,FrozenEngine,782,12/20/2020, 08:13:11,540
FROV00001,FrozenEngine,782,12/20/2020, 09:11:13,540
FROV00001,FrozenEngine,782,12/20/2020, 10:12:11,540
FROV00001,FrozenEngine,782,12/20/2020, 11:10:56,540
FROV00001,FrozenEngine,784,12/20/2020, 12:15:03,540
FROV00001,FrozenEngine,784,12/20/2020, 13:15:36,540
FROV00001,FrozenEngine,784,12/20/2020, 14:12:24,540
FROV00001,FrozenEngine,785,12/20/2020, 15:10:46,540
FROV00001,FrozenEngine,785,12/20/2020, 16:19:12,540
FROV00001,FrozenEngine,785,12/20/2020, 17:30:12,540
FROV00001,FrozenEngine,785,12/20/2020, 18:15:13,540
FROV00001,FrozenEngine,785,12/20/2020, 19:12:13,540
FROV00001,FrozenEngine,785,12/20/2020, 20:11:27,540
FROV00001,FrozenEngine,785,12/20/2020, 21:10:08,540
FROV00001,FrozenEngine,785,12/20/2020, 22:13:26,540
FROV00001,FrozenEngine,785,12/20/2020, 23:14:12,540
FROV00001,FrozenEngine,786,12/21/2020, 00:31:01,540
FROV00001,FrozenEngine,786,12/21/2020, 01:51:35,540
FROV00001,FrozenEngine,786,12/21/2020, 02:30:21,540
FROV00001,FrozenEngine,786,12/21/2020, 03:16:49,540
FROV00001,FrozenEngine,786,12/21/2020, 04:16:09,540
FROV00001,FrozenEngine,786,12/21/2020, 05:14:49,540
FROV00001,FrozenEngine,786,12/21/2020, 06:13:21,540
FROV00001,FrozenEngine,786,12/21/2020, 07:15:33,540
FROV00001,FrozenEngine,786,12/21/2020, 08:14:10,540
FROV00001,FrozenEngine,786,12/21/2020, 09:14:51,540
FROV00001,FrozenEngine,787,12/21/2020, 10:14:35,540
FROV00001,FrozenEngine,787,12/21/2020, 11:12:46,540
FROV00001,FrozenEngine,787,12/21/2020, 12:15:28,540
FROV00001,FrozenEngine,787,12/21/2020, 13:19:57,540
FROV00001,FrozenEngine,787,12/21/2020, 14:13:26,540
FROV00001,FrozenEngine,787,12/21/2020, 15:12:17,540
FROV00001,FrozenEngine,787,12/21/2020, 16:20:44,540
FROV00001,FrozenEngine,787,12/21/2020, 17:33:45,540
FROV00001,FrozenEngine,787,12/21/2020, 18:18:52,540
FROV00001,FrozenEngine,788,12/21/2020, 19:15:53,540
FROV00001,FrozenEngine,788,12/21/2020, 20:11:57,540
FROV00001,FrozenEngine,789,12/21/2020, 21:11:18,540
FROV00001,FrozenEngine,789,12/21/2020, 22:15:16,540
FROV00001,FrozenEngine,789,12/21/2020, 23:17:27,540
FROV00001,FrozenEngine,789,12/22/2020, 00:32:20,540
FROV00001,FrozenEngine,789,12/22/2020, 01:54:09,540
FROV00001,FrozenEngine,789,12/22/2020, 02:34:27,540
FROV00001,FrozenEngine,789,12/22/2020, 03:20:05,540
FROV00001,FrozenEngine,789,12/22/2020, 04:19:38,540
FROV00001,FrozenEngine,789,12/22/2020, 05:18:09,540
FROV00001,FrozenEngine,789,12/22/2020, 06:15:27,540
FROV00001,FrozenEngine,789,12/22/2020, 07:20:18,540
FROV00001,FrozenEngine,790,12/22/2020, 08:16:17,540
FROV00001,FrozenEngine,790,12/22/2020, 09:18:39,540
FROV00001,FrozenEngine,790,12/22/2020, 10:18:21,540
FROV00001,FrozenEngine,790,12/22/2020, 11:15:39,540
FROV00001,FrozenEngine,790,12/22/2020, 12:17:59,540
FROV00001,FrozenEngine,790,12/22/2020, 13:25:11,540
FROV00001,FrozenEngine,790,12/22/2020, 14:15:22,540
FROV00001,FrozenEngine,790,12/22/2020, 15:13:56,540
FROV00001,FrozenEngine,790,12/22/2020, 16:25:08,540
FROV00001,FrozenEngine,790,12/22/2020, 17:38:19,540
FROV00001,FrozenEngine,790,12/22/2020, 18:23:14,540
FROV00001,FrozenEngine,790,12/22/2020, 19:19:27,540
FROV00001,FrozenEngine,790,12/22/2020, 20:12:55,540
FROV00001,FrozenEngine,790,12/22/2020, 21:12:09,540
FROV00001,FrozenEngine,790,12/22/2020, 22:16:33,540
FROV00001,FrozenEngine,790,12/22/2020, 23:18:59,540
FROV00001,FrozenEngine,790,12/23/2020, 00:34:09,540
FROV00001,FrozenEngine,790,12/23/2020, 01:57:55,540
FROV00001,FrozenEngine,790,12/23/2020, 02:44:22,540
FROV00001,FrozenEngine,790,12/23/2020, 03:21:24,540
FROV00001,FrozenEngine,790,12/23/2020, 04:21:07,540
FROV00001,FrozenEngine,790,12/23/2020, 05:20:48,540
FROV00001,FrozenEngine,790,12/23/2020, 06:15:32,540
FROV00001,FrozenEngine,790,12/23/2020, 07:22:04,540
FROV00001,FrozenEngine,790,12/23/2020, 08:17:01,540
FROV00001,FrozenEngine,790,12/23/2020, 09:19:36,540
FROV00001,FrozenEngine,790,12/23/2020, 10:19:30,540
FROV00001,FrozenEngine,790,12/23/2020, 11:16:06,540
FROV00001,FrozenEngine,790,12/23/2020, 12:17:46,540
FROV00001,FrozenEngine,790,12/23/2020, 13:25:29,540
FROV00001,FrozenEngine,790,12/23/2020, 14:15:18,540
FROV00001,FrozenEngine,790,12/23/2020, 15:14:17,540
FROV00001,FrozenEngine,790,12/23/2020, 16:26:38,540
FROV00001,FrozenEngine,790,12/23/2020, 17:41:39,540
FROV00001,FrozenEngine,790,12/23/2020, 18:28:29,540
FROV00001,FrozenEngine,790,12/23/2020, 19:23:40,540
FROV00001,FrozenEngine,790,12/23/2020, 20:13:49,540
FROV00001,FrozenEngine,790,12/23/2020, 21:12:42,540
FROV00001,FrozenEngine,790,12/23/2020, 22:17:16,540
FROV00001,FrozenEngine,790,12/23/2020, 23:20:11,540
FROV00001,FrozenEngine,790,12/24/2020, 00:37:06,540
FROV00001,FrozenEngine,790,12/24/2020, 02:02:31,540
FROV00001,FrozenEngine,790,12/24/2020, 03:23:39,540
FROV00001,FrozenEngine,790,12/24/2020, 04:23:16,540
FROV00001,FrozenEngine,790,12/24/2020, 05:22:21,540
FROV00001,FrozenEngine,790,12/24/2020, 06:16:50,540
FROV00001,FrozenEngine,790,12/24/2020, 07:22:35,540
FROV00001,FrozenEngine,790,12/24/2020, 08:17:25,540
FROV00001,FrozenEngine,790,12/24/2020, 09:20:00,540
FROV00001,FrozenEngine,790,12/24/2020, 10:19:55,540
FROV00001,FrozenEngine,790,12/24/2020, 11:16:36,540
FROV00001,FrozenEngine,790,12/24/2020, 12:17:45,540
FROV00001,FrozenEngine,790,12/24/2020, 13:25:48,540
FROV00001,FrozenEngine,790,12/24/2020, 14:15:23,540
FROV00001,FrozenEngine,790,12/24/2020, 15:14:12,540
FROV00001,FrozenEngine,790,12/24/2020, 16:27:12,540
FROV00001,FrozenEngine,790,12/24/2020, 17:43:06,540
FROV00001,FrozenEngine,790,12/24/2020, 18:29:39,540
FROV00001,FrozenEngine,790,12/24/2020, 19:25:12,540
FROV00001,FrozenEngine,790,12/24/2020, 20:14:01,540
FROV00001,FrozenEngine,790,12/24/2020, 21:12:33,540
FROV00001,FrozenEngine,790,12/24/2020, 22:15:54,540
FROV00001,FrozenEngine,790,12/24/2020, 23:18:43,540
FROV00001,FrozenEngine,790,12/25/2020, 00:34:27,540
FROV00001,FrozenEngine,790,12/25/2020, 01:58:59,540
FROV00001,FrozenEngine,790,12/25/2020, 02:44:31,540
FROV00001,FrozenEngine,790,12/25/2020, 03:19:49,540
FROV00001,FrozenEngine,790,12/25/2020, 04:18:34,540
FROV00001,FrozenEngine,790,12/25/2020, 05:18:00,540
FROV00001,FrozenEngine,791,12/25/2020, 06:13:32,540
FROV00001,FrozenEngine,791,12/25/2020, 07:17:59,540
FROV00001,FrozenEngine,791,12/25/2020, 08:14:37,540
FROV00001,FrozenEngine,791,12/25/2020, 09:16:49,540
FROV00001,FrozenEngine,791,12/25/2020, 10:16:32,540
FROV00001,FrozenEngine,791,12/25/2020, 11:13:19,540
FROV00001,FrozenEngine,791,12/25/2020, 12:15:36,540
FROV00001,FrozenEngine,791,12/25/2020, 13:21:47,540
FROV00001,FrozenEngine,791,12/25/2020, 14:12:35,540
FROV00001,FrozenEngine,791,12/25/2020, 15:11:44,540
FROV00001,FrozenEngine,791,12/25/2020, 16:22:31,540
FROV00001,FrozenEngine,791,12/25/2020, 17:39:07,540
FROV00001,FrozenEngine,791,12/25/2020, 18:24:15,540
FROV00001,FrozenEngine,791,12/25/2020, 19:20:20,540
FROV00001,FrozenEngine,791,12/25/2020, 20:11:13,540
FROV00001,FrozenEngine,791,12/25/2020, 21:10:19,540
FROV00001,FrozenEngine,791,12/25/2020, 22:14:44,540
FROV00001,FrozenEngine,791,12/25/2020, 23:17:53,540
FROV00001,FrozenEngine,792,12/26/2020, 00:33:18,540
FROV00001,FrozenEngine,793,12/26/2020, 01:57:56,540
FROV00001,FrozenEngine,793,12/26/2020, 02:43:07,540
FROV00001,FrozenEngine,793,12/26/2020, 03:19:41,540
FROV00001,FrozenEngine,793,12/26/2020, 04:18:43,540
FROV00001,FrozenEngine,793,12/26/2020, 05:18:12,540
FROV00001,FrozenEngine,793,12/26/2020, 06:13:24,540
FROV00001,FrozenEngine,793,12/26/2020, 07:18:13,540
FROV00001,FrozenEngine,793,12/26/2020, 08:14:08,540
FROV00001,FrozenEngine,793,12/26/2020, 09:16:32,540
FROV00001,FrozenEngine,793,12/26/2020, 10:16:23,540
FROV00001,FrozenEngine,793,12/26/2020, 11:13:23,540
FROV00001,FrozenEngine,793,12/26/2020, 12:15:31,540
FROV00001,FrozenEngine,793,12/26/2020, 13:21:26,540
FROV00001,FrozenEngine,793,12/26/2020, 14:12:20,540
FROV00001,FrozenEngine,793,12/26/2020, 15:11:01,540
FROV00001,FrozenEngine,793,12/26/2020, 16:21:50,540
FROV00001,FrozenEngine,793,12/26/2020, 17:39:25,540
FROV00001,FrozenEngine,793,12/26/2020, 18:24:32,540
FROV00001,FrozenEngine,793,12/26/2020, 19:20:18,540
FROV00001,FrozenEngine,793,12/26/2020, 20:10:55,540
FROV00001,FrozenEngine,793,12/26/2020, 21:10:15,540
FROV00001,FrozenEngine,793,12/26/2020, 22:14:47,540
FROV00001,FrozenEngine,793,12/26/2020, 23:18:08,540
FROV00001,FrozenEngine,793,12/27/2020, 00:35:18,540
FROV00001,FrozenEngine,793,12/27/2020, 02:03:18,540
FROV00001,FrozenEngine,793,12/27/2020, 03:20:31,540
FROV00001,FrozenEngine,793,12/27/2020, 04:19:46,540
FROV00001,FrozenEngine,793,12/27/2020, 05:19:01,540
FROV00001,FrozenEngine,793,12/27/2020, 06:13:16,540
FROV00001,FrozenEngine,793,12/27/2020, 07:18:38,540
FROV00001,FrozenEngine,793,12/27/2020, 08:14:32,540
FROV00001,FrozenEngine,794,12/27/2020, 09:16:56,540
FROV00001,FrozenEngine,794,12/27/2020, 10:16:55,540
FROV00001,FrozenEngine,794,12/27/2020, 11:13:46,540
FROV00001,FrozenEngine,794,12/27/2020, 12:15:28,540
FROV00001,FrozenEngine,794,12/27/2020, 13:21:45,540
FROV00001,FrozenEngine,794,12/27/2020, 14:12:25,540
FROV00001,FrozenEngine,794,12/27/2020, 15:11:19,540
FROV00001,FrozenEngine,794,12/27/2020, 16:22:09,540
FROV00001,FrozenEngine,794,12/27/2020, 17:40:20,540
FROV00001,FrozenEngine,794,12/27/2020, 18:25:59,540
FROV00001,FrozenEngine,794,12/27/2020, 19:21:02,540
FROV00001,FrozenEngine,794,12/27/2020, 20:11:19,540
FROV00001,FrozenEngine,794,12/27/2020, 21:10:24,540
FROV00001,FrozenEngine,794,12/27/2020, 22:15:07,540
FROV00001,FrozenEngine,794,12/27/2020, 23:18:41,540
FROV00001,FrozenEngine,794,12/28/2020, 00:35:32,540
FROV00001,FrozenEngine,794,12/28/2020, 02:03:13,540
FROV00001,FrozenEngine,794,12/28/2020, 03:21:21,540
FROV00001,FrozenEngine,794,12/28/2020, 04:21:01,540
FROV00001,FrozenEngine,794,12/28/2020, 05:20:19,540
FROV00001,FrozenEngine,794,12/28/2020, 06:14:30,540
FROV00001,FrozenEngine,794,12/28/2020, 07:20:16,540
FROV00001,FrozenEngine,794,12/28/2020, 08:15:36,540
FROV00001,FrozenEngine,794,12/28/2020, 09:18:04,540
FROV00001,FrozenEngine,794,12/28/2020, 10:18:21,540
FROV00001,FrozenEngine,794,12/28/2020, 11:14:50,540
FROV00001,FrozenEngine,794,12/28/2020, 12:15:57,540
FROV00001,FrozenEngine,794,12/28/2020, 13:23:55,540
FROV00001,FrozenEngine,794,12/28/2020, 14:13:42,540
FROV00001,FrozenEngine,794,12/28/2020, 15:12:09,540
FROV00001,FrozenEngine,794,12/28/2020, 16:24:29,540
FROV00001,FrozenEngine,794,12/28/2020, 17:43:13,540
FROV00001,FrozenEngine,794,12/28/2020, 18:30:06,540
FROV00001,FrozenEngine,794,12/28/2020, 19:24:38,540
FROV00001,FrozenEngine,794,12/28/2020, 20:13:31,540
FROV00001,FrozenEngine,794,12/28/2020, 21:11:22,540
FROV00001,FrozenEngine,794,12/28/2020, 22:15:57,540
FROV00001,FrozenEngine,795,12/28/2020, 23:20:30,540
FROV00001,FrozenEngine,795,12/29/2020, 00:36:28,540
FROV00001,FrozenEngine,796,12/29/2020, 02:04:46,540
FROV00001,FrozenEngine,796,12/29/2020, 03:23:22,540
FROV00001,FrozenEngine,796,12/29/2020, 04:23:51,540
FROV00001,FrozenEngine,796,12/29/2020, 05:22:47,540
FROV00001,FrozenEngine,796,12/29/2020, 06:16:05,540
FROV00001,FrozenEngine,796,12/29/2020, 07:21:48,540
FROV00001,FrozenEngine,797,12/29/2020, 08:16:54,540
FROV00001,FrozenEngine,797,12/29/2020, 09:20:35,540
FROV00001,FrozenEngine,797,12/29/2020, 10:20:36,540
FROV00001,FrozenEngine,797,12/29/2020, 11:17:22,540
FROV00001,FrozenEngine,797,12/29/2020, 12:17:03,540
FROV00001,FrozenEngine,797,12/29/2020, 13:26:32,540
FROV00001,FrozenEngine,797,12/29/2020, 14:14:54,540
FROV00001,FrozenEngine,798,12/29/2020, 15:13:06,540
FROV00001,FrozenEngine,798,12/29/2020, 16:27:52,540
FROV00001,FrozenEngine,798,12/29/2020, 17:47:47,540
FROV00001,FrozenEngine,798,12/29/2020, 18:35:25,540
FROV00001,FrozenEngine,798,12/29/2020, 19:30:25,540
FROV00001,FrozenEngine,799,12/29/2020, 20:16:36,540
FROV00001,FrozenEngine,799,12/29/2020, 21:12:47,540
FROV00001,FrozenEngine,799,12/29/2020, 22:17:57,540
FROV00001,FrozenEngine,799,12/29/2020, 23:22:50,540
FROV00001,FrozenEngine,799,12/30/2020, 00:37:47,540
FROV00001,FrozenEngine,799,12/30/2020, 02:06:43,540
FROV00001,FrozenEngine,799,12/30/2020, 03:23:20,540
FROV00001,FrozenEngine,800,12/30/2020, 04:23:23,540
FROV00001,FrozenEngine,800,12/30/2020, 05:22:53,540
FROV00001,FrozenEngine,800,12/30/2020, 06:16:08,540
FROV00001,FrozenEngine,800,12/30/2020, 07:22:14,540
FROV00001,FrozenEngine,800,12/30/2020, 08:17:02,540
FROV00001,FrozenEngine,800,12/30/2020, 09:20:27,540
FROV00001,FrozenEngine,800,12/30/2020, 10:20:34,540
FROV00001,FrozenEngine,800,12/30/2020, 11:17:25,540
FROV00001,FrozenEngine,800,12/30/2020, 12:16:30,540
FROV00001,FrozenEngine,800,12/30/2020, 13:26:00,540
FROV00001,FrozenEngine,800,12/30/2020, 14:14:26,540
FROV00001,FrozenEngine,800,12/30/2020, 15:12:46,540
FROV00001,FrozenEngine,800,12/30/2020, 16:26:52,540
FROV00001,FrozenEngine,800,12/30/2020, 17:47:57,540
FROV00001,FrozenEngine,800,12/30/2020, 18:35:16,540
FROV00001,FrozenEngine,800,12/30/2020, 19:30:47,540
FROV00001,FrozenEngine,800,12/30/2020, 20:16:59,540
FROV00001,FrozenEngine,800,12/30/2020, 21:13:45,540
FROV00001,FrozenEngine,800,12/30/2020, 22:17:18,540
FROV00001,FrozenEngine,800,12/30/2020, 23:21:41,540
FROV00001,FrozenEngine,800,12/31/2020, 00:39:52,540
FROV00001,FrozenEngine,800,12/31/2020, 02:10:05,540
FROV00001,FrozenEngine,800,12/31/2020, 03:25:23,540
FROV00001,FrozenEngine,800,12/31/2020, 04:26:05,540
FROV00001,FrozenEngine,800,12/31/2020, 05:25:42,540
FROV00001,FrozenEngine,800,12/31/2020, 06:19:21,540
FROV00001,FrozenEngine,800,12/31/2020, 07:24:32,540
FROV00001,FrozenEngine,800,12/31/2020, 08:20:56,540
FROV00001,FrozenEngine,800,12/31/2020, 09:23:12,540
FROV00001,FrozenEngine,800,12/31/2020, 10:24:45,540
FROV00001,FrozenEngine,800,12/31/2020, 11:21:44,540
FROV00001,FrozenEngine,800,12/31/2020, 12:19:24,540
FROV00001,FrozenEngine,800,12/31/2020, 13:29:55,540
FROV00001,FrozenEngine,800,12/31/2020, 14:18:49,540
FROV00001,FrozenEngine,800,12/31/2020, 15:15:13,540
FROV00001,FrozenEngine,800,12/31/2020, 16:30:21,540
FROV00001,FrozenEngine,800,12/31/2020, 17:52:37,540
FROV00001,FrozenEngine,800,12/31/2020, 18:38:08,540
FROV00001,FrozenEngine,800,12/31/2020, 19:30:05,540
FROV00001,FrozenEngine,800,12/31/2020, 20:15:45,540
FROV00001,FrozenEngine,800,12/31/2020, 21:11:33,540
FROV00001,FrozenEngine,800,12/31/2020, 22:16:11,540
FROV00001,FrozenEngine,800,12/31/2020, 23:21:54,540
FROV00001,FrozenEngine,800,01/01/2021, 00:39:37,540
FROV00001,FrozenEngine,801,01/01/2021, 02:12:31,540
FROV00001,FrozenEngine,801,01/01/2021, 03:24:48,540
FROV00001,FrozenEngine,801,01/01/2021, 04:24:24,540
FROV00001,FrozenEngine,801,01/01/2021, 05:23:31,540
FROV00001,FrozenEngine,801,01/01/2021, 06:16:56,540
FROV00001,FrozenEngine,801,01/01/2021, 07:22:35,540
FROV00001,FrozenEngine,801,01/01/2021, 08:18:27,540
FROV00001,FrozenEngine,801,01/01/2021, 09:22:03,540
FROV00001,FrozenEngine,801,01/01/2021, 10:22:39,540
FROV00001,FrozenEngine,801,01/01/2021, 11:19:53,540
FROV00001,FrozenEngine,801,01/01/2021, 12:17:27,540
FROV00001,FrozenEngine,801,01/01/2021, 13:27:12,540
FROV00001,FrozenEngine,801,01/01/2021, 14:15:24,540
FROV00001,FrozenEngine,801,01/01/2021, 15:13:24,540
FROV00001,FrozenEngine,801,01/01/2021, 16:27:24,540
FROV00001,FrozenEngine,801,01/01/2021, 17:47:30,540
FROV00001,FrozenEngine,801,01/01/2021, 18:33:22,540
FROV00001,FrozenEngine,801,01/01/2021, 19:29:02,540
FROV00001,FrozenEngine,801,01/01/2021, 20:15:34,540
FROV00001,FrozenEngine,801,01/01/2021, 21:11:55,540
FROV00001,FrozenEngine,801,01/01/2021, 22:16:59,540
FROV00001,FrozenEngine,801,01/01/2021, 23:22:19,540
FROV00001,FrozenEngine,802,01/02/2021, 00:38:17,540
FROV00001,FrozenEngine,802,01/02/2021, 02:09:08,540
FROV00001,FrozenEngine,802,01/02/2021, 03:24:12,540
FROV00001,FrozenEngine,802,01/02/2021, 04:25:20,540
FROV00001,FrozenEngine,803,01/02/2021, 05:24:14,540
FROV00001,FrozenEngine,803,01/02/2021, 06:17:21,540
FROV00001,FrozenEngine,803,01/02/2021, 07:22:44,540
FROV00001,FrozenEngine,803,01/02/2021, 08:17:38,540
FROV00001,FrozenEngine,803,01/02/2021, 09:20:51,540
FROV00001,FrozenEngine,804,01/02/2021, 10:21:31,540
FROV00001,FrozenEngine,804,01/02/2021, 11:18:25,540
FROV00001,FrozenEngine,804,01/02/2021, 12:16:12,540
FROV00001,FrozenEngine,804,01/02/2021, 13:25:18,540
FROV00001,FrozenEngine,804,01/02/2021, 14:13:42,540
FROV00001,FrozenEngine,804,01/02/2021, 15:12:08,540
FROV00001,FrozenEngine,804,01/02/2021, 16:26:09,540
FROV00001,FrozenEngine,804,01/02/2021, 17:46:47,540
FROV00001,FrozenEngine,804,01/02/2021, 18:32:05,540
FROV00001,FrozenEngine,804,01/02/2021, 19:27:36,540
FROV00001,FrozenEngine,806,01/02/2021, 20:14:56,540
FROV00001,FrozenEngine,806,01/02/2021, 21:11:27,540
FROV00001,FrozenEngine,806,01/02/2021, 22:16:45,540
FROV00001,FrozenEngine,806,01/02/2021, 23:22:35,540
FROV00001,FrozenEngine,806,01/03/2021, 00:40:21,540
FROV00001,FrozenEngine,806,01/03/2021, 02:14:27,540
FROV00001,FrozenEngine,806,01/03/2021, 03:26:40,540
FROV00001,FrozenEngine,806,01/03/2021, 04:25:26,540
FROV00001,FrozenEngine,806,01/03/2021, 05:24:36,540
FROV00001,FrozenEngine,806,01/03/2021, 06:17:17,540
FROV00001,FrozenEngine,806,01/03/2021, 07:23:36,540
FROV00001,FrozenEngine,806,01/03/2021, 08:18:56,540
FROV00001,FrozenEngine,806,01/03/2021, 09:22:33,540
FROV00001,FrozenEngine,806,01/03/2021, 10:22:49,540
FROV00001,FrozenEngine,807,01/03/2021, 11:20:03,540
FROV00001,FrozenEngine,807,01/03/2021, 12:16:50,540
FROV00001,FrozenEngine,807,01/03/2021, 13:26:42,540
FROV00001,FrozenEngine,808,01/03/2021, 14:14:37,540
FROV00001,FrozenEngine,809,01/03/2021, 15:12:34,540
FROV00001,FrozenEngine,809,01/03/2021, 16:27:27,540
FROV00001,FrozenEngine,809,01/03/2021, 17:49:09,540
FROV00001,FrozenEngine,809,01/03/2021, 18:32:46,540
FROV00001,FrozenEngine,809,01/03/2021, 19:28:50,540
FROV00001,FrozenEngine,809,01/03/2021, 20:16:20,540
FROV00001,FrozenEngine,809,01/03/2021, 21:12:28,540
FROV00001,FrozenEngine,809,01/03/2021, 22:17:37,540
FROV00001,FrozenEngine,809,01/03/2021, 23:23:21,540
FROV00001,FrozenEngine,809,01/04/2021, 00:41:25,540
FROV00001,FrozenEngine,809,01/04/2021, 02:15:54,540
FROV00001,FrozenEngine,809,01/04/2021, 03:28:14,540
FROV00001,FrozenEngine,809,01/04/2021, 04:27:16,540
FROV00001,FrozenEngine,809,01/04/2021, 05:25:39,540
FROV00001,FrozenEngine,809,01/04/2021, 06:19:12,540
FROV00001,FrozenEngine,809,01/04/2021, 07:24:47,540
FROV00001,FrozenEngine,809,01/04/2021, 08:21:39,540
FROV00001,FrozenEngine,809,01/04/2021, 09:24:19,540
FROV00001,FrozenEngine,809,01/04/2021, 10:25:23,540
FROV00001,FrozenEngine,809,01/04/2021, 11:22:08,540
FROV00001,FrozenEngine,809,01/04/2021, 12:18:14,540
FROV00001,FrozenEngine,809,01/04/2021, 13:29:07,540
FROV00001,FrozenEngine,809,01/04/2021, 14:17:52,540
FROV00001,FrozenEngine,809,01/04/2021, 15:13:56,540
FROV00001,FrozenEngine,809,01/04/2021, 16:29:23,540
FROV00001,FrozenEngine,809,01/04/2021, 17:52:46,540
FROV00001,FrozenEngine,809,01/04/2021, 18:34:58,540
FROV00001,FrozenEngine,809,01/04/2021, 19:28:19,540
FROV00001,FrozenEngine,809,01/04/2021, 20:17:25,540
FROV00001,FrozenEngine,809,01/04/2021, 21:13:17,540
FROV00001,FrozenEngine,809,01/04/2021, 22:17:55,540
FROV00001,FrozenEngine,809,01/04/2021, 23:24:29,540
FROV00001,FrozenEngine,809,01/05/2021, 00:41:27,540
FROV00001,FrozenEngine,809,01/05/2021, 02:16:29,540
FROV00001,FrozenEngine,809,01/05/2021, 03:28:23,540
FROV00001,FrozenEngine,809,01/05/2021, 04:27:58,540
FROV00001,FrozenEngine,809,01/05/2021, 05:26:09,540
FROV00001,FrozenEngine,809,01/05/2021, 06:19:18,540
FROV00001,FrozenEngine,809,01/05/2021, 07:25:23,540
FROV00001,FrozenEngine,809,01/05/2021, 08:22:22,540
FROV00001,FrozenEngine,809,01/05/2021, 09:25:24,540
FROV00001,FrozenEngine,809,01/05/2021, 10:25:41,540
FROV00001,FrozenEngine,809,01/05/2021, 11:22:31,540
FROV00001,FrozenEngine,809,01/05/2021, 12:18:15,540
FROV00001,FrozenEngine,809,01/05/2021, 13:29:29,540
FROV00001,FrozenEngine,809,01/05/2021, 14:18:09,540
FROV00001,FrozenEngine,809,01/05/2021, 15:14:10,540
FROV00001,FrozenEngine,809,01/05/2021, 16:30:21,540
FROV00001,FrozenEngine,809,01/05/2021, 17:58:14,540
FROV00001,FrozenEngine,809,01/05/2021, 18:43:42,540
FROV00001,FrozenEngine,809,01/05/2021, 19:28:56,540
FROV00001,FrozenEngine,809,01/05/2021, 20:18:07,540
FROV00001,FrozenEngine,809,01/05/2021, 21:13:21,540
FROV00001,FrozenEngine,809,01/05/2021, 22:18:25,540
FROV00001,FrozenEngine,809,01/05/2021, 23:25:26,540
FROV00001,FrozenEngine,809,01/06/2021, 00:41:28,540
FROV00001,FrozenEngine,809,01/06/2021, 02:17:22,540
FROV00001,FrozenEngine,809,01/06/2021, 03:29:51,540
FROV00001,FrozenEngine,809,01/06/2021, 04:28:45,540
FROV00001,FrozenEngine,809,01/06/2021, 05:27:48,540
FROV00001,FrozenEngine,809,01/06/2021, 06:19:46,540
FROV00001,FrozenEngine,809,01/06/2021, 07:26:42,540
FROV00001,FrozenEngine,809,01/06/2021, 08:21:56,540
FROV00001,FrozenEngine,809,01/06/2021, 09:25:53,540
FROV00001,FrozenEngine,809,01/06/2021, 10:26:37,540
FROV00001,FrozenEngine,809,01/06/2021, 11:22:55,540
FROV00001,FrozenEngine,809,01/06/2021, 12:18:36,540
FROV00001,FrozenEngine,809,01/06/2021, 13:29:49,540
FROV00001,FrozenEngine,809,01/06/2021, 14:18:43,540
FROV00001,FrozenEngine,809,01/06/2021, 15:14:26,540
FROV00001,FrozenEngine,809,01/06/2021, 16:31:02,540
FROV00001,FrozenEngine,809,01/06/2021, 17:56:42,540
FROV00001,FrozenEngine,809,01/06/2021, 18:40:01,540
FROV00001,FrozenEngine,809,01/06/2021, 19:29:01,540
FROV00001,FrozenEngine,809,01/06/2021, 20:18:24,540
FROV00001,FrozenEngine,809,01/06/2021, 21:13:30,540
FROV00001,FrozenEngine,809,01/06/2021, 22:19:05,540
FROV00001,FrozenEngine,809,01/06/2021, 23:26:34,540
FROV00001,FrozenEngine,809,01/07/2021, 00:44:55,540
FROV00001,FrozenEngine,809,01/07/2021, 02:21:38,540
FROV00001,FrozenEngine,809,01/07/2021, 03:34:04,540
FROV00001,FrozenEngine,809,01/07/2021, 04:31:25,540
FROV00001,FrozenEngine,809,01/07/2021, 05:30:06,540
FROV00001,FrozenEngine,809,01/07/2021, 06:21:16,540
FROV00001,FrozenEngine,809,01/07/2021, 07:27:55,540
FROV00001,FrozenEngine,809,01/07/2021, 08:22:34,540
FROV00001,FrozenEngine,809,01/07/2021, 09:26:51,540
FROV00001,FrozenEngine,809,01/07/2021, 10:27:17,540
FROV00001,FrozenEngine,809,01/07/2021, 11:23:49,540
FROV00001,FrozenEngine,809,01/07/2021, 12:18:56,540
FROV00001,FrozenEngine,809,01/07/2021, 13:30:30,540
FROV00001,FrozenEngine,810,01/07/2021, 14:19:25,540
FROV00001,FrozenEngine,810,01/07/2021, 15:14:17,540
FROV00001,FrozenEngine,810,01/07/2021, 16:31:37,540
FROV00001,FrozenEngine,810,01/07/2021, 17:57:44,540
FROV00001,FrozenEngine,810,01/07/2021, 18:44:09,540
FROV00001,FrozenEngine,810,01/07/2021, 19:25:33,540
FROV00001,FrozenEngine,810,01/07/2021, 20:16:41,540
FROV00001,FrozenEngine,810,01/07/2021, 21:13:30,540
FROV00001,FrozenEngine,810,01/07/2021, 22:19:04,540
FROV00001,FrozenEngine,810,01/07/2021, 23:26:38,540
FROV00001,FrozenEngine,810,01/08/2021, 00:44:21,540
FROV00001,FrozenEngine,810,01/08/2021, 02:22:09,540
FROV00001,FrozenEngine,810,01/08/2021, 03:35:37,540
FROV00001,FrozenEngine,810,01/08/2021, 04:32:21,540
FROV00001,FrozenEngine,810,01/08/2021, 05:31:41,540
FROV00001,FrozenEngine,810,01/08/2021, 06:22:43,540
FROV00001,FrozenEngine,810,01/08/2021, 07:28:21,540
FROV00001,FrozenEngine,810,01/08/2021, 08:23:45,540
FROV00001,FrozenEngine,810,01/08/2021, 09:27:35,540
FROV00001,FrozenEngine,810,01/08/2021, 10:28:36,540
FROV00001,FrozenEngine,810,01/08/2021, 11:25:00,540
FROV00001,FrozenEngine,810,01/08/2021, 12:21:18,540
FROV00001,FrozenEngine,810,01/08/2021, 13:32:41,540
FROV00001,FrozenEngine,810,01/08/2021, 14:19:50,540
FROV00001,FrozenEngine,810,01/08/2021, 15:15:39,540
FROV00001,FrozenEngine,811,01/08/2021, 16:33:43,540
FROV00001,FrozenEngine,811,01/08/2021, 17:59:21,540
FROV00001,FrozenEngine,811,01/08/2021, 18:44:02,540
FROV00001,FrozenEngine,811,01/08/2021, 19:27:03,540
FROV00001,FrozenEngine,811,01/08/2021, 20:17:48,540
FROV00001,FrozenEngine,811,01/08/2021, 21:15:13,540
FROV00001,FrozenEngine,811,01/08/2021, 22:21:14,540
FROV00001,FrozenEngine,811,01/08/2021, 23:28:06,540
FROV00001,FrozenEngine,811,01/09/2021, 00:44:20,540
FROV00001,FrozenEngine,811,01/09/2021, 02:22:55,540
FROV00001,FrozenEngine,811,01/09/2021, 03:36:25,540
FROV00001,FrozenEngine,811,01/09/2021, 04:34:02,540
FROV00001,FrozenEngine,812,01/09/2021, 05:33:16,540
FROV00001,FrozenEngine,812,01/09/2021, 06:25:28,540
FROV00001,FrozenEngine,812,01/09/2021, 07:28:45,540
FROV00001,FrozenEngine,813,01/09/2021, 08:24:28,540
FROV00001,FrozenEngine,813,01/09/2021, 09:27:52,540
FROV00001,FrozenEngine,813,01/09/2021, 10:28:07,540
FROV00001,FrozenEngine,813,01/09/2021, 11:25:19,540
FROV00001,FrozenEngine,813,01/09/2021, 12:20:56,540
FROV00001,FrozenEngine,813,01/09/2021, 13:32:50,540
FROV00001,FrozenEngine,813,01/09/2021, 14:19:16,540
FROV00001,FrozenEngine,813,01/09/2021, 15:15:39,540
FROV00001,FrozenEngine,813,01/09/2021, 16:35:23,540
FROV00001,FrozenEngine,813,01/09/2021, 18:02:16,540
FROV00001,FrozenEngine,813,01/09/2021, 19:32:26,540
FROV00001,FrozenEngine,813,01/09/2021, 20:21:26,540
FROV00001,FrozenEngine,814,01/09/2021, 21:15:50,540
FROV00001,FrozenEngine,814,01/09/2021, 22:21:55,540
FROV00001,FrozenEngine,814,01/09/2021, 23:28:29,540
FROV00001,FrozenEngine,814,01/10/2021, 00:46:35,540
FROV00001,FrozenEngine,814,01/10/2021, 02:28:32,540
FROV00001,FrozenEngine,814,01/10/2021, 03:42:02,540
FROV00001,FrozenEngine,814,01/10/2021, 04:36:07,540
FROV00001,FrozenEngine,814,01/10/2021, 05:34:45,540
FROV00001,FrozenEngine,814,01/10/2021, 06:26:22,540
FROV00001,FrozenEngine,814,01/10/2021, 07:31:13,540
FROV00001,FrozenEngine,814,01/10/2021, 08:25:08,540
FROV00001,FrozenEngine,814,01/10/2021, 09:28:54,540
FROV00001,FrozenEngine,814,01/10/2021, 10:30:07,540
FROV00001,FrozenEngine,814,01/10/2021, 11:26:03,540
FROV00001,FrozenEngine,814,01/10/2021, 12:22:58,540
FROV00001,FrozenEngine,814,01/10/2021, 13:33:30,540
FROV00001,FrozenEngine,814,01/10/2021, 14:20:55,540
FROV00001,FrozenEngine,814,01/10/2021, 15:16:44,540
FROV00001,FrozenEngine,814,01/10/2021, 16:35:25,540
FROV00001,FrozenEngine,814,01/10/2021, 18:04:23,540
FROV00001,FrozenEngine,814,01/10/2021, 19:34:33,540
FROV00001,FrozenEngine,814,01/10/2021, 20:20:20,540
FROV00001,FrozenEngine,814,01/10/2021, 21:14:11,540
FROV00001,FrozenEngine,814,01/10/2021, 22:20:32,540
FROV00001,FrozenEngine,814,01/10/2021, 23:27:50,540
FROV00001,FrozenEngine,814,01/11/2021, 00:45:51,540
FROV00001,FrozenEngine,814,01/11/2021, 02:27:10,540
FROV00001,FrozenEngine,814,01/11/2021, 03:41:25,540
FROV00001,FrozenEngine,814,01/11/2021, 04:36:11,540
FROV00001,FrozenEngine,814,01/11/2021, 05:35:28,540
FROV00001,FrozenEngine,814,01/11/2021, 06:27:32,540
FROV00001,FrozenEngine,814,01/11/2021, 07:31:30,540
FROV00001,FrozenEngine,814,01/11/2021, 08:28:07,540
FROV00001,FrozenEngine,814,01/11/2021, 09:32:23,540
FROV00001,FrozenEngine,814,01/11/2021, 10:34:03,540
FROV00001,FrozenEngine,814,01/11/2021, 11:28:55,540
FROV00001,FrozenEngine,814,01/11/2021, 12:25:15,540
FROV00001,FrozenEngine,814,01/11/2021, 13:37:17,540
FROV00001,FrozenEngine,814,01/11/2021, 14:24:10,540
FROV00001,FrozenEngine,814,01/11/2021, 15:17:05,540
FROV00001,FrozenEngine,814,01/11/2021, 16:33:28,540
FROV00001,FrozenEngine,814,01/11/2021, 18:04:26,540
FROV00001,FrozenEngine,814,01/11/2021, 19:35:25,540
FROV00001,FrozenEngine,814,01/11/2021, 20:23:35,540
FROV00001,FrozenEngine,814,01/11/2021, 21:18:45,540
FROV00001,FrozenEngine,814,01/11/2021, 22:24:04,540
FROV00001,FrozenEngine,814,01/11/2021, 23:30:44,540
FROV00001,FrozenEngine,814,01/12/2021, 00:48:20,540
FROV00001,FrozenEngine,814,01/12/2021, 02:30:53,540
FROV00001,FrozenEngine,814,01/12/2021, 03:43:39,540
FROV00001,FrozenEngine,814,01/12/2021, 04:35:51,540
FROV00001,FrozenEngine,814,01/12/2021, 05:36:45,540
FROV00001,FrozenEngine,814,01/12/2021, 06:28:25,540
FROV00001,FrozenEngine,814,01/12/2021, 07:33:47,540
FROV00001,FrozenEngine,814,01/12/2021, 08:29:41,540
FROV00001,FrozenEngine,814,01/12/2021, 09:35:57,540
FROV00001,FrozenEngine,814,01/12/2021, 10:34:54,540
FROV00001,FrozenEngine,814,01/12/2021, 11:30:36,540
FROV00001,FrozenEngine,814,01/12/2021, 12:26:01,540
FROV00001,FrozenEngine,814,01/12/2021, 13:39:44,540
FROV00001,FrozenEngine,814,01/12/2021, 14:26:46,540
FROV00001,FrozenEngine,814,01/12/2021, 15:21:18,540
FROV00001,FrozenEngine,814,01/12/2021, 16:38:37,540
FROV00001,FrozenEngine,815,01/12/2021, 18:12:49,540
FROV00001,FrozenEngine,815,01/12/2021, 19:42:20,540
FROV00001,FrozenEngine,815,01/12/2021, 20:28:50,540
FROV00001,FrozenEngine,815,01/12/2021, 21:22:03,540
FROV00001,FrozenEngine,815,01/12/2021, 22:27:47,540
FROV00001,FrozenEngine,815,01/12/2021, 23:35:12,540
FROV00001,FrozenEngine,815,01/13/2021, 00:54:58,540
FROV00001,FrozenEngine,815,01/13/2021, 02:37:31,540
FROV00001,FrozenEngine,815,01/13/2021, 03:50:37,540
FROV00001,FrozenEngine,815,01/13/2021, 04:39:01,540
FROV00001,FrozenEngine,815,01/13/2021, 05:41:18,540
FROV00001,FrozenEngine,815,01/13/2021, 06:33:58,540
FROV00001,FrozenEngine,815,01/13/2021, 07:40:26,540
FROV00001,FrozenEngine,815,01/13/2021, 08:37:04,540
FROV00001,FrozenEngine,815,01/13/2021, 09:41:21,540
FROV00001,FrozenEngine,815,01/13/2021, 10:42:51,540
FROV00001,FrozenEngine,815,01/13/2021, 11:39:15,540
FROV00001,FrozenEngine,815,01/13/2021, 12:33:57,540
FROV00001,FrozenEngine,815,01/13/2021, 13:47:04,540
FROV00001,FrozenEngine,815,01/13/2021, 15:27:26,540
FROV00001,FrozenEngine,815,01/13/2021, 16:45:19,540
FROV00001,FrozenEngine,815,01/13/2021, 18:26:21,540
FROV00001,FrozenEngine,815,01/13/2021, 19:54:18,540
FROV00001,FrozenEngine,815,01/13/2021, 20:34:22,540
FROV00001,FrozenEngine,815,01/13/2021, 21:26:26,540
FROV00001,FrozenEngine,815,01/13/2021, 22:29:42,540
FROV00001,FrozenEngine,815,01/13/2021, 23:38:51,540
FROV00001,FrozenEngine,815,01/14/2021, 01:03:14,540
FROV00001,FrozenEngine,815,01/14/2021, 03:06:16,540
FROV00001,FrozenEngine,815,01/14/2021, 04:39:00,540
FROV00001,FrozenEngine,815,01/14/2021, 05:43:45,540
FROV00001,FrozenEngine,815,01/14/2021, 06:36:51,540
FROV00001,FrozenEngine,815,01/14/2021, 07:42:22,540
FROV00001,FrozenEngine,815,01/14/2021, 08:37:23,540
FROV00001,FrozenEngine,815,01/14/2021, 09:41:52,540
FROV00001,FrozenEngine,816,01/14/2021, 10:44:05,540
FROV00001,FrozenEngine,816,01/14/2021, 11:40:13,540
FROV00001,FrozenEngine,816,01/14/2021, 12:32:47,540
FROV00001,FrozenEngine,816,01/14/2021, 13:47:31,540
FROV00001,FrozenEngine,816,01/14/2021, 14:35:18,540
FROV00001,FrozenEngine,816,01/14/2021, 15:25:54,540
FROV00001,FrozenEngine,817,01/14/2021, 16:44:10,540
FROV00001,FrozenEngine,817,01/14/2021, 18:23:15,540
FROV00001,FrozenEngine,817,01/14/2021, 19:50:17,540
FROV00001,FrozenEngine,817,01/14/2021, 20:33:35,540
FROV00001,FrozenEngine,817,01/14/2021, 21:24:25,540
FROV00001,FrozenEngine,817,01/14/2021, 22:27:43,540
FROV00001,FrozenEngine,817,01/14/2021, 23:36:06,540
FROV00001,FrozenEngine,817,01/15/2021, 00:58:49,540
FROV00001,FrozenEngine,817,01/15/2021, 02:47:02,540
FROV00001,FrozenEngine,818,01/15/2021, 03:54:02,540
FROV00001,FrozenEngine,818,01/15/2021, 04:37:04,540
FROV00001,FrozenEngine,818,01/15/2021, 05:40:27,540
FROV00001,FrozenEngine,818,01/15/2021, 06:33:17,540
FROV00001,FrozenEngine,818,01/15/2021, 07:39:25,540
FROV00001,FrozenEngine,818,01/15/2021, 08:34:56,540
FROV00001,FrozenEngine,818,01/15/2021, 09:40:06,540
FROV00001,FrozenEngine,818,01/15/2021, 10:42:06,540
FROV00001,FrozenEngine,818,01/15/2021, 11:38:59,540
FROV00001,FrozenEngine,818,01/15/2021, 12:32:08,540
FROV00001,FrozenEngine,818,01/15/2021, 13:45:32,540
FROV00001,FrozenEngine,818,01/15/2021, 14:33:55,540
FROV00001,FrozenEngine,818,01/15/2021, 15:24:31,540
FROV00001,FrozenEngine,818,01/15/2021, 16:50:28,540
FROV00001,FrozenEngine,818,01/15/2021, 18:21:02,540
FROV00001,FrozenEngine,820,01/15/2021, 19:49:23,540
FROV00001,FrozenEngine,820,01/15/2021, 20:35:11,540
FROV00001,FrozenEngine,820,01/15/2021, 21:26:59,540
FROV00001,FrozenEngine,820,01/15/2021, 22:31:29,540
FROV00001,FrozenEngine,820,01/15/2021, 23:39:10,540
FROV00001,FrozenEngine,820,01/16/2021, 01:01:11,540
FROV00001,FrozenEngine,820,01/16/2021, 03:03:44,540
FROV00001,FrozenEngine,820,01/16/2021, 04:37:45,540
FROV00001,FrozenEngine,820,01/16/2021, 05:41:28,540
FROV00001,FrozenEngine,820,01/16/2021, 06:34:18,540
FROV00001,FrozenEngine,820,01/16/2021, 07:39:46,540
FROV00001,FrozenEngine,820,01/16/2021, 08:34:44,540
FROV00001,FrozenEngine,820,01/16/2021, 09:38:48,540
FROV00001,FrozenEngine,820,01/16/2021, 10:41:09,540
FROV00001,FrozenEngine,820,01/16/2021, 11:37:29,540
FROV00001,FrozenEngine,820,01/16/2021, 12:30:51,540
FROV00001,FrozenEngine,820,01/16/2021, 13:44:12,540
FROV00001,FrozenEngine,820,01/16/2021, 14:31:50,540
FROV00001,FrozenEngine,820,01/16/2021, 15:22:43,540
FROV00001,FrozenEngine,820,01/16/2021, 16:41:43,540
FROV00001,FrozenEngine,821,01/16/2021, 18:17:50,540
FROV00001,FrozenEngine,821,01/16/2021, 19:45:45,540
FROV00001,FrozenEngine,821,01/16/2021, 20:32:05,540
FROV00001,FrozenEngine,821,01/16/2021, 21:22:33,540
FROV00001,FrozenEngine,821,01/16/2021, 22:27:50,540
FROV00001,FrozenEngine,821,01/16/2021, 23:35:11,540
FROV00001,FrozenEngine,821,01/17/2021, 00:59:32,540
FROV00001,FrozenEngine,821,01/17/2021, 02:51:24,540
FROV00001,FrozenEngine,821,01/17/2021, 03:56:45,540
FROV00001,FrozenEngine,821,01/17/2021, 04:47:34,540
FROV00001,FrozenEngine,821,01/17/2021, 05:41:57,540
FROV00001,FrozenEngine,821,01/17/2021, 06:34:02,540
FROV00001,FrozenEngine,821,01/17/2021, 07:39:30,540
FROV00001,FrozenEngine,821,01/17/2021, 08:34:21,540
FROV00001,FrozenEngine,821,01/17/2021, 09:38:20,540
FROV00001,FrozenEngine,821,01/17/2021, 10:40:13,540
FROV00001,FrozenEngine,821,01/17/2021, 11:36:12,540
FROV00001,FrozenEngine,821,01/17/2021, 12:29:38,540
FROV00001,FrozenEngine,822,01/17/2021, 13:46:16,540
FROV00001,FrozenEngine,822,01/17/2021, 14:30:13,540
FROV00001,FrozenEngine,822,01/17/2021, 15:22:25,540
FROV00001,FrozenEngine,823,01/17/2021, 16:41:18,540
FROV00001,FrozenEngine,823,01/17/2021, 18:16:58,540
FROV00001,FrozenEngine,824,01/17/2021, 19:44:24,540
FROV00001,FrozenEngine,824,01/17/2021, 20:31:01,540
FROV00001,FrozenEngine,824,01/17/2021, 21:22:07,540
FROV00001,FrozenEngine,824,01/17/2021, 22:27:43,540
FROV00001,FrozenEngine,824,01/17/2021, 23:34:57,540
FROV00001,FrozenEngine,825,01/18/2021, 00:58:10,540
FROV00001,FrozenEngine,825,01/18/2021, 02:47:54,540
FROV00001,FrozenEngine,825,01/18/2021, 03:55:11,540
FROV00001,FrozenEngine,825,01/18/2021, 04:38:27,540
FROV00001,FrozenEngine,826,01/18/2021, 05:42:05,540
FROV00001,FrozenEngine,826,01/18/2021, 06:34:54,540
FROV00001,FrozenEngine,826,01/18/2021, 07:41:15,540
FROV00001,FrozenEngine,826,01/18/2021, 08:37:56,540
FROV00001,FrozenEngine,826,01/18/2021, 09:41:51,540
FROV00001,FrozenEngine,826,01/18/2021, 10:44:25,540
FROV00001,FrozenEngine,826,01/18/2021, 11:41:21,540
FROV00001,FrozenEngine,826,01/18/2021, 12:32:54,540
FROV00001,FrozenEngine,826,01/18/2021, 13:47:15,540
FROV00001,FrozenEngine,826,01/18/2021, 14:35:19,540
FROV00001,FrozenEngine,826,01/18/2021, 15:25:41,540
FROV00001,FrozenEngine,827,01/18/2021, 16:44:05,540
FROV00001,FrozenEngine,827,01/18/2021, 18:20:40,540
FROV00001,FrozenEngine,827,01/18/2021, 19:48:59,540
FROV00001,FrozenEngine,827,01/18/2021, 20:36:22,540
FROV00001,FrozenEngine,827,01/18/2021, 21:28:10,540
FROV00001,FrozenEngine,827,01/18/2021, 22:31:24,540
FROV00001,FrozenEngine,827,01/18/2021, 23:38:45,540
FROV00001,FrozenEngine,827,01/19/2021, 01:01:13,540
FROV00001,FrozenEngine,827,01/19/2021, 03:06:11,540
FROV00001,FrozenEngine,827,01/19/2021, 04:38:02,540
FROV00001,FrozenEngine,827,01/19/2021, 05:43:12,540
FROV00001,FrozenEngine,827,01/19/2021, 06:36:16,540
FROV00001,FrozenEngine,827,01/19/2021, 07:42:26,540
FROV00001,FrozenEngine,827,01/19/2021, 08:38:37,540
FROV00001,FrozenEngine,827,01/19/2021, 09:43:58,540
FROV00001,FrozenEngine,827,01/19/2021, 10:46:44,540
FROV00001,FrozenEngine,827,01/19/2021, 11:43:29,540
FROV00001,FrozenEngine,827,01/19/2021, 12:34:36,540
FROV00001,FrozenEngine,827,01/19/2021, 13:49:49,540
FROV00001,FrozenEngine,827,01/19/2021, 14:42:40,540
FROV00001,FrozenEngine,827,01/19/2021, 15:25:08,540
FROV00001,FrozenEngine,827,01/19/2021, 16:43:46,540
FROV00001,FrozenEngine,827,01/19/2021, 18:18:34,540
FROV00001,FrozenEngine,827,01/19/2021, 19:49:36,540
FROV00001,FrozenEngine,827,01/19/2021, 20:37:46,540
FROV00001,FrozenEngine,827,01/19/2021, 21:28:58,540
FROV00001,FrozenEngine,827,01/19/2021, 22:31:55,540
FROV00001,FrozenEngine,828,01/19/2021, 23:39:24,540
FROV00001,FrozenEngine,828,01/20/2021, 01:02:32,540
FROV00001,FrozenEngine,828,01/20/2021, 03:08:38,540
FROV00001,FrozenEngine,828,01/20/2021, 04:40:25,540
FROV00001,FrozenEngine,828,01/20/2021, 05:45:56,540
FROV00001,FrozenEngine,828,01/20/2021, 06:39:25,540
FROV00001,FrozenEngine,828,01/20/2021, 07:45:27,540
FROV00001,FrozenEngine,828,01/20/2021, 08:41:39,540
FROV00001,FrozenEngine,828,01/20/2021, 09:45:46,540
FROV00001,FrozenEngine,828,01/20/2021, 10:47:24,540
FROV00001,FrozenEngine,828,01/20/2021, 11:43:30,540
FROV00001,FrozenEngine,828,01/20/2021, 12:34:22,540
FROV00001,FrozenEngine,828,01/20/2021, 13:48:47,540
FROV00001,FrozenEngine,828,01/20/2021, 14:35:46,540
FROV00001,FrozenEngine,828,01/20/2021, 15:26:40,540
FROV00001,FrozenEngine,828,01/20/2021, 16:46:09,540
FROV00001,FrozenEngine,828,01/20/2021, 18:21:00,540
FROV00001,FrozenEngine,829,01/20/2021, 19:50:19,540
FROV00001,FrozenEngine,829,01/20/2021, 20:35:26,540
FROV00001,FrozenEngine,829,01/20/2021, 21:29:00,540
FROV00001,FrozenEngine,829,01/20/2021, 22:28:35,540
FROV00001,FrozenEngine,829,01/20/2021, 23:36:29,540
FROV00001,FrozenEngine,829,01/21/2021, 01:02:26,540
FROV00001,FrozenEngine,829,01/21/2021, 03:08:11,540
FROV00001,FrozenEngine,829,01/21/2021, 04:39:15,540
FROV00001,FrozenEngine,829,01/21/2021, 05:44:52,540
FROV00001,FrozenEngine,829,01/21/2021, 06:38:11,540
FROV00001,FrozenEngine,829,01/21/2021, 07:44:11,540
FROV00001,FrozenEngine,829,01/21/2021, 08:39:52,540
FROV00001,FrozenEngine,829,01/21/2021, 09:44:54,540
FROV00001,FrozenEngine,829,01/21/2021, 10:46:19,540
FROV00001,FrozenEngine,829,01/21/2021, 11:42:59,540
FROV00001,FrozenEngine,829,01/21/2021, 12:34:42,540
FROV00001,FrozenEngine,829,01/21/2021, 13:49:13,540
FROV00001,FrozenEngine,829,01/21/2021, 14:36:03,540
FROV00001,FrozenEngine,829,01/21/2021, 15:26:21,540
FROV00001,FrozenEngine,829,01/21/2021, 16:44:11,540
FROV00001,FrozenEngine,829,01/21/2021, 18:18:48,540
FROV00001,FrozenEngine,829,01/21/2021, 19:46:22,540
FROV00001,FrozenEngine,829,01/21/2021, 20:33:49,540
FROV00001,FrozenEngine,829,01/21/2021, 21:25:36,540
FROV00001,FrozenEngine,829,01/21/2021, 22:29:41,540
FROV00001,FrozenEngine,829,01/21/2021, 23:36:59,540
FROV00001,FrozenEngine,829,01/22/2021, 01:01:00,540
FROV00001,FrozenEngine,829,01/22/2021, 03:07:06,540
FROV00001,FrozenEngine,829,01/22/2021, 04:39:12,540
FROV00001,FrozenEngine,829,01/22/2021, 05:44:33,540
FROV00001,FrozenEngine,829,01/22/2021, 06:37:35,540
FROV00001,FrozenEngine,829,01/22/2021, 07:45:02,540
FROV00001,FrozenEngine,829,01/22/2021, 08:38:26,540
FROV00001,FrozenEngine,829,01/22/2021, 09:43:00,540
FROV00001,FrozenEngine,829,01/22/2021, 10:45:26,540
FROV00001,FrozenEngine,829,01/22/2021, 11:41:36,540
FROV00001,FrozenEngine,829,01/22/2021, 12:33:39,540
FROV00001,FrozenEngine,829,01/22/2021, 13:47:46,540
FROV00001,FrozenEngine,829,01/22/2021, 14:35:45,540
FROV00001,FrozenEngine,829,01/22/2021, 15:26:52,540
FROV00001,FrozenEngine,829,01/22/2021, 16:44:34,540
FROV00001,FrozenEngine,829,01/22/2021, 18:20:08,540
FROV00001,FrozenEngine,829,01/22/2021, 19:49:27,540
FROV00001,FrozenEngine,829,01/22/2021, 20:36:30,540
FROV00001,FrozenEngine,829,01/22/2021, 21:28:01,540
FROV00001,FrozenEngine,829,01/22/2021, 22:31:34,540
FROV00001,FrozenEngine,829,01/22/2021, 23:37:44,540
FROV00001,FrozenEngine,829,01/23/2021, 01:00:42,540
FROV00001,FrozenEngine,829,01/23/2021, 03:05:54,540
FROV00001,FrozenEngine,829,01/23/2021, 04:37:57,540
FROV00001,FrozenEngine,829,01/23/2021, 05:42:53,540
FROV00001,FrozenEngine,829,01/23/2021, 06:34:53,540
FROV00001,FrozenEngine,829,01/23/2021, 07:40:56,540
FROV00001,FrozenEngine,829,01/23/2021, 08:35:55,540
FROV00001,FrozenEngine,829,01/23/2021, 09:39:52,540
FROV00001,FrozenEngine,829,01/23/2021, 10:41:21,540
FROV00001,FrozenEngine,829,01/23/2021, 11:37:28,540
FROV00001,FrozenEngine,829,01/23/2021, 12:31:08,540
FROV00001,FrozenEngine,829,01/23/2021, 13:44:43,540
FROV00001,FrozenEngine,829,01/23/2021, 14:32:53,540
FROV00001,FrozenEngine,829,01/23/2021, 15:23:54,540
FROV00001,FrozenEngine,830,01/23/2021, 16:42:33,540
FROV00001,FrozenEngine,830,01/23/2021, 18:17:04,540
FROV00001,FrozenEngine,830,01/23/2021, 19:46:05,540
FROV00001,FrozenEngine,830,01/23/2021, 20:32:24,540
FROV00001,FrozenEngine,830,01/23/2021, 21:24:01,540
FROV00001,FrozenEngine,830,01/23/2021, 22:28:34,540
FROV00001,FrozenEngine,830,01/23/2021, 23:35:27,540
FROV00001,FrozenEngine,830,01/24/2021, 01:00:34,540
FROV00001,FrozenEngine,830,01/24/2021, 02:53:33,540
FROV00001,FrozenEngine,830,01/24/2021, 04:01:45,540
FROV00001,FrozenEngine,830,01/24/2021, 05:44:36,540
FROV00001,FrozenEngine,830,01/24/2021, 06:36:52,540
FROV00001,FrozenEngine,830,01/24/2021, 07:42:02,540
FROV00001,FrozenEngine,830,01/24/2021, 08:36:41,540
FROV00001,FrozenEngine,830,01/24/2021, 09:40:27,540
FROV00001,FrozenEngine,830,01/24/2021, 10:43:58,540
FROV00001,FrozenEngine,830,01/24/2021, 11:38:30,540
FROV00001,FrozenEngine,830,01/24/2021, 12:32:13,540
FROV00001,FrozenEngine,830,01/24/2021, 13:45:34,540
FROV00001,FrozenEngine,830,01/24/2021, 14:33:01,540
FROV00001,FrozenEngine,830,01/24/2021, 15:25:12,540
FROV00001,FrozenEngine,830,01/24/2021, 16:43:54,540
FROV00001,FrozenEngine,830,01/24/2021, 18:18:20,540
FROV00001,FrozenEngine,830,01/24/2021, 19:46:51,540
FROV00001,FrozenEngine,830,01/24/2021, 20:33:59,540
FROV00001,FrozenEngine,830,01/24/2021, 21:25:17,540
FROV00001,FrozenEngine,831,01/24/2021, 22:29:56,540
FROV00001,FrozenEngine,831,01/24/2021, 23:36:03,540
FROV00001,FrozenEngine,831,01/25/2021, 01:00:35,540
FROV00001,FrozenEngine,831,01/25/2021, 02:53:05,540
FROV00001,FrozenEngine,831,01/25/2021, 04:01:44,540
FROV00001,FrozenEngine,831,01/25/2021, 05:43:58,540
FROV00001,FrozenEngine,831,01/25/2021, 06:37:24,540
FROV00001,FrozenEngine,832,01/25/2021, 07:42:58,540
FROV00001,FrozenEngine,832,01/25/2021, 08:38:35,540
FROV00001,FrozenEngine,832,01/25/2021, 09:43:36,540
FROV00001,FrozenEngine,832,01/25/2021, 10:45:34,540
FROV00001,FrozenEngine,832,01/25/2021, 11:41:56,540
FROV00001,FrozenEngine,832,01/25/2021, 12:33:48,540
FROV00001,FrozenEngine,832,01/25/2021, 13:48:11,540
FROV00001,FrozenEngine,832,01/25/2021, 14:36:08,540
FROV00001,FrozenEngine,832,01/25/2021, 15:26:56,540
FROV00001,FrozenEngine,832,01/25/2021, 16:44:10,540
FROV00001,FrozenEngine,832,01/25/2021, 18:19:30,540
FROV00001,FrozenEngine,832,01/25/2021, 19:49:10,540
FROV00001,FrozenEngine,832,01/25/2021, 20:35:45,540
FROV00001,FrozenEngine,832,01/25/2021, 21:28:03,540
FROV00001,FrozenEngine,832,01/25/2021, 22:22:09,540
FROV00001,FrozenEngine,832,01/25/2021, 23:17:49,540
FROV00001,FrozenEngine,833,01/26/2021, 00:30:54,540
FROV00001,FrozenEngine,833,01/26/2021, 01:51:58,540
FROV00001,FrozenEngine,833,01/26/2021, 02:29:33,540
FROV00001,FrozenEngine,833,01/26/2021, 03:16:40,540
FROV00001,FrozenEngine,833,01/26/2021, 04:15:31,540
FROV00001,FrozenEngine,833,01/26/2021, 05:14:52,540
FROV00001,FrozenEngine,833,01/26/2021, 06:12:42,540
FROV00001,FrozenEngine,833,01/26/2021, 07:14:00,540
FROV00001,FrozenEngine,833,01/26/2021, 08:14:31,540
FROV00001,FrozenEngine,833,01/26/2021, 09:14:14,540
FROV00001,FrozenEngine,833,01/26/2021, 10:13:36,540
FROV00001,FrozenEngine,833,01/26/2021, 11:11:16,540
FROV00001,FrozenEngine,833,01/26/2021, 12:15:23,540
FROV00001,FrozenEngine,833,01/26/2021, 13:23:59,540
FROV00001,FrozenEngine,833,01/26/2021, 14:12:10,540
FROV00001,FrozenEngine,833,01/26/2021, 15:10:46,540
FROV00001,FrozenEngine,833,01/26/2021, 16:20:47,540
FROV00001,FrozenEngine,833,01/26/2021, 17:37:30,540
FROV00001,FrozenEngine,833,01/26/2021, 18:22:12,540
FROV00001,FrozenEngine,833,01/26/2021, 19:18:37,540
FROV00001,FrozenEngine,834,01/26/2021, 20:11:31,540
FROV00001,FrozenEngine,834,01/26/2021, 21:09:50,540
FROV00001,FrozenEngine,834,01/26/2021, 22:12:02,540
FROV00001,FrozenEngine,834,01/26/2021, 23:12:23,540
FROV00001,FrozenEngine,834,01/27/2021, 00:28:48,540
FROV00001,FrozenEngine,834,01/27/2021, 01:50:41,540
FROV00001,FrozenEngine,834,01/27/2021, 02:29:34,540
FROV00001,FrozenEngine,834,01/27/2021, 03:16:55,540
FROV00001,FrozenEngine,834,01/27/2021, 04:16:00,540
FROV00001,FrozenEngine,834,01/27/2021, 05:15:31,540
FROV00001,FrozenEngine,834,01/27/2021, 06:13:32,540
FROV00001,FrozenEngine,835,01/27/2021, 07:12:59,540
FROV00001,FrozenEngine,835,01/27/2021, 08:14:25,540
FROV00001,FrozenEngine,835,01/27/2021, 09:14:09,540
FROV00001,FrozenEngine,835,01/27/2021, 10:13:44,540
FROV00001,FrozenEngine,835,01/27/2021, 11:11:05,540
FROV00001,FrozenEngine,836,01/27/2021, 12:15:47,540
FROV00001,FrozenEngine,836,01/27/2021, 13:21:23,540
FROV00001,FrozenEngine,836,01/27/2021, 14:11:56,540
FROV00001,FrozenEngine,836,01/27/2021, 15:10:34,540
FROV00001,FrozenEngine,837,01/27/2021, 16:21:09,540
FROV00001,FrozenEngine,837,01/27/2021, 17:38:29,540
FROV00001,FrozenEngine,837,01/27/2021, 18:23:26,540
FROV00001,FrozenEngine,837,01/27/2021, 19:19:39,540
FROV00001,FrozenEngine,837,01/27/2021, 20:11:21,540
FROV00001,FrozenEngine,837,01/27/2021, 21:09:44,540
FROV00001,FrozenEngine,837,01/27/2021, 22:11:53,540
FROV00001,FrozenEngine,837,01/27/2021, 23:13:35,540
FROV00001,FrozenEngine,837,01/28/2021, 00:30:47,540
FROV00001,FrozenEngine,837,01/28/2021, 01:52:54,540
FROV00001,FrozenEngine,837,01/28/2021, 02:30:42,540
FROV00001,FrozenEngine,837,01/28/2021, 03:17:46,540
FROV00001,FrozenEngine,837,01/28/2021, 07:29:45,540
FROV00001,FrozenEngine,837,01/28/2021, 07:57:29,540
FROV00001,FrozenEngine,837,01/28/2021, 08:29:23,540
FROV00001,FrozenEngine,837,01/28/2021, 08:57:26,540
FROV00001,FrozenEngine,837,01/28/2021, 09:28:58,540
FROV00001,FrozenEngine,837,01/28/2021, 10:15:12,540
FROV00001,FrozenEngine,837,01/28/2021, 11:13:04,540
FROV00001,FrozenEngine,837,01/28/2021, 12:15:35,540
FROV00001,FrozenEngine,837,01/28/2021, 13:22:15,540
FROV00001,FrozenEngine,837,01/28/2021, 14:11:58,540
FROV00001,FrozenEngine,837,01/28/2021, 15:12:36,540
FROV00001,FrozenEngine,837,01/28/2021, 16:21:34,540
FROV00001,FrozenEngine,837,01/28/2021, 17:39:26,540
FROV00001,FrozenEngine,837,01/28/2021, 18:25:02,540
FROV00001,FrozenEngine,837,01/28/2021, 19:21:01,540
FROV00001,FrozenEngine,837,01/28/2021, 20:11:01,540
FROV00001,FrozenEngine,837,01/28/2021, 21:09:29,540
FROV00001,FrozenEngine,837,01/28/2021, 22:12:23,540
FROV00001,FrozenEngine,837,01/28/2021, 23:14:51,540
FROV00001,FrozenEngine,837,01/29/2021, 00:28:47,540
FROV00001,FrozenEngine,837,01/29/2021, 01:51:01,540
FROV00001,FrozenEngine,837,01/29/2021, 02:30:32,540
FROV00001,FrozenEngine,837,01/29/2021, 03:18:49,540
FROV00001,FrozenEngine,837,01/29/2021, 04:18:41,540
FROV00001,FrozenEngine,837,01/29/2021, 05:17:42,540
FROV00001,FrozenEngine,837,01/29/2021, 06:12:42,540
FROV00001,FrozenEngine,837,01/29/2021, 07:15:51,540
FROV00001,FrozenEngine,837,01/29/2021, 08:14:25,540
FROV00001,FrozenEngine,837,01/29/2021, 09:16:01,540
FROV00001,FrozenEngine,837,01/29/2021, 10:15:16,540
FROV00001,FrozenEngine,837,01/29/2021, 11:12:37,540
FROV00001,FrozenEngine,837,01/29/2021, 12:15:37,540
FROV00001,FrozenEngine,837,01/29/2021, 13:21:56,540
FROV00001,FrozenEngine,837,01/29/2021, 14:11:57,540
FROV00001,FrozenEngine,837,01/29/2021, 15:10:47,540
FROV00001,FrozenEngine,837,01/29/2021, 16:21:50,540
FROV00001,FrozenEngine,837,01/29/2021, 17:40:52,540
FROV00001,FrozenEngine,837,01/29/2021, 18:25:53,540
FROV00001,FrozenEngine,837,01/29/2021, 19:21:31,540
FROV00001,FrozenEngine,837,01/29/2021, 20:11:21,540
FROV00001,FrozenEngine,837,01/29/2021, 21:10:03,540
FROV00001,FrozenEngine,837,01/29/2021, 22:11:54,540
FROV00001,FrozenEngine,837,01/29/2021, 23:13:16,540
FROV00001,FrozenEngine,837,01/30/2021, 00:29:22,540
FROV00001,FrozenEngine,837,01/30/2021, 01:51:23,540
FROV00001,FrozenEngine,837,01/30/2021, 02:30:28,540
FROV00001,FrozenEngine,837,01/30/2021, 03:17:49,540
FROV00001,FrozenEngine,837,01/30/2021, 04:16:40,540
FROV00001,FrozenEngine,837,01/30/2021, 05:16:10,540
FROV00001,FrozenEngine,837,01/30/2021, 06:12:49,540
FROV00001,FrozenEngine,837,01/30/2021, 07:14:04,540
FROV00001,FrozenEngine,837,01/30/2021, 08:13:30,540
FROV00001,FrozenEngine,837,01/30/2021, 09:13:52,540
FROV00001,FrozenEngine,837,01/30/2021, 10:14:44,540
FROV00001,FrozenEngine,837,01/30/2021, 11:11:41,540
FROV00001,FrozenEngine,837,01/30/2021, 12:15:07,540
FROV00001,FrozenEngine,837,01/30/2021, 13:20:32,540
FROV00001,FrozenEngine,837,01/30/2021, 14:11:41,540
FROV00001,FrozenEngine,837,01/30/2021, 15:10:17,540
FROV00001,FrozenEngine,837,01/30/2021, 16:21:15,540
FROV00001,FrozenEngine,837,01/30/2021, 17:38:25,540
FROV00001,FrozenEngine,837,01/30/2021, 18:25:37,540
FROV00001,FrozenEngine,837,01/30/2021, 19:18:13,540
FROV00001,FrozenEngine,837,01/30/2021, 20:11:42,540
FROV00001,FrozenEngine,837,01/30/2021, 21:09:48,540
FROV00001,FrozenEngine,837,01/30/2021, 22:11:51,540
FROV00001,FrozenEngine,838,01/30/2021, 23:13:15,540
FROV00001,FrozenEngine,838,01/31/2021, 00:31:01,540
FROV00001,FrozenEngine,838,01/31/2021, 01:54:54,540
FROV00001,FrozenEngine,838,01/31/2021, 02:32:17,540
FROV00001,FrozenEngine,838,01/31/2021, 03:17:50,540
FROV00001,FrozenEngine,838,01/31/2021, 04:16:43,540
FROV00001,FrozenEngine,838,01/31/2021, 05:16:57,540
FROV00001,FrozenEngine,838,01/31/2021, 06:12:46,540
FROV00001,FrozenEngine,838,01/31/2021, 07:14:29,540
FROV00001,FrozenEngine,838,01/31/2021, 08:14:58,540
FROV00001,FrozenEngine,838,01/31/2021, 09:15:46,540
FROV00001,FrozenEngine,838,01/31/2021, 10:13:31,540
FROV00001,FrozenEngine,838,01/31/2021, 11:11:30,540
FROV00001,FrozenEngine,838,01/31/2021, 12:15:21,540
FROV00001,FrozenEngine,838,01/31/2021, 13:20:24,540
FROV00001,FrozenEngine,838,01/31/2021, 14:11:31,540
FROV00001,FrozenEngine,838,01/31/2021, 15:10:42,540
FROV00001,FrozenEngine,838,01/31/2021, 16:21:13,540
FROV00001,FrozenEngine,838,01/31/2021, 17:38:38,540
FROV00001,FrozenEngine,838,01/31/2021, 18:22:50,540
FROV00001,FrozenEngine,838,01/31/2021, 19:18:50,540
FROV00001,FrozenEngine,838,01/31/2021, 20:11:39,540
FROV00001,FrozenEngine,838,01/31/2021, 21:14:02,540
FROV00001,FrozenEngine,838,01/31/2021, 22:11:57,540
FROV00001,FrozenEngine,838,01/31/2021, 23:13:28,540
FROV00001,FrozenEngine,838,02/01/2021, 00:31:33,540
FROV00001,FrozenEngine,838,02/01/2021, 01:55:59,540
FROV00001,FrozenEngine,838,02/01/2021, 02:34:24,540
FROV00001,FrozenEngine,838,02/01/2021, 03:18:42,540
FROV00001,FrozenEngine,838,02/01/2021, 04:17:49,540
FROV00001,FrozenEngine,838,02/01/2021, 05:21:13,540
FROV00001,FrozenEngine,838,02/01/2021, 06:12:51,540
FROV00001,FrozenEngine,838,02/01/2021, 07:15:47,540
FROV00001,FrozenEngine,838,02/01/2021, 08:14:39,540
FROV00001,FrozenEngine,838,02/01/2021, 09:16:00,540
FROV00001,FrozenEngine,838,02/01/2021, 10:15:57,540
FROV00001,FrozenEngine,838,02/01/2021, 11:12:09,540
FROV00001,FrozenEngine,838,02/01/2021, 12:15:59,540
FROV00001,FrozenEngine,838,02/01/2021, 13:22:12,540
FROV00001,FrozenEngine,838,02/01/2021, 14:11:59,540
FROV00001,FrozenEngine,838,02/01/2021, 15:22:33,540
FROV00001,FrozenEngine,838,02/01/2021, 16:21:36,540
FROV00001,FrozenEngine,838,02/01/2021, 17:40:53,540
FROV00001,FrozenEngine,838,02/01/2021, 18:25:38,540
FROV00001,FrozenEngine,838,02/01/2021, 19:21:08,540
FROV00001,FrozenEngine,838,02/01/2021, 20:11:33,540
FROV00001,FrozenEngine,838,02/01/2021, 21:08:10,540
FROV00001,FrozenEngine,838,02/01/2021, 22:12:24,540
FROV00001,FrozenEngine,838,02/01/2021, 23:14:30,540
FROV00001,FrozenEngine,838,02/02/2021, 00:30:31,540
FROV00001,FrozenEngine,838,02/02/2021, 01:50:51,540
FROV00001,FrozenEngine,838,02/02/2021, 02:31:40,540
FROV00001,FrozenEngine,838,02/02/2021, 03:18:45,540
FROV00001,FrozenEngine,838,02/02/2021, 04:18:07,540
FROV00001,FrozenEngine,838,02/02/2021, 05:23:06,540
FROV00001,FrozenEngine,838,02/02/2021, 06:12:54,540
FROV00001,FrozenEngine,838,02/02/2021, 07:15:21,540
FROV00001,FrozenEngine,838,02/02/2021, 08:14:12,540
FROV00001,FrozenEngine,838,02/02/2021, 09:15:11,540
FROV00001,FrozenEngine,838,02/02/2021, 10:14:46,540
FROV00001,FrozenEngine,838,02/02/2021, 11:12:14,540
FROV00001,FrozenEngine,838,02/02/2021, 12:15:48,540
FROV00001,FrozenEngine,838,02/02/2021, 13:22:06,540
FROV00001,FrozenEngine,838,02/02/2021, 14:11:58,540
FROV00001,FrozenEngine,838,02/02/2021, 15:10:56,540
FROV00001,FrozenEngine,838,02/02/2021, 16:21:40,540
FROV00001,FrozenEngine,838,02/02/2021, 17:41:09,540
FROV00001,FrozenEngine,838,02/02/2021, 18:25:20,540
FROV00001,FrozenEngine,838,02/02/2021, 19:17:12,540
FROV00001,FrozenEngine,838,02/02/2021, 20:11:02,540
FROV00001,FrozenEngine,838,02/02/2021, 21:09:43,540
FROV00001,FrozenEngine,838,02/02/2021, 22:12:27,540
FROV00001,FrozenEngine,838,02/02/2021, 23:10:55,540
FROV00001,FrozenEngine,838,02/03/2021, 00:25:33,540
FROV00001,FrozenEngine,838,02/03/2021, 01:41:38,540
FROV00001,FrozenEngine,838,02/03/2021, 02:25:30,540
FROV00001,FrozenEngine,838,02/03/2021, 03:13:33,540
FROV00001,FrozenEngine,838,02/03/2021, 04:13:03,540
FROV00001,FrozenEngine,838,02/03/2021, 05:12:03,540
FROV00001,FrozenEngine,838,02/03/2021, 06:12:02,540
FROV00001,FrozenEngine,838,02/03/2021, 07:11:02,540
FROV00001,FrozenEngine,838,02/03/2021, 08:13:03,540
FROV00001,FrozenEngine,838,02/03/2021, 09:11:44,540
FROV00001,FrozenEngine,838,02/03/2021, 10:11:33,540
FROV00001,FrozenEngine,838,02/03/2021, 12:14:47,540
FROV00001,FrozenEngine,838,02/03/2021, 13:18:01,540
FROV00001,FrozenEngine,838,02/03/2021, 14:14:46,540
FROV00001,FrozenEngine,838,02/03/2021, 15:12:59,540
FROV00001,FrozenEngine,838,02/03/2021, 16:18:11,540
FROV00001,FrozenEngine,838,02/03/2021, 17:33:14,540
FROV00001,FrozenEngine,838,02/03/2021, 18:17:09,540
FROV00001,FrozenEngine,838,02/03/2021, 19:13:02,540
FROV00001,FrozenEngine,838,02/03/2021, 20:11:09,540
FROV00001,FrozenEngine,838,02/03/2021, 21:09:29,540
FROV00001,FrozenEngine,838,02/03/2021, 22:10:41,540
FROV00001,FrozenEngine,838,02/03/2021, 23:10:23,540
FROV00001,FrozenEngine,838,02/04/2021, 00:24:31,540
FROV00001,FrozenEngine,838,02/04/2021, 01:33:27,540
FROV00001,FrozenEngine,838,02/04/2021, 02:15:32,540
FROV00001,FrozenEngine,838,02/04/2021, 03:09:25,540
FROV00001,FrozenEngine,838,02/04/2021, 04:11:57,540
FROV00001,FrozenEngine,838,02/04/2021, 05:09:32,540
FROV00001,FrozenEngine,838,02/04/2021, 06:10:41,540
FROV00001,FrozenEngine,838,02/04/2021, 07:10:32,540
FROV00001,FrozenEngine,838,02/04/2021, 08:12:00,540
FROV00001,FrozenEngine,838,02/04/2021, 09:10:18,540
FROV00001,FrozenEngine,838,02/04/2021, 10:11:00,540
FROV00001,FrozenEngine,838,02/04/2021, 11:09:10,540
FROV00001,FrozenEngine,838,02/04/2021, 12:23:08,540
FROV00001,FrozenEngine,838,02/04/2021, 13:09:34,540
FROV00001,FrozenEngine,838,02/04/2021, 14:09:54,540
FROV00001,FrozenEngine,839,02/04/2021, 15:09:31,540
FROV00001,FrozenEngine,839,02/04/2021, 16:16:04,540
FROV00001,FrozenEngine,839,02/04/2021, 17:20:06,540
FROV00001,FrozenEngine,839,02/04/2021, 18:10:52,540
FROV00001,FrozenEngine,839,02/04/2021, 19:07:43,540
FROV00001,FrozenEngine,839,02/04/2021, 20:10:04,540
FROV00001,FrozenEngine,839,02/04/2021, 21:07:30,540
FROV00001,FrozenEngine,839,02/04/2021, 22:10:46,540
FROV00001,FrozenEngine,839,02/04/2021, 23:10:33,540
FROV00001,FrozenEngine,839,02/05/2021, 00:23:52,540
FROV00001,FrozenEngine,839,02/05/2021, 01:33:39,540
FROV00001,FrozenEngine,839,02/05/2021, 02:15:11,540
FROV00001,FrozenEngine,839,02/05/2021, 03:10:10,540
FROV00001,FrozenEngine,839,02/05/2021, 04:11:59,540
FROV00001,FrozenEngine,839,02/05/2021, 05:09:33,540
FROV00001,FrozenEngine,839,02/05/2021, 06:11:37,540
FROV00001,FrozenEngine,839,02/05/2021, 07:09:28,540
FROV00001,FrozenEngine,839,02/05/2021, 08:11:51,540
FROV00001,FrozenEngine,839,02/05/2021, 09:10:43,540
FROV00001,FrozenEngine,839,02/05/2021, 10:10:38,540
FROV00001,FrozenEngine,839,02/05/2021, 11:09:16,540
FROV00001,FrozenEngine,839,02/05/2021, 12:12:46,540
FROV00001,FrozenEngine,839,02/05/2021, 13:09:08,540
FROV00001,FrozenEngine,839,02/05/2021, 14:10:08,540
FROV00001,FrozenEngine,839,02/05/2021, 15:09:05,540
FROV00001,FrozenEngine,839,02/05/2021, 16:15:46,540
FROV00001,FrozenEngine,839,02/05/2021, 17:21:47,540
FROV00001,FrozenEngine,840,02/05/2021, 18:10:57,540
FROV00001,FrozenEngine,840,02/05/2021, 19:07:29,540
FROV00001,FrozenEngine,840,02/05/2021, 20:09:53,540
FROV00001,FrozenEngine,840,02/05/2021, 21:08:31,540
FROV00001,FrozenEngine,840,02/05/2021, 22:10:48,540
FROV00001,FrozenEngine,840,02/05/2021, 23:10:19,540
FROV00001,FrozenEngine,840,02/06/2021, 00:23:33,540
FROV00001,FrozenEngine,840,02/06/2021, 01:32:30,540
FROV00001,FrozenEngine,840,02/06/2021, 02:14:06,540
FROV00001,FrozenEngine,840,02/06/2021, 03:10:19,540
FROV00001,FrozenEngine,840,02/06/2021, 04:11:48,540
FROV00001,FrozenEngine,840,02/06/2021, 05:09:30,540
FROV00001,FrozenEngine,840,02/06/2021, 06:11:51,540
FROV00001,FrozenEngine,840,02/06/2021, 07:10:49,540
FROV00001,FrozenEngine,841,02/06/2021, 08:12:05,540
FROV00001,FrozenEngine,841,02/06/2021, 09:10:09,540
FROV00001,FrozenEngine,841,02/06/2021, 10:10:34,540
FROV00001,FrozenEngine,841,02/06/2021, 11:09:23,540
FROV00001,FrozenEngine,841,02/06/2021, 12:12:43,540
FROV00001,FrozenEngine,841,02/06/2021, 13:08:29,540
FROV00001,FrozenEngine,841,02/06/2021, 14:09:29,540
FROV00001,FrozenEngine,841,02/06/2021, 15:09:04,540
FROV00001,FrozenEngine,841,02/06/2021, 16:15:17,540
FROV00001,FrozenEngine,841,02/06/2021, 17:21:36,540
FROV00001,FrozenEngine,841,02/06/2021, 18:11:01,540
FROV00001,FrozenEngine,841,02/06/2021, 19:07:20,540
FROV00001,FrozenEngine,841,02/06/2021, 20:09:39,540
FROV00001,FrozenEngine,841,02/06/2021, 21:08:12,540
FROV00001,FrozenEngine,841,02/06/2021, 22:10:32,540
FROV00001,FrozenEngine,841,02/06/2021, 23:10:00,540
FROV00001,FrozenEngine,841,02/07/2021, 00:24:25,540
FROV00001,FrozenEngine,841,02/07/2021, 01:34:27,540
FROV00001,FrozenEngine,841,02/07/2021, 02:15:17,540
FROV00001,FrozenEngine,841,02/07/2021, 03:09:58,540
FROV00001,FrozenEngine,841,02/07/2021, 04:11:45,540
FROV00001,FrozenEngine,841,02/07/2021, 05:09:29,540
FROV00001,FrozenEngine,841,02/07/2021, 06:11:48,540
FROV00001,FrozenEngine,841,02/07/2021, 07:09:34,540
FROV00001,FrozenEngine,841,02/07/2021, 08:11:34,540
FROV00001,FrozenEngine,841,02/07/2021, 09:10:00,540
FROV00001,FrozenEngine,841,02/07/2021, 10:10:31,540
FROV00001,FrozenEngine,841,02/07/2021, 11:09:16,540
FROV00001,FrozenEngine,842,02/07/2021, 12:16:54,540
FROV00001,FrozenEngine,842,02/07/2021, 13:08:40,540
FROV00001,FrozenEngine,842,02/07/2021, 14:09:32,540
FROV00001,FrozenEngine,842,02/07/2021, 15:08:57,540
FROV00001,FrozenEngine,842,02/07/2021, 16:15:30,540
FROV00001,FrozenEngine,842,02/07/2021, 17:21:05,540
FROV00001,FrozenEngine,842,02/07/2021, 18:10:49,540
FROV00001,FrozenEngine,842,02/07/2021, 19:07:28,540
FROV00001,FrozenEngine,842,02/07/2021, 20:11:57,540
FROV00001,FrozenEngine,842,02/07/2021, 21:15:36,540
FROV00001,FrozenEngine,842,02/07/2021, 22:10:42,540
FROV00001,FrozenEngine,842,02/07/2021, 23:10:14,540
FROV00001,FrozenEngine,842,02/08/2021, 00:23:46,540
FROV00001,FrozenEngine,842,02/08/2021, 01:34:02,540
FROV00001,FrozenEngine,842,02/08/2021, 02:15:27,540
FROV00001,FrozenEngine,842,02/08/2021, 03:10:09,540
FROV00001,FrozenEngine,842,02/08/2021, 04:11:59,540
FROV00001,FrozenEngine,842,02/08/2021, 05:09:36,540
FROV00001,FrozenEngine,842,02/08/2021, 06:11:06,540
FROV00001,FrozenEngine,842,02/08/2021, 07:09:40,540
FROV00001,FrozenEngine,842,02/08/2021, 08:17:48,540
FROV00001,FrozenEngine,842,02/08/2021, 09:10:14,540
FROV00001,FrozenEngine,842,02/08/2021, 10:11:01,540
FROV00001,FrozenEngine,842,02/08/2021, 11:09:13,540
FROV00001,FrozenEngine,842,02/08/2021, 12:12:48,540
FROV00001,FrozenEngine,842,02/08/2021, 13:09:38,540
FROV00001,FrozenEngine,842,02/08/2021, 14:10:11,540
FROV00001,FrozenEngine,842,02/08/2021, 15:09:35,540
FROV00001,FrozenEngine,842,02/08/2021, 16:17:52,540
FROV00001,FrozenEngine,842,02/08/2021, 17:21:48,540
FROV00001,FrozenEngine,842,02/08/2021, 18:11:12,540
FROV00001,FrozenEngine,842,02/08/2021, 19:07:21,540
FROV00001,FrozenEngine,842,02/08/2021, 20:10:12,540
FROV00001,FrozenEngine,842,02/08/2021, 21:08:40,540
FROV00001,FrozenEngine,842,02/08/2021, 22:09:25,540
FROV00001,FrozenEngine,842,02/08/2021, 23:10:04,540
FROV00001,FrozenEngine,842,02/09/2021, 00:23:39,540
FROV00001,FrozenEngine,842,02/09/2021, 01:33:27,540
FROV00001,FrozenEngine,842,02/09/2021, 02:14:20,540
FROV00001,FrozenEngine,842,02/09/2021, 03:10:37,540
FROV00001,FrozenEngine,842,02/09/2021, 04:11:38,540
FROV00001,FrozenEngine,842,02/09/2021, 05:09:38,540
FROV00001,FrozenEngine,842,02/09/2021, 06:10:31,540
FROV00001,FrozenEngine,842,02/09/2021, 07:09:41,540
FROV00001,FrozenEngine,842,02/09/2021, 08:11:56,540
FROV00001,FrozenEngine,842,02/09/2021, 09:10:09,540
FROV00001,FrozenEngine,842,02/09/2021, 10:10:48,540
FROV00001,FrozenEngine,842,02/09/2021, 11:09:28,540
FROV00001,FrozenEngine,842,02/09/2021, 12:13:03,540
FROV00001,FrozenEngine,842,02/09/2021, 13:09:20,540
FROV00001,FrozenEngine,842,02/09/2021, 14:09:56,540
FROV00001,FrozenEngine,842,02/09/2021, 15:21:01,540
FROV00001,FrozenEngine,842,02/09/2021, 16:40:31,540
FROV00001,FrozenEngine,842,02/09/2021, 17:21:35,540
FROV00001,FrozenEngine,842,02/09/2021, 18:11:09,540
FROV00001,FrozenEngine,842,02/09/2021, 19:07:47,540
FROV00001,FrozenEngine,842,02/09/2021, 20:09:59,540
FROV00001,FrozenEngine,842,02/09/2021, 21:08:40,540
FROV00001,FrozenEngine,842,02/09/2021, 22:10:55,540
FROV00001,FrozenEngine,842,02/09/2021, 23:10:38,540
FROV00001,FrozenEngine,842,02/10/2021, 00:23:49,540
FROV00001,FrozenEngine,842,02/10/2021, 01:33:00,540
FROV00001,FrozenEngine,843,02/10/2021, 02:11:28,540
FROV00001,FrozenEngine,843,02/10/2021, 03:10:46,540
FROV00001,FrozenEngine,844,02/10/2021, 04:11:53,540
FROV00001,FrozenEngine,844,02/10/2021, 05:10:43,540
FROV00001,FrozenEngine,845,02/10/2021, 06:11:18,540
FROV00001,FrozenEngine,845,02/10/2021, 07:10:00,540
FROV00001,FrozenEngine,845,02/10/2021, 08:12:04,540
FROV00001,FrozenEngine,845,02/10/2021, 09:10:45,540
FROV00001,FrozenEngine,845,02/10/2021, 10:10:52,540
FROV00001,FrozenEngine,845,02/10/2021, 11:09:36,540
FROV00001,FrozenEngine,845,02/10/2021, 12:13:13,540
FROV00001,FrozenEngine,845,02/10/2021, 13:09:50,540
FROV00001,FrozenEngine,845,02/10/2021, 14:10:22,540
FROV00001,FrozenEngine,845,02/10/2021, 15:09:38,540
FROV00001,FrozenEngine,845,02/10/2021, 16:15:54,540
FROV00001,FrozenEngine,845,02/10/2021, 17:21:51,540
FROV00001,FrozenEngine,845,02/10/2021, 18:11:01,540
FROV00001,FrozenEngine,845,02/10/2021, 19:07:38,540
FROV00001,FrozenEngine,845,02/10/2021, 20:10:09,540
FROV00001,FrozenEngine,845,02/10/2021, 21:09:02,540
FROV00001,FrozenEngine,845,02/10/2021, 22:10:52,540
FROV00001,FrozenEngine,845,02/10/2021, 23:10:31,540
FROV00001,FrozenEngine,845,02/11/2021, 00:23:50,540
FROV00001,FrozenEngine,845,02/11/2021, 01:33:29,540
FROV00001,FrozenEngine,845,02/11/2021, 02:15:05,540
FROV00001,FrozenEngine,845,02/11/2021, 03:10:11,540
FROV00001,FrozenEngine,845,02/11/2021, 04:12:01,540
FROV00001,FrozenEngine,845,02/11/2021, 05:09:35,540
FROV00001,FrozenEngine,845,02/11/2021, 06:11:21,540
FROV00001,FrozenEngine,845,02/11/2021, 07:09:38,540
FROV00001,FrozenEngine,845,02/11/2021, 08:11:52,540
FROV00001,FrozenEngine,845,02/11/2021, 09:10:37,540
FROV00001,FrozenEngine,845,02/11/2021, 10:11:06,540
FROV00001,FrozenEngine,845,02/11/2021, 11:09:22,540
FROV00001,FrozenEngine,845,02/11/2021, 12:13:06,540
FROV00001,FrozenEngine,845,02/11/2021, 13:10:20,540
FROV00001,FrozenEngine,846,02/11/2021, 14:10:13,540
FROV00001,FrozenEngine,846,02/11/2021, 15:09:24,540
FROV00001,FrozenEngine,846,02/11/2021, 16:15:55,540
FROV00001,FrozenEngine,846,02/11/2021, 17:22:08,540
FROV00001,FrozenEngine,846,02/11/2021, 18:11:16,540
FROV00001,FrozenEngine,846,02/11/2021, 19:07:42,540
FROV00001,FrozenEngine,846,02/11/2021, 20:11:13,540
FROV00001,FrozenEngine,846,02/11/2021, 21:08:49,540
FROV00001,FrozenEngine,846,02/11/2021, 22:10:56,540
FROV00001,FrozenEngine,846,02/11/2021, 23:10:22,540
FROV00001,FrozenEngine,846,02/12/2021, 00:24:07,540
FROV00001,FrozenEngine,846,02/12/2021, 01:34:08,540
FROV00001,FrozenEngine,846,02/12/2021, 02:15:22,540
FROV00001,FrozenEngine,846,02/12/2021, 03:10:26,540
FROV00001,FrozenEngine,846,02/12/2021, 04:12:11,540
FROV00001,FrozenEngine,846,02/12/2021, 05:09:45,540
FROV00001,FrozenEngine,846,02/12/2021, 06:10:48,540
FROV00001,FrozenEngine,846,02/12/2021, 07:09:55,540
FROV00001,FrozenEngine,846,02/12/2021, 08:12:09,540
FROV00001,FrozenEngine,846,02/12/2021, 09:11:56,540
FROV00001,FrozenEngine,846,02/12/2021, 10:11:07,540
FROV00001,FrozenEngine,846,02/12/2021, 11:09:19,540
FROV00001,FrozenEngine,846,02/12/2021, 12:13:26,540
FROV00001,FrozenEngine,846,02/12/2021, 13:10:38,540
FROV00001,FrozenEngine,846,02/12/2021, 14:10:02,540
FROV00001,FrozenEngine,846,02/12/2021, 15:09:31,540
FROV00001,FrozenEngine,846,02/12/2021, 16:15:49,540
FROV00001,FrozenEngine,846,02/12/2021, 17:21:47,540
FROV00001,FrozenEngine,846,02/12/2021, 18:11:12,540
FROV00001,FrozenEngine,846,02/12/2021, 19:07:32,540
FROV00001,FrozenEngine,846,02/12/2021, 20:10:07,540
FROV00001,FrozenEngine,846,02/12/2021, 21:09:00,540
FROV00001,FrozenEngine,846,02/12/2021, 22:10:43,540
FROV00001,FrozenEngine,846,02/12/2021, 23:10:23,540
FROV00001,FrozenEngine,846,02/13/2021, 00:24:13,540
FROV00001,FrozenEngine,846,02/13/2021, 01:33:16,540
FROV00001,FrozenEngine,846,02/13/2021, 02:14:51,540
FROV00001,FrozenEngine,846,02/13/2021, 03:10:13,540
FROV00001,FrozenEngine,846,02/13/2021, 04:12:06,540
FROV00001,FrozenEngine,846,02/13/2021, 05:09:33,540
FROV00001,FrozenEngine,846,02/13/2021, 06:11:01,540
FROV00001,FrozenEngine,846,02/13/2021, 07:09:25,540
FROV00001,FrozenEngine,846,02/13/2021, 08:12:00,540
FROV00001,FrozenEngine,846,02/13/2021, 09:10:26,540
FROV00001,FrozenEngine,846,02/13/2021, 10:10:57,540
FROV00001,FrozenEngine,846,02/13/2021, 11:09:27,540
FROV00001,FrozenEngine,846,02/13/2021, 12:12:58,540
FROV00001,FrozenEngine,846,02/13/2021, 13:09:02,540
FROV00001,FrozenEngine,846,02/13/2021, 14:09:45,540
FROV00001,FrozenEngine,846,02/13/2021, 15:09:02,540
FROV00001,FrozenEngine,846,02/13/2021, 16:15:17,540
FROV00001,FrozenEngine,846,02/13/2021, 17:20:26,540
FROV00001,FrozenEngine,846,02/13/2021, 18:10:47,540
FROV00001,FrozenEngine,846,02/13/2021, 19:07:45,540
FROV00001,FrozenEngine,846,02/13/2021, 20:10:01,540
FROV00001,FrozenEngine,846,02/13/2021, 21:08:29,540
FROV00001,FrozenEngine,846,02/13/2021, 22:10:57,540
FROV00001,FrozenEngine,846,02/13/2021, 23:10:25,540
FROV00001,FrozenEngine,846,02/14/2021, 00:25:05,540
FROV00001,FrozenEngine,846,02/14/2021, 01:35:10,540
FROV00001,FrozenEngine,846,02/14/2021, 02:15:53,540
FROV00001,FrozenEngine,846,02/14/2021, 03:10:41,540
FROV00001,FrozenEngine,846,02/14/2021, 04:12:04,540
FROV00001,FrozenEngine,846,02/14/2021, 05:09:26,540
FROV00001,FrozenEngine,846,02/14/2021, 06:11:17,540
FROV00001,FrozenEngine,846,02/14/2021, 07:09:46,540
FROV00001,FrozenEngine,847,02/14/2021, 08:12:41,540
FROV00001,FrozenEngine,847,02/14/2021, 09:10:42,540
FROV00001,FrozenEngine,847,02/14/2021, 10:10:49,540
FROV00001,FrozenEngine,847,02/14/2021, 11:09:18,540
FROV00001,FrozenEngine,847,02/14/2021, 12:13:12,540
FROV00001,FrozenEngine,847,02/14/2021, 13:09:43,540
FROV00001,FrozenEngine,847,02/14/2021, 14:09:44,540
FROV00001,FrozenEngine,847,02/14/2021, 15:09:16,540
FROV00001,FrozenEngine,847,02/14/2021, 16:15:23,540
FROV00001,FrozenEngine,847,02/14/2021, 17:21:03,540
FROV00001,FrozenEngine,847,02/14/2021, 18:10:45,540
FROV00001,FrozenEngine,847,02/14/2021, 19:07:43,540
FROV00001,FrozenEngine,847,02/14/2021, 20:10:00,540
FROV00001,FrozenEngine,847,02/14/2021, 21:08:56,540
FROV00001,FrozenEngine,847,02/14/2021, 22:10:56,540
FROV00001,FrozenEngine,847,02/14/2021, 23:10:28,540
FROV00001,FrozenEngine,847,02/15/2021, 00:24:27,540
FROV00001,FrozenEngine,847,02/15/2021, 01:34:45,540
FROV00001,FrozenEngine,847,02/15/2021, 02:16:22,540
FROV00001,FrozenEngine,847,02/15/2021, 03:10:38,540
FROV00001,FrozenEngine,847,02/15/2021, 04:12:14,540
FROV00001,FrozenEngine,847,02/15/2021, 05:12:25,540
FROV00001,FrozenEngine,847,02/15/2021, 06:11:15,540
FROV00001,FrozenEngine,847,02/15/2021, 07:09:53,540
FROV00001,FrozenEngine,847,02/15/2021, 08:12:30,540
FROV00001,FrozenEngine,847,02/15/2021, 09:10:47,540
FROV00001,FrozenEngine,847,02/15/2021, 10:11:12,540
FROV00001,FrozenEngine,848,02/15/2021, 11:09:43,540
FROV00001,FrozenEngine,848,02/15/2021, 12:13:31,540
FROV00001,FrozenEngine,848,02/15/2021, 13:11:18,540
FROV00001,FrozenEngine,848,02/15/2021, 14:10:03,540
FROV00001,FrozenEngine,848,02/15/2021, 15:09:43,540
FROV00001,FrozenEngine,848,02/15/2021, 16:16:10,540
FROV00001,FrozenEngine,848,02/15/2021, 17:22:59,540
FROV00001,FrozenEngine,848,02/15/2021, 18:11:21,540
FROV00001,FrozenEngine,848,02/15/2021, 19:07:37,540
FROV00001,FrozenEngine,848,02/15/2021, 20:09:59,540
FROV00001,FrozenEngine,848,02/15/2021, 21:09:01,540
FROV00001,FrozenEngine,848,02/15/2021, 22:10:48,540
FROV00001,FrozenEngine,848,02/15/2021, 23:10:32,540
FROV00001,FrozenEngine,848,02/16/2021, 00:24:10,540
FROV00001,FrozenEngine,848,02/16/2021, 01:34:28,540
FROV00001,FrozenEngine,848,02/16/2021, 02:15:46,540
FROV00001,FrozenEngine,848,02/16/2021, 03:10:27,540
FROV00001,FrozenEngine,848,02/16/2021, 04:12:04,540
FROV00001,FrozenEngine,848,02/16/2021, 05:09:39,540
FROV00001,FrozenEngine,848,02/16/2021, 06:10:57,540
FROV00001,FrozenEngine,848,02/16/2021, 07:09:43,540
FROV00001,FrozenEngine,848,02/16/2021, 08:11:42,540
FROV00001,FrozenEngine,848,02/16/2021, 09:10:22,540
FROV00001,FrozenEngine,848,02/16/2021, 10:11:02,540
FROV00001,FrozenEngine,848,02/16/2021, 11:09:36,540
FROV00001,FrozenEngine,848,02/16/2021, 12:13:10,540
FROV00001,FrozenEngine,848,02/16/2021, 13:10:01,540
FROV00001,FrozenEngine,848,02/16/2021, 14:10:19,540
FROV00001,FrozenEngine,848,02/16/2021, 15:09:29,540
FROV00001,FrozenEngine,848,02/16/2021, 16:15:55,540
FROV00001,FrozenEngine,848,02/16/2021, 17:22:16,540
FROV00001,FrozenEngine,848,02/16/2021, 18:11:14,540
FROV00001,FrozenEngine,848,02/16/2021, 19:07:35,540
FROV00001,FrozenEngine,848,02/16/2021, 20:10:07,540
FROV00001,FrozenEngine,848,02/16/2021, 21:08:56,540
FROV00001,FrozenEngine,848,02/16/2021, 22:10:44,540
FROV00001,FrozenEngine,848,02/16/2021, 23:10:24,540
FROV00001,FrozenEngine,848,02/17/2021, 00:24:12,540
FROV00001,FrozenEngine,848,02/17/2021, 01:33:59,540
FROV00001,FrozenEngine,848,02/17/2021, 02:13:42,540
FROV00001,FrozenEngine,848,02/17/2021, 03:10:46,540
FROV00001,FrozenEngine,848,02/17/2021, 04:12:03,540
FROV00001,FrozenEngine,848,02/17/2021, 05:09:35,540
FROV00001,FrozenEngine,848,02/17/2021, 06:09:18,540
FROV00001,FrozenEngine,848,02/17/2021, 07:10:04,540
FROV00001,FrozenEngine,848,02/17/2021, 08:12:15,540
FROV00001,FrozenEngine,848,02/17/2021, 09:10:26,540
FROV00001,FrozenEngine,848,02/17/2021, 10:11:15,540
FROV00001,FrozenEngine,848,02/17/2021, 11:09:34,540
FROV00001,FrozenEngine,848,02/17/2021, 12:13:01,540
FROV00001,FrozenEngine,848,02/17/2021, 13:10:07,540
FROV00001,FrozenEngine,848,02/17/2021, 14:23:12,540
FROV00001,FrozenEngine,848,02/17/2021, 15:20:05,540
FROV00001,FrozenEngine,848,02/17/2021, 16:16:01,540
FROV00001,FrozenEngine,848,02/17/2021, 17:27:00,540
FROV00001,FrozenEngine,848,02/17/2021, 18:09:25,540
FROV00001,FrozenEngine,848,02/17/2021, 19:06:45,540
FROV00001,FrozenEngine,848,02/17/2021, 20:10:20,540
FROV00001,FrozenEngine,848,02/17/2021, 21:09:03,540
FROV00001,FrozenEngine,849,02/17/2021, 22:09:09,540
FROV00001,FrozenEngine,849,02/17/2021, 23:10:11,540
FROV00001,FrozenEngine,849,02/18/2021, 00:24:41,540
FROV00001,FrozenEngine,849,02/18/2021, 01:34:50,540
FROV00001,FrozenEngine,849,02/18/2021, 02:15:42,540
FROV00001,FrozenEngine,849,02/18/2021, 03:10:14,540
FROV00001,FrozenEngine,849,02/18/2021, 04:12:22,540
FROV00001,FrozenEngine,849,02/18/2021, 05:09:52,540
FROV00001,FrozenEngine,849,02/18/2021, 06:11:01,540
FROV00001,FrozenEngine,849,02/18/2021, 07:09:42,540
FROV00001,FrozenEngine,849,02/18/2021, 08:11:49,540
FROV00001,FrozenEngine,849,02/18/2021, 09:10:24,540
FROV00001,FrozenEngine,849,02/18/2021, 10:11:09,540
FROV00001,FrozenEngine,849,02/18/2021, 11:09:42,540
FROV00001,FrozenEngine,849,02/18/2021, 12:13:21,540
FROV00001,FrozenEngine,849,02/18/2021, 13:10:35,540
FROV00001,FrozenEngine,849,02/18/2021, 14:10:18,540
FROV00001,FrozenEngine,849,02/18/2021, 15:09:52,540
FROV00001,FrozenEngine,849,02/18/2021, 16:16:13,540
FROV00001,FrozenEngine,849,02/18/2021, 17:23:13,540
FROV00001,FrozenEngine,849,02/18/2021, 18:11:07,540
FROV00001,FrozenEngine,849,02/18/2021, 19:07:27,540
FROV00001,FrozenEngine,849,02/18/2021, 20:10:19,540
FROV00001,FrozenEngine,849,02/18/2021, 21:09:03,540
FROV00001,FrozenEngine,849,02/18/2021, 22:10:44,540
FROV00001,FrozenEngine,849,02/18/2021, 23:10:24,540
FROV00001,FrozenEngine,849,02/19/2021, 00:24:14,540
FROV00001,FrozenEngine,850,02/19/2021, 01:34:50,540
FROV00001,FrozenEngine,850,02/19/2021, 02:16:00,540
FROV00001,FrozenEngine,850,02/19/2021, 03:10:31,540
FROV00001,FrozenEngine,850,02/19/2021, 04:12:18,540
FROV00001,FrozenEngine,850,02/19/2021, 05:10:01,540
FROV00001,FrozenEngine,850,02/19/2021, 06:11:06,540
FROV00001,FrozenEngine,850,02/19/2021, 07:09:27,540
FROV00001,FrozenEngine,850,02/19/2021, 08:11:49,540
FROV00001,FrozenEngine,850,02/19/2021, 09:10:36,540
FROV00001,FrozenEngine,850,02/19/2021, 10:11:20,540
FROV00001,FrozenEngine,850,02/19/2021, 11:09:36,540
FROV00001,FrozenEngine,850,02/19/2021, 12:13:09,540
FROV00001,FrozenEngine,850,02/19/2021, 13:10:44,540
FROV00001,FrozenEngine,850,02/19/2021, 14:10:06,540
FROV00001,FrozenEngine,850,02/19/2021, 15:09:47,540
FROV00001,FrozenEngine,850,02/19/2021, 16:16:10,540
FROV00001,FrozenEngine,850,02/19/2021, 17:23:18,540
FROV00001,FrozenEngine,850,02/19/2021, 18:11:02,540
FROV00001,FrozenEngine,850,02/19/2021, 19:07:53,540
FROV00001,FrozenEngine,850,02/19/2021, 20:10:25,540
FROV00001,FrozenEngine,850,02/19/2021, 21:08:58,540
FROV00001,FrozenEngine,850,02/19/2021, 22:10:48,540
FROV00001,FrozenEngine,850,02/19/2021, 23:10:37,540
FROV00001,FrozenEngine,850,02/20/2021, 00:24:07,540
FROV00001,FrozenEngine,850,02/20/2021, 01:34:19,540
FROV00001,FrozenEngine,850,02/20/2021, 02:15:29,540
FROV00001,FrozenEngine,850,02/20/2021, 03:10:19,540
FROV00001,FrozenEngine,850,02/20/2021, 04:12:08,540
FROV00001,FrozenEngine,850,02/20/2021, 05:09:44,540
FROV00001,FrozenEngine,850,02/20/2021, 06:10:55,540
FROV00001,FrozenEngine,850,02/20/2021, 07:09:44,540
FROV00001,FrozenEngine,852,02/20/2021, 08:11:53,540
FROV00001,FrozenEngine,852,02/20/2021, 09:10:22,540
FROV00001,FrozenEngine,852,02/20/2021, 10:10:57,540
FROV00001,FrozenEngine,852,02/20/2021, 11:09:29,540
FROV00001,FrozenEngine,852,02/20/2021, 12:13:00,540
FROV00001,FrozenEngine,852,02/20/2021, 13:09:40,540
FROV00001,FrozenEngine,852,02/20/2021, 14:09:57,540
FROV00001,FrozenEngine,852,02/20/2021, 15:09:29,540
FROV00001,FrozenEngine,852,02/20/2021, 16:15:52,540
FROV00001,FrozenEngine,852,02/20/2021, 17:22:24,540
FROV00001,FrozenEngine,852,02/20/2021, 18:11:15,540
FROV00001,FrozenEngine,852,02/20/2021, 20:10:11,540
FROV00001,FrozenEngine,852,02/20/2021, 21:08:41,540
FROV00001,FrozenEngine,852,02/20/2021, 22:10:45,540
FROV00001,FrozenEngine,852,02/20/2021, 23:10:17,540
FROV00001,FrozenEngine,852,02/21/2021, 00:25:32,540
FROV00001,FrozenEngine,852,02/21/2021, 01:36:55,540
FROV00001,FrozenEngine,852,02/21/2021, 02:17:36,540
FROV00001,FrozenEngine,852,02/21/2021, 03:10:21,540
FROV00001,FrozenEngine,852,02/21/2021, 04:12:04,540
FROV00001,FrozenEngine,852,02/21/2021, 05:09:36,540
FROV00001,FrozenEngine,852,02/21/2021, 06:10:51,540
FROV00001,FrozenEngine,852,02/21/2021, 07:09:39,540
FROV00001,FrozenEngine,852,02/21/2021, 08:11:49,540
FROV00001,FrozenEngine,852,02/21/2021, 09:10:06,540
FROV00001,FrozenEngine,853,02/21/2021, 10:10:48,540
FROV00001,FrozenEngine,853,02/21/2021, 11:09:32,540
FROV00001,FrozenEngine,853,02/21/2021, 12:13:01,540
FROV00001,FrozenEngine,853,02/21/2021, 13:09:34,540
FROV00001,FrozenEngine,853,02/21/2021, 14:10:00,540
FROV00001,FrozenEngine,853,02/21/2021, 15:09:30,540
FROV00001,FrozenEngine,853,02/21/2021, 16:15:44,540
FROV00001,FrozenEngine,853,02/21/2021, 17:21:35,540
FROV00001,FrozenEngine,853,02/21/2021, 18:10:52,540
FROV00001,FrozenEngine,853,02/21/2021, 19:07:45,540
FROV00001,FrozenEngine,853,02/21/2021, 20:10:15,540
FROV00001,FrozenEngine,853,02/21/2021, 21:08:48,540
FROV00001,FrozenEngine,853,02/21/2021, 22:10:47,540
FROV00001,FrozenEngine,853,02/21/2021, 23:10:29,540
FROV00001,FrozenEngine,853,02/22/2021, 00:24:54,540
FROV00001,FrozenEngine,853,02/22/2021, 01:36:36,540
FROV00001,FrozenEngine,853,02/22/2021, 02:17:55,540
FROV00001,FrozenEngine,853,02/22/2021, 03:10:36,540
FROV00001,FrozenEngine,853,02/22/2021, 04:12:07,540
FROV00001,FrozenEngine,853,02/22/2021, 05:09:40,540
FROV00001,FrozenEngine,853,02/22/2021, 06:11:28,540
FROV00001,FrozenEngine,853,02/22/2021, 07:08:24,540
FROV00001,FrozenEngine,853,02/22/2021, 08:11:26,540
FROV00001,FrozenEngine,853,02/22/2021, 09:08:58,540
FROV00001,FrozenEngine,853,02/22/2021, 10:09:41,540
FROV00001,FrozenEngine,853,02/22/2021, 11:09:47,540
FROV00001,FrozenEngine,853,02/22/2021, 12:11:19,540
FROV00001,FrozenEngine,853,02/22/2021, 13:08:36,540
FROV00001,FrozenEngine,853,02/22/2021, 14:10:12,540
FROV00001,FrozenEngine,853,02/22/2021, 15:09:46,540
FROV00001,FrozenEngine,853,02/22/2021, 16:16:25,540
FROV00001,FrozenEngine,853,02/22/2021, 17:24:20,540
FROV00001,FrozenEngine,853,02/22/2021, 18:11:09,540
FROV00001,FrozenEngine,853,02/22/2021, 19:07:46,540
FROV00001,FrozenEngine,853,02/22/2021, 20:10:28,540
FROV00001,FrozenEngine,853,02/22/2021, 21:09:08,540
FROV00001,FrozenEngine,853,02/22/2021, 22:10:46,540
FROV00001,FrozenEngine,853,02/22/2021, 23:10:40,540
FROV00001,FrozenEngine,853,02/23/2021, 00:24:33,540
FROV00001,FrozenEngine,853,02/23/2021, 01:36:09,540
FROV00001,FrozenEngine,853,02/23/2021, 02:17:28,540
FROV00001,FrozenEngine,853,02/23/2021, 03:10:44,540
FROV00001,FrozenEngine,853,02/23/2021, 04:10:52,540
FROV00001,FrozenEngine,853,02/23/2021, 05:09:36,540
FROV00001,FrozenEngine,853,02/23/2021, 06:11:08,540
FROV00001,FrozenEngine,853,02/23/2021, 07:09:48,540
FROV00001,FrozenEngine,853,02/23/2021, 08:12:32,540
FROV00001,FrozenEngine,853,02/23/2021, 09:10:33,540
FROV00001,FrozenEngine,853,02/23/2021, 10:11:29,540
FROV00001,FrozenEngine,853,02/23/2021, 11:09:47,540
FROV00001,FrozenEngine,853,02/23/2021, 12:13:26,540
FROV00001,FrozenEngine,853,02/23/2021, 13:16:20,540
FROV00001,FrozenEngine,853,02/23/2021, 14:15:22,540
FROV00001,FrozenEngine,853,02/23/2021, 15:22:20,540
FROV00001,FrozenEngine,853,02/23/2021, 16:53:46,540
FROV00001,FrozenEngine,853,02/23/2021, 17:27:57,540
FROV00001,FrozenEngine,853,02/23/2021, 18:11:12,540
FROV00001,FrozenEngine,854,02/23/2021, 19:08:08,540
FROV00001,FrozenEngine,854,02/23/2021, 20:10:53,540
FROV00001,FrozenEngine,854,02/23/2021, 21:09:23,540
FROV00001,FrozenEngine,854,02/23/2021, 22:10:41,540
FROV00001,FrozenEngine,854,02/23/2021, 23:10:34,540
FROV00001,FrozenEngine,854,02/24/2021, 00:24:55,540
FROV00001,FrozenEngine,854,02/24/2021, 01:37:10,540
FROV00001,FrozenEngine,854,02/24/2021, 02:18:35,540
FROV00001,FrozenEngine,854,02/24/2021, 03:11:07,540
FROV00001,FrozenEngine,855,02/24/2021, 04:10:24,540
FROV00001,FrozenEngine,855,02/24/2021, 05:09:38,540
FROV00001,FrozenEngine,855,02/24/2021, 06:11:23,540
FROV00001,FrozenEngine,855,02/24/2021, 07:09:28,540
FROV00001,FrozenEngine,855,02/24/2021, 08:17:17,540
FROV00001,FrozenEngine,855,02/24/2021, 09:16:14,540
FROV00001,FrozenEngine,855,02/24/2021, 10:17:51,540
FROV00001,FrozenEngine,855,02/24/2021, 11:15:36,540
FROV00001,FrozenEngine,855,02/24/2021, 12:19:00,540
FROV00001,FrozenEngine,855,02/24/2021, 13:17:37,540
FROV00001,FrozenEngine,856,02/24/2021, 14:15:52,540
FROV00001,FrozenEngine,856,02/24/2021, 15:23:50,540
FROV00001,FrozenEngine,856,02/24/2021, 16:29:29,540
FROV00001,FrozenEngine,856,02/24/2021, 17:30:59,540
FROV00001,FrozenEngine,856,02/24/2021, 18:11:13,540
FROV00001,FrozenEngine,856,02/24/2021, 19:07:30,540
FROV00001,FrozenEngine,856,02/24/2021, 20:10:33,540
FROV00001,FrozenEngine,856,02/24/2021, 21:09:12,540
FROV00001,FrozenEngine,856,02/24/2021, 22:10:56,540
FROV00001,FrozenEngine,856,02/24/2021, 23:10:22,540
FROV00001,FrozenEngine,856,02/25/2021, 00:24:38,540
FROV00001,FrozenEngine,856,02/25/2021, 01:37:05,540
FROV00001,FrozenEngine,856,02/25/2021, 02:17:42,540
FROV00001,FrozenEngine,856,02/25/2021, 03:10:38,540
FROV00001,FrozenEngine,856,02/25/2021, 04:12:19,540
FROV00001,FrozenEngine,856,02/25/2021, 05:09:40,540
FROV00001,FrozenEngine,856,02/25/2021, 06:11:32,540
FROV00001,FrozenEngine,856,02/25/2021, 07:09:32,540
FROV00001,FrozenEngine,856,02/25/2021, 08:12:15,540
FROV00001,FrozenEngine,856,02/25/2021, 09:16:02,540
FROV00001,FrozenEngine,856,02/25/2021, 10:17:18,540
FROV00001,FrozenEngine,856,02/25/2021, 11:09:43,540
FROV00001,FrozenEngine,856,02/25/2021, 12:13:10,540
FROV00001,FrozenEngine,856,02/25/2021, 13:11:43,540
FROV00001,FrozenEngine,856,02/25/2021, 14:10:13,540
FROV00001,FrozenEngine,856,02/25/2021, 15:15:55,540
FROV00001,FrozenEngine,857,02/25/2021, 16:21:45,540
FROV00001,FrozenEngine,857,02/25/2021, 17:30:07,540
FROV00001,FrozenEngine,857,02/25/2021, 18:15:17,540
FROV00001,FrozenEngine,857,02/25/2021, 19:07:30,540
FROV00001,FrozenEngine,857,02/25/2021, 20:10:41,540
FROV00001,FrozenEngine,857,02/25/2021, 21:09:23,540
FROV00001,FrozenEngine,857,02/25/2021, 22:10:47,540
FROV00001,FrozenEngine,857,02/25/2021, 23:10:58,540
FROV00001,FrozenEngine,857,02/26/2021, 00:27:00,540
FROV00001,FrozenEngine,857,02/26/2021, 01:37:34,540
FROV00001,FrozenEngine,857,02/26/2021, 02:18:53,540
FROV00001,FrozenEngine,857,02/26/2021, 03:10:58,540
FROV00001,FrozenEngine,857,02/26/2021, 04:12:14,540
FROV00001,FrozenEngine,858,02/26/2021, 05:09:43,540
FROV00001,FrozenEngine,858,02/26/2021, 06:11:21,540
FROV00001,FrozenEngine,858,02/26/2021, 07:10:06,540
FROV00001,FrozenEngine,858,02/26/2021, 08:12:13,540
FROV00001,FrozenEngine,858,02/26/2021, 09:10:56,540
FROV00001,FrozenEngine,858,02/26/2021, 10:11:40,540
FROV00001,FrozenEngine,858,02/26/2021, 11:15:19,540
FROV00001,FrozenEngine,858,02/26/2021, 12:13:33,540
FROV00001,FrozenEngine,858,02/26/2021, 13:12:00,540
FROV00001,FrozenEngine,859,02/26/2021, 14:10:04,540
FROV00001,FrozenEngine,859,02/26/2021, 15:09:40,540
FROV00001,FrozenEngine,859,02/26/2021, 16:16:14,540
FROV00001,FrozenEngine,859,02/26/2021, 17:26:03,540
FROV00001,FrozenEngine,859,02/26/2021, 18:11:10,540
FROV00001,FrozenEngine,860,02/26/2021, 19:07:33,540
FROV00001,FrozenEngine,860,02/26/2021, 20:10:43,540
FROV00001,FrozenEngine,860,02/26/2021, 21:09:06,540
FROV00001,FrozenEngine,861,02/26/2021, 22:10:41,540
FROV00001,FrozenEngine,861,02/26/2021, 23:10:48,540
FROV00001,FrozenEngine,861,02/27/2021, 00:24:55,540
FROV00001,FrozenEngine,861,02/27/2021, 01:37:00,540
FROV00001,FrozenEngine,861,02/27/2021, 02:18:25,540
FROV00001,FrozenEngine,861,02/27/2021, 03:11:04,540
FROV00001,FrozenEngine,861,02/27/2021, 04:12:33,540
FROV00001,FrozenEngine,861,02/27/2021, 05:09:55,540
FROV00001,FrozenEngine,861,02/27/2021, 06:11:19,540
FROV00001,FrozenEngine,861,02/27/2021, 07:09:50,540
FROV00001,FrozenEngine,861,02/27/2021, 08:11:45,540
FROV00001,FrozenEngine,861,02/27/2021, 09:10:47,540
FROV00001,FrozenEngine,861,02/27/2021, 10:11:20,540
FROV00001,FrozenEngine,861,02/27/2021, 11:09:45,540
FROV00001,FrozenEngine,861,02/27/2021, 12:13:14,540
FROV00001,FrozenEngine,861,02/27/2021, 13:10:54,540
FROV00001,FrozenEngine,861,02/27/2021, 14:09:45,540
FROV00001,FrozenEngine,861,02/27/2021, 15:09:34,540
FROV00001,FrozenEngine,861,02/27/2021, 16:16:22,540
FROV00001,FrozenEngine,861,02/27/2021, 17:25:44,540
FROV00001,FrozenEngine,861,02/27/2021, 18:11:06,540
FROV00001,FrozenEngine,862,02/27/2021, 19:07:41,540
FROV00001,FrozenEngine,863,02/27/2021, 20:10:23,540
FROV00001,FrozenEngine,863,02/27/2021, 21:09:09,540
FROV00001,FrozenEngine,863,02/27/2021, 22:10:47,540
FROV00001,FrozenEngine,863,02/27/2021, 23:10:47,540
FROV00001,FrozenEngine,863,02/28/2021, 00:26:34,540
FROV00001,FrozenEngine,863,02/28/2021, 01:40:05,540
FROV00001,FrozenEngine,863,02/28/2021, 02:21:32,540
FROV00001,FrozenEngine,863,02/28/2021, 03:10:47,540
FROV00001,FrozenEngine,863,02/28/2021, 04:12:31,540
FROV00001,FrozenEngine,863,02/28/2021, 05:10:23,540
FROV00001,FrozenEngine,863,02/28/2021, 06:11:33,540
FROV00001,FrozenEngine,863,02/28/2021, 07:09:33,540
FROV00001,FrozenEngine,864,02/28/2021, 08:12:02,540
FROV00001,FrozenEngine,864,02/28/2021, 09:10:45,540
FROV00001,FrozenEngine,864,02/28/2021, 10:11:29,540
FROV00001,FrozenEngine,864,02/28/2021, 11:09:45,540
FROV00001,FrozenEngine,864,02/28/2021, 12:13:16,540
FROV00001,FrozenEngine,864,02/28/2021, 13:10:39,540
FROV00001,FrozenEngine,864,02/28/2021, 14:09:54,540
FROV00001,FrozenEngine,864,02/28/2021, 15:09:38,540
FROV00001,FrozenEngine,864,02/28/2021, 16:16:16,540
FROV00001,FrozenEngine,864,02/28/2021, 17:25:38,540
FROV00001,FrozenEngine,864,02/28/2021, 18:10:56,540
FROV00001,FrozenEngine,864,02/28/2021, 19:07:50,540
FROV00001,FrozenEngine,864,02/28/2021, 20:10:15,540
FROV00001,FrozenEngine,864,02/28/2021, 21:08:59,540
FROV00001,FrozenEngine,864,02/28/2021, 22:10:39,540
FROV00001,FrozenEngine,864,02/28/2021, 23:10:39,540
FROV00001,FrozenEngine,864,03/01/2021, 00:26:45,540
FROV00001,FrozenEngine,864,03/01/2021, 01:41:28,540
FROV00001,FrozenEngine,864,03/01/2021, 02:23:01,540
FROV00001,FrozenEngine,864,03/01/2021, 03:10:50,540
FROV00001,FrozenEngine,864,03/01/2021, 04:12:54,540
FROV00001,FrozenEngine,865,03/01/2021, 05:10:18,540
FROV00001,FrozenEngine,865,03/01/2021, 06:11:50,540
FROV00001,FrozenEngine,865,03/01/2021, 07:09:55,540
FROV00001,FrozenEngine,865,03/01/2021, 08:12:38,540
FROV00001,FrozenEngine,865,03/01/2021, 09:10:58,540
FROV00001,FrozenEngine,865,03/01/2021, 10:43:51,540
FROV00001,FrozenEngine,865,03/01/2021, 11:16:58,540
FROV00001,FrozenEngine,865,03/01/2021, 12:13:37,540
FROV00001,FrozenEngine,865,03/01/2021, 13:17:11,540
FROV00001,FrozenEngine,865,03/01/2021, 14:10:26,540
FROV00001,FrozenEngine,865,03/01/2021, 15:10:00,540
FROV00001,FrozenEngine,865,03/01/2021, 16:16:25,540
FROV00001,FrozenEngine,866,03/01/2021, 17:26:59,540
FROV00001,FrozenEngine,866,03/01/2021, 18:11:02,540
FROV00001,FrozenEngine,866,03/01/2021, 19:07:51,540
FROV00001,FrozenEngine,866,03/01/2021, 20:10:52,540
FROV00001,FrozenEngine,866,03/01/2021, 21:09:25,540
FROV00001,FrozenEngine,866,03/01/2021, 22:13:59,540
FROV00001,FrozenEngine,866,03/01/2021, 23:10:39,540
FROV00001,FrozenEngine,867,03/02/2021, 00:21:16,540
FROV00001,FrozenEngine,867,03/02/2021, 01:24:14,540
FROV00001,FrozenEngine,867,03/02/2021, 02:11:21,540
FROV00001,FrozenEngine,867,03/02/2021, 03:10:57,540
FROV00001,FrozenEngine,867,03/02/2021, 04:12:43,540
FROV00001,FrozenEngine,867,03/02/2021, 05:10:02,540
FROV00001,FrozenEngine,867,03/02/2021, 06:11:14,540
FROV00001,FrozenEngine,867,03/02/2021, 07:09:56,540
FROV00001,FrozenEngine,867,03/02/2021, 08:12:24,540
FROV00001,FrozenEngine,867,03/02/2021, 09:11:13,540
FROV00001,FrozenEngine,867,03/02/2021, 10:09:49,540
FROV00001,FrozenEngine,867,03/02/2021, 11:08:19,540
FROV00001,FrozenEngine,867,03/02/2021, 12:11:26,540
FROV00001,FrozenEngine,867,03/02/2021, 13:08:41,540
FROV00001,FrozenEngine,868,03/02/2021, 14:09:02,540
FROV00001,FrozenEngine,868,03/02/2021, 15:08:34,540
FROV00001,FrozenEngine,868,03/02/2021, 16:19:40,540
FROV00001,FrozenEngine,868,03/02/2021, 17:30:08,540
FROV00001,FrozenEngine,868,03/02/2021, 18:09:54,540
FROV00001,FrozenEngine,868,03/02/2021, 19:07:08,540
FROV00001,FrozenEngine,868,03/02/2021, 20:10:43,540
FROV00001,FrozenEngine,868,03/02/2021, 21:09:19,540
FROV00001,FrozenEngine,868,03/02/2021, 22:11:19,540
FROV00001,FrozenEngine,868,03/02/2021, 23:11:04,540
FROV00001,FrozenEngine,868,03/03/2021, 00:24:58,540
FROV00001,FrozenEngine,868,03/03/2021, 01:38:41,540
FROV00001,FrozenEngine,868,03/03/2021, 02:20:49,540
FROV00001,FrozenEngine,868,03/03/2021, 03:09:31,540
FROV00001,FrozenEngine,868,03/03/2021, 04:10:58,540
FROV00001,FrozenEngine,868,03/03/2021, 05:10:39,540
FROV00001,FrozenEngine,868,03/03/2021, 06:11:34,540
FROV00001,FrozenEngine,868,03/03/2021, 07:10:13,540
FROV00001,FrozenEngine,868,03/03/2021, 08:12:39,540
FROV00001,FrozenEngine,868,03/03/2021, 09:10:58,540
FROV00001,FrozenEngine,868,03/03/2021, 10:11:54,540
FROV00001,FrozenEngine,868,03/03/2021, 11:09:42,540
FROV00001,FrozenEngine,868,03/03/2021, 12:13:26,540
FROV00001,FrozenEngine,868,03/03/2021, 13:12:45,540
FROV00001,FrozenEngine,868,03/03/2021, 14:11:01,540
FROV00001,FrozenEngine,868,03/03/2021, 15:10:14,540
FROV00001,FrozenEngine,868,03/03/2021, 16:16:29,540
FROV00001,FrozenEngine,868,03/03/2021, 17:27:36,540
FROV00001,FrozenEngine,868,03/03/2021, 18:13:37,540
FROV00001,FrozenEngine,868,03/03/2021, 19:07:35,540
FROV00001,FrozenEngine,868,03/03/2021, 20:11:03,540
FROV00001,FrozenEngine,868,03/03/2021, 21:09:17,540
FROV00001,FrozenEngine,868,03/03/2021, 22:11:09,540
FROV00001,FrozenEngine,868,03/03/2021, 23:10:46,540
FROV00001,FrozenEngine,868,03/04/2021, 00:24:57,540
FROV00001,FrozenEngine,869,03/04/2021, 01:39:18,540
FROV00001,FrozenEngine,869,03/04/2021, 02:21:36,540
FROV00001,FrozenEngine,869,03/04/2021, 03:10:57,540
FROV00001,FrozenEngine,869,03/04/2021, 04:12:44,540
FROV00001,FrozenEngine,869,03/04/2021, 05:09:48,540
FROV00001,FrozenEngine,869,03/04/2021, 06:10:46,540
FROV00001,FrozenEngine,869,03/04/2021, 07:09:35,540
FROV00001,FrozenEngine,869,03/04/2021, 08:12:18,540
FROV00001,FrozenEngine,869,03/04/2021, 09:11:26,540
FROV00001,FrozenEngine,869,03/04/2021, 10:11:45,540
FROV00001,FrozenEngine,869,03/04/2021, 11:09:58,540
FROV00001,FrozenEngine,869,03/04/2021, 12:13:49,540
FROV00001,FrozenEngine,869,03/04/2021, 13:12:44,540
FROV00001,FrozenEngine,869,03/04/2021, 14:10:58,540
FROV00001,FrozenEngine,869,03/04/2021, 15:10:22,540
FROV00001,FrozenEngine,869,03/04/2021, 16:16:42,540
FROV00001,FrozenEngine,869,03/04/2021, 17:25:20,540
FROV00001,FrozenEngine,869,03/04/2021, 18:11:06,540
FROV00001,FrozenEngine,869,03/04/2021, 19:08:17,540
FROV00001,FrozenEngine,870,03/04/2021, 20:11:04,540
FROV00001,FrozenEngine,870,03/04/2021, 21:09:39,540
FROV00001,FrozenEngine,870,03/04/2021, 22:11:29,540
FROV00001,FrozenEngine,870,03/04/2021, 23:10:51,540
FROV00001,FrozenEngine,870,03/05/2021, 00:25:36,540
FROV00001,FrozenEngine,870,03/05/2021, 01:40:35,540
FROV00001,FrozenEngine,870,03/05/2021, 02:22:39,540
FROV00001,FrozenEngine,870,03/05/2021, 03:11:03,540
FROV00001,FrozenEngine,870,03/05/2021, 04:12:58,540
FROV00001,FrozenEngine,870,03/05/2021, 05:09:35,540
FROV00001,FrozenEngine,870,03/05/2021, 06:11:43,540
FROV00001,FrozenEngine,871,03/05/2021, 07:09:51,540
FROV00001,FrozenEngine,871,03/05/2021, 08:13:03,540
FROV00001,FrozenEngine,871,03/05/2021, 09:10:44,540
FROV00001,FrozenEngine,871,03/05/2021, 10:12:04,540
FROV00001,FrozenEngine,871,03/05/2021, 11:09:59,540
FROV00001,FrozenEngine,871,03/05/2021, 12:13:45,540
FROV00001,FrozenEngine,871,03/05/2021, 13:12:41,540
FROV00001,FrozenEngine,871,03/05/2021, 14:10:44,540
FROV00001,FrozenEngine,871,03/05/2021, 15:10:18,540
FROV00001,FrozenEngine,871,03/05/2021, 16:16:35,540
FROV00001,FrozenEngine,871,03/05/2021, 17:27:16,540
FROV00001,FrozenEngine,871,03/05/2021, 18:11:47,540
FROV00001,FrozenEngine,871,03/05/2021, 19:07:38,540
FROV00001,FrozenEngine,871,03/05/2021, 20:10:51,540
FROV00001,FrozenEngine,871,03/05/2021, 21:09:29,540
FROV00001,FrozenEngine,871,03/05/2021, 22:11:18,540
FROV00001,FrozenEngine,871,03/05/2021, 23:11:10,540
FROV00001,FrozenEngine,871,03/06/2021, 00:25:17,540
FROV00001,FrozenEngine,871,03/06/2021, 01:39:19,540
FROV00001,FrozenEngine,871,03/06/2021, 02:22:05,540
FROV00001,FrozenEngine,871,03/06/2021, 03:11:16,540
FROV00001,FrozenEngine,871,03/06/2021, 04:13:04,540
FROV00001,FrozenEngine,871,03/06/2021, 05:09:44,540
FROV00001,FrozenEngine,871,03/06/2021, 06:11:20,540
FROV00001,FrozenEngine,871,03/06/2021, 07:09:46,540
FROV00001,FrozenEngine,871,03/06/2021, 08:12:07,540
FROV00001,FrozenEngine,871,03/06/2021, 09:10:56,540
FROV00001,FrozenEngine,871,03/06/2021, 10:11:53,540
FROV00001,FrozenEngine,871,03/06/2021, 11:09:51,540
FROV00001,FrozenEngine,871,03/06/2021, 12:13:24,540
FROV00001,FrozenEngine,871,03/06/2021, 13:12:20,540
FROV00001,FrozenEngine,871,03/06/2021, 14:10:31,540
FROV00001,FrozenEngine,871,03/06/2021, 15:10:01,540
FROV00001,FrozenEngine,872,03/06/2021, 16:16:31,540
FROV00001,FrozenEngine,872,03/06/2021, 17:26:35,540
FROV00001,FrozenEngine,872,03/06/2021, 18:11:00,540
FROV00001,FrozenEngine,872,03/06/2021, 19:07:37,540
FROV00001,FrozenEngine,872,03/06/2021, 20:10:48,540
FROV00001,FrozenEngine,872,03/06/2021, 21:09:22,540
FROV00001,FrozenEngine,872,03/06/2021, 22:11:03,540
FROV00001,FrozenEngine,872,03/06/2021, 23:10:47,540
FROV00001,FrozenEngine,872,03/07/2021, 00:26:59,540
FROV00001,FrozenEngine,872,03/07/2021, 01:43:00,540
FROV00001,FrozenEngine,872,03/07/2021, 02:24:44,540
FROV00001,FrozenEngine,872,03/07/2021, 03:10:23,540
FROV00001,FrozenEngine,872,03/07/2021, 04:13:12,540
FROV00001,FrozenEngine,872,03/07/2021, 05:09:45,540
FROV00001,FrozenEngine,872,03/07/2021, 06:11:29,540
FROV00001,FrozenEngine,872,03/07/2021, 07:09:40,540
FROV00001,FrozenEngine,872,03/07/2021, 08:12:14,540
FROV00001,FrozenEngine,872,03/07/2021, 09:10:55,540
FROV00001,FrozenEngine,872,03/07/2021, 10:11:53,540
FROV00001,FrozenEngine,872,03/07/2021, 11:09:42,540
FROV00001,FrozenEngine,872,03/07/2021, 12:13:33,540
FROV00001,FrozenEngine,872,03/07/2021, 13:12:11,540
FROV00001,FrozenEngine,872,03/07/2021, 14:10:19,540
FROV00001,FrozenEngine,872,03/07/2021, 15:09:49,540
FROV00001,FrozenEngine,872,03/07/2021, 16:16:21,540
FROV00001,FrozenEngine,872,03/07/2021, 17:26:20,540
FROV00001,FrozenEngine,872,03/07/2021, 18:11:00,540
FROV00001,FrozenEngine,872,03/07/2021, 19:07:46,540
FROV00001,FrozenEngine,872,03/07/2021, 20:10:37,540
FROV00001,FrozenEngine,872,03/07/2021, 21:09:28,540
FROV00001,FrozenEngine,872,03/07/2021, 22:11:01,540
FROV00001,FrozenEngine,872,03/07/2021, 23:10:48,540
FROV00001,FrozenEngine,872,03/08/2021, 00:26:05,540
FROV00001,FrozenEngine,873,03/08/2021, 01:41:53,540
FROV00001,FrozenEngine,873,03/08/2021, 02:25:05,540
FROV00001,FrozenEngine,873,03/08/2021, 03:10:19,540
FROV00001,FrozenEngine,873,03/08/2021, 04:13:01,540
FROV00001,FrozenEngine,873,03/08/2021, 05:09:56,540
FROV00001,FrozenEngine,873,03/08/2021, 06:11:49,540
FROV00001,FrozenEngine,873,03/08/2021, 07:09:43,540
FROV00001,FrozenEngine,873,03/08/2021, 08:12:52,540
FROV00001,FrozenEngine,873,03/08/2021, 09:10:53,540
FROV00001,FrozenEngine,873,03/08/2021, 10:11:54,540
FROV00001,FrozenEngine,873,03/08/2021, 11:09:56,540
FROV00001,FrozenEngine,873,03/08/2021, 12:13:55,540
FROV00001,FrozenEngine,873,03/08/2021, 13:13:29,540
FROV00001,FrozenEngine,873,03/08/2021, 14:10:57,540
FROV00001,FrozenEngine,874,03/08/2021, 15:10:11,540
FROV00001,FrozenEngine,874,03/08/2021, 16:16:45,540
FROV00001,FrozenEngine,874,03/08/2021, 17:27:59,540
FROV00001,FrozenEngine,874,03/08/2021, 18:13:00,540
FROV00001,FrozenEngine,875,03/08/2021, 19:08:09,540
FROV00001,FrozenEngine,875,03/08/2021, 20:11:30,540
FROV00001,FrozenEngine,875,03/08/2021, 21:09:42,540
FROV00001,FrozenEngine,875,03/08/2021, 22:11:11,540
FROV00001,FrozenEngine,875,03/08/2021, 23:11:11,540
FROV00001,FrozenEngine,875,03/09/2021, 00:25:48,540
FROV00001,FrozenEngine,875,03/09/2021, 01:40:56,540
FROV00001,FrozenEngine,875,03/09/2021, 02:24:31,540
FROV00001,FrozenEngine,875,03/09/2021, 03:10:27,540
FROV00001,FrozenEngine,875,03/09/2021, 04:13:13,540
FROV00001,FrozenEngine,875,03/09/2021, 05:10:35,540
FROV00001,FrozenEngine,875,03/09/2021, 06:11:41,540
FROV00001,FrozenEngine,875,03/09/2021, 07:09:55,540
FROV00001,FrozenEngine,875,03/09/2021, 08:13:09,540
FROV00001,FrozenEngine,875,03/09/2021, 09:15:46,540
FROV00001,FrozenEngine,875,03/09/2021, 10:17:10,540
FROV00001,FrozenEngine,875,03/09/2021, 11:14:46,540
FROV00001,FrozenEngine,875,03/09/2021, 12:18:46,540
FROV00001,FrozenEngine,875,03/09/2021, 13:18:49,540
FROV00001,FrozenEngine,875,03/09/2021, 14:15:53,540
FROV00001,FrozenEngine,875,03/09/2021, 15:20:10,540
FROV00001,FrozenEngine,875,03/09/2021, 17:42:31,540
FROV00001,FrozenEngine,875,03/09/2021, 18:29:09,540
FROV00001,FrozenEngine,875,03/09/2021, 19:11:53,540
FROV00001,FrozenEngine,875,03/09/2021, 20:11:18,540
FROV00001,FrozenEngine,875,03/09/2021, 21:09:36,540
FROV00001,FrozenEngine,875,03/09/2021, 22:13:11,540
FROV00001,FrozenEngine,875,03/09/2021, 23:11:01,540
FROV00001,FrozenEngine,875,03/10/2021, 00:25:46,540
FROV00001,FrozenEngine,875,03/10/2021, 01:41:28,540
FROV00001,FrozenEngine,875,03/10/2021, 02:25:27,540
FROV00001,FrozenEngine,875,03/10/2021, 03:09:58,540
FROV00001,FrozenEngine,875,03/10/2021, 04:11:15,540
FROV00001,FrozenEngine,875,03/10/2021, 05:10:41,540
FROV00001,FrozenEngine,875,03/10/2021, 06:11:53,540
FROV00001,FrozenEngine,875,03/10/2021, 07:10:05,540
FROV00001,FrozenEngine,875,03/10/2021, 08:12:31,540
FROV00001,FrozenEngine,875,03/10/2021, 09:11:12,540
FROV00001,FrozenEngine,875,03/10/2021, 10:12:01,540
FROV00001,FrozenEngine,875,03/10/2021, 11:10:07,540
FROV00001,FrozenEngine,875,03/10/2021, 12:14:22,540
FROV00001,FrozenEngine,875,03/10/2021, 13:13:51,540
FROV00001,FrozenEngine,875,03/10/2021, 14:15:54,540
FROV00001,FrozenEngine,875,03/10/2021, 15:14:53,540
FROV00001,FrozenEngine,875,03/10/2021, 16:22:20,540
FROV00001,FrozenEngine,875,03/10/2021, 17:32:54,540
FROV00001,FrozenEngine,875,03/10/2021, 18:17:51,540
FROV00001,FrozenEngine,875,03/10/2021, 19:12:54,540
FROV00001,FrozenEngine,875,03/10/2021, 20:15:44,540
FROV00001,FrozenEngine,875,03/10/2021, 21:09:33,540
FROV00001,FrozenEngine,875,03/10/2021, 22:11:20,540
FROV00001,FrozenEngine,876,03/10/2021, 23:10:00,540
FROV00001,FrozenEngine,876,03/11/2021, 00:25:39,540
FROV00001,FrozenEngine,876,03/11/2021, 01:42:17,540
FROV00001,FrozenEngine,876,03/11/2021, 02:24:26,540
FROV00001,FrozenEngine,876,03/11/2021, 03:10:38,540
FROV00001,FrozenEngine,876,03/11/2021, 04:14:19,540
FROV00001,FrozenEngine,877,03/11/2021, 05:10:48,540
FROV00001,FrozenEngine,877,03/11/2021, 06:12:00,540
FROV00001,FrozenEngine,877,03/11/2021, 07:10:50,540
FROV00001,FrozenEngine,877,03/11/2021, 08:12:40,540
FROV00001,FrozenEngine,877,03/11/2021, 09:11:32,540
FROV00001,FrozenEngine,877,03/11/2021, 10:11:58,540
FROV00001,FrozenEngine,877,03/11/2021, 11:10:05,540
FROV00001,FrozenEngine,877,03/11/2021, 12:14:06,540
FROV00001,FrozenEngine,877,03/11/2021, 13:19:58,540
FROV00001,FrozenEngine,877,03/11/2021, 14:15:55,540
FROV00001,FrozenEngine,877,03/11/2021, 15:15:09,540
FROV00001,FrozenEngine,877,03/11/2021, 16:21:49,540
FROV00001,FrozenEngine,877,03/11/2021, 17:33:51,540
FROV00001,FrozenEngine,877,03/11/2021, 18:18:51,540
FROV00001,FrozenEngine,877,03/11/2021, 19:13:03,540
FROV00001,FrozenEngine,877,03/11/2021, 20:11:28,540
FROV00001,FrozenEngine,877,03/11/2021, 21:09:55,540
FROV00001,FrozenEngine,877,03/11/2021, 22:11:28,540
FROV00001,FrozenEngine,877,03/11/2021, 23:10:56,540
FROV00001,FrozenEngine,877,03/12/2021, 00:26:09,540
FROV00001,FrozenEngine,877,03/12/2021, 01:43:01,540
FROV00001,FrozenEngine,877,03/12/2021, 02:26:56,540
FROV00001,FrozenEngine,877,03/12/2021, 03:11:58,540
FROV00001,FrozenEngine,877,03/12/2021, 04:13:08,540
FROV00001,FrozenEngine,877,03/12/2021, 05:11:26,540
FROV00001,FrozenEngine,877,03/12/2021, 06:12:01,540
FROV00001,FrozenEngine,877,03/12/2021, 07:09:39,540
FROV00001,FrozenEngine,877,03/12/2021, 08:13:26,540
FROV00001,FrozenEngine,877,03/12/2021, 09:14:50,540
FROV00001,FrozenEngine,877,03/12/2021, 10:16:57,540
FROV00001,FrozenEngine,877,03/12/2021, 11:14:58,540
FROV00001,FrozenEngine,877,03/12/2021, 12:18:47,540
FROV00001,FrozenEngine,877,03/12/2021, 13:18:53,540
FROV00001,FrozenEngine,877,03/12/2021, 14:15:59,540
FROV00001,FrozenEngine,877,03/12/2021, 15:15:04,540
FROV00001,FrozenEngine,877,03/12/2021, 16:21:51,540
FROV00001,FrozenEngine,877,03/12/2021, 17:29:05,540
FROV00001,FrozenEngine,877,03/12/2021, 18:13:24,540
FROV00001,FrozenEngine,877,03/12/2021, 19:27:47,540
FROV00001,FrozenEngine,877,03/12/2021, 20:11:35,540
FROV00001,FrozenEngine,878,03/12/2021, 21:09:18,540
FROV00001,FrozenEngine,878,03/12/2021, 22:11:34,540
FROV00001,FrozenEngine,879,03/12/2021, 23:11:09,540
FROV00001,FrozenEngine,879,03/13/2021, 00:25:49,540
FROV00001,FrozenEngine,879,03/13/2021, 01:41:34,540
FROV00001,FrozenEngine,879,03/13/2021, 02:26:00,540
FROV00001,FrozenEngine,879,03/13/2021, 03:11:17,540
FROV00001,FrozenEngine,879,03/13/2021, 04:13:06,540
FROV00001,FrozenEngine,879,03/13/2021, 05:10:46,540
FROV00001,FrozenEngine,879,03/13/2021, 06:11:43,540
FROV00001,FrozenEngine,879,03/13/2021, 07:09:53,540
FROV00001,FrozenEngine,879,03/13/2021, 08:12:12,540
FROV00001,FrozenEngine,879,03/13/2021, 09:10:55,540
FROV00001,FrozenEngine,880,03/13/2021, 10:11:40,540
FROV00001,FrozenEngine,880,03/13/2021, 11:10:08,540
FROV00001,FrozenEngine,880,03/13/2021, 12:13:53,540
FROV00001,FrozenEngine,880,03/13/2021, 13:13:37,540
FROV00001,FrozenEngine,880,03/13/2021, 14:10:42,540
FROV00001,FrozenEngine,880,03/13/2021, 15:10:16,540
FROV00001,FrozenEngine,880,03/13/2021, 16:16:41,540
FROV00001,FrozenEngine,880,03/13/2021, 17:28:23,540
FROV00001,FrozenEngine,880,03/13/2021, 18:12:30,540
FROV00001,FrozenEngine,880,03/13/2021, 19:07:34,540
FROV00001,FrozenEngine,880,03/13/2021, 20:11:03,540
FROV00001,FrozenEngine,880,03/13/2021, 21:09:33,540
FROV00001,FrozenEngine,880,03/13/2021, 22:11:08,540
FROV00001,FrozenEngine,880,03/13/2021, 23:10:55,540
FROV00001,FrozenEngine,880,03/14/2021, 00:27:19,540
FROV00001,FrozenEngine,880,03/14/2021, 01:45:09,540
FROV00001,FrozenEngine,880,03/14/2021, 02:26:08,540
FROV00001,FrozenEngine,880,03/14/2021, 03:11:27,540
FROV00001,FrozenEngine,880,03/14/2021, 04:13:06,540
FROV00001,FrozenEngine,880,03/14/2021, 05:10:56,540
FROV00001,FrozenEngine,880,03/14/2021, 06:11:53,540
FROV00001,FrozenEngine,880,03/14/2021, 07:10:09,540
FROV00001,FrozenEngine,880,03/14/2021, 08:12:28,540
FROV00001,FrozenEngine,880,03/14/2021, 09:11:13,540
FROV00001,FrozenEngine,881,03/14/2021, 10:11:51,540
FROV00001,FrozenEngine,881,03/14/2021, 11:10:04,540
FROV00001,FrozenEngine,881,03/14/2021, 12:13:56,540
FROV00001,FrozenEngine,881,03/14/2021, 13:13:35,540
FROV00001,FrozenEngine,881,03/14/2021, 14:10:48,540
FROV00001,FrozenEngine,881,03/14/2021, 15:10:30,540
FROV00001,FrozenEngine,881,03/14/2021, 16:16:37,540
FROV00001,FrozenEngine,881,03/14/2021, 17:28:11,540
FROV00001,FrozenEngine,881,03/14/2021, 18:11:20,540
FROV00001,FrozenEngine,881,03/14/2021, 19:08:02,540
FROV00001,FrozenEngine,881,03/14/2021, 20:11:02,540
FROV00001,FrozenEngine,881,03/14/2021, 21:09:26,540
FROV00001,FrozenEngine,881,03/14/2021, 22:11:17,540
FROV00001,FrozenEngine,881,03/14/2021, 23:10:33,540
FROV00001,FrozenEngine,881,03/15/2021, 00:26:23,540
FROV00001,FrozenEngine,882,03/15/2021, 01:43:29,540
FROV00001,FrozenEngine,882,03/15/2021, 02:26:41,540
FROV00001,FrozenEngine,882,03/15/2021, 03:11:12,540
FROV00001,FrozenEngine,882,03/15/2021, 04:13:15,540
FROV00001,FrozenEngine,882,03/15/2021, 05:10:29,540
FROV00001,FrozenEngine,882,03/15/2021, 06:11:49,540
FROV00001,FrozenEngine,882,03/15/2021, 07:09:44,540
FROV00001,FrozenEngine,882,03/15/2021, 08:13:05,540
FROV00001,FrozenEngine,882,03/15/2021, 09:16:02,540
FROV00001,FrozenEngine,882,03/15/2021, 10:16:59,540
FROV00001,FrozenEngine,882,03/15/2021, 11:14:52,540
FROV00001,FrozenEngine,883,03/15/2021, 12:18:55,540
FROV00001,FrozenEngine,883,03/15/2021, 13:18:01,540
FROV00001,FrozenEngine,883,03/15/2021, 14:15:55,540
FROV00001,FrozenEngine,883,03/15/2021, 15:15:09,540
FROV00001,FrozenEngine,883,03/15/2021, 16:22:04,540
FROV00001,FrozenEngine,883,03/15/2021, 17:32:35,540
FROV00001,FrozenEngine,883,03/15/2021, 18:16:04,540
FROV00001,FrozenEngine,883,03/15/2021, 19:13:06,540
FROV00001,FrozenEngine,883,03/15/2021, 21:28:20,540
FROV00001,FrozenEngine,883,03/15/2021, 22:21:40,540
FROV00001,FrozenEngine,883,03/15/2021, 23:16:11,540
FROV00001,FrozenEngine,883,03/16/2021, 00:25:33,540
FROV00001,FrozenEngine,884,03/16/2021, 01:41:43,540
FROV00001,FrozenEngine,884,03/16/2021, 02:25:59,540
FROV00001,FrozenEngine,884,03/16/2021, 03:10:25,540
FROV00001,FrozenEngine,884,03/16/2021, 04:13:09,540
FROV00001,FrozenEngine,884,03/16/2021, 05:10:39,540
FROV00001,FrozenEngine,884,03/16/2021, 06:11:38,540
FROV00001,FrozenEngine,884,03/16/2021, 07:09:39,540
FROV00001,FrozenEngine,884,03/16/2021, 08:12:25,540
FROV00001,FrozenEngine,884,03/16/2021, 09:09:55,540
FROV00001,FrozenEngine,884,03/16/2021, 10:12:21,540
FROV00001,FrozenEngine,884,03/16/2021, 11:10:11,540
FROV00001,FrozenEngine,884,03/16/2021, 12:18:55,540
FROV00001,FrozenEngine,884,03/16/2021, 13:19:03,540
FROV00001,FrozenEngine,884,03/16/2021, 14:16:09,540
FROV00001,FrozenEngine,884,03/16/2021, 15:16:24,540
FROV00001,FrozenEngine,884,03/16/2021, 16:21:49,540
FROV00001,FrozenEngine,884,03/16/2021, 17:29:08,540
FROV00001,FrozenEngine,884,03/16/2021, 18:13:13,540
FROV00001,FrozenEngine,884,03/16/2021, 19:08:33,540
FROV00001,FrozenEngine,884,03/16/2021, 20:11:22,540
FROV00001,FrozenEngine,884,03/16/2021, 21:09:56,540
FROV00001,FrozenEngine,884,03/16/2021, 22:11:40,540
FROV00001,FrozenEngine,884,03/16/2021, 23:10:42,540
FROV00001,FrozenEngine,884,03/17/2021, 00:26:23,540
FROV00001,FrozenEngine,884,03/17/2021, 01:43:37,540
FROV00001,FrozenEngine,884,03/17/2021, 02:27:54,540
FROV00001,FrozenEngine,884,03/17/2021, 03:12:14,540
FROV00001,FrozenEngine,884,03/17/2021, 04:13:04,540
FROV00001,FrozenEngine,884,03/17/2021, 05:11:13,540
FROV00001,FrozenEngine,884,03/17/2021, 06:11:59,540
FROV00001,FrozenEngine,884,03/17/2021, 07:09:47,540
FROV00001,FrozenEngine,884,03/17/2021, 08:12:32,540
FROV00001,FrozenEngine,884,03/17/2021, 09:11:17,540
FROV00001,FrozenEngine,884,03/17/2021, 10:11:53,540
FROV00001,FrozenEngine,884,03/17/2021, 11:10:15,540
FROV00001,FrozenEngine,884,03/17/2021, 12:16:05,540
FROV00001,FrozenEngine,884,03/17/2021, 13:18:58,540
FROV00001,FrozenEngine,884,03/17/2021, 14:16:21,540
FROV00001,FrozenEngine,884,03/17/2021, 15:16:53,540
FROV00001,FrozenEngine,884,03/17/2021, 16:22:20,540
FROV00001,FrozenEngine,884,03/17/2021, 17:28:26,540
FROV00001,FrozenEngine,884,03/17/2021, 18:12:25,540
FROV00001,FrozenEngine,884,03/17/2021, 19:07:49,540
FROV00001,FrozenEngine,884,03/17/2021, 20:11:34,540
FROV00001,FrozenEngine,884,03/17/2021, 21:09:59,540
FROV00001,FrozenEngine,884,03/17/2021, 22:11:49,540
FROV00001,FrozenEngine,884,03/17/2021, 23:10:52,540
FROV00001,FrozenEngine,884,03/18/2021, 00:26:15,540
FROV00001,FrozenEngine,884,03/18/2021, 01:43:43,540
FROV00001,FrozenEngine,884,03/18/2021, 02:27:07,540
FROV00001,FrozenEngine,884,03/18/2021, 03:11:01,540
FROV00001,FrozenEngine,884,03/18/2021, 04:13:19,540
FROV00001,FrozenEngine,884,03/18/2021, 05:11:38,540
FROV00001,FrozenEngine,884,03/18/2021, 06:12:14,540
FROV00001,FrozenEngine,884,03/18/2021, 07:09:25,540
FROV00001,FrozenEngine,884,03/18/2021, 08:12:47,540
FROV00001,FrozenEngine,884,03/18/2021, 09:16:04,540
FROV00001,FrozenEngine,884,03/18/2021, 10:17:01,540
FROV00001,FrozenEngine,884,03/18/2021, 11:14:52,540
FROV00001,FrozenEngine,884,03/18/2021, 12:18:19,540
FROV00001,FrozenEngine,884,03/18/2021, 13:18:55,540
FROV00001,FrozenEngine,884,03/18/2021, 14:15:54,540
FROV00001,FrozenEngine,884,03/18/2021, 15:10:43,540
FROV00001,FrozenEngine,884,03/18/2021, 16:17:09,540
FROV00001,FrozenEngine,884,03/18/2021, 17:29:19,540
FROV00001,FrozenEngine,884,03/18/2021, 18:13:16,540
FROV00001,FrozenEngine,884,03/18/2021, 19:08:04,540
FROV00001,FrozenEngine,884,03/18/2021, 20:11:28,540
FROV00001,FrozenEngine,884,03/18/2021, 21:10:07,540
FROV00001,FrozenEngine,884,03/18/2021, 22:11:44,540
FROV00001,FrozenEngine,884,03/18/2021, 23:11:00,540
FROV00001,FrozenEngine,884,03/19/2021, 00:26:50,540
FROV00001,FrozenEngine,884,03/19/2021, 01:45:00,540
FROV00001,FrozenEngine,884,03/19/2021, 02:28:29,540
FROV00001,FrozenEngine,884,03/19/2021, 03:13:09,540
FROV00001,FrozenEngine,884,03/19/2021, 04:13:20,540
FROV00001,FrozenEngine,884,03/19/2021, 05:11:49,540
FROV00001,FrozenEngine,884,03/19/2021, 06:12:01,540
FROV00001,FrozenEngine,884,03/19/2021, 07:09:35,540
FROV00001,FrozenEngine,884,03/19/2021, 08:13:43,540
FROV00001,FrozenEngine,884,03/19/2021, 09:11:11,540
FROV00001,FrozenEngine,884,03/19/2021, 10:16:52,540
FROV00001,FrozenEngine,884,03/19/2021, 11:11:41,540
FROV00001,FrozenEngine,884,03/19/2021, 12:14:34,540
FROV00001,FrozenEngine,884,03/19/2021, 13:20:05,540
FROV00001,FrozenEngine,884,03/19/2021, 14:15:56,540
FROV00001,FrozenEngine,884,03/19/2021, 15:15:58,540
FROV00001,FrozenEngine,884,03/19/2021, 16:17:39,540
FROV00001,FrozenEngine,884,03/19/2021, 17:30:35,540
FROV00001,FrozenEngine,884,03/19/2021, 18:14:34,540
FROV00001,FrozenEngine,884,03/19/2021, 19:08:44,540
FROV00001,FrozenEngine,884,03/19/2021, 20:11:31,540
FROV00001,FrozenEngine,884,03/19/2021, 21:10:07,540
FROV00001,FrozenEngine,884,03/19/2021, 22:11:53,540
FROV00001,FrozenEngine,884,03/19/2021, 23:10:59,540
FROV00001,FrozenEngine,884,03/20/2021, 00:26:13,540
FROV00001,FrozenEngine,884,03/20/2021, 01:43:46,540
FROV00001,FrozenEngine,884,03/20/2021, 02:28:17,540
FROV00001,FrozenEngine,884,03/20/2021, 03:12:59,540
FROV00001,FrozenEngine,884,03/20/2021, 04:13:26,540
FROV00001,FrozenEngine,884,03/20/2021, 05:12:09,540
FROV00001,FrozenEngine,884,03/20/2021, 06:11:38,540
FROV00001,FrozenEngine,884,03/20/2021, 07:10:03,540
FROV00001,FrozenEngine,884,03/20/2021, 08:12:29,540
FROV00001,FrozenEngine,884,03/20/2021, 09:11:30,540
FROV00001,FrozenEngine,885,03/20/2021, 10:12:08,540
FROV00001,FrozenEngine,885,03/20/2021, 11:10:06,540
FROV00001,FrozenEngine,885,03/20/2021, 12:14:21,540
FROV00001,FrozenEngine,885,03/20/2021, 13:14:07,540
FROV00001,FrozenEngine,885,03/20/2021, 14:10:54,540
FROV00001,FrozenEngine,885,03/20/2021, 15:10:42,540
FROV00001,FrozenEngine,885,03/20/2021, 16:17:38,540
FROV00001,FrozenEngine,885,03/20/2021, 17:31:20,540
FROV00001,FrozenEngine,885,03/20/2021, 18:14:30,540
FROV00001,FrozenEngine,885,03/20/2021, 19:08:09,540
FROV00001,FrozenEngine,886,03/20/2021, 20:11:20,540
FROV00001,FrozenEngine,886,03/20/2021, 21:10:06,540
FROV00001,FrozenEngine,886,03/20/2021, 22:11:38,540
FROV00001,FrozenEngine,886,03/20/2021, 23:10:59,540
FROV00001,FrozenEngine,886,03/21/2021, 00:28:00,540
FROV00001,FrozenEngine,886,03/21/2021, 01:47:44,540
FROV00001,FrozenEngine,886,03/21/2021, 02:28:16,540
FROV00001,FrozenEngine,886,03/21/2021, 03:12:33,540
FROV00001,FrozenEngine,886,03/21/2021, 04:13:24,540
FROV00001,FrozenEngine,886,03/21/2021, 05:12:50,540
FROV00001,FrozenEngine,886,03/21/2021, 06:11:35,540
FROV00001,FrozenEngine,886,03/21/2021, 07:10:02,540
FROV00001,FrozenEngine,886,03/21/2021, 08:12:39,540
FROV00001,FrozenEngine,886,03/21/2021, 09:11:31,540
FROV00001,FrozenEngine,886,03/21/2021, 10:12:02,540
FROV00001,FrozenEngine,886,03/21/2021, 11:15:26,540
FROV00001,FrozenEngine,886,03/21/2021, 12:18:56,540
FROV00001,FrozenEngine,886,03/21/2021, 13:14:54,540
FROV00001,FrozenEngine,886,03/21/2021, 14:11:03,540
FROV00001,FrozenEngine,886,03/21/2021, 15:11:00,540
FROV00001,FrozenEngine,886,03/21/2021, 16:17:38,540
FROV00001,FrozenEngine,886,03/21/2021, 17:31:57,540
FROV00001,FrozenEngine,886,03/21/2021, 18:19:53,540
FROV00001,FrozenEngine,886,03/21/2021, 19:12:50,540
FROV00001,FrozenEngine,886,03/21/2021, 20:12:03,540
FROV00001,FrozenEngine,886,03/21/2021, 21:09:45,540
FROV00001,FrozenEngine,886,03/21/2021, 22:11:49,540
FROV00001,FrozenEngine,886,03/21/2021, 23:11:11,540
FROV00001,FrozenEngine,886,03/22/2021, 00:26:54,540
FROV00001,FrozenEngine,886,03/22/2021, 01:46:50,540
FROV00001,FrozenEngine,886,03/22/2021, 02:31:22,540
FROV00001,FrozenEngine,886,03/22/2021, 03:18:51,540
FROV00001,FrozenEngine,886,03/22/2021, 04:17:54,540
FROV00001,FrozenEngine,886,03/22/2021, 05:18:47,540
FROV00001,FrozenEngine,886,03/22/2021, 06:16:50,540
FROV00001,FrozenEngine,886,03/22/2021, 07:14:52,540
FROV00001,FrozenEngine,886,03/22/2021, 08:17:54,540
FROV00001,FrozenEngine,886,03/22/2021, 09:16:05,540
FROV00001,FrozenEngine,886,03/22/2021, 10:16:57,540
FROV00001,FrozenEngine,886,03/22/2021, 11:10:11,540
FROV00001,FrozenEngine,886,03/22/2021, 12:14:53,540
FROV00001,FrozenEngine,886,03/22/2021, 13:17:25,540
FROV00001,FrozenEngine,886,03/22/2021, 14:11:05,540
FROV00001,FrozenEngine,886,03/22/2021, 15:11:01,540
FROV00001,FrozenEngine,886,03/22/2021, 16:18:04,540
FROV00001,FrozenEngine,886,03/22/2021, 17:32:26,540
FROV00001,FrozenEngine,886,03/22/2021, 18:15:51,540
FROV00001,FrozenEngine,886,03/22/2021, 19:09:45,540
FROV00001,FrozenEngine,886,03/22/2021, 20:12:04,540
FROV00001,FrozenEngine,886,03/22/2021, 21:10:20,540
FROV00001,FrozenEngine,886,03/22/2021, 22:12:24,540
FROV00001,FrozenEngine,886,03/22/2021, 23:11:07,540
FROV00001,FrozenEngine,886,03/23/2021, 00:26:31,540
FROV00001,FrozenEngine,886,03/23/2021, 01:46:05,540
FROV00001,FrozenEngine,886,03/23/2021, 02:30:05,540
FROV00001,FrozenEngine,886,03/23/2021, 03:14:29,540
FROV00001,FrozenEngine,886,03/23/2021, 04:13:08,540
FROV00001,FrozenEngine,886,03/23/2021, 05:13:32,540
FROV00001,FrozenEngine,886,03/23/2021, 06:12:03,540
FROV00001,FrozenEngine,886,03/23/2021, 07:10:28,540
FROV00001,FrozenEngine,886,03/23/2021, 08:13:22,540
FROV00001,FrozenEngine,886,03/23/2021, 09:11:40,540
FROV00001,FrozenEngine,886,03/23/2021, 10:12:02,540
FROV00001,FrozenEngine,886,03/23/2021, 11:10:16,540
FROV00001,FrozenEngine,886,03/23/2021, 12:19:58,540
FROV00001,FrozenEngine,886,03/23/2021, 13:22:53,540
FROV00001,FrozenEngine,886,03/23/2021, 14:16:06,540
FROV00001,FrozenEngine,886,03/23/2021, 15:11:43,540
FROV00001,FrozenEngine,886,03/23/2021, 16:16:59,540
FROV00001,FrozenEngine,886,03/23/2021, 17:34:37,540
FROV00001,FrozenEngine,886,03/23/2021, 18:14:37,540
FROV00001,FrozenEngine,886,03/23/2021, 19:09:32,540
FROV00001,FrozenEngine,886,03/23/2021, 20:12:21,540
FROV00001,FrozenEngine,886,03/23/2021, 21:10:15,540
FROV00001,FrozenEngine,886,03/23/2021, 22:12:25,540
FROV00001,FrozenEngine,886,03/23/2021, 23:11:53,540
FROV00001,FrozenEngine,886,03/24/2021, 00:26:56,540
FROV00001,FrozenEngine,886,03/24/2021, 01:47:46,540
FROV00001,FrozenEngine,886,03/24/2021, 02:31:04,540
FROV00001,FrozenEngine,886,03/24/2021, 03:14:35,540
FROV00001,FrozenEngine,886,03/24/2021, 04:23:06,540
FROV00001,FrozenEngine,886,03/24/2021, 05:28:25,540
FROV00001,FrozenEngine,886,03/24/2021, 06:20:03,540
FROV00001,FrozenEngine,886,03/24/2021, 07:23:31,540
FROV00001,FrozenEngine,886,03/24/2021, 08:21:32,540
FROV00001,FrozenEngine,886,03/24/2021, 09:27:10,540
FROV00001,FrozenEngine,886,03/24/2021, 10:27:18,540
FROV00001,FrozenEngine,886,03/24/2021, 11:24:08,540
FROV00001,FrozenEngine,886,03/24/2021, 12:30:59,540
FROV00001,FrozenEngine,886,03/24/2021, 13:31:09,540
FROV00001,FrozenEngine,886,03/24/2021, 14:18:28,540
FROV00001,FrozenEngine,886,03/24/2021, 15:18:31,540
FROV00001,FrozenEngine,886,03/24/2021, 16:35:14,540
FROV00001,FrozenEngine,886,03/24/2021, 18:00:16,540
FROV00001,FrozenEngine,886,03/24/2021, 18:46:59,540
FROV00001,FrozenEngine,887,03/24/2021, 19:26:05,540
FROV00001,FrozenEngine,887,03/24/2021, 20:19:18,540
FROV00001,FrozenEngine,887,03/24/2021, 21:16:26,540
FROV00001,FrozenEngine,887,03/24/2021, 22:18:36,540
FROV00001,FrozenEngine,887,03/24/2021, 23:21:00,540
FROV00001,FrozenEngine,887,03/25/2021, 00:56:53,540
FROV00001,FrozenEngine,887,03/25/2021, 02:27:34,540
FROV00001,FrozenEngine,887,03/25/2021, 03:29:26,540
FROV00001,FrozenEngine,887,03/25/2021, 04:26:09,540
FROV00001,FrozenEngine,887,03/25/2021, 05:27:16,540
FROV00001,FrozenEngine,887,03/25/2021, 06:19:36,540
FROV00001,FrozenEngine,887,03/25/2021, 07:18:02,540
FROV00001,FrozenEngine,887,03/25/2021, 08:19:52,540
FROV00001,FrozenEngine,887,03/25/2021, 09:17:47,540
FROV00001,FrozenEngine,887,03/25/2021, 10:18:10,540
FROV00001,FrozenEngine,887,03/25/2021, 11:10:39,540
FROV00001,FrozenEngine,887,03/25/2021, 12:17:59,540
FROV00001,FrozenEngine,887,03/25/2021, 13:22:17,540
FROV00001,FrozenEngine,887,03/25/2021, 14:18:19,540
FROV00001,FrozenEngine,887,03/25/2021, 15:19:41,540
FROV00001,FrozenEngine,887,03/25/2021, 16:20:57,540
FROV00001,FrozenEngine,887,03/25/2021, 17:26:22,540
FROV00001,FrozenEngine,887,03/25/2021, 18:31:00,540
FROV00001,FrozenEngine,887,03/25/2021, 19:25:20,540
FROV00001,FrozenEngine,887,03/25/2021, 20:14:53,540
FROV00001,FrozenEngine,887,03/25/2021, 21:13:48,540
FROV00001,FrozenEngine,887,03/25/2021, 22:15:07,540
FROV00001,FrozenEngine,887,03/25/2021, 23:16:35,540
FROV00001,FrozenEngine,887,03/26/2021, 00:37:42,540
FROV00001,FrozenEngine,887,03/26/2021, 01:39:06,540
FROV00001,FrozenEngine,887,03/26/2021, 02:40:05,540
FROV00001,FrozenEngine,888,03/26/2021, 03:27:30,540
FROV00001,FrozenEngine,888,03/26/2021, 04:26:30,540
FROV00001,FrozenEngine,888,03/26/2021, 05:23:35,540
FROV00001,FrozenEngine,888,03/26/2021, 06:17:08,540
FROV00001,FrozenEngine,888,03/26/2021, 07:16:35,540
FROV00001,FrozenEngine,888,03/26/2021, 08:17:17,540
FROV00001,FrozenEngine,888,03/26/2021, 09:17:56,540
FROV00001,FrozenEngine,888,03/26/2021, 10:16:46,540
FROV00001,FrozenEngine,888,03/26/2021, 11:13:04,540
FROV00001,FrozenEngine,888,03/26/2021, 12:20:38,540
FROV00001,FrozenEngine,888,03/26/2021, 13:23:24,540
FROV00001,FrozenEngine,888,03/26/2021, 14:15:25,540
FROV00001,FrozenEngine,888,03/26/2021, 15:15:57,540
FROV00001,FrozenEngine,888,03/26/2021, 16:26:09,540
FROV00001,FrozenEngine,888,03/26/2021, 17:39:55,540
FROV00001,FrozenEngine,888,03/26/2021, 18:26:31,540
FROV00001,FrozenEngine,888,03/26/2021, 19:17:53,540
FROV00001,FrozenEngine,888,03/26/2021, 20:16:10,540
FROV00001,FrozenEngine,888,03/26/2021, 21:13:37,540
FROV00001,FrozenEngine,888,03/26/2021, 22:14:19,540
FROV00001,FrozenEngine,888,03/26/2021, 23:14:37,540
FROV00001,FrozenEngine,888,03/27/2021, 00:42:23,540
FROV00001,FrozenEngine,888,03/27/2021, 02:00:02,540
FROV00001,FrozenEngine,888,03/27/2021, 02:44:55,540
FROV00001,FrozenEngine,888,03/27/2021, 03:20:45,540
FROV00001,FrozenEngine,888,03/27/2021, 04:19:18,540
FROV00001,FrozenEngine,888,03/27/2021, 05:20:16,540
FROV00001,FrozenEngine,888,03/27/2021, 06:17:23,540
FROV00001,FrozenEngine,888,03/27/2021, 07:16:18,540
FROV00001,FrozenEngine,888,03/27/2021, 08:16:54,540
FROV00001,FrozenEngine,889,03/27/2021, 09:15:06,540
FROV00001,FrozenEngine,889,03/27/2021, 10:15:17,540
FROV00001,FrozenEngine,889,03/27/2021, 11:12:48,540
FROV00001,FrozenEngine,889,03/27/2021, 12:20:31,540
FROV00001,FrozenEngine,889,03/27/2021, 13:22:11,540
FROV00001,FrozenEngine,889,03/27/2021, 14:14:23,540
FROV00001,FrozenEngine,889,03/27/2021, 15:14:31,540
FROV00001,FrozenEngine,889,03/27/2021, 16:24:12,540
FROV00001,FrozenEngine,889,03/27/2021, 17:40:37,540
FROV00001,FrozenEngine,889,03/27/2021, 18:27:52,540
FROV00001,FrozenEngine,889,03/27/2021, 19:17:19,540
FROV00001,FrozenEngine,889,03/27/2021, 20:15:56,540
FROV00001,FrozenEngine,889,03/27/2021, 21:13:31,540
FROV00001,FrozenEngine,889,03/27/2021, 22:15:29,540
FROV00001,FrozenEngine,889,03/27/2021, 23:14:29,540
FROV00001,FrozenEngine,889,03/28/2021, 00:43:39,540
FROV00001,FrozenEngine,889,03/28/2021, 02:00:08,540
FROV00001,FrozenEngine,889,03/28/2021, 02:45:38,540
FROV00001,FrozenEngine,889,03/28/2021, 03:22:08,540
FROV00001,FrozenEngine,889,03/28/2021, 04:20:31,540
FROV00001,FrozenEngine,889,03/28/2021, 05:21:52,540
FROV00001,FrozenEngine,889,03/28/2021, 06:17:15,540
FROV00001,FrozenEngine,889,03/28/2021, 07:16:33,540
FROV00001,FrozenEngine,889,03/28/2021, 08:17:08,540
FROV00001,FrozenEngine,889,03/28/2021, 09:15:10,540
FROV00001,FrozenEngine,889,03/28/2021, 10:15:00,540
FROV00001,FrozenEngine,889,03/28/2021, 11:12:59,540
FROV00001,FrozenEngine,889,03/28/2021, 12:20:26,540
FROV00001,FrozenEngine,889,03/28/2021, 13:22:28,540
FROV00001,FrozenEngine,889,03/28/2021, 14:14:31,540
FROV00001,FrozenEngine,889,03/28/2021, 15:14:49,540
FROV00001,FrozenEngine,889,03/28/2021, 16:24:54,540
FROV00001,FrozenEngine,889,03/28/2021, 17:41:10,540
FROV00001,FrozenEngine,889,03/28/2021, 18:27:25,540
FROV00001,FrozenEngine,889,03/28/2021, 19:17:57,540
FROV00001,FrozenEngine,889,03/28/2021, 20:15:41,540
FROV00001,FrozenEngine,889,03/28/2021, 21:13:37,540
FROV00001,FrozenEngine,890,03/28/2021, 22:15:54,540
FROV00001,FrozenEngine,890,03/28/2021, 23:14:38,540
FROV00001,FrozenEngine,890,03/29/2021, 00:45:26,540
FROV00001,FrozenEngine,890,03/29/2021, 02:03:08,540
FROV00001,FrozenEngine,890,03/29/2021, 03:23:23,540
FROV00001,FrozenEngine,890,03/29/2021, 04:20:50,540
FROV00001,FrozenEngine,890,03/29/2021, 05:22:27,540
FROV00001,FrozenEngine,890,03/29/2021, 06:18:09,540
FROV00001,FrozenEngine,890,03/29/2021, 07:17:38,540
FROV00001,FrozenEngine,890,03/29/2021, 09:43:57,540
FROV00001,FrozenEngine,890,03/29/2021, 10:17:33,540
FROV00001,FrozenEngine,890,03/29/2021, 11:13:30,540
FROV00001,FrozenEngine,890,03/29/2021, 12:20:54,540
FROV00001,FrozenEngine,890,03/29/2021, 13:24:15,540
FROV00001,FrozenEngine,890,03/29/2021, 14:15:42,540
FROV00001,FrozenEngine,890,03/29/2021, 15:31:49,540
FROV00001,FrozenEngine,890,03/29/2021, 16:26:54,540
FROV00001,FrozenEngine,890,03/29/2021, 17:40:16,540
FROV00001,FrozenEngine,890,03/29/2021, 18:23:51,540
FROV00001,FrozenEngine,890,03/29/2021, 19:14:41,540
FROV00001,FrozenEngine,890,03/29/2021, 20:16:22,540
FROV00001,FrozenEngine,890,03/29/2021, 21:13:59,540
FROV00001,FrozenEngine,890,03/29/2021, 22:16:36,540
FROV00001,FrozenEngine,890,03/29/2021, 23:15:08,540
FROV00001,FrozenEngine,890,03/30/2021, 00:42:41,540
FROV00001,FrozenEngine,890,03/30/2021, 01:59:57,540
FROV00001,FrozenEngine,890,03/30/2021, 02:44:53,540
FROV00001,FrozenEngine,890,03/30/2021, 03:20:54,540
FROV00001,FrozenEngine,890,03/30/2021, 04:18:35,540
FROV00001,FrozenEngine,890,03/30/2021, 05:21:01,540
FROV00001,FrozenEngine,890,03/30/2021, 06:17:47,540
FROV00001,FrozenEngine,890,03/30/2021, 07:16:50,540
FROV00001,FrozenEngine,890,03/30/2021, 08:18:02,540
FROV00001,FrozenEngine,890,03/30/2021, 09:16:07,540
FROV00001,FrozenEngine,890,03/30/2021, 10:15:49,540
FROV00001,FrozenEngine,890,03/30/2021, 11:13:11,540
FROV00001,FrozenEngine,890,03/30/2021, 12:21:44,540
FROV00001,FrozenEngine,890,03/30/2021, 13:23:29,540
FROV00001,FrozenEngine,891,03/30/2021, 14:15:23,540
FROV00001,FrozenEngine,891,03/30/2021, 15:15:37,540
FROV00001,FrozenEngine,892,03/30/2021, 16:25:55,540
FROV00001,FrozenEngine,892,03/30/2021, 17:42:37,540
FROV00001,FrozenEngine,892,03/30/2021, 18:29:33,540
FROV00001,FrozenEngine,892,03/30/2021, 19:18:42,540
FROV00001,FrozenEngine,892,03/30/2021, 20:15:58,540
FROV00001,FrozenEngine,892,03/30/2021, 21:13:55,540
FROV00001,FrozenEngine,892,03/30/2021, 22:16:32,540
FROV00001,FrozenEngine,892,03/30/2021, 23:15:17,540
FROV00001,FrozenEngine,892,03/31/2021, 00:40:04,540
FROV00001,FrozenEngine,892,03/31/2021, 01:58:39,540
FROV00001,FrozenEngine,892,03/31/2021, 02:43:32,540
FROV00001,FrozenEngine,892,03/31/2021, 03:20:35,540
FROV00001,FrozenEngine,892,03/31/2021, 04:19:55,540
FROV00001,FrozenEngine,892,03/31/2021, 05:17:28,540
FROV00001,FrozenEngine,892,03/31/2021, 06:17:50,540
FROV00001,FrozenEngine,892,03/31/2021, 07:17:33,540
FROV00001,FrozenEngine,892,03/31/2021, 08:17:36,540
FROV00001,FrozenEngine,892,03/31/2021, 09:15:43,540
FROV00001,FrozenEngine,892,03/31/2021, 10:16:01,540
FROV00001,FrozenEngine,892,03/31/2021, 11:13:12,540
FROV00001,FrozenEngine,892,03/31/2021, 12:20:57,540
FROV00001,FrozenEngine,892,03/31/2021, 13:23:01,540
FROV00001,FrozenEngine,892,03/31/2021, 14:15:17,540
FROV00001,FrozenEngine,892,03/31/2021, 15:15:37,540
FROV00001,FrozenEngine,892,03/31/2021, 16:26:18,540
FROV00001,FrozenEngine,892,03/31/2021, 17:42:00,540
FROV00001,FrozenEngine,892,03/31/2021, 18:28:09,540
FROV00001,FrozenEngine,892,03/31/2021, 19:17:07,540
FROV00001,FrozenEngine,892,03/31/2021, 20:16:32,540
FROV00001,FrozenEngine,892,03/31/2021, 21:14:19,540
FROV00001,FrozenEngine,892,03/31/2021, 22:16:40,540
FROV00001,FrozenEngine,892,03/31/2021, 23:15:18,540
FROV00001,FrozenEngine,892,04/01/2021, 00:44:32,540
FROV00001,FrozenEngine,892,04/01/2021, 02:07:20,540
FROV00001,FrozenEngine,892,04/01/2021, 03:22:21,540
FROV00001,FrozenEngine,892,04/01/2021, 04:18:50,540
FROV00001,FrozenEngine,892,04/01/2021, 05:21:48,540
FROV00001,FrozenEngine,892,04/01/2021, 06:17:45,540
FROV00001,FrozenEngine,892,04/01/2021, 07:16:48,540
FROV00001,FrozenEngine,892,04/01/2021, 08:22:47,540
FROV00001,FrozenEngine,892,04/01/2021, 09:16:30,540
FROV00001,FrozenEngine,892,04/01/2021, 10:16:09,540
FROV00001,FrozenEngine,893,04/01/2021, 11:13:26,540
FROV00001,FrozenEngine,893,04/01/2021, 12:21:10,540
FROV00001,FrozenEngine,893,04/01/2021, 13:23:42,540
FROV00001,FrozenEngine,893,04/01/2021, 14:23:35,540
FROV00001,FrozenEngine,893,04/01/2021, 15:21:43,540
FROV00001,FrozenEngine,893,04/01/2021, 16:26:46,540
FROV00001,FrozenEngine,893,04/01/2021, 17:44:31,540
FROV00001,FrozenEngine,893,04/01/2021, 18:30:37,540
FROV00001,FrozenEngine,893,04/01/2021, 19:19:51,540
FROV00001,FrozenEngine,893,04/01/2021, 20:16:23,540
FROV00001,FrozenEngine,893,04/01/2021, 21:14:33,540
FROV00001,FrozenEngine,893,04/01/2021, 22:41:16,540
FROV00001,FrozenEngine,893,04/01/2021, 23:28:02,540
FROV00001,FrozenEngine,893,04/02/2021, 00:52:15,540
FROV00001,FrozenEngine,893,04/02/2021, 02:13:33,540
FROV00001,FrozenEngine,893,04/02/2021, 03:23:54,540
FROV00001,FrozenEngine,893,04/02/2021, 04:21:53,540
FROV00001,FrozenEngine,893,04/02/2021, 05:22:08,540
FROV00001,FrozenEngine,893,04/02/2021, 06:17:48,540
FROV00001,FrozenEngine,893,04/02/2021, 07:18:31,540
FROV00001,FrozenEngine,893,04/02/2021, 08:18:37,540
FROV00001,FrozenEngine,893,04/02/2021, 09:17:02,540
FROV00001,FrozenEngine,893,04/02/2021, 10:16:20,540
FROV00001,FrozenEngine,893,04/02/2021, 11:13:01,540
FROV00001,FrozenEngine,893,04/02/2021, 12:21:05,540
FROV00001,FrozenEngine,894,04/02/2021, 13:23:08,540
FROV00001,FrozenEngine,894,04/02/2021, 14:15:25,540
FROV00001,FrozenEngine,894,04/02/2021, 15:15:27,540
FROV00001,FrozenEngine,895,04/02/2021, 16:26:46,540
FROV00001,FrozenEngine,895,04/02/2021, 17:44:01,540
FROV00001,FrozenEngine,895,04/02/2021, 18:29:08,540
FROV00001,FrozenEngine,895,04/02/2021, 19:18:48,540
FROV00001,FrozenEngine,895,04/02/2021, 20:15:59,540
FROV00001,FrozenEngine,895,04/02/2021, 21:13:43,540
FROV00001,FrozenEngine,895,04/02/2021, 22:17:08,540
FROV00001,FrozenEngine,895,04/02/2021, 23:16:17,540
FROV00001,FrozenEngine,895,04/03/2021, 00:43:58,540
FROV00001,FrozenEngine,895,04/03/2021, 02:02:30,540
FROV00001,FrozenEngine,895,04/03/2021, 03:21:21,540
FROV00001,FrozenEngine,895,04/03/2021, 04:19:14,540
FROV00001,FrozenEngine,895,04/03/2021, 05:20:54,540
FROV00001,FrozenEngine,895,04/03/2021, 06:18:02,540
FROV00001,FrozenEngine,895,04/03/2021, 07:17:23,540
FROV00001,FrozenEngine,896,04/03/2021, 08:16:56,540
FROV00001,FrozenEngine,896,04/03/2021, 09:15:07,540
FROV00001,FrozenEngine,896,04/03/2021, 11:13:08,540
FROV00001,FrozenEngine,896,04/03/2021, 12:20:38,540
FROV00001,FrozenEngine,896,04/03/2021, 13:21:53,540
FROV00001,FrozenEngine,896,04/03/2021, 14:14:15,540
FROV00001,FrozenEngine,896,04/03/2021, 15:14:37,540
FROV00001,FrozenEngine,896,04/03/2021, 16:25:15,540
FROV00001,FrozenEngine,896,04/03/2021, 17:41:59,540
FROV00001,FrozenEngine,896,04/03/2021, 18:27:23,540
FROV00001,FrozenEngine,896,04/03/2021, 19:17:41,540
FROV00001,FrozenEngine,896,04/03/2021, 20:15:29,540
FROV00001,FrozenEngine,896,04/03/2021, 21:13:26,540
FROV00001,FrozenEngine,896,04/03/2021, 22:16:54,540
FROV00001,FrozenEngine,896,04/03/2021, 23:15:51,540
FROV00001,FrozenEngine,896,04/04/2021, 00:46:52,540
FROV00001,FrozenEngine,896,04/04/2021, 02:06:12,540
FROV00001,FrozenEngine,896,04/04/2021, 03:21:49,540
FROV00001,FrozenEngine,896,04/04/2021, 04:19:51,540
FROV00001,FrozenEngine,896,04/04/2021, 05:21:07,540
FROV00001,FrozenEngine,896,04/04/2021, 06:18:03,540
FROV00001,FrozenEngine,896,04/04/2021, 07:17:30,540
FROV00001,FrozenEngine,896,04/04/2021, 08:16:47,540
FROV00001,FrozenEngine,896,04/04/2021, 09:14:42,540
FROV00001,FrozenEngine,896,04/04/2021, 10:15:19,540
FROV00001,FrozenEngine,896,04/04/2021, 11:12:53,540
FROV00001,FrozenEngine,896,04/04/2021, 12:20:45,540
FROV00001,FrozenEngine,897,04/04/2021, 13:22:36,540
FROV00001,FrozenEngine,897,04/04/2021, 14:14:19,540
FROV00001,FrozenEngine,897,04/04/2021, 15:14:34,540
FROV00001,FrozenEngine,897,04/04/2021, 16:25:34,540
FROV00001,FrozenEngine,899,04/04/2021, 17:42:14,540
FROV00001,FrozenEngine,899,04/04/2021, 18:27:34,540
FROV00001,FrozenEngine,899,04/04/2021, 19:18:11,540
FROV00001,FrozenEngine,899,04/04/2021, 20:15:19,540
FROV00001,FrozenEngine,900,04/04/2021, 21:13:38,540
FROV00001,FrozenEngine,900,04/04/2021, 22:16:38,540
FROV00001,FrozenEngine,900,04/04/2021, 23:16:11,540
FROV00001,FrozenEngine,900,04/05/2021, 00:47:40,540
FROV00001,FrozenEngine,900,04/05/2021, 02:05:12,540
FROV00001,FrozenEngine,900,04/05/2021, 03:22:00,540
FROV00001,FrozenEngine,900,04/05/2021, 04:20:07,540
FROV00001,FrozenEngine,900,04/05/2021, 05:21:50,540
FROV00001,FrozenEngine,900,04/05/2021, 06:18:25,540
FROV00001,FrozenEngine,900,04/05/2021, 07:17:45,540
FROV00001,FrozenEngine,900,04/05/2021, 08:17:46,540
FROV00001,FrozenEngine,900,04/05/2021, 09:16:11,540
FROV00001,FrozenEngine,900,04/05/2021, 10:16:03,540
FROV00001,FrozenEngine,900,04/05/2021, 11:13:09,540
FROV00001,FrozenEngine,900,04/05/2021, 12:21:41,540
FROV00001,FrozenEngine,900,04/05/2021, 13:23:54,540
FROV00001,FrozenEngine,900,04/05/2021, 14:15:24,540
FROV00001,FrozenEngine,901,04/05/2021, 15:15:33,540
FROV00001,FrozenEngine,903,04/05/2021, 16:27:11,540
FROV00001,FrozenEngine,903,04/05/2021, 17:42:49,540
FROV00001,FrozenEngine,903,04/05/2021, 18:29:20,540
FROV00001,FrozenEngine,903,04/05/2021, 19:19:05,540
FROV00001,FrozenEngine,903,04/05/2021, 20:16:07,540
FROV00001,FrozenEngine,903,04/05/2021, 21:13:42,540
FROV00001,FrozenEngine,903,04/05/2021, 22:17:14,540
FROV00001,FrozenEngine,903,04/05/2021, 23:16:54,540
FROV00001,FrozenEngine,903,04/06/2021, 00:46:14,540
FROV00001,FrozenEngine,903,04/06/2021, 02:06:36,540
FROV00001,FrozenEngine,903,04/06/2021, 03:22:55,540
FROV00001,FrozenEngine,903,04/06/2021, 04:20:02,540
FROV00001,FrozenEngine,903,04/06/2021, 05:21:34,540
FROV00001,FrozenEngine,903,04/06/2021, 06:18:38,540
FROV00001,FrozenEngine,903,04/06/2021, 07:19:07,540
FROV00001,FrozenEngine,903,04/06/2021, 08:15:22,540
FROV00001,FrozenEngine,903,04/06/2021, 09:16:08,540
FROV00001,FrozenEngine,903,04/06/2021, 10:15:56,540
FROV00001,FrozenEngine,903,04/06/2021, 11:13:11,540
FROV00001,FrozenEngine,903,04/06/2021, 12:19:19,540
FROV00001,FrozenEngine,903,04/06/2021, 13:23:24,540
FROV00001,FrozenEngine,903,04/06/2021, 14:15:39,540
FROV00001,FrozenEngine,903,04/06/2021, 15:15:54,540
FROV00001,FrozenEngine,903,04/06/2021, 16:26:54,540
FROV00001,FrozenEngine,903,04/06/2021, 17:46:53,540
FROV00001,FrozenEngine,903,04/06/2021, 18:31:15,540
FROV00001,FrozenEngine,903,04/06/2021, 19:20:28,540
FROV00001,FrozenEngine,903,04/06/2021, 20:15:59,540
FROV00001,FrozenEngine,903,04/06/2021, 21:13:56,540
FROV00001,FrozenEngine,903,04/06/2021, 22:15:17,540
FROV00001,FrozenEngine,903,04/06/2021, 23:15:35,540
FROV00001,FrozenEngine,903,04/07/2021, 00:45:09,540
FROV00001,FrozenEngine,903,04/07/2021, 02:06:36,540
FROV00001,FrozenEngine,903,04/07/2021, 03:23:06,540
FROV00001,FrozenEngine,903,04/07/2021, 04:20:58,540
FROV00001,FrozenEngine,903,04/07/2021, 05:21:51,540
FROV00001,FrozenEngine,903,04/07/2021, 06:18:18,540
FROV00001,FrozenEngine,903,04/07/2021, 07:16:58,540
FROV00001,FrozenEngine,904,04/07/2021, 08:17:46,540
FROV00001,FrozenEngine,904,04/07/2021, 09:15:43,540
FROV00001,FrozenEngine,905,04/07/2021, 10:13:56,540
FROV00001,FrozenEngine,905,04/07/2021, 11:13:16,540
FROV00001,FrozenEngine,905,04/07/2021, 12:21:30,540
FROV00001,FrozenEngine,905,04/07/2021, 13:23:54,540
FROV00001,FrozenEngine,905,04/07/2021, 14:15:27,540
FROV00001,FrozenEngine,905,04/07/2021, 15:15:55,540
FROV00001,FrozenEngine,905,04/07/2021, 16:28:18,540
FROV00001,FrozenEngine,905,04/07/2021, 17:44:38,540
FROV00001,FrozenEngine,905,04/07/2021, 18:30:02,540
FROV00001,FrozenEngine,905,04/07/2021, 19:19:01,540
FROV00001,FrozenEngine,905,04/07/2021, 20:16:00,540
FROV00001,FrozenEngine,905,04/07/2021, 21:12:57,540
FROV00001,FrozenEngine,905,04/07/2021, 22:16:57,540
FROV00001,FrozenEngine,905,04/07/2021, 23:17:25,540
FROV00001,FrozenEngine,905,04/08/2021, 00:49:20,540
FROV00001,FrozenEngine,905,04/08/2021, 02:09:14,540
FROV00001,FrozenEngine,905,04/08/2021, 03:23:15,540
FROV00001,FrozenEngine,905,04/08/2021, 04:20:50,540
FROV00001,FrozenEngine,905,04/08/2021, 05:21:32,540
FROV00001,FrozenEngine,905,04/08/2021, 06:17:59,540
FROV00001,FrozenEngine,905,04/08/2021, 07:18:56,540
FROV00001,FrozenEngine,905,04/08/2021, 08:22:06,540
FROV00001,FrozenEngine,905,04/08/2021, 09:15:52,540
FROV00001,FrozenEngine,905,04/08/2021, 10:15:36,540
FROV00001,FrozenEngine,905,04/08/2021, 11:12:49,540
FROV00001,FrozenEngine,905,04/08/2021, 12:21:16,540
FROV00001,FrozenEngine,905,04/08/2021, 13:23:43,540
FROV00001,FrozenEngine,905,04/08/2021, 14:15:06,540
FROV00001,FrozenEngine,905,04/08/2021, 15:19:34,540
FROV00001,FrozenEngine,905,04/08/2021, 16:27:24,540
FROV00001,FrozenEngine,905,04/08/2021, 17:42:25,540
FROV00001,FrozenEngine,905,04/08/2021, 18:28:34,540
FROV00001,FrozenEngine,905,04/08/2021, 19:19:02,540
FROV00001,FrozenEngine,905,04/08/2021, 20:15:44,540
FROV00001,FrozenEngine,905,04/08/2021, 21:13:46,540
FROV00001,FrozenEngine,905,04/08/2021, 22:17:07,540
FROV00001,FrozenEngine,905,04/08/2021, 23:16:23,540
FROV00001,FrozenEngine,905,04/09/2021, 00:43:01,540
FROV00001,FrozenEngine,905,04/09/2021, 02:02:11,540
FROV00001,FrozenEngine,905,04/09/2021, 03:15:26,540
FROV00001,FrozenEngine,905,04/09/2021, 04:18:21,540
FROV00001,FrozenEngine,905,04/09/2021, 05:20:01,540
FROV00001,FrozenEngine,905,04/09/2021, 06:18:12,540
FROV00001,FrozenEngine,905,04/09/2021, 07:18:31,540
FROV00001,FrozenEngine,905,04/09/2021, 08:19:06,540
FROV00001,FrozenEngine,905,04/09/2021, 09:16:54,540
FROV00001,FrozenEngine,905,04/09/2021, 10:16:17,540
FROV00001,FrozenEngine,906,04/09/2021, 11:12:49,540
FROV00001,FrozenEngine,906,04/09/2021, 12:20:55,540
FROV00001,FrozenEngine,906,04/09/2021, 13:22:54,540
FROV00001,FrozenEngine,906,04/09/2021, 14:15:26,540
FROV00001,FrozenEngine,906,04/09/2021, 15:15:02,540
FROV00001,FrozenEngine,906,04/09/2021, 16:20:49,540
FROV00001,FrozenEngine,906,04/09/2021, 17:27:05,540
FROV00001,FrozenEngine,906,04/09/2021, 18:19:55,540
FROV00001,FrozenEngine,907,04/09/2021, 19:15:21,540
FROV00001,FrozenEngine,907,04/09/2021, 20:15:36,540
FROV00001,FrozenEngine,908,04/09/2021, 21:13:39,540
FROV00001,FrozenEngine,908,04/09/2021, 22:17:03,540
FROV00001,FrozenEngine,908,04/09/2021, 23:16:18,540
FROV00001,FrozenEngine,908,04/10/2021, 00:45:27,540
FROV00001,FrozenEngine,908,04/10/2021, 02:02:13,540
FROV00001,FrozenEngine,908,04/10/2021, 03:21:10,540
FROV00001,FrozenEngine,908,04/10/2021, 04:19:13,540
FROV00001,FrozenEngine,908,04/10/2021, 05:19:19,540
FROV00001,FrozenEngine,908,04/10/2021, 06:17:57,540
FROV00001,FrozenEngine,908,04/10/2021, 07:17:10,540
FROV00001,FrozenEngine,908,04/10/2021, 08:16:45,540
FROV00001,FrozenEngine,908,04/10/2021, 09:14:37,540
FROV00001,FrozenEngine,908,04/10/2021, 10:15:17,540
FROV00001,FrozenEngine,908,04/10/2021, 11:12:26,540
FROV00001,FrozenEngine,908,04/10/2021, 12:20:15,540
FROV00001,FrozenEngine,908,04/10/2021, 13:21:50,540
FROV00001,FrozenEngine,908,04/10/2021, 14:14:01,540
FROV00001,FrozenEngine,909,04/10/2021, 15:14:56,540
FROV00001,FrozenEngine,909,04/10/2021, 16:25:08,540
FROV00001,FrozenEngine,909,04/10/2021, 17:36:53,540
FROV00001,FrozenEngine,909,04/10/2021, 18:24:47,540
FROV00001,FrozenEngine,909,04/10/2021, 19:16:54,540
FROV00001,FrozenEngine,909,04/10/2021, 20:14:56,540
FROV00001,FrozenEngine,909,04/10/2021, 21:13:35,540
FROV00001,FrozenEngine,909,04/10/2021, 22:16:19,540
FROV00001,FrozenEngine,909,04/10/2021, 23:15:43,540
FROV00001,FrozenEngine,909,04/11/2021, 00:48:11,540
FROV00001,FrozenEngine,909,04/11/2021, 02:07:21,540
FROV00001,FrozenEngine,909,04/11/2021, 03:21:29,540
FROV00001,FrozenEngine,909,04/11/2021, 04:19:41,540
FROV00001,FrozenEngine,909,04/11/2021, 05:19:46,540
FROV00001,FrozenEngine,909,04/11/2021, 06:17:29,540
FROV00001,FrozenEngine,909,04/11/2021, 07:17:07,540
FROV00001,FrozenEngine,909,04/11/2021, 08:16:48,540
FROV00001,FrozenEngine,909,04/11/2021, 09:14:31,540
FROV00001,FrozenEngine,909,04/11/2021, 10:15:16,540
FROV00001,FrozenEngine,909,04/11/2021, 11:12:18,540
FROV00001,FrozenEngine,909,04/11/2021, 12:20:07,540
FROV00001,FrozenEngine,909,04/11/2021, 13:21:50,540
FROV00001,FrozenEngine,909,04/11/2021, 14:14:11,540
FROV00001,FrozenEngine,909,04/11/2021, 15:14:45,540
FROV00001,FrozenEngine,909,04/11/2021, 16:24:57,540
FROV00001,FrozenEngine,909,04/11/2021, 17:36:36,540
FROV00001,FrozenEngine,909,04/11/2021, 18:24:46,540
FROV00001,FrozenEngine,909,04/11/2021, 19:17:12,540
FROV00001,FrozenEngine,910,04/11/2021, 20:14:59,540
FROV00001,FrozenEngine,910,04/11/2021, 21:13:19,540
FROV00001,FrozenEngine,910,04/11/2021, 22:16:27,540
FROV00001,FrozenEngine,910,04/11/2021, 23:16:01,540
FROV00001,FrozenEngine,910,04/12/2021, 00:47:23,540
FROV00001,FrozenEngine,910,04/12/2021, 02:06:46,540
FROV00001,FrozenEngine,910,04/12/2021, 03:23:05,540
FROV00001,FrozenEngine,910,04/12/2021, 04:20:30,540
FROV00001,FrozenEngine,910,04/12/2021, 05:21:41,540
FROV00001,FrozenEngine,910,04/12/2021, 06:18:19,540
FROV00001,FrozenEngine,910,04/12/2021, 07:19:25,540
FROV00001,FrozenEngine,910,04/12/2021, 08:22:10,540
FROV00001,FrozenEngine,910,04/12/2021, 09:16:17,540
FROV00001,FrozenEngine,910,04/12/2021, 10:15:46,540
FROV00001,FrozenEngine,910,04/12/2021, 11:12:46,540
FROV00001,FrozenEngine,910,04/12/2021, 12:21:20,540
FROV00001,FrozenEngine,911,04/12/2021, 13:29:32,540
FROV00001,FrozenEngine,911,04/12/2021, 14:15:25,540
FROV00001,FrozenEngine,911,04/12/2021, 15:18:31,540
FROV00001,FrozenEngine,911,04/12/2021, 16:25:36,540
FROV00001,FrozenEngine,911,04/12/2021, 17:37:39,540
FROV00001,FrozenEngine,911,04/12/2021, 18:27:33,540
FROV00001,FrozenEngine,911,04/12/2021, 19:19:42,540
FROV00001,FrozenEngine,911,04/12/2021, 20:15:40,540
FROV00001,FrozenEngine,911,04/12/2021, 21:13:58,540
FROV00001,FrozenEngine,911,04/12/2021, 22:17:17,540
FROV00001,FrozenEngine,911,04/12/2021, 23:17:02,540
FROV00001,FrozenEngine,911,04/13/2021, 00:48:51,540
FROV00001,FrozenEngine,911,04/13/2021, 02:06:17,540
FROV00001,FrozenEngine,911,04/13/2021, 03:23:28,540
FROV00001,FrozenEngine,911,04/13/2021, 04:20:45,540
FROV00001,FrozenEngine,911,04/13/2021, 05:17:41,540
FROV00001,FrozenEngine,911,04/13/2021, 06:18:16,540
FROV00001,FrozenEngine,911,04/13/2021, 07:18:57,540
FROV00001,FrozenEngine,915,04/13/2021, 08:19:33,540
FROV00001,FrozenEngine,915,04/13/2021, 09:16:07,540
FROV00001,FrozenEngine,915,04/13/2021, 10:16:04,540
FROV00001,FrozenEngine,915,04/13/2021, 11:12:48,540
FROV00001,FrozenEngine,915,04/13/2021, 12:21:15,540
FROV00001,FrozenEngine,915,04/13/2021, 13:23:45,540
FROV00001,FrozenEngine,915,04/13/2021, 14:15:10,540
FROV00001,FrozenEngine,915,04/13/2021, 15:15:37,540
FROV00001,FrozenEngine,915,04/13/2021, 16:27:00,540
FROV00001,FrozenEngine,915,04/13/2021, 17:40:54,540
FROV00001,FrozenEngine,915,04/13/2021, 18:26:06,540
FROV00001,FrozenEngine,915,04/13/2021, 19:18:49,540
FROV00001,FrozenEngine,915,04/13/2021, 20:15:22,540
FROV00001,FrozenEngine,915,04/13/2021, 21:13:14,540
FROV00001,FrozenEngine,915,04/13/2021, 22:16:36,540
FROV00001,FrozenEngine,915,04/13/2021, 23:14:29,540
FROV00001,FrozenEngine,915,04/14/2021, 00:42:34,540
FROV00001,FrozenEngine,915,04/14/2021, 02:00:35,540
FROV00001,FrozenEngine,915,04/14/2021, 02:44:43,540
FROV00001,FrozenEngine,915,04/14/2021, 03:20:01,540
FROV00001,FrozenEngine,915,04/14/2021, 04:17:35,540
FROV00001,FrozenEngine,915,04/14/2021, 05:17:30,540
FROV00001,FrozenEngine,915,04/14/2021, 06:17:38,540
FROV00001,FrozenEngine,915,04/14/2021, 07:16:54,540
FROV00001,FrozenEngine,915,04/14/2021, 08:17:02,540
FROV00001,FrozenEngine,915,04/14/2021, 09:14:36,540
FROV00001,FrozenEngine,915,04/14/2021, 10:15:10,540
FROV00001,FrozenEngine,915,04/14/2021, 11:12:38,540
FROV00001,FrozenEngine,915,04/14/2021, 12:20:23,540
FROV00001,FrozenEngine,915,04/14/2021, 13:22:02,540
FROV00001,FrozenEngine,915,04/14/2021, 14:14:47,540
FROV00001,FrozenEngine,915,04/14/2021, 15:14:56,540
FROV00001,FrozenEngine,915,04/14/2021, 16:24:12,540
FROV00001,FrozenEngine,915,04/14/2021, 17:34:49,540
FROV00001,FrozenEngine,915,04/14/2021, 18:23:53,540
FROV00001,FrozenEngine,915,04/14/2021, 19:16:20,540
FROV00001,FrozenEngine,915,04/14/2021, 20:15:12,540
FROV00001,FrozenEngine,915,04/14/2021, 21:13:37,540
FROV00001,FrozenEngine,915,04/14/2021, 22:16:36,540
FROV00001,FrozenEngine,915,04/14/2021, 23:14:37,540
FROV00001,FrozenEngine,915,04/15/2021, 00:44:49,540
FROV00001,FrozenEngine,915,04/15/2021, 02:02:03,540
FROV00001,FrozenEngine,915,04/15/2021, 03:19:11,540
FROV00001,FrozenEngine,915,04/15/2021, 04:17:57,540
FROV00001,FrozenEngine,915,04/15/2021, 05:18:22,540
FROV00001,FrozenEngine,915,04/15/2021, 06:17:51,540
FROV00001,FrozenEngine,916,04/15/2021, 07:17:41,540
FROV00001,FrozenEngine,916,04/15/2021, 08:17:37,540
FROV00001,FrozenEngine,916,04/15/2021, 09:14:43,540
FROV00001,FrozenEngine,916,04/15/2021, 10:15:14,540
FROV00001,FrozenEngine,916,04/15/2021, 11:12:42,540
FROV00001,FrozenEngine,916,04/15/2021, 12:20:46,540
FROV00001,FrozenEngine,916,04/15/2021, 13:22:53,540
FROV00001,FrozenEngine,916,04/15/2021, 14:14:48,540
FROV00001,FrozenEngine,916,04/15/2021, 15:15:15,540
FROV00001,FrozenEngine,916,04/15/2021, 16:26:38,540
FROV00001,FrozenEngine,916,04/15/2021, 17:38:11,540
FROV00001,FrozenEngine,916,04/15/2021, 18:26:52,540
FROV00001,FrozenEngine,916,04/15/2021, 19:19:47,540
FROV00001,FrozenEngine,916,04/15/2021, 20:15:15,540
FROV00001,FrozenEngine,916,04/15/2021, 21:13:31,540
FROV00001,FrozenEngine,916,04/15/2021, 22:17:07,540
FROV00001,FrozenEngine,916,04/15/2021, 23:14:40,540
FROV00001,FrozenEngine,916,04/16/2021, 00:43:21,540
FROV00001,FrozenEngine,916,04/16/2021, 02:04:13,540
FROV00001,FrozenEngine,916,04/16/2021, 03:22:27,540
FROV00001,FrozenEngine,916,04/16/2021, 04:20:08,540
FROV00001,FrozenEngine,916,04/16/2021, 05:20:04,540
FROV00001,FrozenEngine,916,04/16/2021, 06:17:08,540
FROV00001,FrozenEngine,916,04/16/2021, 07:16:27,540
FROV00001,FrozenEngine,916,04/16/2021, 08:18:26,540
FROV00001,FrozenEngine,916,04/16/2021, 09:15:34,540
FROV00001,FrozenEngine,916,04/16/2021, 10:15:07,540
FROV00001,FrozenEngine,916,04/16/2021, 11:12:49,540
FROV00001,FrozenEngine,916,04/16/2021, 12:20:53,540
FROV00001,FrozenEngine,916,04/16/2021, 13:23:24,540
FROV00001,FrozenEngine,916,04/16/2021, 14:15:01,540
FROV00001,FrozenEngine,916,04/16/2021, 15:15:23,540
FROV00001,FrozenEngine,916,04/16/2021, 16:25:24,540
FROV00001,FrozenEngine,916,04/16/2021, 17:37:29,540
FROV00001,FrozenEngine,916,04/16/2021, 18:26:30,540
FROV00001,FrozenEngine,916,04/16/2021, 19:19:05,540
FROV00001,FrozenEngine,916,04/16/2021, 20:15:18,540
FROV00001,FrozenEngine,916,04/16/2021, 21:13:34,540
FROV00001,FrozenEngine,916,04/16/2021, 22:17:19,540
FROV00001,FrozenEngine,916,04/16/2021, 23:14:31,540
FROV00001,FrozenEngine,916,04/17/2021, 00:43:34,540
FROV00001,FrozenEngine,916,04/17/2021, 02:00:30,540
FROV00001,FrozenEngine,916,04/17/2021, 02:43:54,540
FROV00001,FrozenEngine,916,04/17/2021, 03:19:45,540
FROV00001,FrozenEngine,916,04/17/2021, 04:17:58,540
FROV00001,FrozenEngine,916,04/17/2021, 05:17:54,540
FROV00001,FrozenEngine,916,04/17/2021, 06:17:18,540
FROV00001,FrozenEngine,916,04/17/2021, 07:17:02,540
FROV00001,FrozenEngine,916,04/17/2021, 08:16:28,540
FROV00001,FrozenEngine,916,04/17/2021, 09:14:18,540
FROV00001,FrozenEngine,916,04/17/2021, 10:15:05,540
FROV00001,FrozenEngine,916,04/17/2021, 11:12:21,540
FROV00001,FrozenEngine,916,04/17/2021, 12:20:16,540
FROV00001,FrozenEngine,916,04/17/2021, 13:21:37,540
FROV00001,FrozenEngine,916,04/17/2021, 14:13:36,540
FROV00001,FrozenEngine,916,04/17/2021, 15:14:36,540
FROV00001,FrozenEngine,916,04/17/2021, 16:24:50,540
FROV00001,FrozenEngine,916,04/17/2021, 17:34:24,540
FROV00001,FrozenEngine,916,04/17/2021, 18:22:57,540
FROV00001,FrozenEngine,916,04/17/2021, 19:15:53,540
FROV00001,FrozenEngine,916,04/17/2021, 20:14:46,540
FROV00001,FrozenEngine,916,04/17/2021, 21:13:18,540
FROV00001,FrozenEngine,916,04/17/2021, 22:16:40,540
FROV00001,FrozenEngine,916,04/17/2021, 23:14:03,540
FROV00001,FrozenEngine,916,04/18/2021, 00:45:33,540
FROV00001,FrozenEngine,916,04/18/2021, 02:05:52,540
FROV00001,FrozenEngine,916,04/18/2021, 03:21:15,540
FROV00001,FrozenEngine,916,04/18/2021, 04:18:59,540
FROV00001,FrozenEngine,916,04/18/2021, 05:18:11,540
FROV00001,FrozenEngine,916,04/18/2021, 06:17:16,540
FROV00001,FrozenEngine,916,04/18/2021, 07:17:05,540
FROV00001,FrozenEngine,916,04/18/2021, 08:16:42,540
FROV00001,FrozenEngine,916,04/18/2021, 09:14:38,540
FROV00001,FrozenEngine,916,04/18/2021, 10:15:13,540
FROV00001,FrozenEngine,916,04/18/2021, 11:12:39,540
FROV00001,FrozenEngine,916,04/18/2021, 12:20:05,540
FROV00001,FrozenEngine,916,04/18/2021, 13:21:52,540
FROV00001,FrozenEngine,916,04/18/2021, 14:13:57,540
FROV00001,FrozenEngine,916,04/18/2021, 15:14:28,540
FROV00001,FrozenEngine,916,04/18/2021, 16:24:13,540
FROV00001,FrozenEngine,917,04/18/2021, 17:34:22,540
FROV00001,FrozenEngine,917,04/18/2021, 18:23:10,540
FROV00001,FrozenEngine,917,04/18/2021, 19:15:29,540
FROV00001,FrozenEngine,917,04/18/2021, 20:14:35,540
FROV00001,FrozenEngine,917,04/18/2021, 21:13:24,540
FROV00001,FrozenEngine,917,04/18/2021, 22:16:45,540
FROV00001,FrozenEngine,917,04/18/2021, 23:13:59,540
FROV00001,FrozenEngine,917,04/19/2021, 00:44:59,540
FROV00001,FrozenEngine,917,04/19/2021, 02:04:15,540
FROV00001,FrozenEngine,917,04/19/2021, 03:22:08,540
FROV00001,FrozenEngine,917,04/19/2021, 04:19:44,540
FROV00001,FrozenEngine,917,04/19/2021, 05:19:40,540
FROV00001,FrozenEngine,917,04/19/2021, 06:18:18,540
FROV00001,FrozenEngine,917,04/19/2021, 07:17:57,540
FROV00001,FrozenEngine,917,04/19/2021, 08:17:30,540
FROV00001,FrozenEngine,917,04/19/2021, 09:15:13,540
FROV00001,FrozenEngine,917,04/19/2021, 10:15:27,540
FROV00001,FrozenEngine,917,04/19/2021, 11:12:36,540
FROV00001,FrozenEngine,917,04/19/2021, 12:21:08,540
FROV00001,FrozenEngine,917,04/19/2021, 13:23:14,540
FROV00001,FrozenEngine,917,04/19/2021, 14:14:57,540
FROV00001,FrozenEngine,917,04/19/2021, 15:15:37,540
FROV00001,FrozenEngine,917,04/19/2021, 16:25:57,540
FROV00001,FrozenEngine,917,04/19/2021, 17:35:34,540
FROV00001,FrozenEngine,917,04/19/2021, 18:24:35,540
FROV00001,FrozenEngine,917,04/19/2021, 19:17:42,540
FROV00001,FrozenEngine,917,04/19/2021, 20:15:29,540
FROV00001,FrozenEngine,917,04/19/2021, 21:13:41,540
FROV00001,FrozenEngine,917,04/19/2021, 22:17:31,540
FROV00001,FrozenEngine,917,04/19/2021, 23:15:10,540
FROV00001,FrozenEngine,917,04/20/2021, 00:45:24,540
FROV00001,FrozenEngine,917,04/20/2021, 02:03:29,540
FROV00001,FrozenEngine,917,04/20/2021, 03:20:47,540
FROV00001,FrozenEngine,917,04/20/2021, 04:19:08,540
FROV00001,FrozenEngine,917,04/20/2021, 05:15:59,540
FROV00001,FrozenEngine,917,04/20/2021, 06:19:17,540
FROV00001,FrozenEngine,917,04/20/2021, 07:15:59,540
FROV00001,FrozenEngine,917,04/20/2021, 08:17:37,540
FROV00001,FrozenEngine,917,04/20/2021, 09:15:05,540
FROV00001,FrozenEngine,917,04/20/2021, 10:15:23,540
FROV00001,FrozenEngine,917,04/20/2021, 11:13:23,540
FROV00001,FrozenEngine,917,04/20/2021, 12:21:15,540
FROV00001,FrozenEngine,917,04/20/2021, 13:23:42,540
FROV00001,FrozenEngine,917,04/20/2021, 14:14:57,540
FROV00001,FrozenEngine,917,04/20/2021, 15:15:17,540
FROV00001,FrozenEngine,917,04/20/2021, 16:25:39,540
FROV00001,FrozenEngine,917,04/20/2021, 17:37:37,540
FROV00001,FrozenEngine,917,04/20/2021, 18:25:50,540
FROV00001,FrozenEngine,917,04/20/2021, 19:18:50,540
FROV00001,FrozenEngine,917,04/20/2021, 20:15:39,540
FROV00001,FrozenEngine,917,04/20/2021, 21:13:52,540
FROV00001,FrozenEngine,917,04/20/2021, 22:17:48,540
FROV00001,FrozenEngine,917,04/20/2021, 23:15:51,540
FROV00001,FrozenEngine,917,04/21/2021, 00:45:01,540
FROV00001,FrozenEngine,917,04/21/2021, 02:03:44,540
FROV00001,FrozenEngine,917,04/21/2021, 03:21:18,540
FROV00001,FrozenEngine,920,04/21/2021, 04:19:28,540
FROV00001,FrozenEngine,920,04/21/2021, 05:19:37,540
FROV00001,FrozenEngine,920,04/21/2021, 06:18:19,540
FROV00001,FrozenEngine,920,04/21/2021, 07:18:13,540
FROV00001,FrozenEngine,920,04/21/2021, 08:17:34,540
FROV00001,FrozenEngine,920,04/21/2021, 09:15:16,540
FROV00001,FrozenEngine,920,04/21/2021, 10:15:34,540
FROV00001,FrozenEngine,920,04/21/2021, 11:12:59,540
FROV00001,FrozenEngine,920,04/21/2021, 12:21:25,540
FROV00001,FrozenEngine,920,04/21/2021, 13:23:35,540
FROV00001,FrozenEngine,920,04/21/2021, 14:15:16,540
FROV00001,FrozenEngine,920,04/21/2021, 15:15:38,540
FROV00001,FrozenEngine,920,04/21/2021, 16:27:06,540
FROV00001,FrozenEngine,920,04/21/2021, 17:37:39,540
FROV00001,FrozenEngine,920,04/21/2021, 18:26:36,540
FROV00001,FrozenEngine,920,04/21/2021, 19:18:53,540
FROV00001,FrozenEngine,920,04/21/2021, 20:15:32,540
FROV00001,FrozenEngine,920,04/21/2021, 21:13:39,540
FROV00001,FrozenEngine,920,04/21/2021, 22:17:53,540
FROV00001,FrozenEngine,920,04/21/2021, 23:16:23,540
FROV00001,FrozenEngine,920,04/22/2021, 00:45:51,540
FROV00001,FrozenEngine,920,04/22/2021, 02:04:06,540
FROV00001,FrozenEngine,920,04/22/2021, 03:21:24,540
FROV00001,FrozenEngine,920,04/22/2021, 04:19:34,540
FROV00001,FrozenEngine,920,04/22/2021, 05:19:54,540
FROV00001,FrozenEngine,920,04/22/2021, 06:18:54,540
FROV00001,FrozenEngine,920,04/22/2021, 07:19:12,540
FROV00001,FrozenEngine,920,04/22/2021, 08:18:18,540
FROV00001,FrozenEngine,920,04/22/2021, 09:15:43,540
FROV00001,FrozenEngine,920,04/22/2021, 10:15:47,540
FROV00001,FrozenEngine,920,04/22/2021, 11:12:58,540
FROV00001,FrozenEngine,920,04/22/2021, 12:21:58,540
FROV00001,FrozenEngine,920,04/22/2021, 13:24:28,540
FROV00001,FrozenEngine,920,04/22/2021, 14:15:13,540
FROV00001,FrozenEngine,920,04/22/2021, 15:15:37,540
FROV00001,FrozenEngine,920,04/22/2021, 16:26:01,540
FROV00001,FrozenEngine,920,04/22/2021, 17:41:25,540
FROV00001,FrozenEngine,920,04/22/2021, 18:28:36,540
FROV00001,FrozenEngine,920,04/22/2021, 19:19:57,540
FROV00001,FrozenEngine,920,04/22/2021, 20:16:00,540
FROV00001,FrozenEngine,920,04/22/2021, 21:13:51,540
FROV00001,FrozenEngine,920,04/22/2021, 22:18:04,540
FROV00001,FrozenEngine,920,04/22/2021, 23:15:33,540
FROV00001,FrozenEngine,920,04/23/2021, 00:45:09,540
FROV00001,FrozenEngine,920,04/23/2021, 02:08:59,540
FROV00001,FrozenEngine,921,04/23/2021, 03:20:29,540
FROV00001,FrozenEngine,921,04/23/2021, 04:19:54,540
FROV00001,FrozenEngine,921,04/23/2021, 05:20:30,540
FROV00001,FrozenEngine,921,04/23/2021, 06:18:43,540
FROV00001,FrozenEngine,922,04/23/2021, 07:19:29,540
FROV00001,FrozenEngine,922,04/23/2021, 08:18:45,540
FROV00001,FrozenEngine,922,04/23/2021, 09:16:39,540
FROV00001,FrozenEngine,922,04/23/2021, 10:16:24,540
FROV00001,FrozenEngine,922,04/23/2021, 11:13:02,540
FROV00001,FrozenEngine,922,04/23/2021, 12:21:34,540
FROV00001,FrozenEngine,922,04/23/2021, 13:23:25,540
FROV00001,FrozenEngine,922,04/23/2021, 14:15:36,540
FROV00001,FrozenEngine,922,04/23/2021, 15:15:59,540
FROV00001,FrozenEngine,922,04/23/2021, 16:27:11,540
FROV00001,FrozenEngine,922,04/23/2021, 17:43:14,540
FROV00001,FrozenEngine,922,04/23/2021, 18:28:09,540
FROV00001,FrozenEngine,922,04/23/2021, 19:20:18,540
FROV00001,FrozenEngine,922,04/23/2021, 20:16:06,540
FROV00001,FrozenEngine,922,04/23/2021, 21:13:40,540
FROV00001,FrozenEngine,922,04/23/2021, 22:18:12,540
FROV00001,FrozenEngine,922,04/23/2021, 23:16:27,540
FROV00001,FrozenEngine,922,04/24/2021, 00:46:39,540
FROV00001,FrozenEngine,922,04/24/2021, 02:06:18,540
FROV00001,FrozenEngine,922,04/24/2021, 03:20:48,540
FROV00001,FrozenEngine,922,04/24/2021, 04:19:27,540
FROV00001,FrozenEngine,922,04/24/2021, 05:20:00,540
FROV00001,FrozenEngine,922,04/24/2021, 06:18:26,540
FROV00001,FrozenEngine,922,04/24/2021, 07:19:08,540
FROV00001,FrozenEngine,923,04/24/2021, 08:16:42,540
FROV00001,FrozenEngine,923,04/24/2021, 09:14:54,540
FROV00001,FrozenEngine,923,04/24/2021, 10:15:30,540
FROV00001,FrozenEngine,923,04/24/2021, 11:12:58,540
FROV00001,FrozenEngine,923,04/24/2021, 12:20:52,540
FROV00001,FrozenEngine,923,04/24/2021, 13:23:19,540
FROV00001,FrozenEngine,924,04/24/2021, 14:14:37,540
FROV00001,FrozenEngine,924,04/24/2021, 15:15:05,540
FROV00001,FrozenEngine,925,04/24/2021, 16:26:28,540
FROV00001,FrozenEngine,925,04/24/2021, 17:41:13,540
FROV00001,FrozenEngine,925,04/24/2021, 18:26:29,540
FROV00001,FrozenEngine,925,04/24/2021, 19:17:43,540
FROV00001,FrozenEngine,925,04/24/2021, 20:15:49,540
FROV00001,FrozenEngine,925,04/24/2021, 21:13:17,540
FROV00001,FrozenEngine,925,04/24/2021, 22:18:06,540
FROV00001,FrozenEngine,925,04/24/2021, 23:15:14,540
FROV00001,FrozenEngine,925,04/25/2021, 00:48:26,540
FROV00001,FrozenEngine,925,04/25/2021, 02:11:40,540
FROV00001,FrozenEngine,925,04/25/2021, 03:23:42,540
FROV00001,FrozenEngine,925,04/25/2021, 04:20:52,540
FROV00001,FrozenEngine,926,04/25/2021, 05:20:51,540
FROV00001,FrozenEngine,926,04/25/2021, 06:18:35,540
FROV00001,FrozenEngine,926,04/25/2021, 07:18:37,540
FROV00001,FrozenEngine,926,04/25/2021, 08:17:06,540
FROV00001,FrozenEngine,926,04/25/2021, 09:15:05,540
FROV00001,FrozenEngine,926,04/25/2021, 10:15:38,540
FROV00001,FrozenEngine,926,04/25/2021, 11:12:53,540
FROV00001,FrozenEngine,926,04/25/2021, 12:21:12,540
FROV00001,FrozenEngine,926,04/25/2021, 13:22:41,540
FROV00001,FrozenEngine,926,04/25/2021, 14:14:46,540
FROV00001,FrozenEngine,926,04/25/2021, 15:15:19,540
FROV00001,FrozenEngine,926,04/25/2021, 16:26:23,540
FROV00001,FrozenEngine,926,04/25/2021, 17:42:00,540
FROV00001,FrozenEngine,926,04/25/2021, 18:27:42,540
FROV00001,FrozenEngine,926,04/25/2021, 19:18:29,540
FROV00001,FrozenEngine,926,04/25/2021, 20:15:36,540
FROV00001,FrozenEngine,926,04/25/2021, 21:13:36,540
FROV00001,FrozenEngine,926,04/25/2021, 22:17:58,540
FROV00001,FrozenEngine,926,04/25/2021, 23:15:42,540
FROV00001,FrozenEngine,926,04/26/2021, 00:47:56,540
FROV00001,FrozenEngine,926,04/26/2021, 02:11:15,540
FROV00001,FrozenEngine,926,04/26/2021, 03:23:49,540
FROV00001,FrozenEngine,926,04/26/2021, 04:21:09,540
FROV00001,FrozenEngine,926,04/26/2021, 05:21:37,540
FROV00001,FrozenEngine,926,04/26/2021, 06:19:13,540
FROV00001,FrozenEngine,926,04/26/2021, 07:20:37,540
FROV00001,FrozenEngine,926,04/26/2021, 08:18:21,540
FROV00001,FrozenEngine,926,04/26/2021, 09:16:26,540
FROV00001,FrozenEngine,926,04/26/2021, 10:16:24,540
FROV00001,FrozenEngine,926,04/26/2021, 11:13:06,540
FROV00001,FrozenEngine,926,04/26/2021, 12:22:01,540
FROV00001,FrozenEngine,926,04/26/2021, 13:25:17,540
FROV00001,FrozenEngine,926,04/26/2021, 14:15:50,540
FROV00001,FrozenEngine,926,04/26/2021, 15:16:01,540
FROV00001,FrozenEngine,926,04/26/2021, 16:26:54,540
FROV00001,FrozenEngine,926,04/26/2021, 17:42:18,540
FROV00001,FrozenEngine,926,04/26/2021, 18:27:47,540
FROV00001,FrozenEngine,926,04/26/2021, 19:18:53,540
FROV00001,FrozenEngine,926,04/26/2021, 20:15:42,540
FROV00001,FrozenEngine,926,04/26/2021, 21:13:59,540
FROV00001,FrozenEngine,926,04/26/2021, 22:18:13,540
FROV00001,FrozenEngine,927,04/26/2021, 23:15:24,540
FROV00001,FrozenEngine,927,04/27/2021, 00:44:50,540
FROV00001,FrozenEngine,927,04/27/2021, 02:04:39,540
FROV00001,FrozenEngine,927,04/27/2021, 03:20:05,540
FROV00001,FrozenEngine,927,04/27/2021, 04:18:35,540
FROV00001,FrozenEngine,927,04/27/2021, 05:19:16,540
FROV00001,FrozenEngine,927,04/27/2021, 06:18:23,540
FROV00001,FrozenEngine,927,04/27/2021, 07:18:31,540
FROV00001,FrozenEngine,927,04/27/2021, 08:17:50,540
FROV00001,FrozenEngine,927,04/27/2021, 09:15:17,540
FROV00001,FrozenEngine,927,04/27/2021, 10:15:43,540
FROV00001,FrozenEngine,927,04/27/2021, 11:13:20,540
FROV00001,FrozenEngine,927,04/27/2021, 12:21:47,540
FROV00001,FrozenEngine,927,04/27/2021, 13:23:49,540
FROV00001,FrozenEngine,927,04/27/2021, 14:15:26,540
FROV00001,FrozenEngine,927,04/27/2021, 15:16:00,540
FROV00001,FrozenEngine,928,04/27/2021, 16:27:00,540
FROV00001,FrozenEngine,928,04/27/2021, 17:42:51,540
FROV00001,FrozenEngine,928,04/27/2021, 18:28:06,540
FROV00001,FrozenEngine,928,04/27/2021, 19:19:02,540
FROV00001,FrozenEngine,928,04/27/2021, 20:16:01,540
FROV00001,FrozenEngine,928,04/27/2021, 21:14:03,540
FROV00001,FrozenEngine,928,04/27/2021, 22:18:22,540
FROV00001,FrozenEngine,928,04/27/2021, 23:15:58,540
FROV00001,FrozenEngine,928,04/28/2021, 00:45:36,540
FROV00001,FrozenEngine,928,04/28/2021, 02:03:48,540
FROV00001,FrozenEngine,928,04/28/2021, 03:21:40,540
FROV00001,FrozenEngine,928,04/28/2021, 04:19:47,540
FROV00001,FrozenEngine,928,04/28/2021, 05:20:05,540
FROV00001,FrozenEngine,928,04/28/2021, 06:18:55,540
FROV00001,FrozenEngine,928,04/28/2021, 07:19:12,540
FROV00001,FrozenEngine,928,04/28/2021, 08:17:14,540
FROV00001,FrozenEngine,928,04/28/2021, 09:15:39,540
FROV00001,FrozenEngine,928,04/28/2021, 10:15:58,540
FROV00001,FrozenEngine,928,04/28/2021, 11:13:17,540
FROV00001,FrozenEngine,928,04/28/2021, 12:22:12,540
FROV00001,FrozenEngine,928,04/28/2021, 13:24:08,540
FROV00001,FrozenEngine,928,04/28/2021, 14:15:18,540
FROV00001,FrozenEngine,928,04/28/2021, 15:16:30,540
FROV00001,FrozenEngine,928,04/28/2021, 16:28:55,540
FROV00001,FrozenEngine,928,04/28/2021, 17:44:34,540
FROV00001,FrozenEngine,928,04/28/2021, 18:28:14,540
FROV00001,FrozenEngine,928,04/28/2021, 19:19:08,540
FROV00001,FrozenEngine,928,04/28/2021, 20:16:15,540
FROV00001,FrozenEngine,928,04/28/2021, 21:14:09,540
FROV00001,FrozenEngine,928,04/28/2021, 22:15:10,540
FROV00001,FrozenEngine,928,04/28/2021, 23:15:30,540
FROV00001,FrozenEngine,928,04/29/2021, 00:44:18,540
FROV00001,FrozenEngine,928,04/29/2021, 02:02:53,540
FROV00001,FrozenEngine,928,04/29/2021, 03:17:29,540
FROV00001,FrozenEngine,928,04/29/2021, 04:15:40,540
FROV00001,FrozenEngine,928,04/29/2021, 05:16:50,540
FROV00001,FrozenEngine,928,04/29/2021, 06:16:01,540
FROV00001,FrozenEngine,928,04/29/2021, 07:14:47,540
FROV00001,FrozenEngine,928,04/29/2021, 08:15:28,540
FROV00001,FrozenEngine,929,04/29/2021, 09:13:25,540
FROV00001,FrozenEngine,929,04/29/2021, 10:13:47,540
FROV00001,FrozenEngine,929,04/29/2021, 11:11:21,540
FROV00001,FrozenEngine,929,04/29/2021, 12:18:49,540
FROV00001,FrozenEngine,929,04/29/2021, 13:22:56,540
FROV00001,FrozenEngine,929,04/29/2021, 14:13:25,540
FROV00001,FrozenEngine,929,04/29/2021, 15:14:13,540
FROV00001,FrozenEngine,929,04/29/2021, 16:23:31,540
FROV00001,FrozenEngine,929,04/29/2021, 17:37:49,540
FROV00001,FrozenEngine,929,04/29/2021, 18:23:17,540
FROV00001,FrozenEngine,929,04/29/2021, 19:15:49,540
FROV00001,FrozenEngine,929,04/29/2021, 20:13:47,540
FROV00001,FrozenEngine,930,04/29/2021, 21:11:49,540
FROV00001,FrozenEngine,930,04/29/2021, 22:15:43,540
FROV00001,FrozenEngine,930,04/29/2021, 23:12:42,540
FROV00001,FrozenEngine,930,04/30/2021, 00:37:55,540
FROV00001,FrozenEngine,930,04/30/2021, 02:04:00,540
FROV00001,FrozenEngine,930,04/30/2021, 03:18:15,540
FROV00001,FrozenEngine,930,04/30/2021, 04:16:07,540
FROV00001,FrozenEngine,930,04/30/2021, 05:16:58,540
FROV00001,FrozenEngine,930,04/30/2021, 06:15:41,540
FROV00001,FrozenEngine,930,04/30/2021, 07:15:50,540
FROV00001,FrozenEngine,930,04/30/2021, 08:16:20,540
FROV00001,FrozenEngine,930,04/30/2021, 09:13:11,540
FROV00001,FrozenEngine,931,04/30/2021, 10:13:37,540
FROV00001,FrozenEngine,931,04/30/2021, 11:11:17,540
FROV00001,FrozenEngine,931,04/30/2021, 12:18:15,540
FROV00001,FrozenEngine,931,04/30/2021, 13:22:00,540
FROV00001,FrozenEngine,931,04/30/2021, 14:13:09,540
FROV00001,FrozenEngine,931,04/30/2021, 15:14:00,540
FROV00001,FrozenEngine,931,04/30/2021, 16:22:29,540
FROV00001,FrozenEngine,931,04/30/2021, 17:37:05,540
FROV00001,FrozenEngine,931,04/30/2021, 18:21:49,540
FROV00001,FrozenEngine,931,04/30/2021, 19:15:18,540
FROV00001,FrozenEngine,931,04/30/2021, 20:13:49,540
FROV00001,FrozenEngine,931,04/30/2021, 21:12:05,540
FROV00001,FrozenEngine,931,04/30/2021, 22:15:30,540
FROV00001,FrozenEngine,931,04/30/2021, 23:12:49,540
FROV00001,FrozenEngine,931,05/01/2021, 00:39:59,540
FROV00001,FrozenEngine,931,05/01/2021, 02:08:13,540
FROV00001,FrozenEngine,931,05/01/2021, 03:18:57,540
FROV00001,FrozenEngine,931,05/01/2021, 04:16:18,540
FROV00001,FrozenEngine,931,05/01/2021, 05:16:53,540
FROV00001,FrozenEngine,932,05/01/2021, 07:15:26,540
FROV00001,FrozenEngine,932,05/01/2021, 08:15:01,540
FROV00001,FrozenEngine,932,05/01/2021, 09:12:53,540
FROV00001,FrozenEngine,932,05/01/2021, 10:13:23,540
FROV00001,FrozenEngine,932,05/01/2021, 11:11:05,540
FROV00001,FrozenEngine,932,05/01/2021, 12:17:44,540
FROV00001,FrozenEngine,932,05/01/2021, 13:21:49,540
FROV00001,FrozenEngine,932,05/01/2021, 14:12:32,540
FROV00001,FrozenEngine,932,05/01/2021, 15:13:13,540
FROV00001,FrozenEngine,932,05/01/2021, 16:21:32,540
FROV00001,FrozenEngine,932,05/01/2021, 17:38:09,540
FROV00001,FrozenEngine,932,05/01/2021, 18:21:37,540
FROV00001,FrozenEngine,932,05/01/2021, 19:14:14,540
FROV00001,FrozenEngine,932,05/01/2021, 20:13:17,540
FROV00001,FrozenEngine,933,05/01/2021, 21:11:27,540
FROV00001,FrozenEngine,933,05/01/2021, 22:15:24,540
FROV00001,FrozenEngine,933,05/01/2021, 23:14:42,540
FROV00001,FrozenEngine,933,05/02/2021, 00:43:57,540
FROV00001,FrozenEngine,933,05/02/2021, 02:12:45,540
FROV00001,FrozenEngine,933,05/02/2021, 03:22:13,540
FROV00001,FrozenEngine,934,05/02/2021, 04:18:00,540
FROV00001,FrozenEngine,934,05/02/2021, 05:18:22,540
FROV00001,FrozenEngine,934,05/02/2021, 06:15:37,540
FROV00001,FrozenEngine,934,05/02/2021, 07:15:57,540
FROV00001,FrozenEngine,934,05/02/2021, 08:14:35,540
FROV00001,FrozenEngine,934,05/02/2021, 09:13:03,540
FROV00001,FrozenEngine,934,05/02/2021, 10:13:21,540
FROV00001,FrozenEngine,934,05/02/2021, 11:11:23,540
FROV00001,FrozenEngine,934,05/02/2021, 12:17:39,540
FROV00001,FrozenEngine,934,05/02/2021, 13:21:26,540
FROV00001,FrozenEngine,934,05/02/2021, 14:12:18,540
FROV00001,FrozenEngine,934,05/02/2021, 15:13:26,540
FROV00001,FrozenEngine,934,05/02/2021, 16:22:03,540
FROV00001,FrozenEngine,934,05/02/2021, 17:36:09,540
FROV00001,FrozenEngine,934,05/02/2021, 18:19:58,540
FROV00001,FrozenEngine,934,05/02/2021, 19:13:57,540
FROV00001,FrozenEngine,934,05/02/2021, 20:13:27,540
FROV00001,FrozenEngine,934,05/02/2021, 21:11:26,540
FROV00001,FrozenEngine,934,05/02/2021, 22:14:59,540
FROV00001,FrozenEngine,934,05/02/2021, 23:12:41,540
FROV00001,FrozenEngine,934,05/03/2021, 00:39:43,540
FROV00001,FrozenEngine,934,05/03/2021, 02:08:12,540
FROV00001,FrozenEngine,934,05/03/2021, 03:20:42,540
FROV00001,FrozenEngine,934,05/03/2021, 04:16:52,540
FROV00001,FrozenEngine,934,05/03/2021, 05:17:41,540
FROV00001,FrozenEngine,934,05/03/2021, 06:16:17,540
FROV00001,FrozenEngine,934,05/03/2021, 07:17:10,540
FROV00001,FrozenEngine,934,05/03/2021, 08:15:07,540
FROV00001,FrozenEngine,934,05/03/2021, 09:13:33,540
FROV00001,FrozenEngine,934,05/03/2021, 10:13:47,540
FROV00001,FrozenEngine,934,05/03/2021, 11:10:59,540
FROV00001,FrozenEngine,934,05/03/2021, 12:19:12,540
FROV00001,FrozenEngine,934,05/03/2021, 13:23:36,540
FROV00001,FrozenEngine,934,05/03/2021, 14:13:16,540
FROV00001,FrozenEngine,934,05/03/2021, 15:14:20,540
FROV00001,FrozenEngine,934,05/03/2021, 16:23:03,540
FROV00001,FrozenEngine,934,05/03/2021, 17:39:12,540
FROV00001,FrozenEngine,934,05/03/2021, 18:20:48,540
FROV00001,FrozenEngine,934,05/03/2021, 19:14:31,540
FROV00001,FrozenEngine,934,05/03/2021, 20:12:48,540
FROV00001,FrozenEngine,934,05/03/2021, 21:10:58,540
FROV00001,FrozenEngine,934,05/03/2021, 22:13:51,540
FROV00001,FrozenEngine,934,05/03/2021, 23:11:15,540
FROV00001,FrozenEngine,934,05/04/2021, 00:34:52,540
FROV00001,FrozenEngine,934,05/04/2021, 02:03:04,540
FROV00001,FrozenEngine,934,05/04/2021, 03:17:14,540
FROV00001,FrozenEngine,934,05/04/2021, 04:13:48,540
FROV00001,FrozenEngine,935,05/04/2021, 05:14:34,540
FROV00001,FrozenEngine,935,05/04/2021, 06:13:44,540
FROV00001,FrozenEngine,935,05/04/2021, 08:13:26,540
FROV00001,FrozenEngine,935,05/04/2021, 09:11:59,540
FROV00001,FrozenEngine,935,05/04/2021, 10:11:57,540
FROV00001,FrozenEngine,935,05/04/2021, 11:09:28,540
FROV00001,FrozenEngine,935,05/04/2021, 12:15:46,540
FROV00001,FrozenEngine,935,05/04/2021, 13:19:53,540
FROV00001,FrozenEngine,935,05/04/2021, 14:11:11,540
FROV00001,FrozenEngine,935,05/04/2021, 15:11:58,540
FROV00001,FrozenEngine,935,05/04/2021, 16:17:30,540
FROV00001,FrozenEngine,935,05/04/2021, 17:31:04,540
FROV00001,FrozenEngine,935,05/04/2021, 18:15:38,540
FROV00001,FrozenEngine,935,05/04/2021, 19:11:25,540
FROV00001,FrozenEngine,935,05/04/2021, 20:11:42,540
FROV00001,FrozenEngine,935,05/04/2021, 21:09:57,540
FROV00001,FrozenEngine,935,05/04/2021, 22:13:30,540
FROV00001,FrozenEngine,935,05/04/2021, 23:11:10,540
FROV00001,FrozenEngine,935,05/05/2021, 00:30:14,540
FROV00001,FrozenEngine,935,05/05/2021, 01:58:16,540
FROV00001,FrozenEngine,935,05/05/2021, 02:42:51,540
FROV00001,FrozenEngine,935,05/05/2021, 03:16:11,540
FROV00001,FrozenEngine,935,05/05/2021, 04:13:19,540
FROV00001,FrozenEngine,935,05/05/2021, 05:13:49,540
FROV00001,FrozenEngine,936,05/05/2021, 06:13:48,540
FROV00001,FrozenEngine,936,05/05/2021, 07:14:44,540
FROV00001,FrozenEngine,936,05/05/2021, 08:12:30,540
FROV00001,FrozenEngine,936,05/05/2021, 09:11:26,540
FROV00001,FrozenEngine,936,05/05/2021, 10:11:53,540
FROV00001,FrozenEngine,936,05/05/2021, 11:09:37,540
FROV00001,FrozenEngine,936,05/05/2021, 12:16:21,540
FROV00001,FrozenEngine,936,05/05/2021, 13:22:19,540
FROV00001,FrozenEngine,937,05/05/2021, 14:11:28,540
FROV00001,FrozenEngine,937,05/05/2021, 15:11:55,540
FROV00001,FrozenEngine,937,05/05/2021, 16:18:37,540
FROV00001,FrozenEngine,937,05/05/2021, 17:34:41,540
FROV00001,FrozenEngine,937,05/05/2021, 18:18:43,540
FROV00001,FrozenEngine,937,05/05/2021, 19:14:13,540
FROV00001,FrozenEngine,937,05/05/2021, 20:11:37,540
FROV00001,FrozenEngine,937,05/05/2021, 21:10:16,540
FROV00001,FrozenEngine,937,05/05/2021, 22:13:46,540
FROV00001,FrozenEngine,937,05/05/2021, 23:11:32,540
FROV00001,FrozenEngine,937,05/06/2021, 00:29:49,540
FROV00001,FrozenEngine,937,05/06/2021, 01:58:02,540
FROV00001,FrozenEngine,937,05/06/2021, 02:43:04,540
FROV00001,FrozenEngine,937,05/06/2021, 03:16:22,540
FROV00001,FrozenEngine,937,05/06/2021, 04:13:24,540
FROV00001,FrozenEngine,937,05/06/2021, 05:14:04,540
FROV00001,FrozenEngine,937,05/06/2021, 06:13:28,540
FROV00001,FrozenEngine,937,05/06/2021, 07:13:36,540
FROV00001,FrozenEngine,937,05/06/2021, 08:12:26,540
FROV00001,FrozenEngine,937,05/06/2021, 09:11:30,540
FROV00001,FrozenEngine,937,05/06/2021, 10:11:36,540
FROV00001,FrozenEngine,937,05/06/2021, 11:10:01,540
FROV00001,FrozenEngine,937,05/06/2021, 12:15:05,540
FROV00001,FrozenEngine,937,05/06/2021, 13:21:09,540
FROV00001,FrozenEngine,937,05/06/2021, 14:11:06,540
FROV00001,FrozenEngine,937,05/06/2021, 15:11:52,540
FROV00001,FrozenEngine,937,05/06/2021, 16:20:48,540
FROV00001,FrozenEngine,937,05/06/2021, 17:36:23,540
FROV00001,FrozenEngine,937,05/06/2021, 18:19:17,540
FROV00001,FrozenEngine,937,05/06/2021, 19:13:59,540
FROV00001,FrozenEngine,937,05/06/2021, 20:12:25,540
FROV00001,FrozenEngine,937,05/06/2021, 21:08:53,540
FROV00001,FrozenEngine,937,05/06/2021, 22:13:54,540
FROV00001,FrozenEngine,937,05/06/2021, 23:11:26,540
FROV00001,FrozenEngine,937,05/07/2021, 00:31:08,540
FROV00001,FrozenEngine,937,05/07/2021, 02:02:30,540
FROV00001,FrozenEngine,937,05/07/2021, 03:18:29,540
FROV00001,FrozenEngine,937,05/07/2021, 04:17:17,540
FROV00001,FrozenEngine,937,05/07/2021, 05:15:58,540
FROV00001,FrozenEngine,937,05/07/2021, 06:13:23,540
FROV00001,FrozenEngine,937,05/07/2021, 07:14:37,540
FROV00001,FrozenEngine,937,05/07/2021, 08:13:51,540
FROV00001,FrozenEngine,937,05/07/2021, 09:11:02,540
FROV00001,FrozenEngine,937,05/07/2021, 10:11:51,540
FROV00001,FrozenEngine,937,05/07/2021, 11:09:46,540
FROV00001,FrozenEngine,937,05/07/2021, 12:15:16,540
FROV00001,FrozenEngine,937,05/07/2021, 13:20:54,540
FROV00001,FrozenEngine,937,05/07/2021, 14:11:15,540
FROV00001,FrozenEngine,937,05/07/2021, 15:13:58,540
FROV00001,FrozenEngine,938,05/07/2021, 16:21:09,540
FROV00001,FrozenEngine,938,05/07/2021, 17:36:07,540
FROV00001,FrozenEngine,938,05/07/2021, 18:19:16,540
FROV00001,FrozenEngine,938,05/07/2021, 19:12:56,540
FROV00001,FrozenEngine,938,05/07/2021, 20:11:45,540
FROV00001,FrozenEngine,938,05/07/2021, 21:10:20,540
FROV00001,FrozenEngine,938,05/07/2021, 22:14:41,540
FROV00001,FrozenEngine,938,05/07/2021, 23:11:03,540
FROV00001,FrozenEngine,938,05/08/2021, 00:30:59,540
FROV00001,FrozenEngine,938,05/08/2021, 02:00:57,540
FROV00001,FrozenEngine,938,05/08/2021, 03:17:15,540
FROV00001,FrozenEngine,938,05/08/2021, 04:14:08,540
FROV00001,FrozenEngine,938,05/08/2021, 05:14:17,540
FROV00001,FrozenEngine,938,05/08/2021, 06:13:26,540
FROV00001,FrozenEngine,938,05/08/2021, 07:15:13,540
FROV00001,FrozenEngine,938,05/08/2021, 08:12:39,540
FROV00001,FrozenEngine,938,05/08/2021, 09:11:15,540
FROV00001,FrozenEngine,938,05/08/2021, 10:12:12,540
FROV00001,FrozenEngine,938,05/08/2021, 11:09:37,540
FROV00001,FrozenEngine,938,05/08/2021, 12:15:38,540
FROV00001,FrozenEngine,938,05/08/2021, 13:19:57,540
FROV00001,FrozenEngine,938,05/08/2021, 14:10:47,540
FROV00001,FrozenEngine,938,05/08/2021, 15:11:40,540
FROV00001,FrozenEngine,938,05/08/2021, 16:20:02,540
FROV00001,FrozenEngine,938,05/08/2021, 17:33:58,540
FROV00001,FrozenEngine,938,05/08/2021, 18:17:23,540
FROV00001,FrozenEngine,938,05/08/2021, 19:10:51,540
FROV00001,FrozenEngine,938,05/08/2021, 20:11:27,540
FROV00001,FrozenEngine,938,05/08/2021, 21:10:06,540
FROV00001,FrozenEngine,938,05/08/2021, 22:13:30,540
FROV00001,FrozenEngine,938,05/08/2021, 23:11:16,540
FROV00001,FrozenEngine,938,05/09/2021, 00:33:47,540
FROV00001,FrozenEngine,938,05/09/2021, 02:03:19,540
FROV00001,FrozenEngine,938,05/09/2021, 03:17:21,540
FROV00001,FrozenEngine,938,05/09/2021, 04:13:45,540
FROV00001,FrozenEngine,938,05/09/2021, 05:14:16,540
FROV00001,FrozenEngine,938,05/09/2021, 06:12:53,540
FROV00001,FrozenEngine,938,05/09/2021, 07:13:28,540
FROV00001,FrozenEngine,938,05/09/2021, 08:12:34,540
FROV00001,FrozenEngine,938,05/09/2021, 09:11:37,540
FROV00001,FrozenEngine,938,05/09/2021, 10:11:35,540
FROV00001,FrozenEngine,938,05/09/2021, 11:09:24,540
FROV00001,FrozenEngine,938,05/09/2021, 12:15:05,540
FROV00001,FrozenEngine,938,05/09/2021, 13:20:02,540
FROV00001,FrozenEngine,938,05/09/2021, 14:10:34,540
FROV00001,FrozenEngine,938,05/09/2021, 15:11:32,540
FROV00001,FrozenEngine,938,05/09/2021, 16:20:42,540
FROV00001,FrozenEngine,938,05/09/2021, 17:35:01,540
FROV00001,FrozenEngine,938,05/09/2021, 18:17:16,540
FROV00001,FrozenEngine,939,05/09/2021, 19:11:40,540
FROV00001,FrozenEngine,939,05/09/2021, 20:11:22,540
FROV00001,FrozenEngine,939,05/09/2021, 21:10:15,540
FROV00001,FrozenEngine,939,05/09/2021, 22:13:51,540
FROV00001,FrozenEngine,939,05/09/2021, 23:11:00,540
FROV00001,FrozenEngine,940,05/10/2021, 00:32:37,540
FROV00001,FrozenEngine,941,05/10/2021, 02:06:01,540
FROV00001,FrozenEngine,941,05/10/2021, 03:21:20,540
FROV00001,FrozenEngine,941,05/10/2021, 04:16:38,540
FROV00001,FrozenEngine,941,05/10/2021, 05:16:30,540
FROV00001,FrozenEngine,941,05/10/2021, 06:13:11,540
FROV00001,FrozenEngine,941,05/10/2021, 07:14:47,540
FROV00001,FrozenEngine,943,05/10/2021, 08:13:10,540
FROV00001,FrozenEngine,943,05/10/2021, 09:12:28,540
FROV00001,FrozenEngine,943,05/10/2021, 10:11:41,540
FROV00001,FrozenEngine,943,05/10/2021, 11:09:55,540
FROV00001,FrozenEngine,943,05/10/2021, 12:15:37,540
FROV00001,FrozenEngine,943,05/10/2021, 13:21:26,540
FROV00001,FrozenEngine,943,05/10/2021, 14:11:18,540
FROV00001,FrozenEngine,943,05/10/2021, 15:11:55,540
FROV00001,FrozenEngine,943,05/10/2021, 16:20:37,540
FROV00001,FrozenEngine,943,05/10/2021, 17:38:58,540
FROV00001,FrozenEngine,943,05/10/2021, 18:22:56,540
FROV00001,FrozenEngine,943,05/10/2021, 19:15:42,540
FROV00001,FrozenEngine,943,05/10/2021, 20:12:05,540
FROV00001,FrozenEngine,943,05/10/2021, 21:10:11,540
FROV00001,FrozenEngine,943,05/10/2021, 22:13:52,540
FROV00001,FrozenEngine,943,05/10/2021, 23:11:03,540
FROV00001,FrozenEngine,943,05/11/2021, 00:32:09,540
FROV00001,FrozenEngine,943,05/11/2021, 02:04:47,540
FROV00001,FrozenEngine,943,05/11/2021, 03:20:06,540
FROV00001,FrozenEngine,943,05/11/2021, 04:15:23,540
FROV00001,FrozenEngine,944,05/11/2021, 05:15:51,540
FROV00001,FrozenEngine,944,05/11/2021, 06:13:32,540
FROV00001,FrozenEngine,944,05/11/2021, 07:14:19,540
FROV00001,FrozenEngine,944,05/11/2021, 08:13:09,540
FROV00001,FrozenEngine,944,05/11/2021, 09:11:37,540
FROV00001,FrozenEngine,944,05/11/2021, 10:12:00,540
FROV00001,FrozenEngine,944,05/11/2021, 11:09:29,540
FROV00001,FrozenEngine,944,05/11/2021, 12:15:58,540
FROV00001,FrozenEngine,944,05/11/2021, 13:22:19,540
FROV00001,FrozenEngine,944,05/11/2021, 14:11:13,540
FROV00001,FrozenEngine,944,05/11/2021, 15:12:05,540
FROV00001,FrozenEngine,944,05/11/2021, 16:22:27,540
FROV00001,FrozenEngine,944,05/11/2021, 17:39:06,540
FROV00001,FrozenEngine,944,05/11/2021, 18:23:00,540
FROV00001,FrozenEngine,944,05/11/2021, 19:16:09,540
FROV00001,FrozenEngine,944,05/11/2021, 20:12:28,540
FROV00001,FrozenEngine,944,05/11/2021, 21:10:12,540
FROV00001,FrozenEngine,944,05/11/2021, 22:13:59,540
FROV00001,FrozenEngine,944,05/11/2021, 23:11:18,540
FROV00001,FrozenEngine,944,05/12/2021, 00:33:36,540
FROV00001,FrozenEngine,944,05/12/2021, 02:05:53,540
FROV00001,FrozenEngine,944,05/12/2021, 03:23:16,540
FROV00001,FrozenEngine,944,05/12/2021, 04:19:32,540
FROV00001,FrozenEngine,944,05/12/2021, 05:20:18,540
FROV00001,FrozenEngine,944,05/12/2021, 06:19:54,540
FROV00001,FrozenEngine,944,05/12/2021, 07:17:23,540
FROV00001,FrozenEngine,944,05/12/2021, 08:14:16,540
FROV00001,FrozenEngine,944,05/12/2021, 09:12:58,540
FROV00001,FrozenEngine,944,05/12/2021, 10:13:16,540
FROV00001,FrozenEngine,944,05/12/2021, 11:11:03,540
FROV00001,FrozenEngine,944,05/12/2021, 12:18:42,540
FROV00001,FrozenEngine,944,05/12/2021, 13:25:32,540
FROV00001,FrozenEngine,944,05/12/2021, 14:13:25,540
FROV00001,FrozenEngine,944,05/12/2021, 15:14:00,540
FROV00001,FrozenEngine,944,05/12/2021, 16:26:59,540
FROV00001,FrozenEngine,944,05/12/2021, 17:41:23,540
FROV00001,FrozenEngine,944,05/12/2021, 18:27:08,540
FROV00001,FrozenEngine,944,05/12/2021, 19:19:29,540
FROV00001,FrozenEngine,944,05/12/2021, 20:13:48,540
FROV00001,FrozenEngine,944,05/12/2021, 21:11:42,540
FROV00001,FrozenEngine,944,05/12/2021, 22:15:30,540
FROV00001,FrozenEngine,944,05/12/2021, 23:13:25,540
FROV00001,FrozenEngine,944,05/13/2021, 00:41:53,540
FROV00001,FrozenEngine,944,05/13/2021, 02:14:14,540
FROV00001,FrozenEngine,944,05/13/2021, 03:25:05,540
FROV00001,FrozenEngine,944,05/13/2021, 04:21:17,540
FROV00001,FrozenEngine,944,05/13/2021, 05:21:39,540
FROV00001,FrozenEngine,944,05/13/2021, 06:15:44,540
FROV00001,FrozenEngine,944,05/13/2021, 07:18:33,540
FROV00001,FrozenEngine,944,05/13/2021, 08:15:03,540
FROV00001,FrozenEngine,944,05/13/2021, 09:13:23,540
FROV00001,FrozenEngine,944,05/13/2021, 10:14:05,540
FROV00001,FrozenEngine,944,05/13/2021, 11:12:14,540
FROV00001,FrozenEngine,944,05/13/2021, 12:18:42,540
FROV00001,FrozenEngine,944,05/13/2021, 13:24:59,540
FROV00001,FrozenEngine,944,05/13/2021, 14:12:51,540
FROV00001,FrozenEngine,944,05/13/2021, 15:14:11,540
FROV00001,FrozenEngine,944,05/13/2021, 16:25:41,540
FROV00001,FrozenEngine,944,05/13/2021, 17:41:47,540
FROV00001,FrozenEngine,944,05/13/2021, 18:27:01,540
FROV00001,FrozenEngine,944,05/13/2021, 19:20:32,540
FROV00001,FrozenEngine,944,05/13/2021, 20:14:14,540
FROV00001,FrozenEngine,944,05/13/2021, 21:12:12,540
FROV00001,FrozenEngine,944,05/13/2021, 22:15:41,540
FROV00001,FrozenEngine,944,05/13/2021, 23:16:27,540
FROV00001,FrozenEngine,944,05/14/2021, 00:43:16,540
FROV00001,FrozenEngine,944,05/14/2021, 02:15:20,540
FROV00001,FrozenEngine,944,05/14/2021, 03:27:46,540
FROV00001,FrozenEngine,944,05/14/2021, 04:22:11,540
FROV00001,FrozenEngine,944,05/14/2021, 05:20:57,540
FROV00001,FrozenEngine,944,05/14/2021, 06:15:38,540
FROV00001,FrozenEngine,944,05/14/2021, 07:20:00,540
FROV00001,FrozenEngine,944,05/14/2021, 08:16:23,540
FROV00001,FrozenEngine,944,05/14/2021, 09:14:41,540
FROV00001,FrozenEngine,944,05/14/2021, 10:14:15,540
FROV00001,FrozenEngine,944,05/14/2021, 11:10:48,540
FROV00001,FrozenEngine,944,05/14/2021, 12:18:15,540
FROV00001,FrozenEngine,944,05/14/2021, 13:24:29,540
FROV00001,FrozenEngine,944,05/14/2021, 16:26:34,540
FROV00001,FrozenEngine,944,05/14/2021, 17:42:09,540
FROV00001,FrozenEngine,944,05/14/2021, 18:28:13,540
FROV00001,FrozenEngine,944,05/14/2021, 19:20:37,540
FROV00001,FrozenEngine,944,05/14/2021, 20:14:00,540
FROV00001,FrozenEngine,944,05/14/2021, 21:12:06,540
FROV00001,FrozenEngine,944,05/14/2021, 22:15:23,540
FROV00001,FrozenEngine,944,05/14/2021, 23:14:28,540
FROV00001,FrozenEngine,944,05/15/2021, 00:40:57,540
FROV00001,FrozenEngine,944,05/15/2021, 02:11:28,540
FROV00001,FrozenEngine,944,05/15/2021, 03:23:01,540
FROV00001,FrozenEngine,944,05/15/2021, 04:20:14,540
FROV00001,FrozenEngine,944,05/15/2021, 05:19:46,540
FROV00001,FrozenEngine,944,05/15/2021, 06:15:35,540
FROV00001,FrozenEngine,944,05/15/2021, 07:18:13,540
FROV00001,FrozenEngine,945,05/15/2021, 08:14:44,540
FROV00001,FrozenEngine,945,05/15/2021, 09:13:06,540
FROV00001,FrozenEngine,945,05/15/2021, 10:13:00,540
FROV00001,FrozenEngine,945,05/15/2021, 11:11:07,540
FROV00001,FrozenEngine,945,05/15/2021, 12:17:42,540
FROV00001,FrozenEngine,945,05/15/2021, 13:23:20,540
FROV00001,FrozenEngine,946,05/15/2021, 14:12:23,540
FROV00001,FrozenEngine,946,05/15/2021, 15:13:22,540
FROV00001,FrozenEngine,946,05/15/2021, 16:25:02,540
FROV00001,FrozenEngine,946,05/15/2021, 17:40:30,540
FROV00001,FrozenEngine,946,05/15/2021, 18:25:22,540
FROV00001,FrozenEngine,946,05/15/2021, 19:18:31,540
FROV00001,FrozenEngine,946,05/15/2021, 20:13:32,540
FROV00001,FrozenEngine,946,05/15/2021, 21:11:39,540
FROV00001,FrozenEngine,946,05/15/2021, 22:15:03,540
FROV00001,FrozenEngine,946,05/15/2021, 23:13:20,540
FROV00001,FrozenEngine,946,05/16/2021, 00:44:30,540
FROV00001,FrozenEngine,946,05/16/2021, 02:19:34,540
FROV00001,FrozenEngine,946,05/16/2021, 03:30:17,540
FROV00001,FrozenEngine,946,05/16/2021, 04:24:31,540
FROV00001,FrozenEngine,946,05/16/2021, 05:21:45,540
FROV00001,FrozenEngine,946,05/16/2021, 17:42:50,540
FROV00001,FrozenEngine,946,05/16/2021, 18:27:16,540
FROV00001,FrozenEngine,946,05/16/2021, 19:19:20,540
FROV00001,FrozenEngine,946,05/16/2021, 20:14:01,540
FROV00001,FrozenEngine,946,05/16/2021, 21:11:33,540
FROV00001,FrozenEngine,946,05/16/2021, 22:15:11,540
FROV00001,FrozenEngine,946,05/16/2021, 23:13:10,540
FROV00001,FrozenEngine,946,05/17/2021, 00:40:17,540
FROV00001,FrozenEngine,946,05/17/2021, 02:14:48,540
FROV00001,FrozenEngine,946,05/17/2021, 03:27:24,540
FROV00001,FrozenEngine,946,05/17/2021, 04:22:25,540
FROV00001,FrozenEngine,946,05/17/2021, 05:21:09,540
FROV00001,FrozenEngine,946,05/17/2021, 06:15:52,540
FROV00001,FrozenEngine,946,05/17/2021, 07:19:04,540
FROV00001,FrozenEngine,946,05/17/2021, 08:14:53,540
FROV00001,FrozenEngine,946,05/17/2021, 09:13:58,540
FROV00001,FrozenEngine,946,05/17/2021, 10:15:03,540
FROV00001,FrozenEngine,946,05/17/2021, 11:11:22,540
FROV00001,FrozenEngine,946,05/17/2021, 12:19:13,540
FROV00001,FrozenEngine,946,05/17/2021, 13:27:13,540
FROV00001,FrozenEngine,946,05/17/2021, 14:12:24,540
FROV00001,FrozenEngine,946,05/17/2021, 15:14:15,540
FROV00001,FrozenEngine,946,05/17/2021, 16:26:50,540
FROV00001,FrozenEngine,946,05/17/2021, 17:41:28,540
FROV00001,FrozenEngine,946,05/17/2021, 18:27:48,540
FROV00001,FrozenEngine,947,05/17/2021, 19:19:39,540
FROV00001,FrozenEngine,947,05/17/2021, 20:14:00,540
FROV00001,FrozenEngine,948,05/17/2021, 21:12:09,540
FROV00001,FrozenEngine,948,05/17/2021, 22:15:34,540
FROV00001,FrozenEngine,948,05/17/2021, 23:14:44,540
FROV00001,FrozenEngine,948,05/18/2021, 00:44:40,540
FROV00001,FrozenEngine,948,05/18/2021, 02:17:09,540
FROV00001,FrozenEngine,948,05/18/2021, 03:27:43,540
FROV00001,FrozenEngine,948,05/18/2021, 04:23:18,540
FROV00001,FrozenEngine,948,05/18/2021, 05:21:54,540
FROV00001,FrozenEngine,948,05/18/2021, 06:15:25,540
FROV00001,FrozenEngine,948,05/18/2021, 07:37:29,540
FROV00001,FrozenEngine,948,05/18/2021, 09:57:42,540
FROV00001,FrozenEngine,948,05/18/2021, 10:57:35,540
FROV00001,FrozenEngine,948,05/18/2021, 11:54:58,540
FROV00001,FrozenEngine,948,05/18/2021, 18:44:04,540
FROV00001,FrozenEngine,948,05/18/2021, 19:22:22,540
FROV00001,FrozenEngine,948,05/18/2021, 20:18:46,540
FROV00001,FrozenEngine,948,05/18/2021, 21:11:35,540
FROV00001,FrozenEngine,948,05/18/2021, 22:15:28,540
FROV00001,FrozenEngine,948,05/18/2021, 23:14:14,540
FROV00001,FrozenEngine,948,05/19/2021, 00:40:49,540
FROV00001,FrozenEngine,948,05/19/2021, 02:09:47,540
FROV00001,FrozenEngine,948,05/19/2021, 03:22:38,540
FROV00001,FrozenEngine,948,05/19/2021, 04:19:46,540
FROV00001,FrozenEngine,948,05/19/2021, 05:20:46,540
FROV00001,FrozenEngine,948,05/19/2021, 06:15:59,540
FROV00001,FrozenEngine,948,05/19/2021, 07:19:04,540
FROV00001,FrozenEngine,948,05/19/2021, 08:19:24,540
FROV00001,FrozenEngine,948,05/19/2021, 09:19:18,540
FROV00001,FrozenEngine,948,05/19/2021, 10:14:42,540
FROV00001,FrozenEngine,948,05/19/2021, 11:11:59,540
FROV00001,FrozenEngine,948,05/19/2021, 12:18:55,540
FROV00001,FrozenEngine,948,05/19/2021, 13:25:04,540
FROV00001,FrozenEngine,948,05/19/2021, 14:16:29,540
FROV00001,FrozenEngine,948,05/19/2021, 15:18:59,540
FROV00001,FrozenEngine,948,05/19/2021, 16:30:47,540
FROV00001,FrozenEngine,948,05/19/2021, 17:42:06,540
FROV00001,FrozenEngine,948,05/19/2021, 18:28:53,540
FROV00001,FrozenEngine,948,05/19/2021, 19:21:00,540
FROV00001,FrozenEngine,948,05/19/2021, 20:13:54,540
FROV00001,FrozenEngine,948,05/19/2021, 21:11:37,540
FROV00001,FrozenEngine,948,05/19/2021, 22:15:10,540
FROV00001,FrozenEngine,948,05/19/2021, 23:13:52,540
FROV00001,FrozenEngine,948,05/20/2021, 00:38:16,540
FROV00001,FrozenEngine,948,05/20/2021, 02:09:58,540
FROV00001,FrozenEngine,948,05/20/2021, 03:24:25,540
FROV00001,FrozenEngine,949,05/20/2021, 04:21:20,540
FROV00001,FrozenEngine,949,05/20/2021, 05:21:22,540
FROV00001,FrozenEngine,949,05/20/2021, 06:15:58,540
FROV00001,FrozenEngine,949,05/20/2021, 07:19:15,540
FROV00001,FrozenEngine,949,05/20/2021, 08:15:10,540
FROV00001,FrozenEngine,949,05/20/2021, 09:13:52,540
FROV00001,FrozenEngine,949,05/20/2021, 10:13:44,540
FROV00001,FrozenEngine,949,05/20/2021, 11:11:33,540
FROV00001,FrozenEngine,949,05/20/2021, 12:19:08,540
FROV00001,FrozenEngine,949,05/20/2021, 13:27:19,540
FROV00001,FrozenEngine,949,05/20/2021, 14:16:10,540
FROV00001,FrozenEngine,949,05/20/2021, 15:19:16,540
FROV00001,FrozenEngine,949,05/20/2021, 16:32:02,540
FROV00001,FrozenEngine,949,05/20/2021, 17:49:01,540
FROV00001,FrozenEngine,949,05/20/2021, 18:30:29,540
FROV00001,FrozenEngine,949,05/20/2021, 19:23:10,540
FROV00001,FrozenEngine,949,05/20/2021, 20:12:02,540
FROV00001,FrozenEngine,949,05/20/2021, 21:12:03,540
FROV00001,FrozenEngine,949,05/20/2021, 22:14:58,540
FROV00001,FrozenEngine,949,05/20/2021, 23:13:04,540
FROV00001,FrozenEngine,949,05/21/2021, 00:42:07,540
FROV00001,FrozenEngine,949,05/21/2021, 02:13:35,540
FROV00001,FrozenEngine,950,05/21/2021, 03:26:03,540
FROV00001,FrozenEngine,950,05/21/2021, 04:22:50,540
FROV00001,FrozenEngine,950,05/21/2021, 05:21:59,540
FROV00001,FrozenEngine,950,05/21/2021, 06:15:43,540
FROV00001,FrozenEngine,950,05/21/2021, 07:22:01,540
FROV00001,FrozenEngine,950,05/21/2021, 08:15:38,540
FROV00001,FrozenEngine,950,05/21/2021, 09:15:27,540
FROV00001,FrozenEngine,950,05/21/2021, 10:14:31,540
FROV00001,FrozenEngine,950,05/21/2021, 11:11:24,540
FROV00001,FrozenEngine,950,05/21/2021, 12:19:53,540
FROV00001,FrozenEngine,950,05/21/2021, 13:27:07,540
FROV00001,FrozenEngine,950,05/21/2021, 14:13:03,540
FROV00001,FrozenEngine,950,05/21/2021, 15:13:56,540
FROV00001,FrozenEngine,950,05/21/2021, 16:26:53,540
FROV00001,FrozenEngine,950,05/21/2021, 17:45:26,540
FROV00001,FrozenEngine,950,05/21/2021, 18:32:30,540
FROV00001,FrozenEngine,950,05/21/2021, 19:26:39,540
FROV00001,FrozenEngine,950,05/21/2021, 20:14:14,540
FROV00001,FrozenEngine,950,05/21/2021, 21:12:05,540
FROV00001,FrozenEngine,950,05/21/2021, 22:13:18,540
FROV00001,FrozenEngine,950,05/21/2021, 23:13:24,540
FROV00001,FrozenEngine,950,05/22/2021, 00:41:27,540
FROV00001,FrozenEngine,950,05/22/2021, 02:12:33,540
FROV00001,FrozenEngine,950,05/22/2021, 03:25:47,540
FROV00001,FrozenEngine,950,05/22/2021, 04:23:45,540
FROV00001,FrozenEngine,950,05/22/2021, 05:24:46,540
FROV00001,FrozenEngine,950,05/22/2021, 06:15:32,540
FROV00001,FrozenEngine,950,05/22/2021, 07:20:03,540
FROV00001,FrozenEngine,950,05/22/2021, 08:15:01,540
FROV00001,FrozenEngine,950,05/22/2021, 09:14:02,540
FROV00001,FrozenEngine,950,05/22/2021, 10:14:29,540
FROV00001,FrozenEngine,950,05/22/2021, 11:11:38,540
FROV00001,FrozenEngine,950,05/22/2021, 12:18:26,540
FROV00001,FrozenEngine,950,05/22/2021, 13:26:07,540
FROV00001,FrozenEngine,950,05/22/2021, 14:11:24,540
FROV00001,FrozenEngine,950,05/22/2021, 15:13:07,540
FROV00001,FrozenEngine,950,05/22/2021, 16:25:25,540
FROV00001,FrozenEngine,950,05/22/2021, 17:42:51,540
FROV00001,FrozenEngine,950,05/22/2021, 18:30:21,540
FROV00001,FrozenEngine,950,05/22/2021, 19:23:13,540
FROV00001,FrozenEngine,951,05/22/2021, 20:13:45,540
FROV00001,FrozenEngine,951,05/22/2021, 21:11:28,540
FROV00001,FrozenEngine,951,05/22/2021, 22:12:40,540
FROV00001,FrozenEngine,951,05/22/2021, 23:12:43,540
FROV00001,FrozenEngine,951,05/23/2021, 00:47:19,540
FROV00001,FrozenEngine,951,05/23/2021, 02:24:15,540
FROV00001,FrozenEngine,951,05/23/2021, 03:36:39,540
FROV00001,FrozenEngine,951,05/23/2021, 04:29:04,540
FROV00001,FrozenEngine,951,05/23/2021, 05:26:11,540
FROV00001,FrozenEngine,951,05/23/2021, 06:16:11,540
FROV00001,FrozenEngine,951,05/23/2021, 07:19:51,540
FROV00001,FrozenEngine,951,05/23/2021, 08:14:36,540
FROV00001,FrozenEngine,951,05/23/2021, 09:13:30,540
FROV00001,FrozenEngine,951,05/23/2021, 10:13:47,540
FROV00001,FrozenEngine,951,05/23/2021, 11:10:46,540
FROV00001,FrozenEngine,951,05/23/2021, 12:18:39,540
FROV00001,FrozenEngine,951,05/23/2021, 13:27:18,540
FROV00001,FrozenEngine,951,05/23/2021, 14:11:51,540
FROV00001,FrozenEngine,951,05/23/2021, 15:13:20,540
FROV00001,FrozenEngine,951,05/23/2021, 16:25:39,540
FROV00001,FrozenEngine,951,05/23/2021, 17:42:00,540
FROV00001,FrozenEngine,951,05/23/2021, 18:28:05,540
FROV00001,FrozenEngine,951,05/23/2021, 19:21:33,540
FROV00001,FrozenEngine,951,05/23/2021, 20:14:19,540
FROV00001,FrozenEngine,951,05/23/2021, 21:11:37,540
FROV00001,FrozenEngine,951,05/23/2021, 22:12:51,540
FROV00001,FrozenEngine,951,05/23/2021, 23:13:08,540
FROV00001,FrozenEngine,951,05/24/2021, 00:44:40,540
FROV00001,FrozenEngine,951,05/24/2021, 02:22:30,540
FROV00001,FrozenEngine,951,05/24/2021, 03:33:59,540
FROV00001,FrozenEngine,951,05/24/2021, 04:27:35,540
FROV00001,FrozenEngine,951,05/24/2021, 05:26:52,540
FROV00001,FrozenEngine,951,05/24/2021, 06:18:10,540
FROV00001,FrozenEngine,951,05/24/2021, 07:22:16,540
FROV00001,FrozenEngine,951,05/24/2021, 08:15:08,540
FROV00001,FrozenEngine,951,05/24/2021, 09:15:50,540
FROV00001,FrozenEngine,951,05/24/2021, 10:17:39,540
FROV00001,FrozenEngine,951,05/24/2021, 11:15:58,540
FROV00001,FrozenEngine,951,05/24/2021, 12:20:10,540
FROV00001,FrozenEngine,951,05/24/2021, 13:31:26,540
FROV00001,FrozenEngine,951,05/24/2021, 14:16:50,540
FROV00001,FrozenEngine,951,05/24/2021, 15:14:20,540
FROV00001,FrozenEngine,951,05/24/2021, 16:32:10,540
FROV00001,FrozenEngine,951,05/24/2021, 17:52:19,540
FROV00001,FrozenEngine,951,05/24/2021, 18:35:49,540
FROV00001,FrozenEngine,951,05/24/2021, 19:31:54,540
FROV00001,FrozenEngine,951,05/24/2021, 20:14:46,540
FROV00001,FrozenEngine,951,05/24/2021, 21:12:26,540
FROV00001,FrozenEngine,951,05/24/2021, 22:14:24,540
FROV00001,FrozenEngine,951,05/24/2021, 23:12:52,540
FROV00001,FrozenEngine,951,05/25/2021, 00:43:43,540
FROV00001,FrozenEngine,951,05/25/2021, 02:24:32,540
FROV00001,FrozenEngine,951,05/25/2021, 03:42:21,540
FROV00001,FrozenEngine,951,05/25/2021, 04:34:53,540
FROV00001,FrozenEngine,951,05/25/2021, 05:36:27,540
FROV00001,FrozenEngine,951,05/25/2021, 06:26:09,540
FROV00001,FrozenEngine,951,05/25/2021, 07:28:29,540
FROV00001,FrozenEngine,951,05/25/2021, 08:21:36,540
FROV00001,FrozenEngine,951,05/25/2021, 09:23:41,540
FROV00001,FrozenEngine,951,05/25/2021, 10:25:55,540
FROV00001,FrozenEngine,951,05/25/2021, 11:19:54,540
FROV00001,FrozenEngine,951,05/25/2021, 12:21:28,540
FROV00001,FrozenEngine,951,05/25/2021, 13:35:49,540
FROV00001,FrozenEngine,951,05/25/2021, 14:24:58,540
FROV00001,FrozenEngine,951,05/25/2021, 15:14:26,540
FROV00001,FrozenEngine,951,05/25/2021, 16:36:03,540
FROV00001,FrozenEngine,951,05/25/2021, 18:02:07,540
FROV00001,FrozenEngine,952,05/25/2021, 19:32:22,540
FROV00001,FrozenEngine,952,05/25/2021, 20:16:10,540
FROV00001,FrozenEngine,952,05/25/2021, 21:11:52,540
FROV00001,FrozenEngine,952,05/25/2021, 22:15:16,540
FROV00001,FrozenEngine,952,05/25/2021, 23:18:40,540
FROV00001,FrozenEngine,952,05/26/2021, 00:52:52,540
FROV00001,FrozenEngine,952,05/26/2021, 02:51:14,540
FROV00001,FrozenEngine,952,05/26/2021, 04:09:05,540
FROV00001,FrozenEngine,952,05/26/2021, 05:44:40,540
FROV00001,FrozenEngine,952,05/26/2021, 06:34:13,540
FROV00001,FrozenEngine,952,05/26/2021, 07:39:12,540
FROV00001,FrozenEngine,952,05/26/2021, 08:27:46,540
FROV00001,FrozenEngine,952,05/26/2021, 09:24:24,540
FROV00001,FrozenEngine,952,05/26/2021, 10:26:01,540
FROV00001,FrozenEngine,952,05/26/2021, 11:23:15,540
FROV00001,FrozenEngine,952,05/26/2021, 12:23:51,540
FROV00001,FrozenEngine,953,05/26/2021, 13:42:25,540
FROV00001,FrozenEngine,953,05/26/2021, 14:31:56,540
FROV00001,FrozenEngine,953,05/26/2021, 15:17:11,540
FROV00001,FrozenEngine,953,05/26/2021, 16:41:17,540
FROV00001,FrozenEngine,953,05/26/2021, 18:16:57,540
FROV00001,FrozenEngine,953,05/26/2021, 19:48:09,540
FROV00001,FrozenEngine,953,05/26/2021, 20:28:07,540
FROV00001,FrozenEngine,953,05/26/2021, 21:18:05,540
FROV00001,FrozenEngine,953,05/26/2021, 22:18:54,540
FROV00001,FrozenEngine,953,05/26/2021, 23:20:44,540
FROV00001,FrozenEngine,953,05/27/2021, 00:55:57,540
FROV00001,FrozenEngine,953,05/27/2021, 03:12:12,540
FROV00001,FrozenEngine,953,05/27/2021, 04:57:18,540
FROV00001,FrozenEngine,953,05/27/2021, 05:58:54,540
FROV00001,FrozenEngine,953,05/27/2021, 06:57:29,540
FROV00001,FrozenEngine,953,05/27/2021, 07:56:13,540
FROV00001,FrozenEngine,953,05/27/2021, 08:44:03,540
FROV00001,FrozenEngine,953,05/27/2021, 09:37:41,540
FROV00001,FrozenEngine,953,05/27/2021, 10:34:29,540
FROV00001,FrozenEngine,953,05/27/2021, 11:31:58,540
FROV00001,FrozenEngine,953,05/27/2021, 12:36:29,540
FROV00001,FrozenEngine,953,05/27/2021, 13:47:46,540
FROV00001,FrozenEngine,953,05/27/2021, 14:33:34,540
FROV00001,FrozenEngine,953,05/27/2021, 15:28:51,540
FROV00001,FrozenEngine,953,05/27/2021, 16:52:49,540
FROV00001,FrozenEngine,953,05/27/2021, 18:28:35,540
FROV00001,FrozenEngine,953,05/27/2021, 19:51:54,540
FROV00001,FrozenEngine,953,05/27/2021, 20:24:28,540
FROV00001,FrozenEngine,953,05/27/2021, 21:17:42,540
FROV00001,FrozenEngine,953,05/27/2021, 22:20:49,540
FROV00001,FrozenEngine,954,05/27/2021, 23:23:33,540
FROV00001,FrozenEngine,954,05/28/2021, 01:02:16,540
FROV00001,FrozenEngine,955,05/28/2021, 04:05:59,540
FROV00001,FrozenEngine,955,05/28/2021, 06:15:57,540
FROV00001,FrozenEngine,955,05/28/2021, 07:53:14,540
FROV00001,FrozenEngine,955,05/28/2021, 08:43:01,540
FROV00001,FrozenEngine,955,05/28/2021, 09:36:35,540
FROV00001,FrozenEngine,955,05/28/2021, 10:40:34,540
FROV00001,FrozenEngine,955,05/28/2021, 11:40:02,540
FROV00001,FrozenEngine,955,05/28/2021, 12:40:30,540
FROV00001,FrozenEngine,955,05/28/2021, 13:56:24,540
FROV00001,FrozenEngine,955,05/28/2021, 14:35:03,540
FROV00001,FrozenEngine,955,05/28/2021, 15:20:10,540
FROV00001,FrozenEngine,955,05/28/2021, 16:51:15,540
FROV00001,FrozenEngine,955,05/28/2021, 18:43:21,540
FROV00001,FrozenEngine,955,05/28/2021, 20:07:45,540
FROV00001,FrozenEngine,955,05/28/2021, 21:21:32,540
FROV00001,FrozenEngine,955,05/28/2021, 22:23:54,540
FROV00001,FrozenEngine,955,05/28/2021, 23:28:01,540
FROV00001,FrozenEngine,955,05/29/2021, 01:14:11,540
FROV00001,FrozenEngine,955,05/29/2021, 04:36:25,540
FROV00001,FrozenEngine,955,05/29/2021, 06:44:47,540
FROV00001,FrozenEngine,955,05/29/2021, 08:19:45,540
FROV00001,FrozenEngine,955,05/29/2021, 09:47:25,540
FROV00001,FrozenEngine,955,05/29/2021, 10:43:13,540
FROV00001,FrozenEngine,955,05/29/2021, 11:39:18,540
FROV00001,FrozenEngine,955,05/29/2021, 12:39:19,540
FROV00001,FrozenEngine,955,05/29/2021, 14:06:55,540
FROV00001,FrozenEngine,955,05/29/2021, 15:21:41,540
FROV00001,FrozenEngine,955,05/29/2021, 16:56:14,540
FROV00001,FrozenEngine,955,05/29/2021, 18:49:12,540
FROV00001,FrozenEngine,955,05/29/2021, 20:13:29,540
FROV00001,FrozenEngine,955,05/29/2021, 21:25:57,540
FROV00001,FrozenEngine,955,05/29/2021, 22:26:08,540
FROV00001,FrozenEngine,955,05/29/2021, 23:28:26,540
FROV00001,FrozenEngine,955,05/30/2021, 01:22:21,540
FROV00001,FrozenEngine,955,05/30/2021, 04:40:08,540
FROV00001,FrozenEngine,955,05/30/2021, 06:38:38,540
FROV00001,FrozenEngine,955,05/30/2021, 08:06:21,540
FROV00001,FrozenEngine,955,05/30/2021, 09:39:07,540
FROV00001,FrozenEngine,955,05/30/2021, 10:41:55,540
FROV00001,FrozenEngine,955,05/30/2021, 11:40:50,540
FROV00001,FrozenEngine,955,05/30/2021, 12:40:37,540
FROV00001,FrozenEngine,955,05/30/2021, 14:05:48,540
FROV00001,FrozenEngine,955,05/30/2021, 15:21:55,540
FROV00001,FrozenEngine,955,05/30/2021, 16:55:26,540
FROV00001,FrozenEngine,955,05/30/2021, 18:44:44,540
FROV00001,FrozenEngine,955,05/30/2021, 20:11:59,540
FROV00001,FrozenEngine,955,05/30/2021, 21:28:04,540
FROV00001,FrozenEngine,955,05/30/2021, 22:28:22,540
FROV00001,FrozenEngine,955,05/30/2021, 23:32:20,540
FROV00001,FrozenEngine,955,05/31/2021, 01:35:32,540
FROV00001,FrozenEngine,955,05/31/2021, 04:47:57,540
FROV00001,FrozenEngine,955,05/31/2021, 06:47:12,540
FROV00001,FrozenEngine,955,05/31/2021, 08:31:55,540
FROV00001,FrozenEngine,955,05/31/2021, 09:56:57,540
FROV00001,FrozenEngine,955,05/31/2021, 10:55:53,540
FROV00001,FrozenEngine,955,05/31/2021, 11:56:50,540
FROV00001,FrozenEngine,955,05/31/2021, 12:55:42,540
FROV00001,FrozenEngine,955,05/31/2021, 14:08:52,540
FROV00001,FrozenEngine,955,05/31/2021, 15:29:10,540
FROV00001,FrozenEngine,955,05/31/2021, 17:13:16,540
FROV00001,FrozenEngine,955,05/31/2021, 19:37:20,540
FROV00001,FrozenEngine,955,05/31/2021, 21:06:51,540
FROV00001,FrozenEngine,955,05/31/2021, 22:38:50,540
FROV00001,FrozenEngine,955,05/31/2021, 23:40:42,540
FROV00001,FrozenEngine,955,06/01/2021, 01:52:29,540
FROV00001,FrozenEngine,955,06/01/2021, 05:21:42,540
FROV00001,FrozenEngine,955,06/01/2021, 07:43:36,540
FROV00001,FrozenEngine,955,06/01/2021, 09:15:32,540
FROV00001,FrozenEngine,955,06/01/2021, 10:54:55,540
FROV00001,FrozenEngine,955,06/01/2021, 11:52:11,540
FROV00001,FrozenEngine,955,06/01/2021, 12:56:26,540
FROV00001,FrozenEngine,955,06/01/2021, 14:25:14,540
FROV00001,FrozenEngine,955,06/01/2021, 15:43:48,540
FROV00001,FrozenEngine,955,06/01/2021, 17:36:56,540
FROV00001,FrozenEngine,955,06/01/2021, 20:23:25,540
FROV00001,FrozenEngine,955,06/01/2021, 22:11:11,540
FROV00001,FrozenEngine,955,06/01/2021, 23:45:12,540
FROV00001,FrozenEngine,955,06/02/2021, 02:00:15,540
FROV00001,FrozenEngine,955,06/02/2021, 05:24:22,540
FROV00001,FrozenEngine,955,06/02/2021, 07:46:55,540
FROV00001,FrozenEngine,955,06/02/2021, 09:49:56,540
FROV00001,FrozenEngine,955,06/02/2021, 11:19:09,540
FROV00001,FrozenEngine,955,06/02/2021, 12:56:59,540
FROV00001,FrozenEngine,955,06/02/2021, 14:40:29,540
FROV00001,FrozenEngine,955,06/02/2021, 15:56:56,540
FROV00001,FrozenEngine,955,06/02/2021, 17:53:24,540
FROV00001,FrozenEngine,955,06/02/2021, 20:21:21,540
FROV00001,FrozenEngine,955,06/02/2021, 22:09:46,540
FROV00001,FrozenEngine,955,06/02/2021, 23:43:08,540
FROV00001,FrozenEngine,955,06/03/2021, 01:39:27,540
FROV00001,FrozenEngine,955,06/03/2021, 04:48:19,540
FROV00001,FrozenEngine,955,06/03/2021, 06:46:43,540
FROV00001,FrozenEngine,955,06/03/2021, 08:24:35,540
FROV00001,FrozenEngine,955,06/03/2021, 09:55:46,540
FROV00001,FrozenEngine,955,06/03/2021, 10:52:29,540
FROV00001,FrozenEngine,955,06/03/2021, 11:53:37,540
FROV00001,FrozenEngine,955,06/03/2021, 12:40:52,540
FROV00001,FrozenEngine,955,06/03/2021, 14:03:39,540
FROV00001,FrozenEngine,955,06/03/2021, 15:28:30,540
FROV00001,FrozenEngine,955,06/03/2021, 17:19:52,540
FROV00001,FrozenEngine,955,06/03/2021, 19:45:27,540
FROV00001,FrozenEngine,955,06/03/2021, 21:11:19,540
FROV00001,FrozenEngine,955,06/03/2021, 22:45:28,540
FROV00001,FrozenEngine,955,06/03/2021, 23:49:14,540
FROV00001,FrozenEngine,955,06/04/2021, 01:24:36,540
FROV00001,FrozenEngine,955,06/04/2021, 04:06:49,540
FROV00001,FrozenEngine,955,06/04/2021, 06:47:36,540
FROV00001,FrozenEngine,955,06/04/2021, 08:49:07,540
FROV00001,FrozenEngine,955,06/04/2021, 10:17:58,540
FROV00001,FrozenEngine,955,06/04/2021, 12:05:46,540
FROV00001,FrozenEngine,955,06/04/2021, 14:19:19,540
FROV00001,FrozenEngine,955,06/04/2021, 15:41:27,540
FROV00001,FrozenEngine,955,06/04/2021, 17:21:13,540
FROV00001,FrozenEngine,955,06/04/2021, 19:33:41,540
FROV00001,FrozenEngine,955,06/04/2021, 21:03:13,540
FROV00001,FrozenEngine,955,06/04/2021, 22:36:05,540
FROV00001,FrozenEngine,955,06/04/2021, 23:37:28,540
FROV00001,FrozenEngine,955,06/05/2021, 01:05:25,540
FROV00001,FrozenEngine,955,06/05/2021, 03:35:01,540
FROV00001,FrozenEngine,955,06/05/2021, 05:11:33,540
FROV00001,FrozenEngine,955,06/05/2021, 06:47:51,540
FROV00001,FrozenEngine,955,06/05/2021, 07:49:52,540
FROV00001,FrozenEngine,955,06/05/2021, 08:39:30,540
FROV00001,FrozenEngine,955,06/05/2021, 09:37:29,540
FROV00001,FrozenEngine,955,06/05/2021, 10:42:24,540
FROV00001,FrozenEngine,956,06/05/2021, 11:40:55,540
FROV00001,FrozenEngine,956,06/05/2021, 12:40:31,540
FROV00001,FrozenEngine,956,06/05/2021, 14:01:01,540
FROV00001,FrozenEngine,957,06/05/2021, 15:19:47,540
FROV00001,FrozenEngine,957,06/05/2021, 16:48:23,540
FROV00001,FrozenEngine,957,06/05/2021, 18:20:03,540
FROV00001,FrozenEngine,957,06/05/2021, 19:52:52,540
FROV00001,FrozenEngine,957,06/05/2021, 20:24:40,540
FROV00001,FrozenEngine,957,06/05/2021, 21:18:44,540
FROV00001,FrozenEngine,957,06/05/2021, 22:21:44,540
FROV00001,FrozenEngine,957,06/05/2021, 23:24:23,540
FROV00001,FrozenEngine,957,06/06/2021, 00:57:37,540
FROV00001,FrozenEngine,957,06/06/2021, 03:04:04,540
FROV00001,FrozenEngine,957,06/06/2021, 05:04:54,540
FROV00001,FrozenEngine,957,06/06/2021, 06:41:26,540
FROV00001,FrozenEngine,957,06/06/2021, 07:52:34,540
FROV00001,FrozenEngine,957,06/06/2021, 08:42:58,540
FROV00001,FrozenEngine,957,06/06/2021, 09:38:17,540
FROV00001,FrozenEngine,957,06/06/2021, 10:41:00,540
FROV00001,FrozenEngine,957,06/06/2021, 11:40:19,540
FROV00001,FrozenEngine,957,06/06/2021, 12:40:43,540
FROV00001,FrozenEngine,957,06/06/2021, 14:03:17,540
FROV00001,FrozenEngine,957,06/06/2021, 15:20:02,540
FROV00001,FrozenEngine,957,06/06/2021, 16:44:38,540
FROV00001,FrozenEngine,957,06/06/2021, 18:17:24,540
FROV00001,FrozenEngine,957,06/06/2021, 19:54:41,540
FROV00001,FrozenEngine,957,06/06/2021, 20:27:16,540
FROV00001,FrozenEngine,957,06/06/2021, 21:19:33,540
FROV00001,FrozenEngine,957,06/06/2021, 22:21:11,540
FROV00001,FrozenEngine,957,06/06/2021, 23:23:59,540
FROV00001,FrozenEngine,957,06/07/2021, 00:58:47,540
FROV00001,FrozenEngine,957,06/07/2021, 03:17:57,540
FROV00001,FrozenEngine,957,06/07/2021, 05:30:51,540
FROV00001,FrozenEngine,957,06/07/2021, 07:29:10,540
FROV00001,FrozenEngine,957,06/07/2021, 09:19:49,540
FROV00001,FrozenEngine,957,06/07/2021, 10:59:24,540
FROV00001,FrozenEngine,957,06/07/2021, 11:56:35,540
FROV00001,FrozenEngine,957,06/07/2021, 13:03:02,540
FROV00001,FrozenEngine,957,06/07/2021, 14:31:06,540
FROV00001,FrozenEngine,957,06/07/2021, 15:39:49,540
FROV00001,FrozenEngine,957,06/07/2021, 17:13:00,540
FROV00001,FrozenEngine,958,06/07/2021, 19:42:42,540
FROV00001,FrozenEngine,958,06/07/2021, 21:10:52,540
FROV00001,FrozenEngine,958,06/07/2021, 22:37:04,540
FROV00001,FrozenEngine,958,06/07/2021, 23:33:17,540
FROV00001,FrozenEngine,958,06/08/2021, 00:57:32,540
FROV00001,FrozenEngine,958,06/08/2021, 02:51:42,540
FROV00001,FrozenEngine,958,06/08/2021, 04:00:06,540
FROV00001,FrozenEngine,958,06/08/2021, 05:07:26,540
FROV00001,FrozenEngine,958,06/08/2021, 06:27:02,540
FROV00001,FrozenEngine,958,06/08/2021, 07:26:45,540
FROV00001,FrozenEngine,958,06/08/2021, 08:17:22,540
FROV00001,FrozenEngine,958,06/08/2021, 09:19:54,540
FROV00001,FrozenEngine,958,06/08/2021, 11:14:24,540
FROV00001,FrozenEngine,958,06/08/2021, 12:21:55,540
FROV00001,FrozenEngine,958,06/08/2021, 13:30:28,540
FROV00001,FrozenEngine,958,06/08/2021, 14:17:41,540
FROV00001,FrozenEngine,958,06/08/2021, 15:16:36,540
FROV00001,FrozenEngine,958,06/08/2021, 16:31:55,540
FROV00001,FrozenEngine,958,06/08/2021, 17:51:09,540
FROV00001,FrozenEngine,958,06/08/2021, 18:38:07,540
FROV00001,FrozenEngine,958,06/08/2021, 19:35:11,540
FROV00001,FrozenEngine,958,06/08/2021, 20:17:39,540
FROV00001,FrozenEngine,958,06/08/2021, 21:11:07,540
FROV00001,FrozenEngine,958,06/08/2021, 22:12:00,540
FROV00001,FrozenEngine,958,06/08/2021, 23:12:24,540
FROV00001,FrozenEngine,958,06/09/2021, 00:39:37,540
FROV00001,FrozenEngine,958,06/09/2021, 02:17:55,540
FROV00001,FrozenEngine,958,06/09/2021, 03:36:06,540
FROV00001,FrozenEngine,958,06/09/2021, 04:33:36,540
FROV00001,FrozenEngine,958,06/09/2021, 05:35:32,540
FROV00001,FrozenEngine,958,06/09/2021, 06:22:53,540
FROV00001,FrozenEngine,958,06/09/2021, 07:24:03,540
FROV00001,FrozenEngine,958,06/09/2021, 08:12:46,540
FROV00001,FrozenEngine,958,06/09/2021, 09:15:51,540
FROV00001,FrozenEngine,958,06/09/2021, 10:13:06,540
FROV00001,FrozenEngine,958,06/09/2021, 11:11:01,540
FROV00001,FrozenEngine,959,06/09/2021, 12:17:13,540
FROV00001,FrozenEngine,959,06/09/2021, 13:27:47,540
FROV00001,FrozenEngine,959,06/09/2021, 14:18:58,540
FROV00001,FrozenEngine,959,06/09/2021, 15:14:49,540
FROV00001,FrozenEngine,959,06/09/2021, 16:29:49,540
FROV00001,FrozenEngine,959,06/09/2021, 17:40:38,540
FROV00001,FrozenEngine,959,06/09/2021, 18:30:54,540
FROV00001,FrozenEngine,959,06/09/2021, 19:24:27,540
FROV00001,FrozenEngine,959,06/09/2021, 20:10:54,540
FROV00001,FrozenEngine,959,06/09/2021, 21:10:23,540
FROV00001,FrozenEngine,959,06/09/2021, 22:11:52,540
FROV00001,FrozenEngine,959,06/09/2021, 23:12:17,540
FROV00001,FrozenEngine,959,06/10/2021, 00:37:54,540
FROV00001,FrozenEngine,959,06/10/2021, 02:14:18,540
FROV00001,FrozenEngine,959,06/10/2021, 03:29:18,540
FROV00001,FrozenEngine,959,06/10/2021, 04:28:10,540
FROV00001,FrozenEngine,959,06/10/2021, 05:30:17,540
FROV00001,FrozenEngine,959,06/10/2021, 06:18:39,540
FROV00001,FrozenEngine,959,06/10/2021, 07:20:44,540
FROV00001,FrozenEngine,959,06/10/2021, 08:17:50,540
FROV00001,FrozenEngine,959,06/10/2021, 09:16:07,540
FROV00001,FrozenEngine,959,06/10/2021, 10:17:50,540
FROV00001,FrozenEngine,959,06/10/2021, 11:10:23,540
FROV00001,FrozenEngine,959,06/10/2021, 12:21:44,540
FROV00001,FrozenEngine,959,06/10/2021, 13:29:50,540
FROV00001,FrozenEngine,959,06/10/2021, 14:14:03,540
FROV00001,FrozenEngine,959,06/10/2021, 15:17:49,540
FROV00001,FrozenEngine,959,06/10/2021, 16:25:20,540
FROV00001,FrozenEngine,959,06/10/2021, 17:41:28,540
FROV00001,FrozenEngine,959,06/10/2021, 18:29:28,540
FROV00001,FrozenEngine,959,06/10/2021, 19:21:40,540
FROV00001,FrozenEngine,959,06/10/2021, 20:11:08,540
FROV00001,FrozenEngine,959,06/10/2021, 21:10:37,540
FROV00001,FrozenEngine,959,06/10/2021, 22:11:15,540
FROV00001,FrozenEngine,959,06/10/2021, 23:11:19,540
FROV00001,FrozenEngine,959,06/11/2021, 00:35:35,540
FROV00001,FrozenEngine,959,06/11/2021, 02:02:37,540
FROV00001,FrozenEngine,959,06/11/2021, 03:19:53,540
FROV00001,FrozenEngine,959,06/11/2021, 04:15:27,540
FROV00001,FrozenEngine,959,06/11/2021, 05:17:23,540
FROV00001,FrozenEngine,959,06/11/2021, 06:13:20,540
FROV00001,FrozenEngine,959,06/11/2021, 07:14:30,540
FROV00001,FrozenEngine,959,06/11/2021, 08:14:22,540
FROV00001,FrozenEngine,959,06/11/2021, 09:15:48,540
FROV00001,FrozenEngine,959,06/11/2021, 10:13:23,540
FROV00001,FrozenEngine,959,06/11/2021, 11:09:30,540
FROV00001,FrozenEngine,959,06/11/2021, 12:15:22,540
FROV00001,FrozenEngine,959,06/11/2021, 13:22:46,540
FROV00001,FrozenEngine,959,06/11/2021, 14:11:04,540
FROV00001,FrozenEngine,959,06/11/2021, 15:16:51,540
FROV00001,FrozenEngine,959,06/11/2021, 16:20:44,540
FROV00001,FrozenEngine,959,06/11/2021, 17:28:27,540
FROV00001,FrozenEngine,959,06/11/2021, 18:15:03,540
FROV00001,FrozenEngine,959,06/11/2021, 19:10:25,540
FROV00001,FrozenEngine,959,06/11/2021, 20:10:42,540
FROV00001,FrozenEngine,959,06/11/2021, 21:09:52,540
FROV00001,FrozenEngine,959,06/11/2021, 22:11:34,540
FROV00001,FrozenEngine,959,06/11/2021, 23:11:21,540
FROV00001,FrozenEngine,959,06/12/2021, 00:31:00,540
FROV00001,FrozenEngine,959,06/12/2021, 01:52:23,540
FROV00001,FrozenEngine,959,06/12/2021, 02:29:41,540
FROV00001,FrozenEngine,959,06/12/2021, 03:13:40,540
FROV00001,FrozenEngine,959,06/12/2021, 04:13:24,540
FROV00001,FrozenEngine,959,06/12/2021, 05:13:57,540
FROV00001,FrozenEngine,959,06/12/2021, 06:12:51,540
FROV00001,FrozenEngine,959,06/12/2021, 07:13:12,540
FROV00001,FrozenEngine,959,06/12/2021, 08:11:35,540
FROV00001,FrozenEngine,959,06/12/2021, 09:10:34,540
FROV00001,FrozenEngine,959,06/12/2021, 10:11:49,540
FROV00001,FrozenEngine,959,06/12/2021, 11:09:34,540
FROV00001,FrozenEngine,959,06/12/2021, 12:15:04,540
FROV00001,FrozenEngine,959,06/12/2021, 13:21:23,540
FROV00001,FrozenEngine,959,06/12/2021, 14:09:50,540
FROV00001,FrozenEngine,959,06/12/2021, 15:11:55,540
FROV00001,FrozenEngine,959,06/12/2021, 16:18:46,540
FROV00001,FrozenEngine,959,06/12/2021, 17:25:30,540
FROV00001,FrozenEngine,959,06/12/2021, 18:12:25,540
FROV00001,FrozenEngine,959,06/12/2021, 19:11:50,540
FROV00001,FrozenEngine,959,06/12/2021, 20:11:21,540
FROV00001,FrozenEngine,959,06/12/2021, 21:09:53,540
FROV00001,FrozenEngine,960,06/12/2021, 22:10:42,540
FROV00001,FrozenEngine,960,06/12/2021, 23:10:48,540
FROV00001,FrozenEngine,960,06/13/2021, 00:37:05,540
FROV00001,FrozenEngine,960,06/13/2021, 01:59:52,540
FROV00001,FrozenEngine,960,06/13/2021, 02:41:31,540
FROV00001,FrozenEngine,960,06/13/2021, 03:14:24,540
FROV00001,FrozenEngine,960,06/13/2021, 04:13:26,540
FROV00001,FrozenEngine,960,06/13/2021, 05:14:05,540
FROV00001,FrozenEngine,960,06/13/2021, 06:13:06,540
FROV00001,FrozenEngine,960,06/13/2021, 07:13:29,540
FROV00001,FrozenEngine,960,06/13/2021, 08:11:38,540
FROV00001,FrozenEngine,960,06/13/2021, 09:10:53,540
FROV00001,FrozenEngine,960,06/13/2021, 10:12:08,540
FROV00001,FrozenEngine,960,06/13/2021, 11:09:22,540
FROV00001,FrozenEngine,960,06/13/2021, 12:15:32,540
FROV00001,FrozenEngine,960,06/13/2021, 13:22:31,540
FROV00001,FrozenEngine,960,06/13/2021, 14:09:50,540
FROV00001,FrozenEngine,960,06/13/2021, 15:11:43,540
FROV00001,FrozenEngine,960,06/13/2021, 16:18:52,540
FROV00001,FrozenEngine,960,06/13/2021, 17:25:28,540
FROV00001,FrozenEngine,960,06/13/2021, 18:12:19,540
FROV00001,FrozenEngine,960,06/13/2021, 19:11:26,540
FROV00001,FrozenEngine,961,06/13/2021, 20:10:38,540
FROV00001,FrozenEngine,961,06/13/2021, 21:10:04,540
FROV00001,FrozenEngine,961,06/13/2021, 22:10:51,540
FROV00001,FrozenEngine,961,06/13/2021, 23:11:07,540
FROV00001,FrozenEngine,961,06/14/2021, 00:33:24,540
FROV00001,FrozenEngine,961,06/14/2021, 01:59:09,540
FROV00001,FrozenEngine,961,06/14/2021, 02:41:43,540
FROV00001,FrozenEngine,961,06/14/2021, 03:15:13,540
FROV00001,FrozenEngine,961,06/14/2021, 04:14:19,540
FROV00001,FrozenEngine,961,06/14/2021, 05:15:15,540
FROV00001,FrozenEngine,961,06/14/2021, 06:13:34,540
FROV00001,FrozenEngine,961,06/14/2021, 07:15:54,540
FROV00001,FrozenEngine,961,06/14/2021, 08:17:03,540
FROV00001,FrozenEngine,961,06/14/2021, 09:15:52,540
FROV00001,FrozenEngine,961,06/14/2021, 10:16:53,540
FROV00001,FrozenEngine,961,06/14/2021, 11:09:42,540
FROV00001,FrozenEngine,961,06/14/2021, 12:16:05,540
FROV00001,FrozenEngine,961,06/14/2021, 13:27:53,540
FROV00001,FrozenEngine,961,06/14/2021, 14:14:58,540
FROV00001,FrozenEngine,961,06/14/2021, 15:16:52,540
FROV00001,FrozenEngine,961,06/14/2021, 16:19:57,540
FROV00001,FrozenEngine,961,06/14/2021, 17:26:47,540
FROV00001,FrozenEngine,961,06/14/2021, 18:13:23,540
FROV00001,FrozenEngine,961,06/14/2021, 19:10:26,540
FROV00001,FrozenEngine,961,06/14/2021, 20:11:03,540
FROV00001,FrozenEngine,961,06/14/2021, 21:10:13,540
FROV00001,FrozenEngine,961,06/14/2021, 22:12:13,540
FROV00001,FrozenEngine,961,06/14/2021, 23:11:27,540
FROV00001,FrozenEngine,961,06/15/2021, 00:35:00,540
FROV00001,FrozenEngine,961,06/15/2021, 02:06:40,540
FROV00001,FrozenEngine,961,06/15/2021, 03:16:25,540
FROV00001,FrozenEngine,961,06/15/2021, 04:14:23,540
FROV00001,FrozenEngine,961,06/15/2021, 05:15:04,540
FROV00001,FrozenEngine,961,06/15/2021, 06:13:25,540
FROV00001,FrozenEngine,961,06/15/2021, 07:19:34,540
FROV00001,FrozenEngine,961,06/15/2021, 08:17:00,540
FROV00001,FrozenEngine,961,06/15/2021, 09:18:02,540
FROV00001,FrozenEngine,961,06/15/2021, 10:16:15,540
FROV00001,FrozenEngine,961,06/15/2021, 11:09:34,540
FROV00001,FrozenEngine,961,06/15/2021, 12:20:50,540
FROV00001,FrozenEngine,961,06/15/2021, 13:23:16,540
FROV00001,FrozenEngine,961,06/15/2021, 14:10:18,540
FROV00001,FrozenEngine,961,06/15/2021, 15:15:08,540
FROV00001,FrozenEngine,961,06/15/2021, 16:20:57,540
FROV00001,FrozenEngine,961,06/15/2021, 17:30:37,540
FROV00001,FrozenEngine,961,06/15/2021, 18:15:49,540
FROV00001,FrozenEngine,961,06/15/2021, 19:11:47,540
FROV00001,FrozenEngine,961,06/15/2021, 20:11:07,540
FROV00001,FrozenEngine,961,06/15/2021, 21:10:01,540
FROV00001,FrozenEngine,961,06/15/2021, 22:11:16,540
FROV00001,FrozenEngine,961,06/15/2021, 23:11:14,540
FROV00001,FrozenEngine,961,06/16/2021, 00:35:44,540
FROV00001,FrozenEngine,961,06/16/2021, 02:00:27,540
FROV00001,FrozenEngine,961,06/16/2021, 02:42:43,540
FROV00001,FrozenEngine,961,06/16/2021, 03:14:51,540
FROV00001,FrozenEngine,961,06/16/2021, 04:14:03,540
FROV00001,FrozenEngine,961,06/16/2021, 05:15:07,540
FROV00001,FrozenEngine,961,06/16/2021, 06:13:34,540
FROV00001,FrozenEngine,961,06/16/2021, 07:15:18,540
FROV00001,FrozenEngine,961,06/16/2021, 08:12:12,540
FROV00001,FrozenEngine,961,06/16/2021, 09:11:14,540
FROV00001,FrozenEngine,961,06/16/2021, 10:12:29,540
FROV00001,FrozenEngine,961,06/16/2021, 11:09:40,540
FROV00001,FrozenEngine,961,06/16/2021, 12:16:31,540
FROV00001,FrozenEngine,961,06/16/2021, 13:24:08,540
FROV00001,FrozenEngine,961,06/16/2021, 14:12:34,540
FROV00001,FrozenEngine,961,06/16/2021, 15:16:16,540
FROV00001,FrozenEngine,961,06/16/2021, 16:20:02,540
FROV00001,FrozenEngine,961,06/16/2021, 17:28:48,540
FROV00001,FrozenEngine,961,06/16/2021, 18:14:45,540
FROV00001,FrozenEngine,961,06/16/2021, 19:11:55,540
FROV00001,FrozenEngine,961,06/16/2021, 20:11:14,540
FROV00001,FrozenEngine,961,06/16/2021, 21:10:07,540
FROV00001,FrozenEngine,961,06/16/2021, 22:11:01,540
FROV00001,FrozenEngine,961,06/16/2021, 23:11:23,540
FROV00001,FrozenEngine,961,06/17/2021, 00:34:02,540
FROV00001,FrozenEngine,961,06/17/2021, 01:56:43,540
FROV00001,FrozenEngine,961,06/17/2021, 02:33:31,540
FROV00001,FrozenEngine,961,06/17/2021, 03:13:43,540
FROV00001,FrozenEngine,961,06/17/2021, 04:13:48,540
FROV00001,FrozenEngine,961,06/17/2021, 05:14:49,540
FROV00001,FrozenEngine,961,06/17/2021, 06:13:51,540
FROV00001,FrozenEngine,961,06/17/2021, 07:15:49,540
FROV00001,FrozenEngine,961,06/17/2021, 08:16:56,540
FROV00001,FrozenEngine,961,06/17/2021, 09:17:07,540
FROV00001,FrozenEngine,961,06/17/2021, 10:16:50,540
FROV00001,FrozenEngine,961,06/17/2021, 11:12:02,540
FROV00001,FrozenEngine,962,06/17/2021, 12:20:55,540
FROV00001,FrozenEngine,962,06/17/2021, 13:27:54,540
FROV00001,FrozenEngine,962,06/17/2021, 14:10:33,540
FROV00001,FrozenEngine,962,06/17/2021, 15:18:04,540
FROV00001,FrozenEngine,962,06/17/2021, 16:20:45,540
FROV00001,FrozenEngine,962,06/17/2021, 17:28:50,540
FROV00001,FrozenEngine,962,06/17/2021, 18:14:47,540
FROV00001,FrozenEngine,962,06/17/2021, 19:11:39,540
FROV00001,FrozenEngine,962,06/17/2021, 20:11:28,540
FROV00001,FrozenEngine,962,06/17/2021, 21:10:12,540
FROV00001,FrozenEngine,962,06/17/2021, 22:11:29,540
FROV00001,FrozenEngine,962,06/17/2021, 23:11:39,540
FROV00001,FrozenEngine,962,06/18/2021, 00:34:32,540
FROV00001,FrozenEngine,962,06/18/2021, 02:04:07,540
FROV00001,FrozenEngine,962,06/18/2021, 03:14:42,540
FROV00001,FrozenEngine,962,06/18/2021, 04:13:47,540
FROV00001,FrozenEngine,962,06/18/2021, 05:14:21,540
FROV00001,FrozenEngine,962,06/18/2021, 06:13:31,540
FROV00001,FrozenEngine,962,06/18/2021, 07:15:00,540
FROV00001,FrozenEngine,962,06/18/2021, 08:12:47,540
FROV00001,FrozenEngine,962,06/18/2021, 09:15:50,540
FROV00001,FrozenEngine,962,06/18/2021, 10:13:27,540
FROV00001,FrozenEngine,962,06/18/2021, 11:09:36,540
FROV00001,FrozenEngine,962,06/18/2021, 12:19:32,540
FROV00001,FrozenEngine,962,06/18/2021, 13:24:15,540
FROV00001,FrozenEngine,962,06/18/2021, 14:14:55,540
FROV00001,FrozenEngine,962,06/18/2021, 15:13:59,540
FROV00001,FrozenEngine,962,06/18/2021, 16:19:16,540
FROV00001,FrozenEngine,962,06/18/2021, 17:27:19,540
FROV00001,FrozenEngine,962,06/18/2021, 18:13:05,540
FROV00001,FrozenEngine,962,06/18/2021, 19:10:17,540
FROV00001,FrozenEngine,962,06/18/2021, 20:11:20,540
FROV00001,FrozenEngine,962,06/18/2021, 21:10:31,540
FROV00001,FrozenEngine,962,06/18/2021, 22:11:04,540
FROV00001,FrozenEngine,962,06/18/2021, 23:11:27,540
FROV00001,FrozenEngine,962,06/19/2021, 00:34:28,540
FROV00001,FrozenEngine,962,06/19/2021, 02:02:27,540
FROV00001,FrozenEngine,962,06/19/2021, 03:13:37,540
FROV00001,FrozenEngine,962,06/19/2021, 04:13:34,540
FROV00001,FrozenEngine,962,06/19/2021, 05:14:01,540
FROV00001,FrozenEngine,962,06/19/2021, 06:13:17,540
FROV00001,FrozenEngine,962,06/19/2021, 07:13:54,540
FROV00001,FrozenEngine,962,06/19/2021, 08:11:46,540
FROV00001,FrozenEngine,962,06/19/2021, 09:10:43,540
FROV00001,FrozenEngine,962,06/19/2021, 10:12:03,540
FROV00001,FrozenEngine,962,06/19/2021, 11:09:28,540
FROV00001,FrozenEngine,962,06/19/2021, 12:15:17,540
FROV00001,FrozenEngine,962,06/19/2021, 13:21:33,540
FROV00001,FrozenEngine,962,06/19/2021, 14:09:46,540
FROV00001,FrozenEngine,962,06/19/2021, 15:11:36,540
FROV00001,FrozenEngine,962,06/19/2021, 16:17:39,540
FROV00001,FrozenEngine,962,06/19/2021, 17:26:41,540
FROV00001,FrozenEngine,962,06/19/2021, 18:12:09,540
FROV00001,FrozenEngine,962,06/19/2021, 19:08:31,540
FROV00001,FrozenEngine,962,06/19/2021, 20:10:59,540
FROV00001,FrozenEngine,962,06/19/2021, 21:09:51,540
FROV00001,FrozenEngine,962,06/19/2021, 22:10:33,540
FROV00001,FrozenEngine,962,06/19/2021, 23:11:04,540
FROV00001,FrozenEngine,962,06/20/2021, 00:36:55,540
FROV00001,FrozenEngine,962,06/20/2021, 02:05:28,540
FROV00001,FrozenEngine,962,06/20/2021, 03:14:02,540
FROV00001,FrozenEngine,962,06/20/2021, 04:13:32,540
FROV00001,FrozenEngine,962,06/20/2021, 05:13:25,540
FROV00001,FrozenEngine,962,06/20/2021, 06:12:53,540
FROV00001,FrozenEngine,962,06/20/2021, 07:13:29,540
FROV00001,FrozenEngine,962,06/20/2021, 08:11:41,540
FROV00001,FrozenEngine,962,06/20/2021, 09:10:43,540
FROV00001,FrozenEngine,962,06/20/2021, 10:11:53,540
FROV00001,FrozenEngine,962,06/20/2021, 11:09:07,540
FROV00001,FrozenEngine,962,06/20/2021, 12:15:29,540
FROV00001,FrozenEngine,962,06/20/2021, 13:21:43,540
FROV00001,FrozenEngine,962,06/20/2021, 14:09:53,540
FROV00001,FrozenEngine,962,06/20/2021, 15:11:53,540
FROV00001,FrozenEngine,962,06/20/2021, 16:17:35,540
FROV00001,FrozenEngine,962,06/20/2021, 17:23:59,540
FROV00001,FrozenEngine,962,06/20/2021, 18:12:03,540
FROV00001,FrozenEngine,962,06/20/2021, 19:08:31,540
FROV00001,FrozenEngine,962,06/20/2021, 20:10:44,540
FROV00001,FrozenEngine,962,06/20/2021, 21:09:44,540
FROV00001,FrozenEngine,962,06/20/2021, 22:10:43,540
FROV00001,FrozenEngine,962,06/20/2021, 23:10:55,540
FROV00001,FrozenEngine,962,06/21/2021, 00:36:40,540
FROV00001,FrozenEngine,962,06/21/2021, 02:05:07,540
FROV00001,FrozenEngine,962,06/21/2021, 03:13:59,540
FROV00001,FrozenEngine,962,06/21/2021, 04:13:40,540
FROV00001,FrozenEngine,962,06/21/2021, 05:13:45,540
FROV00001,FrozenEngine,962,06/21/2021, 06:13:33,540
FROV00001,FrozenEngine,962,06/21/2021, 07:26:35,540
FROV00001,FrozenEngine,962,06/21/2021, 08:21:13,540
FROV00001,FrozenEngine,962,06/21/2021, 09:16:25,540
FROV00001,FrozenEngine,962,06/21/2021, 10:16:26,540
FROV00001,FrozenEngine,962,06/21/2021, 11:13:51,540
FROV00001,FrozenEngine,962,06/21/2021, 12:16:41,540
FROV00001,FrozenEngine,962,06/21/2021, 13:27:57,540
FROV00001,FrozenEngine,962,06/21/2021, 14:15:56,540
FROV00001,FrozenEngine,962,06/21/2021, 15:17:08,540
FROV00001,FrozenEngine,962,06/21/2021, 16:21:16,540
FROV00001,FrozenEngine,962,06/21/2021, 17:25:39,540
FROV00001,FrozenEngine,962,06/21/2021, 18:12:35,540
FROV00001,FrozenEngine,962,06/21/2021, 19:09:40,540
FROV00001,FrozenEngine,962,06/21/2021, 20:11:03,540
FROV00001,FrozenEngine,962,06/21/2021, 21:10:34,540
FROV00001,FrozenEngine,962,06/21/2021, 22:11:05,540
FROV00001,FrozenEngine,962,06/21/2021, 23:11:26,540
FROV00001,FrozenEngine,962,06/22/2021, 00:33:03,540
FROV00001,FrozenEngine,962,06/22/2021, 01:54:45,540
FROV00001,FrozenEngine,962,06/22/2021, 02:30:04,540
FROV00001,FrozenEngine,962,06/22/2021, 03:11:26,540
FROV00001,FrozenEngine,962,06/22/2021, 04:14:03,540
FROV00001,FrozenEngine,962,06/22/2021, 05:13:50,540
FROV00001,FrozenEngine,962,06/22/2021, 06:13:27,540
FROV00001,FrozenEngine,962,06/22/2021, 07:14:17,540
FROV00001,FrozenEngine,962,06/22/2021, 08:12:26,540
FROV00001,FrozenEngine,962,06/22/2021, 09:15:54,540
FROV00001,FrozenEngine,962,06/22/2021, 10:16:51,540
FROV00001,FrozenEngine,962,06/22/2021, 11:09:28,540
FROV00001,FrozenEngine,962,06/22/2021, 12:16:32,540
FROV00001,FrozenEngine,962,06/22/2021, 13:22:47,540
FROV00001,FrozenEngine,962,06/22/2021, 14:10:34,540
FROV00001,FrozenEngine,962,06/22/2021, 15:13:42,540
FROV00001,FrozenEngine,962,06/22/2021, 16:19:49,540
FROV00001,FrozenEngine,962,06/22/2021, 17:25:31,540
FROV00001,FrozenEngine,962,06/22/2021, 18:12:08,540
FROV00001,FrozenEngine,962,06/22/2021, 19:09:37,540
FROV00001,FrozenEngine,962,06/22/2021, 20:11:09,540
FROV00001,FrozenEngine,962,06/22/2021, 21:09:46,540
FROV00001,FrozenEngine,962,06/22/2021, 22:11:32,540
FROV00001,FrozenEngine,962,06/22/2021, 23:10:41,540
FROV00001,FrozenEngine,962,06/23/2021, 00:33:14,540
FROV00001,FrozenEngine,962,06/23/2021, 01:45:42,540
FROV00001,FrozenEngine,962,06/23/2021, 02:22:33,540
FROV00001,FrozenEngine,962,06/23/2021, 03:10:47,540
FROV00001,FrozenEngine,962,06/23/2021, 04:12:50,540
FROV00001,FrozenEngine,962,06/23/2021, 05:09:14,540
FROV00001,FrozenEngine,962,06/23/2021, 06:12:28,540
FROV00001,FrozenEngine,962,06/23/2021, 07:09:29,540
FROV00001,FrozenEngine,962,06/23/2021, 08:12:12,540
FROV00001,FrozenEngine,962,06/23/2021, 09:14:49,540
FROV00001,FrozenEngine,962,06/23/2021, 10:15:49,540
FROV00001,FrozenEngine,962,06/23/2021, 11:09:59,540
FROV00001,FrozenEngine,962,06/23/2021, 12:13:02,540
FROV00001,FrozenEngine,962,06/23/2021, 13:17:37,540
FROV00001,FrozenEngine,962,06/23/2021, 14:11:56,540
FROV00001,FrozenEngine,962,06/23/2021, 15:11:56,540
FROV00001,FrozenEngine,962,06/23/2021, 16:17:28,540
FROV00001,FrozenEngine,962,06/23/2021, 17:15:38,540
FROV00001,FrozenEngine,962,06/23/2021, 18:15:45,540
FROV00001,FrozenEngine,962,06/23/2021, 19:08:16,540
FROV00001,FrozenEngine,962,06/23/2021, 20:10:23,540
FROV00001,FrozenEngine,962,06/23/2021, 21:09:28,540
FROV00001,FrozenEngine,962,06/23/2021, 22:10:04,540
FROV00001,FrozenEngine,962,06/23/2021, 23:10:32,540
FROV00001,FrozenEngine,963,06/24/2021, 00:48:23,540
FROV00001,FrozenEngine,963,06/24/2021, 01:49:49,540
FROV00001,FrozenEngine,963,06/24/2021, 02:21:06,540
FROV00001,FrozenEngine,963,06/24/2021, 03:13:20,540
FROV00001,FrozenEngine,963,06/24/2021, 04:15:19,540
FROV00001,FrozenEngine,963,06/24/2021, 05:10:10,540
FROV00001,FrozenEngine,963,06/24/2021, 06:14:20,540
FROV00001,FrozenEngine,963,06/24/2021, 07:10:23,540
FROV00001,FrozenEngine,963,06/24/2021, 08:16:15,540
FROV00001,FrozenEngine,963,06/24/2021, 09:15:48,540
FROV00001,FrozenEngine,963,06/24/2021, 10:16:50,540
FROV00001,FrozenEngine,963,06/24/2021, 11:09:02,540
FROV00001,FrozenEngine,963,06/24/2021, 12:17:16,540
FROV00001,FrozenEngine,963,06/24/2021, 13:22:49,540
FROV00001,FrozenEngine,963,06/24/2021, 14:14:55,540
FROV00001,FrozenEngine,963,06/24/2021, 15:17:55,540
FROV00001,FrozenEngine,963,06/24/2021, 16:18:06,540
FROV00001,FrozenEngine,963,06/24/2021, 17:18:43,540
FROV00001,FrozenEngine,963,06/24/2021, 18:14:08,540
FROV00001,FrozenEngine,963,06/24/2021, 19:09:04,540
FROV00001,FrozenEngine,963,06/24/2021, 20:09:48,540
FROV00001,FrozenEngine,963,06/24/2021, 21:11:14,540
FROV00001,FrozenEngine,963,06/24/2021, 22:11:05,540
FROV00001,FrozenEngine,963,06/24/2021, 23:11:18,540
FROV00001,FrozenEngine,963,06/25/2021, 00:37:49,540
FROV00001,FrozenEngine,963,06/25/2021, 01:58:16,540
FROV00001,FrozenEngine,963,06/25/2021, 02:31:25,540
FROV00001,FrozenEngine,963,06/25/2021, 03:12:23,540
FROV00001,FrozenEngine,963,06/25/2021, 04:13:45,540
FROV00001,FrozenEngine,963,06/25/2021, 05:09:27,540
FROV00001,FrozenEngine,963,06/25/2021, 06:14:00,540
FROV00001,FrozenEngine,963,06/25/2021, 07:08:44,540
FROV00001,FrozenEngine,963,06/25/2021, 08:12:12,540
FROV00001,FrozenEngine,963,06/25/2021, 09:14:29,540
FROV00001,FrozenEngine,963,06/25/2021, 10:11:57,540
FROV00001,FrozenEngine,963,06/25/2021, 11:09:21,540
FROV00001,FrozenEngine,963,06/25/2021, 12:16:14,540
FROV00001,FrozenEngine,963,06/25/2021, 13:18:22,540
FROV00001,FrozenEngine,963,06/25/2021, 14:14:56,540
FROV00001,FrozenEngine,963,06/25/2021, 15:12:35,540
FROV00001,FrozenEngine,963,06/25/2021, 16:16:35,540
FROV00001,FrozenEngine,963,06/25/2021, 17:20:28,540
FROV00001,FrozenEngine,963,06/25/2021, 18:12:42,540
FROV00001,FrozenEngine,963,06/25/2021, 19:08:45,540
FROV00001,FrozenEngine,963,06/25/2021, 20:11:11,540
FROV00001,FrozenEngine,963,06/25/2021, 21:10:23,540
FROV00001,FrozenEngine,963,06/25/2021, 22:10:53,540
FROV00001,FrozenEngine,963,06/25/2021, 23:11:00,540
FROV00001,FrozenEngine,963,06/26/2021, 00:33:27,540
FROV00001,FrozenEngine,963,06/26/2021, 01:49:52,540
FROV00001,FrozenEngine,963,06/26/2021, 02:22:50,540
FROV00001,FrozenEngine,963,06/26/2021, 03:12:20,540
FROV00001,FrozenEngine,963,06/26/2021, 04:13:42,540
FROV00001,FrozenEngine,963,06/26/2021, 05:09:12,540
FROV00001,FrozenEngine,963,06/26/2021, 06:13:26,540
FROV00001,FrozenEngine,964,06/26/2021, 07:09:41,540
FROV00001,FrozenEngine,964,06/26/2021, 08:11:46,540
FROV00001,FrozenEngine,964,06/26/2021, 09:11:17,540
FROV00001,FrozenEngine,964,06/26/2021, 10:11:42,540
FROV00001,FrozenEngine,964,06/26/2021, 11:09:00,540
FROV00001,FrozenEngine,964,06/26/2021, 12:15:33,540
FROV00001,FrozenEngine,964,06/26/2021, 13:16:22,540
FROV00001,FrozenEngine,964,06/26/2021, 14:09:29,540
FROV00001,FrozenEngine,964,06/26/2021, 15:12:06,540
FROV00001,FrozenEngine,964,06/26/2021, 16:15:38,540
FROV00001,FrozenEngine,964,06/26/2021, 17:16:47,540
FROV00001,FrozenEngine,964,06/26/2021, 18:12:47,540
FROV00001,FrozenEngine,964,06/26/2021, 19:08:30,540
FROV00001,FrozenEngine,964,06/26/2021, 20:10:21,540
FROV00001,FrozenEngine,964,06/26/2021, 21:10:24,540
FROV00001,FrozenEngine,964,06/26/2021, 22:10:15,540
FROV00001,FrozenEngine,964,06/26/2021, 23:10:37,540
FROV00001,FrozenEngine,964,06/27/2021, 00:39:07,540
FROV00001,FrozenEngine,964,06/27/2021, 01:59:46,540
FROV00001,FrozenEngine,964,06/27/2021, 02:34:13,540
FROV00001,FrozenEngine,964,06/27/2021, 03:12:12,540
FROV00001,FrozenEngine,964,06/27/2021, 04:13:34,540
FROV00001,FrozenEngine,964,06/27/2021, 05:09:23,540
FROV00001,FrozenEngine,964,06/27/2021, 06:13:20,540
FROV00001,FrozenEngine,964,06/27/2021, 07:09:45,540
FROV00001,FrozenEngine,964,06/27/2021, 08:11:58,540
FROV00001,FrozenEngine,964,06/27/2021, 09:11:35,540
FROV00001,FrozenEngine,964,06/27/2021, 10:11:24,540
FROV00001,FrozenEngine,964,06/27/2021, 11:08:59,540
FROV00001,FrozenEngine,964,06/27/2021, 12:16:03,540
FROV00001,FrozenEngine,964,06/27/2021, 13:16:30,540
FROV00001,FrozenEngine,964,06/27/2021, 14:09:45,540
FROV00001,FrozenEngine,964,06/27/2021, 15:12:08,540
FROV00001,FrozenEngine,964,06/27/2021, 16:15:33,540
FROV00001,FrozenEngine,964,06/27/2021, 17:16:37,540
FROV00001,FrozenEngine,964,06/27/2021, 18:12:39,540
FROV00001,FrozenEngine,964,06/27/2021, 19:08:33,540
FROV00001,FrozenEngine,964,06/27/2021, 20:10:27,540
FROV00001,FrozenEngine,964,06/27/2021, 21:10:20,540
FROV00001,FrozenEngine,964,06/27/2021, 22:10:10,540
FROV00001,FrozenEngine,964,06/27/2021, 23:11:10,540
FROV00001,FrozenEngine,964,06/28/2021, 00:37:28,540
FROV00001,FrozenEngine,964,06/28/2021, 01:55:24,540
FROV00001,FrozenEngine,964,06/28/2021, 02:27:54,540
FROV00001,FrozenEngine,964,06/28/2021, 03:12:40,540
FROV00001,FrozenEngine,964,06/28/2021, 04:14:01,540
FROV00001,FrozenEngine,964,06/28/2021, 05:09:39,540
FROV00001,FrozenEngine,964,06/28/2021, 06:14:11,540
FROV00001,FrozenEngine,964,06/28/2021, 07:09:54,540
FROV00001,FrozenEngine,964,06/28/2021, 08:16:51,540
FROV00001,FrozenEngine,964,06/28/2021, 09:16:52,540
FROV00001,FrozenEngine,964,06/28/2021, 10:16:55,540
FROV00001,FrozenEngine,964,06/28/2021, 11:13:49,540
FROV00001,FrozenEngine,964,06/28/2021, 12:22:01,540
FROV00001,FrozenEngine,964,06/28/2021, 13:24:03,540
FROV00001,FrozenEngine,964,06/28/2021, 14:14:50,540
FROV00001,FrozenEngine,964,06/28/2021, 15:16:54,540
FROV00001,FrozenEngine,964,06/28/2021, 16:20:29,540
FROV00001,FrozenEngine,964,06/28/2021, 17:44:19,540
FROV00001,FrozenEngine,964,06/28/2021, 18:27:09,540
FROV00001,FrozenEngine,964,06/28/2021, 19:14:52,540
FROV00001,FrozenEngine,964,06/28/2021, 20:10:57,540
FROV00001,FrozenEngine,964,06/28/2021, 21:10:28,540
FROV00001,FrozenEngine,964,06/28/2021, 22:10:41,540
FROV00001,FrozenEngine,964,06/28/2021, 23:11:03,540
FROV00001,FrozenEngine,964,06/29/2021, 00:34:57,540
FROV00001,FrozenEngine,964,06/29/2021, 01:52:38,540
FROV00001,FrozenEngine,964,06/29/2021, 02:25:14,540
FROV00001,FrozenEngine,964,06/29/2021, 03:12:47,540
FROV00001,FrozenEngine,964,06/29/2021, 04:13:48,540
FROV00001,FrozenEngine,964,06/29/2021, 05:09:41,540
FROV00001,FrozenEngine,964,06/29/2021, 06:13:59,540
FROV00001,FrozenEngine,964,06/29/2021, 07:09:39,540
FROV00001,FrozenEngine,964,06/29/2021, 08:16:56,540
FROV00001,FrozenEngine,964,06/29/2021, 09:17:10,540
FROV00001,FrozenEngine,964,06/29/2021, 10:17:00,540
FROV00001,FrozenEngine,964,06/29/2021, 11:09:41,540
FROV00001,FrozenEngine,964,06/29/2021, 12:21:57,540
FROV00001,FrozenEngine,964,06/29/2021, 13:18:17,540
FROV00001,FrozenEngine,964,06/29/2021, 14:14:56,540
FROV00001,FrozenEngine,964,06/29/2021, 15:16:03,540
FROV00001,FrozenEngine,964,06/29/2021, 16:19:27,540
FROV00001,FrozenEngine,964,06/29/2021, 17:23:46,540
FROV00001,FrozenEngine,964,06/29/2021, 18:14:29,540
FROV00001,FrozenEngine,964,06/29/2021, 19:09:41,540
FROV00001,FrozenEngine,964,06/29/2021, 20:10:51,540
FROV00001,FrozenEngine,964,06/29/2021, 21:11:11,540
FROV00001,FrozenEngine,964,06/29/2021, 22:10:50,540
FROV00001,FrozenEngine,964,06/29/2021, 23:11:09,540
FROV00001,FrozenEngine,964,06/30/2021, 00:38:19,540
FROV00001,FrozenEngine,964,06/30/2021, 01:58:21,540
FROV00001,FrozenEngine,964,06/30/2021, 02:31:24,540
FROV00001,FrozenEngine,964,06/30/2021, 03:12:28,540
FROV00001,FrozenEngine,964,06/30/2021, 04:13:57,540
FROV00001,FrozenEngine,964,06/30/2021, 05:09:34,540
FROV00001,FrozenEngine,964,06/30/2021, 06:18:09,540
FROV00001,FrozenEngine,964,06/30/2021, 07:10:02,540
FROV00001,FrozenEngine,964,06/30/2021, 08:16:50,540
FROV00001,FrozenEngine,964,06/30/2021, 09:16:53,540
FROV00001,FrozenEngine,964,06/30/2021, 10:16:48,540
FROV00001,FrozenEngine,964,06/30/2021, 11:13:56,540
FROV00001,FrozenEngine,964,06/30/2021, 12:20:53,540
FROV00001,FrozenEngine,964,06/30/2021, 13:22:49,540
FROV00001,FrozenEngine,964,06/30/2021, 14:15:18,540
FROV00001,FrozenEngine,964,06/30/2021, 15:16:49,540
FROV00001,FrozenEngine,964,06/30/2021, 16:20:48,540
FROV00001,FrozenEngine,964,06/30/2021, 17:23:26,540
FROV00001,FrozenEngine,964,06/30/2021, 18:17:49,540
FROV00001,FrozenEngine,964,06/30/2021, 19:08:57,540
FROV00001,FrozenEngine,964,06/30/2021, 20:15:46,540
FROV00001,FrozenEngine,964,06/30/2021, 21:10:27,540
FROV00001,FrozenEngine,964,06/30/2021, 22:10:37,540
FROV00001,FrozenEngine,964,06/30/2021, 23:10:15,540
FROV00001,FrozenEngine,964,07/01/2021, 00:37:07,540
FROV00001,FrozenEngine,964,07/01/2021, 01:57:07,540
FROV00001,FrozenEngine,964,07/01/2021, 02:27:08,540
FROV00001,FrozenEngine,964,07/01/2021, 03:12:27,540
FROV00001,FrozenEngine,964,07/01/2021, 04:13:46,540
FROV00001,FrozenEngine,964,07/01/2021, 05:09:40,540
FROV00001,FrozenEngine,964,07/01/2021, 06:13:45,540
FROV00001,FrozenEngine,964,07/01/2021, 07:12:55,540
FROV00001,FrozenEngine,964,07/01/2021, 08:16:53,540
FROV00001,FrozenEngine,964,07/01/2021, 09:16:46,540
FROV00001,FrozenEngine,964,07/01/2021, 10:16:53,540
FROV00001,FrozenEngine,964,07/01/2021, 11:14:06,540
FROV00001,FrozenEngine,964,07/01/2021, 12:21:48,540
FROV00001,FrozenEngine,964,07/01/2021, 13:21:54,540
FROV00001,FrozenEngine,964,07/01/2021, 14:14:48,540
FROV00001,FrozenEngine,964,07/01/2021, 15:16:55,540
FROV00001,FrozenEngine,964,07/01/2021, 16:20:54,540
FROV00001,FrozenEngine,964,07/01/2021, 17:19:51,540
FROV00001,FrozenEngine,964,07/01/2021, 18:13:19,540
FROV00001,FrozenEngine,964,07/01/2021, 19:10:51,540
FROV00001,FrozenEngine,965,07/01/2021, 20:12:07,540
FROV00001,FrozenEngine,965,07/01/2021, 21:10:36,540
FROV00001,FrozenEngine,965,07/01/2021, 22:10:50,540
FROV00001,FrozenEngine,965,07/01/2021, 23:11:40,540
FROV00001,FrozenEngine,965,07/02/2021, 00:34:32,540
FROV00001,FrozenEngine,965,07/02/2021, 01:55:39,540
FROV00001,FrozenEngine,965,07/02/2021, 02:24:01,540
FROV00001,FrozenEngine,965,07/02/2021, 03:12:27,540
FROV00001,FrozenEngine,965,07/02/2021, 04:13:46,540
FROV00001,FrozenEngine,965,07/02/2021, 05:09:37,540
FROV00001,FrozenEngine,965,07/02/2021, 06:12:04,540
FROV00001,FrozenEngine,965,07/02/2021, 07:11:19,540
FROV00001,FrozenEngine,965,07/02/2021, 08:12:47,540
FROV00001,FrozenEngine,965,07/02/2021, 09:15:57,540
FROV00001,FrozenEngine,965,07/02/2021, 10:11:53,540
FROV00001,FrozenEngine,965,07/02/2021, 11:09:13,540
FROV00001,FrozenEngine,965,07/02/2021, 12:16:51,540
FROV00001,FrozenEngine,965,07/02/2021, 13:16:59,540
FROV00001,FrozenEngine,965,07/02/2021, 14:14:53,540
FROV00001,FrozenEngine,965,07/02/2021, 15:17:56,540
FROV00001,FrozenEngine,965,07/02/2021, 16:18:04,540
FROV00001,FrozenEngine,965,07/02/2021, 17:19:25,540
FROV00001,FrozenEngine,965,07/02/2021, 18:11:37,540
FROV00001,FrozenEngine,965,07/02/2021, 19:10:03,540
FROV00001,FrozenEngine,965,07/02/2021, 20:11:18,540
FROV00001,FrozenEngine,965,07/02/2021, 21:10:07,540
FROV00001,FrozenEngine,965,07/02/2021, 22:12:46,540
FROV00001,FrozenEngine,965,07/02/2021, 23:10:36,540
FROV00001,FrozenEngine,965,07/03/2021, 00:35:12,540
FROV00001,FrozenEngine,965,07/03/2021, 01:48:41,540
FROV00001,FrozenEngine,965,07/03/2021, 02:18:41,540
FROV00001,FrozenEngine,965,07/03/2021, 03:11:54,540
FROV00001,FrozenEngine,965,07/03/2021, 04:13:25,540
FROV00001,FrozenEngine,965,07/03/2021, 05:09:25,540
FROV00001,FrozenEngine,965,07/03/2021, 06:13:03,540
FROV00001,FrozenEngine,965,07/03/2021, 07:09:54,540
FROV00001,FrozenEngine,965,07/03/2021, 08:11:44,540
FROV00001,FrozenEngine,965,07/03/2021, 09:11:09,540
FROV00001,FrozenEngine,965,07/03/2021, 10:11:21,540
FROV00001,FrozenEngine,965,07/03/2021, 11:08:55,540
FROV00001,FrozenEngine,965,07/03/2021, 12:15:51,540
FROV00001,FrozenEngine,965,07/03/2021, 13:14:31,540
FROV00001,FrozenEngine,965,07/03/2021, 14:09:20,540
FROV00001,FrozenEngine,965,07/03/2021, 15:11:50,540
FROV00001,FrozenEngine,965,07/03/2021, 16:15:24,540
FROV00001,FrozenEngine,965,07/03/2021, 17:15:49,540
FROV00001,FrozenEngine,965,07/03/2021, 18:12:23,540
FROV00001,FrozenEngine,966,07/03/2021, 19:08:34,540
FROV00001,FrozenEngine,966,07/03/2021, 20:10:29,540
FROV00001,FrozenEngine,966,07/03/2021, 21:10:09,540
FROV00001,FrozenEngine,966,07/03/2021, 22:10:22,540
FROV00001,FrozenEngine,966,07/03/2021, 23:10:11,540
FROV00001,FrozenEngine,966,07/04/2021, 00:35:51,540
FROV00001,FrozenEngine,966,07/04/2021, 01:52:44,540
FROV00001,FrozenEngine,966,07/04/2021, 02:21:15,540
FROV00001,FrozenEngine,966,07/04/2021, 03:12:12,540
FROV00001,FrozenEngine,966,07/04/2021, 04:13:47,540
FROV00001,FrozenEngine,966,07/04/2021, 05:09:18,540
FROV00001,FrozenEngine,966,07/04/2021, 06:13:21,540
FROV00001,FrozenEngine,966,07/04/2021, 07:09:57,540
FROV00001,FrozenEngine,966,07/04/2021, 08:11:28,540
FROV00001,FrozenEngine,966,07/04/2021, 09:11:07,540
FROV00001,FrozenEngine,966,07/04/2021, 10:11:35,540
FROV00001,FrozenEngine,967,07/04/2021, 11:08:47,540
FROV00001,FrozenEngine,967,07/04/2021, 12:15:57,540
FROV00001,FrozenEngine,967,07/04/2021, 13:14:43,540
FROV00001,FrozenEngine,967,07/04/2021, 14:09:26,540
FROV00001,FrozenEngine,967,07/04/2021, 15:11:51,540
FROV00001,FrozenEngine,967,07/04/2021, 16:15:22,540
FROV00001,FrozenEngine,967,07/04/2021, 17:15:46,540
FROV00001,FrozenEngine,967,07/04/2021, 18:12:36,540
FROV00001,FrozenEngine,967,07/04/2021, 19:08:29,540
FROV00001,FrozenEngine,967,07/04/2021, 20:10:34,540
FROV00001,FrozenEngine,967,07/04/2021, 21:10:05,540
FROV00001,FrozenEngine,967,07/04/2021, 22:10:23,540
FROV00001,FrozenEngine,967,07/04/2021, 23:10:47,540
FROV00001,FrozenEngine,967,07/05/2021, 00:33:05,540
FROV00001,FrozenEngine,967,07/05/2021, 01:52:42,540
FROV00001,FrozenEngine,967,07/05/2021, 02:22:00,540
FROV00001,FrozenEngine,967,07/05/2021, 03:12:25,540
FROV00001,FrozenEngine,967,07/05/2021, 04:13:46,540
FROV00001,FrozenEngine,967,07/05/2021, 05:09:37,540
FROV00001,FrozenEngine,967,07/05/2021, 06:13:39,540
FROV00001,FrozenEngine,967,07/05/2021, 07:10:07,540
FROV00001,FrozenEngine,967,07/05/2021, 08:17:50,540
FROV00001,FrozenEngine,967,07/05/2021, 09:16:56,540
FROV00001,FrozenEngine,967,07/05/2021, 10:16:54,540
FROV00001,FrozenEngine,967,07/05/2021, 11:12:01,540
FROV00001,FrozenEngine,967,07/05/2021, 12:19:13,540
FROV00001,FrozenEngine,967,07/05/2021, 13:21:52,540
FROV00001,FrozenEngine,967,07/05/2021, 14:14:56,540
FROV00001,FrozenEngine,967,07/05/2021, 15:16:46,540
FROV00001,FrozenEngine,967,07/05/2021, 16:16:13,540
FROV00001,FrozenEngine,967,07/05/2021, 17:17:24,540
FROV00001,FrozenEngine,967,07/05/2021, 18:12:52,540
FROV00001,FrozenEngine,967,07/05/2021, 19:08:42,540
FROV00001,FrozenEngine,967,07/05/2021, 20:10:58,540
FROV00001,FrozenEngine,967,07/05/2021, 21:10:31,540
FROV00001,FrozenEngine,967,07/05/2021, 22:10:36,540
FROV00001,FrozenEngine,967,07/05/2021, 23:11:04,540
FROV00001,FrozenEngine,967,07/06/2021, 00:37:17,540
FROV00001,FrozenEngine,967,07/06/2021, 01:55:54,540
FROV00001,FrozenEngine,967,07/06/2021, 02:23:43,540
FROV00001,FrozenEngine,967,07/06/2021, 03:12:31,540
FROV00001,FrozenEngine,967,07/06/2021, 04:13:34,540
FROV00001,FrozenEngine,967,07/06/2021, 05:09:28,540
FROV00001,FrozenEngine,967,07/06/2021, 06:13:57,540
FROV00001,FrozenEngine,967,07/06/2021, 07:14:46,540
FROV00001,FrozenEngine,967,07/06/2021, 08:12:44,540
FROV00001,FrozenEngine,967,07/06/2021, 09:15:52,540
FROV00001,FrozenEngine,967,07/06/2021, 10:16:15,540
FROV00001,FrozenEngine,967,07/06/2021, 11:09:09,540
FROV00001,FrozenEngine,967,07/06/2021, 12:20:56,540
FROV00001,FrozenEngine,967,07/06/2021, 13:21:50,540
FROV00001,FrozenEngine,967,07/06/2021, 14:09:57,540
FROV00001,FrozenEngine,967,07/06/2021, 15:12:24,540
FROV00001,FrozenEngine,967,07/06/2021, 16:16:18,540
FROV00001,FrozenEngine,967,07/06/2021, 17:21:56,540
FROV00001,FrozenEngine,967,07/06/2021, 18:12:58,540
FROV00001,FrozenEngine,967,07/06/2021, 19:08:49,540
FROV00001,FrozenEngine,967,07/06/2021, 20:11:01,540
FROV00001,FrozenEngine,967,07/06/2021, 21:10:37,540
FROV00001,FrozenEngine,967,07/06/2021, 22:10:41,540
FROV00001,FrozenEngine,967,07/06/2021, 23:10:41,540
FROV00001,FrozenEngine,967,07/07/2021, 00:36:09,540
FROV00001,FrozenEngine,967,07/07/2021, 01:55:51,540
FROV00001,FrozenEngine,967,07/07/2021, 02:23:38,540
FROV00001,FrozenEngine,967,07/07/2021, 03:13:11,540
FROV00001,FrozenEngine,967,07/07/2021, 04:13:59,540
FROV00001,FrozenEngine,967,07/07/2021, 05:09:32,540
FROV00001,FrozenEngine,967,07/07/2021, 06:13:31,540
FROV00001,FrozenEngine,967,07/07/2021, 07:10:05,540
FROV00001,FrozenEngine,967,07/07/2021, 08:15:49,540
FROV00001,FrozenEngine,967,07/07/2021, 09:16:38,540
FROV00001,FrozenEngine,967,07/07/2021, 10:13:36,540
FROV00001,FrozenEngine,967,07/07/2021, 11:09:12,540
FROV00001,FrozenEngine,967,07/07/2021, 12:16:38,540
FROV00001,FrozenEngine,967,07/07/2021, 13:19:40,540
FROV00001,FrozenEngine,967,07/07/2021, 14:11:15,540
FROV00001,FrozenEngine,967,07/07/2021, 15:16:57,540
FROV00001,FrozenEngine,967,07/07/2021, 16:22:36,540
FROV00001,FrozenEngine,967,07/07/2021, 17:25:51,540
FROV00001,FrozenEngine,967,07/07/2021, 18:17:51,540
FROV00001,FrozenEngine,967,07/07/2021, 19:08:43,540
FROV00001,FrozenEngine,967,07/07/2021, 20:11:15,540
FROV00001,FrozenEngine,967,07/07/2021, 21:10:15,540
FROV00001,FrozenEngine,967,07/07/2021, 22:10:43,540
FROV00001,FrozenEngine,967,07/07/2021, 23:10:50,540
FROV00001,FrozenEngine,967,07/08/2021, 00:34:03,540
FROV00001,FrozenEngine,967,07/08/2021, 01:55:51,540
FROV00001,FrozenEngine,967,07/08/2021, 02:24:26,540
FROV00001,FrozenEngine,967,07/08/2021, 03:12:19,540
FROV00001,FrozenEngine,967,07/08/2021, 04:13:38,540
FROV00001,FrozenEngine,967,07/08/2021, 05:09:45,540
FROV00001,FrozenEngine,967,07/08/2021, 06:13:23,540
FROV00001,FrozenEngine,967,07/08/2021, 07:10:12,540
FROV00001,FrozenEngine,967,07/08/2021, 08:18:20,540
FROV00001,FrozenEngine,967,07/08/2021, 09:16:47,540
FROV00001,FrozenEngine,967,07/08/2021, 10:16:49,540
FROV00001,FrozenEngine,967,07/08/2021, 11:12:12,540
FROV00001,FrozenEngine,967,07/08/2021, 12:17:59,540
FROV00001,FrozenEngine,967,07/08/2021, 13:25:49,540
FROV00001,FrozenEngine,967,07/08/2021, 14:12:20,540
FROV00001,FrozenEngine,967,07/08/2021, 15:18:54,540
FROV00001,FrozenEngine,967,07/08/2021, 16:25:50,540
FROV00001,FrozenEngine,967,07/08/2021, 17:23:01,540
FROV00001,FrozenEngine,967,07/08/2021, 18:17:46,540
FROV00001,FrozenEngine,967,07/08/2021, 19:09:12,540
FROV00001,FrozenEngine,967,07/08/2021, 20:11:13,540
FROV00001,FrozenEngine,967,07/08/2021, 21:10:12,540
FROV00001,FrozenEngine,967,07/08/2021, 22:10:45,540
FROV00001,FrozenEngine,967,07/08/2021, 23:10:59,540
FROV00001,FrozenEngine,968,07/09/2021, 00:37:07,540
FROV00001,FrozenEngine,968,07/09/2021, 01:56:00,540
FROV00001,FrozenEngine,968,07/09/2021, 02:24:54,540
FROV00001,FrozenEngine,968,07/09/2021, 03:12:06,540
FROV00001,FrozenEngine,968,07/09/2021, 04:14:03,540
FROV00001,FrozenEngine,968,07/09/2021, 05:09:36,540
FROV00001,FrozenEngine,968,07/09/2021, 06:13:26,540
FROV00001,FrozenEngine,968,07/09/2021, 07:10:08,540
FROV00001,FrozenEngine,968,07/09/2021, 08:12:40,540
FROV00001,FrozenEngine,968,07/09/2021, 09:16:55,540
FROV00001,FrozenEngine,968,07/09/2021, 10:16:14,540
FROV00001,FrozenEngine,968,07/09/2021, 11:09:24,540
FROV00001,FrozenEngine,968,07/09/2021, 12:16:20,540
FROV00001,FrozenEngine,968,07/09/2021, 13:16:26,540
FROV00001,FrozenEngine,968,07/09/2021, 14:14:46,540
FROV00001,FrozenEngine,968,07/09/2021, 15:17:46,540
FROV00001,FrozenEngine,968,07/09/2021, 16:19:40,540
FROV00001,FrozenEngine,968,07/09/2021, 17:18:42,540
FROV00001,FrozenEngine,968,07/09/2021, 18:14:26,540
FROV00001,FrozenEngine,968,07/09/2021, 19:08:34,540
FROV00001,FrozenEngine,968,07/09/2021, 20:11:09,540
FROV00001,FrozenEngine,968,07/09/2021, 21:10:34,540
FROV00001,FrozenEngine,968,07/09/2021, 22:10:49,540
FROV00001,FrozenEngine,968,07/09/2021, 23:10:59,540
FROV00001,FrozenEngine,968,07/10/2021, 00:34:17,540
FROV00001,FrozenEngine,968,07/10/2021, 01:50:39,540
FROV00001,FrozenEngine,968,07/10/2021, 02:22:41,540
FROV00001,FrozenEngine,968,07/10/2021, 03:12:15,540
FROV00001,FrozenEngine,968,07/10/2021, 04:14:00,540
FROV00001,FrozenEngine,968,07/10/2021, 05:09:16,540
FROV00001,FrozenEngine,968,07/10/2021, 06:13:02,540
FROV00001,FrozenEngine,968,07/10/2021, 07:10:04,540
FROV00001,FrozenEngine,968,07/10/2021, 08:11:52,540
FROV00001,FrozenEngine,968,07/10/2021, 09:11:06,540
FROV00001,FrozenEngine,968,07/10/2021, 10:11:13,540
FROV00001,FrozenEngine,968,07/10/2021, 11:08:53,540
FROV00001,FrozenEngine,968,07/10/2021, 13:14:38,540
FROV00001,FrozenEngine,968,07/10/2021, 14:09:18,540
FROV00001,FrozenEngine,968,07/10/2021, 15:12:02,540
FROV00001,FrozenEngine,968,07/10/2021, 16:15:17,540
FROV00001,FrozenEngine,968,07/10/2021, 17:15:54,540
FROV00001,FrozenEngine,968,07/10/2021, 18:12:36,540
FROV00001,FrozenEngine,968,07/10/2021, 19:08:35,540
FROV00001,FrozenEngine,968,07/10/2021, 20:10:34,540
FROV00001,FrozenEngine,968,07/10/2021, 21:10:05,540
FROV00001,FrozenEngine,968,07/10/2021, 22:10:24,540
FROV00001,FrozenEngine,968,07/10/2021, 23:10:17,540
FROV00001,FrozenEngine,968,07/11/2021, 00:39:23,540
FROV00001,FrozenEngine,969,07/11/2021, 01:57:27,540
FROV00001,FrozenEngine,969,07/11/2021, 02:26:15,540
FROV00001,FrozenEngine,969,07/11/2021, 03:12:11,540
FROV00001,FrozenEngine,969,07/11/2021, 04:13:42,540
FROV00001,FrozenEngine,969,07/11/2021, 05:09:33,540
FROV00001,FrozenEngine,969,07/11/2021, 06:13:34,540
FROV00001,FrozenEngine,969,07/11/2021, 07:10:06,540
FROV00001,FrozenEngine,969,07/11/2021, 08:11:50,540
FROV00001,FrozenEngine,969,07/11/2021, 09:11:29,540
FROV00001,FrozenEngine,969,07/11/2021, 10:11:21,540
FROV00001,FrozenEngine,969,07/11/2021, 11:08:37,540
FROV00001,FrozenEngine,969,07/11/2021, 12:15:44,540
FROV00001,FrozenEngine,969,07/11/2021, 13:14:38,540
FROV00001,FrozenEngine,969,07/11/2021, 14:09:23,540
FROV00001,FrozenEngine,969,07/11/2021, 15:11:55,540
FROV00001,FrozenEngine,969,07/11/2021, 16:15:16,540
FROV00001,FrozenEngine,969,07/11/2021, 17:15:56,540
FROV00001,FrozenEngine,969,07/11/2021, 18:12:53,540
FROV00001,FrozenEngine,969,07/11/2021, 19:08:34,540
FROV00001,FrozenEngine,969,07/11/2021, 20:10:27,540
FROV00001,FrozenEngine,969,07/11/2021, 21:10:19,540
FROV00001,FrozenEngine,969,07/11/2021, 22:10:23,540
FROV00001,FrozenEngine,969,07/11/2021, 23:10:43,540
FROV00001,FrozenEngine,969,07/12/2021, 00:34:53,540
FROV00001,FrozenEngine,969,07/12/2021, 01:53:03,540
FROV00001,FrozenEngine,969,07/12/2021, 02:21:49,540
FROV00001,FrozenEngine,969,07/12/2021, 03:12:48,540
FROV00001,FrozenEngine,969,07/12/2021, 04:14:06,540
FROV00001,FrozenEngine,969,07/12/2021, 05:09:38,540
FROV00001,FrozenEngine,969,07/12/2021, 06:14:05,540
FROV00001,FrozenEngine,969,07/12/2021, 07:14:14,540
FROV00001,FrozenEngine,969,07/12/2021, 08:16:52,540
FROV00001,FrozenEngine,969,07/12/2021, 09:16:46,540
FROV00001,FrozenEngine,969,07/12/2021, 10:16:50,540
FROV00001,FrozenEngine,969,07/12/2021, 11:11:16,540
FROV00001,FrozenEngine,969,07/12/2021, 12:21:47,540
FROV00001,FrozenEngine,969,07/12/2021, 13:22:47,540
FROV00001,FrozenEngine,969,07/12/2021, 14:14:52,540
FROV00001,FrozenEngine,969,07/12/2021, 15:17:09,540
FROV00001,FrozenEngine,969,07/12/2021, 16:16:50,540
FROV00001,FrozenEngine,969,07/12/2021, 17:24:23,540
FROV00001,FrozenEngine,969,07/12/2021, 18:17:50,540
FROV00001,FrozenEngine,969,07/12/2021, 19:13:52,540
FROV00001,FrozenEngine,969,07/12/2021, 20:15:51,540
FROV00001,FrozenEngine,969,07/12/2021, 21:13:51,540
FROV00001,FrozenEngine,969,07/12/2021, 22:09:02,540
FROV00001,FrozenEngine,969,07/12/2021, 23:11:18,540
FROV00001,FrozenEngine,969,07/13/2021, 00:37:41,540
FROV00001,FrozenEngine,969,07/13/2021, 01:56:04,540
FROV00001,FrozenEngine,969,07/13/2021, 02:24:50,540
FROV00001,FrozenEngine,969,07/13/2021, 03:12:28,540
FROV00001,FrozenEngine,970,07/13/2021, 04:13:57,540
FROV00001,FrozenEngine,970,07/13/2021, 05:09:36,540
FROV00001,FrozenEngine,972,07/13/2021, 06:13:35,540
FROV00001,FrozenEngine,972,07/13/2021, 07:10:10,540
FROV00001,FrozenEngine,972,07/13/2021, 08:12:45,540
FROV00001,FrozenEngine,972,07/13/2021, 09:13:39,540
FROV00001,FrozenEngine,972,07/13/2021, 10:16:51,540
FROV00001,FrozenEngine,972,07/13/2021, 11:12:30,540
FROV00001,FrozenEngine,972,07/13/2021, 12:22:53,540
FROV00001,FrozenEngine,972,07/13/2021, 13:23:51,540
FROV00001,FrozenEngine,972,07/13/2021, 14:14:17,540
FROV00001,FrozenEngine,972,07/13/2021, 15:17:52,540
FROV00001,FrozenEngine,972,07/13/2021, 16:17:24,540
FROV00001,FrozenEngine,973,07/13/2021, 17:21:22,540
FROV00001,FrozenEngine,973,07/13/2021, 18:13:41,540
FROV00001,FrozenEngine,973,07/13/2021, 19:13:52,540
FROV00001,FrozenEngine,973,07/13/2021, 20:15:48,540
FROV00001,FrozenEngine,973,07/13/2021, 21:10:27,540
FROV00001,FrozenEngine,973,07/13/2021, 23:11:21,540
FROV00001,FrozenEngine,973,07/14/2021, 00:32:57,540
FROV00001,FrozenEngine,973,07/14/2021, 01:51:19,540
FROV00001,FrozenEngine,973,07/14/2021, 02:21:41,540
FROV00001,FrozenEngine,973,07/14/2021, 03:12:19,540
FROV00001,FrozenEngine,973,07/14/2021, 04:14:05,540
FROV00001,FrozenEngine,973,07/14/2021, 05:09:42,540
FROV00001,FrozenEngine,973,07/14/2021, 06:13:33,540
FROV00001,FrozenEngine,973,07/14/2021, 07:10:04,540
FROV00001,FrozenEngine,973,07/14/2021, 08:12:29,540
FROV00001,FrozenEngine,973,07/14/2021, 09:15:57,540
FROV00001,FrozenEngine,973,07/14/2021, 10:13:59,540
FROV00001,FrozenEngine,973,07/14/2021, 11:09:11,540
FROV00001,FrozenEngine,974,07/14/2021, 12:20:25,540
FROV00001,FrozenEngine,974,07/14/2021, 13:20:04,540
FROV00001,FrozenEngine,974,07/14/2021, 14:09:54,540
FROV00001,FrozenEngine,974,07/14/2021, 15:12:18,540
FROV00001,FrozenEngine,974,07/14/2021, 16:20:59,540
FROV00001,FrozenEngine,974,07/14/2021, 17:22:29,540
FROV00001,FrozenEngine,974,07/14/2021, 18:17:47,540
FROV00001,FrozenEngine,974,07/14/2021, 19:10:27,540
FROV00001,FrozenEngine,974,07/14/2021, 20:13:19,540
FROV00001,FrozenEngine,974,07/14/2021, 21:10:40,540
FROV00001,FrozenEngine,974,07/14/2021, 22:10:56,540
FROV00001,FrozenEngine,974,07/14/2021, 23:10:59,540
FROV00001,FrozenEngine,974,07/15/2021, 00:35:14,540
FROV00001,FrozenEngine,974,07/15/2021, 01:55:47,540
FROV00001,FrozenEngine,974,07/15/2021, 02:24:19,540
FROV00001,FrozenEngine,974,07/15/2021, 03:12:24,540
FROV00001,FrozenEngine,974,07/15/2021, 04:13:50,540
FROV00001,FrozenEngine,974,07/15/2021, 05:09:47,540
FROV00001,FrozenEngine,974,07/15/2021, 06:13:42,540
FROV00001,FrozenEngine,974,07/15/2021, 08:12:36,540
FROV00001,FrozenEngine,974,07/15/2021, 09:16:51,540
FROV00001,FrozenEngine,974,07/15/2021, 10:14:36,540
FROV00001,FrozenEngine,974,07/15/2021, 11:09:16,540
FROV00001,FrozenEngine,974,07/15/2021, 12:21:50,540
FROV00001,FrozenEngine,974,07/15/2021, 13:17:37,540
FROV00001,FrozenEngine,974,07/15/2021, 14:14:57,540
FROV00001,FrozenEngine,974,07/15/2021, 15:17:05,540
FROV00001,FrozenEngine,974,07/15/2021, 16:16:37,540
FROV00001,FrozenEngine,974,07/15/2021, 17:18:12,540
FROV00001,FrozenEngine,974,07/15/2021, 18:13:17,540
FROV00001,FrozenEngine,974,07/15/2021, 19:09:26,540
FROV00001,FrozenEngine,974,07/15/2021, 20:15:06,540
FROV00001,FrozenEngine,974,07/15/2021, 21:10:39,540
FROV00001,FrozenEngine,974,07/15/2021, 22:10:43,540
FROV00001,FrozenEngine,974,07/15/2021, 23:11:33,540
FROV00001,FrozenEngine,974,07/16/2021, 00:36:16,540
FROV00001,FrozenEngine,974,07/16/2021, 01:57:00,540
FROV00001,FrozenEngine,974,07/16/2021, 02:27:04,540
FROV00001,FrozenEngine,974,07/16/2021, 03:12:12,540
FROV00001,FrozenEngine,974,07/16/2021, 04:14:07,540
FROV00001,FrozenEngine,974,07/16/2021, 05:09:31,540
FROV00001,FrozenEngine,974,07/16/2021, 06:13:50,540
FROV00001,FrozenEngine,974,07/16/2021, 07:10:15,540
FROV00001,FrozenEngine,974,07/16/2021, 08:13:07,540
FROV00001,FrozenEngine,974,07/16/2021, 09:11:27,540
FROV00001,FrozenEngine,974,07/16/2021, 10:12:15,540
FROV00001,FrozenEngine,974,07/16/2021, 11:09:31,540
FROV00001,FrozenEngine,974,07/16/2021, 12:17:03,540
FROV00001,FrozenEngine,974,07/16/2021, 13:17:24,540
FROV00001,FrozenEngine,974,07/16/2021, 14:14:50,540
FROV00001,FrozenEngine,974,07/16/2021, 15:16:52,540
FROV00001,FrozenEngine,974,07/16/2021, 16:16:38,540
FROV00001,FrozenEngine,975,07/16/2021, 17:19:36,540
FROV00001,FrozenEngine,975,07/16/2021, 18:13:24,540
FROV00001,FrozenEngine,975,07/16/2021, 19:08:55,540
FROV00001,FrozenEngine,975,07/16/2021, 20:11:13,540
FROV00001,FrozenEngine,975,07/16/2021, 21:10:18,540
FROV00001,FrozenEngine,975,07/16/2021, 22:10:47,540
FROV00001,FrozenEngine,975,07/16/2021, 23:10:48,540
FROV00001,FrozenEngine,976,07/17/2021, 00:35:23,540
FROV00001,FrozenEngine,976,07/17/2021, 01:52:07,540
FROV00001,FrozenEngine,976,07/17/2021, 02:23:49,540
FROV00001,FrozenEngine,976,07/17/2021, 03:12:09,540
FROV00001,FrozenEngine,976,07/17/2021, 04:13:50,540
FROV00001,FrozenEngine,976,07/17/2021, 05:09:19,540
FROV00001,FrozenEngine,976,07/17/2021, 06:13:10,540
FROV00001,FrozenEngine,976,07/17/2021, 07:09:59,540
FROV00001,FrozenEngine,976,07/17/2021, 08:11:57,540
FROV00001,FrozenEngine,976,07/17/2021, 09:11:30,540
FROV00001,FrozenEngine,976,07/17/2021, 10:11:42,540
FROV00001,FrozenEngine,976,07/17/2021, 11:09:00,540
FROV00001,FrozenEngine,976,07/17/2021, 12:16:03,540
FROV00001,FrozenEngine,976,07/17/2021, 13:15:27,540
FROV00001,FrozenEngine,976,07/17/2021, 14:09:35,540
FROV00001,FrozenEngine,976,07/17/2021, 15:11:57,540
FROV00001,FrozenEngine,977,07/17/2021, 16:15:50,540
FROV00001,FrozenEngine,977,07/17/2021, 17:16:50,540
FROV00001,FrozenEngine,977,07/17/2021, 18:12:41,540
FROV00001,FrozenEngine,977,07/17/2021, 19:08:36,540
FROV00001,FrozenEngine,977,07/17/2021, 20:10:37,540
FROV00001,FrozenEngine,977,07/17/2021, 21:10:12,540
FROV00001,FrozenEngine,977,07/17/2021, 22:10:28,540
FROV00001,FrozenEngine,977,07/17/2021, 23:10:40,540
FROV00001,FrozenEngine,977,07/18/2021, 00:36:37,540
FROV00001,FrozenEngine,977,07/18/2021, 01:54:58,540
FROV00001,FrozenEngine,977,07/18/2021, 02:23:23,540
FROV00001,FrozenEngine,977,07/18/2021, 03:12:06,540
FROV00001,FrozenEngine,978,07/18/2021, 04:13:48,540
FROV00001,FrozenEngine,978,07/18/2021, 05:09:27,540
FROV00001,FrozenEngine,978,07/18/2021, 06:13:23,540
FROV00001,FrozenEngine,978,07/18/2021, 07:10:04,540
FROV00001,FrozenEngine,978,07/18/2021, 08:12:09,540
FROV00001,FrozenEngine,978,07/18/2021, 09:11:29,540
FROV00001,FrozenEngine,978,07/18/2021, 10:11:34,540
FROV00001,FrozenEngine,978,07/18/2021, 11:08:44,540
FROV00001,FrozenEngine,978,07/18/2021, 12:15:49,540
FROV00001,FrozenEngine,978,07/18/2021, 13:15:10,540
FROV00001,FrozenEngine,978,07/18/2021, 14:09:52,540
FROV00001,FrozenEngine,978,07/18/2021, 15:12:13,540
FROV00001,FrozenEngine,978,07/18/2021, 16:15:36,540
FROV00001,FrozenEngine,978,07/18/2021, 17:16:18,540
FROV00001,FrozenEngine,978,07/18/2021, 18:13:06,540
FROV00001,FrozenEngine,978,07/18/2021, 19:08:45,540
FROV00001,FrozenEngine,978,07/18/2021, 20:10:43,540
FROV00001,FrozenEngine,978,07/18/2021, 21:10:17,540
FROV00001,FrozenEngine,978,07/18/2021, 22:10:29,540
FROV00001,FrozenEngine,978,07/18/2021, 23:10:43,540
FROV00001,FrozenEngine,978,07/19/2021, 00:35:52,540
FROV00001,FrozenEngine,978,07/19/2021, 01:56:21,540
FROV00001,FrozenEngine,978,07/19/2021, 02:25:54,540
FROV00001,FrozenEngine,978,07/19/2021, 03:12:27,540
FROV00001,FrozenEngine,978,07/19/2021, 04:14:45,540
FROV00001,FrozenEngine,978,07/19/2021, 05:10:08,540
FROV00001,FrozenEngine,978,07/19/2021, 06:14:05,540
FROV00001,FrozenEngine,978,07/19/2021, 07:10:05,540
FROV00001,FrozenEngine,978,07/19/2021, 08:17:01,540
FROV00001,FrozenEngine,978,07/19/2021, 09:15:58,540
FROV00001,FrozenEngine,978,07/19/2021, 10:16:47,540
FROV00001,FrozenEngine,978,07/19/2021, 11:10:43,540
FROV00001,FrozenEngine,978,07/19/2021, 12:17:06,540
FROV00001,FrozenEngine,978,07/19/2021, 13:22:51,540
FROV00001,FrozenEngine,978,07/19/2021, 14:14:48,540
FROV00001,FrozenEngine,978,07/19/2021, 15:17:00,540
FROV00001,FrozenEngine,978,07/19/2021, 16:20:55,540
FROV00001,FrozenEngine,978,07/19/2021, 17:22:53,540
FROV00001,FrozenEngine,978,07/19/2021, 18:14:04,540
FROV00001,FrozenEngine,978,07/19/2021, 19:08:54,540
FROV00001,FrozenEngine,978,07/19/2021, 20:15:49,540
FROV00001,FrozenEngine,978,07/19/2021, 21:10:41,540
FROV00001,FrozenEngine,978,07/19/2021, 22:10:59,540
FROV00001,FrozenEngine,978,07/19/2021, 23:10:50,540
FROV00001,FrozenEngine,978,07/20/2021, 00:38:05,540
FROV00001,FrozenEngine,978,07/20/2021, 02:00:49,540
FROV00001,FrozenEngine,978,07/20/2021, 03:12:28,540
FROV00001,FrozenEngine,978,07/20/2021, 04:13:59,540
FROV00001,FrozenEngine,978,07/20/2021, 05:09:31,540
FROV00001,FrozenEngine,978,07/20/2021, 06:13:45,540
FROV00001,FrozenEngine,978,07/20/2021, 07:10:08,540
FROV00001,FrozenEngine,978,07/20/2021, 08:12:53,540
FROV00001,FrozenEngine,978,07/20/2021, 09:12:22,540
FROV00001,FrozenEngine,978,07/20/2021, 10:16:50,540
FROV00001,FrozenEngine,978,07/20/2021, 11:11:52,540
FROV00001,FrozenEngine,978,07/20/2021, 12:16:52,540
FROV00001,FrozenEngine,978,07/20/2021, 13:17:35,540
FROV00001,FrozenEngine,979,07/20/2021, 14:10:00,540
FROV00001,FrozenEngine,979,07/20/2021, 15:16:44,540
FROV00001,FrozenEngine,979,07/20/2021, 16:20:52,540
FROV00001,FrozenEngine,979,07/20/2021, 17:22:48,540
FROV00001,FrozenEngine,979,07/20/2021, 18:17:54,540
FROV00001,FrozenEngine,979,07/20/2021, 19:14:53,540
FROV00001,FrozenEngine,979,07/20/2021, 20:11:38,540
FROV00001,FrozenEngine,979,07/20/2021, 21:10:17,540
FROV00001,FrozenEngine,979,07/20/2021, 22:10:46,540
FROV00001,FrozenEngine,979,07/20/2021, 23:11:09,540
FROV00001,FrozenEngine,979,07/21/2021, 00:37:39,540
FROV00001,FrozenEngine,979,07/21/2021, 01:58:01,540
FROV00001,FrozenEngine,979,07/21/2021, 02:28:33,540
FROV00001,FrozenEngine,979,07/21/2021, 03:12:40,540
FROV00001,FrozenEngine,979,07/21/2021, 04:14:08,540
FROV00001,FrozenEngine,979,07/21/2021, 05:09:44,540
FROV00001,FrozenEngine,980,07/21/2021, 06:13:57,540
FROV00001,FrozenEngine,980,07/21/2021, 07:10:09,540
FROV00001,FrozenEngine,980,07/21/2021, 08:18:04,540
FROV00001,FrozenEngine,980,07/21/2021, 09:16:00,540
FROV00001,FrozenEngine,980,07/21/2021, 10:13:16,540
FROV00001,FrozenEngine,980,07/21/2021, 11:09:13,540
FROV00001,FrozenEngine,980,07/21/2021, 12:16:57,540
FROV00001,FrozenEngine,980,07/21/2021, 13:21:52,540
FROV00001,FrozenEngine,980,07/21/2021, 14:12:00,540
FROV00001,FrozenEngine,980,07/21/2021, 15:16:56,540
FROV00001,FrozenEngine,980,07/21/2021, 16:18:45,540
FROV00001,FrozenEngine,980,07/21/2021, 17:19:55,540
FROV00001,FrozenEngine,980,07/21/2021, 18:13:40,540
FROV00001,FrozenEngine,980,07/21/2021, 19:09:04,540
FROV00001,FrozenEngine,980,07/21/2021, 20:12:06,540
FROV00001,FrozenEngine,980,07/21/2021, 21:11:23,540
FROV00001,FrozenEngine,980,07/21/2021, 22:10:42,540
FROV00001,FrozenEngine,981,07/21/2021, 23:10:58,540
FROV00001,FrozenEngine,982,07/22/2021, 00:36:23,540
FROV00001,FrozenEngine,982,07/22/2021, 01:59:31,540
FROV00001,FrozenEngine,982,07/22/2021, 02:32:52,540
FROV00001,FrozenEngine,982,07/22/2021, 03:13:21,540
FROV00001,FrozenEngine,982,07/22/2021, 04:14:19,540
FROV00001,FrozenEngine,982,07/22/2021, 05:08:09,540
FROV00001,FrozenEngine,982,07/22/2021, 06:14:37,540
FROV00001,FrozenEngine,982,07/22/2021, 07:10:15,540
FROV00001,FrozenEngine,982,07/22/2021, 08:12:28,540
FROV00001,FrozenEngine,982,07/22/2021, 09:11:21,540
FROV00001,FrozenEngine,982,07/22/2021, 10:12:14,540
FROV00001,FrozenEngine,982,07/22/2021, 11:09:18,540
FROV00001,FrozenEngine,982,07/22/2021, 12:16:44,540
FROV00001,FrozenEngine,982,07/22/2021, 13:22:50,540
FROV00001,FrozenEngine,982,07/22/2021, 14:13:17,540
FROV00001,FrozenEngine,982,07/22/2021, 15:17:57,540
FROV00001,FrozenEngine,982,07/22/2021, 16:18:35,540
FROV00001,FrozenEngine,982,07/22/2021, 17:19:31,540
FROV00001,FrozenEngine,982,07/22/2021, 18:13:17,540
FROV00001,FrozenEngine,982,07/22/2021, 19:08:56,540
FROV00001,FrozenEngine,982,07/22/2021, 20:11:52,540
FROV00001,FrozenEngine,982,07/22/2021, 21:10:12,540
FROV00001,FrozenEngine,982,07/22/2021, 22:10:39,540
FROV00001,FrozenEngine,982,07/22/2021, 23:10:50,540
FROV00001,FrozenEngine,982,07/23/2021, 00:36:59,540
FROV00001,FrozenEngine,982,07/23/2021, 01:57:07,540
FROV00001,FrozenEngine,982,07/23/2021, 02:26:53,540
FROV00001,FrozenEngine,982,07/23/2021, 03:12:18,540
FROV00001,FrozenEngine,982,07/23/2021, 04:14:33,540
FROV00001,FrozenEngine,982,07/23/2021, 05:09:46,540
FROV00001,FrozenEngine,982,07/23/2021, 06:14:01,540
FROV00001,FrozenEngine,982,07/23/2021, 07:10:08,540
FROV00001,FrozenEngine,982,07/23/2021, 08:12:58,540
FROV00001,FrozenEngine,982,07/23/2021, 09:11:42,540
FROV00001,FrozenEngine,982,07/23/2021, 10:12:13,540
FROV00001,FrozenEngine,982,07/23/2021, 11:09:26,540
FROV00001,FrozenEngine,982,07/23/2021, 12:16:47,540
FROV00001,FrozenEngine,982,07/23/2021, 13:17:10,540
FROV00001,FrozenEngine,982,07/23/2021, 14:14:12,540
FROV00001,FrozenEngine,982,07/23/2021, 15:13:14,540
FROV00001,FrozenEngine,982,07/23/2021, 16:16:35,540
FROV00001,FrozenEngine,982,07/23/2021, 17:18:43,540
FROV00001,FrozenEngine,982,07/23/2021, 18:13:03,540
FROV00001,FrozenEngine,982,07/23/2021, 19:08:56,540
FROV00001,FrozenEngine,982,07/23/2021, 20:11:08,540
FROV00001,FrozenEngine,982,07/23/2021, 21:10:33,540
FROV00001,FrozenEngine,982,07/23/2021, 22:10:44,540
FROV00001,FrozenEngine,982,07/23/2021, 23:10:45,540
FROV00001,FrozenEngine,982,07/24/2021, 00:34:17,540
FROV00001,FrozenEngine,982,07/24/2021, 01:53:43,540
FROV00001,FrozenEngine,982,07/24/2021, 02:24:36,540
FROV00001,FrozenEngine,982,07/24/2021, 03:12:14,540
FROV00001,FrozenEngine,982,07/24/2021, 04:13:55,540
FROV00001,FrozenEngine,982,07/24/2021, 05:09:19,540
FROV00001,FrozenEngine,982,07/24/2021, 06:13:29,540
FROV00001,FrozenEngine,982,07/24/2021, 07:10:01,540
FROV00001,FrozenEngine,982,07/24/2021, 08:12:05,540
FROV00001,FrozenEngine,982,07/24/2021, 09:11:11,540
FROV00001,FrozenEngine,982,07/24/2021, 10:11:37,540
FROV00001,FrozenEngine,982,07/24/2021, 11:08:56,540
FROV00001,FrozenEngine,982,07/24/2021, 12:15:58,540
FROV00001,FrozenEngine,982,07/24/2021, 13:15:31,540
FROV00001,FrozenEngine,982,07/24/2021, 14:09:38,540
FROV00001,FrozenEngine,982,07/24/2021, 15:12:08,540
FROV00001,FrozenEngine,982,07/24/2021, 16:15:37,540
FROV00001,FrozenEngine,982,07/24/2021, 17:16:17,540
FROV00001,FrozenEngine,982,07/24/2021, 18:12:57,540
FROV00001,FrozenEngine,982,07/24/2021, 19:08:42,540
FROV00001,FrozenEngine,982,07/24/2021, 20:10:58,540
FROV00001,FrozenEngine,982,07/24/2021, 21:10:18,540
FROV00001,FrozenEngine,982,07/24/2021, 22:10:31,540
FROV00001,FrozenEngine,982,07/24/2021, 23:11:03,540
FROV00001,FrozenEngine,982,07/25/2021, 00:36:09,540
FROV00001,FrozenEngine,982,07/25/2021, 01:55:05,540
FROV00001,FrozenEngine,982,07/25/2021, 02:23:40,540
FROV00001,FrozenEngine,982,07/25/2021, 03:12:09,540
FROV00001,FrozenEngine,982,07/25/2021, 04:14:07,540
FROV00001,FrozenEngine,982,07/25/2021, 05:09:13,540
FROV00001,FrozenEngine,982,07/25/2021, 06:13:26,540
FROV00001,FrozenEngine,982,07/25/2021, 07:10:03,540
FROV00001,FrozenEngine,982,07/25/2021, 08:12:06,540
FROV00001,FrozenEngine,982,07/25/2021, 09:11:10,540
FROV00001,FrozenEngine,982,07/25/2021, 10:11:36,540
FROV00001,FrozenEngine,982,07/25/2021, 11:09:03,540
FROV00001,FrozenEngine,982,07/25/2021, 12:16:19,540
FROV00001,FrozenEngine,982,07/25/2021, 13:15:32,540
FROV00001,FrozenEngine,982,07/25/2021, 14:09:37,540
FROV00001,FrozenEngine,982,07/25/2021, 15:12:03,540
FROV00001,FrozenEngine,982,07/25/2021, 16:15:29,540
FROV00001,FrozenEngine,982,07/25/2021, 17:16:26,540
FROV00001,FrozenEngine,982,07/25/2021, 18:12:32,540
FROV00001,FrozenEngine,982,07/25/2021, 19:08:50,540
FROV00001,FrozenEngine,982,07/25/2021, 20:10:40,540
FROV00001,FrozenEngine,982,07/25/2021, 21:10:16,540
FROV00001,FrozenEngine,982,07/25/2021, 22:10:28,540
FROV00001,FrozenEngine,982,07/25/2021, 23:10:46,540
FROV00001,FrozenEngine,982,07/26/2021, 00:35:19,540
FROV00001,FrozenEngine,982,07/26/2021, 01:57:43,540
FROV00001,FrozenEngine,982,07/26/2021, 02:28:43,540
FROV00001,FrozenEngine,982,07/26/2021, 03:11:36,540
FROV00001,FrozenEngine,982,07/26/2021, 04:14:14,540
FROV00001,FrozenEngine,982,07/26/2021, 05:09:41,540
FROV00001,FrozenEngine,982,07/26/2021, 06:13:55,540
FROV00001,FrozenEngine,982,07/26/2021, 07:14:56,540
FROV00001,FrozenEngine,982,07/26/2021, 08:17:55,540
FROV00001,FrozenEngine,982,07/26/2021, 09:19:36,540
FROV00001,FrozenEngine,982,07/26/2021, 10:30:59,540
FROV00001,FrozenEngine,982,07/26/2021, 11:16:53,540
FROV00001,FrozenEngine,982,07/26/2021, 12:17:10,540
FROV00001,FrozenEngine,982,07/26/2021, 13:22:56,540
FROV00001,FrozenEngine,982,07/26/2021, 14:14:59,540
FROV00001,FrozenEngine,982,07/26/2021, 15:16:58,540
FROV00001,FrozenEngine,982,07/26/2021, 16:20:58,540
FROV00001,FrozenEngine,982,07/26/2021, 17:19:36,540
FROV00001,FrozenEngine,982,07/26/2021, 18:18:01,540
FROV00001,FrozenEngine,982,07/26/2021, 19:13:55,540
FROV00001,FrozenEngine,982,07/26/2021, 20:12:37,540
FROV00001,FrozenEngine,982,07/26/2021, 21:12:53,540
FROV00001,FrozenEngine,982,07/26/2021, 22:11:53,540
FROV00001,FrozenEngine,982,07/26/2021, 23:10:59,540
FROV00001,FrozenEngine,982,07/27/2021, 00:37:27,540
FROV00001,FrozenEngine,982,07/27/2021, 02:00:08,540
FROV00001,FrozenEngine,982,07/27/2021, 02:33:12,540
FROV00001,FrozenEngine,982,07/27/2021, 03:12:38,540
FROV00001,FrozenEngine,982,07/27/2021, 04:13:23,540
FROV00001,FrozenEngine,982,07/27/2021, 05:10:07,540
FROV00001,FrozenEngine,982,07/27/2021, 06:13:59,540
FROV00001,FrozenEngine,982,07/27/2021, 07:10:17,540
FROV00001,FrozenEngine,982,07/27/2021, 09:14:24,540
FROV00001,FrozenEngine,982,07/27/2021, 10:16:54,540
FROV00001,FrozenEngine,982,07/27/2021, 11:09:10,540
FROV00001,FrozenEngine,982,07/27/2021, 12:17:03,540
FROV00001,FrozenEngine,982,07/27/2021, 13:18:21,540
FROV00001,FrozenEngine,982,07/27/2021, 14:10:05,540
FROV00001,FrozenEngine,982,07/27/2021, 15:17:02,540
FROV00001,FrozenEngine,982,07/27/2021, 16:21:53,540
FROV00001,FrozenEngine,982,07/27/2021, 17:18:20,540
FROV00001,FrozenEngine,982,07/27/2021, 18:17:52,540
FROV00001,FrozenEngine,982,07/27/2021, 19:09:14,540
FROV00001,FrozenEngine,983,07/27/2021, 20:09:40,540
FROV00001,FrozenEngine,983,07/27/2021, 21:11:35,540
FROV00001,FrozenEngine,983,07/27/2021, 22:10:49,540
FROV00001,FrozenEngine,983,07/27/2021, 23:11:14,540
FROV00001,FrozenEngine,983,07/28/2021, 00:37:15,540
FROV00001,FrozenEngine,983,07/28/2021, 01:58:55,540
FROV00001,FrozenEngine,983,07/28/2021, 02:30:46,540
FROV00001,FrozenEngine,983,07/28/2021, 03:12:18,540
FROV00001,FrozenEngine,983,07/28/2021, 04:13:53,540
FROV00001,FrozenEngine,983,07/28/2021, 05:10:30,540
FROV00001,FrozenEngine,983,07/28/2021, 06:14:29,540
FROV00001,FrozenEngine,983,07/28/2021, 07:10:00,540
FROV00001,FrozenEngine,983,07/28/2021, 08:12:19,540
FROV00001,FrozenEngine,983,07/28/2021, 09:11:54,540
FROV00001,FrozenEngine,983,07/28/2021, 10:16:50,540
FROV00001,FrozenEngine,983,07/28/2021, 11:09:14,540
FROV00001,FrozenEngine,983,07/28/2021, 12:17:14,540
FROV00001,FrozenEngine,983,07/28/2021, 13:25:52,540
FROV00001,FrozenEngine,983,07/28/2021, 14:11:24,540
FROV00001,FrozenEngine,983,07/28/2021, 15:13:06,540
FROV00001,FrozenEngine,983,07/28/2021, 16:17:17,540
FROV00001,FrozenEngine,983,07/28/2021, 17:19:40,540
FROV00001,FrozenEngine,983,07/28/2021, 18:13:30,540
FROV00001,FrozenEngine,983,07/28/2021, 19:09:13,540
FROV00001,FrozenEngine,984,07/28/2021, 20:12:43,540
FROV00001,FrozenEngine,984,07/28/2021, 21:10:45,540
FROV00001,FrozenEngine,984,07/28/2021, 22:10:23,540
FROV00001,FrozenEngine,984,07/28/2021, 23:11:26,540
FROV00001,FrozenEngine,984,07/29/2021, 00:35:15,540
FROV00001,FrozenEngine,984,07/29/2021, 01:56:51,540
FROV00001,FrozenEngine,984,07/29/2021, 02:27:01,540
FROV00001,FrozenEngine,984,07/29/2021, 03:12:45,540
FROV00001,FrozenEngine,984,07/29/2021, 04:14:21,540
FROV00001,FrozenEngine,984,07/29/2021, 05:10:05,540
FROV00001,FrozenEngine,984,07/29/2021, 06:13:55,540
FROV00001,FrozenEngine,984,07/29/2021, 07:10:15,540
FROV00001,FrozenEngine,984,07/29/2021, 08:17:05,540
FROV00001,FrozenEngine,984,07/29/2021, 09:16:00,540
FROV00001,FrozenEngine,984,07/29/2021, 10:13:27,540
FROV00001,FrozenEngine,984,07/29/2021, 11:09:07,540
FROV00001,FrozenEngine,984,07/29/2021, 12:17:10,540
FROV00001,FrozenEngine,984,07/29/2021, 13:24:00,540
FROV00001,FrozenEngine,984,07/29/2021, 14:14:40,540
FROV00001,FrozenEngine,984,07/29/2021, 15:12:31,540
FROV00001,FrozenEngine,984,07/29/2021, 16:17:28,540
FROV00001,FrozenEngine,984,07/29/2021, 17:18:49,540
FROV00001,FrozenEngine,984,07/29/2021, 18:17:52,540
FROV00001,FrozenEngine,984,07/29/2021, 19:12:25,540
FROV00001,FrozenEngine,984,07/29/2021, 20:15:54,540
FROV00001,FrozenEngine,984,07/29/2021, 21:10:34,540
FROV00001,FrozenEngine,984,07/29/2021, 22:11:40,540
FROV00001,FrozenEngine,984,07/29/2021, 23:10:58,540
FROV00001,FrozenEngine,984,07/30/2021, 00:36:39,540
FROV00001,FrozenEngine,984,07/30/2021, 02:00:49,540
FROV00001,FrozenEngine,984,07/30/2021, 03:12:08,540
FROV00001,FrozenEngine,984,07/30/2021, 04:14:52,540
FROV00001,FrozenEngine,984,07/30/2021, 05:09:50,540
FROV00001,FrozenEngine,984,07/30/2021, 06:13:56,540
FROV00001,FrozenEngine,984,07/30/2021, 07:10:07,540
FROV00001,FrozenEngine,984,07/30/2021, 08:12:46,540
FROV00001,FrozenEngine,984,07/30/2021, 09:11:35,540
FROV00001,FrozenEngine,984,07/30/2021, 10:13:13,540
FROV00001,FrozenEngine,984,07/30/2021, 11:09:20,540
FROV00001,FrozenEngine,985,07/30/2021, 12:17:09,540
FROV00001,FrozenEngine,985,07/30/2021, 13:18:50,540
FROV00001,FrozenEngine,985,07/30/2021, 14:15:00,540
FROV00001,FrozenEngine,985,07/30/2021, 15:17:02,540
FROV00001,FrozenEngine,985,07/30/2021, 16:16:22,540
FROV00001,FrozenEngine,985,07/30/2021, 17:17:32,540
FROV00001,FrozenEngine,985,07/30/2021, 18:13:16,540
FROV00001,FrozenEngine,985,07/30/2021, 19:08:54,540
FROV00001,FrozenEngine,985,07/30/2021, 20:11:21,540
FROV00001,FrozenEngine,985,07/30/2021, 21:10:08,540
FROV00001,FrozenEngine,985,07/30/2021, 22:10:42,540
FROV00001,FrozenEngine,985,07/30/2021, 23:11:05,540
FROV00001,FrozenEngine,985,07/31/2021, 00:36:15,540
FROV00001,FrozenEngine,985,07/31/2021, 01:53:49,540
FROV00001,FrozenEngine,985,07/31/2021, 02:25:13,540
FROV00001,FrozenEngine,985,07/31/2021, 03:12:15,540
FROV00001,FrozenEngine,985,07/31/2021, 04:14:09,540
FROV00001,FrozenEngine,985,07/31/2021, 05:09:19,540
FROV00001,FrozenEngine,985,07/31/2021, 06:13:12,540
FROV00001,FrozenEngine,985,07/31/2021, 07:10:05,540
FROV00001,FrozenEngine,985,07/31/2021, 08:12:06,540
FROV00001,FrozenEngine,985,07/31/2021, 09:11:16,540
FROV00001,FrozenEngine,985,07/31/2021, 10:11:25,540
FROV00001,FrozenEngine,985,07/31/2021, 11:08:49,540
FROV00001,FrozenEngine,985,07/31/2021, 12:16:40,540
FROV00001,FrozenEngine,985,07/31/2021, 13:16:05,540
FROV00001,FrozenEngine,985,07/31/2021, 14:09:34,540
FROV00001,FrozenEngine,985,07/31/2021, 15:11:44,540
FROV00001,FrozenEngine,985,07/31/2021, 16:15:55,540
FROV00001,FrozenEngine,985,07/31/2021, 17:16:51,540
FROV00001,FrozenEngine,985,07/31/2021, 18:12:45,540
FROV00001,FrozenEngine,985,07/31/2021, 19:08:48,540
FROV00001,FrozenEngine,985,07/31/2021, 20:11:09,540
FROV00001,FrozenEngine,985,07/31/2021, 21:10:18,540
FROV00001,FrozenEngine,985,07/31/2021, 22:10:36,540
FROV00001,FrozenEngine,985,07/31/2021, 23:10:52,540
FROV00001,FrozenEngine,985,08/01/2021, 00:41:33,540
FROV00001,FrozenEngine,985,08/01/2021, 02:01:21,540
FROV00001,FrozenEngine,985,08/01/2021, 03:12:04,540
FROV00001,FrozenEngine,985,08/01/2021, 04:13:55,540
FROV00001,FrozenEngine,985,08/01/2021, 05:09:19,540
FROV00001,FrozenEngine,985,08/01/2021, 06:13:35,540
FROV00001,FrozenEngine,985,08/01/2021, 07:10:01,540
FROV00001,FrozenEngine,985,08/01/2021, 08:12:24,540
FROV00001,FrozenEngine,985,08/01/2021, 09:11:11,540
FROV00001,FrozenEngine,985,08/01/2021, 10:11:52,540
FROV00001,FrozenEngine,985,08/01/2021, 11:08:44,540
FROV00001,FrozenEngine,985,08/01/2021, 12:16:11,540
FROV00001,FrozenEngine,985,08/01/2021, 13:15:40,540
FROV00001,FrozenEngine,985,08/01/2021, 14:09:38,540
FROV00001,FrozenEngine,985,08/01/2021, 15:11:43,540
FROV00001,FrozenEngine,985,08/01/2021, 16:15:44,540
FROV00001,FrozenEngine,985,08/01/2021, 17:16:12,540
FROV00001,FrozenEngine,985,08/01/2021, 18:12:41,540
FROV00001,FrozenEngine,985,08/01/2021, 19:08:41,540
FROV00001,FrozenEngine,985,08/01/2021, 20:12:02,540
FROV00001,FrozenEngine,985,08/01/2021, 21:10:04,540
FROV00001,FrozenEngine,985,08/01/2021, 22:10:30,540
FROV00001,FrozenEngine,985,08/01/2021, 23:10:50,540
FROV00001,FrozenEngine,985,08/02/2021, 00:36:09,540
FROV00001,FrozenEngine,985,08/02/2021, 01:55:20,540
FROV00001,FrozenEngine,985,08/02/2021, 02:24:33,540
FROV00001,FrozenEngine,985,08/02/2021, 03:12:15,540
FROV00001,FrozenEngine,985,08/02/2021, 04:14:15,540
FROV00001,FrozenEngine,985,08/02/2021, 05:09:35,540
FROV00001,FrozenEngine,985,08/02/2021, 06:13:55,540
FROV00001,FrozenEngine,985,08/02/2021, 07:14:54,540
FROV00001,FrozenEngine,985,08/02/2021, 08:20:33,540
FROV00001,FrozenEngine,985,08/02/2021, 09:16:04,540
FROV00001,FrozenEngine,985,08/02/2021, 10:16:53,540
FROV00001,FrozenEngine,985,08/02/2021, 11:14:00,540
FROV00001,FrozenEngine,985,08/02/2021, 12:22:00,540
FROV00001,FrozenEngine,985,08/02/2021, 13:22:58,540
FROV00001,FrozenEngine,985,08/02/2021, 14:15:05,540
FROV00001,FrozenEngine,985,08/02/2021, 15:16:54,540
FROV00001,FrozenEngine,985,08/02/2021, 16:21:55,540
FROV00001,FrozenEngine,985,08/02/2021, 17:22:51,540
FROV00001,FrozenEngine,985,08/02/2021, 18:18:03,540
FROV00001,FrozenEngine,985,08/02/2021, 19:12:51,540
FROV00001,FrozenEngine,985,08/02/2021, 20:16:50,540
FROV00001,FrozenEngine,985,08/02/2021, 21:11:39,540
FROV00001,FrozenEngine,985,08/02/2021, 22:10:54,540
FROV00001,FrozenEngine,985,08/02/2021, 23:11:07,540
FROV00001,FrozenEngine,985,08/03/2021, 00:40:57,540
FROV00001,FrozenEngine,985,08/03/2021, 02:02:55,540
FROV00001,FrozenEngine,985,08/03/2021, 03:12:05,540
FROV00001,FrozenEngine,985,08/03/2021, 04:14:00,540
FROV00001,FrozenEngine,985,08/03/2021, 05:09:34,540
FROV00001,FrozenEngine,985,08/03/2021, 06:13:27,540
FROV00001,FrozenEngine,985,08/03/2021, 07:10:21,540
FROV00001,FrozenEngine,985,08/03/2021, 08:15:19,540
FROV00001,FrozenEngine,985,08/03/2021, 09:14:37,540
FROV00001,FrozenEngine,985,08/03/2021, 10:17:55,540
FROV00001,FrozenEngine,985,08/03/2021, 11:09:49,540
FROV00001,FrozenEngine,996,08/19/2021, 18:13:33,540
FROV00001,FrozenEngine,996,08/19/2021, 19:12:30,540
FROV00001,FrozenEngine,996,08/19/2021, 20:16:54,540
FROV00001,FrozenEngine,996,08/19/2021, 21:12:33,540
FROV00001,FrozenEngine,996,08/19/2021, 22:09:21,540
FROV00001,FrozenEngine,996,08/19/2021, 23:11:11,540
FROV00001,FrozenEngine,996,08/20/2021, 00:35:34,540
FROV00001,FrozenEngine,996,08/20/2021, 01:50:31,540
FROV00001,FrozenEngine,996,08/20/2021, 02:21:09,540
FROV00001,FrozenEngine,996,08/20/2021, 03:12:04,540
FROV00001,FrozenEngine,996,08/20/2021, 04:14:18,540
FROV00001,FrozenEngine,996,08/20/2021, 05:10:35,540
FROV00001,FrozenEngine,996,08/20/2021, 06:13:37,540
FROV00001,FrozenEngine,996,08/20/2021, 07:11:33,540
FROV00001,FrozenEngine,996,08/20/2021, 08:17:56,540
FROV00001,FrozenEngine,996,08/20/2021, 09:16:12,540
FROV00001,FrozenEngine,996,08/20/2021, 10:14:52,540
FROV00001,FrozenEngine,996,08/20/2021, 11:09:32,540
FROV00001,FrozenEngine,996,08/20/2021, 12:18:17,540
FROV00001,FrozenEngine,996,08/20/2021, 13:22:55,540
FROV00001,FrozenEngine,996,08/20/2021, 14:14:56,540
FROV00001,FrozenEngine,996,08/20/2021, 15:16:51,540
FROV00001,FrozenEngine,996,08/20/2021, 16:17:00,540
FROV00001,FrozenEngine,996,08/20/2021, 17:16:57,540
FROV00001,FrozenEngine,996,08/20/2021, 18:13:16,540
FROV00001,FrozenEngine,996,08/20/2021, 19:09:24,540
FROV00001,FrozenEngine,996,08/20/2021, 20:11:20,540
FROV00001,FrozenEngine,996,08/20/2021, 21:10:08,540
FROV00001,FrozenEngine,996,08/20/2021, 22:10:56,540
FROV00001,FrozenEngine,996,08/20/2021, 23:11:13,540
FROV00001,FrozenEngine,996,08/21/2021, 00:35:21,540
FROV00001,FrozenEngine,996,08/21/2021, 01:50:14,540
FROV00001,FrozenEngine,996,08/21/2021, 02:23:45,540
FROV00001,FrozenEngine,996,08/21/2021, 03:11:58,540
FROV00001,FrozenEngine,996,08/21/2021, 04:14:00,540
FROV00001,FrozenEngine,996,08/21/2021, 05:09:38,540
FROV00001,FrozenEngine,996,08/21/2021, 06:13:05,540
FROV00001,FrozenEngine,996,08/21/2021, 07:10:50,540
FROV00001,FrozenEngine,996,08/21/2021, 08:12:29,540
FROV00001,FrozenEngine,996,08/21/2021, 09:10:47,540
FROV00001,FrozenEngine,996,08/21/2021, 10:11:58,540
FROV00001,FrozenEngine,996,08/21/2021, 11:09:13,540
FROV00001,FrozenEngine,996,08/21/2021, 12:16:29,540
FROV00001,FrozenEngine,996,08/21/2021, 13:16:16,540
FROV00001,FrozenEngine,996,08/21/2021, 14:09:59,540
FROV00001,FrozenEngine,996,08/21/2021, 15:11:33,540
FROV00001,FrozenEngine,996,08/21/2021, 16:15:46,540
FROV00001,FrozenEngine,996,08/21/2021, 17:15:32,540
FROV00001,FrozenEngine,996,08/21/2021, 18:12:45,540
FROV00001,FrozenEngine,996,08/21/2021, 19:08:34,540
FROV00001,FrozenEngine,996,08/21/2021, 20:10:59,540
FROV00001,FrozenEngine,996,08/21/2021, 21:09:56,540
FROV00001,FrozenEngine,996,08/21/2021, 22:10:44,540
FROV00001,FrozenEngine,996,08/21/2021, 23:10:47,540
FROV00001,FrozenEngine,996,08/22/2021, 00:35:05,540
FROV00001,FrozenEngine,996,08/22/2021, 01:51:15,540
FROV00001,FrozenEngine,996,08/22/2021, 02:21:21,540
FROV00001,FrozenEngine,996,08/22/2021, 03:11:51,540
FROV00001,FrozenEngine,996,08/22/2021, 04:14:10,540
FROV00001,FrozenEngine,996,08/22/2021, 05:09:34,540
FROV00001,FrozenEngine,996,08/22/2021, 06:13:13,540
FROV00001,FrozenEngine,996,08/22/2021, 07:10:43,540
FROV00001,FrozenEngine,996,08/22/2021, 08:12:02,540
FROV00001,FrozenEngine,996,08/22/2021, 09:11:06,540
FROV00001,FrozenEngine,996,08/22/2021, 10:11:43,540
FROV00001,FrozenEngine,996,08/22/2021, 11:09:22,540
FROV00001,FrozenEngine,996,08/22/2021, 12:16:32,540
FROV00001,FrozenEngine,996,08/22/2021, 13:16:45,540
FROV00001,FrozenEngine,996,08/22/2021, 14:09:38,540
FROV00001,FrozenEngine,996,08/22/2021, 15:12:03,540
FROV00001,FrozenEngine,997,08/22/2021, 16:15:38,540
FROV00001,FrozenEngine,997,08/22/2021, 17:15:30,540
FROV00001,FrozenEngine,997,08/22/2021, 18:12:20,540
FROV00001,FrozenEngine,997,08/22/2021, 19:08:46,540
FROV00001,FrozenEngine,997,08/22/2021, 20:11:16,540
FROV00001,FrozenEngine,997,08/22/2021, 21:09:38,540
FROV00001,FrozenEngine,997,08/22/2021, 22:10:52,540
FROV00001,FrozenEngine,997,08/22/2021, 23:11:00,540
FROV00001,FrozenEngine,997,08/23/2021, 00:33:13,540
FROV00001,FrozenEngine,997,08/23/2021, 01:45:10,540
FROV00001,FrozenEngine,997,08/23/2021, 02:20:32,540
FROV00001,FrozenEngine,997,08/23/2021, 03:11:43,540
FROV00001,FrozenEngine,997,08/23/2021, 04:14:32,540
FROV00001,FrozenEngine,997,08/23/2021, 05:09:53,540
FROV00001,FrozenEngine,997,08/23/2021, 06:13:48,540
FROV00001,FrozenEngine,997,08/23/2021, 07:15:53,540
FROV00001,FrozenEngine,997,08/23/2021, 08:17:57,540
FROV00001,FrozenEngine,997,08/23/2021, 09:16:02,540
FROV00001,FrozenEngine,997,08/23/2021, 10:17:07,540
FROV00001,FrozenEngine,997,08/23/2021, 11:14:59,540
FROV00001,FrozenEngine,997,08/23/2021, 12:21:57,540
FROV00001,FrozenEngine,997,08/23/2021, 13:22:54,540
FROV00001,FrozenEngine,997,08/23/2021, 14:15:00,540
FROV00001,FrozenEngine,997,08/23/2021, 15:14:54,540
FROV00001,FrozenEngine,997,08/23/2021, 16:17:26,540
FROV00001,FrozenEngine,997,08/23/2021, 17:18:01,540
FROV00001,FrozenEngine,997,08/23/2021, 18:18:57,540
FROV00001,FrozenEngine,997,08/23/2021, 19:12:59,540
FROV00001,FrozenEngine,997,08/23/2021, 20:15:58,540
FROV00001,FrozenEngine,997,08/23/2021, 21:14:57,540
FROV00001,FrozenEngine,997,08/23/2021, 22:13:08,540
FROV00001,FrozenEngine,998,08/23/2021, 23:11:20,540
FROV00001,FrozenEngine,998,08/24/2021, 00:34:13,540
FROV00001,FrozenEngine,998,08/24/2021, 01:48:30,540
FROV00001,FrozenEngine,998,08/24/2021, 02:19:50,540
FROV00001,FrozenEngine,998,08/24/2021, 03:11:53,540
FROV00001,FrozenEngine,998,08/24/2021, 04:14:17,540
FROV00001,FrozenEngine,998,08/24/2021, 05:09:54,540
FROV00001,FrozenEngine,998,08/24/2021, 06:13:26,540
FROV00001,FrozenEngine,998,08/24/2021, 07:11:18,540
FROV00001,FrozenEngine,998,08/24/2021, 08:18:01,540
FROV00001,FrozenEngine,998,08/24/2021, 09:16:01,540
FROV00001,FrozenEngine,998,08/24/2021, 10:12:40,540
FROV00001,FrozenEngine,998,08/24/2021, 11:13:53,540
FROV00001,FrozenEngine,998,08/24/2021, 12:21:59,540
FROV00001,FrozenEngine,998,08/24/2021, 13:17:32,540
FROV00001,FrozenEngine,998,08/24/2021, 14:14:54,540
FROV00001,FrozenEngine,998,08/24/2021, 15:15:40,540
FROV00001,FrozenEngine,998,08/24/2021, 16:16:31,540
FROV00001,FrozenEngine,998,08/24/2021, 17:21:48,540
FROV00001,FrozenEngine,998,08/24/2021, 18:16:55,540
FROV00001,FrozenEngine,998,08/24/2021, 19:13:54,540
FROV00001,FrozenEngine,998,08/24/2021, 20:13:39,540
FROV00001,FrozenEngine,998,08/24/2021, 21:13:50,540
FROV00001,FrozenEngine,998,08/24/2021, 22:11:10,540
FROV00001,FrozenEngine,998,08/24/2021, 23:11:23,540
FROV00001,FrozenEngine,998,08/25/2021, 00:35:33,540
FROV00001,FrozenEngine,998,08/25/2021, 01:50:58,540
FROV00001,FrozenEngine,998,08/25/2021, 02:21:21,540
FROV00001,FrozenEngine,998,08/25/2021, 03:11:46,540
FROV00001,FrozenEngine,998,08/25/2021, 04:14:11,540
FROV00001,FrozenEngine,998,08/25/2021, 05:09:55,540
FROV00001,FrozenEngine,998,08/25/2021, 06:13:23,540
FROV00001,FrozenEngine,998,08/25/2021, 07:15:58,540
FROV00001,FrozenEngine,998,08/25/2021, 08:13:46,540
FROV00001,FrozenEngine,998,08/25/2021, 09:15:59,540
FROV00001,FrozenEngine,998,08/25/2021, 10:17:57,540
FROV00001,FrozenEngine,998,08/25/2021, 11:14:00,540
FROV00001,FrozenEngine,998,08/25/2021, 12:21:51,540
FROV00001,FrozenEngine,998,08/25/2021, 13:23:00,540
FROV00001,FrozenEngine,998,08/25/2021, 14:14:55,540
FROV00001,FrozenEngine,998,08/25/2021, 15:14:19,540
FROV00001,FrozenEngine,998,08/25/2021, 17:21:50,540
FROV00001,FrozenEngine,998,08/25/2021, 18:17:08,540
FROV00001,FrozenEngine,998,08/25/2021, 19:13:38,540
FROV00001,FrozenEngine,998,08/25/2021, 20:16:05,540
FROV00001,FrozenEngine,998,08/25/2021, 21:14:57,540
FROV00001,FrozenEngine,998,08/25/2021, 22:11:06,540
FROV00001,FrozenEngine,998,08/25/2021, 23:11:21,540
FROV00001,FrozenEngine,998,08/26/2021, 00:33:57,540
FROV00001,FrozenEngine,998,08/26/2021, 01:48:31,540
FROV00001,FrozenEngine,998,08/26/2021, 02:20:13,540
FROV00001,FrozenEngine,998,08/26/2021, 03:11:26,540
FROV00001,FrozenEngine,998,08/26/2021, 04:14:16,540
FROV00001,FrozenEngine,998,08/26/2021, 05:09:57,540
FROV00001,FrozenEngine,998,08/26/2021, 06:13:12,540
FROV00001,FrozenEngine,998,08/26/2021, 07:10:58,540
FROV00001,FrozenEngine,998,08/26/2021, 08:18:10,540
FROV00001,FrozenEngine,998,08/26/2021, 09:15:58,540
FROV00001,FrozenEngine,998,08/26/2021, 10:17:00,540
FROV00001,FrozenEngine,998,08/26/2021, 11:11:46,540
FROV00001,FrozenEngine,998,08/26/2021, 12:22:55,540
FROV00001,FrozenEngine,998,08/26/2021, 13:22:59,540
FROV00001,FrozenEngine,998,08/26/2021, 14:15:03,540
FROV00001,FrozenEngine,998,08/26/2021, 15:16:55,540
FROV00001,FrozenEngine,998,08/26/2021, 16:17:38,540
FROV00001,FrozenEngine,998,08/26/2021, 17:17:46,540
FROV00001,FrozenEngine,998,08/26/2021, 18:13:03,540
FROV00001,FrozenEngine,998,08/26/2021, 19:14:44,540
FROV00001,FrozenEngine,998,08/26/2021, 20:15:54,540
FROV00001,FrozenEngine,998,08/26/2021, 21:10:21,540
FROV00001,FrozenEngine,998,08/26/2021, 22:11:02,540
FROV00001,FrozenEngine,998,08/26/2021, 23:11:15,540
FROV00001,FrozenEngine,998,08/27/2021, 00:38:58,540
FROV00001,FrozenEngine,998,08/27/2021, 01:55:13,540
FROV00001,FrozenEngine,998,08/27/2021, 02:24:12,540
FROV00001,FrozenEngine,998,08/27/2021, 03:11:28,540
FROV00001,FrozenEngine,998,08/27/2021, 04:14:15,540
FROV00001,FrozenEngine,998,08/27/2021, 05:09:48,540
FROV00001,FrozenEngine,998,08/27/2021, 06:13:24,540
FROV00001,FrozenEngine,998,08/27/2021, 07:12:29,540
FROV00001,FrozenEngine,998,08/27/2021, 08:17:50,540
FROV00001,FrozenEngine,998,08/27/2021, 09:15:57,540
FROV00001,FrozenEngine,998,08/27/2021, 10:16:56,540
FROV00001,FrozenEngine,998,08/27/2021, 11:09:14,540
FROV00001,FrozenEngine,998,08/27/2021, 12:18:45,540
FROV00001,FrozenEngine,998,08/27/2021, 13:21:51,540
FROV00001,FrozenEngine,998,08/27/2021, 14:14:49,540
FROV00001,FrozenEngine,998,08/27/2021, 15:16:54,540
FROV00001,FrozenEngine,998,08/27/2021, 16:20:41,540
FROV00001,FrozenEngine,998,08/27/2021, 17:16:50,540
FROV00001,FrozenEngine,998,08/27/2021, 18:15:19,540
FROV00001,FrozenEngine,998,08/27/2021, 19:09:16,540
FROV00001,FrozenEngine,998,08/27/2021, 20:11:27,540
FROV00001,FrozenEngine,998,08/27/2021, 21:09:45,540
FROV00001,FrozenEngine,998,08/27/2021, 22:11:02,540
FROV00001,FrozenEngine,998,08/27/2021, 23:11:10,540
FROV00001,FrozenEngine,998,08/28/2021, 00:34:18,540
FROV00001,FrozenEngine,998,08/28/2021, 01:46:22,540
FROV00001,FrozenEngine,998,08/28/2021, 02:22:01,540
FROV00001,FrozenEngine,998,08/28/2021, 03:11:32,540
FROV00001,FrozenEngine,998,08/28/2021, 04:13:54,540
FROV00001,FrozenEngine,998,08/28/2021, 05:09:37,540
FROV00001,FrozenEngine,998,08/28/2021, 06:12:49,540
FROV00001,FrozenEngine,998,08/28/2021, 07:10:37,540
FROV00001,FrozenEngine,998,08/28/2021, 08:12:31,540
FROV00001,FrozenEngine,998,08/28/2021, 09:10:26,540
FROV00001,FrozenEngine,998,08/28/2021, 10:11:50,540
FROV00001,FrozenEngine,998,08/28/2021, 11:09:06,540
FROV00001,FrozenEngine,998,08/28/2021, 12:16:12,540
FROV00001,FrozenEngine,998,08/28/2021, 13:15:16,540
FROV00001,FrozenEngine,998,08/28/2021, 15:11:16,540
FROV00001,FrozenEngine,998,08/28/2021, 16:16:05,540
FROV00001,FrozenEngine,998,08/28/2021, 17:15:24,540
FROV00001,FrozenEngine,998,08/28/2021, 18:12:15,540
FROV00001,FrozenEngine,998,08/28/2021, 19:08:38,540
FROV00001,FrozenEngine,998,08/28/2021, 20:11:00,540
FROV00001,FrozenEngine,998,08/28/2021, 21:09:31,540
FROV00001,FrozenEngine,998,08/28/2021, 22:10:41,540
FROV00001,FrozenEngine,998,08/28/2021, 23:11:12,540
FROV00001,FrozenEngine,998,08/29/2021, 00:37:29,540
FROV00001,FrozenEngine,998,08/29/2021, 01:53:46,540
FROV00001,FrozenEngine,998,08/29/2021, 02:22:09,540
FROV00001,FrozenEngine,998,08/29/2021, 03:11:23,540
FROV00001,FrozenEngine,998,08/29/2021, 04:13:54,540
FROV00001,FrozenEngine,998,08/29/2021, 05:09:32,540
FROV00001,FrozenEngine,998,08/29/2021, 06:12:44,540
FROV00001,FrozenEngine,998,08/29/2021, 07:10:45,540
FROV00001,FrozenEngine,998,08/29/2021, 08:12:30,540
FROV00001,FrozenEngine,998,08/29/2021, 09:10:20,540
FROV00001,FrozenEngine,998,08/29/2021, 10:11:56,540
FROV00001,FrozenEngine,998,08/29/2021, 11:08:59,540
FROV00001,FrozenEngine,998,08/29/2021, 12:16:17,540
FROV00001,FrozenEngine,998,08/29/2021, 13:15:22,540
FROV00001,FrozenEngine,998,08/29/2021, 14:10:01,540
FROV00001,FrozenEngine,998,08/29/2021, 15:11:27,540
FROV00001,FrozenEngine,998,08/29/2021, 16:15:40,540
FROV00001,FrozenEngine,998,08/29/2021, 17:15:36,540
FROV00001,FrozenEngine,998,08/29/2021, 18:12:12,540
FROV00001,FrozenEngine,998,08/29/2021, 19:08:58,540
FROV00001,FrozenEngine,998,08/29/2021, 20:10:55,540
FROV00001,FrozenEngine,998,08/29/2021, 21:09:33,540
FROV00001,FrozenEngine,998,08/29/2021, 22:10:38,540
FROV00001,FrozenEngine,998,08/29/2021, 23:10:55,540
FROV00001,FrozenEngine,998,08/30/2021, 00:36:01,540
FROV00001,FrozenEngine,998,08/30/2021, 01:51:24,540
FROV00001,FrozenEngine,998,08/30/2021, 02:21:18,540
FROV00001,FrozenEngine,998,08/30/2021, 03:11:57,540
FROV00001,FrozenEngine,998,08/30/2021, 04:14:21,540
FROV00001,FrozenEngine,998,08/30/2021, 05:09:55,540
FROV00001,FrozenEngine,998,08/30/2021, 06:13:26,540
FROV00001,FrozenEngine,998,08/30/2021, 07:14:36,540
FROV00001,FrozenEngine,998,08/30/2021, 08:17:55,540
FROV00001,FrozenEngine,998,08/30/2021, 09:15:56,540
FROV00001,FrozenEngine,998,08/30/2021, 10:16:58,540
FROV00001,FrozenEngine,998,08/30/2021, 11:13:56,540
FROV00001,FrozenEngine,998,08/30/2021, 12:22:02,540
FROV00001,FrozenEngine,998,08/30/2021, 13:23:01,540
FROV00001,FrozenEngine,998,08/30/2021, 14:15:08,540
FROV00001,FrozenEngine,998,08/30/2021, 15:17:04,540
FROV00001,FrozenEngine,998,08/30/2021, 16:18:51,540
FROV00001,FrozenEngine,998,08/30/2021, 17:22:03,540
FROV00001,FrozenEngine,998,08/30/2021, 18:17:56,540
FROV00001,FrozenEngine,998,08/30/2021, 19:13:56,540
FROV00001,FrozenEngine,999,08/30/2021, 20:16:58,540
FROV00001,FrozenEngine,999,08/30/2021, 21:11:03,540
FROV00001,FrozenEngine,999,08/30/2021, 22:14:45,540
FROV00001,FrozenEngine,999,08/30/2021, 23:11:23,540
FROV00001,FrozenEngine,999,08/31/2021, 00:37:36,540
FROV00001,FrozenEngine,999,08/31/2021, 01:51:49,540
FROV00001,FrozenEngine,999,08/31/2021, 02:21:18,540
FROV00001,FrozenEngine,999,08/31/2021, 03:11:56,540
FROV00001,FrozenEngine,999,08/31/2021, 04:13:59,540
FROV00001,FrozenEngine,999,08/31/2021, 05:09:53,540
FROV00001,FrozenEngine,999,08/31/2021, 06:13:14,540
FROV00001,FrozenEngine,999,08/31/2021, 07:16:04,540
FROV00001,FrozenEngine,999,08/31/2021, 08:18:15,540
FROV00001,FrozenEngine,999,08/31/2021, 09:17:39,540
FROV00001,FrozenEngine,999,08/31/2021, 10:17:02,540
FROV00001,FrozenEngine,999,08/31/2021, 11:13:54,540
FROV00001,FrozenEngine,999,08/31/2021, 12:19:36,540
FROV00001,FrozenEngine,999,08/31/2021, 13:22:53,540
FROV00001,FrozenEngine,999,08/31/2021, 14:10:18,540
FROV00001,FrozenEngine,1000,08/31/2021, 15:16:56,540
FROV00001,FrozenEngine,1000,08/31/2021, 16:20:59,540
FROV00001,FrozenEngine,1001,08/31/2021, 17:21:55,540
FROV00001,FrozenEngine,1001,08/31/2021, 18:17:04,540
FROV00001,FrozenEngine,1001,08/31/2021, 19:13:59,540
FROV00001,FrozenEngine,1001,08/31/2021, 20:15:55,540
FROV00001,FrozenEngine,1001,08/31/2021, 21:09:57,540
FROV00001,FrozenEngine,1001,08/31/2021, 22:09:50,540
FROV00001,FrozenEngine,1001,08/31/2021, 23:11:03,540
FROV00001,FrozenEngine,1001,09/01/2021, 00:39:52,540
FROV00001,FrozenEngine,1001,09/01/2021, 01:57:47,540
FROV00001,FrozenEngine,1001,09/01/2021, 02:28:14,540
FROV00001,FrozenEngine,1001,09/01/2021, 03:11:51,540
FROV00001,FrozenEngine,1001,09/01/2021, 04:14:35,540
FROV00001,FrozenEngine,1001,09/01/2021, 05:10:16,540
FROV00001,FrozenEngine,1001,09/01/2021, 06:13:45,540
FROV00001,FrozenEngine,1001,09/01/2021, 07:15:56,540
FROV00001,FrozenEngine,1001,09/01/2021, 08:16:10,540
FROV00001,FrozenEngine,1001,09/01/2021, 09:15:52,540
FROV00001,FrozenEngine,1001,09/01/2021, 10:16:58,540
FROV00001,FrozenEngine,1001,09/01/2021, 11:13:58,540
FROV00001,FrozenEngine,1001,09/01/2021, 12:22:06,540
FROV00001,FrozenEngine,1001,09/01/2021, 13:23:07,540
FROV00001,FrozenEngine,1002,09/01/2021, 14:10:57,540
FROV00001,FrozenEngine,1002,09/01/2021, 15:16:23,540
FROV00001,FrozenEngine,1002,09/01/2021, 16:16:45,540
FROV00001,FrozenEngine,1002,09/01/2021, 17:20:40,540
FROV00001,FrozenEngine,1002,09/01/2021, 18:15:12,540
FROV00001,FrozenEngine,1002,09/01/2021, 19:12:59,540
FROV00001,FrozenEngine,1002,09/01/2021, 20:16:54,540
FROV00001,FrozenEngine,1002,09/01/2021, 21:15:01,540
FROV00001,FrozenEngine,1002,09/01/2021, 22:11:18,540
FROV00001,FrozenEngine,1002,09/01/2021, 23:11:32,540
FROV00001,FrozenEngine,1002,09/02/2021, 00:36:41,540
FROV00001,FrozenEngine,1002,09/02/2021, 01:52:05,540
FROV00001,FrozenEngine,1002,09/02/2021, 02:21:32,540
FROV00001,FrozenEngine,1002,09/02/2021, 03:11:53,540
FROV00001,FrozenEngine,1002,09/02/2021, 04:14:29,540
FROV00001,FrozenEngine,1002,09/02/2021, 05:10:45,540
FROV00001,FrozenEngine,1002,09/02/2021, 06:13:38,540
FROV00001,FrozenEngine,1002,09/02/2021, 07:15:54,540
FROV00001,FrozenEngine,1002,09/02/2021, 08:17:59,540
FROV00001,FrozenEngine,1002,09/02/2021, 09:16:08,540
FROV00001,FrozenEngine,1002,09/02/2021, 10:16:54,540
FROV00001,FrozenEngine,1002,09/02/2021, 11:14:03,540
FROV00001,FrozenEngine,1002,09/02/2021, 12:21:57,540
FROV00001,FrozenEngine,1002,09/02/2021, 13:23:12,540
FROV00001,FrozenEngine,1002,09/02/2021, 14:15:00,540
FROV00001,FrozenEngine,1002,09/02/2021, 15:14:52,540
FROV00001,FrozenEngine,1002,09/02/2021, 16:17:23,540
FROV00001,FrozenEngine,1002,09/02/2021, 17:18:44,540
FROV00001,FrozenEngine,1002,09/02/2021, 18:13:07,540
FROV00001,FrozenEngine,1002,09/02/2021, 19:09:09,540
FROV00001,FrozenEngine,1002,09/02/2021, 20:15:54,540
FROV00001,FrozenEngine,1002,09/02/2021, 21:12:18,540
FROV00001,FrozenEngine,1002,09/02/2021, 22:11:09,540
FROV00001,FrozenEngine,1002,09/02/2021, 23:11:41,540
FROV00001,FrozenEngine,1002,09/03/2021, 00:36:24,540
FROV00001,FrozenEngine,1002,09/03/2021, 01:52:56,540
FROV00001,FrozenEngine,1002,09/03/2021, 02:22:27,540
FROV00001,FrozenEngine,1002,09/03/2021, 03:12:02,540
FROV00001,FrozenEngine,1002,09/03/2021, 04:14:32,540
FROV00001,FrozenEngine,1002,09/03/2021, 05:10:13,540
FROV00001,FrozenEngine,1002,09/03/2021, 06:13:30,540
FROV00001,FrozenEngine,1002,09/03/2021, 07:11:30,540
FROV00001,FrozenEngine,1002,09/03/2021, 08:18:13,540
FROV00001,FrozenEngine,1002,09/03/2021, 09:15:57,540
FROV00001,FrozenEngine,1002,09/03/2021, 10:17:03,540
FROV00001,FrozenEngine,1002,09/03/2021, 11:11:21,540
FROV00001,FrozenEngine,1002,09/03/2021, 12:22:02,540
FROV00001,FrozenEngine,1002,09/03/2021, 13:23:02,540
FROV00001,FrozenEngine,1002,09/03/2021, 14:14:55,540
FROV00001,FrozenEngine,1002,09/03/2021, 15:17:02,540
FROV00001,FrozenEngine,1002,09/03/2021, 16:16:45,540
FROV00001,FrozenEngine,1002,09/03/2021, 17:17:18,540
FROV00001,FrozenEngine,1002,09/03/2021, 18:12:42,540
FROV00001,FrozenEngine,1002,09/03/2021, 19:09:13,540
FROV00001,FrozenEngine,1002,09/03/2021, 20:12:21,540
FROV00001,FrozenEngine,1002,09/03/2021, 21:09:56,540
FROV00001,FrozenEngine,1002,09/03/2021, 22:11:14,540
FROV00001,FrozenEngine,1002,09/03/2021, 23:11:18,540
FROV00001,FrozenEngine,1002,09/04/2021, 00:36:28,540
FROV00001,FrozenEngine,1002,09/04/2021, 01:53:25,540
FROV00001,FrozenEngine,1002,09/04/2021, 02:25:27,540
FROV00001,FrozenEngine,1002,09/04/2021, 03:11:39,540
FROV00001,FrozenEngine,1002,09/04/2021, 04:14:32,540
FROV00001,FrozenEngine,1002,09/04/2021, 05:09:37,540
FROV00001,FrozenEngine,1002,09/04/2021, 06:12:56,540
FROV00001,FrozenEngine,1002,09/04/2021, 07:11:06,540
FROV00001,FrozenEngine,1002,09/04/2021, 08:12:36,540
FROV00001,FrozenEngine,1002,09/04/2021, 09:10:31,540
FROV00001,FrozenEngine,1003,09/04/2021, 10:11:53,540
FROV00001,FrozenEngine,1003,09/04/2021, 11:09:14,540
FROV00001,FrozenEngine,1003,09/04/2021, 12:16:16,540
FROV00001,FrozenEngine,1003,09/04/2021, 13:16:11,540
FROV00001,FrozenEngine,1003,09/04/2021, 14:09:58,540
FROV00001,FrozenEngine,1004,09/04/2021, 15:11:19,540
FROV00001,FrozenEngine,1004,09/04/2021, 16:15:57,540
FROV00001,FrozenEngine,1004,09/04/2021, 17:15:53,540
FROV00001,FrozenEngine,1004,09/04/2021, 18:12:20,540
FROV00001,FrozenEngine,1004,09/04/2021, 19:10:25,540
FROV00001,FrozenEngine,1004,09/04/2021, 20:11:12,540
FROV00001,FrozenEngine,1004,09/04/2021, 21:09:28,540
FROV00001,FrozenEngine,1004,09/04/2021, 22:10:46,540
FROV00001,FrozenEngine,1004,09/04/2021, 23:10:44,540
FROV00001,FrozenEngine,1004,09/05/2021, 00:39:27,540
FROV00001,FrozenEngine,1004,09/05/2021, 01:55:10,540
FROV00001,FrozenEngine,1004,09/05/2021, 02:23:47,540
FROV00001,FrozenEngine,1004,09/05/2021, 03:11:41,540
FROV00001,FrozenEngine,1004,09/05/2021, 04:14:19,540
FROV00001,FrozenEngine,1004,09/05/2021, 05:09:44,540
FROV00001,FrozenEngine,1004,09/05/2021, 06:12:57,540
FROV00001,FrozenEngine,1004,09/05/2021, 07:11:00,540
FROV00001,FrozenEngine,1004,09/05/2021, 08:12:39,540
FROV00001,FrozenEngine,1004,09/05/2021, 09:10:39,540
FROV00001,FrozenEngine,1004,09/05/2021, 10:11:58,540
FROV00001,FrozenEngine,1004,09/05/2021, 11:09:06,540
FROV00001,FrozenEngine,1004,09/05/2021, 12:16:34,540
FROV00001,FrozenEngine,1004,09/05/2021, 13:16:46,540
FROV00001,FrozenEngine,1004,09/05/2021, 14:09:58,540
FROV00001,FrozenEngine,1004,09/05/2021, 15:11:16,540
FROV00001,FrozenEngine,1004,09/05/2021, 16:16:00,540
FROV00001,FrozenEngine,1004,09/05/2021, 17:15:54,540
FROV00001,FrozenEngine,1004,09/05/2021, 18:12:17,540
FROV00001,FrozenEngine,1004,09/05/2021, 19:08:49,540
FROV00001,FrozenEngine,1004,09/05/2021, 20:11:21,540
FROV00001,FrozenEngine,1004,09/05/2021, 21:09:27,540
FROV00001,FrozenEngine,1004,09/05/2021, 22:11:48,540
FROV00001,FrozenEngine,1004,09/05/2021, 23:11:12,540
FROV00001,FrozenEngine,1004,09/06/2021, 00:40:28,540
FROV00001,FrozenEngine,1004,09/06/2021, 01:58:11,540
FROV00001,FrozenEngine,1004,09/06/2021, 02:28:28,540
FROV00001,FrozenEngine,1004,09/06/2021, 03:11:52,540
FROV00001,FrozenEngine,1004,09/06/2021, 04:14:17,540
FROV00001,FrozenEngine,1004,09/06/2021, 05:10:26,540
FROV00001,FrozenEngine,1004,09/06/2021, 06:13:37,540
FROV00001,FrozenEngine,1004,09/06/2021, 07:11:39,540
FROV00001,FrozenEngine,1004,09/06/2021, 08:17:52,540
FROV00001,FrozenEngine,1004,09/06/2021, 09:16:01,540
FROV00001,FrozenEngine,1004,09/06/2021, 10:17:55,540
FROV00001,FrozenEngine,1004,09/06/2021, 11:14:04,540
FROV00001,FrozenEngine,1004,09/06/2021, 12:22:01,540
FROV00001,FrozenEngine,1004,09/06/2021, 13:20:37,540
FROV00001,FrozenEngine,1004,09/06/2021, 14:10:50,540
FROV00001,FrozenEngine,1004,09/06/2021, 15:11:43,540
FROV00001,FrozenEngine,1004,09/06/2021, 16:16:36,540
FROV00001,FrozenEngine,1004,09/06/2021, 17:17:32,540
FROV00001,FrozenEngine,1004,09/06/2021, 18:12:43,540
FROV00001,FrozenEngine,1004,09/06/2021, 19:09:02,540
FROV00001,FrozenEngine,1004,09/06/2021, 20:11:40,540
FROV00001,FrozenEngine,1004,09/06/2021, 21:10:00,540
FROV00001,FrozenEngine,1004,09/06/2021, 22:10:57,540
FROV00001,FrozenEngine,1004,09/06/2021, 23:11:04,540
FROV00001,FrozenEngine,1004,09/07/2021, 00:35:19,540
FROV00001,FrozenEngine,1004,09/07/2021, 01:50:37,540
FROV00001,FrozenEngine,1004,09/07/2021, 02:21:29,540
FROV00001,FrozenEngine,1004,09/07/2021, 03:11:49,540
FROV00001,FrozenEngine,1004,09/07/2021, 04:14:14,540
FROV00001,FrozenEngine,1004,09/07/2021, 05:10:02,540
FROV00001,FrozenEngine,1004,09/07/2021, 06:13:28,540
FROV00001,FrozenEngine,1004,09/07/2021, 07:12:03,540
FROV00001,FrozenEngine,1004,09/07/2021, 08:13:58,540
FROV00001,FrozenEngine,1004,09/07/2021, 09:16:08,540
FROV00001,FrozenEngine,1004,09/07/2021, 10:14:37,540
FROV00001,FrozenEngine,1004,09/07/2021, 11:13:56,540
FROV00001,FrozenEngine,1004,09/07/2021, 12:17:00,540
FROV00001,FrozenEngine,1004,09/07/2021, 13:18:27,540
FROV00001,FrozenEngine,1004,09/07/2021, 14:10:43,540
FROV00001,FrozenEngine,1004,09/07/2021, 15:12:06,540
FROV00001,FrozenEngine,1004,09/07/2021, 16:16:54,540
FROV00001,FrozenEngine,1004,09/07/2021, 17:17:40,540
FROV00001,FrozenEngine,1004,09/07/2021, 18:12:44,540
FROV00001,FrozenEngine,1004,09/07/2021, 19:09:15,540
FROV00001,FrozenEngine,1004,09/07/2021, 20:11:41,540
FROV00001,FrozenEngine,1004,09/07/2021, 21:09:46,540
FROV00001,FrozenEngine,1004,09/07/2021, 22:11:13,540
FROV00001,FrozenEngine,1004,09/07/2021, 23:11:17,540
FROV00001,FrozenEngine,1004,09/08/2021, 00:35:22,540
FROV00001,FrozenEngine,1004,09/08/2021, 01:52:38,540
FROV00001,FrozenEngine,1004,09/08/2021, 02:22:27,540
FROV00001,FrozenEngine,1004,09/08/2021, 03:11:55,540
FROV00001,FrozenEngine,1004,09/08/2021, 04:14:32,540
FROV00001,FrozenEngine,1004,09/08/2021, 05:08:33,540
FROV00001,FrozenEngine,1004,09/08/2021, 06:13:23,540
FROV00001,FrozenEngine,1005,09/08/2021, 07:11:19,540
FROV00001,FrozenEngine,1005,09/08/2021, 08:12:58,540
FROV00001,FrozenEngine,1005,09/08/2021, 09:11:11,540
FROV00001,FrozenEngine,1005,09/08/2021, 10:12:44,540
FROV00001,FrozenEngine,1005,09/08/2021, 11:09:19,540
FROV00001,FrozenEngine,1005,09/08/2021, 12:17:18,540
FROV00001,FrozenEngine,1005,09/08/2021, 13:18:35,540
FROV00001,FrozenEngine,1005,09/08/2021, 14:10:32,540
FROV00001,FrozenEngine,1005,09/08/2021, 15:12:09,540
FROV00001,FrozenEngine,1005,09/08/2021, 16:16:36,540
FROV00001,FrozenEngine,1005,09/08/2021, 17:17:29,540
FROV00001,FrozenEngine,1005,09/08/2021, 18:14:51,540
FROV00001,FrozenEngine,1005,09/08/2021, 19:09:43,540
FROV00001,FrozenEngine,1005,09/08/2021, 20:11:58,540
FROV00001,FrozenEngine,1005,09/08/2021, 21:09:51,540
FROV00001,FrozenEngine,1005,09/08/2021, 22:11:17,540
FROV00001,FrozenEngine,1005,09/08/2021, 23:11:16,540
FROV00001,FrozenEngine,1005,09/09/2021, 00:38:49,540
FROV00001,FrozenEngine,1005,09/09/2021, 01:55:59,540
FROV00001,FrozenEngine,1005,09/09/2021, 02:25:00,540
FROV00001,FrozenEngine,1005,09/09/2021, 03:11:56,540
FROV00001,FrozenEngine,1005,09/09/2021, 04:14:38,540
FROV00001,FrozenEngine,1005,09/09/2021, 05:10:28,540
FROV00001,FrozenEngine,1005,09/09/2021, 06:13:30,540
FROV00001,FrozenEngine,1005,09/09/2021, 07:11:56,540
FROV00001,FrozenEngine,1005,09/09/2021, 08:13:11,540
FROV00001,FrozenEngine,1005,09/09/2021, 09:11:21,540
FROV00001,FrozenEngine,1005,09/09/2021, 10:12:28,540
FROV00001,FrozenEngine,1005,09/09/2021, 11:09:43,540
FROV00001,FrozenEngine,1005,09/09/2021, 12:17:34,540
FROV00001,FrozenEngine,1005,09/09/2021, 13:18:56,540
FROV00001,FrozenEngine,1005,09/09/2021, 14:10:27,540
FROV00001,FrozenEngine,1005,09/09/2021, 15:11:49,540
FROV00001,FrozenEngine,1005,09/09/2021, 16:16:44,540
FROV00001,FrozenEngine,1005,09/09/2021, 17:17:06,540
FROV00001,FrozenEngine,1005,09/09/2021, 18:13:03,540
FROV00001,FrozenEngine,1005,09/09/2021, 19:09:09,540
FROV00001,FrozenEngine,1005,09/09/2021, 20:11:48,540
FROV00001,FrozenEngine,1005,09/09/2021, 21:10:06,540
FROV00001,FrozenEngine,1005,09/09/2021, 22:11:13,540
FROV00001,FrozenEngine,1005,09/09/2021, 23:11:20,540
FROV00001,FrozenEngine,1005,09/10/2021, 00:41:14,540
FROV00001,FrozenEngine,1005,09/10/2021, 01:56:05,540
FROV00001,FrozenEngine,1005,09/10/2021, 02:25:24,540
FROV00001,FrozenEngine,1005,09/10/2021, 03:11:52,540
FROV00001,FrozenEngine,1005,09/10/2021, 04:14:43,540
FROV00001,FrozenEngine,1005,09/10/2021, 05:10:07,540
FROV00001,FrozenEngine,1005,09/10/2021, 06:13:37,540
FROV00001,FrozenEngine,1005,09/10/2021, 07:11:23,540
FROV00001,FrozenEngine,1005,09/10/2021, 08:16:27,540
FROV00001,FrozenEngine,1005,09/10/2021, 09:16:03,540
FROV00001,FrozenEngine,1005,09/10/2021, 10:12:14,540
FROV00001,FrozenEngine,1005,09/10/2021, 11:09:39,540
FROV00001,FrozenEngine,1005,09/10/2021, 12:17:18,540
FROV00001,FrozenEngine,1005,09/10/2021, 13:19:35,540
FROV00001,FrozenEngine,1005,09/10/2021, 14:10:45,540
FROV00001,FrozenEngine,1005,09/10/2021, 15:12:04,540
FROV00001,FrozenEngine,1005,09/10/2021, 16:16:39,540
FROV00001,FrozenEngine,1005,09/10/2021, 17:14:38,540
FROV00001,FrozenEngine,1005,09/10/2021, 18:12:48,540
FROV00001,FrozenEngine,1005,09/10/2021, 19:09:11,540
FROV00001,FrozenEngine,1005,09/10/2021, 20:11:44,540
FROV00001,FrozenEngine,1005,09/10/2021, 21:09:46,540
FROV00001,FrozenEngine,1005,09/10/2021, 22:11:02,540
FROV00001,FrozenEngine,1005,09/10/2021, 23:11:18,540
FROV00001,FrozenEngine,1005,09/11/2021, 00:36:42,540
FROV00001,FrozenEngine,1005,09/11/2021, 01:51:29,540
FROV00001,FrozenEngine,1005,09/11/2021, 02:23:50,540
FROV00001,FrozenEngine,1005,09/11/2021, 03:11:30,540
FROV00001,FrozenEngine,1005,09/11/2021, 04:14:11,540
FROV00001,FrozenEngine,1005,09/11/2021, 05:09:40,540
FROV00001,FrozenEngine,1005,09/11/2021, 06:13:02,540
FROV00001,FrozenEngine,1005,09/11/2021, 07:10:49,540
FROV00001,FrozenEngine,1005,09/11/2021, 08:12:35,540
FROV00001,FrozenEngine,1005,09/11/2021, 09:10:39,540
FROV00001,FrozenEngine,1005,09/11/2021, 10:11:53,540
FROV00001,FrozenEngine,1005,09/11/2021, 11:09:23,540
FROV00001,FrozenEngine,1005,09/11/2021, 12:16:27,540
FROV00001,FrozenEngine,1005,09/11/2021, 13:16:13,540
FROV00001,FrozenEngine,1005,09/11/2021, 14:10:03,540
FROV00001,FrozenEngine,1005,09/11/2021, 15:11:05,540
FROV00001,FrozenEngine,1005,09/11/2021, 16:15:56,540
FROV00001,FrozenEngine,1005,09/11/2021, 17:15:05,540
FROV00001,FrozenEngine,1005,09/11/2021, 18:12:16,540
FROV00001,FrozenEngine,1005,09/11/2021, 19:08:44,540
FROV00001,FrozenEngine,1005,09/11/2021, 20:11:17,540
FROV00001,FrozenEngine,1005,09/11/2021, 21:09:17,540
FROV00001,FrozenEngine,1005,09/11/2021, 22:10:32,540
FROV00001,FrozenEngine,1005,09/11/2021, 23:10:55,540
FROV00001,FrozenEngine,1005,09/12/2021, 00:39:14,540
FROV00001,FrozenEngine,1005,09/12/2021, 01:56:48,540
FROV00001,FrozenEngine,1005,09/12/2021, 02:26:03,540
FROV00001,FrozenEngine,1005,09/12/2021, 03:11:40,540
FROV00001,FrozenEngine,1005,09/12/2021, 04:14:13,540
FROV00001,FrozenEngine,1005,09/12/2021, 05:09:42,540
FROV00001,FrozenEngine,1005,09/12/2021, 06:12:51,540
FROV00001,FrozenEngine,1005,09/12/2021, 07:11:05,540
FROV00001,FrozenEngine,1005,09/12/2021, 08:12:20,540
FROV00001,FrozenEngine,1005,09/12/2021, 09:10:39,540
FROV00001,FrozenEngine,1005,09/12/2021, 10:11:52,540
FROV00001,FrozenEngine,1005,09/12/2021, 11:09:29,540
FROV00001,FrozenEngine,1005,09/12/2021, 12:16:33,540
FROV00001,FrozenEngine,1005,09/12/2021, 13:16:07,540
FROV00001,FrozenEngine,1005,09/12/2021, 14:09:49,540
FROV00001,FrozenEngine,1005,09/12/2021, 15:11:11,540
FROV00001,FrozenEngine,1005,09/12/2021, 16:15:47,540
FROV00001,FrozenEngine,1006,09/12/2021, 17:15:10,540
FROV00001,FrozenEngine,1006,09/12/2021, 18:12:18,540
FROV00001,FrozenEngine,1006,09/12/2021, 19:09:06,540
FROV00001,FrozenEngine,1006,09/12/2021, 20:11:16,540
FROV00001,FrozenEngine,1006,09/12/2021, 21:09:35,540
FROV00001,FrozenEngine,1006,09/12/2021, 22:10:24,540
FROV00001,FrozenEngine,1006,09/12/2021, 23:10:59,540
FROV00001,FrozenEngine,1006,09/13/2021, 00:40:01,540
FROV00001,FrozenEngine,1006,09/13/2021, 01:54:53,540
FROV00001,FrozenEngine,1006,09/13/2021, 02:24:15,540
FROV00001,FrozenEngine,1006,09/13/2021, 03:11:54,540
FROV00001,FrozenEngine,1006,09/13/2021, 04:14:19,540
FROV00001,FrozenEngine,1006,09/13/2021, 05:10:02,540
FROV00001,FrozenEngine,1006,09/13/2021, 06:13:52,540
FROV00001,FrozenEngine,1006,09/13/2021, 07:11:37,540
FROV00001,FrozenEngine,1006,09/13/2021, 08:13:25,540
FROV00001,FrozenEngine,1006,09/13/2021, 09:11:22,540
FROV00001,FrozenEngine,1006,09/13/2021, 10:12:43,540
FROV00001,FrozenEngine,1006,09/13/2021, 11:09:28,540
FROV00001,FrozenEngine,1006,09/13/2021, 12:18:36,540
FROV00001,FrozenEngine,1006,09/13/2021, 13:21:01,540
FROV00001,FrozenEngine,1006,09/13/2021, 14:10:51,540
FROV00001,FrozenEngine,1006,09/13/2021, 15:11:57,540
FROV00001,FrozenEngine,1006,09/13/2021, 16:15:33,540
FROV00001,FrozenEngine,1006,09/13/2021, 17:16:16,540
FROV00001,FrozenEngine,1006,09/13/2021, 18:13:46,540
FROV00001,FrozenEngine,1006,09/13/2021, 19:09:28,540
FROV00001,FrozenEngine,1006,09/13/2021, 20:11:45,540
FROV00001,FrozenEngine,1006,09/13/2021, 21:10:00,540
FROV00001,FrozenEngine,1006,09/13/2021, 22:10:54,540
FROV00001,FrozenEngine,1006,09/13/2021, 23:11:25,540
FROV00001,FrozenEngine,1006,09/14/2021, 00:39:26,540
FROV00001,FrozenEngine,1006,09/14/2021, 01:54:56,540
FROV00001,FrozenEngine,1006,09/14/2021, 02:23:19,540
FROV00001,FrozenEngine,1006,09/14/2021, 03:12:19,540
FROV00001,FrozenEngine,1006,09/14/2021, 04:14:19,540
FROV00001,FrozenEngine,1006,09/14/2021, 05:11:02,540
FROV00001,FrozenEngine,1006,09/14/2021, 06:13:27,540
FROV00001,FrozenEngine,1006,09/14/2021, 07:11:21,540
FROV00001,FrozenEngine,1006,09/14/2021, 08:13:24,540
FROV00001,FrozenEngine,1006,09/14/2021, 09:11:05,540
FROV00001,FrozenEngine,1006,09/14/2021, 10:12:23,540
FROV00001,FrozenEngine,1006,09/14/2021, 11:09:30,540
FROV00001,FrozenEngine,1006,09/14/2021, 12:17:16,540
FROV00001,FrozenEngine,1006,09/14/2021, 13:18:30,540
FROV00001,FrozenEngine,1006,09/14/2021, 14:10:40,540
FROV00001,FrozenEngine,1006,09/14/2021, 15:11:46,540
FROV00001,FrozenEngine,1006,09/14/2021, 16:16:38,540
FROV00001,FrozenEngine,1006,09/14/2021, 17:16:29,540
FROV00001,FrozenEngine,1006,09/14/2021, 18:12:22,540
FROV00001,FrozenEngine,1006,09/14/2021, 19:09:34,540
FROV00001,FrozenEngine,1006,09/14/2021, 20:11:37,540
FROV00001,FrozenEngine,1006,09/14/2021, 21:09:56,540
FROV00001,FrozenEngine,1006,09/14/2021, 22:11:06,540
FROV00001,FrozenEngine,1006,09/14/2021, 23:11:20,540
FROV00001,FrozenEngine,1006,09/15/2021, 00:37:35,540
FROV00001,FrozenEngine,1006,09/15/2021, 01:54:19,540
FROV00001,FrozenEngine,1006,09/15/2021, 02:23:18,540
FROV00001,FrozenEngine,1006,09/15/2021, 03:12:11,540
FROV00001,FrozenEngine,1006,09/15/2021, 04:14:04,540
FROV00001,FrozenEngine,1006,09/15/2021, 05:10:06,540
FROV00001,FrozenEngine,1006,09/15/2021, 06:13:19,540
FROV00001,FrozenEngine,1006,09/15/2021, 07:11:27,540
FROV00001,FrozenEngine,1006,09/15/2021, 08:12:59,540
FROV00001,FrozenEngine,1006,09/15/2021, 09:11:08,540
FROV00001,FrozenEngine,1006,09/15/2021, 10:12:11,540
FROV00001,FrozenEngine,1006,09/15/2021, 11:09:30,540
FROV00001,FrozenEngine,1007,09/15/2021, 12:18:29,540
FROV00001,FrozenEngine,1007,09/15/2021, 13:18:34,540
FROV00001,FrozenEngine,1007,09/15/2021, 14:10:41,540
FROV00001,FrozenEngine,1007,09/15/2021, 15:11:49,540
FROV00001,FrozenEngine,1007,09/15/2021, 16:14:50,540
FROV00001,FrozenEngine,1007,09/15/2021, 17:14:34,540
FROV00001,FrozenEngine,1007,09/15/2021, 18:12:51,540
FROV00001,FrozenEngine,1007,09/15/2021, 19:09:13,540
FROV00001,FrozenEngine,1007,09/15/2021, 20:12:02,540
FROV00001,FrozenEngine,1007,09/15/2021, 21:10:00,540
FROV00001,FrozenEngine,1007,09/15/2021, 22:11:15,540
FROV00001,FrozenEngine,1007,09/15/2021, 23:11:36,540
FROV00001,FrozenEngine,1007,09/16/2021, 00:38:43,540
FROV00001,FrozenEngine,1007,09/16/2021, 01:59:59,540
FROV00001,FrozenEngine,1007,09/16/2021, 02:33:13,540
FROV00001,FrozenEngine,1007,09/16/2021, 03:11:47,540
FROV00001,FrozenEngine,1007,09/16/2021, 04:14:13,540
FROV00001,FrozenEngine,1007,09/16/2021, 05:10:35,540
FROV00001,FrozenEngine,1007,09/16/2021, 06:13:31,540
FROV00001,FrozenEngine,1007,09/16/2021, 07:11:56,540
FROV00001,FrozenEngine,1007,09/16/2021, 08:13:47,540
FROV00001,FrozenEngine,1007,09/16/2021, 09:11:12,540
FROV00001,FrozenEngine,1007,09/16/2021, 10:12:52,540
FROV00001,FrozenEngine,1007,09/16/2021, 11:09:29,540
FROV00001,FrozenEngine,1007,09/16/2021, 12:17:33,540
FROV00001,FrozenEngine,1007,09/16/2021, 13:19:00,540
FROV00001,FrozenEngine,1007,09/16/2021, 14:11:17,540
FROV00001,FrozenEngine,1007,09/16/2021, 15:11:55,540
FROV00001,FrozenEngine,1007,09/16/2021, 16:16:28,540
FROV00001,FrozenEngine,1007,09/16/2021, 17:15:54,540
FROV00001,FrozenEngine,1007,09/16/2021, 18:12:53,540
FROV00001,FrozenEngine,1007,09/16/2021, 19:09:12,540
FROV00001,FrozenEngine,1007,09/16/2021, 20:11:47,540
FROV00001,FrozenEngine,1007,09/16/2021, 21:10:03,540
FROV00001,FrozenEngine,1007,09/16/2021, 22:11:16,540
FROV00001,FrozenEngine,1008,09/16/2021, 23:11:38,540
FROV00001,FrozenEngine,1008,09/17/2021, 00:41:19,540
FROV00001,FrozenEngine,1008,09/17/2021, 02:01:02,540
FROV00001,FrozenEngine,1008,09/17/2021, 03:11:54,540
FROV00001,FrozenEngine,1008,09/17/2021, 04:14:11,540
FROV00001,FrozenEngine,1008,09/17/2021, 05:10:20,540
FROV00001,FrozenEngine,1008,09/17/2021, 06:13:26,540
FROV00001,FrozenEngine,1008,09/17/2021, 07:11:21,540
FROV00001,FrozenEngine,1008,09/17/2021, 08:13:24,540
FROV00001,FrozenEngine,1008,09/17/2021, 09:10:57,540
FROV00001,FrozenEngine,1008,09/17/2021, 10:12:22,540
FROV00001,FrozenEngine,1008,09/17/2021, 11:09:24,540
FROV00001,FrozenEngine,1008,09/17/2021, 12:17:47,540
FROV00001,FrozenEngine,1008,09/17/2021, 13:18:11,540
FROV00001,FrozenEngine,1008,09/17/2021, 14:10:34,540
FROV00001,FrozenEngine,1008,09/17/2021, 15:11:37,540
FROV00001,FrozenEngine,1008,09/17/2021, 16:16:31,540
FROV00001,FrozenEngine,1008,09/17/2021, 17:16:57,540
FROV00001,FrozenEngine,1008,09/17/2021, 18:12:44,540
FROV00001,FrozenEngine,1008,09/17/2021, 19:09:59,540
FROV00001,FrozenEngine,1008,09/17/2021, 20:11:35,540
FROV00001,FrozenEngine,1008,09/17/2021, 21:09:49,540
FROV00001,FrozenEngine,1008,09/17/2021, 22:11:09,540
FROV00001,FrozenEngine,1008,09/17/2021, 23:11:50,540
FROV00001,FrozenEngine,1008,09/18/2021, 00:36:42,540
FROV00001,FrozenEngine,1008,09/18/2021, 01:57:13,540
FROV00001,FrozenEngine,1008,09/18/2021, 02:29:52,540
FROV00001,FrozenEngine,1008,09/18/2021, 03:11:40,540
FROV00001,FrozenEngine,1008,09/18/2021, 04:14:04,540
FROV00001,FrozenEngine,1008,09/18/2021, 05:09:59,540
FROV00001,FrozenEngine,1008,09/18/2021, 06:12:50,540
FROV00001,FrozenEngine,1008,09/18/2021, 07:11:24,540
FROV00001,FrozenEngine,1008,09/18/2021, 08:12:40,540
FROV00001,FrozenEngine,1008,09/18/2021, 09:10:33,540
FROV00001,FrozenEngine,1008,09/18/2021, 10:11:59,540
FROV00001,FrozenEngine,1008,09/18/2021, 11:09:16,540
FROV00001,FrozenEngine,1008,09/18/2021, 12:16:29,540
FROV00001,FrozenEngine,1008,09/18/2021, 13:15:50,540
FROV00001,FrozenEngine,1008,09/18/2021, 14:10:09,540
FROV00001,FrozenEngine,1008,09/18/2021, 15:11:00,540
FROV00001,FrozenEngine,1008,09/18/2021, 16:15:49,540
FROV00001,FrozenEngine,1008,09/18/2021, 17:14:09,540
FROV00001,FrozenEngine,1008,09/18/2021, 18:12:26,540
FROV00001,FrozenEngine,1008,09/18/2021, 19:08:54,540
FROV00001,FrozenEngine,1008,09/18/2021, 20:11:16,540
FROV00001,FrozenEngine,1008,09/18/2021, 21:09:23,540
FROV00001,FrozenEngine,1008,09/18/2021, 22:10:42,540
FROV00001,FrozenEngine,1008,09/18/2021, 23:10:53,540
FROV00001,FrozenEngine,1008,09/19/2021, 00:38:19,540
FROV00001,FrozenEngine,1008,09/19/2021, 01:56:42,540
FROV00001,FrozenEngine,1008,09/19/2021, 02:26:09,540
FROV00001,FrozenEngine,1008,09/19/2021, 03:11:31,540
FROV00001,FrozenEngine,1008,09/19/2021, 04:13:49,540
FROV00001,FrozenEngine,1008,09/19/2021, 05:09:50,540
FROV00001,FrozenEngine,1008,09/19/2021, 06:12:55,540
FROV00001,FrozenEngine,1008,09/19/2021, 07:10:55,540
FROV00001,FrozenEngine,1008,09/19/2021, 08:12:36,540
FROV00001,FrozenEngine,1008,09/19/2021, 09:10:40,540
FROV00001,FrozenEngine,1008,09/19/2021, 10:12:04,540
FROV00001,FrozenEngine,1008,09/19/2021, 11:09:07,540
FROV00001,FrozenEngine,1008,09/19/2021, 12:16:34,540
FROV00001,FrozenEngine,1008,09/19/2021, 13:16:02,540
FROV00001,FrozenEngine,1008,09/19/2021, 14:09:45,540
FROV00001,FrozenEngine,1008,09/19/2021, 15:11:19,540
FROV00001,FrozenEngine,1008,09/19/2021, 16:15:29,540
FROV00001,FrozenEngine,1008,09/19/2021, 17:13:59,540
FROV00001,FrozenEngine,1008,09/19/2021, 18:12:29,540
FROV00001,FrozenEngine,1008,09/19/2021, 19:08:58,540
FROV00001,FrozenEngine,1008,09/19/2021, 20:11:20,540
FROV00001,FrozenEngine,1008,09/19/2021, 21:09:38,540
FROV00001,FrozenEngine,1008,09/19/2021, 22:10:58,540
FROV00001,FrozenEngine,1008,09/19/2021, 23:10:55,540
FROV00001,FrozenEngine,1008,09/20/2021, 00:41:45,540
FROV00001,FrozenEngine,1008,09/20/2021, 01:57:17,540
FROV00001,FrozenEngine,1008,09/20/2021, 02:27:00,540
FROV00001,FrozenEngine,1008,09/20/2021, 03:12:03,540
FROV00001,FrozenEngine,1008,09/20/2021, 04:14:25,540
FROV00001,FrozenEngine,1008,09/20/2021, 05:10:19,540
FROV00001,FrozenEngine,1008,09/20/2021, 06:13:49,540
FROV00001,FrozenEngine,1008,09/20/2021, 07:11:40,540
FROV00001,FrozenEngine,1008,09/20/2021, 08:13:25,540
FROV00001,FrozenEngine,1008,09/20/2021, 09:11:15,540
FROV00001,FrozenEngine,1008,09/20/2021, 10:12:31,540
FROV00001,FrozenEngine,1008,09/20/2021, 11:09:34,540
FROV00001,FrozenEngine,1008,09/20/2021, 12:18:12,540
FROV00001,FrozenEngine,1008,09/20/2021, 13:19:42,540
FROV00001,FrozenEngine,1008,09/20/2021, 14:10:44,540
FROV00001,FrozenEngine,1008,09/20/2021, 15:11:48,540
FROV00001,FrozenEngine,1008,09/20/2021, 16:16:43,540
FROV00001,FrozenEngine,1008,09/20/2021, 17:12:57,540
FROV00001,FrozenEngine,1008,09/20/2021, 18:13:14,540
FROV00001,FrozenEngine,1008,09/20/2021, 19:09:17,540
FROV00001,FrozenEngine,1008,09/20/2021, 20:12:02,540
FROV00001,FrozenEngine,1008,09/20/2021, 21:10:43,540
FROV00001,FrozenEngine,1008,09/20/2021, 22:11:15,540
FROV00001,FrozenEngine,1008,09/20/2021, 23:09:20,540
FROV00001,FrozenEngine,1008,09/21/2021, 00:38:38,540
FROV00001,FrozenEngine,1008,09/21/2021, 01:56:02,540
FROV00001,FrozenEngine,1008,09/21/2021, 02:25:13,540
FROV00001,FrozenEngine,1008,09/21/2021, 03:12:01,540
FROV00001,FrozenEngine,1009,09/21/2021, 04:14:40,540
FROV00001,FrozenEngine,1009,09/21/2021, 05:09:59,540
FROV00001,FrozenEngine,1009,09/21/2021, 06:13:43,540
FROV00001,FrozenEngine,1009,09/21/2021, 07:11:31,540
FROV00001,FrozenEngine,1009,09/21/2021, 08:13:47,540
FROV00001,FrozenEngine,1009,09/21/2021, 09:11:16,540
FROV00001,FrozenEngine,1009,09/21/2021, 10:12:14,540
FROV00001,FrozenEngine,1009,09/21/2021, 11:09:33,540
FROV00001,FrozenEngine,1009,09/21/2021, 12:17:39,540
FROV00001,FrozenEngine,1009,09/21/2021, 13:18:31,540
FROV00001,FrozenEngine,1009,09/21/2021, 14:10:38,540
FROV00001,FrozenEngine,1009,09/21/2021, 15:11:56,540
FROV00001,FrozenEngine,1009,09/21/2021, 16:16:38,540
FROV00001,FrozenEngine,1009,09/21/2021, 17:16:40,540
FROV00001,FrozenEngine,1009,09/21/2021, 18:13:20,540
FROV00001,FrozenEngine,1009,09/21/2021, 19:09:18,540
FROV00001,FrozenEngine,1009,09/21/2021, 20:11:44,540
FROV00001,FrozenEngine,1009,09/21/2021, 21:10:32,540
FROV00001,FrozenEngine,1009,09/21/2021, 22:11:17,540
FROV00001,FrozenEngine,1009,09/21/2021, 23:11:47,540
FROV00001,FrozenEngine,1009,09/22/2021, 00:38:02,540
FROV00001,FrozenEngine,1009,09/22/2021, 01:57:40,540
FROV00001,FrozenEngine,1009,09/22/2021, 02:27:53,540
FROV00001,FrozenEngine,1009,09/22/2021, 03:11:54,540
FROV00001,FrozenEngine,1009,09/22/2021, 04:14:19,540
FROV00001,FrozenEngine,1009,09/22/2021, 05:10:42,540
FROV00001,FrozenEngine,1009,09/22/2021, 06:13:39,540
FROV00001,FrozenEngine,1009,09/22/2021, 07:11:37,540
FROV00001,FrozenEngine,1009,09/22/2021, 08:13:13,540
FROV00001,FrozenEngine,1009,09/22/2021, 09:11:16,540
FROV00001,FrozenEngine,1009,09/22/2021, 10:12:19,540
FROV00001,FrozenEngine,1009,09/22/2021, 11:09:34,540
FROV00001,FrozenEngine,1009,09/22/2021, 12:17:39,540
FROV00001,FrozenEngine,1009,09/22/2021, 13:19:14,540
FROV00001,FrozenEngine,1009,09/22/2021, 14:10:38,540
FROV00001,FrozenEngine,1009,09/22/2021, 15:11:58,540
FROV00001,FrozenEngine,1009,09/22/2021, 16:16:41,540
FROV00001,FrozenEngine,1009,09/22/2021, 17:17:10,540
FROV00001,FrozenEngine,1009,09/22/2021, 18:12:56,540
FROV00001,FrozenEngine,1009,09/22/2021, 19:09:25,540
FROV00001,FrozenEngine,1009,09/22/2021, 20:11:57,540
FROV00001,FrozenEngine,1009,09/22/2021, 21:09:52,540
FROV00001,FrozenEngine,1009,09/22/2021, 22:10:59,540
FROV00001,FrozenEngine,1009,09/22/2021, 23:12:02,540
FROV00001,FrozenEngine,1009,09/23/2021, 00:39:44,540
FROV00001,FrozenEngine,1009,09/23/2021, 02:00:45,540
FROV00001,FrozenEngine,1009,09/23/2021, 02:34:32,540
FROV00001,FrozenEngine,1009,09/23/2021, 03:11:53,540
FROV00001,FrozenEngine,1009,09/23/2021, 04:14:22,540
FROV00001,FrozenEngine,1009,09/23/2021, 05:10:26,540
FROV00001,FrozenEngine,1009,09/23/2021, 06:14:04,540
FROV00001,FrozenEngine,1009,09/23/2021, 07:11:34,540
FROV00001,FrozenEngine,1009,09/23/2021, 08:13:29,540
FROV00001,FrozenEngine,1009,09/23/2021, 09:11:51,540
FROV00001,FrozenEngine,1009,09/23/2021, 10:12:41,540
FROV00001,FrozenEngine,1009,09/23/2021, 11:09:46,540
FROV00001,FrozenEngine,1009,09/23/2021, 12:19:03,540
FROV00001,FrozenEngine,1009,09/23/2021, 13:20:32,540
FROV00001,FrozenEngine,1009,09/23/2021, 14:10:50,540
FROV00001,FrozenEngine,1009,09/23/2021, 15:11:58,540
FROV00001,FrozenEngine,1009,09/23/2021, 16:16:53,540
FROV00001,FrozenEngine,1009,09/23/2021, 17:15:52,540
FROV00001,FrozenEngine,1009,09/23/2021, 18:13:08,540
FROV00001,FrozenEngine,1009,09/23/2021, 19:09:16,540
FROV00001,FrozenEngine,1009,09/23/2021, 20:11:56,540
FROV00001,FrozenEngine,1009,09/23/2021, 21:10:07,540
FROV00001,FrozenEngine,1009,09/23/2021, 22:11:07,540
FROV00001,FrozenEngine,1009,09/23/2021, 23:11:39,540
FROV00001,FrozenEngine,1009,09/24/2021, 00:37:21,540
FROV00001,FrozenEngine,1009,09/24/2021, 01:55:36,540
FROV00001,FrozenEngine,1009,09/24/2021, 02:24:28,540
FROV00001,FrozenEngine,1009,09/24/2021, 03:12:03,540
FROV00001,FrozenEngine,1009,09/24/2021, 04:14:23,540
FROV00001,FrozenEngine,1009,09/24/2021, 05:10:17,540
FROV00001,FrozenEngine,1009,09/24/2021, 06:13:34,540
FROV00001,FrozenEngine,1009,09/24/2021, 07:11:30,540
FROV00001,FrozenEngine,1009,09/24/2021, 08:13:26,540
FROV00001,FrozenEngine,1009,09/24/2021, 09:11:05,540
FROV00001,FrozenEngine,1009,09/24/2021, 10:12:47,540
FROV00001,FrozenEngine,1009,09/24/2021, 11:09:36,540
FROV00001,FrozenEngine,1009,09/24/2021, 12:17:31,540
FROV00001,FrozenEngine,1009,09/24/2021, 13:17:59,540
FROV00001,FrozenEngine,1009,09/24/2021, 14:10:30,540
FROV00001,FrozenEngine,1009,09/24/2021, 15:11:57,540
FROV00001,FrozenEngine,1009,09/24/2021, 16:16:29,540
FROV00001,FrozenEngine,1009,09/24/2021, 17:13:25,540
FROV00001,FrozenEngine,1009,09/24/2021, 18:13:10,540
FROV00001,FrozenEngine,1009,09/24/2021, 19:09:16,540
FROV00001,FrozenEngine,1009,09/24/2021, 20:11:57,540
FROV00001,FrozenEngine,1009,09/24/2021, 21:09:59,540
FROV00001,FrozenEngine,1010,09/24/2021, 22:11:12,540
FROV00001,FrozenEngine,1010,09/24/2021, 23:11:32,540
FROV00001,FrozenEngine,1010,09/25/2021, 00:36:56,540
FROV00001,FrozenEngine,1010,09/25/2021, 01:54:23,540
FROV00001,FrozenEngine,1010,09/25/2021, 02:25:51,540
FROV00001,FrozenEngine,1010,09/25/2021, 03:11:55,540
FROV00001,FrozenEngine,1010,09/25/2021, 04:13:59,540
FROV00001,FrozenEngine,1010,09/25/2021, 05:09:49,540
FROV00001,FrozenEngine,1010,09/25/2021, 06:12:59,540
FROV00001,FrozenEngine,1010,09/25/2021, 07:11:06,540
FROV00001,FrozenEngine,1010,09/25/2021, 08:12:38,540
FROV00001,FrozenEngine,1010,09/25/2021, 09:10:26,540
FROV00001,FrozenEngine,1010,09/25/2021, 10:11:53,540
FROV00001,FrozenEngine,1010,09/25/2021, 11:09:19,540
FROV00001,FrozenEngine,1010,09/25/2021, 12:16:31,540
FROV00001,FrozenEngine,1010,09/25/2021, 13:16:01,540
FROV00001,FrozenEngine,1010,09/25/2021, 14:09:57,540
FROV00001,FrozenEngine,1010,09/25/2021, 15:11:11,540
FROV00001,FrozenEngine,1010,09/25/2021, 16:15:38,540
FROV00001,FrozenEngine,1010,09/25/2021, 17:14:29,540
FROV00001,FrozenEngine,1010,09/25/2021, 18:12:21,540
FROV00001,FrozenEngine,1010,09/25/2021, 19:08:51,540
FROV00001,FrozenEngine,1010,09/25/2021, 20:11:29,540
FROV00001,FrozenEngine,1010,09/25/2021, 21:09:41,540
FROV00001,FrozenEngine,1010,09/25/2021, 22:10:41,540
FROV00001,FrozenEngine,1010,09/25/2021, 23:11:06,540
FROV00001,FrozenEngine,1010,09/26/2021, 00:40:26,540
FROV00001,FrozenEngine,1010,09/26/2021, 01:55:51,540
FROV00001,FrozenEngine,1010,09/26/2021, 02:24:13,540
FROV00001,FrozenEngine,1010,09/26/2021, 03:11:46,540
FROV00001,FrozenEngine,1010,09/26/2021, 04:14:07,540
FROV00001,FrozenEngine,1010,09/26/2021, 05:09:47,540
FROV00001,FrozenEngine,1010,09/26/2021, 06:12:57,540
FROV00001,FrozenEngine,1010,09/26/2021, 07:10:52,540
FROV00001,FrozenEngine,1010,09/26/2021, 08:12:43,540
FROV00001,FrozenEngine,1010,09/26/2021, 09:10:37,540
FROV00001,FrozenEngine,1010,09/26/2021, 10:12:02,540
FROV00001,FrozenEngine,1010,09/26/2021, 11:09:22,540
FROV00001,FrozenEngine,1010,09/26/2021, 12:16:41,540
FROV00001,FrozenEngine,1010,09/26/2021, 13:16:20,540
FROV00001,FrozenEngine,1010,09/26/2021, 14:09:52,540
FROV00001,FrozenEngine,1010,09/26/2021, 15:11:42,540
FROV00001,FrozenEngine,1010,09/26/2021, 16:15:35,540
FROV00001,FrozenEngine,1010,09/26/2021, 17:14:10,540
FROV00001,FrozenEngine,1010,09/26/2021, 18:12:19,540
FROV00001,FrozenEngine,1010,09/26/2021, 19:09:20,540
FROV00001,FrozenEngine,1010,09/26/2021, 20:11:26,540
FROV00001,FrozenEngine,1010,09/26/2021, 21:09:49,540
FROV00001,FrozenEngine,1010,09/26/2021, 22:10:51,540
FROV00001,FrozenEngine,1010,09/26/2021, 23:11:13,540
FROV00001,FrozenEngine,1010,09/27/2021, 00:37:34,540
FROV00001,FrozenEngine,1010,09/27/2021, 01:55:45,540
FROV00001,FrozenEngine,1010,09/27/2021, 02:25:20,540
FROV00001,FrozenEngine,1010,09/27/2021, 03:12:01,540
FROV00001,FrozenEngine,1010,09/27/2021, 04:14:38,540
FROV00001,FrozenEngine,1010,09/27/2021, 05:10:43,540
FROV00001,FrozenEngine,1010,09/27/2021, 06:14:00,540
FROV00001,FrozenEngine,1010,09/27/2021, 07:11:48,540
FROV00001,FrozenEngine,1010,09/27/2021, 08:13:51,540
FROV00001,FrozenEngine,1010,09/27/2021, 09:11:38,540
FROV00001,FrozenEngine,1010,09/27/2021, 10:13:35,540
FROV00001,FrozenEngine,1010,09/27/2021, 11:09:37,540
FROV00001,FrozenEngine,1010,09/27/2021, 12:18:07,540
FROV00001,FrozenEngine,1010,09/27/2021, 13:18:56,540
FROV00001,FrozenEngine,1010,09/27/2021, 14:10:49,540
FROV00001,FrozenEngine,1010,09/27/2021, 15:12:09,540
FROV00001,FrozenEngine,1010,09/27/2021, 16:21:55,540
FROV00001,FrozenEngine,1010,09/27/2021, 17:17:37,540
FROV00001,FrozenEngine,1010,09/27/2021, 18:13:02,540
FROV00001,FrozenEngine,1010,09/27/2021, 19:08:59,540
FROV00001,FrozenEngine,1010,09/27/2021, 20:11:53,540
FROV00001,FrozenEngine,1010,09/27/2021, 21:09:02,540
FROV00001,FrozenEngine,1010,09/27/2021, 22:11:13,540
FROV00001,FrozenEngine,1010,09/27/2021, 23:11:24,540
FROV00001,FrozenEngine,1010,09/28/2021, 00:38:32,540
FROV00001,FrozenEngine,1010,09/28/2021, 01:56:53,540
FROV00001,FrozenEngine,1010,09/28/2021, 02:26:37,540
FROV00001,FrozenEngine,1010,09/28/2021, 03:12:14,540
FROV00001,FrozenEngine,1010,09/28/2021, 04:15:25,540
FROV00001,FrozenEngine,1010,09/28/2021, 05:10:27,540
FROV00001,FrozenEngine,1010,09/28/2021, 06:13:34,540
FROV00001,FrozenEngine,1010,09/28/2021, 07:11:48,540
FROV00001,FrozenEngine,1010,09/28/2021, 08:13:46,540
FROV00001,FrozenEngine,1010,09/28/2021, 09:11:37,540
FROV00001,FrozenEngine,1010,09/28/2021, 10:12:30,540
FROV00001,FrozenEngine,1010,09/28/2021, 11:09:55,540
FROV00001,FrozenEngine,1010,09/28/2021, 12:18:30,540
FROV00001,FrozenEngine,1010,09/28/2021, 13:18:30,540
FROV00001,FrozenEngine,1010,09/28/2021, 14:10:46,540
FROV00001,FrozenEngine,1010,09/28/2021, 15:12:16,540
FROV00001,FrozenEngine,1010,09/28/2021, 16:16:42,540
FROV00001,FrozenEngine,1010,09/28/2021, 17:15:53,540
FROV00001,FrozenEngine,1010,09/28/2021, 18:12:55,540
FROV00001,FrozenEngine,1010,09/28/2021, 19:09:27,540
FROV00001,FrozenEngine,1010,09/28/2021, 20:11:46,540
FROV00001,FrozenEngine,1010,09/28/2021, 21:08:30,540
FROV00001,FrozenEngine,1010,09/28/2021, 22:11:05,540
FROV00001,FrozenEngine,1010,09/28/2021, 23:11:33,540
FROV00001,FrozenEngine,1010,09/29/2021, 00:37:27,540
FROV00001,FrozenEngine,1010,09/29/2021, 01:50:43,540
FROV00001,FrozenEngine,1010,09/29/2021, 02:20:41,540
FROV00001,FrozenEngine,1010,09/29/2021, 03:12:13,540
FROV00001,FrozenEngine,1010,09/29/2021, 04:14:44,540
FROV00001,FrozenEngine,1010,09/29/2021, 05:10:23,540
FROV00001,FrozenEngine,1010,09/29/2021, 06:13:46,540
FROV00001,FrozenEngine,1010,09/29/2021, 07:11:22,540
FROV00001,FrozenEngine,1010,09/29/2021, 08:13:22,540
FROV00001,FrozenEngine,1010,09/29/2021, 09:11:03,540
FROV00001,FrozenEngine,1010,09/29/2021, 10:12:49,540
FROV00001,FrozenEngine,1010,09/29/2021, 11:09:36,540
FROV00001,FrozenEngine,1010,09/29/2021, 12:17:46,540
FROV00001,FrozenEngine,1010,09/29/2021, 13:18:06,540
FROV00001,FrozenEngine,1010,09/29/2021, 14:11:04,540
FROV00001,FrozenEngine,1010,09/29/2021, 15:12:08,540
FROV00001,FrozenEngine,1010,09/29/2021, 16:16:36,540
FROV00001,FrozenEngine,1010,09/29/2021, 17:16:43,540
FROV00001,FrozenEngine,1010,09/29/2021, 18:13:03,540
FROV00001,FrozenEngine,1010,09/29/2021, 19:09:27,540
FROV00001,FrozenEngine,1010,09/29/2021, 20:11:46,540
FROV00001,FrozenEngine,1010,09/29/2021, 21:09:57,540
FROV00001,FrozenEngine,1010,09/29/2021, 22:11:16,540
FROV00001,FrozenEngine,1010,09/29/2021, 23:11:39,540
FROV00001,FrozenEngine,1010,09/30/2021, 00:41:57,540
FROV00001,FrozenEngine,1010,09/30/2021, 02:02:09,540
FROV00001,FrozenEngine,1010,09/30/2021, 03:12:15,540
FROV00001,FrozenEngine,1010,09/30/2021, 04:14:21,540
FROV00001,FrozenEngine,1010,09/30/2021, 05:10:23,540
FROV00001,FrozenEngine,1010,09/30/2021, 06:13:48,540
FROV00001,FrozenEngine,1010,09/30/2021, 07:11:35,540
FROV00001,FrozenEngine,1010,09/30/2021, 08:13:34,540
FROV00001,FrozenEngine,1010,09/30/2021, 09:11:06,540
FROV00001,FrozenEngine,1010,09/30/2021, 10:12:30,540
FROV00001,FrozenEngine,1010,09/30/2021, 11:09:32,540
FROV00001,FrozenEngine,1010,09/30/2021, 12:18:55,540
FROV00001,FrozenEngine,1010,09/30/2021, 13:18:50,540
FROV00001,FrozenEngine,1010,09/30/2021, 15:12:12,540
FROV00001,FrozenEngine,1010,09/30/2021, 16:16:40,540
FROV00001,FrozenEngine,1010,09/30/2021, 17:15:59,540
FROV00001,FrozenEngine,1010,09/30/2021, 18:13:01,540
FROV00001,FrozenEngine,1010,09/30/2021, 19:09:27,540
FROV00001,FrozenEngine,1010,09/30/2021, 20:11:55,540
FROV00001,FrozenEngine,1010,09/30/2021, 21:09:52,540
FROV00001,FrozenEngine,1012,09/30/2021, 22:11:26,540
FROV00001,FrozenEngine,1012,09/30/2021, 23:11:53,540
FROV00001,FrozenEngine,1012,10/01/2021, 00:41:40,540
FROV00001,FrozenEngine,1012,10/01/2021, 02:02:23,540
FROV00001,FrozenEngine,1012,10/01/2021, 03:12:00,540
FROV00001,FrozenEngine,1012,10/01/2021, 04:14:36,540
FROV00001,FrozenEngine,1012,10/01/2021, 05:10:23,540
FROV00001,FrozenEngine,1012,10/01/2021, 06:13:46,540
FROV00001,FrozenEngine,1012,10/01/2021, 07:11:30,540
FROV00001,FrozenEngine,1012,10/01/2021, 08:13:32,540
FROV00001,FrozenEngine,1012,10/01/2021, 09:11:35,540
FROV00001,FrozenEngine,1012,10/01/2021, 10:12:47,540
FROV00001,FrozenEngine,1012,10/01/2021, 11:10:00,540
FROV00001,FrozenEngine,1012,10/01/2021, 12:17:54,540
FROV00001,FrozenEngine,1012,10/01/2021, 13:18:21,540
FROV00001,FrozenEngine,1012,10/01/2021, 14:10:44,540
FROV00001,FrozenEngine,1012,10/01/2021, 15:12:02,540
FROV00001,FrozenEngine,1012,10/01/2021, 16:17:27,540
FROV00001,FrozenEngine,1012,10/01/2021, 17:17:42,540
FROV00001,FrozenEngine,1012,10/01/2021, 18:13:05,540
FROV00001,FrozenEngine,1012,10/01/2021, 19:09:22,540
FROV00001,FrozenEngine,1012,10/01/2021, 20:11:41,540
FROV00001,FrozenEngine,1012,10/01/2021, 21:09:56,540
FROV00001,FrozenEngine,1012,10/01/2021, 22:11:01,540
FROV00001,FrozenEngine,1012,10/01/2021, 23:11:23,540
FROV00001,FrozenEngine,1012,10/02/2021, 00:38:08,540
FROV00001,FrozenEngine,1013,10/02/2021, 01:54:02,540
FROV00001,FrozenEngine,1013,10/02/2021, 02:25:38,540
FROV00001,FrozenEngine,1013,10/02/2021, 03:11:43,540
FROV00001,FrozenEngine,1013,10/02/2021, 04:14:16,540
FROV00001,FrozenEngine,1013,10/02/2021, 05:09:53,540
FROV00001,FrozenEngine,1013,10/02/2021, 06:13:16,540
FROV00001,FrozenEngine,1013,10/02/2021, 07:11:06,540
FROV00001,FrozenEngine,1013,10/02/2021, 08:12:59,540
FROV00001,FrozenEngine,1013,10/02/2021, 09:10:38,540
FROV00001,FrozenEngine,1013,10/02/2021, 10:12:31,540
FROV00001,FrozenEngine,1013,10/02/2021, 11:09:21,540
FROV00001,FrozenEngine,1013,10/02/2021, 12:16:50,540
FROV00001,FrozenEngine,1013,10/02/2021, 13:15:43,540
FROV00001,FrozenEngine,1013,10/02/2021, 14:09:50,540
FROV00001,FrozenEngine,1013,10/02/2021, 15:11:16,540
FROV00001,FrozenEngine,1013,10/02/2021, 16:16:02,540
FROV00001,FrozenEngine,1013,10/02/2021, 17:14:20,540
FROV00001,FrozenEngine,1013,10/02/2021, 18:12:30,540
FROV00001,FrozenEngine,1013,10/02/2021, 19:09:07,540
FROV00001,FrozenEngine,1013,10/02/2021, 20:11:22,540
FROV00001,FrozenEngine,1013,10/02/2021, 21:09:40,540
FROV00001,FrozenEngine,1013,10/02/2021, 22:11:02,540
FROV00001,FrozenEngine,1013,10/02/2021, 23:11:19,540
FROV00001,FrozenEngine,1013,10/03/2021, 00:42:44,540
FROV00001,FrozenEngine,1013,10/03/2021, 01:58:56,540
FROV00001,FrozenEngine,1013,10/03/2021, 02:29:55,540
FROV00001,FrozenEngine,1013,10/03/2021, 03:11:50,540
FROV00001,FrozenEngine,1013,10/03/2021, 04:14:15,540
FROV00001,FrozenEngine,1013,10/03/2021, 05:10:07,540
FROV00001,FrozenEngine,1013,10/03/2021, 06:13:16,540
FROV00001,FrozenEngine,1013,10/03/2021, 07:10:58,540
FROV00001,FrozenEngine,1013,10/03/2021, 08:12:54,540
FROV00001,FrozenEngine,1013,10/03/2021, 09:11:07,540
FROV00001,FrozenEngine,1013,10/03/2021, 10:12:05,540
FROV00001,FrozenEngine,1014,10/03/2021, 11:09:29,540
FROV00001,FrozenEngine,1014,10/03/2021, 12:16:38,540
FROV00001,FrozenEngine,1014,10/03/2021, 13:15:41,540
FROV00001,FrozenEngine,1014,10/03/2021, 14:09:56,540
FROV00001,FrozenEngine,1014,10/03/2021, 15:11:45,540
FROV00001,FrozenEngine,1014,10/03/2021, 16:16:02,540
FROV00001,FrozenEngine,1014,10/03/2021, 17:14:06,540
FROV00001,FrozenEngine,1014,10/03/2021, 18:12:24,540
FROV00001,FrozenEngine,1014,10/03/2021, 19:09:16,540
FROV00001,FrozenEngine,1014,10/03/2021, 20:10:56,540
FROV00001,FrozenEngine,1014,10/03/2021, 21:10:00,540
FROV00001,FrozenEngine,1014,10/03/2021, 22:11:03,540
FROV00001,FrozenEngine,1014,10/03/2021, 23:11:17,540
FROV00001,FrozenEngine,1014,10/04/2021, 00:43:24,540
FROV00001,FrozenEngine,1014,10/04/2021, 02:02:11,540
FROV00001,FrozenEngine,1014,10/04/2021, 03:12:16,540
FROV00001,FrozenEngine,1014,10/04/2021, 04:14:41,540
FROV00001,FrozenEngine,1014,10/04/2021, 05:10:25,540
FROV00001,FrozenEngine,1014,10/04/2021, 06:13:52,540
FROV00001,FrozenEngine,1014,10/04/2021, 07:11:46,540
FROV00001,FrozenEngine,1014,10/04/2021, 08:13:57,540
FROV00001,FrozenEngine,1014,10/04/2021, 09:14:06,540
FROV00001,FrozenEngine,1014,10/04/2021, 10:12:38,540
FROV00001,FrozenEngine,1014,10/04/2021, 11:09:56,540
FROV00001,FrozenEngine,1014,10/04/2021, 12:17:33,540
FROV00001,FrozenEngine,1014,10/04/2021, 13:18:07,540
FROV00001,FrozenEngine,1014,10/04/2021, 14:11:53,540
FROV00001,FrozenEngine,1014,10/04/2021, 15:17:10,540
FROV00001,FrozenEngine,1014,10/04/2021, 16:16:33,540
FROV00001,FrozenEngine,1014,10/04/2021, 17:19:18,540
FROV00001,FrozenEngine,1014,10/04/2021, 18:13:13,540
FROV00001,FrozenEngine,1014,10/04/2021, 19:09:25,540
FROV00001,FrozenEngine,1014,10/04/2021, 20:58:04,540
FROV00001,FrozenEngine,1014,10/04/2021, 21:09:55,540
FROV00001,FrozenEngine,1014,10/04/2021, 22:11:21,540
FROV00001,FrozenEngine,1014,10/04/2021, 23:09:34,540
FROV00001,FrozenEngine,1014,10/05/2021, 00:39:15,540
FROV00001,FrozenEngine,1014,10/05/2021, 01:55:59,540
FROV00001,FrozenEngine,1014,10/05/2021, 02:25:10,540
FROV00001,FrozenEngine,1014,10/05/2021, 03:12:03,540
FROV00001,FrozenEngine,1014,10/05/2021, 04:14:44,540
FROV00001,FrozenEngine,1014,10/05/2021, 05:10:25,540
FROV00001,FrozenEngine,1014,10/05/2021, 06:13:49,540
FROV00001,FrozenEngine,1014,10/05/2021, 07:11:34,540
FROV00001,FrozenEngine,1014,10/05/2021, 08:14:02,540
FROV00001,FrozenEngine,1014,10/05/2021, 09:11:48,540
FROV00001,FrozenEngine,1014,10/05/2021, 10:12:10,540
FROV00001,FrozenEngine,1014,10/05/2021, 11:09:38,540
FROV00001,FrozenEngine,1014,10/05/2021, 12:17:47,540
FROV00001,FrozenEngine,1014,10/05/2021, 13:19:02,540
FROV00001,FrozenEngine,1014,10/05/2021, 14:58:41,540
FROV00001,FrozenEngine,1014,10/05/2021, 15:31:11,540
FROV00001,FrozenEngine,1014,10/05/2021, 16:17:07,540
FROV00001,FrozenEngine,1014,10/05/2021, 17:16:35,540
FROV00001,FrozenEngine,1014,10/05/2021, 18:12:58,540
FROV00001,FrozenEngine,1014,10/05/2021, 19:09:36,540
FROV00001,FrozenEngine,1014,10/05/2021, 20:11:44,540
FROV00001,FrozenEngine,1014,10/05/2021, 21:10:37,540
FROV00001,FrozenEngine,1014,10/05/2021, 22:11:15,540
FROV00001,FrozenEngine,1014,10/05/2021, 23:11:42,540
FROV00001,FrozenEngine,1014,10/06/2021, 00:41:28,540
FROV00001,FrozenEngine,1014,10/06/2021, 01:57:06,540
FROV00001,FrozenEngine,1014,10/06/2021, 02:27:11,540
FROV00001,FrozenEngine,1014,10/06/2021, 03:12:09,540
FROV00001,FrozenEngine,1014,10/06/2021, 04:14:16,540
FROV00001,FrozenEngine,1014,10/06/2021, 05:10:46,540
FROV00001,FrozenEngine,1014,10/06/2021, 06:13:40,540
FROV00001,FrozenEngine,1014,10/06/2021, 07:11:39,540
FROV00001,FrozenEngine,1014,10/06/2021, 08:13:42,540
FROV00001,FrozenEngine,1014,10/06/2021, 09:16:03,540
FROV00001,FrozenEngine,1014,10/06/2021, 10:12:24,540
FROV00001,FrozenEngine,1014,10/06/2021, 11:09:45,540
FROV00001,FrozenEngine,1014,10/06/2021, 12:18:02,540
FROV00001,FrozenEngine,1014,10/06/2021, 13:32:05,540
FROV00001,FrozenEngine,1014,10/06/2021, 14:15:59,540
FROV00001,FrozenEngine,1014,10/06/2021, 15:16:13,540
FROV00001,FrozenEngine,1014,10/06/2021, 16:14:44,540
FROV00001,FrozenEngine,1014,10/06/2021, 17:14:58,540
FROV00001,FrozenEngine,1014,10/06/2021, 18:12:58,540
FROV00001,FrozenEngine,1014,10/06/2021, 19:09:25,540
FROV00001,FrozenEngine,1014,10/06/2021, 20:11:58,540
FROV00001,FrozenEngine,1014,10/06/2021, 21:09:48,540
FROV00001,FrozenEngine,1014,10/06/2021, 22:11:04,540
FROV00001,FrozenEngine,1014,10/06/2021, 23:11:32,540
FROV00001,FrozenEngine,1014,10/07/2021, 00:40:45,540
FROV00001,FrozenEngine,1014,10/07/2021, 02:00:40,540
FROV00001,FrozenEngine,1014,10/07/2021, 02:35:19,540
FROV00001,FrozenEngine,1014,10/07/2021, 03:12:19,540
FROV00001,FrozenEngine,1014,10/07/2021, 04:14:56,540
FROV00001,FrozenEngine,1014,10/07/2021, 05:10:28,540
FROV00001,FrozenEngine,1014,10/07/2021, 06:13:30,540
FROV00001,FrozenEngine,1014,10/07/2021, 07:11:36,540
FROV00001,FrozenEngine,1014,10/07/2021, 08:13:53,540
FROV00001,FrozenEngine,1014,10/07/2021, 09:09:52,540
FROV00001,FrozenEngine,1014,10/07/2021, 10:12:49,540
FROV00001,FrozenEngine,1014,10/07/2021, 11:09:55,540
FROV00001,FrozenEngine,1014,10/07/2021, 12:19:25,540
FROV00001,FrozenEngine,1014,10/07/2021, 13:22:41,540
FROV00001,FrozenEngine,1014,10/07/2021, 14:13:14,540
FROV00001,FrozenEngine,1014,10/07/2021, 15:13:42,540
FROV00001,FrozenEngine,1014,10/07/2021, 16:14:12,540
FROV00001,FrozenEngine,1014,10/07/2021, 17:10:57,540
FROV00001,FrozenEngine,1014,10/07/2021, 18:13:16,540
FROV00001,FrozenEngine,1014,10/07/2021, 19:09:49,540
FROV00001,FrozenEngine,1014,10/07/2021, 20:11:57,540
FROV00001,FrozenEngine,1015,10/07/2021, 21:10:02,540
FROV00001,FrozenEngine,1015,10/07/2021, 22:11:21,540
FROV00001,FrozenEngine,1015,10/07/2021, 23:11:29,540
FROV00001,FrozenEngine,1015,10/08/2021, 00:42:05,540
FROV00001,FrozenEngine,1015,10/08/2021, 02:01:01,540
FROV00001,FrozenEngine,1015,10/08/2021, 03:12:04,540
FROV00001,FrozenEngine,1015,10/08/2021, 04:14:37,540
FROV00001,FrozenEngine,1015,10/08/2021, 05:10:32,540
FROV00001,FrozenEngine,1015,10/08/2021, 06:13:44,540
FROV00001,FrozenEngine,1015,10/08/2021, 07:11:43,540
FROV00001,FrozenEngine,1015,10/08/2021, 08:14:10,540
FROV00001,FrozenEngine,1015,10/08/2021, 09:11:55,540
FROV00001,FrozenEngine,1015,10/08/2021, 10:12:36,540
FROV00001,FrozenEngine,1015,10/08/2021, 11:11:25,540
FROV00001,FrozenEngine,1015,10/08/2021, 12:17:44,540
FROV00001,FrozenEngine,1015,10/08/2021, 13:17:39,540
FROV00001,FrozenEngine,1015,10/08/2021, 14:10:50,540
FROV00001,FrozenEngine,1015,10/08/2021, 15:12:02,540
FROV00001,FrozenEngine,1015,10/08/2021, 16:17:01,540
FROV00001,FrozenEngine,1016,10/08/2021, 17:18:01,540
FROV00001,FrozenEngine,1016,10/08/2021, 18:13:15,540
FROV00001,FrozenEngine,1016,10/08/2021, 19:09:32,540
FROV00001,FrozenEngine,1016,10/08/2021, 20:11:58,540
FROV00001,FrozenEngine,1016,10/08/2021, 21:09:56,540
FROV00001,FrozenEngine,1016,10/08/2021, 22:11:09,540
FROV00001,FrozenEngine,1016,10/08/2021, 23:11:59,540
FROV00001,FrozenEngine,1016,10/09/2021, 00:37:17,540
FROV00001,FrozenEngine,1016,10/09/2021, 01:51:59,540
FROV00001,FrozenEngine,1016,10/09/2021, 02:24:35,540
FROV00001,FrozenEngine,1016,10/09/2021, 03:12:05,540
FROV00001,FrozenEngine,1016,10/09/2021, 04:14:28,540
FROV00001,FrozenEngine,1016,10/09/2021, 05:10:05,540
FROV00001,FrozenEngine,1016,10/09/2021, 06:13:11,540
FROV00001,FrozenEngine,1016,10/09/2021, 07:11:14,540
FROV00001,FrozenEngine,1016,10/09/2021, 08:12:37,540
FROV00001,FrozenEngine,1016,10/09/2021, 09:10:40,540
FROV00001,FrozenEngine,1016,10/09/2021, 10:12:10,540
FROV00001,FrozenEngine,1016,10/09/2021, 11:09:30,540
FROV00001,FrozenEngine,1016,10/09/2021, 12:16:38,540
FROV00001,FrozenEngine,1016,10/09/2021, 13:15:27,540
FROV00001,FrozenEngine,1016,10/09/2021, 14:10:13,540
FROV00001,FrozenEngine,1016,10/09/2021, 15:11:20,540
FROV00001,FrozenEngine,1016,10/09/2021, 16:16:05,540
FROV00001,FrozenEngine,1016,10/09/2021, 17:14:30,540
FROV00001,FrozenEngine,1016,10/09/2021, 18:12:34,540
FROV00001,FrozenEngine,1016,10/09/2021, 19:08:59,540
FROV00001,FrozenEngine,1016,10/09/2021, 20:11:26,540
FROV00001,FrozenEngine,1016,10/09/2021, 21:09:42,540
FROV00001,FrozenEngine,1016,10/09/2021, 22:11:00,540
FROV00001,FrozenEngine,1016,10/09/2021, 23:11:17,540
FROV00001,FrozenEngine,1016,10/10/2021, 00:40:39,540
FROV00001,FrozenEngine,1016,10/10/2021, 01:56:09,540
FROV00001,FrozenEngine,1016,10/10/2021, 02:25:34,540
FROV00001,FrozenEngine,1016,10/10/2021, 03:11:47,540
FROV00001,FrozenEngine,1016,10/10/2021, 04:15:08,540
FROV00001,FrozenEngine,1016,10/10/2021, 05:10:13,540
FROV00001,FrozenEngine,1016,10/10/2021, 06:13:22,540
FROV00001,FrozenEngine,1016,10/10/2021, 07:11:06,540
FROV00001,FrozenEngine,1016,10/10/2021, 08:13:00,540
FROV00001,FrozenEngine,1016,10/10/2021, 09:10:54,540
FROV00001,FrozenEngine,1016,10/10/2021, 10:12:00,540
FROV00001,FrozenEngine,1016,10/10/2021, 11:09:25,540
FROV00001,FrozenEngine,1016,10/10/2021, 12:16:47,540
FROV00001,FrozenEngine,1016,10/10/2021, 13:15:24,540
FROV00001,FrozenEngine,1016,10/10/2021, 14:10:16,540
FROV00001,FrozenEngine,1016,10/10/2021, 15:11:10,540
FROV00001,FrozenEngine,1016,10/10/2021, 16:16:16,540
FROV00001,FrozenEngine,1016,10/10/2021, 17:14:34,540
FROV00001,FrozenEngine,1016,10/10/2021, 18:12:24,540
FROV00001,FrozenEngine,1016,10/10/2021, 19:09:05,540
FROV00001,FrozenEngine,1016,10/10/2021, 20:11:28,540
FROV00001,FrozenEngine,1016,10/10/2021, 21:09:46,540
FROV00001,FrozenEngine,1016,10/10/2021, 22:10:49,540
FROV00001,FrozenEngine,1016,10/10/2021, 23:11:20,540
FROV00001,FrozenEngine,1016,10/11/2021, 00:40:22,540
FROV00001,FrozenEngine,1016,10/11/2021, 02:00:29,540
FROV00001,FrozenEngine,1016,10/11/2021, 02:34:49,540
FROV00001,FrozenEngine,1016,10/11/2021, 03:12:16,540
FROV00001,FrozenEngine,1016,10/11/2021, 04:14:27,540
FROV00001,FrozenEngine,1016,10/11/2021, 05:10:37,540
FROV00001,FrozenEngine,1016,10/11/2021, 06:14:06,540
FROV00001,FrozenEngine,1016,10/11/2021, 07:11:52,540
FROV00001,FrozenEngine,1016,10/11/2021, 08:13:42,540
FROV00001,FrozenEngine,1016,10/11/2021, 09:11:46,540
FROV00001,FrozenEngine,1016,10/11/2021, 10:13:08,540
FROV00001,FrozenEngine,1016,10/11/2021, 11:09:44,540
FROV00001,FrozenEngine,1016,10/11/2021, 12:18:00,540
FROV00001,FrozenEngine,1016,10/11/2021, 13:18:29,540
FROV00001,FrozenEngine,1016,10/11/2021, 14:10:56,540
FROV00001,FrozenEngine,1016,10/11/2021, 15:12:17,540
FROV00001,FrozenEngine,1016,10/11/2021, 16:16:50,540
FROV00001,FrozenEngine,1016,10/11/2021, 17:16:18,540
FROV00001,FrozenEngine,1016,10/11/2021, 18:12:57,540
FROV00001,FrozenEngine,1016,10/11/2021, 19:09:20,540
FROV00001,FrozenEngine,1016,10/11/2021, 20:11:44,540
FROV00001,FrozenEngine,1016,10/11/2021, 21:09:58,540
FROV00001,FrozenEngine,1016,10/11/2021, 22:11:16,540
FROV00001,FrozenEngine,1016,10/11/2021, 23:11:39,540
FROV00001,FrozenEngine,1016,10/12/2021, 00:42:01,540
FROV00001,FrozenEngine,1016,10/12/2021, 02:00:05,540
FROV00001,FrozenEngine,1016,10/12/2021, 02:33:49,540
FROV00001,FrozenEngine,1016,10/12/2021, 03:12:07,540
FROV00001,FrozenEngine,1016,10/12/2021, 04:14:50,540
FROV00001,FrozenEngine,1016,10/12/2021, 05:10:26,540
FROV00001,FrozenEngine,1016,10/12/2021, 06:13:37,540
FROV00001,FrozenEngine,1016,10/12/2021, 07:11:35,540
FROV00001,FrozenEngine,1016,10/12/2021, 08:13:59,540
FROV00001,FrozenEngine,1016,10/12/2021, 09:11:33,540
FROV00001,FrozenEngine,1016,10/12/2021, 10:14:24,540
FROV00001,FrozenEngine,1016,10/12/2021, 11:09:45,540
FROV00001,FrozenEngine,1016,10/12/2021, 12:18:22,540
FROV00001,FrozenEngine,1016,10/12/2021, 13:18:55,540
FROV00001,FrozenEngine,1016,10/12/2021, 14:16:01,540
FROV00001,FrozenEngine,1016,10/12/2021, 15:18:07,540
FROV00001,FrozenEngine,1016,10/12/2021, 16:21:14,540
FROV00001,FrozenEngine,1016,10/12/2021, 17:16:09,540
FROV00001,FrozenEngine,1016,10/12/2021, 18:13:05,540
FROV00001,FrozenEngine,1016,10/12/2021, 19:09:24,540
FROV00001,FrozenEngine,1016,10/12/2021, 20:12:06,540
FROV00001,FrozenEngine,1016,10/12/2021, 21:10:13,540
FROV00001,FrozenEngine,1016,10/12/2021, 22:11:23,540
FROV00001,FrozenEngine,1016,10/12/2021, 23:11:37,540
FROV00001,FrozenEngine,1016,10/13/2021, 00:40:03,540
FROV00001,FrozenEngine,1016,10/13/2021, 02:01:00,540
FROV00001,FrozenEngine,1016,10/13/2021, 03:12:32,540
FROV00001,FrozenEngine,1016,10/13/2021, 04:14:41,540
FROV00001,FrozenEngine,1016,10/13/2021, 05:10:31,540
FROV00001,FrozenEngine,1016,10/13/2021, 06:13:55,540
FROV00001,FrozenEngine,1016,10/13/2021, 07:11:46,540
FROV00001,FrozenEngine,1016,10/13/2021, 08:13:56,540
FROV00001,FrozenEngine,1016,10/13/2021, 09:16:05,540
FROV00001,FrozenEngine,1016,10/13/2021, 10:12:33,540
FROV00001,FrozenEngine,1016,10/13/2021, 11:09:46,540
FROV00001,FrozenEngine,1016,10/13/2021, 12:18:02,540
FROV00001,FrozenEngine,1016,10/13/2021, 13:18:33,540
FROV00001,FrozenEngine,1016,10/13/2021, 14:16:01,540
FROV00001,FrozenEngine,1016,10/13/2021, 15:17:03,540
FROV00001,FrozenEngine,1016,10/13/2021, 16:16:59,540
FROV00001,FrozenEngine,1016,10/13/2021, 17:16:08,540
FROV00001,FrozenEngine,1016,10/13/2021, 18:13:27,540
FROV00001,FrozenEngine,1016,10/13/2021, 19:09:26,540
FROV00001,FrozenEngine,1016,10/13/2021, 20:11:58,540
FROV00001,FrozenEngine,1016,10/13/2021, 21:10:09,540
FROV00001,FrozenEngine,1016,10/13/2021, 22:11:24,540
FROV00001,FrozenEngine,1016,10/13/2021, 23:11:36,540
FROV00001,FrozenEngine,1016,10/14/2021, 00:37:33,540
FROV00001,FrozenEngine,1016,10/14/2021, 01:57:42,540
FROV00001,FrozenEngine,1016,10/14/2021, 02:28:14,540
FROV00001,FrozenEngine,1016,10/14/2021, 03:12:13,540
FROV00001,FrozenEngine,1016,10/14/2021, 04:14:37,540
FROV00001,FrozenEngine,1016,10/14/2021, 05:10:23,540
FROV00001,FrozenEngine,1016,10/14/2021, 06:13:35,540
FROV00001,FrozenEngine,1016,10/14/2021, 07:11:51,540
FROV00001,FrozenEngine,1016,10/14/2021, 08:18:06,540
FROV00001,FrozenEngine,1016,10/14/2021, 09:12:28,540
FROV00001,FrozenEngine,1016,10/14/2021, 10:12:37,540
FROV00001,FrozenEngine,1016,10/14/2021, 11:10:06,540
FROV00001,FrozenEngine,1016,10/14/2021, 12:17:47,540
FROV00001,FrozenEngine,1016,10/14/2021, 13:18:03,540
FROV00001,FrozenEngine,1016,10/14/2021, 14:11:08,540
FROV00001,FrozenEngine,1016,10/14/2021, 15:17:01,540
FROV00001,FrozenEngine,1016,10/14/2021, 16:16:55,540
FROV00001,FrozenEngine,1016,10/14/2021, 17:16:54,540
FROV00001,FrozenEngine,1016,10/14/2021, 18:13:12,540
FROV00001,FrozenEngine,1016,10/14/2021, 19:09:37,540
FROV00001,FrozenEngine,1016,10/14/2021, 20:11:55,540
FROV00001,FrozenEngine,1016,10/14/2021, 21:10:00,540
FROV00001,FrozenEngine,1016,10/14/2021, 22:12:26,540
FROV00001,FrozenEngine,1016,10/14/2021, 23:11:36,540
FROV00001,FrozenEngine,1016,10/15/2021, 00:41:50,540
FROV00001,FrozenEngine,1016,10/15/2021, 01:58:38,540
FROV00001,FrozenEngine,1016,10/15/2021, 02:30:31,540
FROV00001,FrozenEngine,1016,10/15/2021, 03:12:10,540
FROV00001,FrozenEngine,1016,10/15/2021, 04:14:51,540
FROV00001,FrozenEngine,1016,10/15/2021, 05:10:28,540
FROV00001,FrozenEngine,1016,10/15/2021, 06:13:51,540
FROV00001,FrozenEngine,1016,10/15/2021, 07:11:50,540
FROV00001,FrozenEngine,1016,10/15/2021, 08:13:59,540
FROV00001,FrozenEngine,1016,10/15/2021, 09:11:33,540
FROV00001,FrozenEngine,1016,10/15/2021, 10:12:43,540
FROV00001,FrozenEngine,1016,10/15/2021, 11:09:46,540
FROV00001,FrozenEngine,1016,10/15/2021, 12:18:19,540
FROV00001,FrozenEngine,1016,10/15/2021, 13:18:19,540
FROV00001,FrozenEngine,1016,10/15/2021, 14:14:21,540
FROV00001,FrozenEngine,1016,10/15/2021, 15:12:03,540
FROV00001,FrozenEngine,1016,10/15/2021, 16:17:30,540
FROV00001,FrozenEngine,1016,10/15/2021, 17:16:30,540
FROV00001,FrozenEngine,1016,10/15/2021, 18:13:14,540
FROV00001,FrozenEngine,1016,10/15/2021, 19:09:24,540
FROV00001,FrozenEngine,1016,10/15/2021, 20:12:08,540
FROV00001,FrozenEngine,1016,10/15/2021, 21:10:10,540
FROV00001,FrozenEngine,1016,10/15/2021, 22:11:26,540
FROV00001,FrozenEngine,1016,10/15/2021, 23:12:13,540
FROV00001,FrozenEngine,1016,10/16/2021, 00:42:59,540
FROV00001,FrozenEngine,1016,10/16/2021, 02:01:20,540
FROV00001,FrozenEngine,1016,10/16/2021, 03:11:43,540
FROV00001,FrozenEngine,1016,10/16/2021, 04:14:27,540
FROV00001,FrozenEngine,1016,10/16/2021, 05:10:04,540
FROV00001,FrozenEngine,1016,10/16/2021, 06:13:29,540
FROV00001,FrozenEngine,1016,10/16/2021, 07:11:16,540
FROV00001,FrozenEngine,1016,10/16/2021, 08:13:22,540
FROV00001,FrozenEngine,1016,10/16/2021, 09:10:48,540
FROV00001,FrozenEngine,1016,10/16/2021, 10:12:18,540
FROV00001,FrozenEngine,1016,10/16/2021, 11:09:24,540
FROV00001,FrozenEngine,1016,10/16/2021, 12:17:18,540
FROV00001,FrozenEngine,1016,10/16/2021, 13:15:44,540
FROV00001,FrozenEngine,1016,10/16/2021, 14:10:25,540
FROV00001,FrozenEngine,1016,10/16/2021, 15:11:33,540
FROV00001,FrozenEngine,1016,10/16/2021, 16:16:09,540
FROV00001,FrozenEngine,1016,10/16/2021, 17:14:52,540
FROV00001,FrozenEngine,1016,10/16/2021, 18:12:36,540
FROV00001,FrozenEngine,1016,10/16/2021, 19:09:05,540
FROV00001,FrozenEngine,1016,10/16/2021, 20:11:13,540
FROV00001,FrozenEngine,1017,10/16/2021, 21:10:00,540
FROV00001,FrozenEngine,1017,10/16/2021, 22:10:59,540
FROV00001,FrozenEngine,1017,10/16/2021, 23:11:38,540
FROV00001,FrozenEngine,1017,10/17/2021, 00:39:22,540
FROV00001,FrozenEngine,1017,10/17/2021, 01:56:37,540
FROV00001,FrozenEngine,1017,10/17/2021, 02:26:40,540
FROV00001,FrozenEngine,1017,10/17/2021, 03:12:02,540
FROV00001,FrozenEngine,1017,10/17/2021, 04:14:42,540
FROV00001,FrozenEngine,1017,10/17/2021, 05:10:11,540
FROV00001,FrozenEngine,1017,10/17/2021, 06:13:31,540
FROV00001,FrozenEngine,1017,10/17/2021, 07:11:31,540
FROV00001,FrozenEngine,1017,10/17/2021, 08:13:15,540
FROV00001,FrozenEngine,1017,10/17/2021, 09:10:56,540
FROV00001,FrozenEngine,1017,10/17/2021, 10:12:05,540
FROV00001,FrozenEngine,1017,10/17/2021, 11:09:16,540
FROV00001,FrozenEngine,1017,10/17/2021, 12:16:43,540
FROV00001,FrozenEngine,1017,10/17/2021, 13:15:47,540
FROV00001,FrozenEngine,1017,10/17/2021, 14:10:37,540
FROV00001,FrozenEngine,1017,10/17/2021, 15:11:33,540
FROV00001,FrozenEngine,1017,10/17/2021, 16:16:17,540
FROV00001,FrozenEngine,1017,10/17/2021, 17:15:22,540
FROV00001,FrozenEngine,1017,10/17/2021, 18:12:36,540
FROV00001,FrozenEngine,1017,10/17/2021, 19:09:32,540
FROV00001,FrozenEngine,1017,10/17/2021, 20:11:39,540
FROV00001,FrozenEngine,1017,10/17/2021, 21:09:44,540
FROV00001,FrozenEngine,1017,10/17/2021, 22:10:57,540
FROV00001,FrozenEngine,1017,10/17/2021, 23:11:39,540
FROV00001,FrozenEngine,1017,10/18/2021, 00:41:22,540
FROV00001,FrozenEngine,1017,10/18/2021, 02:04:11,540
FROV00001,FrozenEngine,1017,10/18/2021, 03:12:21,540
FROV00001,FrozenEngine,1017,10/18/2021, 04:14:50,540
FROV00001,FrozenEngine,1017,10/18/2021, 05:11:36,540
FROV00001,FrozenEngine,1017,10/18/2021, 06:14:12,540
FROV00001,FrozenEngine,1017,10/18/2021, 07:12:09,540
FROV00001,FrozenEngine,1017,10/18/2021, 08:17:53,540
FROV00001,FrozenEngine,1017,10/18/2021, 09:17:06,540
FROV00001,FrozenEngine,1017,10/18/2021, 10:14:51,540
FROV00001,FrozenEngine,1017,10/18/2021, 11:10:23,540
FROV00001,FrozenEngine,1017,10/18/2021, 12:18:32,540
FROV00001,FrozenEngine,1017,10/18/2021, 13:21:58,540
FROV00001,FrozenEngine,1017,10/18/2021, 14:12:53,540
FROV00001,FrozenEngine,1017,10/18/2021, 15:17:04,540
FROV00001,FrozenEngine,1018,10/18/2021, 16:18:06,540
FROV00001,FrozenEngine,1019,10/18/2021, 17:18:07,540
FROV00001,FrozenEngine,1019,10/18/2021, 18:13:30,540
FROV00001,FrozenEngine,1019,10/18/2021, 19:09:32,540
FROV00001,FrozenEngine,1019,10/18/2021, 20:12:10,540
FROV00001,FrozenEngine,1019,10/18/2021, 21:10:00,540
FROV00001,FrozenEngine,1019,10/18/2021, 22:11:22,540
FROV00001,FrozenEngine,1019,10/18/2021, 23:12:00,540
FROV00001,FrozenEngine,1019,10/19/2021, 00:40:30,540
FROV00001,FrozenEngine,1019,10/19/2021, 01:59:01,540
FROV00001,FrozenEngine,1019,10/19/2021, 02:32:37,540
FROV00001,FrozenEngine,1019,10/19/2021, 03:12:28,540
FROV00001,FrozenEngine,1019,10/19/2021, 04:14:52,540
FROV00001,FrozenEngine,1019,10/19/2021, 05:10:31,540
FROV00001,FrozenEngine,1019,10/19/2021, 06:13:57,540
FROV00001,FrozenEngine,1019,10/19/2021, 07:11:49,540
FROV00001,FrozenEngine,1019,10/19/2021, 08:19:07,540
FROV00001,FrozenEngine,1019,10/19/2021, 09:16:02,540
FROV00001,FrozenEngine,1019,10/19/2021, 10:13:14,540
FROV00001,FrozenEngine,1019,10/19/2021, 11:09:47,540
FROV00001,FrozenEngine,1019,10/19/2021, 12:19:15,540
FROV00001,FrozenEngine,1019,10/19/2021, 13:23:03,540
FROV00001,FrozenEngine,1019,10/19/2021, 14:16:08,540
FROV00001,FrozenEngine,1019,10/19/2021, 15:16:58,540
FROV00001,FrozenEngine,1019,10/19/2021, 16:17:12,540
FROV00001,FrozenEngine,1019,10/19/2021, 17:16:48,540
FROV00001,FrozenEngine,1019,10/19/2021, 18:13:15,540
FROV00001,FrozenEngine,1019,10/19/2021, 19:09:41,540
FROV00001,FrozenEngine,1019,10/19/2021, 20:12:00,540
FROV00001,FrozenEngine,1019,10/19/2021, 21:10:16,540
FROV00001,FrozenEngine,1019,10/19/2021, 22:11:15,540
FROV00001,FrozenEngine,1019,10/19/2021, 23:11:46,540
FROV00001,FrozenEngine,1019,10/20/2021, 00:40:44,540
FROV00001,FrozenEngine,1019,10/20/2021, 02:00:38,540
FROV00001,FrozenEngine,1019,10/20/2021, 02:35:48,540
FROV00001,FrozenEngine,1019,10/20/2021, 03:12:24,540
FROV00001,FrozenEngine,1019,10/20/2021, 04:15:04,540
FROV00001,FrozenEngine,1020,10/20/2021, 05:10:36,540
FROV00001,FrozenEngine,1020,10/20/2021, 06:14:08,540
FROV00001,FrozenEngine,1020,10/20/2021, 07:11:51,540
FROV00001,FrozenEngine,1020,10/20/2021, 08:13:47,540
FROV00001,FrozenEngine,1020,10/20/2021, 09:16:01,540
FROV00001,FrozenEngine,1020,10/20/2021, 10:18:05,540
FROV00001,FrozenEngine,1020,10/20/2021, 11:09:58,540
FROV00001,FrozenEngine,1020,10/20/2021, 12:18:21,540
FROV00001,FrozenEngine,1021,10/20/2021, 13:22:38,540
FROV00001,FrozenEngine,1021,10/20/2021, 14:16:04,540
FROV00001,FrozenEngine,1021,10/20/2021, 15:17:08,540
FROV00001,FrozenEngine,1021,10/20/2021, 16:19:10,540
FROV00001,FrozenEngine,1021,10/20/2021, 17:17:29,540
FROV00001,FrozenEngine,1021,10/20/2021, 18:12:49,540
FROV00001,FrozenEngine,1021,10/20/2021, 19:09:52,540
FROV00001,FrozenEngine,1021,10/20/2021, 20:11:58,540
FROV00001,FrozenEngine,1021,10/20/2021, 21:10:17,540
FROV00001,FrozenEngine,1021,10/20/2021, 22:11:32,540
FROV00001,FrozenEngine,1021,10/20/2021, 23:12:06,540
FROV00001,FrozenEngine,1021,10/21/2021, 00:44:52,540
FROV00001,FrozenEngine,1021,10/21/2021, 02:05:33,540
FROV00001,FrozenEngine,1021,10/21/2021, 03:12:13,540
FROV00001,FrozenEngine,1021,10/21/2021, 04:15:23,540
FROV00001,FrozenEngine,1021,10/21/2021, 05:10:32,540
FROV00001,FrozenEngine,1021,10/21/2021, 06:14:05,540
FROV00001,FrozenEngine,1021,10/21/2021, 07:11:50,540
FROV00001,FrozenEngine,1021,10/21/2021, 08:13:55,540
FROV00001,FrozenEngine,1021,10/21/2021, 09:16:21,540
FROV00001,FrozenEngine,1021,10/21/2021, 10:13:46,540
FROV00001,FrozenEngine,1021,10/21/2021, 11:15:01,540
FROV00001,FrozenEngine,1021,10/21/2021, 12:19:28,540
FROV00001,FrozenEngine,1021,10/21/2021, 13:24:23,540
FROV00001,FrozenEngine,1021,10/21/2021, 14:15:45,540
FROV00001,FrozenEngine,1021,10/21/2021, 15:15:11,540
FROV00001,FrozenEngine,1021,10/21/2021, 16:31:26,540
FROV00001,FrozenEngine,1021,10/21/2021, 17:20:02,540
FROV00001,FrozenEngine,1021,10/21/2021, 18:13:35,540
FROV00001,FrozenEngine,1021,10/21/2021, 19:09:43,540
FROV00001,FrozenEngine,1021,10/21/2021, 20:12:41,540
FROV00001,FrozenEngine,1021,10/21/2021, 21:10:17,540
FROV00001,FrozenEngine,1021,10/21/2021, 22:11:29,540
FROV00001,FrozenEngine,1021,10/21/2021, 23:11:59,540
FROV00001,FrozenEngine,1021,10/22/2021, 00:43:56,540
FROV00001,FrozenEngine,1021,10/22/2021, 02:06:53,540
FROV00001,FrozenEngine,1021,10/22/2021, 03:12:27,540
FROV00001,FrozenEngine,1021,10/22/2021, 04:14:47,540
FROV00001,FrozenEngine,1021,10/22/2021, 05:10:40,540
FROV00001,FrozenEngine,1021,10/22/2021, 06:14:07,540
FROV00001,FrozenEngine,1021,10/22/2021, 07:12:13,540
FROV00001,FrozenEngine,1021,10/22/2021, 08:14:00,540
FROV00001,FrozenEngine,1021,10/22/2021, 09:16:15,540
FROV00001,FrozenEngine,1021,10/22/2021, 10:12:57,540
FROV00001,FrozenEngine,1021,10/22/2021, 11:09:39,540
FROV00001,FrozenEngine,1021,10/22/2021, 12:18:30,540
FROV00001,FrozenEngine,1021,10/22/2021, 13:19:26,540
FROV00001,FrozenEngine,1021,10/22/2021, 14:16:01,540
FROV00001,FrozenEngine,1021,10/22/2021, 15:16:58,540
FROV00001,FrozenEngine,1021,10/22/2021, 16:17:34,540
FROV00001,FrozenEngine,1021,10/22/2021, 17:17:12,540
FROV00001,FrozenEngine,1021,10/22/2021, 18:13:23,540
FROV00001,FrozenEngine,1021,10/22/2021, 19:09:50,540
FROV00001,FrozenEngine,1021,10/22/2021, 20:12:28,540
FROV00001,FrozenEngine,1021,10/22/2021, 21:10:16,540
FROV00001,FrozenEngine,1021,10/22/2021, 22:11:45,540
FROV00001,FrozenEngine,1021,10/22/2021, 23:11:49,540
FROV00001,FrozenEngine,1021,10/23/2021, 00:42:32,540
FROV00001,FrozenEngine,1021,10/23/2021, 01:59:21,540
FROV00001,FrozenEngine,1021,10/23/2021, 02:35:11,540
FROV00001,FrozenEngine,1021,10/23/2021, 03:12:09,540
FROV00001,FrozenEngine,1021,10/23/2021, 04:14:37,540
FROV00001,FrozenEngine,1021,10/23/2021, 05:10:21,540
FROV00001,FrozenEngine,1021,10/23/2021, 06:13:29,540
FROV00001,FrozenEngine,1021,10/23/2021, 07:11:23,540
FROV00001,FrozenEngine,1021,10/23/2021, 08:13:22,540
FROV00001,FrozenEngine,1021,10/23/2021, 09:11:33,540
FROV00001,FrozenEngine,1021,10/23/2021, 10:12:09,540
FROV00001,FrozenEngine,1021,10/23/2021, 11:09:50,540
FROV00001,FrozenEngine,1021,10/23/2021, 12:17:13,540
FROV00001,FrozenEngine,1021,10/23/2021, 13:16:10,540
FROV00001,FrozenEngine,1021,10/23/2021, 14:10:20,540
FROV00001,FrozenEngine,1021,10/23/2021, 15:11:29,540
FROV00001,FrozenEngine,1021,10/23/2021, 16:16:19,540
FROV00001,FrozenEngine,1021,10/23/2021, 17:15:13,540
FROV00001,FrozenEngine,1021,10/23/2021, 18:12:41,540
FROV00001,FrozenEngine,1021,10/23/2021, 19:09:24,540
FROV00001,FrozenEngine,1021,10/23/2021, 20:11:50,540
FROV00001,FrozenEngine,1021,10/23/2021, 21:10:04,540
FROV00001,FrozenEngine,1021,10/23/2021, 22:11:04,540
FROV00001,FrozenEngine,1021,10/23/2021, 23:11:26,540
FROV00001,FrozenEngine,1021,10/24/2021, 00:39:39,540
FROV00001,FrozenEngine,1021,10/24/2021, 01:57:04,540
FROV00001,FrozenEngine,1021,10/24/2021, 02:27:53,540
FROV00001,FrozenEngine,1021,10/24/2021, 03:12:08,540
FROV00001,FrozenEngine,1021,10/24/2021, 04:14:55,540
FROV00001,FrozenEngine,1021,10/24/2021, 05:10:18,540
FROV00001,FrozenEngine,1021,10/24/2021, 06:13:25,540
FROV00001,FrozenEngine,1021,10/24/2021, 07:11:27,540
FROV00001,FrozenEngine,1021,10/24/2021, 08:13:16,540
FROV00001,FrozenEngine,1021,10/24/2021, 09:11:11,540
FROV00001,FrozenEngine,1021,10/24/2021, 10:12:22,540
FROV00001,FrozenEngine,1021,10/24/2021, 11:09:34,540
FROV00001,FrozenEngine,1021,10/24/2021, 12:17:29,540
FROV00001,FrozenEngine,1021,10/24/2021, 13:16:02,540
FROV00001,FrozenEngine,1021,10/24/2021, 14:10:34,540
FROV00001,FrozenEngine,1021,10/24/2021, 15:11:45,540
FROV00001,FrozenEngine,1021,10/24/2021, 16:16:30,540
FROV00001,FrozenEngine,1021,10/24/2021, 17:15:37,540
FROV00001,FrozenEngine,1021,10/24/2021, 18:12:50,540
FROV00001,FrozenEngine,1021,10/24/2021, 19:09:17,540
FROV00001,FrozenEngine,1021,10/24/2021, 20:11:32,540
FROV00001,FrozenEngine,1021,10/24/2021, 21:09:54,540
FROV00001,FrozenEngine,1021,10/24/2021, 22:11:03,540
FROV00001,FrozenEngine,1021,10/24/2021, 23:11:43,540
FROV00001,FrozenEngine,1021,10/25/2021, 00:41:49,540
FROV00001,FrozenEngine,1021,10/25/2021, 01:57:39,540
FROV00001,FrozenEngine,1021,10/25/2021, 02:29:53,540
FROV00001,FrozenEngine,1021,10/25/2021, 03:12:38,540
FROV00001,FrozenEngine,1021,10/25/2021, 04:14:57,540
FROV00001,FrozenEngine,1021,10/25/2021, 05:10:39,540
FROV00001,FrozenEngine,1021,10/25/2021, 06:14:23,540
FROV00001,FrozenEngine,1021,10/25/2021, 07:12:19,540
FROV00001,FrozenEngine,1021,10/25/2021, 08:14:29,540
FROV00001,FrozenEngine,1021,10/25/2021, 09:17:24,540
FROV00001,FrozenEngine,1021,10/25/2021, 10:18:06,540
FROV00001,FrozenEngine,1021,10/25/2021, 11:10:01,540
FROV00001,FrozenEngine,1021,10/25/2021, 12:19:42,540
FROV00001,FrozenEngine,1021,10/25/2021, 13:20:09,540
FROV00001,FrozenEngine,1021,10/25/2021, 14:13:44,540
FROV00001,FrozenEngine,1021,10/25/2021, 15:15:04,540
FROV00001,FrozenEngine,1021,10/25/2021, 16:22:00,540
FROV00001,FrozenEngine,1021,10/25/2021, 17:17:11,540
FROV00001,FrozenEngine,1021,10/25/2021, 18:13:25,540
FROV00001,FrozenEngine,1021,10/25/2021, 19:09:51,540
FROV00001,FrozenEngine,1021,10/25/2021, 20:12:17,540
FROV00001,FrozenEngine,1021,10/25/2021, 21:12:52,540
FROV00001,FrozenEngine,1021,10/25/2021, 22:11:53,540
FROV00001,FrozenEngine,1021,10/25/2021, 23:11:55,540
FROV00001,FrozenEngine,1021,10/26/2021, 00:37:51,540
FROV00001,FrozenEngine,1021,10/26/2021, 01:53:14,540
FROV00001,FrozenEngine,1021,10/26/2021, 02:24:18,540
FROV00001,FrozenEngine,1021,10/26/2021, 03:12:38,540
FROV00001,FrozenEngine,1021,10/26/2021, 04:14:59,540
FROV00001,FrozenEngine,1021,10/26/2021, 05:10:41,540
FROV00001,FrozenEngine,1021,10/26/2021, 06:14:17,540
FROV00001,FrozenEngine,1021,10/26/2021, 07:12:06,540
FROV00001,FrozenEngine,1021,10/26/2021, 08:15:16,540
FROV00001,FrozenEngine,1021,10/26/2021, 09:13:14,540
FROV00001,FrozenEngine,1021,10/26/2021, 10:18:06,540
FROV00001,FrozenEngine,1021,10/26/2021, 11:09:55,540
FROV00001,FrozenEngine,1021,10/26/2021, 12:22:58,540
FROV00001,FrozenEngine,1021,10/26/2021, 13:23:10,540
FROV00001,FrozenEngine,1021,10/26/2021, 14:16:09,540
FROV00001,FrozenEngine,1021,10/26/2021, 15:17:09,540
FROV00001,FrozenEngine,1021,10/26/2021, 16:22:04,540
FROV00001,FrozenEngine,1021,10/26/2021, 17:17:24,540
FROV00001,FrozenEngine,1021,10/26/2021, 18:13:37,540
FROV00001,FrozenEngine,1021,10/26/2021, 19:09:42,540
FROV00001,FrozenEngine,1021,10/26/2021, 20:12:25,540
FROV00001,FrozenEngine,1021,10/26/2021, 21:10:27,540
FROV00001,FrozenEngine,1021,10/26/2021, 22:11:49,540
FROV00001,FrozenEngine,1021,10/26/2021, 23:11:59,540
FROV00001,FrozenEngine,1021,10/27/2021, 00:37:54,540
FROV00001,FrozenEngine,1021,10/27/2021, 01:53:11,540
FROV00001,FrozenEngine,1021,10/27/2021, 02:24:47,540
FROV00001,FrozenEngine,1021,10/27/2021, 03:12:33,540
FROV00001,FrozenEngine,1021,10/27/2021, 04:15:08,540
FROV00001,FrozenEngine,1021,10/27/2021, 05:10:37,540
FROV00001,FrozenEngine,1021,10/27/2021, 06:14:04,540
FROV00001,FrozenEngine,1021,10/27/2021, 07:12:14,540
FROV00001,FrozenEngine,1021,10/27/2021, 08:18:26,540
FROV00001,FrozenEngine,1021,10/27/2021, 09:17:13,540
FROV00001,FrozenEngine,1021,10/27/2021, 10:15:01,540
FROV00001,FrozenEngine,1021,10/27/2021, 11:11:21,540
FROV00001,FrozenEngine,1021,10/27/2021, 12:22:39,540
FROV00001,FrozenEngine,1021,10/27/2021, 13:23:08,540
FROV00001,FrozenEngine,1021,10/27/2021, 14:13:21,540
FROV00001,FrozenEngine,1021,10/27/2021, 15:17:05,540
FROV00001,FrozenEngine,1021,10/27/2021, 16:22:00,540
FROV00001,FrozenEngine,1021,10/27/2021, 17:17:29,540
FROV00001,FrozenEngine,1021,10/27/2021, 18:13:32,540
FROV00001,FrozenEngine,1021,10/27/2021, 19:09:59,540
FROV00001,FrozenEngine,1021,10/27/2021, 20:12:18,540
FROV00001,FrozenEngine,1021,10/27/2021, 21:10:31,540
FROV00001,FrozenEngine,1021,10/27/2021, 22:11:58,540
FROV00001,FrozenEngine,1021,10/27/2021, 23:12:15,540
FROV00001,FrozenEngine,1021,10/28/2021, 00:38:20,540
FROV00001,FrozenEngine,1021,10/28/2021, 01:53:27,540
FROV00001,FrozenEngine,1021,10/28/2021, 02:25:09,540
FROV00001,FrozenEngine,1021,10/28/2021, 03:12:43,540
FROV00001,FrozenEngine,1021,10/28/2021, 04:14:53,540
FROV00001,FrozenEngine,1021,10/28/2021, 05:10:42,540
FROV00001,FrozenEngine,1021,10/28/2021, 06:14:22,540
FROV00001,FrozenEngine,1021,10/28/2021, 07:12:15,540
FROV00001,FrozenEngine,1021,10/28/2021, 08:14:36,540
FROV00001,FrozenEngine,1021,10/28/2021, 09:14:55,540
FROV00001,FrozenEngine,1021,10/28/2021, 10:17:40,540
FROV00001,FrozenEngine,1021,10/28/2021, 11:10:09,540
FROV00001,FrozenEngine,1021,10/28/2021, 12:18:23,540
FROV00001,FrozenEngine,1021,10/28/2021, 13:23:00,540
FROV00001,FrozenEngine,1021,10/28/2021, 14:11:35,540
FROV00001,FrozenEngine,1021,10/28/2021, 15:17:09,540
FROV00001,FrozenEngine,1021,10/28/2021, 16:22:18,540
FROV00001,FrozenEngine,1021,10/28/2021, 17:19:33,540
FROV00001,FrozenEngine,1021,10/28/2021, 18:16:54,540
FROV00001,FrozenEngine,1021,10/28/2021, 19:10:51,540
FROV00001,FrozenEngine,1021,10/28/2021, 20:17:04,540
FROV00001,FrozenEngine,1021,10/28/2021, 21:10:33,540
FROV00001,FrozenEngine,1021,10/28/2021, 22:10:34,540
FROV00001,FrozenEngine,1021,10/28/2021, 23:11:59,540
FROV00001,FrozenEngine,1021,10/29/2021, 00:36:43,540
FROV00001,FrozenEngine,1021,10/29/2021, 01:53:19,540
FROV00001,FrozenEngine,1021,10/29/2021, 02:24:55,540
FROV00001,FrozenEngine,1021,10/29/2021, 03:13:02,540
FROV00001,FrozenEngine,1021,10/29/2021, 04:15:06,540
FROV00001,FrozenEngine,1021,10/29/2021, 05:10:44,540
FROV00001,FrozenEngine,1021,10/29/2021, 06:14:20,540
FROV00001,FrozenEngine,1021,10/29/2021, 07:12:20,540
FROV00001,FrozenEngine,1021,10/29/2021, 08:14:11,540
FROV00001,FrozenEngine,1021,10/29/2021, 09:15:59,540
FROV00001,FrozenEngine,1021,10/29/2021, 10:12:58,540
FROV00001,FrozenEngine,1021,10/29/2021, 11:10:35,540
FROV00001,FrozenEngine,1021,10/29/2021, 12:18:33,540
FROV00001,FrozenEngine,1021,10/29/2021, 13:21:21,540
FROV00001,FrozenEngine,1021,10/29/2021, 14:16:06,540
FROV00001,FrozenEngine,1021,10/29/2021, 15:17:02,540
FROV00001,FrozenEngine,1021,10/29/2021, 16:19:23,540
FROV00001,FrozenEngine,1021,10/29/2021, 17:15:51,540
FROV00001,FrozenEngine,1021,10/29/2021, 18:13:36,540
FROV00001,FrozenEngine,1021,10/29/2021, 19:08:44,540
FROV00001,FrozenEngine,1021,10/29/2021, 20:12:06,540
FROV00001,FrozenEngine,1021,10/29/2021, 21:10:17,540
FROV00001,FrozenEngine,1021,10/29/2021, 22:11:26,540
FROV00001,FrozenEngine,1021,10/29/2021, 23:12:11,540
FROV00001,FrozenEngine,1021,10/30/2021, 00:37:21,540
FROV00001,FrozenEngine,1022,10/30/2021, 01:52:14,540
FROV00001,FrozenEngine,1022,10/30/2021, 02:25:21,540
FROV00001,FrozenEngine,1022,10/30/2021, 03:12:30,540
FROV00001,FrozenEngine,1022,10/30/2021, 04:14:44,540
FROV00001,FrozenEngine,1022,10/30/2021, 05:10:07,540
FROV00001,FrozenEngine,1022,10/30/2021, 06:13:39,540
FROV00001,FrozenEngine,1022,10/30/2021, 07:11:31,540
FROV00001,FrozenEngine,1022,10/30/2021, 08:13:33,540
FROV00001,FrozenEngine,1022,10/30/2021, 09:11:08,540
FROV00001,FrozenEngine,1022,10/30/2021, 10:12:21,540
FROV00001,FrozenEngine,1022,10/30/2021, 11:09:42,540
FROV00001,FrozenEngine,1022,10/30/2021, 12:17:10,540
FROV00001,FrozenEngine,1022,10/30/2021, 13:16:13,540
FROV00001,FrozenEngine,1022,10/30/2021, 14:10:21,540
FROV00001,FrozenEngine,1022,10/30/2021, 15:11:30,540
FROV00001,FrozenEngine,1022,10/30/2021, 16:16:26,540
FROV00001,FrozenEngine,1022,10/30/2021, 17:15:39,540
FROV00001,FrozenEngine,1022,10/30/2021, 18:12:50,540
FROV00001,FrozenEngine,1022,10/30/2021, 19:09:32,540
FROV00001,FrozenEngine,1022,10/30/2021, 20:11:57,540
FROV00001,FrozenEngine,1022,10/30/2021, 21:10:11,540
FROV00001,FrozenEngine,1022,10/30/2021, 22:11:01,540
FROV00001,FrozenEngine,1022,10/30/2021, 23:11:42,540
FROV00001,FrozenEngine,1022,10/31/2021, 00:40:08,540
FROV00001,FrozenEngine,1022,10/31/2021, 01:57:00,540
FROV00001,FrozenEngine,1022,10/31/2021, 02:28:51,540
FROV00001,FrozenEngine,1022,10/31/2021, 03:12:01,540
FROV00001,FrozenEngine,1022,10/31/2021, 04:14:49,540
FROV00001,FrozenEngine,1022,10/31/2021, 05:10:32,540
FROV00001,FrozenEngine,1022,10/31/2021, 06:13:49,540
FROV00001,FrozenEngine,1022,10/31/2021, 07:11:42,540
FROV00001,FrozenEngine,1022,10/31/2021, 08:13:26,540
FROV00001,FrozenEngine,1022,10/31/2021, 09:11:23,540
FROV00001,FrozenEngine,1022,10/31/2021, 10:12:28,540
FROV00001,FrozenEngine,1022,10/31/2021, 11:09:59,540
FROV00001,FrozenEngine,1022,10/31/2021, 12:17:17,540
FROV00001,FrozenEngine,1022,10/31/2021, 13:16:34,540
FROV00001,FrozenEngine,1022,10/31/2021, 14:10:19,540
FROV00001,FrozenEngine,1022,10/31/2021, 15:11:51,540
FROV00001,FrozenEngine,1022,10/31/2021, 16:16:46,540
FROV00001,FrozenEngine,1022,10/31/2021, 17:16:04,540
FROV00001,FrozenEngine,1022,10/31/2021, 18:13:18,540
FROV00001,FrozenEngine,1022,10/31/2021, 19:09:41,540
FROV00001,FrozenEngine,1022,10/31/2021, 20:11:47,540
FROV00001,FrozenEngine,1022,10/31/2021, 21:10:07,540
FROV00001,FrozenEngine,1022,10/31/2021, 22:10:57,540
FROV00001,FrozenEngine,1022,10/31/2021, 23:12:05,540
FROV00001,FrozenEngine,1022,11/01/2021, 00:40:25,540
FROV00001,FrozenEngine,1022,11/01/2021, 01:57:03,540
FROV00001,FrozenEngine,1022,11/01/2021, 02:29:42,540
FROV00001,FrozenEngine,1022,11/01/2021, 03:12:28,540
FROV00001,FrozenEngine,1022,11/01/2021, 04:15:23,540
FROV00001,FrozenEngine,1022,11/01/2021, 05:11:02,540
FROV00001,FrozenEngine,1022,11/01/2021, 06:14:19,540
FROV00001,FrozenEngine,1022,11/01/2021, 07:12:52,540
FROV00001,FrozenEngine,1022,11/01/2021, 08:14:14,540
FROV00001,FrozenEngine,1022,11/01/2021, 09:15:57,540
FROV00001,FrozenEngine,1022,11/01/2021, 10:16:48,540
FROV00001,FrozenEngine,1022,11/01/2021, 11:12:33,540
FROV00001,FrozenEngine,1022,11/01/2021, 12:18:46,540
FROV00001,FrozenEngine,1022,11/01/2021, 13:19:31,540
FROV00001,FrozenEngine,1022,11/01/2021, 14:11:33,540
FROV00001,FrozenEngine,1022,11/01/2021, 15:13:41,540
FROV00001,FrozenEngine,1022,11/01/2021, 16:22:17,540
FROV00001,FrozenEngine,1022,11/01/2021, 17:24:23,540
FROV00001,FrozenEngine,1022,11/01/2021, 18:19:02,540
FROV00001,FrozenEngine,1022,11/01/2021, 19:15:07,540
FROV00001,FrozenEngine,1022,11/01/2021, 20:13:05,540
FROV00001,FrozenEngine,1022,11/01/2021, 21:10:49,540
FROV00001,FrozenEngine,1022,11/01/2021, 22:10:06,540
FROV00001,FrozenEngine,1022,11/01/2021, 23:12:23,540
FROV00001,FrozenEngine,1022,11/02/2021, 00:41:56,540
FROV00001,FrozenEngine,1022,11/02/2021, 01:57:53,540
FROV00001,FrozenEngine,1022,11/02/2021, 02:30:33,540
FROV00001,FrozenEngine,1022,11/02/2021, 03:12:30,540
FROV00001,FrozenEngine,1022,11/02/2021, 04:15:20,540
FROV00001,FrozenEngine,1022,11/02/2021, 05:10:35,540
FROV00001,FrozenEngine,1022,11/02/2021, 06:14:01,540
FROV00001,FrozenEngine,1022,11/02/2021, 07:12:05,540
FROV00001,FrozenEngine,1022,11/02/2021, 08:14:27,540
FROV00001,FrozenEngine,1022,11/02/2021, 09:12:41,540
FROV00001,FrozenEngine,1022,11/02/2021, 10:18:18,540
FROV00001,FrozenEngine,1022,11/02/2021, 11:15:09,540
FROV00001,FrozenEngine,1022,11/02/2021, 12:18:29,540
FROV00001,FrozenEngine,1022,11/02/2021, 13:24:14,540
FROV00001,FrozenEngine,1022,11/02/2021, 14:16:12,540
FROV00001,FrozenEngine,1022,11/02/2021, 15:16:56,540
FROV00001,FrozenEngine,1022,11/02/2021, 16:18:52,540
FROV00001,FrozenEngine,1022,11/02/2021, 17:18:07,540
FROV00001,FrozenEngine,1022,11/02/2021, 18:18:11,540
FROV00001,FrozenEngine,1022,11/02/2021, 19:10:00,540
FROV00001,FrozenEngine,1022,11/02/2021, 20:12:40,540
FROV00001,FrozenEngine,1022,11/02/2021, 21:10:30,540
FROV00001,FrozenEngine,1022,11/02/2021, 22:11:41,540
FROV00001,FrozenEngine,1022,11/02/2021, 23:12:14,540
FROV00001,FrozenEngine,1022,11/03/2021, 00:38:17,540
FROV00001,FrozenEngine,1022,11/03/2021, 01:53:44,540
FROV00001,FrozenEngine,1022,11/03/2021, 02:25:19,540
FROV00001,FrozenEngine,1022,11/03/2021, 03:12:43,540
FROV00001,FrozenEngine,1022,11/03/2021, 04:15:09,540
FROV00001,FrozenEngine,1022,11/03/2021, 05:10:57,540
FROV00001,FrozenEngine,1022,11/03/2021, 06:14:19,540
FROV00001,FrozenEngine,1022,11/03/2021, 07:12:01,540
FROV00001,FrozenEngine,1022,11/03/2021, 08:14:05,540
FROV00001,FrozenEngine,1022,11/03/2021, 09:17:05,540
FROV00001,FrozenEngine,1022,11/03/2021, 10:17:05,540
FROV00001,FrozenEngine,1022,11/03/2021, 11:15:27,540
FROV00001,FrozenEngine,1022,11/03/2021, 12:23:09,540
FROV00001,FrozenEngine,1022,11/03/2021, 13:20:51,540
FROV00001,FrozenEngine,1022,11/03/2021, 14:14:05,540
FROV00001,FrozenEngine,1022,11/03/2021, 15:13:34,540
FROV00001,FrozenEngine,1022,11/03/2021, 16:18:14,540
FROV00001,FrozenEngine,1022,11/03/2021, 17:18:32,540
FROV00001,FrozenEngine,1022,11/03/2021, 18:15:30,540
FROV00001,FrozenEngine,1022,11/03/2021, 19:10:56,540
FROV00001,FrozenEngine,1022,11/03/2021, 20:13:29,540
FROV00001,FrozenEngine,1022,11/03/2021, 21:10:25,540
FROV00001,FrozenEngine,1022,11/03/2021, 22:10:55,540
FROV00001,FrozenEngine,1022,11/03/2021, 23:12:15,540
FROV00001,FrozenEngine,1022,11/04/2021, 00:39:02,540
FROV00001,FrozenEngine,1022,11/04/2021, 01:56:45,540
FROV00001,FrozenEngine,1022,11/04/2021, 02:29:03,540
FROV00001,FrozenEngine,1022,11/04/2021, 03:12:38,540
FROV00001,FrozenEngine,1022,11/04/2021, 04:15:05,540
FROV00001,FrozenEngine,1022,11/04/2021, 05:10:28,540
FROV00001,FrozenEngine,1022,11/04/2021, 06:14:05,540
FROV00001,FrozenEngine,1022,11/04/2021, 07:12:10,540
FROV00001,FrozenEngine,1022,11/04/2021, 08:13:59,540
FROV00001,FrozenEngine,1022,11/04/2021, 09:15:16,540
FROV00001,FrozenEngine,1022,11/04/2021, 10:17:16,540
FROV00001,FrozenEngine,1022,11/04/2021, 11:15:13,540
FROV00001,FrozenEngine,1022,11/04/2021, 12:18:30,540
FROV00001,FrozenEngine,1022,11/04/2021, 13:23:08,540
FROV00001,FrozenEngine,1022,11/04/2021, 14:15:17,540
FROV00001,FrozenEngine,1022,11/04/2021, 15:16:58,540
FROV00001,FrozenEngine,1022,11/04/2021, 16:17:13,540
FROV00001,FrozenEngine,1022,11/04/2021, 17:17:39,540
FROV00001,FrozenEngine,1022,11/04/2021, 18:18:04,540
FROV00001,FrozenEngine,1022,11/04/2021, 19:10:21,540
FROV00001,FrozenEngine,1022,11/04/2021, 20:12:19,540
FROV00001,FrozenEngine,1022,11/04/2021, 21:12:30,540
FROV00001,FrozenEngine,1022,11/04/2021, 22:11:48,540
FROV00001,FrozenEngine,1022,11/04/2021, 23:12:12,540
FROV00001,FrozenEngine,1022,11/05/2021, 00:38:19,540
FROV00001,FrozenEngine,1022,11/05/2021, 01:55:05,540
FROV00001,FrozenEngine,1022,11/05/2021, 02:26:51,540
FROV00001,FrozenEngine,1022,11/05/2021, 03:12:28,540
FROV00001,FrozenEngine,1022,11/05/2021, 04:14:58,540
FROV00001,FrozenEngine,1022,11/05/2021, 05:10:41,540
FROV00001,FrozenEngine,1022,11/05/2021, 06:14:10,540
FROV00001,FrozenEngine,1022,11/05/2021, 07:12:02,540
FROV00001,FrozenEngine,1022,11/05/2021, 08:13:54,540
FROV00001,FrozenEngine,1022,11/05/2021, 09:12:16,540
FROV00001,FrozenEngine,1022,11/05/2021, 10:13:05,540
FROV00001,FrozenEngine,1022,11/05/2021, 11:10:26,540
FROV00001,FrozenEngine,1022,11/05/2021, 12:18:12,540
FROV00001,FrozenEngine,1022,11/05/2021, 13:18:26,540
FROV00001,FrozenEngine,1022,11/05/2021, 14:16:00,540
FROV00001,FrozenEngine,1022,11/05/2021, 15:16:56,540
FROV00001,FrozenEngine,1022,11/05/2021, 16:19:40,540
FROV00001,FrozenEngine,1022,11/05/2021, 17:21:16,540
FROV00001,FrozenEngine,1022,11/05/2021, 18:13:54,540
FROV00001,FrozenEngine,1022,11/05/2021, 19:09:54,540
FROV00001,FrozenEngine,1022,11/05/2021, 20:12:18,540
FROV00001,FrozenEngine,1022,11/05/2021, 21:10:15,540
FROV00001,FrozenEngine,1022,11/05/2021, 22:11:34,540
FROV00001,FrozenEngine,1022,11/05/2021, 23:12:05,540
FROV00001,FrozenEngine,1022,11/06/2021, 00:37:14,540
FROV00001,FrozenEngine,1022,11/06/2021, 01:51:22,540
FROV00001,FrozenEngine,1022,11/06/2021, 02:25:05,540
FROV00001,FrozenEngine,1022,11/06/2021, 03:12:26,540
FROV00001,FrozenEngine,1022,11/06/2021, 04:14:53,540
FROV00001,FrozenEngine,1022,11/06/2021, 05:10:16,540
FROV00001,FrozenEngine,1022,11/06/2021, 06:13:44,540
FROV00001,FrozenEngine,1022,11/06/2021, 07:11:21,540
FROV00001,FrozenEngine,1022,11/06/2021, 08:13:45,540
FROV00001,FrozenEngine,1022,11/06/2021, 09:11:39,540
FROV00001,FrozenEngine,1022,11/06/2021, 10:12:12,540
FROV00001,FrozenEngine,1022,11/06/2021, 11:10:01,540
FROV00001,FrozenEngine,1022,11/06/2021, 12:17:11,540
FROV00001,FrozenEngine,1022,11/06/2021, 13:16:23,540
FROV00001,FrozenEngine,1022,11/06/2021, 14:10:17,540
FROV00001,FrozenEngine,1022,11/06/2021, 15:11:52,540
FROV00001,FrozenEngine,1022,11/06/2021, 16:16:27,540
FROV00001,FrozenEngine,1022,11/06/2021, 17:16:02,540
FROV00001,FrozenEngine,1022,11/06/2021, 18:12:59,540
FROV00001,FrozenEngine,1022,11/06/2021, 19:09:20,540
FROV00001,FrozenEngine,1022,11/06/2021, 20:11:39,540
FROV00001,FrozenEngine,1022,11/06/2021, 21:09:52,540
FROV00001,FrozenEngine,1022,11/06/2021, 22:11:08,540
FROV00001,FrozenEngine,1022,11/06/2021, 23:11:49,540
FROV00001,FrozenEngine,1022,11/07/2021, 00:40:00,540
FROV00001,FrozenEngine,1022,11/07/2021, 01:57:21,540
FROV00001,FrozenEngine,1022,11/07/2021, 02:29:57,540
FROV00001,FrozenEngine,1022,11/07/2021, 03:12:12,540
FROV00001,FrozenEngine,1022,11/07/2021, 04:14:48,540
FROV00001,FrozenEngine,1022,11/07/2021, 05:10:22,540
FROV00001,FrozenEngine,1022,11/07/2021, 06:13:57,540
FROV00001,FrozenEngine,1022,11/07/2021, 07:11:35,540
FROV00001,FrozenEngine,1022,11/07/2021, 08:13:26,540
FROV00001,FrozenEngine,1022,11/07/2021, 09:11:33,540
FROV00001,FrozenEngine,1022,11/07/2021, 10:12:35,540
FROV00001,FrozenEngine,1022,11/07/2021, 11:09:42,540
FROV00001,FrozenEngine,1022,11/07/2021, 12:17:13,540
FROV00001,FrozenEngine,1022,11/07/2021, 13:16:40,540
FROV00001,FrozenEngine,1022,11/07/2021, 14:10:41,540
FROV00001,FrozenEngine,1022,11/07/2021, 15:11:40,540
FROV00001,FrozenEngine,1022,11/07/2021, 16:16:21,540
FROV00001,FrozenEngine,1023,11/07/2021, 17:16:20,540
FROV00001,FrozenEngine,1023,11/07/2021, 18:12:59,540
FROV00001,FrozenEngine,1023,11/07/2021, 19:09:33,540
FROV00001,FrozenEngine,1023,11/07/2021, 20:11:48,540
FROV00001,FrozenEngine,1023,11/07/2021, 21:10:15,540
FROV00001,FrozenEngine,1023,11/07/2021, 22:11:08,540
FROV00001,FrozenEngine,1023,11/07/2021, 23:11:52,540
FROV00001,FrozenEngine,1023,11/08/2021, 00:39:20,540
FROV00001,FrozenEngine,1023,11/08/2021, 01:54:08,540
FROV00001,FrozenEngine,1023,11/08/2021, 02:25:59,540
FROV00001,FrozenEngine,1023,11/08/2021, 03:12:33,540
FROV00001,FrozenEngine,1023,11/08/2021, 04:15:01,540
FROV00001,FrozenEngine,1023,11/08/2021, 05:11:02,540
FROV00001,FrozenEngine,1023,11/08/2021, 06:14:32,540
FROV00001,FrozenEngine,1023,11/08/2021, 07:12:20,540
FROV00001,FrozenEngine,1023,11/08/2021, 08:15:28,540
FROV00001,FrozenEngine,1023,11/08/2021, 09:17:13,540
FROV00001,FrozenEngine,1023,11/08/2021, 10:18:09,540
FROV00001,FrozenEngine,1023,11/08/2021, 11:15:14,540
FROV00001,FrozenEngine,1023,11/08/2021, 12:23:12,540
FROV00001,FrozenEngine,1023,11/08/2021, 13:24:04,540
FROV00001,FrozenEngine,1023,11/08/2021, 14:16:31,540
FROV00001,FrozenEngine,1023,11/08/2021, 15:14:54,540
FROV00001,FrozenEngine,1023,11/08/2021, 16:19:17,540
FROV00001,FrozenEngine,1023,11/08/2021, 17:20:21,540
FROV00001,FrozenEngine,1023,11/08/2021, 18:16:12,540
FROV00001,FrozenEngine,1023,11/08/2021, 19:14:57,540
FROV00001,FrozenEngine,1023,11/08/2021, 20:17:02,540
FROV00001,FrozenEngine,1023,11/08/2021, 21:15:12,540
FROV00001,FrozenEngine,1023,11/08/2021, 22:13:20,540
FROV00001,FrozenEngine,1023,11/08/2021, 23:12:24,540
FROV00001,FrozenEngine,1023,11/09/2021, 00:39:21,540
FROV00001,FrozenEngine,1023,11/09/2021, 01:54:17,540
FROV00001,FrozenEngine,1023,11/09/2021, 02:26:00,540
FROV00001,FrozenEngine,1023,11/09/2021, 03:12:35,540
FROV00001,FrozenEngine,1023,11/09/2021, 04:15:03,540
FROV00001,FrozenEngine,1023,11/09/2021, 05:10:33,540
FROV00001,FrozenEngine,1023,11/09/2021, 06:14:07,540
FROV00001,FrozenEngine,1023,11/09/2021, 07:12:07,540
FROV00001,FrozenEngine,1023,11/09/2021, 08:16:51,540
FROV00001,FrozenEngine,1023,11/09/2021, 09:17:08,540
FROV00001,FrozenEngine,1023,11/09/2021, 10:17:54,540
FROV00001,FrozenEngine,1023,11/09/2021, 11:12:14,540
FROV00001,FrozenEngine,1023,11/09/2021, 12:24:07,540
FROV00001,FrozenEngine,1023,11/09/2021, 13:24:18,540
FROV00001,FrozenEngine,1023,11/09/2021, 14:16:11,540
FROV00001,FrozenEngine,1023,11/09/2021, 15:17:07,540
FROV00001,FrozenEngine,1023,11/09/2021, 16:19:21,540
FROV00001,FrozenEngine,1023,11/09/2021, 17:18:58,540
FROV00001,FrozenEngine,1023,11/09/2021, 18:19:05,540
FROV00001,FrozenEngine,1023,11/09/2021, 19:14:47,540
FROV00001,FrozenEngine,1023,11/09/2021, 20:12:33,540
FROV00001,FrozenEngine,1023,11/09/2021, 21:11:13,540
FROV00001,FrozenEngine,1023,11/09/2021, 22:11:41,540
FROV00001,FrozenEngine,1023,11/09/2021, 23:12:08,540
FROV00001,FrozenEngine,1023,11/10/2021, 00:39:01,540
FROV00001,FrozenEngine,1024,11/10/2021, 01:54:25,540
FROV00001,FrozenEngine,1024,11/10/2021, 02:26:42,540
FROV00001,FrozenEngine,1024,11/10/2021, 03:12:24,540
FROV00001,FrozenEngine,1024,11/10/2021, 04:15:19,540
FROV00001,FrozenEngine,1024,11/10/2021, 05:10:22,540
FROV00001,FrozenEngine,1024,11/10/2021, 06:14:17,540
FROV00001,FrozenEngine,1024,11/10/2021, 07:12:07,540
FROV00001,FrozenEngine,1024,11/10/2021, 08:19:08,540
FROV00001,FrozenEngine,1024,11/10/2021, 09:17:19,540
FROV00001,FrozenEngine,1024,11/10/2021, 10:18:05,540
FROV00001,FrozenEngine,1024,11/10/2021, 11:15:06,540
FROV00001,FrozenEngine,1024,11/10/2021, 12:23:00,540
FROV00001,FrozenEngine,1024,11/10/2021, 13:23:58,540
FROV00001,FrozenEngine,1024,11/10/2021, 14:15:15,540
FROV00001,FrozenEngine,1024,11/10/2021, 15:16:39,540
FROV00001,FrozenEngine,1024,11/10/2021, 16:17:38,540
FROV00001,FrozenEngine,1024,11/10/2021, 17:15:57,540
FROV00001,FrozenEngine,1024,11/10/2021, 18:16:10,540
FROV00001,FrozenEngine,1024,11/10/2021, 19:10:02,540
FROV00001,FrozenEngine,1024,11/10/2021, 20:13:55,540
FROV00001,FrozenEngine,1024,11/10/2021, 21:09:00,540
FROV00001,FrozenEngine,1024,11/10/2021, 22:11:50,540
FROV00001,FrozenEngine,1024,11/10/2021, 23:11:56,540
FROV00001,FrozenEngine,1024,11/11/2021, 00:39:14,540
FROV00001,FrozenEngine,1024,11/11/2021, 01:54:50,540
FROV00001,FrozenEngine,1024,11/11/2021, 02:26:34,540
FROV00001,FrozenEngine,1024,11/11/2021, 03:12:39,540
FROV00001,FrozenEngine,1024,11/11/2021, 04:15:07,540
FROV00001,FrozenEngine,1024,11/11/2021, 05:10:59,540
FROV00001,FrozenEngine,1024,11/11/2021, 06:14:39,540
FROV00001,FrozenEngine,1024,11/11/2021, 07:12:02,540
FROV00001,FrozenEngine,1024,11/11/2021, 08:14:29,540
FROV00001,FrozenEngine,1024,11/11/2021, 09:16:18,540
FROV00001,FrozenEngine,1024,11/11/2021, 10:17:05,540
FROV00001,FrozenEngine,1024,11/11/2021, 11:14:59,540
FROV00001,FrozenEngine,1024,11/11/2021, 12:18:33,540
FROV00001,FrozenEngine,1024,11/11/2021, 13:18:44,540
FROV00001,FrozenEngine,1024,11/11/2021, 14:11:18,540
FROV00001,FrozenEngine,1024,11/11/2021, 15:12:43,540
FROV00001,FrozenEngine,1024,11/11/2021, 16:22:02,540
FROV00001,FrozenEngine,1024,11/11/2021, 17:19:11,540
FROV00001,FrozenEngine,1024,11/11/2021, 18:13:47,540
FROV00001,FrozenEngine,1024,11/11/2021, 19:09:55,540
FROV00001,FrozenEngine,1024,11/11/2021, 20:12:37,540
FROV00001,FrozenEngine,1024,11/11/2021, 21:10:46,540
FROV00001,FrozenEngine,1024,11/11/2021, 22:11:36,540
FROV00001,FrozenEngine,1024,11/11/2021, 23:12:04,540
FROV00001,FrozenEngine,1024,11/12/2021, 00:40:13,540
FROV00001,FrozenEngine,1024,11/12/2021, 01:55:02,540
FROV00001,FrozenEngine,1024,11/12/2021, 02:26:54,540
FROV00001,FrozenEngine,1024,11/12/2021, 03:12:33,540
FROV00001,FrozenEngine,1024,11/12/2021, 04:15:04,540
FROV00001,FrozenEngine,1024,11/12/2021, 05:11:03,540
FROV00001,FrozenEngine,1024,11/12/2021, 06:14:26,540
FROV00001,FrozenEngine,1024,11/12/2021, 07:12:28,540
FROV00001,FrozenEngine,1024,11/12/2021, 08:14:15,540
FROV00001,FrozenEngine,1024,11/12/2021, 09:12:19,540
FROV00001,FrozenEngine,1024,11/12/2021, 10:13:00,540
FROV00001,FrozenEngine,1024,11/12/2021, 11:10:08,540
FROV00001,FrozenEngine,1024,11/12/2021, 12:18:30,540
FROV00001,FrozenEngine,1024,11/12/2021, 13:18:43,540
FROV00001,FrozenEngine,1024,11/12/2021, 14:14:56,540
FROV00001,FrozenEngine,1024,11/12/2021, 15:17:04,540
FROV00001,FrozenEngine,1024,11/12/2021, 16:17:33,540
FROV00001,FrozenEngine,1024,11/12/2021, 17:18:04,540
FROV00001,FrozenEngine,1024,11/12/2021, 18:14:10,540
FROV00001,FrozenEngine,1024,11/12/2021, 19:10:11,540
FROV00001,FrozenEngine,1024,11/12/2021, 20:12:44,540
FROV00001,FrozenEngine,1024,11/12/2021, 21:10:28,540
FROV00001,FrozenEngine,1024,11/12/2021, 22:11:45,540
FROV00001,FrozenEngine,1024,11/12/2021, 23:12:03,540
FROV00001,FrozenEngine,1024,11/13/2021, 00:37:49,540
FROV00001,FrozenEngine,1024,11/13/2021, 01:52:29,540
FROV00001,FrozenEngine,1024,11/13/2021, 02:26:05,540
FROV00001,FrozenEngine,1024,11/13/2021, 03:12:18,540
FROV00001,FrozenEngine,1024,11/13/2021, 04:15:00,540
FROV00001,FrozenEngine,1024,11/13/2021, 05:10:04,540
FROV00001,FrozenEngine,1024,11/13/2021, 06:13:48,540
FROV00001,FrozenEngine,1024,11/13/2021, 07:11:48,540
FROV00001,FrozenEngine,1024,11/13/2021, 08:13:37,540
FROV00001,FrozenEngine,1024,11/13/2021, 09:11:32,540
FROV00001,FrozenEngine,1024,11/13/2021, 10:12:28,540
FROV00001,FrozenEngine,1024,11/13/2021, 11:09:59,540
FROV00001,FrozenEngine,1024,11/13/2021, 12:17:11,540
FROV00001,FrozenEngine,1024,11/13/2021, 13:16:36,540
FROV00001,FrozenEngine,1024,11/13/2021, 14:10:29,540
FROV00001,FrozenEngine,1024,11/13/2021, 15:11:46,540
FROV00001,FrozenEngine,1024,11/13/2021, 16:16:44,540
FROV00001,FrozenEngine,1024,11/13/2021, 17:16:34,540
FROV00001,FrozenEngine,1024,11/13/2021, 18:13:05,540
FROV00001,FrozenEngine,1024,11/13/2021, 19:09:29,540
FROV00001,FrozenEngine,1024,11/13/2021, 20:11:44,540
FROV00001,FrozenEngine,1024,11/13/2021, 21:10:10,540
FROV00001,FrozenEngine,1024,11/13/2021, 22:10:59,540
FROV00001,FrozenEngine,1024,11/13/2021, 23:11:45,540
FROV00001,FrozenEngine,1024,11/14/2021, 00:40:04,540
FROV00001,FrozenEngine,1024,11/14/2021, 01:56:00,540
FROV00001,FrozenEngine,1024,11/14/2021, 02:27:31,540
FROV00001,FrozenEngine,1024,11/14/2021, 03:12:02,540
FROV00001,FrozenEngine,1024,11/14/2021, 04:14:56,540
FROV00001,FrozenEngine,1024,11/14/2021, 05:10:25,540
FROV00001,FrozenEngine,1024,11/14/2021, 06:13:55,540
FROV00001,FrozenEngine,1024,11/14/2021, 07:11:31,540
FROV00001,FrozenEngine,1024,11/14/2021, 08:13:35,540
FROV00001,FrozenEngine,1024,11/14/2021, 09:11:42,540
FROV00001,FrozenEngine,1024,11/14/2021, 10:12:54,540
FROV00001,FrozenEngine,1024,11/14/2021, 11:09:34,540
FROV00001,FrozenEngine,1024,11/14/2021, 12:17:20,540
FROV00001,FrozenEngine,1024,11/14/2021, 13:16:45,540
FROV00001,FrozenEngine,1024,11/14/2021, 14:10:39,540
FROV00001,FrozenEngine,1024,11/14/2021, 15:11:53,540
FROV00001,FrozenEngine,1024,11/14/2021, 16:16:53,540
FROV00001,FrozenEngine,1024,11/14/2021, 17:16:45,540
FROV00001,FrozenEngine,1024,11/14/2021, 18:13:15,540
FROV00001,FrozenEngine,1024,11/14/2021, 19:09:37,540
FROV00001,FrozenEngine,1024,11/14/2021, 20:11:46,540
FROV00001,FrozenEngine,1024,11/14/2021, 21:10:10,540
FROV00001,FrozenEngine,1024,11/14/2021, 22:11:12,540
FROV00001,FrozenEngine,1024,11/14/2021, 23:12:02,540
FROV00001,FrozenEngine,1024,11/15/2021, 00:39:13,540
FROV00001,FrozenEngine,1024,11/15/2021, 01:54:06,540
FROV00001,FrozenEngine,1024,11/15/2021, 02:26:22,540
FROV00001,FrozenEngine,1024,11/15/2021, 03:12:42,540
FROV00001,FrozenEngine,1024,11/15/2021, 04:15:22,540
FROV00001,FrozenEngine,1024,11/15/2021, 05:10:55,540
FROV00001,FrozenEngine,1025,11/15/2021, 06:14:35,540
FROV00001,FrozenEngine,1025,11/15/2021, 08:14:52,540
FROV00001,FrozenEngine,1025,11/15/2021, 09:15:28,540
FROV00001,FrozenEngine,1025,11/15/2021, 10:17:57,540
FROV00001,FrozenEngine,1025,11/15/2021, 11:15:04,540
FROV00001,FrozenEngine,1025,11/15/2021, 12:24:01,540
FROV00001,FrozenEngine,1025,11/15/2021, 13:19:27,540
FROV00001,FrozenEngine,1025,11/15/2021, 14:11:24,540
FROV00001,FrozenEngine,1025,11/15/2021, 15:13:03,540
FROV00001,FrozenEngine,1025,11/15/2021, 16:23:18,540
FROV00001,FrozenEngine,1025,11/15/2021, 17:19:47,540
FROV00001,FrozenEngine,1025,11/15/2021, 18:15:57,540
FROV00001,FrozenEngine,1025,11/15/2021, 19:09:58,540
FROV00001,FrozenEngine,1025,11/15/2021, 20:12:30,540
FROV00001,FrozenEngine,1025,11/15/2021, 21:11:00,540
FROV00001,FrozenEngine,1025,11/15/2021, 22:14:29,540
FROV00001,FrozenEngine,1025,11/15/2021, 23:12:43,540
FROV00001,FrozenEngine,1025,11/16/2021, 00:39:07,540
FROV00001,FrozenEngine,1025,11/16/2021, 01:54:33,540
FROV00001,FrozenEngine,1025,11/16/2021, 02:26:29,540
FROV00001,FrozenEngine,1025,11/16/2021, 03:12:33,540
FROV00001,FrozenEngine,1025,11/16/2021, 04:15:09,540
FROV00001,FrozenEngine,1025,11/16/2021, 05:10:50,540
FROV00001,FrozenEngine,1025,11/16/2021, 06:14:01,540
FROV00001,FrozenEngine,1025,11/16/2021, 07:12:13,540
FROV00001,FrozenEngine,1025,11/16/2021, 08:14:26,540
FROV00001,FrozenEngine,1025,11/16/2021, 09:13:36,540
FROV00001,FrozenEngine,1025,11/16/2021, 10:18:05,540
FROV00001,FrozenEngine,1025,11/16/2021, 11:13:49,540
FROV00001,FrozenEngine,1025,11/16/2021, 12:22:58,540
FROV00001,FrozenEngine,1025,11/16/2021, 13:19:05,540
FROV00001,FrozenEngine,1025,11/16/2021, 14:13:30,540
FROV00001,FrozenEngine,1025,11/16/2021, 15:18:28,540
FROV00001,FrozenEngine,1025,11/16/2021, 16:19:05,540
FROV00001,FrozenEngine,1025,11/16/2021, 17:12:46,540
FROV00001,FrozenEngine,1025,11/16/2021, 18:18:52,540
FROV00001,FrozenEngine,1025,11/16/2021, 19:10:01,540
FROV00001,FrozenEngine,1025,11/16/2021, 20:14:04,540
FROV00001,FrozenEngine,1025,11/16/2021, 21:10:45,540
FROV00001,FrozenEngine,1026,11/16/2021, 22:11:49,540
FROV00001,FrozenEngine,1026,11/16/2021, 23:12:16,540
FROV00001,FrozenEngine,1026,11/17/2021, 00:38:54,540
FROV00001,FrozenEngine,1026,11/17/2021, 01:54:30,540
FROV00001,FrozenEngine,1026,11/17/2021, 02:26:35,540
FROV00001,FrozenEngine,1026,11/17/2021, 03:12:39,540
FROV00001,FrozenEngine,1026,11/17/2021, 04:15:23,540
FROV00001,FrozenEngine,1026,11/17/2021, 05:10:53,540
FROV00001,FrozenEngine,1026,11/17/2021, 06:14:41,540
FROV00001,FrozenEngine,1026,11/17/2021, 07:12:21,540
FROV00001,FrozenEngine,1026,11/17/2021, 08:14:08,540
FROV00001,FrozenEngine,1026,11/17/2021, 09:17:16,540
FROV00001,FrozenEngine,1026,11/17/2021, 10:18:12,540
FROV00001,FrozenEngine,1026,11/17/2021, 11:15:03,540
FROV00001,FrozenEngine,1026,11/17/2021, 12:23:02,540
FROV00001,FrozenEngine,1026,11/17/2021, 13:19:48,540
FROV00001,FrozenEngine,1026,11/17/2021, 14:11:10,540
FROV00001,FrozenEngine,1026,11/17/2021, 15:12:40,540
FROV00001,FrozenEngine,1027,11/17/2021, 16:17:09,540
FROV00001,FrozenEngine,1027,11/17/2021, 17:16:07,540
FROV00001,FrozenEngine,1027,11/17/2021, 18:16:06,540
FROV00001,FrozenEngine,1027,11/17/2021, 19:10:29,540
FROV00001,FrozenEngine,1027,11/17/2021, 20:12:49,540
FROV00001,FrozenEngine,1027,11/17/2021, 21:10:10,540
FROV00001,FrozenEngine,1027,11/17/2021, 22:11:50,540
FROV00001,FrozenEngine,1027,11/17/2021, 23:12:06,540
FROV00001,FrozenEngine,1027,11/18/2021, 00:40:01,540
FROV00001,FrozenEngine,1027,11/18/2021, 01:54:37,540
FROV00001,FrozenEngine,1027,11/18/2021, 02:26:30,540
FROV00001,FrozenEngine,1027,11/18/2021, 03:12:31,540
FROV00001,FrozenEngine,1027,11/18/2021, 04:15:14,540
FROV00001,FrozenEngine,1027,11/18/2021, 05:11:07,540
FROV00001,FrozenEngine,1027,11/18/2021, 06:14:24,540
FROV00001,FrozenEngine,1027,11/18/2021, 07:12:02,540
FROV00001,FrozenEngine,1027,11/18/2021, 08:14:25,540
FROV00001,FrozenEngine,1027,11/18/2021, 09:12:59,540
FROV00001,FrozenEngine,1027,11/18/2021, 10:18:00,540
FROV00001,FrozenEngine,1027,11/18/2021, 11:15:31,540
FROV00001,FrozenEngine,1027,11/18/2021, 12:22:25,540
FROV00001,FrozenEngine,1027,11/18/2021, 13:19:18,540
FROV00001,FrozenEngine,1027,11/18/2021, 14:11:09,540
FROV00001,FrozenEngine,1027,11/18/2021, 15:13:23,540
FROV00001,FrozenEngine,1027,11/18/2021, 16:22:03,540
FROV00001,FrozenEngine,1027,11/18/2021, 17:22:01,540
FROV00001,FrozenEngine,1027,11/18/2021, 18:13:59,540
FROV00001,FrozenEngine,1027,11/18/2021, 19:10:01,540
FROV00001,FrozenEngine,1027,11/18/2021, 20:10:40,540
FROV00001,FrozenEngine,1027,11/18/2021, 21:10:26,540
FROV00001,FrozenEngine,1027,11/18/2021, 22:11:50,540
FROV00001,FrozenEngine,1027,11/18/2021, 23:12:23,540
FROV00001,FrozenEngine,1027,11/19/2021, 00:39:12,540
FROV00001,FrozenEngine,1027,11/19/2021, 01:54:51,540
FROV00001,FrozenEngine,1027,11/19/2021, 02:27:55,540
FROV00001,FrozenEngine,1027,11/19/2021, 03:12:28,540
FROV00001,FrozenEngine,1027,11/19/2021, 04:15:00,540
FROV00001,FrozenEngine,1027,11/19/2021, 05:10:43,540
FROV00001,FrozenEngine,1027,11/19/2021, 06:14:38,540
FROV00001,FrozenEngine,1027,11/19/2021, 07:12:27,540
FROV00001,FrozenEngine,1027,11/19/2021, 08:14:17,540
FROV00001,FrozenEngine,1027,11/19/2021, 09:17:04,540
FROV00001,FrozenEngine,1027,11/19/2021, 10:18:03,540
FROV00001,FrozenEngine,1027,11/19/2021, 11:15:08,540
FROV00001,FrozenEngine,1027,11/19/2021, 12:19:49,540
FROV00001,FrozenEngine,1027,11/19/2021, 13:18:43,540
FROV00001,FrozenEngine,1027,11/19/2021, 14:16:20,540
FROV00001,FrozenEngine,1027,11/19/2021, 15:17:04,540
FROV00001,FrozenEngine,1027,11/19/2021, 16:19:27,540
FROV00001,FrozenEngine,1027,11/19/2021, 17:19:02,540
FROV00001,FrozenEngine,1027,11/19/2021, 18:13:49,540
FROV00001,FrozenEngine,1027,11/19/2021, 19:10:01,540
FROV00001,FrozenEngine,1027,11/19/2021, 20:12:31,540
FROV00001,FrozenEngine,1027,11/19/2021, 21:10:55,540
FROV00001,FrozenEngine,1027,11/19/2021, 22:11:50,540
FROV00001,FrozenEngine,1027,11/19/2021, 23:12:06,540
FROV00001,FrozenEngine,1027,11/20/2021, 00:38:36,540
FROV00001,FrozenEngine,1027,11/20/2021, 01:52:33,540
FROV00001,FrozenEngine,1027,11/20/2021, 02:28:10,540
FROV00001,FrozenEngine,1027,11/20/2021, 03:12:07,540
FROV00001,FrozenEngine,1027,11/20/2021, 04:15:02,540
FROV00001,FrozenEngine,1027,11/20/2021, 05:10:24,540
FROV00001,FrozenEngine,1027,11/20/2021, 06:13:53,540
FROV00001,FrozenEngine,1027,11/20/2021, 07:11:45,540
FROV00001,FrozenEngine,1027,11/20/2021, 08:14:00,540
FROV00001,FrozenEngine,1027,11/20/2021, 09:11:50,540
FROV00001,FrozenEngine,1027,11/20/2021, 10:12:36,540
FROV00001,FrozenEngine,1027,11/20/2021, 11:09:44,540
FROV00001,FrozenEngine,1027,11/20/2021, 12:17:17,540
FROV00001,FrozenEngine,1027,11/20/2021, 13:16:39,540
FROV00001,FrozenEngine,1027,11/20/2021, 14:10:38,540
FROV00001,FrozenEngine,1027,11/20/2021, 15:11:42,540
FROV00001,FrozenEngine,1027,11/20/2021, 16:17:03,540
FROV00001,FrozenEngine,1027,11/20/2021, 17:16:49,540
FROV00001,FrozenEngine,1027,11/20/2021, 18:13:17,540
FROV00001,FrozenEngine,1027,11/20/2021, 19:09:24,540
FROV00001,FrozenEngine,1027,11/20/2021, 20:12:07,540
FROV00001,FrozenEngine,1027,11/20/2021, 21:10:05,540
FROV00001,FrozenEngine,1027,11/20/2021, 22:11:25,540
FROV00001,FrozenEngine,1027,11/20/2021, 23:11:48,540
FROV00001,FrozenEngine,1027,11/21/2021, 00:40:36,540
FROV00001,FrozenEngine,1027,11/21/2021, 01:56:42,540
FROV00001,FrozenEngine,1027,11/21/2021, 02:29:10,540
FROV00001,FrozenEngine,1027,11/21/2021, 03:12:11,540
FROV00001,FrozenEngine,1027,11/21/2021, 04:15:01,540
FROV00001,FrozenEngine,1027,11/21/2021, 05:10:19,540
FROV00001,FrozenEngine,1027,11/21/2021, 06:13:45,540
FROV00001,FrozenEngine,1027,11/21/2021, 07:11:42,540
FROV00001,FrozenEngine,1027,11/21/2021, 08:13:57,540
FROV00001,FrozenEngine,1027,11/21/2021, 09:11:32,540
FROV00001,FrozenEngine,1027,11/21/2021, 10:12:50,540
FROV00001,FrozenEngine,1027,11/21/2021, 11:09:50,540
FROV00001,FrozenEngine,1027,11/21/2021, 12:17:48,540
FROV00001,FrozenEngine,1027,11/21/2021, 13:17:03,540
FROV00001,FrozenEngine,1027,11/21/2021, 14:10:45,540
FROV00001,FrozenEngine,1027,11/21/2021, 15:12:02,540
FROV00001,FrozenEngine,1027,11/21/2021, 16:16:52,540
FROV00001,FrozenEngine,1027,11/21/2021, 17:16:55,540
FROV00001,FrozenEngine,1027,11/21/2021, 18:13:15,540
FROV00001,FrozenEngine,1027,11/21/2021, 19:09:32,540
FROV00001,FrozenEngine,1027,11/21/2021, 20:12:03,540
FROV00001,FrozenEngine,1027,11/21/2021, 21:10:17,540
FROV00001,FrozenEngine,1027,11/21/2021, 22:11:27,540
FROV00001,FrozenEngine,1027,11/21/2021, 23:12:00,540
FROV00001,FrozenEngine,1027,11/22/2021, 00:39:22,540
FROV00001,FrozenEngine,1027,11/22/2021, 01:55:22,540
FROV00001,FrozenEngine,1027,11/22/2021, 02:27:43,540
FROV00001,FrozenEngine,1027,11/22/2021, 03:12:36,540
FROV00001,FrozenEngine,1027,11/22/2021, 04:15:36,540
FROV00001,FrozenEngine,1027,11/22/2021, 05:11:17,540
FROV00001,FrozenEngine,1027,11/22/2021, 06:14:47,540
FROV00001,FrozenEngine,1027,11/22/2021, 07:12:14,540
FROV00001,FrozenEngine,1027,11/22/2021, 08:18:31,540
FROV00001,FrozenEngine,1027,11/22/2021, 09:17:12,540
FROV00001,FrozenEngine,1027,11/22/2021, 10:18:12,540
FROV00001,FrozenEngine,1027,11/22/2021, 11:15:03,540
FROV00001,FrozenEngine,1027,11/22/2021, 12:19:31,540
FROV00001,FrozenEngine,1027,11/22/2021, 13:24:16,540
FROV00001,FrozenEngine,1027,11/22/2021, 14:11:52,540
FROV00001,FrozenEngine,1027,11/22/2021, 15:17:10,540
FROV00001,FrozenEngine,1027,11/22/2021, 16:19:26,540
FROV00001,FrozenEngine,1027,11/22/2021, 17:20:15,540
FROV00001,FrozenEngine,1027,11/22/2021, 18:19:03,540
FROV00001,FrozenEngine,1027,11/22/2021, 19:10:53,540
FROV00001,FrozenEngine,1027,11/22/2021, 20:12:42,540
FROV00001,FrozenEngine,1027,11/22/2021, 21:10:41,540
FROV00001,FrozenEngine,1027,11/22/2021, 22:12:17,540
FROV00001,FrozenEngine,1027,11/22/2021, 23:12:25,540
FROV00001,FrozenEngine,1027,11/23/2021, 00:39:03,540
FROV00001,FrozenEngine,1027,11/23/2021, 01:54:10,540
FROV00001,FrozenEngine,1027,11/23/2021, 02:26:21,540
FROV00001,FrozenEngine,1027,11/23/2021, 03:12:29,540
FROV00001,FrozenEngine,1027,11/23/2021, 04:15:26,540
FROV00001,FrozenEngine,1027,11/23/2021, 05:10:55,540
FROV00001,FrozenEngine,1027,11/23/2021, 06:14:22,540
FROV00001,FrozenEngine,1027,11/23/2021, 07:12:07,540
FROV00001,FrozenEngine,1027,11/23/2021, 08:14:36,540
FROV00001,FrozenEngine,1027,11/23/2021, 09:12:26,540
FROV00001,FrozenEngine,1027,11/23/2021, 10:13:56,540
FROV00001,FrozenEngine,1027,11/23/2021, 11:15:09,540
FROV00001,FrozenEngine,1027,11/23/2021, 12:18:56,540
FROV00001,FrozenEngine,1027,11/23/2021, 13:19:06,540
FROV00001,FrozenEngine,1027,11/23/2021, 14:15:21,540
FROV00001,FrozenEngine,1027,11/23/2021, 15:12:52,540
FROV00001,FrozenEngine,1027,11/23/2021, 16:17:54,540
FROV00001,FrozenEngine,1027,11/23/2021, 17:18:15,540
FROV00001,FrozenEngine,1027,11/23/2021, 18:14:49,540
FROV00001,FrozenEngine,1027,11/23/2021, 19:08:28,540
FROV00001,FrozenEngine,1027,11/23/2021, 20:12:56,540
FROV00001,FrozenEngine,1027,11/23/2021, 21:10:34,540
FROV00001,FrozenEngine,1027,11/23/2021, 22:11:39,540
FROV00001,FrozenEngine,1027,11/23/2021, 23:12:15,540
FROV00001,FrozenEngine,1027,11/24/2021, 00:39:48,540
FROV00001,FrozenEngine,1027,11/24/2021, 01:54:27,540
FROV00001,FrozenEngine,1027,11/24/2021, 02:27:01,540
FROV00001,FrozenEngine,1027,11/24/2021, 03:12:22,540
FROV00001,FrozenEngine,1027,11/24/2021, 04:15:26,540
FROV00001,FrozenEngine,1027,11/24/2021, 05:10:50,540
FROV00001,FrozenEngine,1027,11/24/2021, 06:15:00,540
FROV00001,FrozenEngine,1027,11/24/2021, 07:12:10,540
FROV00001,FrozenEngine,1027,11/24/2021, 08:14:09,540
FROV00001,FrozenEngine,1027,11/24/2021, 09:17:14,540
FROV00001,FrozenEngine,1027,11/24/2021, 10:18:14,540
FROV00001,FrozenEngine,1027,11/24/2021, 11:15:11,540
FROV00001,FrozenEngine,1027,11/24/2021, 12:23:02,540
FROV00001,FrozenEngine,1027,11/24/2021, 13:19:05,540
FROV00001,FrozenEngine,1027,11/24/2021, 14:11:39,540
FROV00001,FrozenEngine,1027,11/24/2021, 15:13:10,540
FROV00001,FrozenEngine,1027,11/24/2021, 16:22:11,540
FROV00001,FrozenEngine,1027,11/24/2021, 17:22:19,540
FROV00001,FrozenEngine,1027,11/24/2021, 18:13:58,540
FROV00001,FrozenEngine,1027,11/24/2021, 19:11:23,540
FROV00001,FrozenEngine,1027,11/24/2021, 20:14:17,540
FROV00001,FrozenEngine,1027,11/24/2021, 21:10:41,540
FROV00001,FrozenEngine,1027,11/24/2021, 22:11:56,540
FROV00001,FrozenEngine,1027,11/24/2021, 23:12:19,540
FROV00001,FrozenEngine,1027,11/25/2021, 00:40:52,540
FROV00001,FrozenEngine,1027,11/25/2021, 01:55:28,540
FROV00001,FrozenEngine,1027,11/25/2021, 02:28:24,540
FROV00001,FrozenEngine,1027,11/25/2021, 03:12:41,540
FROV00001,FrozenEngine,1027,11/25/2021, 04:15:43,540
FROV00001,FrozenEngine,1027,11/25/2021, 05:11:18,540
FROV00001,FrozenEngine,1027,11/25/2021, 06:14:35,540
FROV00001,FrozenEngine,1027,11/25/2021, 07:13:55,540
FROV00001,FrozenEngine,1027,11/25/2021, 08:14:30,540
FROV00001,FrozenEngine,1027,11/25/2021, 09:17:02,540
FROV00001,FrozenEngine,1027,11/25/2021, 10:17:05,540
FROV00001,FrozenEngine,1027,11/25/2021, 11:15:12,540
FROV00001,FrozenEngine,1027,11/25/2021, 12:22:51,540
FROV00001,FrozenEngine,1027,11/25/2021, 13:19:16,540
FROV00001,FrozenEngine,1027,11/25/2021, 14:11:35,540
FROV00001,FrozenEngine,1027,11/25/2021, 15:12:59,540
FROV00001,FrozenEngine,1027,11/25/2021, 16:17:38,540
FROV00001,FrozenEngine,1027,11/25/2021, 17:18:34,540
FROV00001,FrozenEngine,1027,11/25/2021, 18:13:50,540
FROV00001,FrozenEngine,1027,11/25/2021, 19:09:58,540
FROV00001,FrozenEngine,1027,11/25/2021, 20:12:53,540
FROV00001,FrozenEngine,1027,11/25/2021, 21:10:25,540
FROV00001,FrozenEngine,1027,11/25/2021, 22:11:55,540
FROV00001,FrozenEngine,1027,11/25/2021, 23:11:58,540
FROV00001,FrozenEngine,1027,11/26/2021, 00:38:39,540
FROV00001,FrozenEngine,1027,11/26/2021, 01:53:28,540
FROV00001,FrozenEngine,1027,11/26/2021, 02:27:04,540
FROV00001,FrozenEngine,1027,11/26/2021, 03:12:49,540
FROV00001,FrozenEngine,1027,11/26/2021, 04:15:28,540
FROV00001,FrozenEngine,1027,11/26/2021, 05:10:55,540
FROV00001,FrozenEngine,1027,11/26/2021, 06:14:36,540
FROV00001,FrozenEngine,1027,11/26/2021, 07:12:22,540
FROV00001,FrozenEngine,1027,11/26/2021, 08:14:17,540
FROV00001,FrozenEngine,1027,11/26/2021, 09:12:30,540
FROV00001,FrozenEngine,1027,11/26/2021, 10:13:11,540
FROV00001,FrozenEngine,1027,11/26/2021, 11:10:31,540
FROV00001,FrozenEngine,1027,11/26/2021, 12:18:38,540
FROV00001,FrozenEngine,1027,11/26/2021, 13:18:51,540
FROV00001,FrozenEngine,1027,11/26/2021, 14:12:34,540
FROV00001,FrozenEngine,1027,11/26/2021, 15:12:47,540
FROV00001,FrozenEngine,1027,11/26/2021, 16:17:47,540
FROV00001,FrozenEngine,1027,11/26/2021, 17:18:19,540
FROV00001,FrozenEngine,1027,11/26/2021, 18:13:54,540
FROV00001,FrozenEngine,1027,11/26/2021, 19:10:00,540
FROV00001,FrozenEngine,1027,11/26/2021, 20:12:52,540
FROV00001,FrozenEngine,1027,11/26/2021, 21:10:25,540
FROV00001,FrozenEngine,1027,11/26/2021, 22:11:52,540
FROV00001,FrozenEngine,1027,11/26/2021, 23:11:54,540
FROV00001,FrozenEngine,1027,11/27/2021, 00:38:17,540
FROV00001,FrozenEngine,1027,11/27/2021, 01:52:14,540
FROV00001,FrozenEngine,1027,11/27/2021, 02:27:34,540
FROV00001,FrozenEngine,1027,11/27/2021, 03:12:24,540
FROV00001,FrozenEngine,1027,11/27/2021, 04:15:11,540
FROV00001,FrozenEngine,1027,11/27/2021, 05:10:14,540
FROV00001,FrozenEngine,1027,11/27/2021, 06:13:52,540
FROV00001,FrozenEngine,1027,11/27/2021, 07:11:47,540
FROV00001,FrozenEngine,1027,11/27/2021, 08:14:09,540
FROV00001,FrozenEngine,1027,11/27/2021, 09:11:54,540
FROV00001,FrozenEngine,1027,11/27/2021, 10:12:39,540
FROV00001,FrozenEngine,1027,11/27/2021, 11:09:47,540
FROV00001,FrozenEngine,1027,11/27/2021, 12:17:43,540
FROV00001,FrozenEngine,1027,11/27/2021, 13:16:49,540
FROV00001,FrozenEngine,1027,11/27/2021, 14:10:41,540
FROV00001,FrozenEngine,1027,11/27/2021, 15:12:06,540
FROV00001,FrozenEngine,1027,11/27/2021, 16:17:02,540
FROV00001,FrozenEngine,1027,11/27/2021, 17:16:56,540
FROV00001,FrozenEngine,1027,11/27/2021, 18:13:13,540
FROV00001,FrozenEngine,1027,11/27/2021, 19:09:47,540
FROV00001,FrozenEngine,1027,11/27/2021, 20:11:58,540
FROV00001,FrozenEngine,1029,11/27/2021, 23:19:00,540
FROV00001,FrozenEngine,1029,11/28/2021, 00:40:38,540
FROV00001,FrozenEngine,1029,11/28/2021, 01:51:56,540
FROV00001,FrozenEngine,1030,11/28/2021, 02:27:09,540
FROV00001,FrozenEngine,1030,11/28/2021, 03:12:14,540
FROV00001,FrozenEngine,1030,11/28/2021, 04:14:55,540
FROV00001,FrozenEngine,1030,11/28/2021, 05:10:22,540
FROV00001,FrozenEngine,1030,11/28/2021, 06:14:19,540
FROV00001,FrozenEngine,1030,11/28/2021, 07:11:50,540
FROV00001,FrozenEngine,1030,11/28/2021, 08:13:50,540
FROV00001,FrozenEngine,1030,11/28/2021, 09:12:03,540
FROV00001,FrozenEngine,1030,11/28/2021, 10:12:46,540
FROV00001,FrozenEngine,1030,11/28/2021, 11:10:01,540
FROV00001,FrozenEngine,1030,11/28/2021, 12:17:42,540
FROV00001,FrozenEngine,1030,11/28/2021, 13:16:48,540
FROV00001,FrozenEngine,1030,11/28/2021, 14:10:37,540
FROV00001,FrozenEngine,1030,11/28/2021, 15:12:28,540
FROV00001,FrozenEngine,1030,11/28/2021, 16:16:41,540
FROV00001,FrozenEngine,1030,11/28/2021, 17:17:02,540
FROV00001,FrozenEngine,1030,11/28/2021, 18:13:23,540
FROV00001,FrozenEngine,1030,11/28/2021, 19:09:36,540
FROV00001,FrozenEngine,1030,11/28/2021, 20:12:08,540
FROV00001,FrozenEngine,1030,11/28/2021, 21:09:58,540
FROV00001,FrozenEngine,1030,11/28/2021, 22:11:37,540
FROV00001,FrozenEngine,1030,11/28/2021, 23:11:50,540
FROV00001,FrozenEngine,1030,11/29/2021, 00:39:37,540
FROV00001,FrozenEngine,1030,11/29/2021, 01:55:02,540
FROV00001,FrozenEngine,1030,11/29/2021, 02:27:37,540
FROV00001,FrozenEngine,1030,11/29/2021, 03:12:38,540
FROV00001,FrozenEngine,1030,11/29/2021, 04:15:51,540
FROV00001,FrozenEngine,1030,11/29/2021, 05:11:26,540
FROV00001,FrozenEngine,1030,11/29/2021, 06:14:45,540
FROV00001,FrozenEngine,1030,11/29/2021, 07:12:42,540
FROV00001,FrozenEngine,1030,11/29/2021, 08:14:52,540
FROV00001,FrozenEngine,1030,11/29/2021, 09:12:47,540
FROV00001,FrozenEngine,1030,11/29/2021, 10:15:56,540
FROV00001,FrozenEngine,1030,11/29/2021, 11:10:34,540
FROV00001,FrozenEngine,1030,11/29/2021, 12:19:04,540
FROV00001,FrozenEngine,1030,11/29/2021, 13:19:39,540
FROV00001,FrozenEngine,1030,11/29/2021, 14:15:14,540
FROV00001,FrozenEngine,1030,11/29/2021, 15:17:10,540
FROV00001,FrozenEngine,1030,11/29/2021, 16:18:46,540
FROV00001,FrozenEngine,1030,11/29/2021, 17:24:09,540
FROV00001,FrozenEngine,1030,11/29/2021, 18:19:17,540
FROV00001,FrozenEngine,1030,11/29/2021, 19:10:21,540
FROV00001,FrozenEngine,1030,11/29/2021, 20:12:58,540
FROV00001,FrozenEngine,1030,11/29/2021, 21:10:46,540
FROV00001,FrozenEngine,1030,11/29/2021, 22:12:03,540
FROV00001,FrozenEngine,1030,11/29/2021, 23:12:25,540
FROV00001,FrozenEngine,1030,11/30/2021, 00:41:12,540
FROV00001,FrozenEngine,1030,11/30/2021, 01:46:32,540
FROV00001,FrozenEngine,1030,11/30/2021, 02:15:14,540
FROV00001,FrozenEngine,1030,11/30/2021, 03:10:48,540
FROV00001,FrozenEngine,1030,11/30/2021, 04:13:06,540
FROV00001,FrozenEngine,1030,11/30/2021, 05:09:28,540
FROV00001,FrozenEngine,1030,11/30/2021, 06:12:04,540
FROV00001,FrozenEngine,1030,11/30/2021, 07:10:13,540
FROV00001,FrozenEngine,1030,11/30/2021, 08:12:35,540
FROV00001,FrozenEngine,1030,11/30/2021, 09:13:06,540
FROV00001,FrozenEngine,1030,11/30/2021, 10:16:10,540
FROV00001,FrozenEngine,1030,11/30/2021, 11:14:06,540
FROV00001,FrozenEngine,1030,11/30/2021, 12:17:55,540
FROV00001,FrozenEngine,1030,11/30/2021, 13:12:56,540
FROV00001,FrozenEngine,1030,11/30/2021, 14:11:36,540
FROV00001,FrozenEngine,1030,11/30/2021, 15:12:55,540
FROV00001,FrozenEngine,1030,11/30/2021, 16:18:05,540
FROV00001,FrozenEngine,1030,11/30/2021, 17:24:05,540
FROV00001,FrozenEngine,1030,11/30/2021, 18:16:26,540
FROV00001,FrozenEngine,1030,11/30/2021, 19:09:40,540
FROV00001,FrozenEngine,1030,11/30/2021, 20:12:45,540
FROV00001,FrozenEngine,1030,11/30/2021, 21:10:50,540
FROV00001,FrozenEngine,1030,11/30/2021, 22:12:04,540
FROV00001,FrozenEngine,1030,11/30/2021, 23:12:07,540
FROV00001,FrozenEngine,1030,12/01/2021, 00:42:00,540
FROV00001,FrozenEngine,1030,12/01/2021, 02:00:21,540
FROV00001,FrozenEngine,1030,12/01/2021, 02:39:27,540
FROV00001,FrozenEngine,1030,12/01/2021, 03:13:37,540
FROV00001,FrozenEngine,1030,12/01/2021, 04:15:48,540
FROV00001,FrozenEngine,1030,12/01/2021, 05:12:05,540
FROV00001,FrozenEngine,1030,12/01/2021, 06:14:51,540
FROV00001,FrozenEngine,1030,12/01/2021, 07:12:22,540
FROV00001,FrozenEngine,1030,12/01/2021, 08:16:39,540
FROV00001,FrozenEngine,1030,12/01/2021, 09:18:00,540
FROV00001,FrozenEngine,1030,12/01/2021, 10:17:56,540
FROV00001,FrozenEngine,1030,12/01/2021, 11:14:46,540
FROV00001,FrozenEngine,1030,12/01/2021, 12:19:39,540
FROV00001,FrozenEngine,1030,12/01/2021, 13:20:13,540
FROV00001,FrozenEngine,1030,12/01/2021, 14:11:58,540
FROV00001,FrozenEngine,1030,12/01/2021, 15:13:30,540
FROV00001,FrozenEngine,1030,12/01/2021, 16:18:21,540
FROV00001,FrozenEngine,1030,12/01/2021, 17:24:59,540
FROV00001,FrozenEngine,1030,12/01/2021, 18:19:06,540
FROV00001,FrozenEngine,1030,12/01/2021, 19:12:41,540
FROV00001,FrozenEngine,1030,12/01/2021, 20:13:52,540
FROV00001,FrozenEngine,1030,12/01/2021, 21:10:57,540
FROV00001,FrozenEngine,1030,12/01/2021, 22:12:07,540
FROV00001,FrozenEngine,1030,12/01/2021, 23:12:10,540
FROV00001,FrozenEngine,1030,12/02/2021, 00:39:30,540
FROV00001,FrozenEngine,1030,12/02/2021, 01:55:54,540
FROV00001,FrozenEngine,1030,12/02/2021, 02:28:24,540
FROV00001,FrozenEngine,1030,12/02/2021, 03:12:39,540
FROV00001,FrozenEngine,1030,12/02/2021, 04:15:23,540
FROV00001,FrozenEngine,1030,12/02/2021, 05:11:24,540
FROV00001,FrozenEngine,1030,12/02/2021, 06:14:20,540
FROV00001,FrozenEngine,1030,12/02/2021, 07:12:39,540
FROV00001,FrozenEngine,1030,12/02/2021, 08:14:36,540
FROV00001,FrozenEngine,1030,12/02/2021, 09:14:59,540
FROV00001,FrozenEngine,1030,12/02/2021, 10:12:58,540
FROV00001,FrozenEngine,1030,12/02/2021, 11:14:56,540
FROV00001,FrozenEngine,1030,12/02/2021, 12:18:52,540
FROV00001,FrozenEngine,1030,12/02/2021, 13:18:57,540
FROV00001,FrozenEngine,1030,12/02/2021, 14:11:36,540
FROV00001,FrozenEngine,1030,12/02/2021, 15:11:15,540
FROV00001,FrozenEngine,1030,12/02/2021, 16:18:12,540
FROV00001,FrozenEngine,1030,12/02/2021, 17:19:14,540
FROV00001,FrozenEngine,1030,12/02/2021, 18:14:35,540
FROV00001,FrozenEngine,1030,12/02/2021, 19:10:12,540
FROV00001,FrozenEngine,1030,12/02/2021, 20:13:04,540
FROV00001,FrozenEngine,1030,12/02/2021, 21:10:53,540
FROV00001,FrozenEngine,1030,12/02/2021, 22:12:09,540
FROV00001,FrozenEngine,1030,12/02/2021, 23:12:22,540
FROV00001,FrozenEngine,1030,12/03/2021, 00:39:56,540
FROV00001,FrozenEngine,1030,12/03/2021, 01:55:25,540
FROV00001,FrozenEngine,1030,12/03/2021, 02:28:09,540
FROV00001,FrozenEngine,1030,12/03/2021, 03:12:32,540
FROV00001,FrozenEngine,1030,12/03/2021, 04:15:40,540
FROV00001,FrozenEngine,1030,12/03/2021, 05:11:25,540
FROV00001,FrozenEngine,1030,12/03/2021, 06:14:37,540
FROV00001,FrozenEngine,1030,12/03/2021, 07:12:22,540
FROV00001,FrozenEngine,1030,12/03/2021, 08:14:50,540
FROV00001,FrozenEngine,1030,12/03/2021, 09:12:34,540
FROV00001,FrozenEngine,1030,12/03/2021, 10:13:06,540
FROV00001,FrozenEngine,1030,12/03/2021, 11:10:26,540
FROV00001,FrozenEngine,1030,12/03/2021, 12:18:57,540
FROV00001,FrozenEngine,1030,12/03/2021, 13:19:21,540
FROV00001,FrozenEngine,1030,12/03/2021, 14:11:50,540
FROV00001,FrozenEngine,1030,12/03/2021, 15:13:05,540
FROV00001,FrozenEngine,1030,12/03/2021, 16:18:10,540
FROV00001,FrozenEngine,1030,12/03/2021, 17:19:19,540
FROV00001,FrozenEngine,1030,12/03/2021, 18:14:16,540
FROV00001,FrozenEngine,1030,12/03/2021, 19:10:15,540
FROV00001,FrozenEngine,1030,12/03/2021, 20:13:07,540
FROV00001,FrozenEngine,1030,12/03/2021, 21:10:29,540
FROV00001,FrozenEngine,1030,12/03/2021, 22:11:47,540
FROV00001,FrozenEngine,1030,12/03/2021, 23:12:05,540
FROV00001,FrozenEngine,1030,12/04/2021, 00:39:51,540
FROV00001,FrozenEngine,1030,12/04/2021, 01:54:56,540
FROV00001,FrozenEngine,1030,12/04/2021, 02:30:08,540
FROV00001,FrozenEngine,1030,12/04/2021, 03:12:16,540
FROV00001,FrozenEngine,1030,12/04/2021, 04:15:45,540
FROV00001,FrozenEngine,1030,12/04/2021, 05:11:45,540
FROV00001,FrozenEngine,1030,12/04/2021, 06:14:17,540
FROV00001,FrozenEngine,1030,12/04/2021, 07:12:05,540
FROV00001,FrozenEngine,1030,12/04/2021, 08:14:32,540
FROV00001,FrozenEngine,1030,12/04/2021, 09:12:12,540
FROV00001,FrozenEngine,1030,12/04/2021, 10:12:42,540
FROV00001,FrozenEngine,1030,12/04/2021, 11:10:00,540
FROV00001,FrozenEngine,1031,12/04/2021, 12:18:48,540
FROV00001,FrozenEngine,1031,12/04/2021, 13:19:57,540
FROV00001,FrozenEngine,1031,12/04/2021, 14:10:57,540
FROV00001,FrozenEngine,1031,12/04/2021, 15:12:25,540
FROV00001,FrozenEngine,1031,12/04/2021, 16:17:29,540
FROV00001,FrozenEngine,1031,12/04/2021, 17:18:59,540
FROV00001,FrozenEngine,1031,12/04/2021, 18:14:07,540
FROV00001,FrozenEngine,1031,12/04/2021, 19:09:52,540
FROV00001,FrozenEngine,1031,12/04/2021, 20:12:45,540
FROV00001,FrozenEngine,1031,12/04/2021, 21:10:40,540
FROV00001,FrozenEngine,1031,12/04/2021, 22:12:12,540
FROV00001,FrozenEngine,1031,12/04/2021, 23:12:16,540
FROV00001,FrozenEngine,1031,12/05/2021, 00:43:09,540
FROV00001,FrozenEngine,1031,12/05/2021, 02:02:33,540
FROV00001,FrozenEngine,1031,12/05/2021, 03:12:33,540
FROV00001,FrozenEngine,1031,12/05/2021, 04:15:47,540
FROV00001,FrozenEngine,1031,12/05/2021, 05:11:27,540
FROV00001,FrozenEngine,1031,12/05/2021, 06:14:04,540
FROV00001,FrozenEngine,1031,12/05/2021, 07:11:54,540
FROV00001,FrozenEngine,1031,12/05/2021, 08:14:05,540
FROV00001,FrozenEngine,1031,12/05/2021, 09:12:01,540
FROV00001,FrozenEngine,1031,12/05/2021, 10:12:50,540
FROV00001,FrozenEngine,1031,12/05/2021, 11:09:54,540
FROV00001,FrozenEngine,1031,12/05/2021, 12:18:12,540
FROV00001,FrozenEngine,1031,12/05/2021, 13:17:54,540
FROV00001,FrozenEngine,1031,12/05/2021, 14:10:59,540
FROV00001,FrozenEngine,1031,12/05/2021, 15:12:13,540
FROV00001,FrozenEngine,1031,12/05/2021, 16:17:17,540
FROV00001,FrozenEngine,1031,12/05/2021, 17:17:50,540
FROV00001,FrozenEngine,1031,12/05/2021, 18:13:45,540
FROV00001,FrozenEngine,1031,12/05/2021, 19:09:57,540
FROV00001,FrozenEngine,1031,12/05/2021, 20:12:30,540
FROV00001,FrozenEngine,1031,12/05/2021, 21:10:22,540
FROV00001,FrozenEngine,1031,12/05/2021, 22:11:26,540
FROV00001,FrozenEngine,1031,12/05/2021, 23:11:45,540
FROV00001,FrozenEngine,1031,12/06/2021, 00:41:58,540
FROV00001,FrozenEngine,1031,12/06/2021, 01:58:32,540
FROV00001,FrozenEngine,1031,12/06/2021, 02:33:57,540
FROV00001,FrozenEngine,1031,12/06/2021, 03:12:48,540
FROV00001,FrozenEngine,1031,12/06/2021, 04:15:57,540
FROV00001,FrozenEngine,1031,12/06/2021, 05:12:05,540
FROV00001,FrozenEngine,1031,12/06/2021, 06:14:48,540
FROV00001,FrozenEngine,1031,12/06/2021, 07:12:44,540
FROV00001,FrozenEngine,1031,12/06/2021, 08:15:02,540
FROV00001,FrozenEngine,1031,12/06/2021, 09:13:27,540
FROV00001,FrozenEngine,1031,12/06/2021, 10:13:34,540
FROV00001,FrozenEngine,1031,12/06/2021, 11:10:32,540
FROV00001,FrozenEngine,1031,12/06/2021, 12:19:33,540
FROV00001,FrozenEngine,1031,12/06/2021, 13:20:32,540
FROV00001,FrozenEngine,1031,12/06/2021, 14:11:40,540
FROV00001,FrozenEngine,1031,12/06/2021, 15:13:14,540
FROV00001,FrozenEngine,1031,12/06/2021, 16:15:41,540
FROV00001,FrozenEngine,1031,12/06/2021, 17:12:29,540
FROV00001,FrozenEngine,1031,12/06/2021, 18:17:07,540
FROV00001,FrozenEngine,1031,12/06/2021, 19:10:06,540
FROV00001,FrozenEngine,1031,12/06/2021, 20:13:43,540
FROV00001,FrozenEngine,1031,12/06/2021, 21:11:21,540
FROV00001,FrozenEngine,1031,12/06/2021, 22:12:39,540
FROV00001,FrozenEngine,1031,12/06/2021, 23:13:06,540
FROV00001,FrozenEngine,1031,12/07/2021, 00:42:13,540
FROV00001,FrozenEngine,1031,12/07/2021, 02:01:38,540
FROV00001,FrozenEngine,1031,12/07/2021, 03:13:12,540
FROV00001,FrozenEngine,1031,12/07/2021, 04:16:02,540
FROV00001,FrozenEngine,1031,12/07/2021, 05:12:46,540
FROV00001,FrozenEngine,1031,12/07/2021, 06:15:20,540
FROV00001,FrozenEngine,1031,12/07/2021, 07:12:42,540
FROV00001,FrozenEngine,1031,12/07/2021, 08:15:43,540
FROV00001,FrozenEngine,1031,12/07/2021, 09:13:19,540
FROV00001,FrozenEngine,1031,12/07/2021, 10:14:23,540
FROV00001,FrozenEngine,1031,12/07/2021, 11:11:14,540
FROV00001,FrozenEngine,1031,12/07/2021, 12:21:05,540
FROV00001,FrozenEngine,1031,12/07/2021, 13:23:34,540
FROV00001,FrozenEngine,1031,12/07/2021, 14:12:28,540
FROV00001,FrozenEngine,1031,12/07/2021, 15:13:27,540
FROV00001,FrozenEngine,1031,12/07/2021, 16:19:14,540
FROV00001,FrozenEngine,1031,12/07/2021, 17:21:52,540
FROV00001,FrozenEngine,1031,12/07/2021, 18:14:49,540
FROV00001,FrozenEngine,1031,12/07/2021, 19:10:30,540
FROV00001,FrozenEngine,1031,12/07/2021, 20:13:32,540
FROV00001,FrozenEngine,1031,12/07/2021, 21:11:13,540
FROV00001,FrozenEngine,1031,12/07/2021, 22:12:06,540
FROV00001,FrozenEngine,1031,12/07/2021, 23:12:29,540
FROV00001,FrozenEngine,1031,12/08/2021, 00:42:27,540
FROV00001,FrozenEngine,1031,12/08/2021, 01:59:36,540
FROV00001,FrozenEngine,1031,12/08/2021, 02:37:15,540
FROV00001,FrozenEngine,1031,12/08/2021, 03:12:33,540
FROV00001,FrozenEngine,1031,12/08/2021, 04:15:50,540
FROV00001,FrozenEngine,1031,12/08/2021, 05:12:00,540
FROV00001,FrozenEngine,1031,12/08/2021, 06:15:12,540
FROV00001,FrozenEngine,1031,12/08/2021, 07:12:22,540
FROV00001,FrozenEngine,1031,12/08/2021, 08:14:59,540
FROV00001,FrozenEngine,1031,12/08/2021, 09:12:50,540
FROV00001,FrozenEngine,1031,12/08/2021, 10:13:22,540
FROV00001,FrozenEngine,1031,12/08/2021, 11:10:38,540
FROV00001,FrozenEngine,1031,12/08/2021, 12:19:28,540
FROV00001,FrozenEngine,1031,12/08/2021, 13:20:51,540
FROV00001,FrozenEngine,1031,12/08/2021, 14:12:03,540
FROV00001,FrozenEngine,1031,12/08/2021, 15:13:00,540
FROV00001,FrozenEngine,1031,12/08/2021, 16:16:53,540
FROV00001,FrozenEngine,1031,12/08/2021, 17:20:04,540
FROV00001,FrozenEngine,1031,12/08/2021, 18:14:28,540
FROV00001,FrozenEngine,1031,12/08/2021, 19:10:35,540
FROV00001,FrozenEngine,1031,12/08/2021, 20:13:07,540
FROV00001,FrozenEngine,1031,12/08/2021, 21:10:57,540
FROV00001,FrozenEngine,1031,12/08/2021, 22:12:14,540
FROV00001,FrozenEngine,1031,12/08/2021, 23:12:33,540
FROV00001,FrozenEngine,1031,12/09/2021, 00:40:52,540
FROV00001,FrozenEngine,1031,12/09/2021, 01:58:11,540
FROV00001,FrozenEngine,1031,12/09/2021, 02:33:35,540
FROV00001,FrozenEngine,1031,12/09/2021, 03:12:46,540
FROV00001,FrozenEngine,1031,12/09/2021, 04:15:53,540
FROV00001,FrozenEngine,1031,12/09/2021, 05:12:30,540
FROV00001,FrozenEngine,1031,12/09/2021, 06:14:53,540
FROV00001,FrozenEngine,1031,12/09/2021, 07:12:25,540
FROV00001,FrozenEngine,1031,12/09/2021, 08:14:57,540
FROV00001,FrozenEngine,1031,12/09/2021, 09:15:17,540
FROV00001,FrozenEngine,1031,12/09/2021, 10:18:00,540
FROV00001,FrozenEngine,1031,12/09/2021, 11:10:28,540
FROV00001,FrozenEngine,1031,12/09/2021, 12:19:33,540
FROV00001,FrozenEngine,1031,12/09/2021, 13:20:26,540
FROV00001,FrozenEngine,1031,12/09/2021, 14:16:06,540
FROV00001,FrozenEngine,1031,12/09/2021, 15:15:11,540
FROV00001,FrozenEngine,1031,12/09/2021, 16:17:56,540
FROV00001,FrozenEngine,1031,12/09/2021, 17:22:44,540
FROV00001,FrozenEngine,1032,12/09/2021, 18:14:28,540
FROV00001,FrozenEngine,1032,12/09/2021, 19:10:22,540
FROV00001,FrozenEngine,1032,12/09/2021, 20:13:18,540
FROV00001,FrozenEngine,1032,12/09/2021, 21:11:09,540
FROV00001,FrozenEngine,1032,12/09/2021, 22:12:02,540
FROV00001,FrozenEngine,1032,12/09/2021, 23:12:23,540
FROV00001,FrozenEngine,1032,12/10/2021, 00:41:36,540
FROV00001,FrozenEngine,1032,12/10/2021, 01:54:22,540
FROV00001,FrozenEngine,1032,12/10/2021, 02:28:05,540
FROV00001,FrozenEngine,1032,12/10/2021, 03:12:45,540
FROV00001,FrozenEngine,1032,12/10/2021, 04:15:42,540
FROV00001,FrozenEngine,1032,12/10/2021, 05:11:43,540
FROV00001,FrozenEngine,1032,12/10/2021, 06:15:44,540
FROV00001,FrozenEngine,1032,12/10/2021, 07:12:25,540
FROV00001,FrozenEngine,1032,12/10/2021, 08:14:39,540
FROV00001,FrozenEngine,1032,12/10/2021, 09:12:49,540
FROV00001,FrozenEngine,1032,12/10/2021, 10:13:30,540
FROV00001,FrozenEngine,1032,12/10/2021, 11:10:41,540
FROV00001,FrozenEngine,1032,12/10/2021, 12:19:08,540
FROV00001,FrozenEngine,1032,12/10/2021, 13:19:37,540
FROV00001,FrozenEngine,1032,12/10/2021, 14:12:10,540
FROV00001,FrozenEngine,1032,12/10/2021, 15:13:02,540
FROV00001,FrozenEngine,1032,12/10/2021, 16:18:14,540
FROV00001,FrozenEngine,1032,12/10/2021, 17:19:26,540
FROV00001,FrozenEngine,1032,12/10/2021, 18:14:23,540
FROV00001,FrozenEngine,1032,12/10/2021, 19:10:06,540
FROV00001,FrozenEngine,1032,12/10/2021, 20:12:52,540
FROV00001,FrozenEngine,1032,12/10/2021, 21:10:45,540
FROV00001,FrozenEngine,1032,12/10/2021, 22:11:56,540
FROV00001,FrozenEngine,1032,12/10/2021, 23:12:14,540
FROV00001,FrozenEngine,1032,12/11/2021, 00:39:30,540
FROV00001,FrozenEngine,1032,12/11/2021, 01:55:50,540
FROV00001,FrozenEngine,1032,12/11/2021, 02:30:58,540
FROV00001,FrozenEngine,1032,12/11/2021, 03:12:10,540
FROV00001,FrozenEngine,1032,12/11/2021, 04:15:25,540
FROV00001,FrozenEngine,1032,12/11/2021, 05:11:04,540
FROV00001,FrozenEngine,1032,12/11/2021, 06:14:13,540
FROV00001,FrozenEngine,1032,12/11/2021, 07:12:10,540
FROV00001,FrozenEngine,1032,12/11/2021, 08:13:56,540
FROV00001,FrozenEngine,1032,12/11/2021, 09:12:11,540
FROV00001,FrozenEngine,1032,12/11/2021, 10:12:38,540
FROV00001,FrozenEngine,1032,12/11/2021, 11:10:12,540
FROV00001,FrozenEngine,1032,12/11/2021, 12:18:15,540
FROV00001,FrozenEngine,1032,12/11/2021, 13:17:46,540
FROV00001,FrozenEngine,1033,12/11/2021, 14:10:41,540
FROV00001,FrozenEngine,1033,12/11/2021, 15:12:09,540
FROV00001,FrozenEngine,1033,12/11/2021, 16:17:06,540
FROV00001,FrozenEngine,1033,12/11/2021, 17:17:31,540
FROV00001,FrozenEngine,1033,12/11/2021, 18:13:34,540
FROV00001,FrozenEngine,1033,12/11/2021, 19:09:49,540
FROV00001,FrozenEngine,1033,12/11/2021, 20:12:28,540
FROV00001,FrozenEngine,1033,12/11/2021, 21:10:33,540
FROV00001,FrozenEngine,1035,12/11/2021, 22:11:32,540
FROV00001,FrozenEngine,1035,12/11/2021, 23:11:49,540
FROV00001,FrozenEngine,1035,12/12/2021, 00:43:10,540
FROV00001,FrozenEngine,1035,12/12/2021, 02:00:01,540
FROV00001,FrozenEngine,1035,12/12/2021, 02:37:53,540
FROV00001,FrozenEngine,1035,12/12/2021, 03:12:08,540
FROV00001,FrozenEngine,1035,12/12/2021, 04:15:35,540
FROV00001,FrozenEngine,1035,12/12/2021, 05:10:49,540
FROV00001,FrozenEngine,1035,12/12/2021, 06:14:04,540
FROV00001,FrozenEngine,1035,12/12/2021, 07:12:00,540
FROV00001,FrozenEngine,1035,12/12/2021, 08:14:02,540
FROV00001,FrozenEngine,1035,12/12/2021, 09:11:52,540
FROV00001,FrozenEngine,1035,12/12/2021, 10:12:57,540
FROV00001,FrozenEngine,1035,12/12/2021, 11:09:46,540
FROV00001,FrozenEngine,1035,12/12/2021, 12:18:18,540
FROV00001,FrozenEngine,1035,12/12/2021, 13:18:22,540
FROV00001,FrozenEngine,1035,12/12/2021, 14:11:02,540
FROV00001,FrozenEngine,1035,12/12/2021, 15:12:01,540
FROV00001,FrozenEngine,1035,12/12/2021, 16:17:19,540
FROV00001,FrozenEngine,1035,12/12/2021, 17:17:32,540
FROV00001,FrozenEngine,1035,12/12/2021, 18:13:31,540
FROV00001,FrozenEngine,1035,12/12/2021, 19:09:44,540
FROV00001,FrozenEngine,1035,12/12/2021, 20:12:28,540
FROV00001,FrozenEngine,1035,12/12/2021, 21:10:42,540
FROV00001,FrozenEngine,1035,12/12/2021, 22:11:26,540
FROV00001,FrozenEngine,1035,12/12/2021, 23:12:04,540
FROV00001,FrozenEngine,1035,12/13/2021, 00:41:18,540
FROV00001,FrozenEngine,1035,12/13/2021, 01:57:51,540
FROV00001,FrozenEngine,1035,12/13/2021, 02:33:04,540
FROV00001,FrozenEngine,1035,12/13/2021, 03:12:38,540
FROV00001,FrozenEngine,1035,12/13/2021, 04:15:43,540
FROV00001,FrozenEngine,1035,12/13/2021, 05:11:31,540
FROV00001,FrozenEngine,1035,12/13/2021, 06:14:55,540
FROV00001,FrozenEngine,1035,12/13/2021, 07:12:44,540
FROV00001,FrozenEngine,1035,12/13/2021, 08:14:55,540
FROV00001,FrozenEngine,1035,12/13/2021, 09:17:11,540
FROV00001,FrozenEngine,1035,12/13/2021, 10:18:19,540
FROV00001,FrozenEngine,1035,12/13/2021, 11:10:43,540
FROV00001,FrozenEngine,1035,12/13/2021, 12:19:36,540
FROV00001,FrozenEngine,1035,12/13/2021, 13:20:11,540
FROV00001,FrozenEngine,1035,12/13/2021, 14:11:55,540
FROV00001,FrozenEngine,1035,12/13/2021, 15:14:26,540
FROV00001,FrozenEngine,1035,12/13/2021, 16:18:11,540
FROV00001,FrozenEngine,1035,12/13/2021, 17:19:42,540
FROV00001,FrozenEngine,1035,12/13/2021, 18:14:29,540
FROV00001,FrozenEngine,1035,12/13/2021, 19:10:16,540
FROV00001,FrozenEngine,1035,12/13/2021, 20:13:05,540
FROV00001,FrozenEngine,1035,12/13/2021, 21:11:03,540
FROV00001,FrozenEngine,1035,12/13/2021, 22:10:07,540
FROV00001,FrozenEngine,1035,12/13/2021, 23:12:33,540
FROV00001,FrozenEngine,1035,12/14/2021, 00:43:40,540
FROV00001,FrozenEngine,1035,12/14/2021, 02:00:55,540
FROV00001,FrozenEngine,1035,12/14/2021, 02:40:09,540
FROV00001,FrozenEngine,1035,12/14/2021, 03:12:22,540
FROV00001,FrozenEngine,1035,12/14/2021, 04:15:40,540
FROV00001,FrozenEngine,1035,12/14/2021, 05:11:30,540
FROV00001,FrozenEngine,1035,12/14/2021, 06:15:07,540
FROV00001,FrozenEngine,1035,12/14/2021, 07:12:29,540
FROV00001,FrozenEngine,1035,12/14/2021, 08:15:14,540
FROV00001,FrozenEngine,1035,12/14/2021, 09:13:16,540
FROV00001,FrozenEngine,1035,12/14/2021, 10:13:41,540
FROV00001,FrozenEngine,1035,12/14/2021, 11:15:07,540
FROV00001,FrozenEngine,1035,12/14/2021, 12:19:16,540
FROV00001,FrozenEngine,1035,12/14/2021, 13:19:25,540
FROV00001,FrozenEngine,1035,12/14/2021, 14:11:41,540
FROV00001,FrozenEngine,1035,12/14/2021, 15:13:04,540
FROV00001,FrozenEngine,1035,12/14/2021, 16:18:38,540
FROV00001,FrozenEngine,1035,12/14/2021, 17:19:24,540
FROV00001,FrozenEngine,1035,12/14/2021, 18:14:21,540
FROV00001,FrozenEngine,1035,12/14/2021, 19:10:21,540
FROV00001,FrozenEngine,1035,12/14/2021, 20:13:06,540
FROV00001,FrozenEngine,1036,12/14/2021, 21:09:28,540
FROV00001,FrozenEngine,1036,12/14/2021, 22:12:25,540
FROV00001,FrozenEngine,1036,12/14/2021, 23:12:30,540
FROV00001,FrozenEngine,1036,12/15/2021, 00:40:41,540
FROV00001,FrozenEngine,1036,12/15/2021, 01:57:46,540
FROV00001,FrozenEngine,1036,12/15/2021, 02:32:37,540
FROV00001,FrozenEngine,1036,12/15/2021, 03:12:40,540
FROV00001,FrozenEngine,1036,12/15/2021, 04:15:45,540
FROV00001,FrozenEngine,1036,12/15/2021, 05:11:46,540
FROV00001,FrozenEngine,1036,12/15/2021, 06:13:53,540
FROV00001,FrozenEngine,1036,12/15/2021, 07:12:33,540
FROV00001,FrozenEngine,1036,12/15/2021, 08:14:41,540
FROV00001,FrozenEngine,1036,12/15/2021, 09:12:34,540
FROV00001,FrozenEngine,1036,12/15/2021, 10:13:29,540
FROV00001,FrozenEngine,1036,12/15/2021, 11:10:35,540
FROV00001,FrozenEngine,1036,12/15/2021, 12:19:22,540
FROV00001,FrozenEngine,1036,12/15/2021, 13:19:47,540
FROV00001,FrozenEngine,1036,12/15/2021, 14:11:41,540
FROV00001,FrozenEngine,1036,12/15/2021, 15:13:03,540
FROV00001,FrozenEngine,1036,12/15/2021, 16:18:06,540
FROV00001,FrozenEngine,1036,12/15/2021, 17:19:37,540
FROV00001,FrozenEngine,1036,12/15/2021, 18:14:27,540
FROV00001,FrozenEngine,1036,12/15/2021, 19:10:35,540
FROV00001,FrozenEngine,1036,12/15/2021, 20:13:06,540
FROV00001,FrozenEngine,1036,12/15/2021, 21:11:01,540
FROV00001,FrozenEngine,1036,12/15/2021, 22:12:06,540
FROV00001,FrozenEngine,1037,12/15/2021, 23:12:29,540
FROV00001,FrozenEngine,1037,12/16/2021, 00:40:45,540
FROV00001,FrozenEngine,1037,12/16/2021, 01:57:13,540
FROV00001,FrozenEngine,1037,12/16/2021, 02:31:42,540
FROV00001,FrozenEngine,1037,12/16/2021, 03:12:38,540
FROV00001,FrozenEngine,1037,12/16/2021, 04:15:33,540
FROV00001,FrozenEngine,1037,12/16/2021, 05:11:35,540
FROV00001,FrozenEngine,1037,12/16/2021, 06:14:45,540
FROV00001,FrozenEngine,1037,12/16/2021, 07:12:31,540
FROV00001,FrozenEngine,1037,12/16/2021, 08:19:04,540
FROV00001,FrozenEngine,1037,12/16/2021, 09:13:03,540
FROV00001,FrozenEngine,1037,12/16/2021, 10:13:17,540
FROV00001,FrozenEngine,1037,12/16/2021, 11:10:39,540
FROV00001,FrozenEngine,1037,12/16/2021, 12:19:38,540
FROV00001,FrozenEngine,1037,12/16/2021, 13:19:48,540
FROV00001,FrozenEngine,1037,12/16/2021, 14:11:31,540
FROV00001,FrozenEngine,1037,12/16/2021, 15:13:05,540
FROV00001,FrozenEngine,1037,12/16/2021, 16:18:50,540
FROV00001,FrozenEngine,1037,12/16/2021, 17:19:24,540
FROV00001,FrozenEngine,1037,12/16/2021, 18:14:34,540
FROV00001,FrozenEngine,1037,12/16/2021, 19:10:16,540
FROV00001,FrozenEngine,1037,12/16/2021, 20:13:09,540
FROV00001,FrozenEngine,1037,12/16/2021, 21:11:06,540
FROV00001,FrozenEngine,1037,12/16/2021, 22:12:00,540
FROV00001,FrozenEngine,1037,12/16/2021, 23:12:35,540
FROV00001,FrozenEngine,1037,12/17/2021, 00:43:38,540
FROV00001,FrozenEngine,1037,12/17/2021, 02:01:44,540
FROV00001,FrozenEngine,1037,12/17/2021, 03:12:10,540
FROV00001,FrozenEngine,1037,12/17/2021, 04:15:51,540
FROV00001,FrozenEngine,1037,12/17/2021, 05:11:32,540
FROV00001,FrozenEngine,1037,12/17/2021, 06:15:05,540
FROV00001,FrozenEngine,1037,12/17/2021, 07:12:39,540
FROV00001,FrozenEngine,1037,12/17/2021, 08:14:55,540
FROV00001,FrozenEngine,1037,12/17/2021, 09:12:57,540
FROV00001,FrozenEngine,1037,12/17/2021, 10:13:15,540
FROV00001,FrozenEngine,1037,12/17/2021, 11:09:09,540
FROV00001,FrozenEngine,1037,12/17/2021, 12:19:13,540
FROV00001,FrozenEngine,1037,12/17/2021, 13:17:49,540
FROV00001,FrozenEngine,1037,12/17/2021, 14:11:37,540
FROV00001,FrozenEngine,1037,12/17/2021, 15:13:05,540
FROV00001,FrozenEngine,1037,12/17/2021, 16:18:14,540
FROV00001,FrozenEngine,1037,12/17/2021, 17:18:22,540
FROV00001,FrozenEngine,1037,12/17/2021, 18:14:18,540
FROV00001,FrozenEngine,1037,12/17/2021, 19:10:46,540
FROV00001,FrozenEngine,1037,12/17/2021, 20:11:13,540
FROV00001,FrozenEngine,1037,12/17/2021, 21:11:03,540
FROV00001,FrozenEngine,1037,12/17/2021, 22:12:06,540
FROV00001,FrozenEngine,1037,12/17/2021, 23:12:52,540
FROV00001,FrozenEngine,1037,12/18/2021, 00:43:44,540
FROV00001,FrozenEngine,1037,12/18/2021, 02:02:25,540
FROV00001,FrozenEngine,1037,12/18/2021, 03:14:12,540
FROV00001,FrozenEngine,1037,12/18/2021, 04:15:43,540
FROV00001,FrozenEngine,1037,12/18/2021, 05:11:32,540
FROV00001,FrozenEngine,1037,12/18/2021, 06:14:53,540
FROV00001,FrozenEngine,1037,12/18/2021, 07:11:59,540
FROV00001,FrozenEngine,1037,12/18/2021, 08:14:26,540
FROV00001,FrozenEngine,1037,12/18/2021, 09:12:03,540
FROV00001,FrozenEngine,1037,12/18/2021, 10:13:01,540
FROV00001,FrozenEngine,1037,12/18/2021, 11:09:52,540
FROV00001,FrozenEngine,1037,12/18/2021, 12:18:37,540
FROV00001,FrozenEngine,1037,12/18/2021, 13:19:01,540
FROV00001,FrozenEngine,1037,12/18/2021, 14:10:48,540
FROV00001,FrozenEngine,1037,12/18/2021, 15:12:18,540
FROV00001,FrozenEngine,1037,12/18/2021, 16:17:30,540
FROV00001,FrozenEngine,1037,12/18/2021, 17:19:02,540
FROV00001,FrozenEngine,1037,12/18/2021, 18:14:13,540
FROV00001,FrozenEngine,1037,12/18/2021, 19:09:48,540
FROV00001,FrozenEngine,1037,12/18/2021, 20:12:50,540
FROV00001,FrozenEngine,1037,12/18/2021, 21:12:00,540
FROV00001,FrozenEngine,1037,12/18/2021, 22:11:36,540
FROV00001,FrozenEngine,1037,12/18/2021, 23:12:07,540
FROV00001,FrozenEngine,1037,12/19/2021, 00:44:44,540
FROV00001,FrozenEngine,1037,12/19/2021, 02:04:40,540
FROV00001,FrozenEngine,1037,12/19/2021, 03:12:59,540
FROV00001,FrozenEngine,1037,12/19/2021, 04:15:45,540
FROV00001,FrozenEngine,1037,12/19/2021, 05:12:06,540
FROV00001,FrozenEngine,1037,12/19/2021, 06:14:32,540
FROV00001,FrozenEngine,1037,12/19/2021, 07:12:16,540
FROV00001,FrozenEngine,1037,12/19/2021, 08:14:29,540
FROV00001,FrozenEngine,1037,12/19/2021, 09:12:18,540
FROV00001,FrozenEngine,1037,12/19/2021, 10:12:47,540
FROV00001,FrozenEngine,1037,12/19/2021, 11:10:15,540
FROV00001,FrozenEngine,1037,12/19/2021, 12:19:07,540
FROV00001,FrozenEngine,1037,12/19/2021, 13:19:12,540
FROV00001,FrozenEngine,1037,12/19/2021, 14:11:15,540
FROV00001,FrozenEngine,1037,12/19/2021, 15:12:24,540
FROV00001,FrozenEngine,1037,12/19/2021, 16:17:51,540
FROV00001,FrozenEngine,1037,12/19/2021, 17:19:13,540
FROV00001,FrozenEngine,1037,12/19/2021, 18:13:54,540
FROV00001,FrozenEngine,1037,12/19/2021, 19:10:03,540
FROV00001,FrozenEngine,1037,12/19/2021, 20:13:02,540
FROV00001,FrozenEngine,1037,12/19/2021, 21:10:34,540
FROV00001,FrozenEngine,1037,12/19/2021, 22:12:42,540
FROV00001,FrozenEngine,1037,12/19/2021, 23:12:05,540
FROV00001,FrozenEngine,1037,12/20/2021, 00:42:45,540
FROV00001,FrozenEngine,1037,12/20/2021, 02:01:26,540
FROV00001,FrozenEngine,1037,12/20/2021, 03:13:15,540
FROV00001,FrozenEngine,1037,12/20/2021, 04:16:26,540
FROV00001,FrozenEngine,1037,12/20/2021, 05:13:27,540
FROV00001,FrozenEngine,1037,12/20/2021, 06:15:57,540
FROV00001,FrozenEngine,1037,12/20/2021, 07:12:50,540
FROV00001,FrozenEngine,1038,12/20/2021, 08:15:41,540
FROV00001,FrozenEngine,1038,12/20/2021, 09:13:24,540
FROV00001,FrozenEngine,1038,12/20/2021, 10:13:54,540
FROV00001,FrozenEngine,1038,12/20/2021, 11:10:44,540
FROV00001,FrozenEngine,1038,12/20/2021, 12:20:33,540
FROV00001,FrozenEngine,1038,12/20/2021, 13:21:54,540
FROV00001,FrozenEngine,1038,12/20/2021, 14:11:58,540
FROV00001,FrozenEngine,1038,12/20/2021, 15:12:52,540
FROV00001,FrozenEngine,1038,12/20/2021, 16:19:45,540
FROV00001,FrozenEngine,1038,12/20/2021, 17:21:53,540
FROV00001,FrozenEngine,1038,12/20/2021, 18:14:28,540
FROV00001,FrozenEngine,1038,12/20/2021, 19:10:43,540
FROV00001,FrozenEngine,1038,12/20/2021, 20:13:22,540
FROV00001,FrozenEngine,1038,12/20/2021, 21:10:59,540
FROV00001,FrozenEngine,1038,12/21/2021, 00:44:38,540
FROV00001,FrozenEngine,1038,12/21/2021, 02:03:11,540
FROV00001,FrozenEngine,1038,12/21/2021, 03:13:39,540
FROV00001,FrozenEngine,1038,12/21/2021, 04:16:16,540
FROV00001,FrozenEngine,1038,12/21/2021, 05:12:56,540
FROV00001,FrozenEngine,1038,12/21/2021, 06:15:14,540
FROV00001,FrozenEngine,1038,12/21/2021, 07:12:44,540
FROV00001,FrozenEngine,1038,12/21/2021, 08:15:35,540
FROV00001,FrozenEngine,1038,12/21/2021, 09:12:57,540
FROV00001,FrozenEngine,1038,12/21/2021, 10:13:57,540
FROV00001,FrozenEngine,1038,12/21/2021, 11:10:43,540
FROV00001,FrozenEngine,1038,12/21/2021, 12:20:16,540
FROV00001,FrozenEngine,1038,12/21/2021, 13:21:21,540
FROV00001,FrozenEngine,1038,12/21/2021, 14:11:55,540
FROV00001,FrozenEngine,1038,12/21/2021, 15:13:09,540
FROV00001,FrozenEngine,1038,12/21/2021, 16:18:45,540
FROV00001,FrozenEngine,1038,12/21/2021, 17:21:29,540
FROV00001,FrozenEngine,1038,12/21/2021, 18:14:42,540
FROV00001,FrozenEngine,1038,12/21/2021, 19:10:23,540
FROV00001,FrozenEngine,1038,12/21/2021, 20:13:31,540
FROV00001,FrozenEngine,1038,12/21/2021, 21:11:01,540
FROV00001,FrozenEngine,1038,12/21/2021, 22:12:27,540
FROV00001,FrozenEngine,1038,12/21/2021, 23:12:25,540
FROV00001,FrozenEngine,1038,12/22/2021, 00:43:20,540
FROV00001,FrozenEngine,1038,12/22/2021, 02:02:17,540
FROV00001,FrozenEngine,1038,12/22/2021, 03:13:39,540
FROV00001,FrozenEngine,1038,12/22/2021, 04:16:20,540
FROV00001,FrozenEngine,1038,12/22/2021, 05:13:01,540
FROV00001,FrozenEngine,1038,12/22/2021, 06:15:41,540
FROV00001,FrozenEngine,1038,12/22/2021, 07:12:37,540
FROV00001,FrozenEngine,1038,12/22/2021, 08:15:27,540
FROV00001,FrozenEngine,1038,12/22/2021, 09:12:53,540
FROV00001,FrozenEngine,1038,12/22/2021, 10:13:43,540
FROV00001,FrozenEngine,1038,12/22/2021, 11:10:58,540
FROV00001,FrozenEngine,1038,12/22/2021, 12:20:04,540
FROV00001,FrozenEngine,1038,12/22/2021, 13:21:15,540
FROV00001,FrozenEngine,1038,12/22/2021, 14:12:03,540
FROV00001,FrozenEngine,1038,12/22/2021, 15:13:12,540
FROV00001,FrozenEngine,1038,12/22/2021, 16:23:24,540
FROV00001,FrozenEngine,1038,12/22/2021, 17:21:09,540
FROV00001,FrozenEngine,1038,12/22/2021, 18:14:45,540
FROV00001,FrozenEngine,1038,12/22/2021, 19:10:27,540
FROV00001,FrozenEngine,1038,12/22/2021, 20:13:38,540
FROV00001,FrozenEngine,1038,12/22/2021, 21:11:21,540
FROV00001,FrozenEngine,1038,12/22/2021, 22:12:26,540
FROV00001,FrozenEngine,1038,12/22/2021, 23:12:29,540
FROV00001,FrozenEngine,1038,12/23/2021, 00:42:17,540
FROV00001,FrozenEngine,1038,12/23/2021, 02:00:38,540
FROV00001,FrozenEngine,1038,12/23/2021, 02:41:11,540
FROV00001,FrozenEngine,1038,12/23/2021, 03:13:01,540
FROV00001,FrozenEngine,1038,12/23/2021, 04:16:20,540
FROV00001,FrozenEngine,1038,12/23/2021, 05:13:13,540
FROV00001,FrozenEngine,1038,12/23/2021, 06:15:21,540
FROV00001,FrozenEngine,1038,12/23/2021, 07:12:30,540
FROV00001,FrozenEngine,1038,12/23/2021, 08:15:36,540
FROV00001,FrozenEngine,1038,12/23/2021, 09:12:53,540
FROV00001,FrozenEngine,1038,12/23/2021, 10:13:38,540
FROV00001,FrozenEngine,1038,12/23/2021, 11:10:38,540
FROV00001,FrozenEngine,1038,12/23/2021, 12:20:03,540
FROV00001,FrozenEngine,1038,12/23/2021, 13:21:08,540
FROV00001,FrozenEngine,1038,12/23/2021, 14:11:27,540
FROV00001,FrozenEngine,1038,12/23/2021, 15:12:44,540
FROV00001,FrozenEngine,1038,12/23/2021, 16:18:45,540
FROV00001,FrozenEngine,1038,12/23/2021, 17:20:51,540
FROV00001,FrozenEngine,1038,12/23/2021, 18:14:37,540
FROV00001,FrozenEngine,1038,12/23/2021, 19:10:13,540
FROV00001,FrozenEngine,1038,12/23/2021, 20:13:18,540
FROV00001,FrozenEngine,1040,12/23/2021, 21:10:57,540
FROV00001,FrozenEngine,1040,12/23/2021, 22:12:13,540
FROV00001,FrozenEngine,1040,12/23/2021, 23:12:38,540
FROV00001,FrozenEngine,1040,12/24/2021, 00:41:37,540
FROV00001,FrozenEngine,1040,12/24/2021, 01:59:20,540
FROV00001,FrozenEngine,1040,12/24/2021, 02:37:52,540
FROV00001,FrozenEngine,1040,12/24/2021, 03:12:21,540
FROV00001,FrozenEngine,1040,12/24/2021, 04:15:59,540
FROV00001,FrozenEngine,1040,12/24/2021, 05:12:45,540
FROV00001,FrozenEngine,1040,12/24/2021, 06:15:19,540
FROV00001,FrozenEngine,1040,12/24/2021, 07:12:31,540
FROV00001,FrozenEngine,1040,12/24/2021, 08:15:29,540
FROV00001,FrozenEngine,1040,12/24/2021, 09:13:02,540
FROV00001,FrozenEngine,1040,12/24/2021, 10:13:47,540
FROV00001,FrozenEngine,1040,12/24/2021, 11:10:34,540
FROV00001,FrozenEngine,1040,12/24/2021, 12:19:41,540
FROV00001,FrozenEngine,1040,12/24/2021, 13:20:46,540
FROV00001,FrozenEngine,1040,12/24/2021, 14:11:46,540
FROV00001,FrozenEngine,1040,12/24/2021, 15:12:41,540
FROV00001,FrozenEngine,1040,12/24/2021, 16:18:21,540
FROV00001,FrozenEngine,1040,12/24/2021, 17:20:23,540
FROV00001,FrozenEngine,1040,12/24/2021, 18:14:21,540
FROV00001,FrozenEngine,1040,12/24/2021, 19:10:15,540
FROV00001,FrozenEngine,1040,12/24/2021, 20:13:02,540
FROV00001,FrozenEngine,1040,12/24/2021, 21:10:52,540
FROV00001,FrozenEngine,1040,12/24/2021, 22:12:18,540
FROV00001,FrozenEngine,1040,12/24/2021, 23:12:34,540
FROV00001,FrozenEngine,1040,12/25/2021, 00:40:52,540
FROV00001,FrozenEngine,1040,12/25/2021, 01:58:19,540
FROV00001,FrozenEngine,1040,12/25/2021, 02:37:46,540
FROV00001,FrozenEngine,1040,12/25/2021, 03:13:25,540
FROV00001,FrozenEngine,1040,12/25/2021, 04:15:58,540
FROV00001,FrozenEngine,1040,12/25/2021, 05:12:17,540
FROV00001,FrozenEngine,1040,12/25/2021, 06:14:37,540
FROV00001,FrozenEngine,1040,12/25/2021, 07:12:27,540
FROV00001,FrozenEngine,1040,12/25/2021, 08:14:34,540
FROV00001,FrozenEngine,1040,12/25/2021, 09:12:12,540
FROV00001,FrozenEngine,1040,12/25/2021, 10:12:50,540
FROV00001,FrozenEngine,1040,12/25/2021, 11:10:00,540
FROV00001,FrozenEngine,1040,12/25/2021, 12:18:36,540
FROV00001,FrozenEngine,1040,12/25/2021, 13:19:01,540
FROV00001,FrozenEngine,1040,12/25/2021, 14:11:17,540
FROV00001,FrozenEngine,1040,12/25/2021, 15:12:24,540
FROV00001,FrozenEngine,1040,12/25/2021, 16:17:38,540
FROV00001,FrozenEngine,1040,12/25/2021, 17:19:19,540
FROV00001,FrozenEngine,1040,12/25/2021, 18:14:21,540
FROV00001,FrozenEngine,1040,12/25/2021, 19:09:51,540
FROV00001,FrozenEngine,1040,12/25/2021, 20:12:46,540
FROV00001,FrozenEngine,1040,12/25/2021, 21:10:50,540
FROV00001,FrozenEngine,1040,12/25/2021, 22:11:43,540
FROV00001,FrozenEngine,1040,12/25/2021, 23:12:11,540
FROV00001,FrozenEngine,1040,12/26/2021, 00:44:50,540
FROV00001,FrozenEngine,1040,12/26/2021, 02:04:03,540
FROV00001,FrozenEngine,1040,12/26/2021, 03:13:52,540
FROV00001,FrozenEngine,1040,12/26/2021, 04:16:11,540
FROV00001,FrozenEngine,1040,12/26/2021, 05:12:32,540
FROV00001,FrozenEngine,1040,12/26/2021, 06:14:30,540
FROV00001,FrozenEngine,1040,12/26/2021, 07:14:16,540
FROV00001,FrozenEngine,1040,12/26/2021, 08:14:41,540
FROV00001,FrozenEngine,1040,12/26/2021, 09:12:14,540
FROV00001,FrozenEngine,1040,12/26/2021, 10:13:07,540
FROV00001,FrozenEngine,1040,12/26/2021, 11:10:16,540
FROV00001,FrozenEngine,1040,12/26/2021, 12:18:51,540
FROV00001,FrozenEngine,1040,12/26/2021, 13:18:57,540
FROV00001,FrozenEngine,1040,12/26/2021, 14:11:07,540
FROV00001,FrozenEngine,1040,12/26/2021, 15:12:18,540
FROV00001,FrozenEngine,1040,12/26/2021, 16:17:35,540
FROV00001,FrozenEngine,1040,12/26/2021, 17:20:14,540
FROV00001,FrozenEngine,1040,12/26/2021, 18:14:12,540
FROV00001,FrozenEngine,1040,12/26/2021, 19:10:05,540
FROV00001,FrozenEngine,1040,12/26/2021, 20:12:58,540
FROV00001,FrozenEngine,1040,12/26/2021, 21:10:38,540
FROV00001,FrozenEngine,1040,12/26/2021, 22:11:35,540
FROV00001,FrozenEngine,1040,12/26/2021, 23:12:11,540
FROV00001,FrozenEngine,1040,12/27/2021, 00:42:27,540
FROV00001,FrozenEngine,1040,12/27/2021, 02:00:57,540
FROV00001,FrozenEngine,1040,12/27/2021, 02:41:26,540
FROV00001,FrozenEngine,1040,12/27/2021, 03:12:56,540
FROV00001,FrozenEngine,1040,12/27/2021, 04:16:42,540
FROV00001,FrozenEngine,1040,12/27/2021, 05:13:15,540
FROV00001,FrozenEngine,1040,12/27/2021, 06:15:46,540
FROV00001,FrozenEngine,1040,12/27/2021, 07:12:35,540
FROV00001,FrozenEngine,1040,12/27/2021, 08:19:57,540
FROV00001,FrozenEngine,1040,12/27/2021, 09:18:21,540
FROV00001,FrozenEngine,1040,12/27/2021, 10:18:09,540
FROV00001,FrozenEngine,1040,12/27/2021, 11:15:09,540
FROV00001,FrozenEngine,1040,12/27/2021, 12:25:33,540
FROV00001,FrozenEngine,1040,12/27/2021, 13:31:23,540
FROV00001,FrozenEngine,1040,12/27/2021, 14:16:29,540
FROV00001,FrozenEngine,1040,12/27/2021, 15:22:25,540
FROV00001,FrozenEngine,1040,12/27/2021, 16:18:41,540
FROV00001,FrozenEngine,1040,12/27/2021, 17:20:34,540
FROV00001,FrozenEngine,1040,12/27/2021, 18:14:33,540
FROV00001,FrozenEngine,1040,12/27/2021, 19:10:30,540
FROV00001,FrozenEngine,1040,12/27/2021, 20:13:26,540
FROV00001,FrozenEngine,1040,12/27/2021, 21:11:09,540
FROV00001,FrozenEngine,1040,12/27/2021, 22:12:25,540
FROV00001,FrozenEngine,1040,12/27/2021, 23:12:25,540
FROV00001,FrozenEngine,1040,12/28/2021, 00:42:10,540
FROV00001,FrozenEngine,1040,12/28/2021, 02:00:10,540
FROV00001,FrozenEngine,1040,12/28/2021, 02:39:57,540
FROV00001,FrozenEngine,1040,12/28/2021, 03:12:50,540
FROV00001,FrozenEngine,1040,12/28/2021, 04:16:11,540
FROV00001,FrozenEngine,1040,12/28/2021, 05:12:44,540
FROV00001,FrozenEngine,1040,12/28/2021, 06:15:27,540
FROV00001,FrozenEngine,1040,12/28/2021, 07:12:38,540
FROV00001,FrozenEngine,1040,12/28/2021, 08:15:42,540
FROV00001,FrozenEngine,1040,12/28/2021, 09:12:54,540
FROV00001,FrozenEngine,1040,12/28/2021, 10:13:31,540
FROV00001,FrozenEngine,1040,12/28/2021, 11:10:25,540
FROV00001,FrozenEngine,1040,12/28/2021, 12:19:50,540
FROV00001,FrozenEngine,1040,12/28/2021, 13:20:42,540
FROV00001,FrozenEngine,1040,12/28/2021, 14:11:29,540
FROV00001,FrozenEngine,1040,12/28/2021, 15:13:11,540
FROV00001,FrozenEngine,1040,12/28/2021, 16:18:37,540
FROV00001,FrozenEngine,1040,12/28/2021, 17:20:52,540
FROV00001,FrozenEngine,1040,12/28/2021, 18:14:24,540
FROV00001,FrozenEngine,1040,12/28/2021, 19:10:25,540
FROV00001,FrozenEngine,1040,12/28/2021, 20:13:23,540
FROV00001,FrozenEngine,1040,12/28/2021, 21:10:56,540
FROV00001,FrozenEngine,1040,12/28/2021, 22:12:24,540
FROV00001,FrozenEngine,1040,12/28/2021, 23:12:22,540
FROV00001,FrozenEngine,1040,12/29/2021, 00:41:45,540
FROV00001,FrozenEngine,1040,12/29/2021, 01:59:43,540
FROV00001,FrozenEngine,1040,12/29/2021, 02:38:42,540
FROV00001,FrozenEngine,1040,12/29/2021, 03:12:23,540
FROV00001,FrozenEngine,1040,12/29/2021, 04:16:08,540
FROV00001,FrozenEngine,1040,12/29/2021, 05:12:56,540
FROV00001,FrozenEngine,1040,12/29/2021, 06:15:32,540
FROV00001,FrozenEngine,1040,12/29/2021, 07:12:20,540
FROV00001,FrozenEngine,1040,12/29/2021, 08:15:20,540
FROV00001,FrozenEngine,1040,12/29/2021, 09:13:03,540
FROV00001,FrozenEngine,1040,12/29/2021, 10:13:45,540
FROV00001,FrozenEngine,1040,12/29/2021, 11:10:38,540
FROV00001,FrozenEngine,1040,12/29/2021, 12:20:19,540
FROV00001,FrozenEngine,1040,12/29/2021, 13:20:54,540
FROV00001,FrozenEngine,1040,12/29/2021, 14:11:45,540
FROV00001,FrozenEngine,1040,12/29/2021, 15:12:50,540
FROV00001,FrozenEngine,1040,12/29/2021, 16:18:38,540
FROV00001,FrozenEngine,1040,12/29/2021, 17:20:45,540
FROV00001,FrozenEngine,1040,12/29/2021, 18:14:42,540
FROV00001,FrozenEngine,1040,12/29/2021, 19:10:38,540
FROV00001,FrozenEngine,1040,12/29/2021, 20:13:24,540
FROV00001,FrozenEngine,1040,12/29/2021, 21:11:09,540
FROV00001,FrozenEngine,1040,12/29/2021, 22:12:20,540
FROV00001,FrozenEngine,1040,12/29/2021, 23:12:31,540
FROV00001,FrozenEngine,1041,12/30/2021, 00:41:50,540
FROV00001,FrozenEngine,1041,12/30/2021, 01:59:45,540
FROV00001,FrozenEngine,1041,12/30/2021, 02:38:28,540
FROV00001,FrozenEngine,1041,12/30/2021, 03:12:23,540
FROV00001,FrozenEngine,1041,12/30/2021, 04:16:15,540
FROV00001,FrozenEngine,1041,12/30/2021, 05:12:50,540
FROV00001,FrozenEngine,1041,12/30/2021, 06:15:04,540
FROV00001,FrozenEngine,1041,12/30/2021, 07:12:40,540
FROV00001,FrozenEngine,1041,12/30/2021, 08:15:20,540
FROV00001,FrozenEngine,1041,12/30/2021, 09:12:42,540
FROV00001,FrozenEngine,1041,12/30/2021, 10:13:30,540
FROV00001,FrozenEngine,1041,12/30/2021, 11:10:49,540
FROV00001,FrozenEngine,1041,12/30/2021, 12:20:02,540
FROV00001,FrozenEngine,1041,12/30/2021, 13:20:44,540
FROV00001,FrozenEngine,1041,12/30/2021, 14:11:54,540
FROV00001,FrozenEngine,1041,12/30/2021, 15:13:00,540
FROV00001,FrozenEngine,1041,12/30/2021, 16:18:44,540
FROV00001,FrozenEngine,1041,12/30/2021, 17:20:44,540
FROV00001,FrozenEngine,1041,12/30/2021, 18:14:25,540
FROV00001,FrozenEngine,1041,12/30/2021, 19:10:23,540
FROV00001,FrozenEngine,1041,12/30/2021, 20:13:18,540
FROV00001,FrozenEngine,1041,12/30/2021, 21:11:04,540
FROV00001,FrozenEngine,1041,12/30/2021, 22:12:17,540
FROV00001,FrozenEngine,1041,12/30/2021, 23:12:40,540
FROV00001,FrozenEngine,1041,12/31/2021, 00:43:28,540
FROV00001,FrozenEngine,1041,12/31/2021, 02:02:16,540
FROV00001,FrozenEngine,1041,12/31/2021, 03:13:47,540
FROV00001,FrozenEngine,1041,12/31/2021, 04:16:18,540
FROV00001,FrozenEngine,1041,12/31/2021, 05:13:01,540
FROV00001,FrozenEngine,1041,12/31/2021, 06:15:16,540
FROV00001,FrozenEngine,1041,12/31/2021, 07:12:32,540
FROV00001,FrozenEngine,1041,12/31/2021, 08:15:27,540
FROV00001,FrozenEngine,1041,12/31/2021, 09:12:50,540
FROV00001,FrozenEngine,1041,12/31/2021, 10:13:33,540
FROV00001,FrozenEngine,1041,12/31/2021, 11:10:36,540
FROV00001,FrozenEngine,1041,12/31/2021, 12:19:40,540
FROV00001,FrozenEngine,1041,12/31/2021, 13:20:34,540
FROV00001,FrozenEngine,1041,12/31/2021, 14:11:37,540
FROV00001,FrozenEngine,1041,12/31/2021, 15:13:06,540
FROV00001,FrozenEngine,1041,12/31/2021, 16:18:36,540
FROV00001,FrozenEngine,1041,12/31/2021, 17:20:15,540
FROV00001,FrozenEngine,1041,12/31/2021, 18:14:18,540
FROV00001,FrozenEngine,1041,12/31/2021, 19:10:26,540
FROV00001,FrozenEngine,1041,12/31/2021, 20:13:22,540
FROV00001,FrozenEngine,1041,12/31/2021, 21:10:48,540
FROV00001,FrozenEngine,1041,12/31/2021, 22:12:03,540
FROV00001,FrozenEngine,1041,12/31/2021, 23:12:32,540
FROV00001,FrozenEngine,1041,01/01/2022, 00:43:43,540
FROV00001,FrozenEngine,1041,01/01/2022, 02:03:43,540
FROV00001,FrozenEngine,1041,01/01/2022, 03:14:49,540
FROV00001,FrozenEngine,1041,01/01/2022, 04:16:02,540
FROV00001,FrozenEngine,1041,01/01/2022, 05:12:55,540
FROV00001,FrozenEngine,1041,01/01/2022, 06:14:56,540
FROV00001,FrozenEngine,1041,01/01/2022, 07:12:07,540
FROV00001,FrozenEngine,1041,01/01/2022, 08:15:01,540
FROV00001,FrozenEngine,1041,01/01/2022, 09:12:25,540
FROV00001,FrozenEngine,1041,01/01/2022, 10:12:55,540
FROV00001,FrozenEngine,1041,01/01/2022, 11:10:31,540
FROV00001,FrozenEngine,1041,01/01/2022, 12:19:11,540
FROV00001,FrozenEngine,1041,01/01/2022, 13:19:25,540
FROV00001,FrozenEngine,1041,01/01/2022, 14:11:26,540
FROV00001,FrozenEngine,1041,01/01/2022, 15:12:19,540
FROV00001,FrozenEngine,1041,01/01/2022, 16:18:07,540
FROV00001,FrozenEngine,1041,01/01/2022, 17:19:51,540
FROV00001,FrozenEngine,1041,01/01/2022, 18:14:21,540
FROV00001,FrozenEngine,1041,01/01/2022, 19:10:02,540
FROV00001,FrozenEngine,1041,01/01/2022, 20:13:15,540
FROV00001,FrozenEngine,1041,01/01/2022, 21:10:56,540
FROV00001,FrozenEngine,1041,01/01/2022, 22:11:53,540
FROV00001,FrozenEngine,1041,01/01/2022, 23:12:44,540
FROV00001,FrozenEngine,1041,01/02/2022, 00:44:34,540
FROV00001,FrozenEngine,1041,01/02/2022, 02:05:01,540
FROV00001,FrozenEngine,1041,01/02/2022, 03:13:43,540
FROV00001,FrozenEngine,1041,01/02/2022, 04:16:07,540
FROV00001,FrozenEngine,1041,01/02/2022, 05:12:24,540
FROV00001,FrozenEngine,1041,01/02/2022, 06:14:39,540
FROV00001,FrozenEngine,1041,01/02/2022, 07:12:33,540
FROV00001,FrozenEngine,1041,01/02/2022, 08:15:01,540
FROV00001,FrozenEngine,1041,01/02/2022, 09:12:05,540
FROV00001,FrozenEngine,1041,01/02/2022, 10:12:49,540
FROV00001,FrozenEngine,1041,01/02/2022, 11:10:21,540
FROV00001,FrozenEngine,1041,01/02/2022, 12:19:33,540
FROV00001,FrozenEngine,1041,01/02/2022, 13:19:14,540
FROV00001,FrozenEngine,1041,01/02/2022, 14:11:15,540
FROV00001,FrozenEngine,1041,01/02/2022, 15:12:35,540
FROV00001,FrozenEngine,1041,01/02/2022, 16:17:56,540
FROV00001,FrozenEngine,1041,01/02/2022, 17:19:33,540
FROV00001,FrozenEngine,1041,01/02/2022, 18:13:50,540
FROV00001,FrozenEngine,1041,01/02/2022, 19:10:11,540
FROV00001,FrozenEngine,1041,01/02/2022, 20:13:10,540
FROV00001,FrozenEngine,1041,01/02/2022, 21:10:33,540
FROV00001,FrozenEngine,1041,01/02/2022, 22:11:42,540
FROV00001,FrozenEngine,1041,01/02/2022, 23:12:18,540
FROV00001,FrozenEngine,1041,01/03/2022, 00:42:21,540
FROV00001,FrozenEngine,1041,01/03/2022, 02:01:39,540
FROV00001,FrozenEngine,1041,01/03/2022, 03:13:28,540
FROV00001,FrozenEngine,1041,01/03/2022, 04:16:20,540
FROV00001,FrozenEngine,1041,01/03/2022, 05:13:34,540
FROV00001,FrozenEngine,1041,01/03/2022, 06:15:52,540
FROV00001,FrozenEngine,1041,01/03/2022, 07:12:49,540
FROV00001,FrozenEngine,1041,01/03/2022, 08:15:43,540
FROV00001,FrozenEngine,1041,01/03/2022, 09:13:20,540
FROV00001,FrozenEngine,1041,01/03/2022, 10:14:06,540
FROV00001,FrozenEngine,1041,01/03/2022, 11:10:51,540
FROV00001,FrozenEngine,1041,01/03/2022, 12:20:15,540
FROV00001,FrozenEngine,1041,01/03/2022, 13:21:14,540
FROV00001,FrozenEngine,1041,01/03/2022, 14:12:04,540
FROV00001,FrozenEngine,1041,01/03/2022, 15:12:57,540
FROV00001,FrozenEngine,1041,01/03/2022, 16:19:46,540
FROV00001,FrozenEngine,1041,01/03/2022, 17:22:13,540
FROV00001,FrozenEngine,1041,01/03/2022, 18:14:44,540
FROV00001,FrozenEngine,1041,01/03/2022, 19:10:23,540
FROV00001,FrozenEngine,1041,01/03/2022, 20:13:38,540
FROV00001,FrozenEngine,1041,01/03/2022, 21:11:25,540
FROV00001,FrozenEngine,1041,01/03/2022, 22:12:30,540
FROV00001,FrozenEngine,1041,01/03/2022, 23:12:41,540
FROV00001,FrozenEngine,1041,01/04/2022, 00:43:29,540
FROV00001,FrozenEngine,1041,01/04/2022, 02:02:37,540
FROV00001,FrozenEngine,1041,01/04/2022, 03:13:39,540
FROV00001,FrozenEngine,1041,01/04/2022, 04:16:20,540
FROV00001,FrozenEngine,1041,01/04/2022, 05:13:14,540
FROV00001,FrozenEngine,1041,01/04/2022, 06:15:14,540
FROV00001,FrozenEngine,1041,01/04/2022, 07:12:33,540
FROV00001,FrozenEngine,1041,01/04/2022, 08:15:36,540
FROV00001,FrozenEngine,1041,01/04/2022, 09:12:52,540
FROV00001,FrozenEngine,1041,01/04/2022, 10:13:45,540
FROV00001,FrozenEngine,1041,01/04/2022, 11:10:43,540
FROV00001,FrozenEngine,1041,01/04/2022, 12:20:02,540
FROV00001,FrozenEngine,1041,01/04/2022, 13:21:10,540
FROV00001,FrozenEngine,1041,01/04/2022, 14:11:42,540
FROV00001,FrozenEngine,1041,01/04/2022, 15:13:19,540
FROV00001,FrozenEngine,1041,01/04/2022, 16:19:16,540
FROV00001,FrozenEngine,1042,01/04/2022, 17:21:47,540
FROV00001,FrozenEngine,1042,01/04/2022, 18:14:41,540
FROV00001,FrozenEngine,1042,01/04/2022, 19:10:41,540
FROV00001,FrozenEngine,1042,01/04/2022, 20:13:38,540
FROV00001,FrozenEngine,1042,01/04/2022, 21:11:18,540
FROV00001,FrozenEngine,1042,01/04/2022, 22:12:14,540
FROV00001,FrozenEngine,1042,01/04/2022, 23:13:01,540
FROV00001,FrozenEngine,1042,01/05/2022, 00:45:21,540
FROV00001,FrozenEngine,1042,01/05/2022, 02:04:49,540
FROV00001,FrozenEngine,1042,01/05/2022, 03:13:51,540
FROV00001,FrozenEngine,1042,01/05/2022, 04:16:21,540
FROV00001,FrozenEngine,1042,01/05/2022, 05:13:19,540
FROV00001,FrozenEngine,1042,01/05/2022, 06:15:43,540
FROV00001,FrozenEngine,1042,01/05/2022, 07:12:30,540
FROV00001,FrozenEngine,1042,01/05/2022, 08:15:35,540
FROV00001,FrozenEngine,1042,01/05/2022, 09:14:05,540
FROV00001,FrozenEngine,1042,01/05/2022, 10:13:39,540
FROV00001,FrozenEngine,1042,01/05/2022, 11:10:35,540
FROV00001,FrozenEngine,1042,01/05/2022, 12:20:28,540
FROV00001,FrozenEngine,1042,01/05/2022, 13:21:52,540
FROV00001,FrozenEngine,1042,01/05/2022, 14:10:05,540
FROV00001,FrozenEngine,1042,01/05/2022, 15:13:22,540
FROV00001,FrozenEngine,1042,01/05/2022, 16:19:06,540
FROV00001,FrozenEngine,1042,01/05/2022, 17:22:30,540
FROV00001,FrozenEngine,1042,01/05/2022, 18:14:55,540
FROV00001,FrozenEngine,1042,01/05/2022, 19:10:49,540
FROV00001,FrozenEngine,1042,01/05/2022, 20:13:34,540
FROV00001,FrozenEngine,1042,01/05/2022, 21:11:30,540
FROV00001,FrozenEngine,1042,01/05/2022, 22:12:25,540
FROV00001,FrozenEngine,1042,01/05/2022, 23:12:46,540
FROV00001,FrozenEngine,1042,01/06/2022, 00:47:01,540
FROV00001,FrozenEngine,1042,01/06/2022, 02:09:51,540
FROV00001,FrozenEngine,1042,01/06/2022, 03:15:40,540
FROV00001,FrozenEngine,1042,01/06/2022, 04:16:19,540
FROV00001,FrozenEngine,1042,01/06/2022, 05:14:05,540
FROV00001,FrozenEngine,1042,01/06/2022, 06:15:29,540
FROV00001,FrozenEngine,1042,01/06/2022, 07:12:31,540
FROV00001,FrozenEngine,1042,01/06/2022, 08:15:54,540
FROV00001,FrozenEngine,1042,01/06/2022, 09:13:10,540
FROV00001,FrozenEngine,1042,01/06/2022, 10:13:54,540
FROV00001,FrozenEngine,1042,01/06/2022, 11:11:08,540
FROV00001,FrozenEngine,1042,01/06/2022, 12:20:50,540
FROV00001,FrozenEngine,1042,01/06/2022, 13:22:09,540
FROV00001,FrozenEngine,1042,01/06/2022, 14:11:46,540
FROV00001,FrozenEngine,1042,01/06/2022, 15:13:03,540
FROV00001,FrozenEngine,1042,01/06/2022, 16:19:09,540
FROV00001,FrozenEngine,1042,01/06/2022, 17:22:31,540
FROV00001,FrozenEngine,1042,01/06/2022, 18:16:01,540
FROV00001,FrozenEngine,1042,01/06/2022, 19:10:52,540
FROV00001,FrozenEngine,1042,01/06/2022, 20:13:01,540
FROV00001,FrozenEngine,1042,01/06/2022, 21:11:20,540
FROV00001,FrozenEngine,1042,01/06/2022, 22:12:41,540
FROV00001,FrozenEngine,1042,01/06/2022, 23:13:08,540
FROV00001,FrozenEngine,1042,01/07/2022, 00:47:01,540
FROV00001,FrozenEngine,1042,01/07/2022, 02:08:56,540
FROV00001,FrozenEngine,1042,01/07/2022, 03:16:02,540
FROV00001,FrozenEngine,1042,01/07/2022, 04:16:32,540
FROV00001,FrozenEngine,1042,01/07/2022, 05:13:27,540
FROV00001,FrozenEngine,1042,01/07/2022, 06:15:28,540
FROV00001,FrozenEngine,1042,01/07/2022, 07:12:10,540
FROV00001,FrozenEngine,1042,01/07/2022, 08:15:25,540
FROV00001,FrozenEngine,1042,01/07/2022, 09:12:59,540
FROV00001,FrozenEngine,1042,01/07/2022, 10:14:04,540
FROV00001,FrozenEngine,1042,01/07/2022, 11:10:52,540
FROV00001,FrozenEngine,1042,01/07/2022, 12:20:27,540
FROV00001,FrozenEngine,1042,01/07/2022, 13:21:27,540
FROV00001,FrozenEngine,1042,01/07/2022, 14:11:55,540
FROV00001,FrozenEngine,1042,01/07/2022, 15:13:59,540
FROV00001,FrozenEngine,1042,01/07/2022, 16:19:13,540
FROV00001,FrozenEngine,1042,01/07/2022, 17:22:20,540
FROV00001,FrozenEngine,1042,01/07/2022, 18:14:50,540
FROV00001,FrozenEngine,1042,01/07/2022, 19:09:06,540
FROV00001,FrozenEngine,1042,01/07/2022, 20:13:56,540
FROV00001,FrozenEngine,1042,01/07/2022, 21:11:12,540
FROV00001,FrozenEngine,1042,01/07/2022, 22:12:29,540
FROV00001,FrozenEngine,1042,01/07/2022, 23:13:03,540
FROV00001,FrozenEngine,1042,01/08/2022, 00:43:12,540
FROV00001,FrozenEngine,1042,01/08/2022, 02:02:03,540
FROV00001,FrozenEngine,1042,01/08/2022, 03:14:56,540
FROV00001,FrozenEngine,1042,01/08/2022, 04:16:08,540
FROV00001,FrozenEngine,1042,01/08/2022, 05:13:07,540
FROV00001,FrozenEngine,1042,01/08/2022, 06:14:59,540
FROV00001,FrozenEngine,1042,01/08/2022, 07:12:08,540
FROV00001,FrozenEngine,1042,01/08/2022, 08:15:03,540
FROV00001,FrozenEngine,1042,01/08/2022, 09:12:33,540
FROV00001,FrozenEngine,1042,01/08/2022, 10:13:23,540
FROV00001,FrozenEngine,1042,01/08/2022, 11:10:31,540
FROV00001,FrozenEngine,1042,01/08/2022, 12:19:21,540
FROV00001,FrozenEngine,1042,01/08/2022, 13:20:08,540
FROV00001,FrozenEngine,1042,01/08/2022, 14:11:09,540
FROV00001,FrozenEngine,1043,01/08/2022, 15:12:29,540
FROV00001,FrozenEngine,1043,01/08/2022, 16:18:11,540
FROV00001,FrozenEngine,1043,01/08/2022, 17:20:26,540
FROV00001,FrozenEngine,1043,01/08/2022, 18:14:17,540
FROV00001,FrozenEngine,1043,01/08/2022, 19:10:26,540
FROV00001,FrozenEngine,1043,01/08/2022, 20:13:05,540
FROV00001,FrozenEngine,1043,01/08/2022, 22:14:20,540
FROV00001,FrozenEngine,1043,01/08/2022, 23:12:12,540
FROV00001,FrozenEngine,1043,01/09/2022, 00:45:25,540
FROV00001,FrozenEngine,1043,01/09/2022, 02:06:35,540
FROV00001,FrozenEngine,1043,01/09/2022, 03:14:19,540
FROV00001,FrozenEngine,1043,01/09/2022, 04:16:16,540
FROV00001,FrozenEngine,1043,01/09/2022, 05:13:18,540
FROV00001,FrozenEngine,1043,01/09/2022, 06:14:59,540
FROV00001,FrozenEngine,1043,01/09/2022, 07:12:03,540
FROV00001,FrozenEngine,1043,01/09/2022, 08:15:04,540
FROV00001,FrozenEngine,1043,01/09/2022, 09:12:34,540
FROV00001,FrozenEngine,1043,01/09/2022, 10:13:13,540
FROV00001,FrozenEngine,1043,01/09/2022, 11:10:14,540
FROV00001,FrozenEngine,1043,01/09/2022, 12:19:29,540
FROV00001,FrozenEngine,1043,01/09/2022, 13:20:16,540
FROV00001,FrozenEngine,1043,01/09/2022, 14:11:04,540
FROV00001,FrozenEngine,1043,01/09/2022, 15:12:15,540
FROV00001,FrozenEngine,1043,01/09/2022, 16:18:24,540
FROV00001,FrozenEngine,1043,01/09/2022, 17:20:37,540
FROV00001,FrozenEngine,1043,01/09/2022, 18:14:08,540
FROV00001,FrozenEngine,1043,01/09/2022, 19:10:25,540
FROV00001,FrozenEngine,1043,01/09/2022, 20:13:21,540
FROV00001,FrozenEngine,1043,01/09/2022, 21:10:48,540
FROV00001,FrozenEngine,1043,01/09/2022, 22:11:57,540
FROV00001,FrozenEngine,1043,01/09/2022, 23:12:48,540
FROV00001,FrozenEngine,1043,01/10/2022, 00:42:30,540
FROV00001,FrozenEngine,1043,01/10/2022, 02:03:08,540
FROV00001,FrozenEngine,1043,01/10/2022, 03:14:48,540
FROV00001,FrozenEngine,1043,01/10/2022, 04:16:35,540
FROV00001,FrozenEngine,1043,01/10/2022, 05:14:18,540
FROV00001,FrozenEngine,1043,01/10/2022, 06:15:59,540
FROV00001,FrozenEngine,1043,01/10/2022, 07:12:35,540
FROV00001,FrozenEngine,1043,01/10/2022, 08:16:02,540
FROV00001,FrozenEngine,1043,01/10/2022, 09:13:31,540
FROV00001,FrozenEngine,1043,01/10/2022, 10:14:35,540
FROV00001,FrozenEngine,1043,01/10/2022, 11:10:53,540
FROV00001,FrozenEngine,1043,01/10/2022, 12:20:31,540
FROV00001,FrozenEngine,1043,01/10/2022, 13:22:46,540
FROV00001,FrozenEngine,1043,01/10/2022, 14:12:00,540
FROV00001,FrozenEngine,1043,01/10/2022, 15:13:30,540
FROV00001,FrozenEngine,1043,01/10/2022, 16:22:07,540
FROV00001,FrozenEngine,1043,01/10/2022, 17:23:04,540
FROV00001,FrozenEngine,1043,01/10/2022, 18:15:00,540
FROV00001,FrozenEngine,1043,01/10/2022, 19:10:40,540
FROV00001,FrozenEngine,1043,01/10/2022, 20:11:50,540
FROV00001,FrozenEngine,1043,01/10/2022, 21:11:31,540
FROV00001,FrozenEngine,1043,01/10/2022, 22:11:01,540
FROV00001,FrozenEngine,1043,01/10/2022, 23:13:25,540
FROV00001,FrozenEngine,1043,01/11/2022, 00:46:03,540
FROV00001,FrozenEngine,1043,01/11/2022, 02:04:30,540
FROV00001,FrozenEngine,1043,01/11/2022, 03:15:32,540
FROV00001,FrozenEngine,1043,01/11/2022, 04:16:15,540
FROV00001,FrozenEngine,1043,01/11/2022, 05:13:16,540
FROV00001,FrozenEngine,1043,01/11/2022, 06:15:31,540
FROV00001,FrozenEngine,1043,01/11/2022, 07:12:54,540
FROV00001,FrozenEngine,1043,01/11/2022, 08:15:43,540
FROV00001,FrozenEngine,1043,01/11/2022, 09:13:26,540
FROV00001,FrozenEngine,1043,01/11/2022, 10:19:10,540
FROV00001,FrozenEngine,1043,01/11/2022, 11:12:47,540
FROV00001,FrozenEngine,1043,01/11/2022, 12:20:05,540
FROV00001,FrozenEngine,1043,01/11/2022, 13:21:35,540
FROV00001,FrozenEngine,1043,01/11/2022, 14:12:30,540
FROV00001,FrozenEngine,1043,01/11/2022, 15:14:37,540
FROV00001,FrozenEngine,1043,01/11/2022, 16:24:54,540
FROV00001,FrozenEngine,1043,01/11/2022, 17:23:54,540
FROV00001,FrozenEngine,1043,01/11/2022, 18:15:26,540
FROV00001,FrozenEngine,1043,01/11/2022, 19:10:54,540
FROV00001,FrozenEngine,1043,01/11/2022, 20:12:59,540
FROV00001,FrozenEngine,1043,01/11/2022, 21:11:44,540
FROV00001,FrozenEngine,1043,01/11/2022, 22:12:28,540
FROV00001,FrozenEngine,1043,01/11/2022, 23:13:02,540
FROV00001,FrozenEngine,1043,01/12/2022, 00:44:14,540
FROV00001,FrozenEngine,1043,01/12/2022, 02:03:40,540
FROV00001,FrozenEngine,1043,01/12/2022, 03:15:11,540
FROV00001,FrozenEngine,1043,01/12/2022, 04:16:23,540
FROV00001,FrozenEngine,1043,01/12/2022, 05:13:46,540
FROV00001,FrozenEngine,1043,01/12/2022, 06:15:43,540
FROV00001,FrozenEngine,1043,01/12/2022, 07:12:26,540
FROV00001,FrozenEngine,1043,01/12/2022, 08:15:52,540
FROV00001,FrozenEngine,1043,01/12/2022, 09:12:41,540
FROV00001,FrozenEngine,1043,01/12/2022, 10:14:33,540
FROV00001,FrozenEngine,1043,01/12/2022, 11:11:35,540
FROV00001,FrozenEngine,1043,01/12/2022, 12:20:46,540
FROV00001,FrozenEngine,1043,01/12/2022, 13:22:01,540
FROV00001,FrozenEngine,1043,01/12/2022, 14:17:08,540
FROV00001,FrozenEngine,1043,01/12/2022, 15:18:10,540
FROV00001,FrozenEngine,1043,01/12/2022, 16:23:15,540
FROV00001,FrozenEngine,1043,01/12/2022, 17:19:22,540
FROV00001,FrozenEngine,1043,01/12/2022, 18:15:06,540
FROV00001,FrozenEngine,1043,01/12/2022, 19:10:58,540
FROV00001,FrozenEngine,1043,01/12/2022, 20:13:49,540
FROV00001,FrozenEngine,1043,01/12/2022, 21:11:14,540
FROV00001,FrozenEngine,1043,01/12/2022, 22:12:43,540
FROV00001,FrozenEngine,1043,01/12/2022, 23:12:53,540
FROV00001,FrozenEngine,1043,01/13/2022, 00:46:30,540
FROV00001,FrozenEngine,1043,01/13/2022, 02:06:37,540
FROV00001,FrozenEngine,1043,01/13/2022, 03:15:04,540
FROV00001,FrozenEngine,1043,01/13/2022, 04:16:33,540
FROV00001,FrozenEngine,1043,01/13/2022, 05:14:00,540
FROV00001,FrozenEngine,1043,01/13/2022, 06:15:35,540
FROV00001,FrozenEngine,1043,01/13/2022, 07:12:40,540
FROV00001,FrozenEngine,1043,01/13/2022, 08:20:25,540
FROV00001,FrozenEngine,1043,01/13/2022, 09:13:26,540
FROV00001,FrozenEngine,1043,01/13/2022, 10:15:12,540
FROV00001,FrozenEngine,1043,01/13/2022, 11:11:10,540
FROV00001,FrozenEngine,1043,01/13/2022, 12:20:44,540
FROV00001,FrozenEngine,1043,01/13/2022, 13:22:32,540
FROV00001,FrozenEngine,1043,01/13/2022, 14:17:05,540
FROV00001,FrozenEngine,1043,01/13/2022, 15:18:06,540
FROV00001,FrozenEngine,1043,01/13/2022, 16:21:21,540
FROV00001,FrozenEngine,1043,01/13/2022, 17:23:22,540
FROV00001,FrozenEngine,1043,01/13/2022, 18:14:54,540
FROV00001,FrozenEngine,1043,01/13/2022, 19:10:36,540
FROV00001,FrozenEngine,1043,01/13/2022, 20:13:43,540
FROV00001,FrozenEngine,1043,01/13/2022, 21:11:29,540
FROV00001,FrozenEngine,1043,01/13/2022, 22:12:38,540
FROV00001,FrozenEngine,1043,01/13/2022, 23:13:03,540
FROV00001,FrozenEngine,1043,01/14/2022, 00:45:28,540
FROV00001,FrozenEngine,1043,01/14/2022, 02:05:07,540
FROV00001,FrozenEngine,1043,01/14/2022, 03:14:46,540
FROV00001,FrozenEngine,1043,01/14/2022, 04:16:30,540
FROV00001,FrozenEngine,1043,01/14/2022, 05:13:58,540
FROV00001,FrozenEngine,1043,01/14/2022, 06:15:50,540
FROV00001,FrozenEngine,1043,01/14/2022, 07:12:18,540
FROV00001,FrozenEngine,1043,01/14/2022, 08:16:01,540
FROV00001,FrozenEngine,1043,01/14/2022, 09:13:21,540
FROV00001,FrozenEngine,1043,01/14/2022, 10:13:59,540
FROV00001,FrozenEngine,1043,01/14/2022, 11:11:02,540
FROV00001,FrozenEngine,1043,01/14/2022, 12:20:22,540
FROV00001,FrozenEngine,1043,01/14/2022, 13:22:09,540
FROV00001,FrozenEngine,1043,01/14/2022, 14:12:23,540
FROV00001,FrozenEngine,1043,01/14/2022, 15:13:58,540
FROV00001,FrozenEngine,1043,01/14/2022, 16:16:11,540
FROV00001,FrozenEngine,1043,01/14/2022, 17:20:58,540
FROV00001,FrozenEngine,1043,01/14/2022, 18:15:18,540
FROV00001,FrozenEngine,1043,01/14/2022, 19:13:35,540
FROV00001,FrozenEngine,1043,01/14/2022, 20:13:49,540
FROV00001,FrozenEngine,1043,01/14/2022, 21:11:17,540
FROV00001,FrozenEngine,1043,01/14/2022, 22:12:41,540
FROV00001,FrozenEngine,1043,01/14/2022, 23:12:59,540
FROV00001,FrozenEngine,1043,01/15/2022, 00:43:03,540
FROV00001,FrozenEngine,1043,01/15/2022, 02:02:21,540
FROV00001,FrozenEngine,1043,01/15/2022, 03:15:27,540
FROV00001,FrozenEngine,1043,01/15/2022, 04:16:33,540
FROV00001,FrozenEngine,1043,01/15/2022, 05:13:26,540
FROV00001,FrozenEngine,1043,01/15/2022, 06:15:02,540
FROV00001,FrozenEngine,1043,01/15/2022, 07:12:14,540
FROV00001,FrozenEngine,1043,01/15/2022, 08:15:33,540
FROV00001,FrozenEngine,1043,01/15/2022, 09:12:50,540
FROV00001,FrozenEngine,1043,01/15/2022, 10:13:28,540
FROV00001,FrozenEngine,1044,01/15/2022, 11:10:18,540
FROV00001,FrozenEngine,1044,01/15/2022, 12:19:44,540
FROV00001,FrozenEngine,1044,01/15/2022, 13:20:38,540
FROV00001,FrozenEngine,1044,01/15/2022, 14:11:39,540
FROV00001,FrozenEngine,1044,01/15/2022, 15:12:52,540
FROV00001,FrozenEngine,1044,01/15/2022, 16:18:14,540
FROV00001,FrozenEngine,1044,01/15/2022, 17:20:32,540
FROV00001,FrozenEngine,1044,01/15/2022, 18:14:31,540
FROV00001,FrozenEngine,1044,01/15/2022, 19:10:16,540
FROV00001,FrozenEngine,1044,01/15/2022, 20:13:00,540
FROV00001,FrozenEngine,1044,01/15/2022, 21:11:01,540
FROV00001,FrozenEngine,1044,01/15/2022, 22:12:05,540
FROV00001,FrozenEngine,1044,01/15/2022, 23:12:16,540
FROV00001,FrozenEngine,1044,01/16/2022, 00:46:23,540
FROV00001,FrozenEngine,1044,01/16/2022, 02:07:36,540
FROV00001,FrozenEngine,1044,01/16/2022, 03:15:21,540
FROV00001,FrozenEngine,1044,01/16/2022, 04:16:19,540
FROV00001,FrozenEngine,1044,01/16/2022, 05:13:15,540
FROV00001,FrozenEngine,1044,01/16/2022, 06:15:12,540
FROV00001,FrozenEngine,1044,01/16/2022, 07:12:24,540
FROV00001,FrozenEngine,1044,01/16/2022, 08:15:04,540
FROV00001,FrozenEngine,1044,01/16/2022, 09:12:32,540
FROV00001,FrozenEngine,1044,01/16/2022, 10:13:25,540
FROV00001,FrozenEngine,1044,01/16/2022, 11:10:25,540
FROV00001,FrozenEngine,1044,01/16/2022, 12:19:36,540
FROV00001,FrozenEngine,1044,01/16/2022, 13:20:30,540
FROV00001,FrozenEngine,1044,01/16/2022, 14:11:26,540
FROV00001,FrozenEngine,1044,01/16/2022, 15:12:49,540
FROV00001,FrozenEngine,1044,01/16/2022, 16:18:20,540
FROV00001,FrozenEngine,1044,01/16/2022, 17:20:37,540
FROV00001,FrozenEngine,1044,01/16/2022, 18:14:24,540
FROV00001,FrozenEngine,1044,01/16/2022, 19:10:27,540
FROV00001,FrozenEngine,1044,01/16/2022, 20:13:23,540
FROV00001,FrozenEngine,1044,01/16/2022, 21:10:46,540
FROV00001,FrozenEngine,1044,01/16/2022, 22:12:06,540
FROV00001,FrozenEngine,1044,01/16/2022, 23:12:23,540
FROV00001,FrozenEngine,1044,01/17/2022, 00:44:05,540
FROV00001,FrozenEngine,1044,01/17/2022, 02:05:07,540
FROV00001,FrozenEngine,1044,01/17/2022, 03:15:22,540
FROV00001,FrozenEngine,1044,01/17/2022, 04:16:42,540
FROV00001,FrozenEngine,1044,01/17/2022, 05:14:26,540
FROV00001,FrozenEngine,1044,01/17/2022, 06:16:08,540
FROV00001,FrozenEngine,1044,01/17/2022, 07:12:48,540
FROV00001,FrozenEngine,1044,01/17/2022, 08:16:42,540
FROV00001,FrozenEngine,1044,01/17/2022, 09:18:30,540
FROV00001,FrozenEngine,1044,01/17/2022, 10:19:03,540
FROV00001,FrozenEngine,1044,01/17/2022, 11:13:59,540
FROV00001,FrozenEngine,1044,01/17/2022, 12:23:48,540
FROV00001,FrozenEngine,1044,01/17/2022, 13:23:11,540
FROV00001,FrozenEngine,1044,01/17/2022, 14:12:15,540
FROV00001,FrozenEngine,1044,01/17/2022, 15:13:24,540
FROV00001,FrozenEngine,1044,01/17/2022, 16:19:31,540
FROV00001,FrozenEngine,1044,01/17/2022, 17:22:48,540
FROV00001,FrozenEngine,1044,01/17/2022, 18:15:08,540
FROV00001,FrozenEngine,1044,01/17/2022, 19:10:46,540
FROV00001,FrozenEngine,1044,01/17/2022, 20:13:45,540
FROV00001,FrozenEngine,1044,01/17/2022, 21:11:43,540
FROV00001,FrozenEngine,1044,01/17/2022, 22:12:41,540
FROV00001,FrozenEngine,1044,01/17/2022, 23:12:54,540
FROV00001,FrozenEngine,1044,01/18/2022, 00:46:09,540
FROV00001,FrozenEngine,1044,01/18/2022, 02:05:46,540
FROV00001,FrozenEngine,1045,01/18/2022, 03:14:55,540
FROV00001,FrozenEngine,1046,01/18/2022, 04:16:49,540
FROV00001,FrozenEngine,1046,01/18/2022, 05:14:26,540
FROV00001,FrozenEngine,1046,01/18/2022, 06:13:51,540
FROV00001,FrozenEngine,1046,01/18/2022, 07:13:10,540
FROV00001,FrozenEngine,1046,01/18/2022, 08:16:14,540
FROV00001,FrozenEngine,1046,01/18/2022, 09:18:08,540
FROV00001,FrozenEngine,1046,01/18/2022, 10:19:13,540
FROV00001,FrozenEngine,1046,01/18/2022, 11:16:13,540
FROV00001,FrozenEngine,1046,01/18/2022, 12:22:27,540
FROV00001,FrozenEngine,1046,01/18/2022, 13:27:07,540
FROV00001,FrozenEngine,1046,01/18/2022, 14:17:12,540
FROV00001,FrozenEngine,1046,01/18/2022, 15:18:07,540
FROV00001,FrozenEngine,1046,01/18/2022, 16:24:09,540
FROV00001,FrozenEngine,1046,01/18/2022, 17:23:34,540
FROV00001,FrozenEngine,1046,01/18/2022, 18:15:21,540
FROV00001,FrozenEngine,1046,01/18/2022, 19:10:44,540
FROV00001,FrozenEngine,1046,01/18/2022, 20:14:00,540
FROV00001,FrozenEngine,1046,01/18/2022, 21:16:03,540
FROV00001,FrozenEngine,1046,01/18/2022, 22:18:01,540
FROV00001,FrozenEngine,1046,01/18/2022, 23:10:54,540
FROV00001,FrozenEngine,1046,01/19/2022, 00:39:56,540
FROV00001,FrozenEngine,1046,01/19/2022, 01:52:39,540
FROV00001,FrozenEngine,1046,01/19/2022, 02:24:32,540
FROV00001,FrozenEngine,1046,01/19/2022, 03:11:52,540
FROV00001,FrozenEngine,1046,01/19/2022, 04:15:00,540
FROV00001,FrozenEngine,1046,01/19/2022, 05:10:45,540
FROV00001,FrozenEngine,1046,01/19/2022, 06:14:10,540
FROV00001,FrozenEngine,1046,01/19/2022, 07:09:35,540
FROV00001,FrozenEngine,1046,01/19/2022, 08:14:05,540
FROV00001,FrozenEngine,1046,01/19/2022, 09:12:49,540
FROV00001,FrozenEngine,1046,01/19/2022, 10:17:01,540
FROV00001,FrozenEngine,1046,01/19/2022, 11:13:33,540
FROV00001,FrozenEngine,1046,01/19/2022, 12:18:20,540
FROV00001,FrozenEngine,1046,01/19/2022, 13:15:37,540
FROV00001,FrozenEngine,1046,01/19/2022, 14:16:12,540
FROV00001,FrozenEngine,1046,01/19/2022, 15:17:06,540
FROV00001,FrozenEngine,1046,01/19/2022, 16:17:50,540
FROV00001,FrozenEngine,1046,01/19/2022, 17:18:07,540
FROV00001,FrozenEngine,1046,01/19/2022, 18:13:49,540
FROV00001,FrozenEngine,1046,01/19/2022, 19:10:38,540
FROV00001,FrozenEngine,1046,01/19/2022, 20:12:34,540
FROV00001,FrozenEngine,1046,01/19/2022, 21:11:13,540
FROV00001,FrozenEngine,1046,01/19/2022, 22:11:53,540
FROV00001,FrozenEngine,1046,01/19/2022, 23:12:09,540
FROV00001,FrozenEngine,1046,01/20/2022, 00:49:19,540
FROV00001,FrozenEngine,1046,01/20/2022, 02:09:22,540
FROV00001,FrozenEngine,1046,01/20/2022, 03:11:23,540
FROV00001,FrozenEngine,1046,01/20/2022, 04:14:49,540
FROV00001,FrozenEngine,1046,01/20/2022, 05:11:37,540
FROV00001,FrozenEngine,1046,01/20/2022, 06:14:05,540
FROV00001,FrozenEngine,1046,01/20/2022, 07:11:53,540
FROV00001,FrozenEngine,1046,01/20/2022, 08:14:25,540
FROV00001,FrozenEngine,1046,01/20/2022, 09:13:12,540
FROV00001,FrozenEngine,1046,01/20/2022, 10:14:12,540
FROV00001,FrozenEngine,1047,01/20/2022, 11:12:46,540
FROV00001,FrozenEngine,1047,01/20/2022, 12:19:07,540
FROV00001,FrozenEngine,1047,01/20/2022, 13:15:44,540
FROV00001,FrozenEngine,1047,01/20/2022, 14:16:18,540
FROV00001,FrozenEngine,1047,01/20/2022, 15:17:08,540
FROV00001,FrozenEngine,1047,01/20/2022, 16:18:06,540
FROV00001,FrozenEngine,1047,01/20/2022, 17:20:10,540
FROV00001,FrozenEngine,1047,01/20/2022, 18:13:39,540
FROV00001,FrozenEngine,1047,01/20/2022, 19:09:34,540
FROV00001,FrozenEngine,1047,01/20/2022, 20:13:03,540
FROV00001,FrozenEngine,1047,01/20/2022, 21:10:30,540
FROV00001,FrozenEngine,1047,01/20/2022, 22:11:22,540
FROV00001,FrozenEngine,1047,01/20/2022, 23:11:36,540
FROV00001,FrozenEngine,1047,01/21/2022, 00:40:01,540
FROV00001,FrozenEngine,1047,01/21/2022, 01:55:38,540
FROV00001,FrozenEngine,1047,01/21/2022, 02:27:17,540
FROV00001,FrozenEngine,1047,01/21/2022, 03:12:00,540
FROV00001,FrozenEngine,1047,01/21/2022, 04:16:58,540
FROV00001,FrozenEngine,1047,01/21/2022, 05:10:31,540
FROV00001,FrozenEngine,1047,01/21/2022, 06:14:34,540
FROV00001,FrozenEngine,1047,01/21/2022, 07:12:04,540
FROV00001,FrozenEngine,1047,01/21/2022, 08:14:21,540
FROV00001,FrozenEngine,1047,01/21/2022, 09:11:59,540
FROV00001,FrozenEngine,1047,01/21/2022, 10:12:49,540
FROV00001,FrozenEngine,1047,01/21/2022, 11:10:21,540
FROV00001,FrozenEngine,1047,01/21/2022, 12:18:51,540
FROV00001,FrozenEngine,1047,01/21/2022, 13:15:20,540
FROV00001,FrozenEngine,1047,01/21/2022, 14:11:06,540
FROV00001,FrozenEngine,1047,01/21/2022, 15:14:13,540
FROV00001,FrozenEngine,1047,01/21/2022, 16:17:47,540
FROV00001,FrozenEngine,1047,01/21/2022, 17:15:03,540
FROV00001,FrozenEngine,1047,01/21/2022, 18:13:54,540
FROV00001,FrozenEngine,1047,01/21/2022, 19:10:19,540
FROV00001,FrozenEngine,1047,01/21/2022, 20:12:07,540
FROV00001,FrozenEngine,1047,01/21/2022, 21:09:05,540
FROV00001,FrozenEngine,1047,01/21/2022, 22:11:48,540
FROV00001,FrozenEngine,1047,01/21/2022, 23:11:51,540
FROV00001,FrozenEngine,1047,01/22/2022, 00:39:56,540
FROV00001,FrozenEngine,1047,01/22/2022, 01:51:07,540
FROV00001,FrozenEngine,1047,01/22/2022, 02:25:36,540
FROV00001,FrozenEngine,1047,01/22/2022, 03:11:46,540
FROV00001,FrozenEngine,1047,01/22/2022, 04:14:39,540
FROV00001,FrozenEngine,1047,01/22/2022, 05:10:25,540
FROV00001,FrozenEngine,1047,01/22/2022, 06:13:41,540
FROV00001,FrozenEngine,1047,01/22/2022, 07:10:51,540
FROV00001,FrozenEngine,1047,01/22/2022, 08:13:36,540
FROV00001,FrozenEngine,1047,01/22/2022, 09:11:22,540
FROV00001,FrozenEngine,1047,01/22/2022, 10:12:29,540
FROV00001,FrozenEngine,1047,01/22/2022, 11:09:56,540
FROV00001,FrozenEngine,1047,01/22/2022, 12:17:40,540
FROV00001,FrozenEngine,1047,01/22/2022, 13:13:14,540
FROV00001,FrozenEngine,1047,01/22/2022, 14:10:11,540
FROV00001,FrozenEngine,1047,01/22/2022, 15:11:46,540
FROV00001,FrozenEngine,1047,01/22/2022, 16:16:13,540
FROV00001,FrozenEngine,1047,01/22/2022, 17:13:20,540
FROV00001,FrozenEngine,1047,01/22/2022, 18:13:03,540
FROV00001,FrozenEngine,1047,01/22/2022, 19:09:45,540
FROV00001,FrozenEngine,1047,01/22/2022, 20:11:55,540
FROV00001,FrozenEngine,1047,01/22/2022, 21:09:50,540
FROV00001,FrozenEngine,1047,01/22/2022, 22:11:05,540
FROV00001,FrozenEngine,1047,01/22/2022, 23:11:14,540
FROV00001,FrozenEngine,1048,01/23/2022, 00:40:52,540
FROV00001,FrozenEngine,1048,01/23/2022, 01:54:04,540
FROV00001,FrozenEngine,1048,01/23/2022, 02:25:42,540
FROV00001,FrozenEngine,1048,01/23/2022, 03:12:19,540
FROV00001,FrozenEngine,1048,01/23/2022, 04:14:27,540
FROV00001,FrozenEngine,1048,01/23/2022, 05:10:33,540
FROV00001,FrozenEngine,1048,01/23/2022, 06:14:09,540
FROV00001,FrozenEngine,1048,01/23/2022, 07:12:07,540
FROV00001,FrozenEngine,1048,01/23/2022, 08:13:12,540
FROV00001,FrozenEngine,1048,01/23/2022, 09:11:04,540
FROV00001,FrozenEngine,1048,01/23/2022, 10:12:38,540
FROV00001,FrozenEngine,1048,01/23/2022, 11:09:53,540
FROV00001,FrozenEngine,1048,01/23/2022, 12:18:16,540
FROV00001,FrozenEngine,1048,01/23/2022, 13:13:48,540
FROV00001,FrozenEngine,1048,01/23/2022, 14:10:42,540
FROV00001,FrozenEngine,1048,01/23/2022, 15:13:12,540
FROV00001,FrozenEngine,1048,01/23/2022, 16:16:16,540
FROV00001,FrozenEngine,1048,01/23/2022, 17:13:34,540
FROV00001,FrozenEngine,1049,01/23/2022, 18:12:54,540
FROV00001,FrozenEngine,1049,01/23/2022, 19:09:18,540
FROV00001,FrozenEngine,1049,01/23/2022, 20:12:20,540
FROV00001,FrozenEngine,1049,01/23/2022, 21:10:40,540
FROV00001,FrozenEngine,1049,01/23/2022, 22:11:41,540
FROV00001,FrozenEngine,1049,01/23/2022, 23:11:23,540
FROV00001,FrozenEngine,1049,01/24/2022, 00:40:46,540
FROV00001,FrozenEngine,1049,01/24/2022, 02:00:39,540
FROV00001,FrozenEngine,1049,01/24/2022, 02:37:49,540
FROV00001,FrozenEngine,1049,01/24/2022, 03:14:49,540
FROV00001,FrozenEngine,1049,01/24/2022, 04:15:13,540
FROV00001,FrozenEngine,1049,01/24/2022, 05:11:48,540
FROV00001,FrozenEngine,1049,01/24/2022, 06:17:25,540
FROV00001,FrozenEngine,1049,01/24/2022, 07:18:18,540
FROV00001,FrozenEngine,1049,01/24/2022, 08:14:30,540
FROV00001,FrozenEngine,1049,01/24/2022, 09:11:30,540
FROV00001,FrozenEngine,1049,01/24/2022, 10:13:05,540
FROV00001,FrozenEngine,1049,01/24/2022, 11:13:01,540
FROV00001,FrozenEngine,1049,01/24/2022, 12:18:32,540
FROV00001,FrozenEngine,1049,01/24/2022, 13:16:06,540
FROV00001,FrozenEngine,1049,01/24/2022, 14:11:16,540
FROV00001,FrozenEngine,1049,01/24/2022, 15:17:18,540
FROV00001,FrozenEngine,1049,01/24/2022, 16:22:05,540
FROV00001,FrozenEngine,1049,01/24/2022, 17:21:04,540
FROV00001,FrozenEngine,1049,01/24/2022, 18:11:57,540
FROV00001,FrozenEngine,1049,01/24/2022, 19:10:04,540
FROV00001,FrozenEngine,1049,01/24/2022, 20:12:24,540
FROV00001,FrozenEngine,1049,01/24/2022, 21:09:31,540
FROV00001,FrozenEngine,1049,01/24/2022, 22:11:54,540
FROV00001,FrozenEngine,1049,01/24/2022, 23:11:39,540
FROV00001,FrozenEngine,1049,01/25/2022, 00:45:35,540
FROV00001,FrozenEngine,1049,01/25/2022, 02:01:24,540
FROV00001,FrozenEngine,1049,01/25/2022, 03:12:39,540
FROV00001,FrozenEngine,1049,01/25/2022, 04:15:05,540
FROV00001,FrozenEngine,1049,01/25/2022, 05:11:01,540
FROV00001,FrozenEngine,1049,01/25/2022, 06:14:17,540
FROV00001,FrozenEngine,1049,01/25/2022, 07:12:02,540
FROV00001,FrozenEngine,1049,01/25/2022, 08:14:35,540
FROV00001,FrozenEngine,1049,01/25/2022, 09:12:53,540
FROV00001,FrozenEngine,1049,01/25/2022, 10:18:07,540
FROV00001,FrozenEngine,1049,01/25/2022, 11:10:48,540
FROV00001,FrozenEngine,1049,01/25/2022, 12:19:22,540
FROV00001,FrozenEngine,1049,01/25/2022, 13:20:13,540
FROV00001,FrozenEngine,1049,01/25/2022, 14:16:12,540
FROV00001,FrozenEngine,1049,01/25/2022, 15:17:11,540
FROV00001,FrozenEngine,1049,01/25/2022, 16:22:12,540
FROV00001,FrozenEngine,1049,01/25/2022, 17:20:15,540
FROV00001,FrozenEngine,1049,01/25/2022, 18:15:19,540
FROV00001,FrozenEngine,1049,01/25/2022, 19:10:47,540
FROV00001,FrozenEngine,1049,01/25/2022, 20:12:24,540
FROV00001,FrozenEngine,1049,01/25/2022, 21:11:57,540
FROV00001,FrozenEngine,1049,01/25/2022, 22:11:49,540
FROV00001,FrozenEngine,1049,01/25/2022, 23:13:03,540
FROV00001,FrozenEngine,1049,01/26/2022, 00:46:51,540
FROV00001,FrozenEngine,1049,01/26/2022, 02:02:43,540
FROV00001,FrozenEngine,1049,01/26/2022, 03:11:50,540
FROV00001,FrozenEngine,1049,01/26/2022, 04:14:38,540
FROV00001,FrozenEngine,1049,01/26/2022, 05:11:04,540
FROV00001,FrozenEngine,1049,01/26/2022, 06:14:25,540
FROV00001,FrozenEngine,1049,01/26/2022, 07:11:38,540
FROV00001,FrozenEngine,1049,01/26/2022, 08:13:54,540
FROV00001,FrozenEngine,1049,01/26/2022, 09:17:16,540
FROV00001,FrozenEngine,1049,01/26/2022, 10:18:07,540
FROV00001,FrozenEngine,1049,01/26/2022, 11:15:06,540
FROV00001,FrozenEngine,1049,01/26/2022, 12:20:36,540
FROV00001,FrozenEngine,1050,01/26/2022, 13:16:23,540
FROV00001,FrozenEngine,1050,01/26/2022, 14:16:18,540
FROV00001,FrozenEngine,1050,01/26/2022, 15:17:14,540
FROV00001,FrozenEngine,1050,01/26/2022, 16:21:09,540
FROV00001,FrozenEngine,1050,01/26/2022, 17:15:30,540
FROV00001,FrozenEngine,1050,01/26/2022, 18:17:06,540
FROV00001,FrozenEngine,1050,01/26/2022, 19:10:08,540
FROV00001,FrozenEngine,1050,01/26/2022, 20:12:15,540
FROV00001,FrozenEngine,1050,01/26/2022, 21:11:09,540
FROV00001,FrozenEngine,1050,01/26/2022, 22:11:18,540
FROV00001,FrozenEngine,1050,01/26/2022, 23:12:05,540
FROV00001,FrozenEngine,1050,01/27/2022, 00:42:39,540
FROV00001,FrozenEngine,1050,01/27/2022, 01:55:31,540
FROV00001,FrozenEngine,1050,01/27/2022, 02:26:12,540
FROV00001,FrozenEngine,1050,01/27/2022, 03:12:23,540
FROV00001,FrozenEngine,1050,01/27/2022, 04:14:44,540
FROV00001,FrozenEngine,1050,01/27/2022, 05:11:47,540
FROV00001,FrozenEngine,1050,01/27/2022, 06:14:37,540
FROV00001,FrozenEngine,1050,01/27/2022, 07:12:00,540
FROV00001,FrozenEngine,1050,01/27/2022, 08:14:34,540
FROV00001,FrozenEngine,1050,01/27/2022, 09:12:20,540
FROV00001,FrozenEngine,1050,01/27/2022, 10:12:57,540
FROV00001,FrozenEngine,1050,01/27/2022, 11:12:52,540
FROV00001,FrozenEngine,1050,01/27/2022, 12:19:02,540
FROV00001,FrozenEngine,1050,01/27/2022, 13:19:26,540
FROV00001,FrozenEngine,1050,01/27/2022, 14:16:08,540
FROV00001,FrozenEngine,1050,01/27/2022, 15:17:21,540
FROV00001,FrozenEngine,1050,01/27/2022, 16:22:14,540
FROV00001,FrozenEngine,1050,01/27/2022, 17:17:32,540
FROV00001,FrozenEngine,1050,01/27/2022, 18:19:12,540
FROV00001,FrozenEngine,1050,01/27/2022, 19:09:31,540
FROV00001,FrozenEngine,1050,01/27/2022, 20:11:53,540
FROV00001,FrozenEngine,1050,01/27/2022, 21:10:50,540
FROV00001,FrozenEngine,1050,01/27/2022, 22:11:22,540
FROV00001,FrozenEngine,1050,01/27/2022, 23:12:13,540
FROV00001,FrozenEngine,1050,01/28/2022, 00:41:19,540
FROV00001,FrozenEngine,1050,01/28/2022, 01:55:31,540
FROV00001,FrozenEngine,1050,01/28/2022, 02:28:51,540
FROV00001,FrozenEngine,1050,01/28/2022, 03:11:56,540
FROV00001,FrozenEngine,1050,01/28/2022, 04:15:27,540
FROV00001,FrozenEngine,1050,01/28/2022, 05:10:56,540
FROV00001,FrozenEngine,1050,01/28/2022, 06:14:39,540
FROV00001,FrozenEngine,1050,01/28/2022, 07:11:34,540
FROV00001,FrozenEngine,1050,01/28/2022, 08:14:14,540
FROV00001,FrozenEngine,1050,01/28/2022, 09:12:54,540
FROV00001,FrozenEngine,1050,01/28/2022, 10:13:27,540
FROV00001,FrozenEngine,1050,01/28/2022, 11:10:44,540
FROV00001,FrozenEngine,1050,01/28/2022, 12:20:23,540
FROV00001,FrozenEngine,1050,01/28/2022, 13:14:48,540
FROV00001,FrozenEngine,1050,01/28/2022, 14:12:13,540
FROV00001,FrozenEngine,1050,01/28/2022, 15:14:06,540
FROV00001,FrozenEngine,1051,01/28/2022, 16:19:59,540
FROV00001,FrozenEngine,1051,01/28/2022, 17:14:33,540
FROV00001,FrozenEngine,1051,01/28/2022, 18:13:36,540
FROV00001,FrozenEngine,1051,01/28/2022, 19:09:45,540
FROV00001,FrozenEngine,1051,01/28/2022, 20:12:20,540
FROV00001,FrozenEngine,1051,01/28/2022, 21:10:16,540
FROV00001,FrozenEngine,1051,01/28/2022, 22:11:17,540
FROV00001,FrozenEngine,1051,01/28/2022, 23:12:13,540
FROV00001,FrozenEngine,1051,01/29/2022, 00:38:26,540
FROV00001,FrozenEngine,1052,01/29/2022, 01:48:51,540
FROV00001,FrozenEngine,1052,01/29/2022, 02:21:57,540
FROV00001,FrozenEngine,1052,01/29/2022, 03:11:57,540
FROV00001,FrozenEngine,1052,01/29/2022, 04:14:33,540
FROV00001,FrozenEngine,1052,01/29/2022, 05:10:43,540
FROV00001,FrozenEngine,1052,01/29/2022, 06:13:50,540
FROV00001,FrozenEngine,1052,01/29/2022, 07:11:41,540
FROV00001,FrozenEngine,1052,01/29/2022, 08:13:35,540
FROV00001,FrozenEngine,1052,01/29/2022, 09:11:46,540
FROV00001,FrozenEngine,1052,01/29/2022, 10:12:03,540
FROV00001,FrozenEngine,1052,01/29/2022, 11:10:27,540
FROV00001,FrozenEngine,1052,01/29/2022, 12:17:16,540
FROV00001,FrozenEngine,1052,01/29/2022, 13:13:13,540
FROV00001,FrozenEngine,1052,01/29/2022, 14:10:12,540
FROV00001,FrozenEngine,1052,01/29/2022, 15:11:18,540
FROV00001,FrozenEngine,1052,01/29/2022, 16:16:05,540
FROV00001,FrozenEngine,1052,01/29/2022, 17:17:31,540
FROV00001,FrozenEngine,1052,01/29/2022, 18:17:05,540
FROV00001,FrozenEngine,1052,01/29/2022, 19:11:22,540
FROV00001,FrozenEngine,1052,01/29/2022, 20:12:17,540
FROV00001,FrozenEngine,1052,01/29/2022, 21:09:33,540
FROV00001,FrozenEngine,1052,01/29/2022, 22:11:10,540
FROV00001,FrozenEngine,1052,01/29/2022, 23:10:57,540
FROV00001,FrozenEngine,1052,01/30/2022, 00:41:46,540
FROV00001,FrozenEngine,1053,01/30/2022, 01:54:21,540
FROV00001,FrozenEngine,1053,01/30/2022, 02:25:04,540
FROV00001,FrozenEngine,1053,01/30/2022, 03:11:51,540
FROV00001,FrozenEngine,1053,01/30/2022, 04:14:31,540
FROV00001,FrozenEngine,1053,01/30/2022, 05:10:16,540
FROV00001,FrozenEngine,1053,01/30/2022, 06:13:32,540
FROV00001,FrozenEngine,1053,01/30/2022, 07:11:23,540
FROV00001,FrozenEngine,1053,01/30/2022, 08:13:09,540
FROV00001,FrozenEngine,1053,01/30/2022, 09:11:05,540
FROV00001,FrozenEngine,1053,01/30/2022, 10:11:53,540
FROV00001,FrozenEngine,1053,01/30/2022, 11:09:28,540
FROV00001,FrozenEngine,1053,01/30/2022, 12:17:13,540
FROV00001,FrozenEngine,1053,01/30/2022, 13:12:50,540
FROV00001,FrozenEngine,1053,01/30/2022, 14:10:35,540
FROV00001,FrozenEngine,1053,01/30/2022, 15:11:06,540
FROV00001,FrozenEngine,1053,01/30/2022, 16:16:00,540
FROV00001,FrozenEngine,1053,01/30/2022, 17:12:26,540
FROV00001,FrozenEngine,1053,01/30/2022, 18:13:02,540
FROV00001,FrozenEngine,1053,01/30/2022, 19:09:06,540
FROV00001,FrozenEngine,1054,01/30/2022, 20:12:25,540
FROV00001,FrozenEngine,1054,01/30/2022, 21:09:48,540
FROV00001,FrozenEngine,1054,01/30/2022, 22:11:04,540
FROV00001,FrozenEngine,1054,01/30/2022, 23:11:35,540
FROV00001,FrozenEngine,1054,01/31/2022, 00:40:45,540
FROV00001,FrozenEngine,1054,01/31/2022, 01:52:39,540
FROV00001,FrozenEngine,1054,01/31/2022, 02:24:34,540
FROV00001,FrozenEngine,1054,01/31/2022, 03:12:17,540
FROV00001,FrozenEngine,1054,01/31/2022, 04:15:01,540
FROV00001,FrozenEngine,1054,01/31/2022, 05:11:03,540
FROV00001,FrozenEngine,1054,01/31/2022, 06:14:20,540
FROV00001,FrozenEngine,1054,01/31/2022, 07:12:16,540
FROV00001,FrozenEngine,1054,01/31/2022, 08:14:31,540
FROV00001,FrozenEngine,1054,01/31/2022, 09:12:25,540
FROV00001,FrozenEngine,1054,01/31/2022, 10:13:47,540
FROV00001,FrozenEngine,1054,01/31/2022, 11:13:20,540
FROV00001,FrozenEngine,1054,01/31/2022, 12:20:52,540
FROV00001,FrozenEngine,1054,01/31/2022, 13:20:05,540
FROV00001,FrozenEngine,1054,01/31/2022, 14:12:56,540
FROV00001,FrozenEngine,1054,01/31/2022, 15:13:06,540
FROV00001,FrozenEngine,1054,01/31/2022, 16:18:15,540
FROV00001,FrozenEngine,1054,01/31/2022, 17:12:50,540
FROV00001,FrozenEngine,1054,01/31/2022, 18:18:17,540
FROV00001,FrozenEngine,1055,01/31/2022, 19:11:57,540
FROV00001,FrozenEngine,1055,01/31/2022, 20:13:16,540
FROV00001,FrozenEngine,1055,01/31/2022, 21:10:01,540
FROV00001,FrozenEngine,1055,01/31/2022, 22:11:11,540
FROV00001,FrozenEngine,1055,01/31/2022, 23:12:14,540
FROV00001,FrozenEngine,1055,02/01/2022, 00:43:19,540
FROV00001,FrozenEngine,1055,02/01/2022, 01:58:25,540
FROV00001,FrozenEngine,1055,02/01/2022, 02:31:27,540
FROV00001,FrozenEngine,1055,02/01/2022, 03:11:59,540
FROV00001,FrozenEngine,1055,02/01/2022, 04:14:43,540
FROV00001,FrozenEngine,1055,02/01/2022, 05:11:30,540
FROV00001,FrozenEngine,1055,02/01/2022, 06:14:23,540
FROV00001,FrozenEngine,1055,02/01/2022, 07:11:48,540
FROV00001,FrozenEngine,1055,02/01/2022, 08:14:31,540
FROV00001,FrozenEngine,1055,02/01/2022, 09:12:36,540
FROV00001,FrozenEngine,1055,02/01/2022, 10:18:01,540
FROV00001,FrozenEngine,1055,02/01/2022, 11:15:12,540
FROV00001,FrozenEngine,1055,02/01/2022, 12:19:01,540
FROV00001,FrozenEngine,1056,02/01/2022, 13:18:48,540
FROV00001,FrozenEngine,1056,02/01/2022, 14:16:09,540
FROV00001,FrozenEngine,1056,02/01/2022, 15:17:18,540
FROV00001,FrozenEngine,1056,02/01/2022, 16:23:09,540
FROV00001,FrozenEngine,1056,02/01/2022, 17:17:43,540
FROV00001,FrozenEngine,1056,02/01/2022, 18:15:45,540
FROV00001,FrozenEngine,1056,02/01/2022, 19:12:54,540
FROV00001,FrozenEngine,1056,02/01/2022, 20:12:24,540
FROV00001,FrozenEngine,1056,02/01/2022, 21:10:31,540
FROV00001,FrozenEngine,1056,02/01/2022, 22:11:17,540
FROV00001,FrozenEngine,1056,02/01/2022, 23:12:10,540
FROV00001,FrozenEngine,1056,02/02/2022, 00:43:47,540
FROV00001,FrozenEngine,1056,02/02/2022, 01:56:08,540
FROV00001,FrozenEngine,1056,02/02/2022, 02:26:25,540
FROV00001,FrozenEngine,1056,02/02/2022, 03:11:59,540
FROV00001,FrozenEngine,1056,02/02/2022, 04:14:36,540
FROV00001,FrozenEngine,1056,02/02/2022, 05:11:23,540
FROV00001,FrozenEngine,1056,02/02/2022, 06:14:20,540
FROV00001,FrozenEngine,1056,02/02/2022, 07:11:35,540
FROV00001,FrozenEngine,1056,02/02/2022, 08:14:08,540
FROV00001,FrozenEngine,1056,02/02/2022, 09:11:47,540
FROV00001,FrozenEngine,1056,02/02/2022, 10:13:09,540
FROV00001,FrozenEngine,1056,02/02/2022, 11:13:23,540
FROV00001,FrozenEngine,1056,02/02/2022, 12:18:17,540
FROV00001,FrozenEngine,1056,02/02/2022, 13:17:55,540
FROV00001,FrozenEngine,1056,02/02/2022, 14:16:16,540
FROV00001,FrozenEngine,1056,02/02/2022, 15:16:43,540
FROV00001,FrozenEngine,1056,02/02/2022, 16:21:54,540
FROV00001,FrozenEngine,1056,02/02/2022, 17:18:35,540
FROV00001,FrozenEngine,1056,02/02/2022, 18:14:01,540
FROV00001,FrozenEngine,1056,02/02/2022, 19:10:13,540
FROV00001,FrozenEngine,1056,02/02/2022, 20:13:01,540
FROV00001,FrozenEngine,1056,02/02/2022, 21:11:19,540
FROV00001,FrozenEngine,1056,02/02/2022, 22:11:26,540
FROV00001,FrozenEngine,1056,02/02/2022, 23:12:15,540
FROV00001,FrozenEngine,1056,02/03/2022, 00:40:45,540
FROV00001,FrozenEngine,1056,02/03/2022, 01:52:15,540
FROV00001,FrozenEngine,1056,02/03/2022, 02:23:46,540
FROV00001,FrozenEngine,1056,02/03/2022, 03:12:51,540
FROV00001,FrozenEngine,1056,02/03/2022, 04:14:39,540
FROV00001,FrozenEngine,1056,02/03/2022, 05:11:33,540
FROV00001,FrozenEngine,1056,02/03/2022, 06:14:42,540
FROV00001,FrozenEngine,1056,02/03/2022, 07:11:57,540
FROV00001,FrozenEngine,1056,02/03/2022, 08:16:12,540
FROV00001,FrozenEngine,1057,02/03/2022, 09:12:32,540
FROV00001,FrozenEngine,1057,02/03/2022, 10:12:34,540
FROV00001,FrozenEngine,1057,02/03/2022, 11:12:32,540
FROV00001,FrozenEngine,1057,02/03/2022, 12:18:33,540
FROV00001,FrozenEngine,1057,02/03/2022, 13:15:22,540
FROV00001,FrozenEngine,1057,02/03/2022, 14:16:07,540
FROV00001,FrozenEngine,1057,02/03/2022, 15:14:07,540
FROV00001,FrozenEngine,1057,02/03/2022, 16:22:11,540
FROV00001,FrozenEngine,1057,02/03/2022, 17:18:53,540
FROV00001,FrozenEngine,1057,02/03/2022, 18:15:46,540
FROV00001,FrozenEngine,1057,02/03/2022, 19:10:33,540
FROV00001,FrozenEngine,1057,02/03/2022, 20:13:32,540
FROV00001,FrozenEngine,1057,02/03/2022, 21:10:34,540
FROV00001,FrozenEngine,1057,02/03/2022, 22:11:09,540
FROV00001,FrozenEngine,1057,02/03/2022, 23:10:21,540
FROV00001,FrozenEngine,1057,02/04/2022, 00:42:15,540
FROV00001,FrozenEngine,1057,02/04/2022, 01:45:16,540
FROV00001,FrozenEngine,1057,02/04/2022, 02:13:38,540
FROV00001,FrozenEngine,1057,02/04/2022, 03:10:54,540
FROV00001,FrozenEngine,1057,02/04/2022, 04:12:36,540
FROV00001,FrozenEngine,1057,02/04/2022, 05:09:43,540
FROV00001,FrozenEngine,1057,02/04/2022, 06:11:52,540
FROV00001,FrozenEngine,1057,02/04/2022, 07:10:12,540
FROV00001,FrozenEngine,1057,02/04/2022, 08:12:28,540
FROV00001,FrozenEngine,1057,02/04/2022, 09:10:58,540
FROV00001,FrozenEngine,1057,02/04/2022, 10:11:50,540
FROV00001,FrozenEngine,1057,02/04/2022, 11:08:23,540
FROV00001,FrozenEngine,1057,02/04/2022, 12:16:36,540
FROV00001,FrozenEngine,1057,02/04/2022, 13:11:05,540
FROV00001,FrozenEngine,1057,02/04/2022, 14:09:49,540
FROV00001,FrozenEngine,1057,02/04/2022, 15:13:24,540
FROV00001,FrozenEngine,1057,02/04/2022, 16:18:22,540
FROV00001,FrozenEngine,1057,02/04/2022, 17:09:43,540
FROV00001,FrozenEngine,1057,02/04/2022, 18:11:28,540
FROV00001,FrozenEngine,1057,02/04/2022, 19:08:53,540
FROV00001,FrozenEngine,1057,02/04/2022, 20:10:38,540
FROV00001,FrozenEngine,1057,02/04/2022, 21:09:28,540
FROV00001,FrozenEngine,1057,02/04/2022, 22:10:06,540
FROV00001,FrozenEngine,1057,02/04/2022, 23:10:54,540
FROV00001,FrozenEngine,1057,02/05/2022, 00:36:23,540
FROV00001,FrozenEngine,1057,02/05/2022, 01:36:04,540
FROV00001,FrozenEngine,1057,02/05/2022, 02:12:50,540
FROV00001,FrozenEngine,1057,02/05/2022, 03:11:03,540
FROV00001,FrozenEngine,1057,02/05/2022, 04:13:05,540
FROV00001,FrozenEngine,1057,02/05/2022, 05:09:38,540
FROV00001,FrozenEngine,1057,02/05/2022, 06:11:45,540
FROV00001,FrozenEngine,1057,02/05/2022, 07:10:13,540
FROV00001,FrozenEngine,1057,02/05/2022, 08:11:35,540
FROV00001,FrozenEngine,1057,02/05/2022, 09:10:26,540
FROV00001,FrozenEngine,1057,02/05/2022, 10:10:28,540
FROV00001,FrozenEngine,1057,02/05/2022, 11:09:29,540
FROV00001,FrozenEngine,1057,02/05/2022, 12:14:14,540
FROV00001,FrozenEngine,1057,02/05/2022, 13:09:59,540
FROV00001,FrozenEngine,1057,02/05/2022, 14:09:10,540
FROV00001,FrozenEngine,1057,02/05/2022, 15:09:42,540
FROV00001,FrozenEngine,1057,02/05/2022, 16:13:17,540
FROV00001,FrozenEngine,1057,02/05/2022, 17:10:48,540
FROV00001,FrozenEngine,1057,02/05/2022, 18:11:05,540
FROV00001,FrozenEngine,1057,02/05/2022, 19:09:14,540
FROV00001,FrozenEngine,1057,02/05/2022, 20:10:17,540
FROV00001,FrozenEngine,1057,02/05/2022, 21:09:09,540
FROV00001,FrozenEngine,1057,02/05/2022, 22:14:35,540
FROV00001,FrozenEngine,1057,02/05/2022, 23:19:45,540
FROV00001,FrozenEngine,1057,02/06/2022, 00:52:09,540
FROV00001,FrozenEngine,1057,02/06/2022, 02:07:51,540
FROV00001,FrozenEngine,1057,02/06/2022, 03:11:24,540
FROV00001,FrozenEngine,1057,02/06/2022, 04:15:06,540
FROV00001,FrozenEngine,1057,02/06/2022, 05:10:34,540
FROV00001,FrozenEngine,1057,02/06/2022, 06:13:48,540
FROV00001,FrozenEngine,1057,02/06/2022, 07:11:51,540
FROV00001,FrozenEngine,1057,02/06/2022, 08:13:11,540
FROV00001,FrozenEngine,1057,02/06/2022, 09:11:16,540
FROV00001,FrozenEngine,1057,02/06/2022, 10:12:05,540
FROV00001,FrozenEngine,1057,02/06/2022, 11:09:30,540
FROV00001,FrozenEngine,1057,02/06/2022, 12:17:17,540
FROV00001,FrozenEngine,1057,02/06/2022, 13:12:55,540
FROV00001,FrozenEngine,1057,02/06/2022, 14:10:38,540
FROV00001,FrozenEngine,1057,02/06/2022, 15:11:06,540
FROV00001,FrozenEngine,1057,02/06/2022, 16:15:55,540
FROV00001,FrozenEngine,1057,02/06/2022, 17:12:03,540
FROV00001,FrozenEngine,1057,02/06/2022, 18:12:52,540
FROV00001,FrozenEngine,1057,02/06/2022, 19:09:03,540
FROV00001,FrozenEngine,1057,02/06/2022, 20:11:46,540
FROV00001,FrozenEngine,1057,02/06/2022, 21:10:55,540
FROV00001,FrozenEngine,1057,02/06/2022, 22:11:11,540
FROV00001,FrozenEngine,1057,02/06/2022, 23:11:21,540
FROV00001,FrozenEngine,1057,02/07/2022, 00:42:34,540
FROV00001,FrozenEngine,1057,02/07/2022, 01:54:58,540
FROV00001,FrozenEngine,1057,02/07/2022, 02:26:19,540
FROV00001,FrozenEngine,1057,02/07/2022, 03:12:11,540
FROV00001,FrozenEngine,1057,02/07/2022, 04:15:15,540
FROV00001,FrozenEngine,1057,02/07/2022, 05:11:20,540
FROV00001,FrozenEngine,1057,02/07/2022, 06:14:23,540
FROV00001,FrozenEngine,1057,02/07/2022, 07:11:43,540
FROV00001,FrozenEngine,1057,02/07/2022, 08:14:41,540
FROV00001,FrozenEngine,1057,02/07/2022, 10:17:16,540
FROV00001,FrozenEngine,1057,02/07/2022, 11:14:13,540
FROV00001,FrozenEngine,1057,02/07/2022, 12:25:33,540
FROV00001,FrozenEngine,1057,02/07/2022, 13:20:41,540
FROV00001,FrozenEngine,1057,02/07/2022, 14:13:08,540
FROV00001,FrozenEngine,1057,02/07/2022, 15:17:18,540
FROV00001,FrozenEngine,1057,02/07/2022, 16:18:42,540
FROV00001,FrozenEngine,1057,02/07/2022, 17:17:30,540
FROV00001,FrozenEngine,1057,02/07/2022, 18:18:20,540
FROV00001,FrozenEngine,1057,02/07/2022, 19:13:23,540
FROV00001,FrozenEngine,1057,02/07/2022, 20:15:08,540
FROV00001,FrozenEngine,1057,02/07/2022, 21:14:26,540
FROV00001,FrozenEngine,1057,02/07/2022, 22:17:17,540
FROV00001,FrozenEngine,1057,02/07/2022, 23:12:30,540
FROV00001,FrozenEngine,1057,02/08/2022, 00:44:04,540
FROV00001,FrozenEngine,1057,02/08/2022, 01:57:11,540
FROV00001,FrozenEngine,1057,02/08/2022, 02:29:15,540
FROV00001,FrozenEngine,1057,02/08/2022, 03:12:04,540
FROV00001,FrozenEngine,1057,02/08/2022, 04:14:37,540
FROV00001,FrozenEngine,1057,02/08/2022, 05:11:04,540
FROV00001,FrozenEngine,1057,02/08/2022, 06:15:09,540
FROV00001,FrozenEngine,1057,02/08/2022, 07:12:00,540
FROV00001,FrozenEngine,1057,02/08/2022, 08:14:37,540
FROV00001,FrozenEngine,1057,02/08/2022, 09:17:24,540
FROV00001,FrozenEngine,1057,02/08/2022, 10:12:56,540
FROV00001,FrozenEngine,1057,02/08/2022, 11:12:38,540
FROV00001,FrozenEngine,1057,02/08/2022, 12:22:31,540
FROV00001,FrozenEngine,1057,02/08/2022, 13:20:15,540
FROV00001,FrozenEngine,1057,02/08/2022, 14:17:25,540
FROV00001,FrozenEngine,1057,02/08/2022, 15:17:42,540
FROV00001,FrozenEngine,1057,02/08/2022, 16:22:13,540
FROV00001,FrozenEngine,1057,02/08/2022, 17:16:22,540
FROV00001,FrozenEngine,1057,02/08/2022, 18:13:07,540
FROV00001,FrozenEngine,1058,02/08/2022, 19:14:29,540
FROV00001,FrozenEngine,1058,02/08/2022, 20:17:18,540
FROV00001,FrozenEngine,1058,02/08/2022, 21:16:59,540
FROV00001,FrozenEngine,1058,02/08/2022, 22:13:02,540
FROV00001,FrozenEngine,1058,02/08/2022, 23:12:29,540
FROV00001,FrozenEngine,1058,02/09/2022, 00:45:34,540
FROV00001,FrozenEngine,1058,02/09/2022, 02:02:00,540
FROV00001,FrozenEngine,1058,02/09/2022, 03:12:08,540
FROV00001,FrozenEngine,1058,02/09/2022, 04:15:05,540
FROV00001,FrozenEngine,1058,02/09/2022, 05:10:55,540
FROV00001,FrozenEngine,1058,02/09/2022, 06:14:35,540
FROV00001,FrozenEngine,1058,02/09/2022, 07:12:15,540
FROV00001,FrozenEngine,1058,02/09/2022, 08:17:02,540
FROV00001,FrozenEngine,1058,02/09/2022, 09:17:14,540
FROV00001,FrozenEngine,1058,02/09/2022, 10:17:22,540
FROV00001,FrozenEngine,1058,02/09/2022, 11:13:47,540
FROV00001,FrozenEngine,1058,02/09/2022, 12:23:09,540
FROV00001,FrozenEngine,1058,02/09/2022, 13:20:23,540
FROV00001,FrozenEngine,1058,02/09/2022, 14:15:15,540
FROV00001,FrozenEngine,1058,02/09/2022, 15:20:10,540
FROV00001,FrozenEngine,1058,02/09/2022, 16:22:22,540
FROV00001,FrozenEngine,1058,02/09/2022, 17:20:18,540
FROV00001,FrozenEngine,1058,02/09/2022, 18:14:04,540
FROV00001,FrozenEngine,1058,02/09/2022, 19:09:52,540
FROV00001,FrozenEngine,1058,02/09/2022, 20:12:27,540
FROV00001,FrozenEngine,1058,02/09/2022, 21:10:36,540
FROV00001,FrozenEngine,1059,02/09/2022, 22:11:37,540
FROV00001,FrozenEngine,1059,02/09/2022, 23:11:54,540
FROV00001,FrozenEngine,1059,02/10/2022, 00:44:37,540
FROV00001,FrozenEngine,1059,02/10/2022, 01:55:31,540
FROV00001,FrozenEngine,1060,02/10/2022, 02:25:41,540
FROV00001,FrozenEngine,1060,02/10/2022, 03:11:58,540
FROV00001,FrozenEngine,1060,02/10/2022, 04:14:49,540
FROV00001,FrozenEngine,1060,02/10/2022, 05:11:34,540
FROV00001,FrozenEngine,1060,02/10/2022, 06:14:15,540
FROV00001,FrozenEngine,1060,02/10/2022, 07:11:27,540
FROV00001,FrozenEngine,1060,02/10/2022, 08:13:54,540
FROV00001,FrozenEngine,1060,02/10/2022, 09:17:24,540
FROV00001,FrozenEngine,1060,02/10/2022, 10:18:03,540
FROV00001,FrozenEngine,1060,02/10/2022, 11:11:35,540
FROV00001,FrozenEngine,1060,02/10/2022, 12:18:23,540
FROV00001,FrozenEngine,1060,02/10/2022, 13:14:49,540
FROV00001,FrozenEngine,1060,02/10/2022, 14:14:09,540
FROV00001,FrozenEngine,1060,02/10/2022, 15:17:13,540
FROV00001,FrozenEngine,1060,02/10/2022, 16:21:11,540
FROV00001,FrozenEngine,1060,02/10/2022, 17:15:51,540
FROV00001,FrozenEngine,1060,02/10/2022, 18:14:52,540
FROV00001,FrozenEngine,1060,02/10/2022, 19:08:11,540
FROV00001,FrozenEngine,1060,02/10/2022, 20:12:16,540
FROV00001,FrozenEngine,1060,02/10/2022, 21:11:41,540
FROV00001,FrozenEngine,1060,02/10/2022, 22:11:16,540
FROV00001,FrozenEngine,1060,02/10/2022, 23:12:20,540
FROV00001,FrozenEngine,1060,02/11/2022, 00:48:14,540
FROV00001,FrozenEngine,1060,02/11/2022, 01:58:54,540
FROV00001,FrozenEngine,1060,02/11/2022, 02:32:48,540
FROV00001,FrozenEngine,1060,02/11/2022, 03:11:58,540
FROV00001,FrozenEngine,1060,02/11/2022, 04:14:40,540
FROV00001,FrozenEngine,1060,02/11/2022, 05:10:53,540
FROV00001,FrozenEngine,1060,02/11/2022, 06:15:07,540
FROV00001,FrozenEngine,1060,02/11/2022, 07:11:14,540
FROV00001,FrozenEngine,1060,02/11/2022, 08:13:47,540
FROV00001,FrozenEngine,1060,02/11/2022, 09:12:24,540
FROV00001,FrozenEngine,1060,02/11/2022, 10:12:43,540
FROV00001,FrozenEngine,1060,02/11/2022, 11:10:24,540
FROV00001,FrozenEngine,1060,02/11/2022, 12:17:46,540
FROV00001,FrozenEngine,1060,02/11/2022, 13:14:02,540
FROV00001,FrozenEngine,1060,02/11/2022, 14:13:00,540
FROV00001,FrozenEngine,1060,02/11/2022, 15:16:18,540
FROV00001,FrozenEngine,1060,02/11/2022, 16:21:13,540
FROV00001,FrozenEngine,1060,02/11/2022, 17:14:34,540
FROV00001,FrozenEngine,1060,02/11/2022, 18:13:37,540
FROV00001,FrozenEngine,1060,02/11/2022, 19:09:34,540
FROV00001,FrozenEngine,1060,02/11/2022, 20:12:26,540
FROV00001,FrozenEngine,1060,02/11/2022, 21:10:51,540
FROV00001,FrozenEngine,1060,02/11/2022, 22:11:03,540
FROV00001,FrozenEngine,1060,02/11/2022, 23:11:45,540
FROV00001,FrozenEngine,1060,02/12/2022, 00:46:34,540
FROV00001,FrozenEngine,1060,02/12/2022, 02:00:56,540
FROV00001,FrozenEngine,1060,02/12/2022, 02:43:06,540
FROV00001,FrozenEngine,1060,02/12/2022, 03:11:30,540
FROV00001,FrozenEngine,1060,02/12/2022, 04:15:19,540
FROV00001,FrozenEngine,1060,02/12/2022, 05:10:29,540
FROV00001,FrozenEngine,1060,02/12/2022, 06:13:33,540
FROV00001,FrozenEngine,1060,02/12/2022, 07:10:52,540
FROV00001,FrozenEngine,1060,02/12/2022, 08:13:56,540
FROV00001,FrozenEngine,1060,02/12/2022, 09:12:36,540
FROV00001,FrozenEngine,1060,02/12/2022, 10:11:43,540
FROV00001,FrozenEngine,1060,02/12/2022, 11:10:07,540
FROV00001,FrozenEngine,1060,02/12/2022, 12:17:39,540
FROV00001,FrozenEngine,1060,02/12/2022, 13:12:32,540
FROV00001,FrozenEngine,1060,02/12/2022, 14:10:13,540
FROV00001,FrozenEngine,1060,02/12/2022, 15:11:08,540
FROV00001,FrozenEngine,1060,02/12/2022, 16:15:50,540
FROV00001,FrozenEngine,1060,02/12/2022, 17:10:48,540
FROV00001,FrozenEngine,1060,02/12/2022, 18:13:33,540
FROV00001,FrozenEngine,1060,02/12/2022, 19:09:13,540
FROV00001,FrozenEngine,1060,02/12/2022, 20:12:12,540
FROV00001,FrozenEngine,1060,02/12/2022, 21:09:42,540
FROV00001,FrozenEngine,1060,02/12/2022, 22:10:46,540
FROV00001,FrozenEngine,1060,02/12/2022, 23:11:43,540
FROV00001,FrozenEngine,1060,02/13/2022, 00:47:01,540
FROV00001,FrozenEngine,1060,02/13/2022, 01:59:33,540
FROV00001,FrozenEngine,1060,02/13/2022, 02:33:44,540
FROV00001,FrozenEngine,1060,02/13/2022, 03:12:00,540
FROV00001,FrozenEngine,1060,02/13/2022, 04:14:47,540
FROV00001,FrozenEngine,1060,02/13/2022, 05:10:22,540
FROV00001,FrozenEngine,1060,02/13/2022, 06:13:29,540
FROV00001,FrozenEngine,1060,02/13/2022, 07:11:27,540
FROV00001,FrozenEngine,1060,02/13/2022, 08:13:51,540
FROV00001,FrozenEngine,1061,02/13/2022, 09:12:11,540
FROV00001,FrozenEngine,1061,02/13/2022, 10:12:02,540
FROV00001,FrozenEngine,1061,02/13/2022, 11:09:45,540
FROV00001,FrozenEngine,1061,02/13/2022, 12:17:12,540
FROV00001,FrozenEngine,1061,02/13/2022, 13:12:38,540
FROV00001,FrozenEngine,1061,02/13/2022, 14:10:21,540
FROV00001,FrozenEngine,1061,02/13/2022, 15:12:20,540
FROV00001,FrozenEngine,1061,02/13/2022, 16:16:10,540
FROV00001,FrozenEngine,1061,02/13/2022, 17:10:48,540
FROV00001,FrozenEngine,1061,02/13/2022, 18:13:08,540
FROV00001,FrozenEngine,1061,02/13/2022, 19:09:12,540
FROV00001,FrozenEngine,1061,02/13/2022, 20:12:17,540
FROV00001,FrozenEngine,1061,02/13/2022, 21:10:17,540
FROV00001,FrozenEngine,1061,02/13/2022, 22:12:16,540
FROV00001,FrozenEngine,1061,02/13/2022, 23:11:53,540
FROV00001,FrozenEngine,1061,02/14/2022, 00:42:02,540
FROV00001,FrozenEngine,1061,02/14/2022, 01:53:00,540
FROV00001,FrozenEngine,1061,02/14/2022, 02:22:57,540
FROV00001,FrozenEngine,1061,02/14/2022, 03:12:20,540
FROV00001,FrozenEngine,1061,02/14/2022, 04:14:49,540
FROV00001,FrozenEngine,1061,02/14/2022, 05:11:46,540
FROV00001,FrozenEngine,1061,02/14/2022, 06:14:32,540
FROV00001,FrozenEngine,1061,02/14/2022, 07:12:17,540
FROV00001,FrozenEngine,1061,02/14/2022, 08:14:48,540
FROV00001,FrozenEngine,1061,02/14/2022, 09:14:16,540
FROV00001,FrozenEngine,1061,02/14/2022, 10:17:15,540
FROV00001,FrozenEngine,1061,02/14/2022, 11:12:26,540
FROV00001,FrozenEngine,1061,02/14/2022, 12:20:01,540
FROV00001,FrozenEngine,1061,02/14/2022, 13:19:13,540
FROV00001,FrozenEngine,1061,02/14/2022, 14:12:51,540
FROV00001,FrozenEngine,1061,02/14/2022, 15:17:20,540
FROV00001,FrozenEngine,1061,02/14/2022, 16:19:34,540
FROV00001,FrozenEngine,1061,02/14/2022, 17:16:09,540
FROV00001,FrozenEngine,1061,02/14/2022, 18:18:23,540
FROV00001,FrozenEngine,1061,02/14/2022, 19:13:21,540
FROV00001,FrozenEngine,1061,02/14/2022, 20:12:47,540
FROV00001,FrozenEngine,1061,02/14/2022, 21:10:56,540
FROV00001,FrozenEngine,1061,02/14/2022, 22:11:20,540
FROV00001,FrozenEngine,1061,02/14/2022, 23:12:02,540
FROV00001,FrozenEngine,1061,02/15/2022, 03:12:37,540
FROV00001,FrozenEngine,1061,02/15/2022, 04:15:13,540
FROV00001,FrozenEngine,1061,02/15/2022, 05:11:48,540
FROV00001,FrozenEngine,1061,02/15/2022, 06:14:39,540
FROV00001,FrozenEngine,1061,02/15/2022, 07:11:30,540
FROV00001,FrozenEngine,1061,02/15/2022, 08:14:23,540
FROV00001,FrozenEngine,1061,02/15/2022, 09:12:18,540
FROV00001,FrozenEngine,1061,02/15/2022, 10:13:05,540
FROV00001,FrozenEngine,1061,02/15/2022, 11:12:58,540
FROV00001,FrozenEngine,1061,02/15/2022, 12:19:33,540
FROV00001,FrozenEngine,1061,02/15/2022, 13:21:30,540
FROV00001,FrozenEngine,1061,02/15/2022, 14:11:40,540
FROV00001,FrozenEngine,1061,02/15/2022, 15:16:37,540
FROV00001,FrozenEngine,1061,02/15/2022, 16:17:20,540
FROV00001,FrozenEngine,1061,02/15/2022, 17:16:16,540
FROV00001,FrozenEngine,1061,02/15/2022, 18:17:33,540
FROV00001,FrozenEngine,1061,02/15/2022, 19:09:50,540
FROV00001,FrozenEngine,1062,02/15/2022, 20:12:46,540
FROV00001,FrozenEngine,1062,02/15/2022, 21:10:18,540
FROV00001,FrozenEngine,1063,02/15/2022, 22:12:24,540
FROV00001,FrozenEngine,1063,02/15/2022, 23:12:42,540
FROV00001,FrozenEngine,1063,02/16/2022, 00:45:04,540
FROV00001,FrozenEngine,1063,02/16/2022, 02:03:51,540
FROV00001,FrozenEngine,1063,02/16/2022, 03:13:03,540
FROV00001,FrozenEngine,1063,02/16/2022, 04:15:19,540
FROV00001,FrozenEngine,1063,02/16/2022, 05:11:10,540
FROV00001,FrozenEngine,1063,02/16/2022, 06:14:37,540
FROV00001,FrozenEngine,1063,02/16/2022, 07:11:44,540
FROV00001,FrozenEngine,1063,02/16/2022, 08:14:23,540
FROV00001,FrozenEngine,1063,02/16/2022, 09:13:17,540
FROV00001,FrozenEngine,1063,02/16/2022, 10:13:43,540
FROV00001,FrozenEngine,1063,02/16/2022, 11:13:07,540
FROV00001,FrozenEngine,1063,02/16/2022, 12:18:37,540
FROV00001,FrozenEngine,1063,02/16/2022, 13:17:47,540
FROV00001,FrozenEngine,1063,02/16/2022, 14:12:53,540
FROV00001,FrozenEngine,1063,02/16/2022, 15:17:11,540
FROV00001,FrozenEngine,1063,02/16/2022, 16:15:32,540
FROV00001,FrozenEngine,1063,02/16/2022, 17:14:42,540
FROV00001,FrozenEngine,1063,02/16/2022, 18:14:29,540
FROV00001,FrozenEngine,1063,02/16/2022, 19:11:01,540
FROV00001,FrozenEngine,1063,02/16/2022, 20:12:08,540
FROV00001,FrozenEngine,1063,02/16/2022, 21:11:20,540
FROV00001,FrozenEngine,1063,02/16/2022, 22:11:44,540
FROV00001,FrozenEngine,1063,02/16/2022, 23:12:19,540
FROV00001,FrozenEngine,1063,02/17/2022, 00:40:32,540
FROV00001,FrozenEngine,1063,02/17/2022, 01:51:00,540
FROV00001,FrozenEngine,1063,02/17/2022, 02:21:31,540
FROV00001,FrozenEngine,1063,02/17/2022, 03:13:21,540
FROV00001,FrozenEngine,1063,02/17/2022, 04:15:27,540
FROV00001,FrozenEngine,1063,02/17/2022, 05:11:11,540
FROV00001,FrozenEngine,1063,02/17/2022, 06:15:30,540
FROV00001,FrozenEngine,1063,02/17/2022, 07:12:11,540
FROV00001,FrozenEngine,1063,02/17/2022, 08:14:06,540
FROV00001,FrozenEngine,1063,02/17/2022, 09:16:15,540
FROV00001,FrozenEngine,1063,02/17/2022, 10:13:35,540
FROV00001,FrozenEngine,1063,02/17/2022, 11:10:04,540
FROV00001,FrozenEngine,1063,02/17/2022, 12:18:58,540
FROV00001,FrozenEngine,1063,02/17/2022, 13:19:01,540
FROV00001,FrozenEngine,1063,02/17/2022, 14:17:55,540
FROV00001,FrozenEngine,1063,02/17/2022, 15:18:19,540
FROV00001,FrozenEngine,1063,02/17/2022, 16:21:12,540
FROV00001,FrozenEngine,1063,02/17/2022, 17:18:15,540
FROV00001,FrozenEngine,1063,02/17/2022, 18:14:50,540
FROV00001,FrozenEngine,1063,02/17/2022, 19:10:15,540
FROV00001,FrozenEngine,1063,02/17/2022, 20:11:31,540
FROV00001,FrozenEngine,1063,02/17/2022, 21:12:42,540
FROV00001,FrozenEngine,1063,02/17/2022, 22:12:27,540
FROV00001,FrozenEngine,1063,02/17/2022, 23:12:44,540
FROV00001,FrozenEngine,1063,02/18/2022, 00:50:42,540
FROV00001,FrozenEngine,1063,02/18/2022, 02:02:13,540
FROV00001,FrozenEngine,1063,02/18/2022, 03:12:54,540
FROV00001,FrozenEngine,1063,02/18/2022, 04:15:57,540
FROV00001,FrozenEngine,1063,02/18/2022, 05:11:25,540
FROV00001,FrozenEngine,1063,02/18/2022, 06:15:43,540
FROV00001,FrozenEngine,1063,02/18/2022, 07:12:26,540
FROV00001,FrozenEngine,1063,02/18/2022, 08:14:35,540
FROV00001,FrozenEngine,1063,02/18/2022, 09:12:27,540
FROV00001,FrozenEngine,1063,02/18/2022, 10:14:08,540
FROV00001,FrozenEngine,1063,02/18/2022, 11:10:29,540
FROV00001,FrozenEngine,1063,02/18/2022, 12:19:52,540
FROV00001,FrozenEngine,1063,02/18/2022, 13:15:39,540
FROV00001,FrozenEngine,1063,02/18/2022, 14:16:09,540
FROV00001,FrozenEngine,1063,02/18/2022, 15:17:10,540
FROV00001,FrozenEngine,1063,02/18/2022, 16:17:58,540
FROV00001,FrozenEngine,1063,02/18/2022, 17:12:47,540
FROV00001,FrozenEngine,1063,02/18/2022, 18:14:29,540
FROV00001,FrozenEngine,1063,02/18/2022, 19:10:10,540
FROV00001,FrozenEngine,1063,02/18/2022, 20:12:57,540
FROV00001,FrozenEngine,1063,02/18/2022, 21:11:35,540
FROV00001,FrozenEngine,1063,02/18/2022, 22:13:05,540
FROV00001,FrozenEngine,1063,02/18/2022, 23:13:16,540
FROV00001,FrozenEngine,1063,02/19/2022, 00:48:33,540
FROV00001,FrozenEngine,1064,02/19/2022, 01:58:00,540
FROV00001,FrozenEngine,1064,02/19/2022, 02:30:36,540
FROV00001,FrozenEngine,1064,02/19/2022, 03:13:06,540
FROV00001,FrozenEngine,1064,02/19/2022, 04:15:17,540
FROV00001,FrozenEngine,1064,02/19/2022, 05:11:07,540
FROV00001,FrozenEngine,1064,02/19/2022, 06:14:43,540
FROV00001,FrozenEngine,1064,02/19/2022, 07:11:22,540
FROV00001,FrozenEngine,1064,02/19/2022, 08:14:11,540
FROV00001,FrozenEngine,1064,02/19/2022, 09:12:44,540
FROV00001,FrozenEngine,1064,02/19/2022, 10:12:49,540
FROV00001,FrozenEngine,1064,02/19/2022, 11:10:58,540
FROV00001,FrozenEngine,1064,02/19/2022, 12:18:18,540
FROV00001,FrozenEngine,1064,02/19/2022, 13:13:52,540
FROV00001,FrozenEngine,1064,02/19/2022, 14:11:12,540
FROV00001,FrozenEngine,1064,02/19/2022, 15:12:54,540
FROV00001,FrozenEngine,1064,02/19/2022, 16:16:39,540
FROV00001,FrozenEngine,1064,02/19/2022, 17:11:16,540
FROV00001,FrozenEngine,1064,02/19/2022, 18:13:42,540
FROV00001,FrozenEngine,1064,02/19/2022, 19:09:44,540
FROV00001,FrozenEngine,1067,02/19/2022, 20:12:50,540
FROV00001,FrozenEngine,1067,02/19/2022, 21:11:15,540
FROV00001,FrozenEngine,1067,02/19/2022, 22:12:08,540
FROV00001,FrozenEngine,1067,02/19/2022, 23:12:20,540
FROV00001,FrozenEngine,1067,02/20/2022, 00:51:32,540
FROV00001,FrozenEngine,1067,02/20/2022, 02:02:27,540
FROV00001,FrozenEngine,1067,02/20/2022, 03:13:09,540
FROV00001,FrozenEngine,1067,02/20/2022, 04:15:25,540
FROV00001,FrozenEngine,1067,02/20/2022, 05:11:17,540
FROV00001,FrozenEngine,1067,02/20/2022, 06:14:24,540
FROV00001,FrozenEngine,1067,02/20/2022, 07:11:43,540
FROV00001,FrozenEngine,1067,02/20/2022, 08:14:11,540
FROV00001,FrozenEngine,1067,02/20/2022, 09:12:41,540
FROV00001,FrozenEngine,1067,02/20/2022, 10:12:49,540
FROV00001,FrozenEngine,1067,02/20/2022, 11:11:44,540
FROV00001,FrozenEngine,1067,02/20/2022, 12:18:35,540
FROV00001,FrozenEngine,1067,02/20/2022, 13:13:56,540
FROV00001,FrozenEngine,1067,02/20/2022, 14:11:27,540
FROV00001,FrozenEngine,1067,02/20/2022, 15:12:58,540
FROV00001,FrozenEngine,1067,02/20/2022, 16:16:07,540
FROV00001,FrozenEngine,1067,02/20/2022, 17:11:06,540
FROV00001,FrozenEngine,1067,02/20/2022, 18:14:05,540
FROV00001,FrozenEngine,1067,02/20/2022, 19:11:21,540
FROV00001,FrozenEngine,1067,02/20/2022, 20:12:55,540
FROV00001,FrozenEngine,1067,02/20/2022, 21:11:22,540
FROV00001,FrozenEngine,1067,02/20/2022, 22:11:41,540
FROV00001,FrozenEngine,1067,02/20/2022, 23:12:05,540
FROV00001,FrozenEngine,1067,02/21/2022, 00:45:11,540
FROV00001,FrozenEngine,1067,02/21/2022, 01:56:46,540
FROV00001,FrozenEngine,1067,02/21/2022, 02:27:02,540
FROV00001,FrozenEngine,1067,02/21/2022, 03:13:30,540
FROV00001,FrozenEngine,1067,02/21/2022, 04:16:16,540
FROV00001,FrozenEngine,1067,02/21/2022, 05:11:51,540
FROV00001,FrozenEngine,1067,02/21/2022, 06:16:04,540
FROV00001,FrozenEngine,1067,02/21/2022, 07:12:09,540
FROV00001,FrozenEngine,1067,02/21/2022, 08:15:23,540
FROV00001,FrozenEngine,1067,02/21/2022, 09:13:33,540
FROV00001,FrozenEngine,1067,02/21/2022, 10:18:28,540
FROV00001,FrozenEngine,1067,02/21/2022, 11:10:44,540
FROV00001,FrozenEngine,1067,02/21/2022, 12:20:47,540
FROV00001,FrozenEngine,1067,02/21/2022, 13:17:36,540
FROV00001,FrozenEngine,1067,02/21/2022, 14:12:35,540
FROV00001,FrozenEngine,1067,02/21/2022, 15:14:13,540
FROV00001,FrozenEngine,1067,02/21/2022, 16:17:00,540
FROV00001,FrozenEngine,1067,02/21/2022, 17:12:44,540
FROV00001,FrozenEngine,1067,02/21/2022, 18:14:34,540
FROV00001,FrozenEngine,1067,02/21/2022, 19:10:13,540
FROV00001,FrozenEngine,1067,02/21/2022, 20:13:39,540
FROV00001,FrozenEngine,1067,02/21/2022, 21:11:27,540
FROV00001,FrozenEngine,1067,02/21/2022, 22:12:19,540
FROV00001,FrozenEngine,1067,02/21/2022, 23:12:53,540
FROV00001,FrozenEngine,1067,02/22/2022, 00:45:29,540
FROV00001,FrozenEngine,1067,02/22/2022, 01:57:23,540
FROV00001,FrozenEngine,1067,02/22/2022, 02:27:59,540
FROV00001,FrozenEngine,1067,02/22/2022, 03:13:51,540
FROV00001,FrozenEngine,1067,02/22/2022, 04:15:33,540
FROV00001,FrozenEngine,1067,02/22/2022, 05:12:01,540
FROV00001,FrozenEngine,1067,02/22/2022, 06:14:59,540
FROV00001,FrozenEngine,1067,02/22/2022, 07:10:40,540
FROV00001,FrozenEngine,1067,02/22/2022, 08:15:20,540
FROV00001,FrozenEngine,1067,02/22/2022, 09:12:44,540
FROV00001,FrozenEngine,1067,02/22/2022, 10:14:29,540
FROV00001,FrozenEngine,1067,02/22/2022, 11:12:21,540
FROV00001,FrozenEngine,1067,02/22/2022, 12:22:03,540
FROV00001,FrozenEngine,1067,02/22/2022, 13:22:11,540
FROV00001,FrozenEngine,1067,02/22/2022, 14:11:37,540
FROV00001,FrozenEngine,1067,02/22/2022, 15:13:52,540
FROV00001,FrozenEngine,1067,02/22/2022, 16:17:41,540
FROV00001,FrozenEngine,1067,02/22/2022, 17:13:54,540
FROV00001,FrozenEngine,1067,02/22/2022, 18:15:14,540
FROV00001,FrozenEngine,1067,02/22/2022, 19:10:13,540
FROV00001,FrozenEngine,1067,02/22/2022, 20:13:07,540
FROV00001,FrozenEngine,1067,02/22/2022, 21:11:38,540
FROV00001,FrozenEngine,1067,02/22/2022, 22:12:10,540
FROV00001,FrozenEngine,1067,02/22/2022, 23:13:26,540
FROV00001,FrozenEngine,1067,02/23/2022, 00:53:20,540
FROV00001,FrozenEngine,1067,02/23/2022, 02:05:33,540
FROV00001,FrozenEngine,1068,02/23/2022, 03:13:12,540
FROV00001,FrozenEngine,1068,02/23/2022, 04:15:28,540
FROV00001,FrozenEngine,1068,02/23/2022, 05:11:49,540
FROV00001,FrozenEngine,1068,02/23/2022, 06:15:26,540
FROV00001,FrozenEngine,1068,02/23/2022, 08:14:32,540
FROV00001,FrozenEngine,1068,02/23/2022, 09:11:39,540
FROV00001,FrozenEngine,1068,02/23/2022, 10:14:04,540
FROV00001,FrozenEngine,1068,02/23/2022, 11:10:30,540
FROV00001,FrozenEngine,1068,02/23/2022, 12:21:10,540
FROV00001,FrozenEngine,1068,02/23/2022, 13:17:34,540
FROV00001,FrozenEngine,1068,02/23/2022, 14:13:10,540
FROV00001,FrozenEngine,1068,02/23/2022, 15:13:32,540
FROV00001,FrozenEngine,1068,02/23/2022, 16:17:14,540
FROV00001,FrozenEngine,1068,02/23/2022, 17:15:29,540
FROV00001,FrozenEngine,1068,02/23/2022, 18:13:13,540
FROV00001,FrozenEngine,1068,02/23/2022, 19:10:20,540
FROV00001,FrozenEngine,1068,02/23/2022, 20:18:16,540
FROV00001,FrozenEngine,1068,02/23/2022, 21:17:30,540
FROV00001,FrozenEngine,1068,02/23/2022, 22:12:45,540
FROV00001,FrozenEngine,1068,02/23/2022, 23:13:17,540
FROV00001,FrozenEngine,1068,02/24/2022, 00:50:02,540
FROV00001,FrozenEngine,1068,02/24/2022, 02:05:39,540
FROV00001,FrozenEngine,1068,02/24/2022, 03:11:41,540
FROV00001,FrozenEngine,1068,02/24/2022, 04:15:39,540
FROV00001,FrozenEngine,1068,02/24/2022, 05:11:54,540
FROV00001,FrozenEngine,1068,02/24/2022, 06:15:10,540
FROV00001,FrozenEngine,1068,02/24/2022, 07:12:08,540
FROV00001,FrozenEngine,1068,02/24/2022, 08:15:05,540
FROV00001,FrozenEngine,1068,02/24/2022, 09:15:51,540
FROV00001,FrozenEngine,1068,02/24/2022, 10:18:25,540
FROV00001,FrozenEngine,1068,02/24/2022, 11:10:43,540
FROV00001,FrozenEngine,1068,02/24/2022, 12:20:51,540
FROV00001,FrozenEngine,1068,02/24/2022, 13:17:36,540
FROV00001,FrozenEngine,1068,02/24/2022, 14:17:57,540
FROV00001,FrozenEngine,1068,02/24/2022, 15:14:10,540
FROV00001,FrozenEngine,1068,02/24/2022, 16:17:28,540
FROV00001,FrozenEngine,1068,02/24/2022, 17:18:48,540
FROV00001,FrozenEngine,1068,02/24/2022, 18:19:09,540
FROV00001,FrozenEngine,1068,02/24/2022, 19:10:49,540
FROV00001,FrozenEngine,1068,02/24/2022, 20:13:18,540
FROV00001,FrozenEngine,1068,02/24/2022, 21:11:37,540
FROV00001,FrozenEngine,1068,02/24/2022, 22:13:00,540
FROV00001,FrozenEngine,1068,02/24/2022, 23:13:25,540
FROV00001,FrozenEngine,1068,02/25/2022, 00:50:12,540
FROV00001,FrozenEngine,1068,02/25/2022, 02:04:06,540
FROV00001,FrozenEngine,1068,02/25/2022, 03:13:23,540
FROV00001,FrozenEngine,1068,02/25/2022, 04:15:47,540
FROV00001,FrozenEngine,1068,02/25/2022, 05:11:53,540
FROV00001,FrozenEngine,1068,02/25/2022, 06:15:16,540
FROV00001,FrozenEngine,1068,02/25/2022, 07:12:05,540
FROV00001,FrozenEngine,1068,02/25/2022, 08:14:56,540
FROV00001,FrozenEngine,1068,02/25/2022, 09:17:10,540
FROV00001,FrozenEngine,1068,02/25/2022, 10:13:51,540
FROV00001,FrozenEngine,1068,02/25/2022, 11:10:30,540
FROV00001,FrozenEngine,1068,02/25/2022, 12:20:06,540
FROV00001,FrozenEngine,1068,02/25/2022, 13:16:31,540
FROV00001,FrozenEngine,1068,02/25/2022, 14:11:43,540
FROV00001,FrozenEngine,1068,02/25/2022, 15:13:10,540
FROV00001,FrozenEngine,1068,02/25/2022, 16:17:07,540
FROV00001,FrozenEngine,1068,02/25/2022, 17:13:26,540
FROV00001,FrozenEngine,1068,02/25/2022, 18:15:19,540
FROV00001,FrozenEngine,1068,02/25/2022, 19:10:56,540
FROV00001,FrozenEngine,1068,02/25/2022, 20:13:08,540
FROV00001,FrozenEngine,1068,02/25/2022, 21:10:56,540
FROV00001,FrozenEngine,1068,02/25/2022, 22:12:50,540
FROV00001,FrozenEngine,1068,02/25/2022, 23:13:03,540
FROV00001,FrozenEngine,1068,02/26/2022, 00:45:12,540
FROV00001,FrozenEngine,1068,02/26/2022, 01:55:30,540
FROV00001,FrozenEngine,1068,02/26/2022, 02:29:52,540
FROV00001,FrozenEngine,1068,02/26/2022, 03:13:03,540
FROV00001,FrozenEngine,1068,02/26/2022, 04:15:28,540
FROV00001,FrozenEngine,1068,02/26/2022, 05:11:24,540
FROV00001,FrozenEngine,1068,02/26/2022, 06:15:04,540
FROV00001,FrozenEngine,1068,02/26/2022, 07:11:40,540
FROV00001,FrozenEngine,1068,02/26/2022, 08:14:24,540
FROV00001,FrozenEngine,1068,02/26/2022, 09:11:45,540
FROV00001,FrozenEngine,1068,02/26/2022, 10:12:52,540
FROV00001,FrozenEngine,1068,02/26/2022, 11:10:37,540
FROV00001,FrozenEngine,1068,02/26/2022, 12:18:48,540
FROV00001,FrozenEngine,1068,02/26/2022, 13:14:31,540
FROV00001,FrozenEngine,1068,02/26/2022, 14:12:07,540
FROV00001,FrozenEngine,1068,02/26/2022, 15:12:26,540
FROV00001,FrozenEngine,1068,02/26/2022, 16:16:13,540
FROV00001,FrozenEngine,1068,02/26/2022, 17:11:28,540
FROV00001,FrozenEngine,1068,02/26/2022, 18:13:56,540
FROV00001,FrozenEngine,1068,02/26/2022, 19:09:58,540
FROV00001,FrozenEngine,1068,02/26/2022, 20:12:35,540
FROV00001,FrozenEngine,1068,02/26/2022, 21:12:14,540
FROV00001,FrozenEngine,1068,02/26/2022, 22:11:37,540
FROV00001,FrozenEngine,1068,02/26/2022, 23:12:37,540
FROV00001,FrozenEngine,1068,02/27/2022, 00:51:08,540
FROV00001,FrozenEngine,1068,02/27/2022, 02:02:57,540
FROV00001,FrozenEngine,1068,02/27/2022, 03:13:08,540
FROV00001,FrozenEngine,1068,02/27/2022, 04:15:36,540
FROV00001,FrozenEngine,1068,02/27/2022, 05:12:03,540
FROV00001,FrozenEngine,1068,02/27/2022, 06:14:39,540
FROV00001,FrozenEngine,1068,02/27/2022, 07:12:07,540
FROV00001,FrozenEngine,1068,02/27/2022, 08:14:09,540
FROV00001,FrozenEngine,1068,02/27/2022, 09:12:13,540
FROV00001,FrozenEngine,1068,02/27/2022, 10:14:08,540
FROV00001,FrozenEngine,1068,02/27/2022, 11:11:12,540
FROV00001,FrozenEngine,1068,02/27/2022, 12:19:04,540
FROV00001,FrozenEngine,1068,02/27/2022, 13:15:02,540
FROV00001,FrozenEngine,1068,02/27/2022, 14:11:55,540
FROV00001,FrozenEngine,1068,02/27/2022, 15:12:38,540
FROV00001,FrozenEngine,1068,02/27/2022, 16:16:14,540
FROV00001,FrozenEngine,1068,02/27/2022, 17:11:58,540
FROV00001,FrozenEngine,1068,02/27/2022, 18:15:34,540
FROV00001,FrozenEngine,1068,02/27/2022, 19:09:56,540
FROV00001,FrozenEngine,1068,02/27/2022, 20:13:09,540
FROV00001,FrozenEngine,1068,02/27/2022, 21:11:37,540
FROV00001,FrozenEngine,1068,02/27/2022, 22:12:03,540
FROV00001,FrozenEngine,1068,02/27/2022, 23:12:28,540
FROV00001,FrozenEngine,1068,02/28/2022, 00:49:54,540
FROV00001,FrozenEngine,1068,02/28/2022, 02:04:00,540
FROV00001,FrozenEngine,1068,02/28/2022, 03:13:47,540
FROV00001,FrozenEngine,1068,02/28/2022, 04:16:06,540
FROV00001,FrozenEngine,1068,02/28/2022, 05:12:01,540
FROV00001,FrozenEngine,1068,02/28/2022, 06:15:54,540
FROV00001,FrozenEngine,1068,02/28/2022, 07:12:38,540
FROV00001,FrozenEngine,1068,02/28/2022, 08:15:32,540
FROV00001,FrozenEngine,1068,02/28/2022, 09:13:19,540
FROV00001,FrozenEngine,1068,02/28/2022, 10:18:07,540
FROV00001,FrozenEngine,1068,02/28/2022, 11:11:32,540
FROV00001,FrozenEngine,1068,02/28/2022, 12:20:36,540
FROV00001,FrozenEngine,1068,02/28/2022, 13:17:49,540
FROV00001,FrozenEngine,1068,02/28/2022, 14:11:53,540
FROV00001,FrozenEngine,1069,02/28/2022, 15:17:29,540
FROV00001,FrozenEngine,1069,02/28/2022, 16:18:12,540
FROV00001,FrozenEngine,1069,02/28/2022, 17:17:49,540
FROV00001,FrozenEngine,1069,02/28/2022, 18:19:05,540
FROV00001,FrozenEngine,1069,02/28/2022, 19:10:31,540
FROV00001,FrozenEngine,1069,02/28/2022, 20:13:49,540
FROV00001,FrozenEngine,1069,02/28/2022, 21:12:31,540
FROV00001,FrozenEngine,1069,02/28/2022, 22:12:36,540
FROV00001,FrozenEngine,1069,02/28/2022, 23:13:27,540
FROV00001,FrozenEngine,1069,03/01/2022, 00:55:39,540
FROV00001,FrozenEngine,1069,03/01/2022, 02:18:31,540
FROV00001,FrozenEngine,1069,03/01/2022, 03:16:27,540
FROV00001,FrozenEngine,1069,03/01/2022, 04:16:08,540
FROV00001,FrozenEngine,1069,03/01/2022, 05:11:53,540
FROV00001,FrozenEngine,1069,03/01/2022, 06:15:44,540
FROV00001,FrozenEngine,1069,03/01/2022, 07:12:16,540
FROV00001,FrozenEngine,1069,03/01/2022, 08:15:52,540
FROV00001,FrozenEngine,1069,03/01/2022, 09:15:55,540
FROV00001,FrozenEngine,1069,03/01/2022, 10:14:52,540
FROV00001,FrozenEngine,1069,03/01/2022, 11:12:49,540
FROV00001,FrozenEngine,1069,03/01/2022, 12:23:20,540
FROV00001,FrozenEngine,1069,03/01/2022, 13:18:56,540
FROV00001,FrozenEngine,1069,03/01/2022, 14:12:33,540
FROV00001,FrozenEngine,1069,03/01/2022, 15:18:26,540
FROV00001,FrozenEngine,1069,03/01/2022, 16:22:11,540
FROV00001,FrozenEngine,1069,03/01/2022, 17:18:26,540
FROV00001,FrozenEngine,1069,03/01/2022, 18:16:47,540
FROV00001,FrozenEngine,1069,03/01/2022, 19:12:36,540
FROV00001,FrozenEngine,1069,03/01/2022, 20:15:51,540
FROV00001,FrozenEngine,1069,03/01/2022, 21:12:13,540
FROV00001,FrozenEngine,1069,03/01/2022, 22:12:34,540
FROV00001,FrozenEngine,1069,03/01/2022, 23:13:01,540
FROV00001,FrozenEngine,1069,03/02/2022, 00:52:26,540
FROV00001,FrozenEngine,1069,03/02/2022, 02:10:34,540
FROV00001,FrozenEngine,1069,03/02/2022, 03:13:28,540
FROV00001,FrozenEngine,1069,03/02/2022, 04:16:09,540
FROV00001,FrozenEngine,1069,03/02/2022, 05:11:51,540
FROV00001,FrozenEngine,1069,03/02/2022, 06:16:11,540
FROV00001,FrozenEngine,1069,03/02/2022, 07:12:20,540
FROV00001,FrozenEngine,1069,03/02/2022, 08:15:50,540
FROV00001,FrozenEngine,1069,03/02/2022, 09:12:56,540
FROV00001,FrozenEngine,1069,03/02/2022, 10:14:13,540
FROV00001,FrozenEngine,1069,03/02/2022, 11:12:44,540
FROV00001,FrozenEngine,1069,03/02/2022, 12:20:50,540
FROV00001,FrozenEngine,1069,03/02/2022, 13:18:16,540
FROV00001,FrozenEngine,1069,03/02/2022, 14:12:40,540
FROV00001,FrozenEngine,1069,03/02/2022, 15:13:15,540
FROV00001,FrozenEngine,1069,03/02/2022, 16:18:10,540
FROV00001,FrozenEngine,1069,03/02/2022, 17:13:41,540
FROV00001,FrozenEngine,1069,03/02/2022, 18:18:54,540
FROV00001,FrozenEngine,1069,03/02/2022, 19:11:04,540
FROV00001,FrozenEngine,1069,03/02/2022, 20:12:20,540
FROV00001,FrozenEngine,1069,03/02/2022, 21:10:19,540
FROV00001,FrozenEngine,1069,03/02/2022, 22:12:47,540
FROV00001,FrozenEngine,1069,03/02/2022, 23:12:42,540
FROV00001,FrozenEngine,1069,03/03/2022, 00:53:16,540
FROV00001,FrozenEngine,1069,03/03/2022, 02:11:59,540
FROV00001,FrozenEngine,1069,03/03/2022, 03:15:10,540
FROV00001,FrozenEngine,1069,03/03/2022, 04:16:07,540
FROV00001,FrozenEngine,1069,03/03/2022, 05:11:59,540
FROV00001,FrozenEngine,1069,03/03/2022, 06:15:45,540
FROV00001,FrozenEngine,1069,03/03/2022, 07:12:29,540
FROV00001,FrozenEngine,1069,03/03/2022, 08:15:02,540
FROV00001,FrozenEngine,1069,03/03/2022, 09:17:15,540
FROV00001,FrozenEngine,1069,03/03/2022, 10:14:15,540
FROV00001,FrozenEngine,1069,03/03/2022, 11:15:21,540
FROV00001,FrozenEngine,1069,03/03/2022, 12:23:50,540
FROV00001,FrozenEngine,1069,03/03/2022, 13:18:08,540
FROV00001,FrozenEngine,1069,03/03/2022, 14:17:30,540
FROV00001,FrozenEngine,1069,03/03/2022, 15:13:35,540
FROV00001,FrozenEngine,1069,03/03/2022, 16:19:07,540
FROV00001,FrozenEngine,1069,03/03/2022, 17:17:55,540
FROV00001,FrozenEngine,1069,03/03/2022, 18:14:58,540
FROV00001,FrozenEngine,1069,03/03/2022, 19:10:53,540
FROV00001,FrozenEngine,1069,03/03/2022, 20:13:15,540
FROV00001,FrozenEngine,1070,03/03/2022, 21:12:03,540
FROV00001,FrozenEngine,1070,03/03/2022, 22:12:55,540
FROV00001,FrozenEngine,1070,03/03/2022, 23:12:47,540
FROV00001,FrozenEngine,1070,03/04/2022, 00:55:52,540
FROV00001,FrozenEngine,1070,03/04/2022, 02:16:47,540
FROV00001,FrozenEngine,1070,03/04/2022, 03:15:49,540
FROV00001,FrozenEngine,1070,03/04/2022, 04:16:03,540
FROV00001,FrozenEngine,1070,03/04/2022, 05:12:44,540
FROV00001,FrozenEngine,1070,03/04/2022, 06:15:44,540
FROV00001,FrozenEngine,1070,03/04/2022, 07:12:17,540
FROV00001,FrozenEngine,1070,03/04/2022, 08:15:22,540
FROV00001,FrozenEngine,1070,03/04/2022, 09:17:07,540
FROV00001,FrozenEngine,1070,03/04/2022, 10:15:11,540
FROV00001,FrozenEngine,1070,03/04/2022, 11:10:42,540
FROV00001,FrozenEngine,1070,03/04/2022, 12:21:09,540
FROV00001,FrozenEngine,1070,03/04/2022, 13:18:20,540
FROV00001,FrozenEngine,1070,03/04/2022, 14:13:22,540
FROV00001,FrozenEngine,1070,03/04/2022, 15:18:11,540
FROV00001,FrozenEngine,1070,03/04/2022, 16:20:22,540
FROV00001,FrozenEngine,1070,03/04/2022, 17:14:05,540
FROV00001,FrozenEngine,1070,03/04/2022, 18:15:11,540
FROV00001,FrozenEngine,1070,03/04/2022, 19:10:21,540
FROV00001,FrozenEngine,1070,03/04/2022, 20:13:38,540
FROV00001,FrozenEngine,1070,03/04/2022, 21:11:45,540
FROV00001,FrozenEngine,1070,03/04/2022, 22:10:16,540
FROV00001,FrozenEngine,1070,03/04/2022, 23:12:38,540
FROV00001,FrozenEngine,1070,03/05/2022, 00:52:27,540
FROV00001,FrozenEngine,1070,03/05/2022, 02:06:08,540
FROV00001,FrozenEngine,1070,03/05/2022, 03:12:49,540
FROV00001,FrozenEngine,1070,03/05/2022, 04:15:32,540
FROV00001,FrozenEngine,1070,03/05/2022, 05:11:41,540
FROV00001,FrozenEngine,1070,03/05/2022, 06:15:12,540
FROV00001,FrozenEngine,1070,03/05/2022, 07:12:29,540
FROV00001,FrozenEngine,1070,03/05/2022, 08:14:31,540
FROV00001,FrozenEngine,1070,03/05/2022, 09:11:49,540
FROV00001,FrozenEngine,1070,03/05/2022, 10:13:16,540
FROV00001,FrozenEngine,1070,03/05/2022, 11:11:33,540
FROV00001,FrozenEngine,1070,03/05/2022, 12:18:59,540
FROV00001,FrozenEngine,1070,03/05/2022, 13:15:16,540
FROV00001,FrozenEngine,1070,03/05/2022, 14:11:57,540
FROV00001,FrozenEngine,1070,03/05/2022, 15:12:23,540
FROV00001,FrozenEngine,1070,03/05/2022, 16:16:12,540
FROV00001,FrozenEngine,1070,03/05/2022, 17:11:47,540
FROV00001,FrozenEngine,1070,03/05/2022, 18:14:11,540
FROV00001,FrozenEngine,1070,03/05/2022, 19:10:47,540
FROV00001,FrozenEngine,1070,03/05/2022, 20:12:35,540
FROV00001,FrozenEngine,1070,03/05/2022, 21:11:05,540
FROV00001,FrozenEngine,1070,03/05/2022, 22:12:17,540
FROV00001,FrozenEngine,1070,03/05/2022, 23:11:56,540
FROV00001,FrozenEngine,1070,03/06/2022, 00:49:54,540
FROV00001,FrozenEngine,1070,03/06/2022, 02:05:31,540
FROV00001,FrozenEngine,1070,03/06/2022, 03:13:05,540
FROV00001,FrozenEngine,1070,03/06/2022, 04:15:44,540
FROV00001,FrozenEngine,1070,03/06/2022, 05:11:45,540
FROV00001,FrozenEngine,1070,03/06/2022, 06:14:52,540
FROV00001,FrozenEngine,1070,03/06/2022, 07:12:04,540
FROV00001,FrozenEngine,1070,03/06/2022, 08:14:39,540
FROV00001,FrozenEngine,1070,03/06/2022, 09:11:47,540
FROV00001,FrozenEngine,1070,03/06/2022, 10:13:00,540
FROV00001,FrozenEngine,1070,03/06/2022, 11:10:27,540
FROV00001,FrozenEngine,1070,03/06/2022, 12:19:30,540
FROV00001,FrozenEngine,1070,03/06/2022, 13:15:24,540
FROV00001,FrozenEngine,1070,03/06/2022, 14:11:13,540
FROV00001,FrozenEngine,1070,03/06/2022, 15:12:40,540
FROV00001,FrozenEngine,1070,03/06/2022, 16:16:24,540
FROV00001,FrozenEngine,1070,03/06/2022, 17:12:12,540
FROV00001,FrozenEngine,1070,03/06/2022, 18:14:15,540
FROV00001,FrozenEngine,1070,03/06/2022, 19:09:53,540
FROV00001,FrozenEngine,1070,03/06/2022, 20:13:38,540
FROV00001,FrozenEngine,1070,03/06/2022, 21:11:16,540
FROV00001,FrozenEngine,1070,03/06/2022, 22:12:31,540
FROV00001,FrozenEngine,1070,03/06/2022, 23:13:15,540
FROV00001,FrozenEngine,1070,03/07/2022, 00:51:04,540
FROV00001,FrozenEngine,1070,03/07/2022, 02:09:36,540
FROV00001,FrozenEngine,1070,03/07/2022, 03:13:20,540
FROV00001,FrozenEngine,1070,03/07/2022, 04:15:58,540
FROV00001,FrozenEngine,1070,03/07/2022, 05:12:24,540
FROV00001,FrozenEngine,1070,03/07/2022, 06:16:14,540
FROV00001,FrozenEngine,1070,03/07/2022, 07:13:15,540
FROV00001,FrozenEngine,1070,03/07/2022, 08:17:53,540
FROV00001,FrozenEngine,1070,03/07/2022, 09:13:49,540
FROV00001,FrozenEngine,1070,03/07/2022, 10:14:44,540
FROV00001,FrozenEngine,1070,03/07/2022, 11:13:04,540
FROV00001,FrozenEngine,1070,03/07/2022, 12:23:21,540
FROV00001,FrozenEngine,1070,03/07/2022, 13:23:29,540
FROV00001,FrozenEngine,1070,03/07/2022, 14:12:16,540
FROV00001,FrozenEngine,1070,03/07/2022, 15:18:13,540
FROV00001,FrozenEngine,1070,03/07/2022, 16:22:16,540
FROV00001,FrozenEngine,1070,03/07/2022, 17:20:10,540
FROV00001,FrozenEngine,1071,03/07/2022, 18:18:12,540
FROV00001,FrozenEngine,1071,03/07/2022, 19:13:01,540
FROV00001,FrozenEngine,1071,03/07/2022, 20:17:40,540
FROV00001,FrozenEngine,1071,03/07/2022, 21:13:13,540
FROV00001,FrozenEngine,1071,03/07/2022, 22:12:41,540
FROV00001,FrozenEngine,1071,03/07/2022, 23:12:43,540
FROV00001,FrozenEngine,1071,03/08/2022, 00:49:32,540
FROV00001,FrozenEngine,1071,03/08/2022, 02:07:37,540
FROV00001,FrozenEngine,1071,03/08/2022, 03:13:15,540
FROV00001,FrozenEngine,1071,03/08/2022, 04:16:33,540
FROV00001,FrozenEngine,1071,03/08/2022, 05:12:12,540
FROV00001,FrozenEngine,1071,03/08/2022, 06:15:40,540
FROV00001,FrozenEngine,1071,03/08/2022, 07:13:15,540
FROV00001,FrozenEngine,1071,03/08/2022, 08:15:59,540
FROV00001,FrozenEngine,1071,03/08/2022, 09:12:38,540
FROV00001,FrozenEngine,1071,03/08/2022, 10:14:02,540
FROV00001,FrozenEngine,1071,03/08/2022, 11:14:11,540
FROV00001,FrozenEngine,1071,03/08/2022, 12:21:05,540
FROV00001,FrozenEngine,1071,03/08/2022, 13:22:50,540
FROV00001,FrozenEngine,1071,03/08/2022, 14:13:32,540
FROV00001,FrozenEngine,1071,03/08/2022, 15:18:15,540
FROV00001,FrozenEngine,1071,03/08/2022, 16:19:04,540
FROV00001,FrozenEngine,1071,03/08/2022, 17:15:00,540
FROV00001,FrozenEngine,1071,03/08/2022, 18:19:09,540
FROV00001,FrozenEngine,1071,03/08/2022, 19:11:03,540
FROV00001,FrozenEngine,1071,03/08/2022, 20:14:02,540
FROV00001,FrozenEngine,1071,03/08/2022, 21:11:32,540
FROV00001,FrozenEngine,1071,03/08/2022, 22:13:17,540
FROV00001,FrozenEngine,1071,03/08/2022, 23:12:42,540
FROV00001,FrozenEngine,1071,03/09/2022, 00:50:59,540
FROV00001,FrozenEngine,1071,03/09/2022, 02:12:38,540
FROV00001,FrozenEngine,1071,03/09/2022, 03:13:40,540
FROV00001,FrozenEngine,1071,03/09/2022, 04:16:14,540
FROV00001,FrozenEngine,1071,03/09/2022, 05:12:43,540
FROV00001,FrozenEngine,1071,03/09/2022, 06:15:56,540
FROV00001,FrozenEngine,1071,03/09/2022, 07:12:30,540
FROV00001,FrozenEngine,1071,03/09/2022, 08:15:33,540
FROV00001,FrozenEngine,1071,03/09/2022, 09:17:16,540
FROV00001,FrozenEngine,1072,03/09/2022, 10:18:15,540
FROV00001,FrozenEngine,1072,03/09/2022, 11:14:49,540
FROV00001,FrozenEngine,1072,03/09/2022, 12:26:18,540
FROV00001,FrozenEngine,1072,03/09/2022, 13:23:07,540
FROV00001,FrozenEngine,1072,03/09/2022, 14:17:16,540
FROV00001,FrozenEngine,1072,03/09/2022, 15:17:56,540
FROV00001,FrozenEngine,1072,03/09/2022, 16:18:42,540
FROV00001,FrozenEngine,1072,03/09/2022, 17:14:44,540
FROV00001,FrozenEngine,1072,03/09/2022, 18:20:09,540
FROV00001,FrozenEngine,1073,03/09/2022, 19:10:59,540
FROV00001,FrozenEngine,1073,03/09/2022, 20:13:30,540
FROV00001,FrozenEngine,1073,03/09/2022, 21:11:52,540
FROV00001,FrozenEngine,1073,03/09/2022, 22:12:49,540
FROV00001,FrozenEngine,1073,03/09/2022, 23:12:55,540
FROV00001,FrozenEngine,1073,03/10/2022, 00:53:30,540
FROV00001,FrozenEngine,1073,03/10/2022, 02:19:02,540
FROV00001,FrozenEngine,1073,03/10/2022, 03:17:29,540
FROV00001,FrozenEngine,1073,03/10/2022, 04:16:30,540
FROV00001,FrozenEngine,1073,03/10/2022, 05:12:01,540
FROV00001,FrozenEngine,1073,03/10/2022, 06:15:45,540
FROV00001,FrozenEngine,1073,03/10/2022, 07:12:36,540
FROV00001,FrozenEngine,1073,03/10/2022, 08:15:39,540
FROV00001,FrozenEngine,1073,03/10/2022, 09:14:45,540
FROV00001,FrozenEngine,1073,03/10/2022, 10:13:58,540
FROV00001,FrozenEngine,1073,03/10/2022, 11:12:45,540
FROV00001,FrozenEngine,1073,03/10/2022, 12:22:55,540
FROV00001,FrozenEngine,1073,03/10/2022, 13:19:43,540
FROV00001,FrozenEngine,1073,03/10/2022, 14:16:18,540
FROV00001,FrozenEngine,1073,03/10/2022, 15:19:23,540
FROV00001,FrozenEngine,1073,03/10/2022, 16:23:01,540
FROV00001,FrozenEngine,1073,03/10/2022, 17:15:34,540
FROV00001,FrozenEngine,1073,03/10/2022, 18:15:14,540
FROV00001,FrozenEngine,1073,03/10/2022, 19:10:24,540
FROV00001,FrozenEngine,1073,03/10/2022, 20:13:49,540
FROV00001,FrozenEngine,1073,03/10/2022, 21:12:02,540
FROV00001,FrozenEngine,1073,03/10/2022, 22:13:18,540
FROV00001,FrozenEngine,1073,03/10/2022, 23:13:26,540
FROV00001,FrozenEngine,1073,03/11/2022, 00:55:46,540
FROV00001,FrozenEngine,1073,03/11/2022, 02:14:10,540
FROV00001,FrozenEngine,1073,03/11/2022, 03:14:43,540
FROV00001,FrozenEngine,1073,03/11/2022, 04:17:08,540
FROV00001,FrozenEngine,1073,03/11/2022, 05:11:54,540
FROV00001,FrozenEngine,1073,03/11/2022, 06:16:20,540
FROV00001,FrozenEngine,1073,03/11/2022, 07:12:39,540
FROV00001,FrozenEngine,1073,03/11/2022, 08:16:01,540
FROV00001,FrozenEngine,1073,03/11/2022, 09:18:07,540
FROV00001,FrozenEngine,1073,03/11/2022, 10:19:14,540
FROV00001,FrozenEngine,1073,03/11/2022, 11:11:44,540
FROV00001,FrozenEngine,1073,03/11/2022, 12:21:03,540
FROV00001,FrozenEngine,1073,03/11/2022, 13:18:32,540
FROV00001,FrozenEngine,1073,03/11/2022, 14:13:09,540
FROV00001,FrozenEngine,1073,03/11/2022, 15:18:09,540
FROV00001,FrozenEngine,1073,03/11/2022, 16:23:29,540
FROV00001,FrozenEngine,1073,03/11/2022, 17:14:38,540
FROV00001,FrozenEngine,1073,03/11/2022, 18:15:16,540
FROV00001,FrozenEngine,1073,03/11/2022, 19:10:07,540
FROV00001,FrozenEngine,1073,03/11/2022, 20:13:32,540
FROV00001,FrozenEngine,1073,03/11/2022, 21:11:12,540
FROV00001,FrozenEngine,1073,03/11/2022, 22:13:27,540
FROV00001,FrozenEngine,1073,03/11/2022, 23:12:37,540
FROV00001,FrozenEngine,1073,03/12/2022, 00:50:00,540
FROV00001,FrozenEngine,1073,03/12/2022, 01:59:57,540
FROV00001,FrozenEngine,1073,03/12/2022, 02:37:01,540
FROV00001,FrozenEngine,1073,03/12/2022, 03:13:33,540
FROV00001,FrozenEngine,1073,03/12/2022, 04:16:46,540
FROV00001,FrozenEngine,1073,03/12/2022, 05:11:26,540
FROV00001,FrozenEngine,1073,03/12/2022, 06:15:44,540
FROV00001,FrozenEngine,1073,03/12/2022, 07:11:57,540
FROV00001,FrozenEngine,1073,03/12/2022, 08:14:52,540
FROV00001,FrozenEngine,1073,03/12/2022, 09:12:43,540
FROV00001,FrozenEngine,1073,03/12/2022, 10:13:42,540
FROV00001,FrozenEngine,1073,03/12/2022, 11:10:45,540
FROV00001,FrozenEngine,1073,03/12/2022, 12:19:31,540
FROV00001,FrozenEngine,1073,03/12/2022, 13:15:56,540
FROV00001,FrozenEngine,1073,03/12/2022, 14:11:07,540
FROV00001,FrozenEngine,1073,03/12/2022, 15:12:35,540
FROV00001,FrozenEngine,1073,03/12/2022, 16:16:40,540
FROV00001,FrozenEngine,1073,03/12/2022, 17:12:21,540
FROV00001,FrozenEngine,1073,03/12/2022, 18:14:35,540
FROV00001,FrozenEngine,1073,03/12/2022, 19:10:40,540
FROV00001,FrozenEngine,1073,03/12/2022, 20:13:51,540
FROV00001,FrozenEngine,1073,03/12/2022, 21:11:32,540
FROV00001,FrozenEngine,1073,03/12/2022, 22:12:38,540
FROV00001,FrozenEngine,1073,03/12/2022, 23:13:01,540
FROV00001,FrozenEngine,1073,03/13/2022, 00:49:24,540
FROV00001,FrozenEngine,1073,03/13/2022, 02:03:01,540
FROV00001,FrozenEngine,1073,03/13/2022, 03:13:33,540
FROV00001,FrozenEngine,1073,03/13/2022, 04:16:39,540
FROV00001,FrozenEngine,1073,03/13/2022, 05:15:47,540
FROV00001,FrozenEngine,1073,03/13/2022, 06:18:33,540
FROV00001,FrozenEngine,1073,03/13/2022, 07:12:13,540
FROV00001,FrozenEngine,1073,03/13/2022, 08:14:51,540
FROV00001,FrozenEngine,1073,03/13/2022, 09:12:23,540
FROV00001,FrozenEngine,1073,03/13/2022, 10:13:19,540
FROV00001,FrozenEngine,1073,03/13/2022, 11:10:29,540
FROV00001,FrozenEngine,1073,03/13/2022, 12:19:43,540
FROV00001,FrozenEngine,1073,03/13/2022, 13:16:19,540
FROV00001,FrozenEngine,1073,03/13/2022, 14:12:29,540
FROV00001,FrozenEngine,1073,03/13/2022, 15:12:34,540
FROV00001,FrozenEngine,1073,03/13/2022, 16:17:32,540
FROV00001,FrozenEngine,1073,03/13/2022, 17:12:56,540
FROV00001,FrozenEngine,1073,03/13/2022, 18:14:39,540
FROV00001,FrozenEngine,1073,03/13/2022, 19:10:09,540
FROV00001,FrozenEngine,1073,03/13/2022, 20:13:20,540
FROV00001,FrozenEngine,1073,03/13/2022, 21:11:10,540
FROV00001,FrozenEngine,1073,03/13/2022, 22:12:09,540
FROV00001,FrozenEngine,1073,03/13/2022, 23:13:39,540
FROV00001,FrozenEngine,1073,03/14/2022, 00:53:28,540
FROV00001,FrozenEngine,1073,03/14/2022, 02:11:19,540
FROV00001,FrozenEngine,1073,03/14/2022, 03:15:11,540
FROV00001,FrozenEngine,1073,03/14/2022, 04:19:32,540
FROV00001,FrozenEngine,1073,03/14/2022, 05:33:39,540
FROV00001,FrozenEngine,1073,03/14/2022, 06:16:27,540
FROV00001,FrozenEngine,1073,03/14/2022, 07:12:48,540
FROV00001,FrozenEngine,1073,03/14/2022, 08:18:52,540
FROV00001,FrozenEngine,1073,03/14/2022, 09:17:33,540
FROV00001,FrozenEngine,1073,03/14/2022, 10:14:25,540
FROV00001,FrozenEngine,1073,03/14/2022, 11:13:22,540
FROV00001,FrozenEngine,1073,03/14/2022, 12:23:09,540
FROV00001,FrozenEngine,1073,03/14/2022, 13:24:10,540
FROV00001,FrozenEngine,1073,03/14/2022, 14:17:30,540
FROV00001,FrozenEngine,1073,03/14/2022, 15:17:58,540
FROV00001,FrozenEngine,1073,03/14/2022, 16:18:56,540
FROV00001,FrozenEngine,1073,03/14/2022, 17:14:08,540
FROV00001,FrozenEngine,1073,03/14/2022, 18:20:07,540
FROV00001,FrozenEngine,1073,03/14/2022, 19:11:57,540
FROV00001,FrozenEngine,1073,03/14/2022, 20:14:24,540
FROV00001,FrozenEngine,1073,03/14/2022, 21:13:44,540
FROV00001,FrozenEngine,1073,03/14/2022, 22:13:10,540
FROV00001,FrozenEngine,1073,03/14/2022, 23:13:48,540
FROV00001,FrozenEngine,1073,03/15/2022, 00:54:10,540
FROV00001,FrozenEngine,1073,03/15/2022, 02:14:34,540
FROV00001,FrozenEngine,1073,03/15/2022, 03:14:38,540
FROV00001,FrozenEngine,1073,03/15/2022, 04:16:53,540
FROV00001,FrozenEngine,1073,03/15/2022, 05:12:36,540
FROV00001,FrozenEngine,1073,03/15/2022, 06:16:00,540
FROV00001,FrozenEngine,1073,03/15/2022, 07:13:19,540
FROV00001,FrozenEngine,1073,03/15/2022, 08:17:49,540
FROV00001,FrozenEngine,1073,03/15/2022, 09:14:55,540
FROV00001,FrozenEngine,1073,03/15/2022, 10:18:21,540
FROV00001,FrozenEngine,1073,03/15/2022, 11:12:17,540
FROV00001,FrozenEngine,1073,03/15/2022, 12:24:12,540
FROV00001,FrozenEngine,1073,03/15/2022, 13:23:45,540
FROV00001,FrozenEngine,1073,03/15/2022, 14:12:50,540
FROV00001,FrozenEngine,1073,03/15/2022, 15:18:12,540
FROV00001,FrozenEngine,1073,03/15/2022, 16:23:14,540
FROV00001,FrozenEngine,1073,03/15/2022, 17:14:41,540
FROV00001,FrozenEngine,1073,03/15/2022, 18:20:15,540
FROV00001,FrozenEngine,1073,03/15/2022, 19:13:00,540
FROV00001,FrozenEngine,1073,03/15/2022, 20:14:27,540
FROV00001,FrozenEngine,1073,03/15/2022, 21:10:04,540
FROV00001,FrozenEngine,1073,03/15/2022, 22:14:02,540
FROV00001,FrozenEngine,1073,03/15/2022, 23:13:28,540
FROV00001,FrozenEngine,1073,03/16/2022, 00:54:03,540
FROV00001,FrozenEngine,1073,03/16/2022, 02:20:59,540
FROV00001,FrozenEngine,1073,03/16/2022, 03:16:38,540
FROV00001,FrozenEngine,1073,03/16/2022, 04:15:46,540
FROV00001,FrozenEngine,1073,03/16/2022, 05:12:26,540
FROV00001,FrozenEngine,1073,03/16/2022, 06:15:44,540
FROV00001,FrozenEngine,1073,03/16/2022, 07:13:25,540
FROV00001,FrozenEngine,1073,03/16/2022, 08:15:59,540
FROV00001,FrozenEngine,1073,03/16/2022, 09:17:14,540
FROV00001,FrozenEngine,1073,03/16/2022, 10:19:15,540
FROV00001,FrozenEngine,1073,03/16/2022, 11:14:20,540
FROV00001,FrozenEngine,1073,03/16/2022, 12:23:33,540
FROV00001,FrozenEngine,1073,03/16/2022, 13:22:48,540
FROV00001,FrozenEngine,1073,03/16/2022, 14:16:28,540
FROV00001,FrozenEngine,1073,03/16/2022, 15:14:00,540
FROV00001,FrozenEngine,1073,03/16/2022, 16:17:19,540
FROV00001,FrozenEngine,1073,03/16/2022, 17:14:41,540
FROV00001,FrozenEngine,1073,03/16/2022, 18:15:40,540
FROV00001,FrozenEngine,1073,03/16/2022, 19:15:21,540
FROV00001,FrozenEngine,1073,03/16/2022, 20:14:06,540
FROV00001,FrozenEngine,1073,03/16/2022, 21:12:26,540
FROV00001,FrozenEngine,1073,03/16/2022, 22:11:44,540
FROV00001,FrozenEngine,1073,03/16/2022, 23:13:05,540
FROV00001,FrozenEngine,1073,03/17/2022, 00:52:42,540
FROV00001,FrozenEngine,1073,03/17/2022, 02:14:56,540
FROV00001,FrozenEngine,1073,03/17/2022, 03:14:17,540
FROV00001,FrozenEngine,1073,03/17/2022, 04:16:24,540
FROV00001,FrozenEngine,1073,03/17/2022, 05:12:20,540
FROV00001,FrozenEngine,1073,03/17/2022, 06:15:44,540
FROV00001,FrozenEngine,1073,03/17/2022, 07:13:04,540
FROV00001,FrozenEngine,1073,03/17/2022, 08:16:51,540
FROV00001,FrozenEngine,1073,03/17/2022, 09:17:09,540
FROV00001,FrozenEngine,1073,03/17/2022, 10:19:08,540
FROV00001,FrozenEngine,1073,03/17/2022, 11:12:43,540
FROV00001,FrozenEngine,1073,03/17/2022, 12:22:26,540
FROV00001,FrozenEngine,1073,03/17/2022, 13:25:12,540
FROV00001,FrozenEngine,1073,03/17/2022, 16:17:56,540
FROV00001,FrozenEngine,1073,03/17/2022, 17:18:15,540
FROV00001,FrozenEngine,1073,03/17/2022, 18:18:26,540
FROV00001,FrozenEngine,1073,03/17/2022, 19:13:59,540
FROV00001,FrozenEngine,1073,03/17/2022, 20:13:55,540
FROV00001,FrozenEngine,1073,03/17/2022, 21:11:36,540
FROV00001,FrozenEngine,1073,03/17/2022, 22:13:14,540
FROV00001,FrozenEngine,1073,03/17/2022, 23:12:51,540
FROV00001,FrozenEngine,1073,03/18/2022, 00:51:44,540
FROV00001,FrozenEngine,1073,03/18/2022, 02:19:05,540
FROV00001,FrozenEngine,1073,03/18/2022, 03:16:18,540
FROV00001,FrozenEngine,1073,03/18/2022, 04:16:20,540
FROV00001,FrozenEngine,1073,03/18/2022, 05:12:21,540
FROV00001,FrozenEngine,1073,03/18/2022, 06:15:59,540
FROV00001,FrozenEngine,1073,03/18/2022, 07:12:55,540
FROV00001,FrozenEngine,1073,03/18/2022, 08:15:32,540
FROV00001,FrozenEngine,1073,03/18/2022, 09:18:12,540
FROV00001,FrozenEngine,1073,03/18/2022, 10:18:13,540
FROV00001,FrozenEngine,1073,03/18/2022, 11:12:21,540
FROV00001,FrozenEngine,1073,03/18/2022, 12:21:42,540
FROV00001,FrozenEngine,1073,03/18/2022, 13:23:23,540
FROV00001,FrozenEngine,1073,03/18/2022, 14:13:38,540
FROV00001,FrozenEngine,1073,03/18/2022, 15:18:11,540
FROV00001,FrozenEngine,1073,03/18/2022, 16:18:36,540
FROV00001,FrozenEngine,1073,03/18/2022, 17:18:32,540
FROV00001,FrozenEngine,1073,03/18/2022, 18:15:30,540
FROV00001,FrozenEngine,1073,03/18/2022, 19:10:33,540
FROV00001,FrozenEngine,1073,03/18/2022, 20:13:40,540
FROV00001,FrozenEngine,1074,03/18/2022, 21:12:25,540
FROV00001,FrozenEngine,1074,03/18/2022, 22:13:11,540
FROV00001,FrozenEngine,1074,03/18/2022, 23:13:19,540
FROV00001,FrozenEngine,1074,03/19/2022, 00:49:09,540
FROV00001,FrozenEngine,1074,03/19/2022, 02:08:36,540
FROV00001,FrozenEngine,1074,03/19/2022, 03:12:55,540
FROV00001,FrozenEngine,1074,03/19/2022, 04:15:46,540
FROV00001,FrozenEngine,1074,03/19/2022, 05:11:40,540
FROV00001,FrozenEngine,1074,03/19/2022, 06:16:16,540
FROV00001,FrozenEngine,1074,03/19/2022, 07:12:07,540
FROV00001,FrozenEngine,1074,03/19/2022, 08:14:49,540
FROV00001,FrozenEngine,1074,03/19/2022, 09:12:32,540
FROV00001,FrozenEngine,1074,03/19/2022, 10:13:41,540
FROV00001,FrozenEngine,1075,03/19/2022, 11:11:12,540
FROV00001,FrozenEngine,1075,03/19/2022, 12:20:39,540
FROV00001,FrozenEngine,1075,03/19/2022, 13:17:02,540
FROV00001,FrozenEngine,1075,03/19/2022, 14:12:53,540
FROV00001,FrozenEngine,1075,03/19/2022, 15:13:14,540
FROV00001,FrozenEngine,1075,03/19/2022, 16:17:09,540
FROV00001,FrozenEngine,1075,03/19/2022, 17:12:32,540
FROV00001,FrozenEngine,1075,03/19/2022, 18:14:36,540
FROV00001,FrozenEngine,1075,03/19/2022, 19:10:16,540
FROV00001,FrozenEngine,1075,03/19/2022, 20:12:55,540
FROV00001,FrozenEngine,1075,03/19/2022, 21:10:53,540
FROV00001,FrozenEngine,1075,03/19/2022, 22:12:10,540
FROV00001,FrozenEngine,1075,03/19/2022, 23:12:52,540
FROV00001,FrozenEngine,1075,03/20/2022, 00:52:16,540
FROV00001,FrozenEngine,1075,03/20/2022, 02:11:52,540
FROV00001,FrozenEngine,1075,03/20/2022, 03:12:58,540
FROV00001,FrozenEngine,1075,03/20/2022, 04:16:27,540
FROV00001,FrozenEngine,1075,03/20/2022, 05:11:48,540
FROV00001,FrozenEngine,1075,03/20/2022, 06:15:31,540
FROV00001,FrozenEngine,1075,03/20/2022, 07:12:03,540
FROV00001,FrozenEngine,1075,03/20/2022, 08:14:44,540
FROV00001,FrozenEngine,1075,03/20/2022, 09:13:12,540
FROV00001,FrozenEngine,1075,03/20/2022, 10:13:39,540
FROV00001,FrozenEngine,1075,03/20/2022, 11:12:11,540
FROV00001,FrozenEngine,1075,03/20/2022, 12:19:41,540
FROV00001,FrozenEngine,1075,03/20/2022, 13:16:42,540
FROV00001,FrozenEngine,1075,03/20/2022, 14:12:44,540
FROV00001,FrozenEngine,1075,03/20/2022, 15:13:52,540
FROV00001,FrozenEngine,1075,03/20/2022, 16:16:29,540
FROV00001,FrozenEngine,1075,03/20/2022, 17:12:27,540
FROV00001,FrozenEngine,1075,03/20/2022, 18:15:20,540
FROV00001,FrozenEngine,1075,03/20/2022, 19:10:19,540
FROV00001,FrozenEngine,1075,03/20/2022, 20:12:57,540
FROV00001,FrozenEngine,1075,03/20/2022, 21:11:14,540
FROV00001,FrozenEngine,1075,03/20/2022, 22:12:46,540
FROV00001,FrozenEngine,1075,03/20/2022, 23:12:29,540
FROV00001,FrozenEngine,1075,03/21/2022, 00:52:51,540
FROV00001,FrozenEngine,1075,03/21/2022, 02:25:39,540
FROV00001,FrozenEngine,1075,03/21/2022, 03:21:10,540
FROV00001,FrozenEngine,1075,03/21/2022, 04:16:24,540
FROV00001,FrozenEngine,1075,03/21/2022, 05:12:21,540
FROV00001,FrozenEngine,1075,03/21/2022, 06:16:40,540
FROV00001,FrozenEngine,1075,03/21/2022, 07:13:26,540
FROV00001,FrozenEngine,1075,03/21/2022, 08:17:28,540
FROV00001,FrozenEngine,1075,03/21/2022, 09:13:33,540
FROV00001,FrozenEngine,1075,03/21/2022, 10:19:21,540
FROV00001,FrozenEngine,1075,03/21/2022, 11:13:12,540
FROV00001,FrozenEngine,1075,03/21/2022, 12:26:25,540
FROV00001,FrozenEngine,1075,03/21/2022, 13:25:19,540
FROV00001,FrozenEngine,1075,03/21/2022, 14:17:23,540
FROV00001,FrozenEngine,1075,03/21/2022, 15:19:24,540
FROV00001,FrozenEngine,1075,03/21/2022, 16:23:24,540
FROV00001,FrozenEngine,1075,03/21/2022, 17:15:47,540
FROV00001,FrozenEngine,1075,03/21/2022, 18:21:23,540
FROV00001,FrozenEngine,1075,03/21/2022, 19:16:16,540
FROV00001,FrozenEngine,1075,03/21/2022, 20:19:39,540
FROV00001,FrozenEngine,1075,03/21/2022, 21:15:26,540
FROV00001,FrozenEngine,1075,03/21/2022, 22:13:20,540
FROV00001,FrozenEngine,1077,03/21/2022, 23:13:28,540
FROV00001,FrozenEngine,1077,03/22/2022, 00:54:33,540
FROV00001,FrozenEngine,1077,03/22/2022, 02:25:31,540
FROV00001,FrozenEngine,1077,03/22/2022, 03:22:34,540
FROV00001,FrozenEngine,1077,03/22/2022, 04:16:08,540
FROV00001,FrozenEngine,1077,03/22/2022, 05:12:11,540
FROV00001,FrozenEngine,1077,03/22/2022, 06:16:00,540
FROV00001,FrozenEngine,1077,03/22/2022, 07:12:40,540
FROV00001,FrozenEngine,1077,03/22/2022, 08:16:52,540
FROV00001,FrozenEngine,1077,03/22/2022, 09:13:08,540
FROV00001,FrozenEngine,1077,03/22/2022, 10:17:39,540
FROV00001,FrozenEngine,1077,03/22/2022, 11:16:12,540
FROV00001,FrozenEngine,1077,03/22/2022, 12:28:25,540
FROV00001,FrozenEngine,1077,03/22/2022, 13:26:37,540
FROV00001,FrozenEngine,1077,03/22/2022, 14:17:19,540
FROV00001,FrozenEngine,1077,03/22/2022, 15:15:00,540
FROV00001,FrozenEngine,1077,03/22/2022, 16:24:44,540
FROV00001,FrozenEngine,1077,03/22/2022, 17:19:19,540
FROV00001,FrozenEngine,1078,03/22/2022, 18:20:16,540
FROV00001,FrozenEngine,1078,03/22/2022, 19:12:08,540
FROV00001,FrozenEngine,1078,03/22/2022, 20:18:14,540
FROV00001,FrozenEngine,1078,03/22/2022, 21:16:23,540
FROV00001,FrozenEngine,1078,03/22/2022, 22:12:47,540
FROV00001,FrozenEngine,1078,03/22/2022, 23:13:39,540
FROV00001,FrozenEngine,1078,03/23/2022, 00:59:29,540
FROV00001,FrozenEngine,1078,03/23/2022, 02:37:33,540
FROV00001,FrozenEngine,1078,03/23/2022, 03:25:46,540
FROV00001,FrozenEngine,1078,03/23/2022, 04:16:05,540
FROV00001,FrozenEngine,1078,03/23/2022, 05:12:15,540
FROV00001,FrozenEngine,1078,03/23/2022, 06:16:44,540
FROV00001,FrozenEngine,1078,03/23/2022, 07:13:03,540
FROV00001,FrozenEngine,1078,03/23/2022, 08:21:17,540
FROV00001,FrozenEngine,1078,03/23/2022, 09:17:37,540
FROV00001,FrozenEngine,1078,03/23/2022, 10:19:24,540
FROV00001,FrozenEngine,1078,03/23/2022, 11:15:06,540
FROV00001,FrozenEngine,1078,03/23/2022, 12:27:51,540
FROV00001,FrozenEngine,1078,03/23/2022, 13:27:36,540
FROV00001,FrozenEngine,1078,03/23/2022, 14:17:31,540
FROV00001,FrozenEngine,1078,03/23/2022, 15:13:59,540
FROV00001,FrozenEngine,1078,03/23/2022, 16:17:35,540
FROV00001,FrozenEngine,1078,03/23/2022, 17:15:48,540
FROV00001,FrozenEngine,1078,03/23/2022, 18:20:23,540
FROV00001,FrozenEngine,1078,03/23/2022, 19:12:49,540
FROV00001,FrozenEngine,1078,03/23/2022, 20:15:24,540
FROV00001,FrozenEngine,1078,03/23/2022, 21:15:49,540
FROV00001,FrozenEngine,1078,03/23/2022, 22:13:14,540
FROV00001,FrozenEngine,1078,03/23/2022, 23:13:09,540
FROV00001,FrozenEngine,1078,03/24/2022, 00:55:04,540
FROV00001,FrozenEngine,1078,03/24/2022, 02:23:27,540
FROV00001,FrozenEngine,1078,03/24/2022, 03:20:06,540
FROV00001,FrozenEngine,1078,03/24/2022, 04:17:10,540
FROV00001,FrozenEngine,1078,03/24/2022, 05:12:17,540
FROV00001,FrozenEngine,1078,03/24/2022, 06:16:33,540
FROV00001,FrozenEngine,1078,03/24/2022, 07:12:51,540
FROV00001,FrozenEngine,1078,03/24/2022, 08:15:55,540
FROV00001,FrozenEngine,1078,03/24/2022, 09:18:26,540
FROV00001,FrozenEngine,1078,03/24/2022, 10:19:21,540
FROV00001,FrozenEngine,1078,03/24/2022, 11:16:34,540
FROV00001,FrozenEngine,1078,03/24/2022, 12:22:50,540
FROV00001,FrozenEngine,1078,03/24/2022, 13:22:38,540
FROV00001,FrozenEngine,1079,03/24/2022, 14:17:21,540
FROV00001,FrozenEngine,1079,03/24/2022, 15:19:17,540
FROV00001,FrozenEngine,1079,03/24/2022, 16:17:48,540
FROV00001,FrozenEngine,1079,03/24/2022, 17:29:24,540
FROV00001,FrozenEngine,1079,03/24/2022, 18:20:08,540
FROV00001,FrozenEngine,1079,03/24/2022, 19:10:42,540
FROV00001,FrozenEngine,1079,03/24/2022, 20:14:29,540
FROV00001,FrozenEngine,1079,03/24/2022, 21:12:36,540
FROV00001,FrozenEngine,1079,03/24/2022, 22:13:43,540
FROV00001,FrozenEngine,1079,03/24/2022, 23:13:23,540
FROV00001,FrozenEngine,1079,03/25/2022, 00:53:08,540
FROV00001,FrozenEngine,1079,03/25/2022, 02:18:58,540
FROV00001,FrozenEngine,1079,03/25/2022, 03:18:01,540
FROV00001,FrozenEngine,1079,03/25/2022, 04:17:13,540
FROV00001,FrozenEngine,1079,03/25/2022, 05:12:45,540
FROV00001,FrozenEngine,1079,03/25/2022, 06:17:14,540
FROV00001,FrozenEngine,1079,03/25/2022, 07:13:09,540
FROV00001,FrozenEngine,1079,03/25/2022, 08:15:51,540
FROV00001,FrozenEngine,1079,03/25/2022, 09:18:09,540
FROV00001,FrozenEngine,1079,03/25/2022, 10:20:12,540
FROV00001,FrozenEngine,1079,03/25/2022, 11:13:49,540
FROV00001,FrozenEngine,1079,03/25/2022, 12:45:54,540
FROV00001,FrozenEngine,1079,03/25/2022, 13:46:46,540
FROV00001,FrozenEngine,1079,03/25/2022, 14:16:15,540
FROV00001,FrozenEngine,1079,03/25/2022, 15:18:17,540
FROV00001,FrozenEngine,1079,03/25/2022, 16:20:13,540
FROV00001,FrozenEngine,1079,03/25/2022, 17:16:01,540
FROV00001,FrozenEngine,1079,03/25/2022, 18:16:17,540
FROV00001,FrozenEngine,1079,03/25/2022, 19:11:11,540
FROV00001,FrozenEngine,1079,03/25/2022, 20:13:38,540
FROV00001,FrozenEngine,1079,03/25/2022, 21:12:23,540
FROV00001,FrozenEngine,1079,03/25/2022, 22:13:27,540
FROV00001,FrozenEngine,1079,03/25/2022, 23:12:57,540
FROV00001,FrozenEngine,1079,03/26/2022, 00:53:13,540
FROV00001,FrozenEngine,1079,03/26/2022, 02:19:22,540
FROV00001,FrozenEngine,1079,03/26/2022, 03:18:24,540
FROV00001,FrozenEngine,1079,03/26/2022, 04:16:03,540
FROV00001,FrozenEngine,1079,03/26/2022, 05:12:00,540
FROV00001,FrozenEngine,1079,03/26/2022, 06:15:21,540
FROV00001,FrozenEngine,1079,03/26/2022, 07:12:55,540
FROV00001,FrozenEngine,1079,03/26/2022, 08:15:13,540
FROV00001,FrozenEngine,1079,03/26/2022, 09:12:20,540
FROV00001,FrozenEngine,1079,03/26/2022, 10:13:33,540
FROV00001,FrozenEngine,1079,03/26/2022, 11:11:21,540
FROV00001,FrozenEngine,1079,03/26/2022, 12:19:56,540
FROV00001,FrozenEngine,1079,03/26/2022, 13:17:24,540
FROV00001,FrozenEngine,1079,03/26/2022, 14:11:29,540
FROV00001,FrozenEngine,1079,03/26/2022, 15:13:19,540
FROV00001,FrozenEngine,1079,03/26/2022, 16:16:38,540
FROV00001,FrozenEngine,1079,03/26/2022, 17:12:42,540
FROV00001,FrozenEngine,1079,03/26/2022, 18:14:49,540
FROV00001,FrozenEngine,1079,03/26/2022, 19:10:27,540
FROV00001,FrozenEngine,1079,03/26/2022, 20:13:35,540
FROV00001,FrozenEngine,1079,03/26/2022, 21:12:40,540
FROV00001,FrozenEngine,1080,03/26/2022, 22:12:13,540
FROV00001,FrozenEngine,1080,03/26/2022, 23:12:28,540
FROV00001,FrozenEngine,1080,03/27/2022, 00:57:30,540
FROV00001,FrozenEngine,1080,03/27/2022, 02:22:26,540
FROV00001,FrozenEngine,1080,03/27/2022, 03:17:36,540
FROV00001,FrozenEngine,1080,03/27/2022, 04:16:28,540
FROV00001,FrozenEngine,1080,03/27/2022, 05:11:58,540
FROV00001,FrozenEngine,1080,03/27/2022, 06:15:35,540
FROV00001,FrozenEngine,1080,03/27/2022, 07:12:19,540
FROV00001,FrozenEngine,1080,03/27/2022, 08:15:07,540
FROV00001,FrozenEngine,1080,03/27/2022, 09:12:15,540
FROV00001,FrozenEngine,1080,03/27/2022, 10:13:49,540
FROV00001,FrozenEngine,1080,03/27/2022, 11:11:13,540
FROV00001,FrozenEngine,1080,03/27/2022, 12:20:18,540
FROV00001,FrozenEngine,1080,03/27/2022, 13:17:53,540
FROV00001,FrozenEngine,1080,03/27/2022, 14:11:27,540
FROV00001,FrozenEngine,1080,03/27/2022, 15:13:00,540
FROV00001,FrozenEngine,1081,03/27/2022, 16:17:15,540
FROV00001,FrozenEngine,1081,03/27/2022, 17:13:05,540
FROV00001,FrozenEngine,1081,03/27/2022, 18:14:43,540
FROV00001,FrozenEngine,1081,03/27/2022, 19:10:27,540
FROV00001,FrozenEngine,1081,03/27/2022, 20:14:10,540
FROV00001,FrozenEngine,1081,03/27/2022, 21:12:30,540
FROV00001,FrozenEngine,1081,03/27/2022, 22:13:12,540
FROV00001,FrozenEngine,1081,03/27/2022, 23:13:39,540
FROV00001,FrozenEngine,1081,03/28/2022, 00:58:36,540
FROV00001,FrozenEngine,1081,03/28/2022, 02:40:22,540
FROV00001,FrozenEngine,1081,03/28/2022, 03:29:07,540
FROV00001,FrozenEngine,1081,03/28/2022, 04:16:17,540
FROV00001,FrozenEngine,1081,03/28/2022, 05:12:33,540
FROV00001,FrozenEngine,1081,03/28/2022, 06:16:57,540
FROV00001,FrozenEngine,1081,03/28/2022, 07:13:23,540
FROV00001,FrozenEngine,1081,03/28/2022, 08:22:29,540
FROV00001,FrozenEngine,1081,03/28/2022, 09:18:08,540
FROV00001,FrozenEngine,1081,03/28/2022, 10:18:14,540
FROV00001,FrozenEngine,1081,03/28/2022, 11:16:16,540
FROV00001,FrozenEngine,1081,03/28/2022, 12:27:15,540
FROV00001,FrozenEngine,1081,03/28/2022, 13:27:22,540
FROV00001,FrozenEngine,1081,03/28/2022, 14:17:18,540
FROV00001,FrozenEngine,1081,03/28/2022, 15:18:07,540
FROV00001,FrozenEngine,1081,03/28/2022, 16:18:10,540
FROV00001,FrozenEngine,1081,03/28/2022, 17:15:33,540
FROV00001,FrozenEngine,1081,03/28/2022, 18:20:20,540
FROV00001,FrozenEngine,1081,03/28/2022, 19:12:53,540
FROV00001,FrozenEngine,1081,03/28/2022, 20:19:23,540
FROV00001,FrozenEngine,1081,03/28/2022, 21:16:15,540
FROV00001,FrozenEngine,1081,03/28/2022, 22:13:42,540
FROV00001,FrozenEngine,1081,03/28/2022, 23:13:10,540
FROV00001,FrozenEngine,1081,03/29/2022, 00:59:36,540
FROV00001,FrozenEngine,1081,03/29/2022, 02:39:14,540
FROV00001,FrozenEngine,1081,03/29/2022, 03:28:36,540
FROV00001,FrozenEngine,1081,03/29/2022, 04:16:16,540
FROV00001,FrozenEngine,1081,03/29/2022, 05:13:28,540
FROV00001,FrozenEngine,1081,03/29/2022, 06:17:01,540
FROV00001,FrozenEngine,1081,03/29/2022, 07:18:17,540
FROV00001,FrozenEngine,1081,03/29/2022, 08:21:27,540
FROV00001,FrozenEngine,1081,03/29/2022, 09:13:14,540
FROV00001,FrozenEngine,1081,03/29/2022, 10:19:20,540
FROV00001,FrozenEngine,1081,03/29/2022, 11:27:32,540
FROV00001,FrozenEngine,1081,03/29/2022, 12:28:34,540
FROV00001,FrozenEngine,1081,03/29/2022, 13:28:13,540
FROV00001,FrozenEngine,1081,03/29/2022, 14:17:20,540
FROV00001,FrozenEngine,1081,03/29/2022, 15:17:51,540
FROV00001,FrozenEngine,1081,03/29/2022, 16:23:03,540
FROV00001,FrozenEngine,1081,03/29/2022, 17:18:10,540
FROV00001,FrozenEngine,1082,03/29/2022, 18:20:22,540
FROV00001,FrozenEngine,1082,03/29/2022, 19:14:09,540
FROV00001,FrozenEngine,1082,03/29/2022, 20:13:50,540
FROV00001,FrozenEngine,1082,03/29/2022, 21:12:29,540
FROV00001,FrozenEngine,1082,03/29/2022, 22:13:14,540
FROV00001,FrozenEngine,1082,03/29/2022, 23:13:41,540
FROV00001,FrozenEngine,1082,03/30/2022, 00:58:49,540
FROV00001,FrozenEngine,1082,03/30/2022, 02:38:41,540
FROV00001,FrozenEngine,1082,03/30/2022, 03:27:48,540
FROV00001,FrozenEngine,1082,03/30/2022, 04:16:13,540
FROV00001,FrozenEngine,1082,03/30/2022, 05:12:33,540
FROV00001,FrozenEngine,1082,03/30/2022, 06:17:03,540
FROV00001,FrozenEngine,1082,03/30/2022, 07:13:56,540
FROV00001,FrozenEngine,1082,03/30/2022, 08:21:14,540
FROV00001,FrozenEngine,1082,03/30/2022, 09:17:24,540
FROV00001,FrozenEngine,1082,03/30/2022, 10:19:17,540
FROV00001,FrozenEngine,1082,03/30/2022, 11:16:22,540
FROV00001,FrozenEngine,1082,03/30/2022, 12:28:03,540
FROV00001,FrozenEngine,1082,03/30/2022, 13:28:23,540
FROV00001,FrozenEngine,1082,03/30/2022, 14:17:31,540
FROV00001,FrozenEngine,1082,03/30/2022, 15:18:05,540
FROV00001,FrozenEngine,1082,03/30/2022, 16:21:16,540
FROV00001,FrozenEngine,1082,03/30/2022, 17:17:12,540
FROV00001,FrozenEngine,1082,03/30/2022, 18:16:24,540
FROV00001,FrozenEngine,1082,03/30/2022, 19:12:02,540
FROV00001,FrozenEngine,1082,03/30/2022, 20:15:22,540
FROV00001,FrozenEngine,1082,03/30/2022, 21:14:50,540
FROV00001,FrozenEngine,1082,03/30/2022, 22:13:17,540
FROV00001,FrozenEngine,1082,03/30/2022, 23:13:27,540
FROV00001,FrozenEngine,1082,03/31/2022, 00:55:46,540
FROV00001,FrozenEngine,1082,03/31/2022, 02:28:48,540
FROV00001,FrozenEngine,1082,03/31/2022, 03:25:52,540
FROV00001,FrozenEngine,1082,03/31/2022, 04:16:45,540
FROV00001,FrozenEngine,1082,03/31/2022, 05:12:20,540
FROV00001,FrozenEngine,1082,03/31/2022, 06:16:34,540
FROV00001,FrozenEngine,1082,03/31/2022, 07:13:32,540
FROV00001,FrozenEngine,1082,03/31/2022, 08:21:18,540
FROV00001,FrozenEngine,1082,03/31/2022, 09:19:21,540
FROV00001,FrozenEngine,1082,03/31/2022, 10:20:25,540
FROV00001,FrozenEngine,1082,03/31/2022, 11:16:21,540
FROV00001,FrozenEngine,1082,03/31/2022, 12:29:18,540
FROV00001,FrozenEngine,1082,03/31/2022, 13:29:19,540
FROV00001,FrozenEngine,1082,03/31/2022, 14:18:15,540
FROV00001,FrozenEngine,1083,03/31/2022, 15:19:13,540
FROV00001,FrozenEngine,1083,03/31/2022, 16:18:02,540
FROV00001,FrozenEngine,1083,03/31/2022, 17:16:37,540
FROV00001,FrozenEngine,1083,03/31/2022, 18:17:19,540
FROV00001,FrozenEngine,1083,03/31/2022, 19:11:16,540
FROV00001,FrozenEngine,1083,03/31/2022, 20:14:20,540
FROV00001,FrozenEngine,1083,03/31/2022, 21:12:34,540
FROV00001,FrozenEngine,1083,03/31/2022, 22:13:07,540
FROV00001,FrozenEngine,1083,03/31/2022, 23:14:29,540
FROV00001,FrozenEngine,1083,04/01/2022, 01:04:28,540
FROV00001,FrozenEngine,1083,04/01/2022, 03:13:00,540
FROV00001,FrozenEngine,1083,04/01/2022, 04:19:01,540
FROV00001,FrozenEngine,1083,04/01/2022, 05:12:26,540
FROV00001,FrozenEngine,1083,04/01/2022, 06:16:59,540
FROV00001,FrozenEngine,1083,04/01/2022, 07:13:33,540
FROV00001,FrozenEngine,1083,04/01/2022, 08:19:46,540
FROV00001,FrozenEngine,1083,04/01/2022, 09:18:12,540
FROV00001,FrozenEngine,1084,04/01/2022, 10:20:23,540
FROV00001,FrozenEngine,1084,04/01/2022, 11:17:16,540
FROV00001,FrozenEngine,1084,04/01/2022, 12:30:09,540
FROV00001,FrozenEngine,1084,04/01/2022, 13:33:56,540
FROV00001,FrozenEngine,1084,04/01/2022, 14:18:26,540
FROV00001,FrozenEngine,1084,04/01/2022, 15:19:14,540
FROV00001,FrozenEngine,1084,04/01/2022, 16:19:20,540
FROV00001,FrozenEngine,1084,04/01/2022, 17:17:21,540
FROV00001,FrozenEngine,1084,04/01/2022, 18:16:42,540
FROV00001,FrozenEngine,1084,04/01/2022, 19:10:59,540
FROV00001,FrozenEngine,1084,04/01/2022, 20:14:23,540
FROV00001,FrozenEngine,1084,04/01/2022, 21:12:04,540
FROV00001,FrozenEngine,1084,04/01/2022, 22:13:04,540
FROV00001,FrozenEngine,1084,04/01/2022, 23:13:46,540
FROV00001,FrozenEngine,1084,04/02/2022, 00:54:07,540
FROV00001,FrozenEngine,1084,04/02/2022, 02:27:06,540
FROV00001,FrozenEngine,1084,04/02/2022, 03:25:10,540
FROV00001,FrozenEngine,1084,04/02/2022, 04:16:25,540
FROV00001,FrozenEngine,1084,04/02/2022, 05:12:00,540
FROV00001,FrozenEngine,1084,04/02/2022, 06:15:49,540
FROV00001,FrozenEngine,1084,04/02/2022, 07:13:01,540
FROV00001,FrozenEngine,1084,04/02/2022, 08:16:05,540
FROV00001,FrozenEngine,1084,04/02/2022, 09:12:34,540
FROV00001,FrozenEngine,1084,04/02/2022, 10:13:46,540
FROV00001,FrozenEngine,1084,04/02/2022, 11:10:58,540
FROV00001,FrozenEngine,1084,04/02/2022, 12:20:39,540
FROV00001,FrozenEngine,1084,04/02/2022, 13:18:46,540
FROV00001,FrozenEngine,1084,04/02/2022, 14:12:21,540
FROV00001,FrozenEngine,1084,04/02/2022, 15:13:02,540
FROV00001,FrozenEngine,1084,04/02/2022, 16:16:52,540
FROV00001,FrozenEngine,1084,04/02/2022, 17:13:32,540
FROV00001,FrozenEngine,1084,04/02/2022, 18:14:38,540
FROV00001,FrozenEngine,1084,04/02/2022, 19:11:11,540
FROV00001,FrozenEngine,1084,04/02/2022, 20:13:16,540
FROV00001,FrozenEngine,1084,04/02/2022, 21:12:04,540
FROV00001,FrozenEngine,1084,04/02/2022, 22:12:48,540
FROV00001,FrozenEngine,1084,04/02/2022, 23:12:43,540
FROV00001,FrozenEngine,1084,04/03/2022, 00:59:44,540
FROV00001,FrozenEngine,1084,04/03/2022, 02:35:53,540
FROV00001,FrozenEngine,1084,04/03/2022, 03:23:49,540
FROV00001,FrozenEngine,1084,04/03/2022, 04:16:27,540
FROV00001,FrozenEngine,1084,04/03/2022, 05:12:17,540
FROV00001,FrozenEngine,1085,04/03/2022, 06:15:47,540
FROV00001,FrozenEngine,1085,04/03/2022, 07:12:32,540
FROV00001,FrozenEngine,1085,04/03/2022, 08:15:23,540
FROV00001,FrozenEngine,1085,04/03/2022, 09:13:06,540
FROV00001,FrozenEngine,1085,04/03/2022, 10:14:16,540
FROV00001,FrozenEngine,1085,04/03/2022, 11:11:20,540
FROV00001,FrozenEngine,1085,04/03/2022, 12:21:22,540
FROV00001,FrozenEngine,1085,04/03/2022, 13:19:12,540
FROV00001,FrozenEngine,1085,04/03/2022, 14:11:34,540
FROV00001,FrozenEngine,1085,04/03/2022, 15:13:20,540
FROV00001,FrozenEngine,1085,04/03/2022, 16:17:02,540
FROV00001,FrozenEngine,1085,04/03/2022, 17:13:37,540
FROV00001,FrozenEngine,1085,04/03/2022, 18:14:47,540
FROV00001,FrozenEngine,1085,04/03/2022, 19:10:59,540
FROV00001,FrozenEngine,1085,04/03/2022, 20:14:14,540
FROV00001,FrozenEngine,1085,04/03/2022, 21:12:09,540
FROV00001,FrozenEngine,1085,04/03/2022, 22:12:56,540
FROV00001,FrozenEngine,1085,04/03/2022, 23:13:04,540
FROV00001,FrozenEngine,1085,04/04/2022, 00:57:55,540
FROV00001,FrozenEngine,1085,04/04/2022, 02:45:02,540
FROV00001,FrozenEngine,1085,04/04/2022, 03:33:58,540
FROV00001,FrozenEngine,1086,04/04/2022, 04:16:20,540
FROV00001,FrozenEngine,1086,04/04/2022, 05:12:45,540
FROV00001,FrozenEngine,1086,04/04/2022, 06:16:57,540
FROV00001,FrozenEngine,1086,04/04/2022, 07:13:42,540
FROV00001,FrozenEngine,1086,04/04/2022, 08:21:15,540
FROV00001,FrozenEngine,1086,04/04/2022, 09:14:03,540
FROV00001,FrozenEngine,1086,04/04/2022, 10:19:34,540
FROV00001,FrozenEngine,1086,04/04/2022, 11:17:35,540
FROV00001,FrozenEngine,1086,04/04/2022, 12:27:17,540
FROV00001,FrozenEngine,1086,04/04/2022, 13:24:05,540
FROV00001,FrozenEngine,1086,04/04/2022, 14:14:15,540
FROV00001,FrozenEngine,1086,04/04/2022, 15:14:40,540
FROV00001,FrozenEngine,1086,04/04/2022, 16:19:13,540
FROV00001,FrozenEngine,1086,04/04/2022, 17:18:08,540
FROV00001,FrozenEngine,1086,04/04/2022, 18:16:51,540
FROV00001,FrozenEngine,1086,04/04/2022, 19:13:06,540
FROV00001,FrozenEngine,1086,04/04/2022, 20:14:53,540
FROV00001,FrozenEngine,1086,04/04/2022, 21:12:06,540
FROV00001,FrozenEngine,1086,04/04/2022, 22:12:52,540
FROV00001,FrozenEngine,1086,04/04/2022, 23:14:26,540
FROV00001,FrozenEngine,1086,04/05/2022, 00:56:01,540
FROV00001,FrozenEngine,1086,04/05/2022, 02:26:46,540
FROV00001,FrozenEngine,1086,04/05/2022, 03:25:56,540
FROV00001,FrozenEngine,1086,04/05/2022, 04:16:17,540
FROV00001,FrozenEngine,1086,04/05/2022, 05:12:46,540
FROV00001,FrozenEngine,1086,04/05/2022, 06:17:02,540
FROV00001,FrozenEngine,1086,04/05/2022, 07:13:42,540
FROV00001,FrozenEngine,1086,04/05/2022, 08:21:21,540
FROV00001,FrozenEngine,1086,04/05/2022, 09:13:12,540
FROV00001,FrozenEngine,1086,04/05/2022, 10:13:51,540
FROV00001,FrozenEngine,1086,04/05/2022, 11:12:44,540
FROV00001,FrozenEngine,1087,04/05/2022, 12:27:27,540
FROV00001,FrozenEngine,1087,04/05/2022, 13:24:07,540
FROV00001,FrozenEngine,1087,04/05/2022, 14:18:04,540
FROV00001,FrozenEngine,1087,04/05/2022, 15:14:59,540
FROV00001,FrozenEngine,1087,04/05/2022, 16:18:38,540
FROV00001,FrozenEngine,1087,04/05/2022, 17:16:55,540
FROV00001,FrozenEngine,1087,04/05/2022, 18:16:03,540
FROV00001,FrozenEngine,1087,04/05/2022, 19:11:14,540
FROV00001,FrozenEngine,1087,04/05/2022, 20:14:40,540
FROV00001,FrozenEngine,1087,04/05/2022, 21:11:12,540
FROV00001,FrozenEngine,1087,04/05/2022, 22:12:17,540
FROV00001,FrozenEngine,1087,04/05/2022, 23:14:06,540
FROV00001,FrozenEngine,1087,04/06/2022, 00:59:26,540
FROV00001,FrozenEngine,1087,04/06/2022, 02:37:22,540
FROV00001,FrozenEngine,1087,04/06/2022, 03:27:05,540
FROV00001,FrozenEngine,1087,04/06/2022, 04:16:12,540
FROV00001,FrozenEngine,1087,04/06/2022, 05:12:37,540
FROV00001,FrozenEngine,1087,04/06/2022, 06:15:30,540
FROV00001,FrozenEngine,1087,04/06/2022, 07:13:34,540
FROV00001,FrozenEngine,1087,04/06/2022, 08:21:22,540
FROV00001,FrozenEngine,1087,04/06/2022, 09:18:32,540
FROV00001,FrozenEngine,1087,04/06/2022, 10:19:06,540
FROV00001,FrozenEngine,1087,04/06/2022, 11:16:15,540
FROV00001,FrozenEngine,1087,04/06/2022, 12:29:16,540
FROV00001,FrozenEngine,1087,04/06/2022, 13:28:19,540
FROV00001,FrozenEngine,1087,04/06/2022, 14:17:43,540
FROV00001,FrozenEngine,1087,04/06/2022, 15:18:22,540
FROV00001,FrozenEngine,1087,04/06/2022, 16:19:32,540
FROV00001,FrozenEngine,1087,04/06/2022, 17:15:02,540
FROV00001,FrozenEngine,1087,04/06/2022, 18:16:14,540
FROV00001,FrozenEngine,1087,04/06/2022, 19:09:24,540
FROV00001,FrozenEngine,1087,04/06/2022, 20:14:12,540
FROV00001,FrozenEngine,1087,04/06/2022, 21:12:39,540
FROV00001,FrozenEngine,1087,04/06/2022, 22:13:42,540
FROV00001,FrozenEngine,1087,04/06/2022, 23:13:41,540
FROV00001,FrozenEngine,1087,04/07/2022, 00:57:33,540
FROV00001,FrozenEngine,1087,04/07/2022, 02:27:58,540
FROV00001,FrozenEngine,1087,04/07/2022, 03:25:38,540
FROV00001,FrozenEngine,1087,04/07/2022, 04:16:39,540
FROV00001,FrozenEngine,1087,04/07/2022, 05:12:39,540
FROV00001,FrozenEngine,1087,04/07/2022, 06:16:24,540
FROV00001,FrozenEngine,1087,04/07/2022, 07:13:32,540
FROV00001,FrozenEngine,1087,04/07/2022, 08:17:55,540
FROV00001,FrozenEngine,1087,04/07/2022, 09:18:21,540
FROV00001,FrozenEngine,1087,04/07/2022, 10:18:17,540
FROV00001,FrozenEngine,1087,04/07/2022, 11:12:19,540
FROV00001,FrozenEngine,1087,04/07/2022, 12:23:55,540
FROV00001,FrozenEngine,1087,04/07/2022, 13:28:38,540
FROV00001,FrozenEngine,1087,04/07/2022, 14:14:56,540
FROV00001,FrozenEngine,1087,04/07/2022, 15:13:09,540
FROV00001,FrozenEngine,1087,04/07/2022, 16:18:12,540
FROV00001,FrozenEngine,1087,04/07/2022, 17:17:19,540
FROV00001,FrozenEngine,1087,04/07/2022, 18:15:42,540
FROV00001,FrozenEngine,1087,04/07/2022, 19:11:16,540
FROV00001,FrozenEngine,1087,04/07/2022, 20:14:23,540
FROV00001,FrozenEngine,1087,04/07/2022, 21:12:23,540
FROV00001,FrozenEngine,1087,04/07/2022, 22:13:22,540
FROV00001,FrozenEngine,1087,04/07/2022, 23:13:34,540
FROV00001,FrozenEngine,1087,04/08/2022, 00:57:46,540
FROV00001,FrozenEngine,1087,04/08/2022, 02:42:31,540
FROV00001,FrozenEngine,1087,04/08/2022, 03:32:40,540
FROV00001,FrozenEngine,1087,04/08/2022, 04:16:19,540
FROV00001,FrozenEngine,1087,04/08/2022, 05:12:23,540
FROV00001,FrozenEngine,1087,04/08/2022, 06:16:44,540
FROV00001,FrozenEngine,1087,04/08/2022, 07:13:56,540
FROV00001,FrozenEngine,1087,04/08/2022, 08:21:15,540
FROV00001,FrozenEngine,1087,04/08/2022, 09:18:03,540
FROV00001,FrozenEngine,1087,04/08/2022, 10:18:22,540
FROV00001,FrozenEngine,1087,04/08/2022, 11:12:35,540
FROV00001,FrozenEngine,1087,04/08/2022, 12:24:09,540
FROV00001,FrozenEngine,1087,04/08/2022, 13:32:17,540
FROV00001,FrozenEngine,1087,04/08/2022, 14:17:43,540
FROV00001,FrozenEngine,1087,04/08/2022, 15:19:17,540
FROV00001,FrozenEngine,1087,04/08/2022, 16:23:21,540
FROV00001,FrozenEngine,1087,04/08/2022, 17:19:44,540
FROV00001,FrozenEngine,1087,04/08/2022, 18:20:00,540
FROV00001,FrozenEngine,1087,04/08/2022, 19:11:55,540
FROV00001,FrozenEngine,1087,04/08/2022, 20:14:22,540
FROV00001,FrozenEngine,1087,04/08/2022, 21:17:31,540
FROV00001,FrozenEngine,1087,04/08/2022, 22:13:40,540
FROV00001,FrozenEngine,1087,04/08/2022, 23:13:17,540
FROV00001,FrozenEngine,1087,04/09/2022, 00:56:30,540
FROV00001,FrozenEngine,1087,04/09/2022, 02:22:49,540
FROV00001,FrozenEngine,1087,04/09/2022, 03:21:47,540
FROV00001,FrozenEngine,1087,04/09/2022, 04:16:24,540
FROV00001,FrozenEngine,1087,04/09/2022, 05:11:56,540
FROV00001,FrozenEngine,1087,04/09/2022, 06:16:09,540
FROV00001,FrozenEngine,1087,04/09/2022, 07:12:52,540
FROV00001,FrozenEngine,1087,04/09/2022, 08:15:25,540
FROV00001,FrozenEngine,1087,04/09/2022, 09:12:39,540
FROV00001,FrozenEngine,1087,04/09/2022, 10:13:47,540
FROV00001,FrozenEngine,1087,04/09/2022, 11:11:20,540
FROV00001,FrozenEngine,1087,04/09/2022, 12:20:41,540
FROV00001,FrozenEngine,1087,04/09/2022, 13:19:27,540
FROV00001,FrozenEngine,1087,04/09/2022, 14:12:10,540
FROV00001,FrozenEngine,1087,04/09/2022, 15:13:30,540
FROV00001,FrozenEngine,1087,04/09/2022, 16:17:07,540
FROV00001,FrozenEngine,1087,04/09/2022, 17:13:57,540
FROV00001,FrozenEngine,1087,04/09/2022, 18:15:01,540
FROV00001,FrozenEngine,1087,04/09/2022, 19:10:39,540
FROV00001,FrozenEngine,1087,04/09/2022, 20:14:05,540
FROV00001,FrozenEngine,1087,04/09/2022, 21:11:29,540
FROV00001,FrozenEngine,1087,04/09/2022, 22:13:30,540
FROV00001,FrozenEngine,1087,04/09/2022, 23:12:53,540
FROV00001,FrozenEngine,1087,04/10/2022, 00:59:39,540
FROV00001,FrozenEngine,1087,04/10/2022, 02:37:59,540
FROV00001,FrozenEngine,1087,04/10/2022, 03:26:51,540
FROV00001,FrozenEngine,1087,04/10/2022, 04:16:04,540
FROV00001,FrozenEngine,1087,04/10/2022, 05:12:12,540
FROV00001,FrozenEngine,1087,04/10/2022, 06:16:07,540
FROV00001,FrozenEngine,1087,04/10/2022, 07:12:53,540
FROV00001,FrozenEngine,1087,04/10/2022, 08:15:27,540
FROV00001,FrozenEngine,1087,04/10/2022, 09:12:52,540
FROV00001,FrozenEngine,1087,04/10/2022, 10:13:58,540
FROV00001,FrozenEngine,1087,04/10/2022, 11:11:51,540
FROV00001,FrozenEngine,1087,04/10/2022, 12:20:52,540
FROV00001,FrozenEngine,1087,04/10/2022, 13:19:44,540
FROV00001,FrozenEngine,1087,04/10/2022, 14:11:43,540
FROV00001,FrozenEngine,1087,04/10/2022, 15:13:29,540
FROV00001,FrozenEngine,1087,04/10/2022, 16:17:09,540
FROV00001,FrozenEngine,1087,04/10/2022, 17:14:08,540
FROV00001,FrozenEngine,1087,04/10/2022, 18:15:40,540
FROV00001,FrozenEngine,1087,04/10/2022, 19:10:51,540
FROV00001,FrozenEngine,1087,04/10/2022, 20:13:17,540
FROV00001,FrozenEngine,1087,04/10/2022, 21:11:27,540
FROV00001,FrozenEngine,1087,04/10/2022, 22:13:33,540
FROV00001,FrozenEngine,1087,04/10/2022, 23:12:56,540
FROV00001,FrozenEngine,1087,04/11/2022, 00:58:12,540
FROV00001,FrozenEngine,1087,04/11/2022, 02:49:11,540
FROV00001,FrozenEngine,1087,04/11/2022, 03:40:27,540
FROV00001,FrozenEngine,1087,04/11/2022, 04:17:46,540
FROV00001,FrozenEngine,1087,04/11/2022, 05:12:35,540
FROV00001,FrozenEngine,1087,04/11/2022, 06:17:22,540
FROV00001,FrozenEngine,1087,04/11/2022, 07:18:07,540
FROV00001,FrozenEngine,1087,04/11/2022, 08:21:31,540
FROV00001,FrozenEngine,1087,04/11/2022, 09:13:55,540
FROV00001,FrozenEngine,1087,04/11/2022, 10:18:38,540
FROV00001,FrozenEngine,1087,04/11/2022, 11:16:25,540
FROV00001,FrozenEngine,1087,04/11/2022, 12:28:31,540
FROV00001,FrozenEngine,1087,04/11/2022, 13:25:40,540
FROV00001,FrozenEngine,1087,04/11/2022, 14:17:37,540
FROV00001,FrozenEngine,1087,04/11/2022, 15:19:32,540
FROV00001,FrozenEngine,1087,04/11/2022, 16:19:18,540
FROV00001,FrozenEngine,1087,04/11/2022, 17:18:46,540
FROV00001,FrozenEngine,1087,04/11/2022, 18:17:13,540
FROV00001,FrozenEngine,1087,04/11/2022, 19:11:19,540
FROV00001,FrozenEngine,1087,04/11/2022, 20:15:45,540
FROV00001,FrozenEngine,1087,04/11/2022, 21:12:26,540
FROV00001,FrozenEngine,1087,04/11/2022, 22:13:23,540
FROV00001,FrozenEngine,1087,04/11/2022, 23:14:30,540
FROV00001,FrozenEngine,1087,04/12/2022, 00:57:10,540
FROV00001,FrozenEngine,1087,04/12/2022, 02:40:22,540
FROV00001,FrozenEngine,1087,04/12/2022, 03:31:42,540
FROV00001,FrozenEngine,1087,04/12/2022, 04:16:12,540
FROV00001,FrozenEngine,1087,04/12/2022, 05:12:31,540
FROV00001,FrozenEngine,1087,04/12/2022, 06:16:47,540
FROV00001,FrozenEngine,1087,04/12/2022, 07:13:43,540
FROV00001,FrozenEngine,1087,04/12/2022, 08:21:56,540
FROV00001,FrozenEngine,1087,04/12/2022, 09:13:34,540
FROV00001,FrozenEngine,1087,04/12/2022, 10:20:18,540
FROV00001,FrozenEngine,1087,04/12/2022, 11:16:16,540
FROV00001,FrozenEngine,1087,04/12/2022, 12:27:14,540
FROV00001,FrozenEngine,1087,04/12/2022, 13:28:20,540
FROV00001,FrozenEngine,1087,04/12/2022, 14:12:56,540
FROV00001,FrozenEngine,1087,04/12/2022, 15:14:57,540
FROV00001,FrozenEngine,1087,04/12/2022, 16:22:14,540
FROV00001,FrozenEngine,1087,04/12/2022, 17:16:43,540
FROV00001,FrozenEngine,1087,04/12/2022, 18:16:09,540
FROV00001,FrozenEngine,1087,04/12/2022, 19:11:27,540
FROV00001,FrozenEngine,1087,04/12/2022, 20:14:10,540
FROV00001,FrozenEngine,1087,04/12/2022, 21:12:03,540
FROV00001,FrozenEngine,1087,04/12/2022, 22:13:00,540
FROV00001,FrozenEngine,1087,04/12/2022, 23:13:35,540
FROV00001,FrozenEngine,1087,04/13/2022, 01:03:22,540
FROV00001,FrozenEngine,1087,04/13/2022, 03:00:46,540
FROV00001,FrozenEngine,1087,04/13/2022, 03:39:49,540
FROV00001,FrozenEngine,1087,04/13/2022, 04:17:30,540
FROV00001,FrozenEngine,1087,04/13/2022, 05:12:48,540
FROV00001,FrozenEngine,1087,04/13/2022, 06:17:12,540
FROV00001,FrozenEngine,1087,04/13/2022, 07:14:02,540
FROV00001,FrozenEngine,1087,04/13/2022, 08:17:38,540
FROV00001,FrozenEngine,1087,04/13/2022, 09:13:33,540
FROV00001,FrozenEngine,1087,04/13/2022, 10:19:22,540
FROV00001,FrozenEngine,1087,04/13/2022, 11:14:04,540
FROV00001,FrozenEngine,1087,04/13/2022, 12:24:56,540
FROV00001,FrozenEngine,1087,04/13/2022, 13:28:06,540
FROV00001,FrozenEngine,1087,04/13/2022, 14:20:06,540
FROV00001,FrozenEngine,1087,04/13/2022, 15:18:38,540
FROV00001,FrozenEngine,1087,04/13/2022, 16:18:51,540
FROV00001,FrozenEngine,1087,04/13/2022, 17:22:18,540
FROV00001,FrozenEngine,1087,04/13/2022, 18:15:36,540
FROV00001,FrozenEngine,1087,04/13/2022, 19:12:31,540
FROV00001,FrozenEngine,1087,04/13/2022, 20:17:52,540
FROV00001,FrozenEngine,1087,04/13/2022, 21:12:30,540
FROV00001,FrozenEngine,1087,04/13/2022, 22:13:04,540
FROV00001,FrozenEngine,1087,04/13/2022, 23:13:00,540
FROV00001,FrozenEngine,1087,04/14/2022, 01:05:26,540
FROV00001,FrozenEngine,1087,04/14/2022, 03:02:22,540
FROV00001,FrozenEngine,1087,04/14/2022, 04:16:12,540
FROV00001,FrozenEngine,1087,04/14/2022, 05:12:56,540
FROV00001,FrozenEngine,1087,04/14/2022, 06:17:17,540
FROV00001,FrozenEngine,1087,04/14/2022, 07:13:54,540
FROV00001,FrozenEngine,1087,04/14/2022, 08:21:45,540
FROV00001,FrozenEngine,1087,04/14/2022, 09:18:12,540
FROV00001,FrozenEngine,1087,04/14/2022, 10:14:53,540
FROV00001,FrozenEngine,1087,04/14/2022, 11:16:18,540
FROV00001,FrozenEngine,1087,04/14/2022, 12:28:46,540
FROV00001,FrozenEngine,1087,04/14/2022, 13:27:47,540
FROV00001,FrozenEngine,1087,04/14/2022, 14:17:17,540
FROV00001,FrozenEngine,1087,04/14/2022, 15:18:31,540
FROV00001,FrozenEngine,1087,04/14/2022, 16:19:39,540
FROV00001,FrozenEngine,1087,04/14/2022, 17:18:17,540
FROV00001,FrozenEngine,1087,04/14/2022, 18:16:15,540
FROV00001,FrozenEngine,1087,04/14/2022, 19:12:42,540
FROV00001,FrozenEngine,1087,04/14/2022, 20:14:57,540
FROV00001,FrozenEngine,1088,04/14/2022, 21:12:20,540
FROV00001,FrozenEngine,1088,04/14/2022, 22:14:59,540
FROV00001,FrozenEngine,1088,04/14/2022, 23:13:34,540
FROV00001,FrozenEngine,1088,04/15/2022, 01:00:15,540
FROV00001,FrozenEngine,1088,04/15/2022, 03:06:29,540
FROV00001,FrozenEngine,1088,04/15/2022, 04:32:05,540
FROV00001,FrozenEngine,1088,04/15/2022, 05:18:59,540
FROV00001,FrozenEngine,1088,04/15/2022, 06:16:50,540
FROV00001,FrozenEngine,1088,04/15/2022, 07:13:37,540
FROV00001,FrozenEngine,1088,04/15/2022, 08:17:05,540
FROV00001,FrozenEngine,1088,04/15/2022, 09:13:21,540
FROV00001,FrozenEngine,1088,04/15/2022, 10:14:49,540
FROV00001,FrozenEngine,1088,04/15/2022, 11:11:39,540
FROV00001,FrozenEngine,1088,04/15/2022, 12:21:54,540
FROV00001,FrozenEngine,1088,04/15/2022, 13:22:49,540
FROV00001,FrozenEngine,1088,04/15/2022, 14:12:45,540
FROV00001,FrozenEngine,1088,04/15/2022, 15:14:01,540
FROV00001,FrozenEngine,1088,04/15/2022, 16:18:18,540
FROV00001,FrozenEngine,1088,04/15/2022, 17:18:00,540
FROV00001,FrozenEngine,1088,04/15/2022, 18:16:10,540
FROV00001,FrozenEngine,1088,04/15/2022, 19:12:11,540
FROV00001,FrozenEngine,1088,04/15/2022, 20:14:22,540
FROV00001,FrozenEngine,1088,04/15/2022, 21:12:12,540
FROV00001,FrozenEngine,1089,04/15/2022, 22:13:16,540
FROV00001,FrozenEngine,1090,04/15/2022, 23:14:03,540
FROV00001,FrozenEngine,1090,04/16/2022, 00:58:03,540
FROV00001,FrozenEngine,1090,04/16/2022, 02:26:02,540
FROV00001,FrozenEngine,1090,04/16/2022, 03:24:18,540
FROV00001,FrozenEngine,1090,04/16/2022, 04:16:43,540
FROV00001,FrozenEngine,1090,04/16/2022, 05:12:08,540
FROV00001,FrozenEngine,1090,04/16/2022, 06:16:03,540
FROV00001,FrozenEngine,1090,04/16/2022, 07:12:55,540
FROV00001,FrozenEngine,1090,04/16/2022, 08:16:06,540
FROV00001,FrozenEngine,1090,04/16/2022, 09:12:46,540
FROV00001,FrozenEngine,1090,04/16/2022, 10:15:11,540
FROV00001,FrozenEngine,1092,04/16/2022, 11:11:45,540
FROV00001,FrozenEngine,1092,04/16/2022, 12:21:25,540
FROV00001,FrozenEngine,1092,04/16/2022, 13:20:46,540
FROV00001,FrozenEngine,1092,04/16/2022, 14:12:13,540
FROV00001,FrozenEngine,1092,04/16/2022, 15:13:18,540
FROV00001,FrozenEngine,1092,04/16/2022, 16:17:34,540
FROV00001,FrozenEngine,1093,04/16/2022, 17:14:33,540
FROV00001,FrozenEngine,1093,04/16/2022, 18:15:39,540
FROV00001,FrozenEngine,1093,04/16/2022, 19:10:55,540
FROV00001,FrozenEngine,1093,04/16/2022, 20:13:20,540
FROV00001,FrozenEngine,1093,04/16/2022, 21:11:39,540
FROV00001,FrozenEngine,1093,04/16/2022, 22:12:36,540
FROV00001,FrozenEngine,1093,04/16/2022, 23:13:07,540
FROV00001,FrozenEngine,1093,04/17/2022, 01:01:08,540
FROV00001,FrozenEngine,1093,04/17/2022, 02:52:44,540
FROV00001,FrozenEngine,1093,04/17/2022, 03:27:09,540
FROV00001,FrozenEngine,1093,04/17/2022, 04:16:18,540
FROV00001,FrozenEngine,1093,04/17/2022, 05:12:13,540
FROV00001,FrozenEngine,1093,04/17/2022, 06:16:10,540
FROV00001,FrozenEngine,1093,04/17/2022, 07:13:10,540
FROV00001,FrozenEngine,1093,04/17/2022, 08:16:16,540
FROV00001,FrozenEngine,1093,04/17/2022, 09:13:16,540
FROV00001,FrozenEngine,1093,04/17/2022, 10:14:01,540
FROV00001,FrozenEngine,1093,04/17/2022, 11:11:24,540
FROV00001,FrozenEngine,1093,04/17/2022, 12:21:15,540
FROV00001,FrozenEngine,1093,04/17/2022, 13:20:38,540
FROV00001,FrozenEngine,1093,04/17/2022, 14:12:17,540
FROV00001,FrozenEngine,1093,04/17/2022, 15:13:25,540
FROV00001,FrozenEngine,1093,04/17/2022, 16:17:24,540
FROV00001,FrozenEngine,1093,04/17/2022, 17:14:31,540
FROV00001,FrozenEngine,1093,04/17/2022, 18:15:34,540
FROV00001,FrozenEngine,1093,04/17/2022, 19:11:08,540
FROV00001,FrozenEngine,1093,04/17/2022, 20:13:36,540
FROV00001,FrozenEngine,1093,04/17/2022, 21:11:39,540
FROV00001,FrozenEngine,1093,04/17/2022, 22:13:01,540
FROV00001,FrozenEngine,1093,04/17/2022, 23:13:53,540
FROV00001,FrozenEngine,1093,04/18/2022, 01:06:43,540
FROV00001,FrozenEngine,1093,04/18/2022, 03:11:43,540
FROV00001,FrozenEngine,1093,04/18/2022, 04:20:36,540
FROV00001,FrozenEngine,1093,04/18/2022, 05:13:57,540
FROV00001,FrozenEngine,1093,04/18/2022, 06:17:30,540
FROV00001,FrozenEngine,1093,04/18/2022, 07:13:47,540
FROV00001,FrozenEngine,1093,04/18/2022, 08:17:15,540
FROV00001,FrozenEngine,1093,04/18/2022, 09:13:46,540
FROV00001,FrozenEngine,1093,04/18/2022, 10:15:46,540
FROV00001,FrozenEngine,1093,04/18/2022, 11:11:53,540
FROV00001,FrozenEngine,1093,04/18/2022, 12:23:47,540
FROV00001,FrozenEngine,1093,04/18/2022, 13:25:55,540
FROV00001,FrozenEngine,1093,04/18/2022, 14:12:53,540
FROV00001,FrozenEngine,1093,04/18/2022, 15:13:34,540
FROV00001,FrozenEngine,1093,04/18/2022, 16:19:38,540
FROV00001,FrozenEngine,1093,04/18/2022, 17:19:43,540
FROV00001,FrozenEngine,1093,04/18/2022, 18:17:40,540
FROV00001,FrozenEngine,1093,04/18/2022, 19:11:05,540
FROV00001,FrozenEngine,1093,04/18/2022, 20:14:40,540
FROV00001,FrozenEngine,1093,04/18/2022, 21:12:14,540
FROV00001,FrozenEngine,1093,04/18/2022, 22:14:25,540
FROV00001,FrozenEngine,1093,04/18/2022, 23:11:13,540
FROV00001,FrozenEngine,1093,04/19/2022, 01:10:09,540
FROV00001,FrozenEngine,1093,04/19/2022, 03:20:48,540
FROV00001,FrozenEngine,1093,04/19/2022, 04:29:35,540
FROV00001,FrozenEngine,1093,04/19/2022, 05:20:57,540
FROV00001,FrozenEngine,1093,04/19/2022, 06:17:30,540
FROV00001,FrozenEngine,1093,04/19/2022, 07:13:37,540
FROV00001,FrozenEngine,1093,04/19/2022, 08:22:18,540
FROV00001,FrozenEngine,1093,04/19/2022, 09:13:48,540
FROV00001,FrozenEngine,1093,04/19/2022, 10:19:28,540
FROV00001,FrozenEngine,1093,04/19/2022, 11:12:42,540
FROV00001,FrozenEngine,1093,04/19/2022, 12:32:12,540
FROV00001,FrozenEngine,1093,04/19/2022, 13:33:13,540
FROV00001,FrozenEngine,1093,04/19/2022, 14:13:15,540
FROV00001,FrozenEngine,1093,04/19/2022, 15:14:35,540
FROV00001,FrozenEngine,1093,04/19/2022, 16:19:29,540
FROV00001,FrozenEngine,1093,04/19/2022, 17:22:54,540
FROV00001,FrozenEngine,1093,04/19/2022, 18:17:40,540
FROV00001,FrozenEngine,1093,04/19/2022, 19:11:37,540
FROV00001,FrozenEngine,1093,04/19/2022, 20:15:36,540
FROV00001,FrozenEngine,1093,04/19/2022, 21:12:27,540
FROV00001,FrozenEngine,1093,04/19/2022, 22:14:45,540
FROV00001,FrozenEngine,1093,04/19/2022, 23:12:13,540
FROV00001,FrozenEngine,1093,04/20/2022, 01:16:14,540
FROV00001,FrozenEngine,1093,04/20/2022, 03:37:16,540
FROV00001,FrozenEngine,1093,04/20/2022, 04:41:53,540
FROV00001,FrozenEngine,1093,04/20/2022, 05:31:47,540
FROV00001,FrozenEngine,1093,04/20/2022, 06:17:38,540
FROV00001,FrozenEngine,1093,04/20/2022, 07:13:52,540
FROV00001,FrozenEngine,1093,04/20/2022, 08:24:25,540
FROV00001,FrozenEngine,1093,04/20/2022, 09:18:18,540
FROV00001,FrozenEngine,1093,04/20/2022, 10:19:13,540
FROV00001,FrozenEngine,1093,04/20/2022, 11:16:25,540
FROV00001,FrozenEngine,1093,04/20/2022, 12:28:08,540
FROV00001,FrozenEngine,1093,04/20/2022, 13:32:22,540
FROV00001,FrozenEngine,1093,04/20/2022, 14:13:19,540
FROV00001,FrozenEngine,1093,04/20/2022, 15:15:47,540
FROV00001,FrozenEngine,1093,04/20/2022, 16:19:28,540
FROV00001,FrozenEngine,1093,04/20/2022, 17:24:07,540
FROV00001,FrozenEngine,1093,04/20/2022, 18:15:54,540
FROV00001,FrozenEngine,1093,04/20/2022, 19:11:44,540
FROV00001,FrozenEngine,1093,04/20/2022, 20:15:48,540
FROV00001,FrozenEngine,1093,04/20/2022, 21:12:00,540
FROV00001,FrozenEngine,1093,04/20/2022, 22:13:49,540
FROV00001,FrozenEngine,1093,04/20/2022, 23:15:22,540
FROV00001,FrozenEngine,1093,04/21/2022, 01:05:29,540
FROV00001,FrozenEngine,1093,04/21/2022, 03:23:38,540
FROV00001,FrozenEngine,1093,04/21/2022, 04:39:21,540
FROV00001,FrozenEngine,1093,04/21/2022, 05:33:29,540
FROV00001,FrozenEngine,1093,04/21/2022, 06:16:50,540
FROV00001,FrozenEngine,1093,04/21/2022, 07:13:09,540
FROV00001,FrozenEngine,1093,04/21/2022, 08:23:14,540
FROV00001,FrozenEngine,1093,04/21/2022, 09:19:28,540
FROV00001,FrozenEngine,1093,04/21/2022, 10:20:21,540
FROV00001,FrozenEngine,1093,04/21/2022, 11:17:22,540
FROV00001,FrozenEngine,1093,04/21/2022, 12:25:04,540
FROV00001,FrozenEngine,1093,04/21/2022, 13:32:39,540
FROV00001,FrozenEngine,1093,04/21/2022, 14:13:46,540
FROV00001,FrozenEngine,1093,04/21/2022, 15:17:41,540
FROV00001,FrozenEngine,1093,04/21/2022, 16:22:44,540
FROV00001,FrozenEngine,1093,04/21/2022, 17:22:57,540
FROV00001,FrozenEngine,1093,04/21/2022, 18:18:11,540
FROV00001,FrozenEngine,1093,04/21/2022, 19:10:16,540
FROV00001,FrozenEngine,1093,04/21/2022, 20:15:53,540
FROV00001,FrozenEngine,1093,04/21/2022, 21:12:34,540
FROV00001,FrozenEngine,1093,04/21/2022, 22:13:32,540
FROV00001,FrozenEngine,1093,04/21/2022, 23:13:40,540
FROV00001,FrozenEngine,1093,04/22/2022, 01:05:54,540
FROV00001,FrozenEngine,1093,04/22/2022, 03:41:17,540
FROV00001,FrozenEngine,1093,04/22/2022, 04:41:56,540
FROV00001,FrozenEngine,1093,04/22/2022, 05:33:03,540
FROV00001,FrozenEngine,1093,04/22/2022, 06:17:16,540
FROV00001,FrozenEngine,1093,04/22/2022, 07:13:34,540
FROV00001,FrozenEngine,1093,04/22/2022, 08:18:51,540
FROV00001,FrozenEngine,1093,04/22/2022, 09:19:17,540
FROV00001,FrozenEngine,1093,04/22/2022, 10:18:08,540
FROV00001,FrozenEngine,1093,04/22/2022, 11:12:09,540
FROV00001,FrozenEngine,1093,04/22/2022, 12:30:13,540
FROV00001,FrozenEngine,1093,04/22/2022, 13:32:51,540
FROV00001,FrozenEngine,1093,04/22/2022, 14:18:11,540
FROV00001,FrozenEngine,1093,04/22/2022, 15:14:37,540
FROV00001,FrozenEngine,1093,04/22/2022, 16:19:57,540
FROV00001,FrozenEngine,1093,04/22/2022, 17:21:55,540
FROV00001,FrozenEngine,1093,04/22/2022, 18:16:28,540
FROV00001,FrozenEngine,1093,04/22/2022, 19:11:44,540
FROV00001,FrozenEngine,1093,04/22/2022, 20:14:35,540
FROV00001,FrozenEngine,1093,04/22/2022, 21:12:30,540
FROV00001,FrozenEngine,1093,04/22/2022, 22:14:18,540
FROV00001,FrozenEngine,1093,04/22/2022, 23:13:49,540
FROV00001,FrozenEngine,1093,04/23/2022, 01:00:07,540
FROV00001,FrozenEngine,1093,04/23/2022, 02:40:49,540
FROV00001,FrozenEngine,1093,04/23/2022, 03:31:45,540
FROV00001,FrozenEngine,1093,04/23/2022, 04:16:05,540
FROV00001,FrozenEngine,1093,04/23/2022, 05:12:06,540
FROV00001,FrozenEngine,1093,04/23/2022, 06:16:08,540
FROV00001,FrozenEngine,1093,04/23/2022, 07:13:28,540
FROV00001,FrozenEngine,1093,04/23/2022, 08:15:45,540
FROV00001,FrozenEngine,1093,04/23/2022, 09:12:58,540
FROV00001,FrozenEngine,1093,04/23/2022, 10:14:39,540
FROV00001,FrozenEngine,1093,04/23/2022, 11:11:20,540
FROV00001,FrozenEngine,1093,04/23/2022, 12:21:40,540
FROV00001,FrozenEngine,1093,04/23/2022, 13:21:39,540
FROV00001,FrozenEngine,1093,04/23/2022, 14:12:41,540
FROV00001,FrozenEngine,1093,04/23/2022, 15:14:12,540
FROV00001,FrozenEngine,1093,04/23/2022, 16:18:03,540
FROV00001,FrozenEngine,1093,04/23/2022, 17:15:27,540
FROV00001,FrozenEngine,1093,04/23/2022, 18:15:23,540
FROV00001,FrozenEngine,1093,04/23/2022, 19:11:08,540
FROV00001,FrozenEngine,1093,04/23/2022, 20:14:13,540
FROV00001,FrozenEngine,1093,04/23/2022, 21:11:55,540
FROV00001,FrozenEngine,1093,04/23/2022, 22:13:11,540
FROV00001,FrozenEngine,1093,04/23/2022, 23:13:36,540
FROV00001,FrozenEngine,1093,04/24/2022, 00:58:36,540
FROV00001,FrozenEngine,1093,04/24/2022, 02:36:28,540
FROV00001,FrozenEngine,1093,04/24/2022, 03:25:20,540
FROV00001,FrozenEngine,1093,04/24/2022, 04:16:39,540
FROV00001,FrozenEngine,1093,04/24/2022, 05:12:46,540
FROV00001,FrozenEngine,1093,04/24/2022, 06:16:39,540
FROV00001,FrozenEngine,1093,04/24/2022, 07:13:14,540
FROV00001,FrozenEngine,1093,04/24/2022, 08:16:31,540
FROV00001,FrozenEngine,1093,04/24/2022, 09:13:31,540
FROV00001,FrozenEngine,1093,04/24/2022, 10:14:06,540
FROV00001,FrozenEngine,1093,04/24/2022, 11:11:33,540
FROV00001,FrozenEngine,1093,04/24/2022, 12:21:26,540
FROV00001,FrozenEngine,1093,04/24/2022, 13:22:23,540
FROV00001,FrozenEngine,1093,04/24/2022, 14:12:34,540
FROV00001,FrozenEngine,1093,04/24/2022, 15:13:43,540
FROV00001,FrozenEngine,1093,04/24/2022, 16:17:40,540
FROV00001,FrozenEngine,1093,04/24/2022, 17:15:33,540
FROV00001,FrozenEngine,1093,04/24/2022, 18:15:34,540
FROV00001,FrozenEngine,1093,04/24/2022, 19:11:08,540
FROV00001,FrozenEngine,1093,04/24/2022, 20:14:40,540
FROV00001,FrozenEngine,1093,04/24/2022, 21:11:52,540
FROV00001,FrozenEngine,1093,04/24/2022, 22:13:06,540
FROV00001,FrozenEngine,1093,04/24/2022, 23:13:30,540
FROV00001,FrozenEngine,1093,04/25/2022, 00:57:52,540
FROV00001,FrozenEngine,1093,04/25/2022, 02:53:54,540
FROV00001,FrozenEngine,1093,04/25/2022, 03:42:51,540
FROV00001,FrozenEngine,1093,04/25/2022, 04:20:59,540
FROV00001,FrozenEngine,1093,04/25/2022, 05:14:15,540
FROV00001,FrozenEngine,1093,04/25/2022, 06:18:55,540
FROV00001,FrozenEngine,1093,04/25/2022, 07:13:48,540
FROV00001,FrozenEngine,1093,04/25/2022, 08:20:51,540
FROV00001,FrozenEngine,1093,04/25/2022, 09:14:40,540
FROV00001,FrozenEngine,1093,04/25/2022, 10:20:14,540
FROV00001,FrozenEngine,1093,04/25/2022, 11:17:22,540
FROV00001,FrozenEngine,1093,04/25/2022, 12:29:20,540
FROV00001,FrozenEngine,1093,04/25/2022, 13:34:18,540
FROV00001,FrozenEngine,1093,04/25/2022, 14:18:26,540
FROV00001,FrozenEngine,1093,04/25/2022, 15:20:26,540
FROV00001,FrozenEngine,1093,04/25/2022, 16:23:13,540
FROV00001,FrozenEngine,1093,04/25/2022, 17:23:39,540
FROV00001,FrozenEngine,1093,04/25/2022, 18:23:20,540
FROV00001,FrozenEngine,1093,04/25/2022, 19:16:21,540
FROV00001,FrozenEngine,1093,04/25/2022, 20:19:12,540
FROV00001,FrozenEngine,1093,04/25/2022, 21:12:57,540
FROV00001,FrozenEngine,1093,04/25/2022, 22:13:53,540
FROV00001,FrozenEngine,1093,04/25/2022, 23:14:14,540
FROV00001,FrozenEngine,1093,04/26/2022, 01:04:58,540
FROV00001,FrozenEngine,1093,04/26/2022, 03:19:19,540
FROV00001,FrozenEngine,1093,04/26/2022, 04:25:34,540
FROV00001,FrozenEngine,1093,04/26/2022, 05:16:36,540
FROV00001,FrozenEngine,1093,04/26/2022, 06:17:07,540
FROV00001,FrozenEngine,1093,04/26/2022, 07:18:17,540
FROV00001,FrozenEngine,1093,04/26/2022, 08:22:08,540
FROV00001,FrozenEngine,1093,04/26/2022, 09:14:40,540
FROV00001,FrozenEngine,1093,04/26/2022, 10:16:28,540
FROV00001,FrozenEngine,1093,04/26/2022, 11:17:20,540
FROV00001,FrozenEngine,1093,04/26/2022, 12:31:29,540
FROV00001,FrozenEngine,1093,04/26/2022, 13:34:37,540
FROV00001,FrozenEngine,1093,04/26/2022, 14:13:47,540
FROV00001,FrozenEngine,1093,04/26/2022, 15:19:29,540
FROV00001,FrozenEngine,1093,04/26/2022, 16:22:36,540
FROV00001,FrozenEngine,1093,04/26/2022, 17:24:07,540
FROV00001,FrozenEngine,1093,04/26/2022, 18:21:12,540
FROV00001,FrozenEngine,1093,04/26/2022, 19:16:15,540
FROV00001,FrozenEngine,1093,04/26/2022, 20:18:36,540
FROV00001,FrozenEngine,1093,04/26/2022, 21:17:36,540
FROV00001,FrozenEngine,1093,04/26/2022, 22:13:39,540
FROV00001,FrozenEngine,1093,04/26/2022, 23:14:21,540
FROV00001,FrozenEngine,1093,04/27/2022, 01:13:37,540
FROV00001,FrozenEngine,1093,04/27/2022, 03:39:43,540
FROV00001,FrozenEngine,1094,04/27/2022, 04:39:22,540
FROV00001,FrozenEngine,1094,04/27/2022, 05:25:24,540
FROV00001,FrozenEngine,1094,04/27/2022, 06:17:27,540
FROV00001,FrozenEngine,1094,04/27/2022, 07:18:21,540
FROV00001,FrozenEngine,1094,04/27/2022, 08:22:32,540
FROV00001,FrozenEngine,1094,04/27/2022, 09:19:20,540
FROV00001,FrozenEngine,1094,04/27/2022, 10:20:24,540
FROV00001,FrozenEngine,1094,04/27/2022, 11:17:25,540
FROV00001,FrozenEngine,1094,04/27/2022, 12:29:17,540
FROV00001,FrozenEngine,1094,04/27/2022, 13:31:52,540
FROV00001,FrozenEngine,1094,04/27/2022, 14:18:41,540
FROV00001,FrozenEngine,1094,04/27/2022, 15:20:22,540
FROV00001,FrozenEngine,1094,04/27/2022, 16:19:26,540
FROV00001,FrozenEngine,1094,04/27/2022, 17:22:46,540
FROV00001,FrozenEngine,1094,04/27/2022, 18:20:53,540
FROV00001,FrozenEngine,1094,04/27/2022, 19:16:17,540
FROV00001,FrozenEngine,1094,04/27/2022, 20:16:11,540
FROV00001,FrozenEngine,1094,04/27/2022, 21:18:00,540
FROV00001,FrozenEngine,1094,04/27/2022, 22:14:02,540
FROV00001,FrozenEngine,1094,04/27/2022, 23:15:26,540
FROV00001,FrozenEngine,1094,04/28/2022, 01:25:10,540
FROV00001,FrozenEngine,1094,04/28/2022, 04:07:23,540
FROV00001,FrozenEngine,1094,04/28/2022, 05:37:33,540
FROV00001,FrozenEngine,1094,04/28/2022, 06:19:49,540
FROV00001,FrozenEngine,1094,04/28/2022, 07:17:22,540
FROV00001,FrozenEngine,1094,04/28/2022, 08:22:17,540
FROV00001,FrozenEngine,1094,04/28/2022, 09:20:21,540
FROV00001,FrozenEngine,1094,04/28/2022, 10:15:19,540
FROV00001,FrozenEngine,1094,04/28/2022, 11:17:40,540
FROV00001,FrozenEngine,1094,04/28/2022, 12:31:30,540
FROV00001,FrozenEngine,1094,04/28/2022, 13:38:17,540
FROV00001,FrozenEngine,1094,04/28/2022, 14:15:50,540
FROV00001,FrozenEngine,1094,04/28/2022, 15:15:27,540
FROV00001,FrozenEngine,1094,04/28/2022, 16:21:00,540
FROV00001,FrozenEngine,1094,04/28/2022, 17:18:38,540
FROV00001,FrozenEngine,1094,04/28/2022, 18:23:22,540
FROV00001,FrozenEngine,1094,04/28/2022, 19:11:49,540
FROV00001,FrozenEngine,1094,04/28/2022, 20:17:38,540
FROV00001,FrozenEngine,1094,04/28/2022, 21:12:57,540
FROV00001,FrozenEngine,1094,04/28/2022, 22:13:49,540
FROV00001,FrozenEngine,1094,04/28/2022, 23:14:08,540
FROV00001,FrozenEngine,1094,04/29/2022, 01:03:06,540
FROV00001,FrozenEngine,1094,04/29/2022, 03:22:52,540
FROV00001,FrozenEngine,1094,04/29/2022, 04:27:17,540
FROV00001,FrozenEngine,1094,04/29/2022, 05:17:03,540
FROV00001,FrozenEngine,1094,04/29/2022, 06:17:34,540
FROV00001,FrozenEngine,1094,04/29/2022, 07:13:40,540
FROV00001,FrozenEngine,1094,04/29/2022, 08:23:18,540
FROV00001,FrozenEngine,1094,04/29/2022, 09:19:19,540
FROV00001,FrozenEngine,1094,04/29/2022, 10:18:30,540
FROV00001,FrozenEngine,1094,04/29/2022, 11:17:21,540
FROV00001,FrozenEngine,1094,04/29/2022, 12:30:22,540
FROV00001,FrozenEngine,1094,04/29/2022, 13:39:10,540
FROV00001,FrozenEngine,1094,04/29/2022, 14:17:14,540
FROV00001,FrozenEngine,1094,04/29/2022, 15:14:37,540
FROV00001,FrozenEngine,1094,04/29/2022, 16:20:55,540
FROV00001,FrozenEngine,1094,04/29/2022, 17:18:45,540
FROV00001,FrozenEngine,1094,04/29/2022, 18:16:41,540
FROV00001,FrozenEngine,1094,04/29/2022, 19:11:24,540
FROV00001,FrozenEngine,1094,04/29/2022, 20:15:10,540
FROV00001,FrozenEngine,1094,04/29/2022, 21:13:08,540
FROV00001,FrozenEngine,1094,04/29/2022, 22:14:21,540
FROV00001,FrozenEngine,1094,04/29/2022, 23:14:03,540
FROV00001,FrozenEngine,1094,04/30/2022, 01:10:56,540
FROV00001,FrozenEngine,1094,04/30/2022, 03:14:10,540
FROV00001,FrozenEngine,1094,04/30/2022, 04:19:44,540
FROV00001,FrozenEngine,1094,04/30/2022, 05:13:03,540
FROV00001,FrozenEngine,1094,04/30/2022, 06:16:50,540
FROV00001,FrozenEngine,1094,04/30/2022, 07:13:22,540
FROV00001,FrozenEngine,1094,04/30/2022, 08:16:20,540
FROV00001,FrozenEngine,1094,04/30/2022, 09:13:05,540
FROV00001,FrozenEngine,1094,04/30/2022, 10:14:10,540
FROV00001,FrozenEngine,1094,04/30/2022, 11:11:34,540
FROV00001,FrozenEngine,1094,04/30/2022, 12:21:58,540
FROV00001,FrozenEngine,1094,04/30/2022, 13:22:11,540
FROV00001,FrozenEngine,1094,04/30/2022, 14:12:52,540
FROV00001,FrozenEngine,1094,04/30/2022, 15:13:59,540
FROV00001,FrozenEngine,1094,04/30/2022, 16:17:44,540
FROV00001,FrozenEngine,1094,04/30/2022, 17:15:33,540
FROV00001,FrozenEngine,1094,04/30/2022, 18:16:02,540
FROV00001,FrozenEngine,1094,04/30/2022, 19:11:19,540
FROV00001,FrozenEngine,1094,04/30/2022, 20:14:00,540
FROV00001,FrozenEngine,1094,04/30/2022, 21:12:33,540
FROV00001,FrozenEngine,1094,04/30/2022, 22:13:29,540
FROV00001,FrozenEngine,1094,04/30/2022, 23:13:21,540
FROV00001,FrozenEngine,1094,05/01/2022, 01:20:51,540
FROV00001,FrozenEngine,1094,05/01/2022, 03:39:09,540
FROV00001,FrozenEngine,1094,05/01/2022, 04:32:25,540
FROV00001,FrozenEngine,1094,05/01/2022, 05:19:12,540
FROV00001,FrozenEngine,1094,05/01/2022, 06:16:47,540
FROV00001,FrozenEngine,1094,05/01/2022, 07:13:30,540
FROV00001,FrozenEngine,1094,05/01/2022, 08:16:37,540
FROV00001,FrozenEngine,1094,05/01/2022, 09:13:34,540
FROV00001,FrozenEngine,1094,05/01/2022, 10:15:07,540
FROV00001,FrozenEngine,1094,05/01/2022, 11:11:53,540
FROV00001,FrozenEngine,1094,05/01/2022, 12:23:05,540
FROV00001,FrozenEngine,1094,05/01/2022, 13:23:27,540
FROV00001,FrozenEngine,1094,05/01/2022, 14:12:44,540
FROV00001,FrozenEngine,1094,05/01/2022, 15:14:34,540
FROV00001,FrozenEngine,1094,05/01/2022, 16:18:34,540
FROV00001,FrozenEngine,1094,05/01/2022, 17:16:25,540
FROV00001,FrozenEngine,1094,05/01/2022, 18:15:38,540
FROV00001,FrozenEngine,1094,05/01/2022, 19:12:20,540
FROV00001,FrozenEngine,1094,05/01/2022, 20:14:20,540
FROV00001,FrozenEngine,1094,05/01/2022, 21:12:50,540
FROV00001,FrozenEngine,1094,05/01/2022, 22:13:19,540
FROV00001,FrozenEngine,1094,05/01/2022, 23:13:41,540
FROV00001,FrozenEngine,1094,05/02/2022, 01:04:48,540
FROV00001,FrozenEngine,1094,05/02/2022, 03:51:28,540
FROV00001,FrozenEngine,1094,05/02/2022, 04:48:07,540
FROV00001,FrozenEngine,1094,05/02/2022, 05:27:51,540
FROV00001,FrozenEngine,1094,05/02/2022, 06:17:37,540
FROV00001,FrozenEngine,1094,05/02/2022, 07:13:54,540
FROV00001,FrozenEngine,1094,05/02/2022, 08:18:56,540
FROV00001,FrozenEngine,1094,05/02/2022, 09:14:34,540
FROV00001,FrozenEngine,1094,05/02/2022, 10:16:50,540
FROV00001,FrozenEngine,1095,05/02/2022, 11:12:44,540
FROV00001,FrozenEngine,1095,05/02/2022, 12:27:07,540
FROV00001,FrozenEngine,1095,05/02/2022, 13:36:33,540
FROV00001,FrozenEngine,1095,05/02/2022, 14:18:46,540
FROV00001,FrozenEngine,1095,05/02/2022, 15:19:21,540
FROV00001,FrozenEngine,1095,05/02/2022, 16:25:20,540
FROV00001,FrozenEngine,1095,05/02/2022, 17:25:23,540
FROV00001,FrozenEngine,1095,05/02/2022, 18:21:20,540
FROV00001,FrozenEngine,1095,05/02/2022, 19:16:17,540
FROV00001,FrozenEngine,1095,05/02/2022, 20:17:47,540
FROV00001,FrozenEngine,1095,05/02/2022, 21:15:23,540
FROV00001,FrozenEngine,1095,05/02/2022, 22:14:10,540
FROV00001,FrozenEngine,1095,05/02/2022, 23:14:36,540
FROV00001,FrozenEngine,1095,05/03/2022, 01:09:04,540
FROV00001,FrozenEngine,1095,05/03/2022, 03:21:19,540
FROV00001,FrozenEngine,1095,05/03/2022, 04:28:06,540
FROV00001,FrozenEngine,1096,05/03/2022, 05:18:18,540
FROV00001,FrozenEngine,1096,05/03/2022, 06:17:26,540
FROV00001,FrozenEngine,1096,05/03/2022, 07:13:50,540
FROV00001,FrozenEngine,1096,05/03/2022, 08:22:19,540
FROV00001,FrozenEngine,1096,05/03/2022, 09:13:56,540
FROV00001,FrozenEngine,1096,05/03/2022, 10:21:10,540
FROV00001,FrozenEngine,1096,05/03/2022, 11:16:47,540
FROV00001,FrozenEngine,1096,05/03/2022, 12:33:33,540
FROV00001,FrozenEngine,1096,05/03/2022, 13:35:14,540
FROV00001,FrozenEngine,1096,05/03/2022, 14:16:05,540
FROV00001,FrozenEngine,1096,05/03/2022, 15:19:33,540
FROV00001,FrozenEngine,1096,05/03/2022, 16:20:39,540
FROV00001,FrozenEngine,1096,05/03/2022, 17:25:49,540
FROV00001,FrozenEngine,1096,05/03/2022, 18:21:18,540
FROV00001,FrozenEngine,1096,05/03/2022, 19:16:16,540
FROV00001,FrozenEngine,1096,05/03/2022, 20:19:11,540
FROV00001,FrozenEngine,1096,05/03/2022, 21:18:19,540
FROV00001,FrozenEngine,1096,05/03/2022, 22:14:16,540
FROV00001,FrozenEngine,1096,05/03/2022, 23:12:50,540
FROV00001,FrozenEngine,1096,05/04/2022, 01:06:47,540
FROV00001,FrozenEngine,1096,05/04/2022, 03:22:20,540
FROV00001,FrozenEngine,1096,05/04/2022, 04:27:01,540
FROV00001,FrozenEngine,1096,05/04/2022, 05:17:19,540
FROV00001,FrozenEngine,1096,05/04/2022, 06:18:47,540
FROV00001,FrozenEngine,1096,05/04/2022, 07:13:30,540
FROV00001,FrozenEngine,1096,05/04/2022, 08:18:25,540
FROV00001,FrozenEngine,1096,05/04/2022, 09:16:27,540
FROV00001,FrozenEngine,1096,05/04/2022, 10:15:39,540
FROV00001,FrozenEngine,1096,05/04/2022, 11:12:47,540
FROV00001,FrozenEngine,1096,05/04/2022, 12:33:13,540
FROV00001,FrozenEngine,1096,05/04/2022, 13:34:49,540
FROV00001,FrozenEngine,1096,05/04/2022, 14:17:27,540
FROV00001,FrozenEngine,1096,05/04/2022, 15:15:26,540
FROV00001,FrozenEngine,1096,05/04/2022, 16:26:25,540
FROV00001,FrozenEngine,1096,05/04/2022, 17:23:58,540
FROV00001,FrozenEngine,1096,05/04/2022, 18:20:15,540
FROV00001,FrozenEngine,1096,05/04/2022, 19:12:00,540
FROV00001,FrozenEngine,1096,05/04/2022, 20:15:32,540
FROV00001,FrozenEngine,1096,05/04/2022, 21:13:55,540
FROV00001,FrozenEngine,1096,05/04/2022, 22:13:55,540
FROV00001,FrozenEngine,1096,05/04/2022, 23:14:21,540
FROV00001,FrozenEngine,1096,05/05/2022, 01:08:02,540
FROV00001,FrozenEngine,1096,05/05/2022, 03:19:16,540
FROV00001,FrozenEngine,1096,05/05/2022, 04:30:26,540
FROV00001,FrozenEngine,1096,05/05/2022, 05:19:27,540
FROV00001,FrozenEngine,1096,05/05/2022, 06:18:12,540
FROV00001,FrozenEngine,1096,05/05/2022, 07:14:15,540
FROV00001,FrozenEngine,1096,05/05/2022, 08:18:53,540
FROV00001,FrozenEngine,1096,05/05/2022, 09:19:19,540
FROV00001,FrozenEngine,1096,05/05/2022, 10:19:53,540
FROV00001,FrozenEngine,1096,05/05/2022, 11:13:23,540
FROV00001,FrozenEngine,1096,05/05/2022, 12:31:37,540
FROV00001,FrozenEngine,1096,05/05/2022, 13:33:30,540
FROV00001,FrozenEngine,1096,05/05/2022, 14:13:32,540
FROV00001,FrozenEngine,1096,05/05/2022, 15:13:59,540
FROV00001,FrozenEngine,1096,05/05/2022, 16:20:03,540
FROV00001,FrozenEngine,1096,05/05/2022, 17:23:32,540
FROV00001,FrozenEngine,1096,05/05/2022, 18:16:27,540
FROV00001,FrozenEngine,1096,05/05/2022, 19:11:47,540
FROV00001,FrozenEngine,1096,05/05/2022, 20:14:51,540
FROV00001,FrozenEngine,1096,05/05/2022, 21:13:11,540
FROV00001,FrozenEngine,1096,05/05/2022, 22:14:46,540
FROV00001,FrozenEngine,1096,05/05/2022, 23:14:23,540
FROV00001,FrozenEngine,1096,05/06/2022, 00:59:49,540
FROV00001,FrozenEngine,1096,05/06/2022, 02:46:58,540
FROV00001,FrozenEngine,1096,05/06/2022, 03:37:34,540
FROV00001,FrozenEngine,1096,05/06/2022, 04:17:50,540
FROV00001,FrozenEngine,1096,05/06/2022, 05:14:00,540
FROV00001,FrozenEngine,1096,05/06/2022, 06:19:13,540
FROV00001,FrozenEngine,1096,05/06/2022, 07:13:21,540
FROV00001,FrozenEngine,1096,05/06/2022, 08:18:05,540
FROV00001,FrozenEngine,1096,05/06/2022, 09:14:39,540
FROV00001,FrozenEngine,1096,05/06/2022, 10:15:31,540
FROV00001,FrozenEngine,1096,05/06/2022, 11:12:13,540
FROV00001,FrozenEngine,1096,05/06/2022, 12:25:41,540
FROV00001,FrozenEngine,1096,05/06/2022, 13:31:00,540
FROV00001,FrozenEngine,1096,05/06/2022, 14:13:49,540
FROV00001,FrozenEngine,1096,05/06/2022, 15:14:40,540
FROV00001,FrozenEngine,1096,05/06/2022, 16:19:48,540
FROV00001,FrozenEngine,1096,05/06/2022, 17:21:27,540
FROV00001,FrozenEngine,1096,05/06/2022, 18:17:16,540
FROV00001,FrozenEngine,1096,05/06/2022, 19:11:50,540
FROV00001,FrozenEngine,1096,05/06/2022, 20:15:12,540
FROV00001,FrozenEngine,1096,05/06/2022, 21:12:44,540
FROV00001,FrozenEngine,1096,05/06/2022, 22:13:28,540
FROV00001,FrozenEngine,1096,05/06/2022, 23:13:55,540
FROV00001,FrozenEngine,1096,05/07/2022, 00:59:41,540
FROV00001,FrozenEngine,1096,05/07/2022, 02:39:24,540
FROV00001,FrozenEngine,1096,05/07/2022, 03:32:23,540
FROV00001,FrozenEngine,1096,05/07/2022, 04:16:31,540
FROV00001,FrozenEngine,1096,05/07/2022, 05:12:10,540
FROV00001,FrozenEngine,1096,05/07/2022, 06:17:07,540
FROV00001,FrozenEngine,1096,05/07/2022, 07:13:16,540
FROV00001,FrozenEngine,1096,05/07/2022, 08:17:12,540
FROV00001,FrozenEngine,1096,05/07/2022, 09:13:14,540
FROV00001,FrozenEngine,1096,05/07/2022, 10:14:54,540
FROV00001,FrozenEngine,1096,05/07/2022, 11:11:59,540
FROV00001,FrozenEngine,1096,05/07/2022, 12:22:45,540
FROV00001,FrozenEngine,1096,05/07/2022, 13:23:06,540
FROV00001,FrozenEngine,1096,05/07/2022, 14:12:26,540
FROV00001,FrozenEngine,1096,05/07/2022, 15:14:15,540
FROV00001,FrozenEngine,1096,05/07/2022, 16:17:50,540
FROV00001,FrozenEngine,1096,05/07/2022, 17:15:48,540
FROV00001,FrozenEngine,1096,05/07/2022, 18:15:40,540
FROV00001,FrozenEngine,1096,05/07/2022, 19:13:08,540
FROV00001,FrozenEngine,1096,05/07/2022, 20:14:27,540
FROV00001,FrozenEngine,1096,05/07/2022, 21:12:45,540
FROV00001,FrozenEngine,1096,05/07/2022, 22:13:04,540
FROV00001,FrozenEngine,1096,05/07/2022, 23:13:46,540
FROV00001,FrozenEngine,1096,05/08/2022, 01:01:14,540
FROV00001,FrozenEngine,1096,05/08/2022, 03:11:09,540
FROV00001,FrozenEngine,1096,05/08/2022, 04:19:16,540
FROV00001,FrozenEngine,1096,05/08/2022, 05:13:21,540
FROV00001,FrozenEngine,1096,05/08/2022, 06:17:20,540
FROV00001,FrozenEngine,1096,05/08/2022, 07:13:34,540
FROV00001,FrozenEngine,1096,05/08/2022, 08:16:59,540
FROV00001,FrozenEngine,1096,05/08/2022, 09:13:39,540
FROV00001,FrozenEngine,1096,05/08/2022, 10:15:18,540
FROV00001,FrozenEngine,1096,05/08/2022, 11:11:57,540
FROV00001,FrozenEngine,1096,05/08/2022, 12:22:30,540
FROV00001,FrozenEngine,1096,05/08/2022, 13:24:26,540
FROV00001,FrozenEngine,1096,05/08/2022, 14:12:47,540
FROV00001,FrozenEngine,1096,05/08/2022, 15:13:58,540
FROV00001,FrozenEngine,1096,05/08/2022, 16:17:47,540
FROV00001,FrozenEngine,1096,05/08/2022, 17:15:56,540
FROV00001,FrozenEngine,1096,05/08/2022, 18:15:38,540
FROV00001,FrozenEngine,1096,05/08/2022, 19:11:35,540
FROV00001,FrozenEngine,1096,05/08/2022, 20:14:19,540
FROV00001,FrozenEngine,1096,05/08/2022, 21:12:13,540
FROV00001,FrozenEngine,1096,05/08/2022, 22:14:26,540
FROV00001,FrozenEngine,1096,05/08/2022, 23:13:39,540
FROV00001,FrozenEngine,1096,05/09/2022, 01:04:32,540
FROV00001,FrozenEngine,1096,05/09/2022, 03:17:50,540
FROV00001,FrozenEngine,1096,05/09/2022, 04:27:07,540
FROV00001,FrozenEngine,1096,05/09/2022, 05:18:00,540
FROV00001,FrozenEngine,1096,05/09/2022, 06:18:16,540
FROV00001,FrozenEngine,1096,05/09/2022, 07:13:59,540
FROV00001,FrozenEngine,1096,05/09/2022, 08:18:00,540
FROV00001,FrozenEngine,1096,05/09/2022, 09:14:53,540
FROV00001,FrozenEngine,1096,05/09/2022, 10:15:44,540
FROV00001,FrozenEngine,1096,05/09/2022, 11:12:55,540
FROV00001,FrozenEngine,1096,05/09/2022, 12:27:47,540
FROV00001,FrozenEngine,1096,05/09/2022, 13:35:21,540
FROV00001,FrozenEngine,1096,05/09/2022, 14:12:42,540
FROV00001,FrozenEngine,1096,05/09/2022, 15:15:07,540
FROV00001,FrozenEngine,1096,05/09/2022, 16:26:25,540
FROV00001,FrozenEngine,1096,05/09/2022, 17:27:20,540
FROV00001,FrozenEngine,1096,05/09/2022, 18:21:35,540
FROV00001,FrozenEngine,1096,05/09/2022, 19:15:25,540
FROV00001,FrozenEngine,1096,05/09/2022, 20:18:08,540
FROV00001,FrozenEngine,1096,05/09/2022, 21:13:16,540
FROV00001,FrozenEngine,1096,05/09/2022, 22:13:58,540
FROV00001,FrozenEngine,1096,05/09/2022, 23:14:03,540
FROV00001,FrozenEngine,1096,05/10/2022, 01:00:10,540
FROV00001,FrozenEngine,1096,05/10/2022, 02:24:51,540
FROV00001,FrozenEngine,1096,05/10/2022, 03:23:34,540
FROV00001,FrozenEngine,1096,05/10/2022, 04:17:39,540
FROV00001,FrozenEngine,1096,05/10/2022, 05:13:53,540
FROV00001,FrozenEngine,1096,05/10/2022, 06:17:27,540
FROV00001,FrozenEngine,1096,05/10/2022, 07:14:02,540
FROV00001,FrozenEngine,1096,05/10/2022, 08:19:19,540
FROV00001,FrozenEngine,1096,05/10/2022, 09:19:43,540
FROV00001,FrozenEngine,1096,05/10/2022, 10:15:23,540
FROV00001,FrozenEngine,1096,05/10/2022, 11:13:20,540
FROV00001,FrozenEngine,1096,05/10/2022, 12:33:36,540
FROV00001,FrozenEngine,1096,05/10/2022, 13:43:48,540
FROV00001,FrozenEngine,1096,05/10/2022, 14:22:30,540
FROV00001,FrozenEngine,1096,05/10/2022, 15:19:21,540
FROV00001,FrozenEngine,1096,05/10/2022, 16:22:12,540
FROV00001,FrozenEngine,1096,05/10/2022, 17:24:33,540
FROV00001,FrozenEngine,1096,05/10/2022, 18:22:22,540
FROV00001,FrozenEngine,1096,05/10/2022, 19:16:13,540
FROV00001,FrozenEngine,1096,05/10/2022, 20:21:13,540
FROV00001,FrozenEngine,1096,05/10/2022, 21:17:17,540
FROV00001,FrozenEngine,1096,05/10/2022, 22:13:52,540
FROV00001,FrozenEngine,1096,05/10/2022, 23:14:37,540
FROV00001,FrozenEngine,1096,05/11/2022, 01:12:21,540
FROV00001,FrozenEngine,1096,05/11/2022, 03:18:13,540
FROV00001,FrozenEngine,1096,05/11/2022, 04:32:39,540
FROV00001,FrozenEngine,1096,05/11/2022, 05:23:51,540
FROV00001,FrozenEngine,1096,05/11/2022, 06:20:51,540
FROV00001,FrozenEngine,1096,05/11/2022, 07:19:16,540
FROV00001,FrozenEngine,1096,05/11/2022, 08:24:14,540
FROV00001,FrozenEngine,1096,05/11/2022, 09:18:18,540
FROV00001,FrozenEngine,1096,05/11/2022, 10:20:24,540
FROV00001,FrozenEngine,1096,05/11/2022, 11:14:21,540
FROV00001,FrozenEngine,1097,05/11/2022, 12:34:20,540
FROV00001,FrozenEngine,1097,05/11/2022, 13:36:43,540
FROV00001,FrozenEngine,1097,05/11/2022, 14:14:09,540
FROV00001,FrozenEngine,1097,05/11/2022, 15:15:56,540
FROV00001,FrozenEngine,1097,05/11/2022, 16:25:46,540
FROV00001,FrozenEngine,1097,05/11/2022, 17:31:26,540
FROV00001,FrozenEngine,1097,05/11/2022, 18:21:19,540
FROV00001,FrozenEngine,1097,05/11/2022, 19:12:44,540
FROV00001,FrozenEngine,1097,05/11/2022, 20:19:37,540
FROV00001,FrozenEngine,1098,05/11/2022, 21:12:31,540
FROV00001,FrozenEngine,1098,05/11/2022, 22:13:59,540
FROV00001,FrozenEngine,1098,05/11/2022, 23:14:49,540
FROV00001,FrozenEngine,1098,05/12/2022, 01:08:53,540
FROV00001,FrozenEngine,1098,05/12/2022, 03:11:40,540
FROV00001,FrozenEngine,1098,05/12/2022, 04:24:54,540
FROV00001,FrozenEngine,1098,05/12/2022, 05:20:48,540
FROV00001,FrozenEngine,1098,05/12/2022, 06:19:20,540
FROV00001,FrozenEngine,1098,05/12/2022, 07:14:17,540
FROV00001,FrozenEngine,1098,05/12/2022, 08:22:22,540
FROV00001,FrozenEngine,1098,05/12/2022, 09:20:00,540
FROV00001,FrozenEngine,1099,05/12/2022, 10:17:36,540
FROV00001,FrozenEngine,1099,05/12/2022, 11:17:15,540
FROV00001,FrozenEngine,1099,05/12/2022, 12:32:28,540
FROV00001,FrozenEngine,1099,05/12/2022, 13:40:35,540
FROV00001,FrozenEngine,1099,05/12/2022, 14:17:53,540
FROV00001,FrozenEngine,1099,05/12/2022, 15:15:21,540
FROV00001,FrozenEngine,1099,05/12/2022, 16:25:36,540
FROV00001,FrozenEngine,1099,05/12/2022, 17:26:10,540
FROV00001,FrozenEngine,1099,05/12/2022, 19:11:21,540
FROV00001,FrozenEngine,1099,05/12/2022, 20:15:27,540
FROV00001,FrozenEngine,1099,05/12/2022, 21:11:42,540
FROV00001,FrozenEngine,1099,05/12/2022, 22:15:42,540
FROV00001,FrozenEngine,1099,05/12/2022, 23:15:08,540
FROV00001,FrozenEngine,1099,05/13/2022, 01:15:46,540
FROV00001,FrozenEngine,1099,05/13/2022, 03:46:49,540
FROV00001,FrozenEngine,1099,05/13/2022, 04:50:05,540
FROV00001,FrozenEngine,1099,05/13/2022, 05:38:15,540
FROV00001,FrozenEngine,1099,05/13/2022, 06:21:02,540
FROV00001,FrozenEngine,1099,05/13/2022, 07:14:55,540
FROV00001,FrozenEngine,1099,05/13/2022, 08:21:23,540
FROV00001,FrozenEngine,1099,05/13/2022, 09:19:18,540
FROV00001,FrozenEngine,1099,05/13/2022, 10:21:24,540
FROV00001,FrozenEngine,1099,05/13/2022, 11:13:05,540
FROV00001,FrozenEngine,1099,05/13/2022, 12:38:19,540
FROV00001,FrozenEngine,1099,05/13/2022, 13:47:25,540
FROV00001,FrozenEngine,1099,05/13/2022, 14:21:11,540
FROV00001,FrozenEngine,1099,05/13/2022, 15:18:13,540
FROV00001,FrozenEngine,1099,05/13/2022, 16:25:25,540
FROV00001,FrozenEngine,1099,05/13/2022, 17:23:28,540
FROV00001,FrozenEngine,1099,05/13/2022, 18:18:25,540
FROV00001,FrozenEngine,1099,05/13/2022, 19:12:26,540
FROV00001,FrozenEngine,1099,05/13/2022, 20:16:27,540
FROV00001,FrozenEngine,1099,05/13/2022, 21:12:55,540
FROV00001,FrozenEngine,1099,05/13/2022, 22:14:03,540
FROV00001,FrozenEngine,1099,05/13/2022, 23:15:22,540
FROV00001,FrozenEngine,1099,05/14/2022, 01:18:01,540
FROV00001,FrozenEngine,1099,05/14/2022, 03:59:48,540
FROV00001,FrozenEngine,1099,05/14/2022, 05:25:55,540
FROV00001,FrozenEngine,1099,05/14/2022, 06:34:20,540
FROV00001,FrozenEngine,1099,05/14/2022, 07:19:24,540
FROV00001,FrozenEngine,1099,05/14/2022, 08:17:12,540
FROV00001,FrozenEngine,1099,05/14/2022, 09:13:46,540
FROV00001,FrozenEngine,1099,05/14/2022, 10:15:31,540
FROV00001,FrozenEngine,1099,05/14/2022, 11:11:56,540
FROV00001,FrozenEngine,1099,05/14/2022, 12:26:55,540
FROV00001,FrozenEngine,1099,05/14/2022, 13:33:30,540
FROV00001,FrozenEngine,1099,05/14/2022, 14:13:03,540
FROV00001,FrozenEngine,1099,05/14/2022, 15:14:20,540
FROV00001,FrozenEngine,1099,05/14/2022, 16:18:01,540
FROV00001,FrozenEngine,1099,05/14/2022, 17:18:06,540
FROV00001,FrozenEngine,1099,05/14/2022, 18:16:48,540
FROV00001,FrozenEngine,1099,05/14/2022, 19:11:38,540
FROV00001,FrozenEngine,1099,05/14/2022, 20:13:54,540
FROV00001,FrozenEngine,1099,05/14/2022, 21:12:35,540
FROV00001,FrozenEngine,1099,05/14/2022, 22:14:25,540
FROV00001,FrozenEngine,1099,05/14/2022, 23:14:16,540
FROV00001,FrozenEngine,1099,05/15/2022, 01:16:56,540
FROV00001,FrozenEngine,1099,05/15/2022, 03:13:05,540
FROV00001,FrozenEngine,1099,05/15/2022, 04:21:13,540
FROV00001,FrozenEngine,1099,05/15/2022, 05:16:47,540
FROV00001,FrozenEngine,1099,05/15/2022, 06:17:28,540
FROV00001,FrozenEngine,1099,05/15/2022, 07:13:15,540
FROV00001,FrozenEngine,1099,05/15/2022, 08:16:59,540
FROV00001,FrozenEngine,1099,05/15/2022, 09:14:22,540
FROV00001,FrozenEngine,1099,05/15/2022, 10:16:04,540
FROV00001,FrozenEngine,1099,05/15/2022, 11:12:15,540
FROV00001,FrozenEngine,1099,05/15/2022, 12:25:42,540
FROV00001,FrozenEngine,1099,05/15/2022, 13:29:16,540
FROV00001,FrozenEngine,1099,05/15/2022, 14:12:53,540
FROV00001,FrozenEngine,1099,05/15/2022, 15:14:03,540
FROV00001,FrozenEngine,1099,05/15/2022, 16:18:53,540
FROV00001,FrozenEngine,1099,05/15/2022, 17:19:16,540
FROV00001,FrozenEngine,1099,05/15/2022, 18:26:56,540
FROV00001,FrozenEngine,1099,05/15/2022, 19:11:47,540
FROV00001,FrozenEngine,1099,05/15/2022, 20:15:00,540
FROV00001,FrozenEngine,1099,05/15/2022, 21:12:23,540
FROV00001,FrozenEngine,1100,05/15/2022, 22:13:18,540
FROV00001,FrozenEngine,1100,05/15/2022, 23:14:03,540
FROV00001,FrozenEngine,1100,05/16/2022, 01:08:15,540
FROV00001,FrozenEngine,1100,05/16/2022, 02:58:37,540
FROV00001,FrozenEngine,1100,05/16/2022, 03:38:14,540
FROV00001,FrozenEngine,1100,05/16/2022, 04:21:09,540
FROV00001,FrozenEngine,1100,05/16/2022, 05:19:08,540
FROV00001,FrozenEngine,1100,05/16/2022, 06:20:09,540
FROV00001,FrozenEngine,1100,05/16/2022, 07:17:00,540
FROV00001,FrozenEngine,1100,05/16/2022, 08:18:55,540
FROV00001,FrozenEngine,1100,05/16/2022, 09:14:31,540
FROV00001,FrozenEngine,1100,05/16/2022, 10:17:12,540
FROV00001,FrozenEngine,1100,05/16/2022, 11:12:36,540
FROV00001,FrozenEngine,1100,05/16/2022, 12:29:07,540
FROV00001,FrozenEngine,1100,05/16/2022, 13:38:07,540
FROV00001,FrozenEngine,1100,05/16/2022, 14:14:51,540
FROV00001,FrozenEngine,1100,05/16/2022, 15:16:15,540
FROV00001,FrozenEngine,1101,05/16/2022, 16:22:16,540
FROV00001,FrozenEngine,1101,05/16/2022, 17:20:07,540
FROV00001,FrozenEngine,1101,05/16/2022, 18:18:47,540
FROV00001,FrozenEngine,1101,05/16/2022, 19:11:39,540
FROV00001,FrozenEngine,1101,05/16/2022, 20:15:47,540
FROV00001,FrozenEngine,1101,05/16/2022, 21:13:16,540
FROV00001,FrozenEngine,1101,05/16/2022, 22:14:06,540
FROV00001,FrozenEngine,1101,05/16/2022, 23:14:38,540
FROV00001,FrozenEngine,1101,05/17/2022, 01:05:46,540
FROV00001,FrozenEngine,1101,05/17/2022, 03:22:28,540
FROV00001,FrozenEngine,1101,05/17/2022, 04:29:27,540
FROV00001,FrozenEngine,1101,05/17/2022, 05:18:49,540
FROV00001,FrozenEngine,1101,05/17/2022, 06:18:22,540
FROV00001,FrozenEngine,1101,05/17/2022, 07:13:35,540
FROV00001,FrozenEngine,1101,05/17/2022, 08:18:55,540
FROV00001,FrozenEngine,1101,05/17/2022, 09:14:20,540
FROV00001,FrozenEngine,1101,05/17/2022, 10:15:35,540
FROV00001,FrozenEngine,1101,05/17/2022, 11:12:19,540
FROV00001,FrozenEngine,1101,05/17/2022, 12:28:52,540
FROV00001,FrozenEngine,1101,05/17/2022, 13:32:57,540
FROV00001,FrozenEngine,1101,05/17/2022, 14:12:17,540
FROV00001,FrozenEngine,1101,05/17/2022, 15:15:07,540
FROV00001,FrozenEngine,1102,05/17/2022, 16:20:54,540
FROV00001,FrozenEngine,1102,05/17/2022, 17:21:13,540
FROV00001,FrozenEngine,1102,05/17/2022, 18:17:48,540
FROV00001,FrozenEngine,1102,05/17/2022, 19:10:11,540
FROV00001,FrozenEngine,1102,05/17/2022, 20:15:04,540
FROV00001,FrozenEngine,1102,05/17/2022, 21:10:55,540
FROV00001,FrozenEngine,1102,05/17/2022, 22:14:51,540
FROV00001,FrozenEngine,1102,05/17/2022, 23:14:20,540
FROV00001,FrozenEngine,1102,05/18/2022, 00:55:41,540
FROV00001,FrozenEngine,1102,05/18/2022, 02:53:42,540
FROV00001,FrozenEngine,1102,05/18/2022, 03:51:43,540
FROV00001,FrozenEngine,1102,05/18/2022, 04:26:52,540
FROV00001,FrozenEngine,1102,05/18/2022, 05:18:44,540
FROV00001,FrozenEngine,1102,05/18/2022, 06:18:25,540
FROV00001,FrozenEngine,1102,05/18/2022, 07:13:34,540
FROV00001,FrozenEngine,1102,05/18/2022, 08:17:27,540
FROV00001,FrozenEngine,1102,05/18/2022, 09:17:27,540
FROV00001,FrozenEngine,1102,05/18/2022, 10:15:41,540
FROV00001,FrozenEngine,1102,05/18/2022, 11:12:20,540
FROV00001,FrozenEngine,1102,05/18/2022, 12:27:38,540
FROV00001,FrozenEngine,1102,05/18/2022, 13:37:20,540
FROV00001,FrozenEngine,1102,05/18/2022, 14:16:12,540
FROV00001,FrozenEngine,1102,05/18/2022, 15:15:12,540
FROV00001,FrozenEngine,1102,05/18/2022, 16:19:36,540
FROV00001,FrozenEngine,1102,05/18/2022, 17:21:31,540
FROV00001,FrozenEngine,1102,05/18/2022, 18:19:12,540
FROV00001,FrozenEngine,1102,05/18/2022, 19:12:09,540
FROV00001,FrozenEngine,1102,05/18/2022, 20:15:19,540
FROV00001,FrozenEngine,1102,05/18/2022, 21:13:28,540
FROV00001,FrozenEngine,1102,05/18/2022, 22:14:05,540
FROV00001,FrozenEngine,1102,05/18/2022, 23:14:12,540
FROV00001,FrozenEngine,1102,05/19/2022, 01:16:46,540
FROV00001,FrozenEngine,1102,05/19/2022, 03:23:06,540
FROV00001,FrozenEngine,1102,05/19/2022, 04:29:14,540
FROV00001,FrozenEngine,1102,05/19/2022, 05:18:59,540
FROV00001,FrozenEngine,1102,05/19/2022, 06:18:08,540
FROV00001,FrozenEngine,1102,05/19/2022, 07:13:57,540
FROV00001,FrozenEngine,1102,05/19/2022, 08:18:29,540
FROV00001,FrozenEngine,1102,05/19/2022, 09:14:52,540
FROV00001,FrozenEngine,1102,05/19/2022, 10:16:34,540
FROV00001,FrozenEngine,1102,05/19/2022, 11:12:37,540
FROV00001,FrozenEngine,1102,05/19/2022, 12:27:11,540
FROV00001,FrozenEngine,1102,05/19/2022, 13:37:12,540
FROV00001,FrozenEngine,1102,05/19/2022, 14:13:22,540
FROV00001,FrozenEngine,1102,05/19/2022, 15:20:42,540
FROV00001,FrozenEngine,1102,05/19/2022, 16:38:12,540
FROV00001,FrozenEngine,1102,05/19/2022, 17:42:35,540
FROV00001,FrozenEngine,1102,05/19/2022, 18:25:16,540
FROV00001,FrozenEngine,1102,05/19/2022, 19:12:39,540
FROV00001,FrozenEngine,1102,05/19/2022, 20:15:17,540
FROV00001,FrozenEngine,1102,05/19/2022, 21:13:06,540
FROV00001,FrozenEngine,1102,05/19/2022, 22:13:31,540
FROV00001,FrozenEngine,1102,05/19/2022, 23:14:24,540
FROV00001,FrozenEngine,1102,05/20/2022, 01:08:26,540
FROV00001,FrozenEngine,1102,05/20/2022, 03:12:26,540
FROV00001,FrozenEngine,1102,05/20/2022, 04:23:31,540
FROV00001,FrozenEngine,1102,05/20/2022, 05:16:07,540
FROV00001,FrozenEngine,1102,05/20/2022, 06:18:02,540
FROV00001,FrozenEngine,1102,05/20/2022, 07:13:42,540
FROV00001,FrozenEngine,1102,05/20/2022, 08:17:56,540
FROV00001,FrozenEngine,1102,05/20/2022, 09:18:24,540
FROV00001,FrozenEngine,1102,05/20/2022, 10:16:18,540
FROV00001,FrozenEngine,1102,05/20/2022, 11:12:37,540
FROV00001,FrozenEngine,1102,05/20/2022, 12:27:00,540
FROV00001,FrozenEngine,1102,05/20/2022, 13:34:05,540
FROV00001,FrozenEngine,1102,05/20/2022, 14:13:14,540
FROV00001,FrozenEngine,1102,05/20/2022, 15:15:31,540
FROV00001,FrozenEngine,1102,05/20/2022, 16:19:36,540
FROV00001,FrozenEngine,1102,05/20/2022, 17:20:20,540
FROV00001,FrozenEngine,1102,05/20/2022, 18:17:17,540
FROV00001,FrozenEngine,1102,05/20/2022, 19:11:59,540
FROV00001,FrozenEngine,1102,05/20/2022, 20:15:22,540
FROV00001,FrozenEngine,1102,05/20/2022, 21:13:53,540
FROV00001,FrozenEngine,1102,05/20/2022, 22:14:45,540
FROV00001,FrozenEngine,1102,05/20/2022, 23:15:00,540
FROV00001,FrozenEngine,1102,05/21/2022, 00:58:21,540
FROV00001,FrozenEngine,1102,05/21/2022, 02:24:03,540
FROV00001,FrozenEngine,1102,05/21/2022, 03:25:06,540
FROV00001,FrozenEngine,1102,05/21/2022, 04:17:42,540
FROV00001,FrozenEngine,1102,05/21/2022, 05:13:38,540
FROV00001,FrozenEngine,1102,05/21/2022, 06:17:57,540
FROV00001,FrozenEngine,1102,05/21/2022, 07:13:22,540
FROV00001,FrozenEngine,1102,05/21/2022, 08:17:22,540
FROV00001,FrozenEngine,1102,05/21/2022, 09:13:41,540
FROV00001,FrozenEngine,1102,05/21/2022, 10:14:51,540
FROV00001,FrozenEngine,1102,05/21/2022, 11:11:57,540
FROV00001,FrozenEngine,1102,05/21/2022, 12:23:16,540
FROV00001,FrozenEngine,1102,05/21/2022, 13:24:27,540
FROV00001,FrozenEngine,1102,05/21/2022, 14:12:39,540
FROV00001,FrozenEngine,1102,05/21/2022, 15:14:45,540
FROV00001,FrozenEngine,1102,05/21/2022, 16:18:04,540
FROV00001,FrozenEngine,1102,05/21/2022, 17:16:43,540
FROV00001,FrozenEngine,1102,05/21/2022, 18:16:16,540
FROV00001,FrozenEngine,1102,05/21/2022, 19:11:43,540
FROV00001,FrozenEngine,1102,05/21/2022, 20:15:03,540
FROV00001,FrozenEngine,1102,05/21/2022, 21:12:32,540
FROV00001,FrozenEngine,1102,05/21/2022, 22:13:33,540
FROV00001,FrozenEngine,1102,05/21/2022, 23:14:04,540
FROV00001,FrozenEngine,1102,05/22/2022, 01:04:46,540
FROV00001,FrozenEngine,1102,05/22/2022, 03:06:05,540
FROV00001,FrozenEngine,1102,05/22/2022, 04:18:23,540
FROV00001,FrozenEngine,1102,05/22/2022, 05:13:37,540
FROV00001,FrozenEngine,1102,05/22/2022, 06:17:22,540
FROV00001,FrozenEngine,1102,05/22/2022, 07:13:34,540
FROV00001,FrozenEngine,1102,05/22/2022, 08:16:49,540
FROV00001,FrozenEngine,1102,05/22/2022, 09:13:38,540
FROV00001,FrozenEngine,1102,05/22/2022, 10:15:23,540
FROV00001,FrozenEngine,1103,05/22/2022, 11:11:59,540
FROV00001,FrozenEngine,1103,05/22/2022, 12:23:30,540
FROV00001,FrozenEngine,1103,05/22/2022, 13:24:48,540
FROV00001,FrozenEngine,1103,05/22/2022, 14:13:06,540
FROV00001,FrozenEngine,1103,05/22/2022, 15:15:14,540
FROV00001,FrozenEngine,1103,05/22/2022, 16:18:10,540
FROV00001,FrozenEngine,1103,05/22/2022, 17:17:09,540
FROV00001,FrozenEngine,1103,05/22/2022, 18:16:05,540
FROV00001,FrozenEngine,1103,05/22/2022, 19:11:46,540
FROV00001,FrozenEngine,1103,05/22/2022, 20:14:30,540
FROV00001,FrozenEngine,1103,05/22/2022, 21:12:44,540
FROV00001,FrozenEngine,1103,05/22/2022, 22:13:55,540
FROV00001,FrozenEngine,1103,05/22/2022, 23:14:15,540
FROV00001,FrozenEngine,1103,05/23/2022, 01:01:33,540
FROV00001,FrozenEngine,1103,05/23/2022, 03:17:38,540
FROV00001,FrozenEngine,1103,05/23/2022, 04:30:15,540
FROV00001,FrozenEngine,1103,05/23/2022, 05:20:15,540
FROV00001,FrozenEngine,1103,05/23/2022, 06:20:03,540
FROV00001,FrozenEngine,1103,05/23/2022, 07:16:05,540
FROV00001,FrozenEngine,1103,05/23/2022, 08:18:14,540
FROV00001,FrozenEngine,1103,05/23/2022, 09:14:43,540
FROV00001,FrozenEngine,1103,05/23/2022, 10:16:20,540
FROV00001,FrozenEngine,1103,05/23/2022, 11:12:58,540
FROV00001,FrozenEngine,1103,05/23/2022, 12:27:40,540
FROV00001,FrozenEngine,1103,05/23/2022, 13:35:06,540
FROV00001,FrozenEngine,1103,05/23/2022, 14:14:28,540
FROV00001,FrozenEngine,1103,05/23/2022, 15:15:42,540
FROV00001,FrozenEngine,1103,05/23/2022, 16:19:31,540
FROV00001,FrozenEngine,1103,05/23/2022, 17:24:00,540
FROV00001,FrozenEngine,1103,05/23/2022, 18:17:34,540
FROV00001,FrozenEngine,1103,05/23/2022, 19:11:41,540
FROV00001,FrozenEngine,1103,05/23/2022, 20:15:49,540
FROV00001,FrozenEngine,1103,05/23/2022, 21:13:20,540
FROV00001,FrozenEngine,1103,05/23/2022, 22:15:05,540
FROV00001,FrozenEngine,1103,05/23/2022, 23:14:21,540
FROV00001,FrozenEngine,1103,05/24/2022, 01:10:59,540
FROV00001,FrozenEngine,1103,05/24/2022, 03:21:23,540
FROV00001,FrozenEngine,1104,05/24/2022, 04:30:37,540
FROV00001,FrozenEngine,1104,05/24/2022, 05:19:39,540
FROV00001,FrozenEngine,1104,05/24/2022, 06:18:02,540
FROV00001,FrozenEngine,1104,05/24/2022, 07:13:43,540
FROV00001,FrozenEngine,1104,05/24/2022, 08:18:40,540
FROV00001,FrozenEngine,1104,05/24/2022, 09:15:25,540
FROV00001,FrozenEngine,1104,05/24/2022, 10:15:57,540
FROV00001,FrozenEngine,1104,05/24/2022, 11:12:20,540
FROV00001,FrozenEngine,1104,05/24/2022, 12:28:53,540
FROV00001,FrozenEngine,1104,05/24/2022, 13:36:21,540
FROV00001,FrozenEngine,1104,05/24/2022, 14:14:17,540
FROV00001,FrozenEngine,1104,05/24/2022, 15:15:09,540
FROV00001,FrozenEngine,1104,05/24/2022, 16:20:56,540
FROV00001,FrozenEngine,1104,05/24/2022, 17:21:42,540
FROV00001,FrozenEngine,1104,05/24/2022, 18:18:44,540
FROV00001,FrozenEngine,1104,05/24/2022, 19:11:35,540
FROV00001,FrozenEngine,1104,05/24/2022, 20:16:25,540
FROV00001,FrozenEngine,1104,05/24/2022, 21:13:29,540
FROV00001,FrozenEngine,1104,05/24/2022, 22:14:27,540
FROV00001,FrozenEngine,1105,05/24/2022, 23:14:55,540
FROV00001,FrozenEngine,1105,05/25/2022, 01:08:27,540
FROV00001,FrozenEngine,1105,05/25/2022, 03:17:33,540
FROV00001,FrozenEngine,1105,05/25/2022, 04:26:44,540
FROV00001,FrozenEngine,1105,05/25/2022, 05:18:35,540
FROV00001,FrozenEngine,1105,05/25/2022, 06:18:27,540
FROV00001,FrozenEngine,1105,05/25/2022, 07:13:49,540
FROV00001,FrozenEngine,1105,05/25/2022, 08:18:02,540
FROV00001,FrozenEngine,1105,05/25/2022, 09:14:35,540
FROV00001,FrozenEngine,1105,05/25/2022, 10:17:41,540
FROV00001,FrozenEngine,1105,05/25/2022, 11:13:19,540
FROV00001,FrozenEngine,1105,05/25/2022, 12:27:44,540
FROV00001,FrozenEngine,1105,05/25/2022, 13:38:10,540
FROV00001,FrozenEngine,1105,05/25/2022, 14:15:16,540
FROV00001,FrozenEngine,1105,05/25/2022, 15:16:44,540
FROV00001,FrozenEngine,1105,05/25/2022, 16:20:28,540
FROV00001,FrozenEngine,1105,05/25/2022, 17:22:27,540
FROV00001,FrozenEngine,1105,05/25/2022, 18:17:28,540
FROV00001,FrozenEngine,1105,05/25/2022, 19:12:00,540
FROV00001,FrozenEngine,1105,05/25/2022, 20:15:19,540
FROV00001,FrozenEngine,1105,05/25/2022, 21:13:34,540
FROV00001,FrozenEngine,1105,05/25/2022, 22:14:47,540
FROV00001,FrozenEngine,1105,05/25/2022, 23:14:24,540
FROV00001,FrozenEngine,1105,05/26/2022, 01:11:33,540
FROV00001,FrozenEngine,1105,05/26/2022, 03:21:46,540
FROV00001,FrozenEngine,1105,05/26/2022, 04:27:50,540
FROV00001,FrozenEngine,1105,05/26/2022, 05:18:18,540
FROV00001,FrozenEngine,1105,05/26/2022, 06:17:57,540
FROV00001,FrozenEngine,1105,05/26/2022, 07:14:00,540
FROV00001,FrozenEngine,1105,05/26/2022, 08:19:24,540
FROV00001,FrozenEngine,1105,05/26/2022, 09:14:50,540
FROV00001,FrozenEngine,1105,05/26/2022, 10:15:45,540
FROV00001,FrozenEngine,1105,05/26/2022, 11:12:45,540
FROV00001,FrozenEngine,1105,05/26/2022, 12:28:10,540
FROV00001,FrozenEngine,1105,05/26/2022, 13:33:10,540
FROV00001,FrozenEngine,1105,05/26/2022, 14:13:38,540
FROV00001,FrozenEngine,1105,05/26/2022, 15:16:47,540
FROV00001,FrozenEngine,1105,05/26/2022, 16:20:48,540
FROV00001,FrozenEngine,1105,05/26/2022, 17:21:45,540
FROV00001,FrozenEngine,1105,05/26/2022, 18:18:09,540
FROV00001,FrozenEngine,1105,05/26/2022, 19:11:25,540
FROV00001,FrozenEngine,1105,05/26/2022, 20:16:15,540
FROV00001,FrozenEngine,1105,05/26/2022, 21:13:58,540
FROV00001,FrozenEngine,1105,05/26/2022, 22:15:10,540
FROV00001,FrozenEngine,1105,05/26/2022, 23:13:38,540
FROV00001,FrozenEngine,1105,05/27/2022, 01:04:28,540
FROV00001,FrozenEngine,1105,05/27/2022, 03:23:04,540
FROV00001,FrozenEngine,1106,05/27/2022, 04:29:05,540
FROV00001,FrozenEngine,1106,05/27/2022, 05:18:58,540
FROV00001,FrozenEngine,1106,05/27/2022, 06:18:43,540
FROV00001,FrozenEngine,1106,05/27/2022, 07:13:52,540
FROV00001,FrozenEngine,1106,05/27/2022, 08:18:08,540
FROV00001,FrozenEngine,1106,05/27/2022, 09:15:12,540
FROV00001,FrozenEngine,1106,05/27/2022, 10:16:39,540
FROV00001,FrozenEngine,1106,05/27/2022, 11:13:54,540
FROV00001,FrozenEngine,1106,05/27/2022, 12:28:18,540
FROV00001,FrozenEngine,1106,05/27/2022, 13:35:02,540
FROV00001,FrozenEngine,1106,05/27/2022, 14:13:06,540
FROV00001,FrozenEngine,1106,05/27/2022, 15:15:02,540
FROV00001,FrozenEngine,1106,05/27/2022, 16:20:14,540
FROV00001,FrozenEngine,1106,05/27/2022, 17:19:51,540
FROV00001,FrozenEngine,1106,05/27/2022, 18:17:32,540
FROV00001,FrozenEngine,1106,05/27/2022, 19:11:47,540
FROV00001,FrozenEngine,1106,05/27/2022, 20:15:28,540
FROV00001,FrozenEngine,1106,05/27/2022, 21:13:28,540
FROV00001,FrozenEngine,1106,05/27/2022, 22:13:53,540
FROV00001,FrozenEngine,1107,05/27/2022, 23:14:17,540
FROV00001,FrozenEngine,1107,05/28/2022, 01:04:40,540
FROV00001,FrozenEngine,1107,05/28/2022, 03:06:51,540
FROV00001,FrozenEngine,1107,05/28/2022, 04:18:28,540
FROV00001,FrozenEngine,1107,05/28/2022, 05:13:53,540
FROV00001,FrozenEngine,1107,05/28/2022, 06:17:39,540
FROV00001,FrozenEngine,1107,05/28/2022, 07:13:20,540
FROV00001,FrozenEngine,1107,05/28/2022, 08:18:29,540
FROV00001,FrozenEngine,1107,05/28/2022, 09:13:30,540
FROV00001,FrozenEngine,1107,05/28/2022, 10:14:57,540
FROV00001,FrozenEngine,1107,05/28/2022, 11:12:21,540
FROV00001,FrozenEngine,1107,05/28/2022, 12:22:43,540
FROV00001,FrozenEngine,1107,05/28/2022, 13:24:54,540
FROV00001,FrozenEngine,1107,05/28/2022, 14:13:18,540
FROV00001,FrozenEngine,1107,05/28/2022, 15:14:34,540
FROV00001,FrozenEngine,1107,05/28/2022, 16:20:07,540
FROV00001,FrozenEngine,1107,05/28/2022, 17:18:06,540
FROV00001,FrozenEngine,1107,05/28/2022, 18:16:22,540
FROV00001,FrozenEngine,1107,05/28/2022, 19:11:49,540
FROV00001,FrozenEngine,1107,05/28/2022, 21:12:38,540
FROV00001,FrozenEngine,1107,05/28/2022, 22:13:52,540
FROV00001,FrozenEngine,1107,05/28/2022, 23:14:19,540
FROV00001,FrozenEngine,1107,05/29/2022, 01:09:27,540
FROV00001,FrozenEngine,1107,05/29/2022, 03:24:43,540
FROV00001,FrozenEngine,1107,05/29/2022, 04:27:50,540
FROV00001,FrozenEngine,1107,05/29/2022, 05:17:19,540
FROV00001,FrozenEngine,1107,05/29/2022, 06:17:19,540
FROV00001,FrozenEngine,1107,05/29/2022, 07:13:18,540
FROV00001,FrozenEngine,1107,05/29/2022, 08:17:05,540
FROV00001,FrozenEngine,1107,05/29/2022, 09:13:41,540
FROV00001,FrozenEngine,1107,05/29/2022, 10:15:14,540
FROV00001,FrozenEngine,1107,05/29/2022, 11:12:05,540
FROV00001,FrozenEngine,1107,05/29/2022, 12:23:25,540
FROV00001,FrozenEngine,1107,05/29/2022, 13:25:22,540
FROV00001,FrozenEngine,1107,05/29/2022, 14:13:15,540
FROV00001,FrozenEngine,1107,05/29/2022, 15:14:13,540
FROV00001,FrozenEngine,1107,05/29/2022, 16:18:12,540
FROV00001,FrozenEngine,1107,05/29/2022, 17:17:59,540
FROV00001,FrozenEngine,1107,05/29/2022, 18:16:21,540
FROV00001,FrozenEngine,1107,05/29/2022, 19:12:07,540
FROV00001,FrozenEngine,1107,05/29/2022, 20:15:20,540
FROV00001,FrozenEngine,1107,05/29/2022, 21:12:50,540
FROV00001,FrozenEngine,1107,05/29/2022, 22:14:09,540
FROV00001,FrozenEngine,1107,05/29/2022, 23:13:59,540
FROV00001,FrozenEngine,1107,05/30/2022, 01:12:38,540
FROV00001,FrozenEngine,1107,05/30/2022, 03:28:34,540
FROV00001,FrozenEngine,1107,05/30/2022, 04:34:29,540
FROV00001,FrozenEngine,1107,05/30/2022, 05:23:35,540
FROV00001,FrozenEngine,1107,05/30/2022, 06:21:21,540
FROV00001,FrozenEngine,1108,05/30/2022, 07:16:16,540
FROV00001,FrozenEngine,1108,05/30/2022, 08:19:41,540
FROV00001,FrozenEngine,1108,05/30/2022, 09:16:28,540
FROV00001,FrozenEngine,1108,05/30/2022, 10:15:16,540
FROV00001,FrozenEngine,1108,05/30/2022, 11:12:59,540
FROV00001,FrozenEngine,1108,05/30/2022, 12:25:46,540
FROV00001,FrozenEngine,1108,05/30/2022, 13:38:47,540
FROV00001,FrozenEngine,1108,05/30/2022, 14:14:46,540
FROV00001,FrozenEngine,1108,05/30/2022, 15:16:39,540
FROV00001,FrozenEngine,1108,05/30/2022, 16:19:40,540
FROV00001,FrozenEngine,1108,05/30/2022, 17:20:35,540
FROV00001,FrozenEngine,1108,05/30/2022, 18:17:19,540
FROV00001,FrozenEngine,1108,05/30/2022, 19:11:59,540
FROV00001,FrozenEngine,1108,05/30/2022, 20:15:29,540
FROV00001,FrozenEngine,1108,05/30/2022, 21:13:20,540
FROV00001,FrozenEngine,1108,05/30/2022, 22:15:06,540
FROV00001,FrozenEngine,1108,05/30/2022, 23:14:49,540
FROV00001,FrozenEngine,1108,05/31/2022, 01:07:31,540
FROV00001,FrozenEngine,1108,05/31/2022, 03:20:35,540
FROV00001,FrozenEngine,1108,05/31/2022, 04:29:29,540
FROV00001,FrozenEngine,1108,05/31/2022, 05:20:01,540
FROV00001,FrozenEngine,1108,05/31/2022, 06:18:15,540
FROV00001,FrozenEngine,1108,05/31/2022, 07:14:26,540
FROV00001,FrozenEngine,1108,05/31/2022, 08:21:02,540
FROV00001,FrozenEngine,1108,05/31/2022, 09:14:02,540
FROV00001,FrozenEngine,1108,05/31/2022, 10:16:45,540
FROV00001,FrozenEngine,1108,05/31/2022, 11:12:47,540
FROV00001,FrozenEngine,1108,05/31/2022, 12:27:29,540
FROV00001,FrozenEngine,1108,05/31/2022, 13:37:06,540
FROV00001,FrozenEngine,1108,05/31/2022, 14:14:14,540
FROV00001,FrozenEngine,1108,05/31/2022, 15:18:30,540
FROV00001,FrozenEngine,1108,05/31/2022, 16:22:26,540
FROV00001,FrozenEngine,1108,05/31/2022, 17:25:18,540
FROV00001,FrozenEngine,1108,05/31/2022, 18:17:38,540
FROV00001,FrozenEngine,1108,05/31/2022, 19:11:36,540
FROV00001,FrozenEngine,1108,05/31/2022, 20:16:52,540
FROV00001,FrozenEngine,1108,05/31/2022, 21:13:22,540
FROV00001,FrozenEngine,1108,05/31/2022, 22:14:32,540
FROV00001,FrozenEngine,1108,05/31/2022, 23:14:45,540
FROV00001,FrozenEngine,1108,06/01/2022, 01:17:00,540
FROV00001,FrozenEngine,1108,06/01/2022, 04:00:37,540
FROV00001,FrozenEngine,1108,06/01/2022, 05:18:37,540
FROV00001,FrozenEngine,1108,06/01/2022, 06:22:14,540
FROV00001,FrozenEngine,1108,06/01/2022, 07:16:07,540
FROV00001,FrozenEngine,1108,06/01/2022, 08:21:13,540
FROV00001,FrozenEngine,1108,06/01/2022, 09:16:22,540
FROV00001,FrozenEngine,1108,06/01/2022, 10:19:00,540
FROV00001,FrozenEngine,1108,06/01/2022, 11:12:59,540
FROV00001,FrozenEngine,1108,06/01/2022, 12:31:24,540
FROV00001,FrozenEngine,1108,06/01/2022, 13:44:31,540
FROV00001,FrozenEngine,1108,06/01/2022, 14:21:10,540
FROV00001,FrozenEngine,1108,06/01/2022, 15:16:34,540
FROV00001,FrozenEngine,1108,06/01/2022, 16:20:40,540
FROV00001,FrozenEngine,1108,06/01/2022, 17:23:46,540
FROV00001,FrozenEngine,1108,06/01/2022, 18:17:59,540
FROV00001,FrozenEngine,1108,06/01/2022, 19:14:26,540
FROV00001,FrozenEngine,1108,06/01/2022, 20:15:55,540
FROV00001,FrozenEngine,1108,06/01/2022, 21:14:05,540
FROV00001,FrozenEngine,1108,06/01/2022, 22:15:15,540
FROV00001,FrozenEngine,1108,06/01/2022, 23:14:54,540
FROV00001,FrozenEngine,1108,06/02/2022, 01:11:53,540
FROV00001,FrozenEngine,1108,06/02/2022, 03:43:56,540
FROV00001,FrozenEngine,1109,06/02/2022, 05:28:25,540
FROV00001,FrozenEngine,1109,06/02/2022, 06:18:32,540
FROV00001,FrozenEngine,1109,06/02/2022, 07:15:18,540
FROV00001,FrozenEngine,1109,06/02/2022, 09:14:36,540
FROV00001,FrozenEngine,1109,06/02/2022, 10:16:41,540
FROV00001,FrozenEngine,1109,06/02/2022, 11:13:20,540
FROV00001,FrozenEngine,1109,06/02/2022, 12:29:57,540
FROV00001,FrozenEngine,1109,06/02/2022, 13:41:42,540
FROV00001,FrozenEngine,1109,06/02/2022, 14:17:06,540
FROV00001,FrozenEngine,1109,06/02/2022, 15:15:34,540
FROV00001,FrozenEngine,1109,06/02/2022, 16:20:46,540
FROV00001,FrozenEngine,1109,06/02/2022, 17:25:22,540
FROV00001,FrozenEngine,1109,06/02/2022, 18:17:36,540
FROV00001,FrozenEngine,1109,06/02/2022, 19:11:48,540
FROV00001,FrozenEngine,1109,06/02/2022, 20:14:58,540
FROV00001,FrozenEngine,1109,06/02/2022, 21:12:36,540
FROV00001,FrozenEngine,1109,06/02/2022, 22:12:52,540
FROV00001,FrozenEngine,1109,06/02/2022, 23:14:07,540
FROV00001,FrozenEngine,1109,06/03/2022, 00:59:42,540
FROV00001,FrozenEngine,1109,06/03/2022, 02:54:06,540
FROV00001,FrozenEngine,1109,06/03/2022, 03:42:26,540
FROV00001,FrozenEngine,1109,06/03/2022, 04:17:13,540
FROV00001,FrozenEngine,1109,06/03/2022, 05:13:17,540
FROV00001,FrozenEngine,1109,06/03/2022, 06:16:41,540
FROV00001,FrozenEngine,1109,06/03/2022, 07:13:10,540
FROV00001,FrozenEngine,1109,06/03/2022, 08:16:19,540
FROV00001,FrozenEngine,1109,06/03/2022, 09:14:17,540
FROV00001,FrozenEngine,1109,06/03/2022, 10:16:11,540
FROV00001,FrozenEngine,1109,06/03/2022, 11:11:31,540
FROV00001,FrozenEngine,1109,06/03/2022, 12:24:33,540
FROV00001,FrozenEngine,1109,06/03/2022, 13:28:36,540
FROV00001,FrozenEngine,1109,06/03/2022, 14:12:08,540
FROV00001,FrozenEngine,1110,06/03/2022, 15:13:54,540
FROV00001,FrozenEngine,1110,06/03/2022, 16:18:34,540
FROV00001,FrozenEngine,1110,06/03/2022, 17:15:23,540
FROV00001,FrozenEngine,1110,06/03/2022, 18:16:32,540
FROV00001,FrozenEngine,1110,06/03/2022, 19:10:46,540
FROV00001,FrozenEngine,1110,06/03/2022, 20:14:21,540
FROV00001,FrozenEngine,1110,06/03/2022, 21:11:33,540
FROV00001,FrozenEngine,1110,06/03/2022, 22:13:02,540
FROV00001,FrozenEngine,1110,06/03/2022, 23:12:58,540
FROV00001,FrozenEngine,1110,06/04/2022, 01:01:30,540
FROV00001,FrozenEngine,1110,06/04/2022, 03:05:51,540
FROV00001,FrozenEngine,1110,06/04/2022, 04:15:45,540
FROV00001,FrozenEngine,1110,06/04/2022, 05:11:58,540
FROV00001,FrozenEngine,1110,06/04/2022, 06:15:26,540
FROV00001,FrozenEngine,1110,06/04/2022, 07:12:55,540
FROV00001,FrozenEngine,1110,06/04/2022, 08:15:41,540
FROV00001,FrozenEngine,1110,06/04/2022, 09:13:11,540
FROV00001,FrozenEngine,1110,06/04/2022, 10:13:33,540
FROV00001,FrozenEngine,1110,06/04/2022, 11:12:26,540
FROV00001,FrozenEngine,1110,06/04/2022, 12:20:39,540
FROV00001,FrozenEngine,1110,06/04/2022, 13:19:30,540
FROV00001,FrozenEngine,1110,06/04/2022, 14:11:25,540
FROV00001,FrozenEngine,1110,06/04/2022, 15:12:47,540
FROV00001,FrozenEngine,1110,06/04/2022, 16:16:22,540
FROV00001,FrozenEngine,1110,06/04/2022, 17:11:58,540
FROV00001,FrozenEngine,1110,06/04/2022, 18:14:45,540
FROV00001,FrozenEngine,1110,06/04/2022, 19:10:23,540
FROV00001,FrozenEngine,1110,06/04/2022, 20:13:15,540
FROV00001,FrozenEngine,1110,06/04/2022, 21:13:19,540
FROV00001,FrozenEngine,1110,06/04/2022, 22:12:23,540
FROV00001,FrozenEngine,1110,06/04/2022, 23:13:38,540
FROV00001,FrozenEngine,1110,06/05/2022, 01:11:08,540
FROV00001,FrozenEngine,1110,06/05/2022, 03:07:46,540
FROV00001,FrozenEngine,1110,06/05/2022, 04:15:27,540
FROV00001,FrozenEngine,1111,06/05/2022, 05:13:21,540
FROV00001,FrozenEngine,1111,06/05/2022, 06:15:38,540
FROV00001,FrozenEngine,1111,06/05/2022, 07:12:49,540
FROV00001,FrozenEngine,1111,06/05/2022, 08:16:09,540
FROV00001,FrozenEngine,1111,06/05/2022, 09:12:14,540
FROV00001,FrozenEngine,1111,06/05/2022, 10:13:23,540
FROV00001,FrozenEngine,1111,06/05/2022, 11:11:10,540
FROV00001,FrozenEngine,1111,06/05/2022, 12:21:36,540
FROV00001,FrozenEngine,1111,06/05/2022, 13:20:08,540
FROV00001,FrozenEngine,1111,06/05/2022, 14:12:20,540
FROV00001,FrozenEngine,1111,06/05/2022, 15:13:03,540
FROV00001,FrozenEngine,1113,06/05/2022, 16:17:02,540
FROV00001,FrozenEngine,1113,06/05/2022, 17:11:33,540
FROV00001,FrozenEngine,1113,06/05/2022, 18:15:42,540
FROV00001,FrozenEngine,1113,06/05/2022, 19:11:46,540
FROV00001,FrozenEngine,1113,06/05/2022, 20:13:19,540
FROV00001,FrozenEngine,1113,06/05/2022, 21:12:08,540
FROV00001,FrozenEngine,1113,06/05/2022, 22:12:10,540
FROV00001,FrozenEngine,1113,06/05/2022, 23:12:44,540
FROV00001,FrozenEngine,1113,06/06/2022, 01:06:59,540
FROV00001,FrozenEngine,1113,06/06/2022, 03:16:56,540
FROV00001,FrozenEngine,1113,06/06/2022, 04:27:53,540
FROV00001,FrozenEngine,1113,06/06/2022, 05:15:11,540
FROV00001,FrozenEngine,1113,06/06/2022, 06:17:32,540
FROV00001,FrozenEngine,1113,06/06/2022, 07:12:54,540
FROV00001,FrozenEngine,1113,06/06/2022, 08:16:23,540
FROV00001,FrozenEngine,1113,06/06/2022, 09:13:21,540
FROV00001,FrozenEngine,1113,06/06/2022, 10:16:21,540
FROV00001,FrozenEngine,1113,06/06/2022, 11:10:47,540
FROV00001,FrozenEngine,1113,06/06/2022, 12:26:34,540
FROV00001,FrozenEngine,1113,06/06/2022, 13:35:46,540
FROV00001,FrozenEngine,1113,06/06/2022, 14:11:43,540
FROV00001,FrozenEngine,1113,06/06/2022, 15:14:24,540
FROV00001,FrozenEngine,1113,06/06/2022, 16:18:39,540
FROV00001,FrozenEngine,1113,06/06/2022, 17:17:09,540
FROV00001,FrozenEngine,1113,06/06/2022, 18:20:14,540
FROV00001,FrozenEngine,1113,06/06/2022, 19:12:34,540
FROV00001,FrozenEngine,1113,06/06/2022, 20:13:59,540
FROV00001,FrozenEngine,1113,06/06/2022, 21:11:42,540
FROV00001,FrozenEngine,1113,06/06/2022, 22:13:51,540
FROV00001,FrozenEngine,1113,06/06/2022, 23:13:28,540
FROV00001,FrozenEngine,1113,06/07/2022, 01:00:57,540
FROV00001,FrozenEngine,1113,06/07/2022, 02:59:48,540
FROV00001,FrozenEngine,1113,06/07/2022, 03:57:16,540
FROV00001,FrozenEngine,1113,06/07/2022, 04:23:07,540
FROV00001,FrozenEngine,1113,06/07/2022, 05:12:01,540
FROV00001,FrozenEngine,1113,06/07/2022, 06:21:25,540
FROV00001,FrozenEngine,1113,06/07/2022, 07:14:03,540
FROV00001,FrozenEngine,1113,06/07/2022, 08:17:51,540
FROV00001,FrozenEngine,1113,06/07/2022, 09:13:27,540
FROV00001,FrozenEngine,1113,06/07/2022, 10:15:10,540
FROV00001,FrozenEngine,1113,06/07/2022, 11:12:17,540
FROV00001,FrozenEngine,1113,06/07/2022, 12:27:30,540
FROV00001,FrozenEngine,1113,06/07/2022, 13:32:01,540
FROV00001,FrozenEngine,1113,06/07/2022, 14:12:52,540
FROV00001,FrozenEngine,1113,06/07/2022, 15:13:58,540
FROV00001,FrozenEngine,1113,06/07/2022, 16:18:58,540
FROV00001,FrozenEngine,1113,06/07/2022, 17:19:04,540
FROV00001,FrozenEngine,1113,06/07/2022, 18:16:05,540
FROV00001,FrozenEngine,1113,06/07/2022, 19:11:54,540
FROV00001,FrozenEngine,1113,06/07/2022, 20:15:16,540
FROV00001,FrozenEngine,1113,06/07/2022, 21:11:59,540
FROV00001,FrozenEngine,1113,06/07/2022, 22:12:58,540
FROV00001,FrozenEngine,1113,06/07/2022, 23:13:07,540
FROV00001,FrozenEngine,1113,06/08/2022, 01:03:09,540
FROV00001,FrozenEngine,1113,06/08/2022, 03:20:00,540
FROV00001,FrozenEngine,1113,06/08/2022, 04:27:10,540
FROV00001,FrozenEngine,1113,06/08/2022, 05:13:25,540
FROV00001,FrozenEngine,1113,06/08/2022, 06:16:47,540
FROV00001,FrozenEngine,1113,06/08/2022, 07:13:36,540
FROV00001,FrozenEngine,1113,06/08/2022, 08:19:47,540
FROV00001,FrozenEngine,1113,06/08/2022, 09:13:29,540
FROV00001,FrozenEngine,1113,06/08/2022, 10:14:47,540
FROV00001,FrozenEngine,1113,06/08/2022, 11:11:16,540
FROV00001,FrozenEngine,1113,06/08/2022, 12:28:59,540
FROV00001,FrozenEngine,1113,06/08/2022, 13:35:45,540
FROV00001,FrozenEngine,1113,06/08/2022, 14:12:34,540
FROV00001,FrozenEngine,1113,06/08/2022, 15:13:27,540
FROV00001,FrozenEngine,1113,06/08/2022, 16:17:55,540
FROV00001,FrozenEngine,1113,06/08/2022, 17:17:30,540
FROV00001,FrozenEngine,1113,06/08/2022, 18:16:08,540
FROV00001,FrozenEngine,1113,06/08/2022, 19:11:12,540
FROV00001,FrozenEngine,1113,06/08/2022, 20:18:13,540
FROV00001,FrozenEngine,1113,06/08/2022, 21:12:08,540
FROV00001,FrozenEngine,1113,06/08/2022, 22:13:07,540
FROV00001,FrozenEngine,1113,06/08/2022, 23:13:49,540
FROV00001,FrozenEngine,1113,06/09/2022, 01:06:16,540
FROV00001,FrozenEngine,1113,06/09/2022, 03:20:46,540
FROV00001,FrozenEngine,1113,06/09/2022, 04:25:26,540
FROV00001,FrozenEngine,1113,06/09/2022, 05:13:21,540
FROV00001,FrozenEngine,1113,06/09/2022, 06:17:19,540
FROV00001,FrozenEngine,1113,06/09/2022, 07:13:34,540
FROV00001,FrozenEngine,1113,06/09/2022, 08:19:35,540
FROV00001,FrozenEngine,1113,06/09/2022, 09:18:23,540
FROV00001,FrozenEngine,1113,06/09/2022, 10:16:05,540
FROV00001,FrozenEngine,1113,06/09/2022, 11:11:38,540
FROV00001,FrozenEngine,1113,06/09/2022, 12:28:31,540
FROV00001,FrozenEngine,1113,06/09/2022, 13:34:25,540
FROV00001,FrozenEngine,1113,06/09/2022, 14:12:19,540
FROV00001,FrozenEngine,1113,06/09/2022, 15:14:11,540
FROV00001,FrozenEngine,1113,06/09/2022, 16:18:08,540
FROV00001,FrozenEngine,1113,06/09/2022, 17:18:08,540
FROV00001,FrozenEngine,1113,06/09/2022, 18:16:33,540
FROV00001,FrozenEngine,1113,06/09/2022, 19:11:36,540
FROV00001,FrozenEngine,1113,06/09/2022, 20:15:09,540
FROV00001,FrozenEngine,1113,06/09/2022, 21:10:45,540
FROV00001,FrozenEngine,1113,06/09/2022, 22:14:22,540
FROV00001,FrozenEngine,1113,06/09/2022, 23:13:29,540
FROV00001,FrozenEngine,1113,06/10/2022, 01:08:17,540
FROV00001,FrozenEngine,1113,06/10/2022, 03:18:08,540
FROV00001,FrozenEngine,1113,06/10/2022, 04:21:43,540
FROV00001,FrozenEngine,1113,06/10/2022, 05:12:17,540
FROV00001,FrozenEngine,1113,06/10/2022, 06:16:36,540
FROV00001,FrozenEngine,1113,06/10/2022, 07:14:09,540
FROV00001,FrozenEngine,1114,06/10/2022, 08:16:56,540
FROV00001,FrozenEngine,1114,06/10/2022, 09:13:19,540
FROV00001,FrozenEngine,1114,06/10/2022, 10:14:54,540
FROV00001,FrozenEngine,1114,06/10/2022, 11:12:16,540
FROV00001,FrozenEngine,1114,06/10/2022, 12:27:47,540
FROV00001,FrozenEngine,1114,06/10/2022, 13:32:12,540
FROV00001,FrozenEngine,1114,06/10/2022, 14:12:25,540
FROV00001,FrozenEngine,1114,06/10/2022, 15:16:06,540
FROV00001,FrozenEngine,1114,06/10/2022, 16:20:38,540
FROV00001,FrozenEngine,1114,06/10/2022, 17:16:56,540
FROV00001,FrozenEngine,1114,06/10/2022, 18:17:18,540
FROV00001,FrozenEngine,1114,06/10/2022, 19:11:13,540
FROV00001,FrozenEngine,1114,06/10/2022, 20:13:54,540
FROV00001,FrozenEngine,1114,06/10/2022, 21:11:59,540
FROV00001,FrozenEngine,1114,06/10/2022, 22:12:48,540
FROV00001,FrozenEngine,1114,06/10/2022, 23:13:55,540
FROV00001,FrozenEngine,1114,06/11/2022, 01:01:01,540
FROV00001,FrozenEngine,1114,06/11/2022, 02:59:35,540
FROV00001,FrozenEngine,1114,06/11/2022, 03:45:58,540
FROV00001,FrozenEngine,1114,06/11/2022, 04:17:56,540
FROV00001,FrozenEngine,1114,06/11/2022, 05:11:56,540
FROV00001,FrozenEngine,1114,06/11/2022, 06:15:51,540
FROV00001,FrozenEngine,1114,06/11/2022, 07:12:34,540
FROV00001,FrozenEngine,1114,06/11/2022, 08:15:56,540
FROV00001,FrozenEngine,1114,06/11/2022, 09:12:17,540
FROV00001,FrozenEngine,1114,06/11/2022, 10:13:41,540
FROV00001,FrozenEngine,1114,06/11/2022, 11:11:22,540
FROV00001,FrozenEngine,1114,06/11/2022, 12:21:47,540
FROV00001,FrozenEngine,1114,06/11/2022, 13:20:38,540
FROV00001,FrozenEngine,1114,06/11/2022, 14:11:59,540
FROV00001,FrozenEngine,1114,06/11/2022, 15:12:56,540
FROV00001,FrozenEngine,1114,06/11/2022, 16:16:21,540
FROV00001,FrozenEngine,1114,06/11/2022, 17:11:39,540
FROV00001,FrozenEngine,1114,06/11/2022, 18:14:53,540
FROV00001,FrozenEngine,1114,06/11/2022, 19:10:27,540
FROV00001,FrozenEngine,1114,06/11/2022, 20:13:43,540
FROV00001,FrozenEngine,1114,06/11/2022, 21:11:09,540
FROV00001,FrozenEngine,1114,06/11/2022, 22:12:15,540
FROV00001,FrozenEngine,1114,06/11/2022, 23:12:44,540
FROV00001,FrozenEngine,1114,06/12/2022, 01:08:29,540
FROV00001,FrozenEngine,1114,06/12/2022, 03:20:21,540
FROV00001,FrozenEngine,1114,06/12/2022, 04:20:34,540
FROV00001,FrozenEngine,1114,06/12/2022, 05:11:47,540
FROV00001,FrozenEngine,1114,06/12/2022, 06:17:02,540
FROV00001,FrozenEngine,1114,06/12/2022, 07:12:27,540
FROV00001,FrozenEngine,1114,06/12/2022, 08:15:33,540
FROV00001,FrozenEngine,1114,06/12/2022, 09:13:29,540
FROV00001,FrozenEngine,1114,06/12/2022, 10:13:36,540
FROV00001,FrozenEngine,1114,06/12/2022, 11:10:51,540
FROV00001,FrozenEngine,1114,06/12/2022, 12:20:56,540
FROV00001,FrozenEngine,1114,06/12/2022, 13:20:14,540
FROV00001,FrozenEngine,1114,06/12/2022, 14:11:42,540
FROV00001,FrozenEngine,1114,06/12/2022, 15:12:53,540
FROV00001,FrozenEngine,1114,06/12/2022, 16:17:05,540
FROV00001,FrozenEngine,1114,06/12/2022, 17:12:08,540
FROV00001,FrozenEngine,1114,06/12/2022, 18:15:00,540
FROV00001,FrozenEngine,1114,06/12/2022, 19:10:29,540
FROV00001,FrozenEngine,1114,06/12/2022, 20:14:25,540
FROV00001,FrozenEngine,1114,06/12/2022, 21:11:16,540
FROV00001,FrozenEngine,1114,06/12/2022, 22:13:25,540
FROV00001,FrozenEngine,1114,06/12/2022, 23:13:11,540
FROV00001,FrozenEngine,1114,06/13/2022, 01:10:20,540
FROV00001,FrozenEngine,1114,06/13/2022, 03:28:11,540
FROV00001,FrozenEngine,1114,06/13/2022, 04:35:06,540
FROV00001,FrozenEngine,1114,06/13/2022, 05:19:07,540
FROV00001,FrozenEngine,1114,06/13/2022, 06:18:39,540
FROV00001,FrozenEngine,1114,06/13/2022, 07:13:37,540
FROV00001,FrozenEngine,1114,06/13/2022, 08:17:18,540
FROV00001,FrozenEngine,1114,06/13/2022, 09:17:05,540
FROV00001,FrozenEngine,1114,06/13/2022, 10:15:59,540
FROV00001,FrozenEngine,1114,06/13/2022, 11:12:17,540
FROV00001,FrozenEngine,1114,06/13/2022, 12:26:49,540
FROV00001,FrozenEngine,1114,06/13/2022, 13:33:35,540
FROV00001,FrozenEngine,1114,06/13/2022, 15:18:42,540
FROV00001,FrozenEngine,1114,06/13/2022, 16:17:48,540
FROV00001,FrozenEngine,1114,06/13/2022, 17:18:29,540
FROV00001,FrozenEngine,1114,06/13/2022, 18:17:54,540
FROV00001,FrozenEngine,1114,06/13/2022, 19:11:04,540
FROV00001,FrozenEngine,1114,06/13/2022, 20:14:42,540
FROV00001,FrozenEngine,1114,06/13/2022, 21:13:12,540
FROV00001,FrozenEngine,1114,06/13/2022, 22:13:34,540
FROV00001,FrozenEngine,1114,06/13/2022, 23:13:48,540
FROV00001,FrozenEngine,1114,06/14/2022, 01:17:11,540
FROV00001,FrozenEngine,1114,06/14/2022, 03:48:11,540
FROV00001,FrozenEngine,1114,06/14/2022, 04:46:27,540
FROV00001,FrozenEngine,1114,06/14/2022, 05:27:01,540
FROV00001,FrozenEngine,1114,06/14/2022, 06:17:55,540
FROV00001,FrozenEngine,1114,06/14/2022, 07:13:15,540
FROV00001,FrozenEngine,1114,06/14/2022, 08:18:33,540
FROV00001,FrozenEngine,1114,06/14/2022, 09:14:53,540
FROV00001,FrozenEngine,1114,06/14/2022, 10:16:55,540
FROV00001,FrozenEngine,1114,06/14/2022, 11:11:32,540
FROV00001,FrozenEngine,1114,06/14/2022, 12:26:27,540
FROV00001,FrozenEngine,1114,06/14/2022, 13:28:52,540
FROV00001,FrozenEngine,1114,06/14/2022, 14:12:17,540
FROV00001,FrozenEngine,1114,06/14/2022, 15:14:25,540
FROV00001,FrozenEngine,1114,06/14/2022, 16:20:04,540
FROV00001,FrozenEngine,1114,06/14/2022, 17:17:31,540
FROV00001,FrozenEngine,1114,06/14/2022, 18:16:52,540
FROV00001,FrozenEngine,1114,06/14/2022, 19:11:58,540
FROV00001,FrozenEngine,1114,06/14/2022, 20:13:59,540
FROV00001,FrozenEngine,1114,06/14/2022, 21:12:32,540
FROV00001,FrozenEngine,1114,06/14/2022, 22:12:02,540
FROV00001,FrozenEngine,1114,06/14/2022, 23:13:02,540
FROV00001,FrozenEngine,1114,06/15/2022, 01:13:15,540
FROV00001,FrozenEngine,1114,06/15/2022, 03:36:10,540
FROV00001,FrozenEngine,1114,06/15/2022, 04:30:10,540
FROV00001,FrozenEngine,1114,06/15/2022, 05:17:48,540
FROV00001,FrozenEngine,1114,06/15/2022, 06:16:36,540
FROV00001,FrozenEngine,1114,06/15/2022, 07:13:45,540
FROV00001,FrozenEngine,1114,06/15/2022, 08:19:14,540
FROV00001,FrozenEngine,1114,06/15/2022, 09:13:30,540
FROV00001,FrozenEngine,1114,06/15/2022, 10:18:59,540
FROV00001,FrozenEngine,1114,06/15/2022, 11:12:29,540
FROV00001,FrozenEngine,1114,06/15/2022, 12:25:30,540
FROV00001,FrozenEngine,1114,06/15/2022, 13:32:37,540
FROV00001,FrozenEngine,1115,06/15/2022, 14:12:10,540
FROV00001,FrozenEngine,1115,06/15/2022, 15:14:15,540
FROV00001,FrozenEngine,1115,06/15/2022, 16:18:04,540
FROV00001,FrozenEngine,1115,06/15/2022, 17:16:10,540
FROV00001,FrozenEngine,1115,06/15/2022, 18:15:47,540
FROV00001,FrozenEngine,1115,06/15/2022, 19:12:01,540
FROV00001,FrozenEngine,1115,06/15/2022, 20:14:25,540
FROV00001,FrozenEngine,1115,06/15/2022, 21:12:03,540
FROV00001,FrozenEngine,1115,06/15/2022, 22:13:32,540
FROV00001,FrozenEngine,1115,06/15/2022, 23:14:03,540
FROV00001,FrozenEngine,1115,06/16/2022, 01:08:13,540
FROV00001,FrozenEngine,1115,06/16/2022, 03:20:37,540
FROV00001,FrozenEngine,1115,06/16/2022, 04:29:05,540
FROV00001,FrozenEngine,1115,06/16/2022, 05:16:18,540
FROV00001,FrozenEngine,1115,06/16/2022, 06:16:32,540
FROV00001,FrozenEngine,1115,06/16/2022, 07:13:15,540
FROV00001,FrozenEngine,1115,06/16/2022, 08:19:23,540
FROV00001,FrozenEngine,1115,06/16/2022, 09:14:50,540
FROV00001,FrozenEngine,1115,06/16/2022, 10:14:39,540
FROV00001,FrozenEngine,1115,06/16/2022, 11:11:16,540
FROV00001,FrozenEngine,1115,06/16/2022, 12:26:41,540
FROV00001,FrozenEngine,1115,06/16/2022, 13:32:34,540
FROV00001,FrozenEngine,1115,06/16/2022, 14:12:22,540
FROV00001,FrozenEngine,1115,06/16/2022, 15:13:28,540
FROV00001,FrozenEngine,1115,06/16/2022, 16:20:22,540
FROV00001,FrozenEngine,1115,06/16/2022, 17:18:53,540
FROV00001,FrozenEngine,1115,06/16/2022, 18:17:06,540
FROV00001,FrozenEngine,1115,06/16/2022, 19:10:17,540
FROV00001,FrozenEngine,1115,06/16/2022, 20:14:13,540
FROV00001,FrozenEngine,1115,06/16/2022, 21:11:48,540
FROV00001,FrozenEngine,1115,06/16/2022, 22:13:09,540
FROV00001,FrozenEngine,1115,06/16/2022, 23:13:59,540
FROV00001,FrozenEngine,1115,06/17/2022, 01:03:47,540
FROV00001,FrozenEngine,1115,06/17/2022, 03:21:36,540
FROV00001,FrozenEngine,1115,06/17/2022, 04:27:42,540
FROV00001,FrozenEngine,1115,06/17/2022, 05:15:49,540
FROV00001,FrozenEngine,1115,06/17/2022, 06:17:27,540
FROV00001,FrozenEngine,1115,06/17/2022, 07:13:06,540
FROV00001,FrozenEngine,1115,06/17/2022, 08:19:01,540
FROV00001,FrozenEngine,1115,06/17/2022, 09:14:58,540
FROV00001,FrozenEngine,1115,06/17/2022, 10:14:21,540
FROV00001,FrozenEngine,1115,06/17/2022, 11:11:59,540
FROV00001,FrozenEngine,1115,06/17/2022, 12:28:50,540
FROV00001,FrozenEngine,1115,06/17/2022, 13:31:53,540
FROV00001,FrozenEngine,1115,06/17/2022, 14:12:53,540
FROV00001,FrozenEngine,1115,06/17/2022, 15:13:58,540
FROV00001,FrozenEngine,1115,06/17/2022, 16:19:30,540
FROV00001,FrozenEngine,1115,06/17/2022, 17:15:21,540
FROV00001,FrozenEngine,1115,06/17/2022, 18:16:17,540
FROV00001,FrozenEngine,1115,06/17/2022, 19:11:26,540
FROV00001,FrozenEngine,1115,06/17/2022, 20:13:14,540
FROV00001,FrozenEngine,1115,06/17/2022, 21:11:43,540
FROV00001,FrozenEngine,1115,06/17/2022, 22:13:16,540
FROV00001,FrozenEngine,1115,06/17/2022, 23:13:05,540
FROV00001,FrozenEngine,1115,06/18/2022, 01:07:18,540
FROV00001,FrozenEngine,1115,06/18/2022, 03:18:57,540
FROV00001,FrozenEngine,1115,06/18/2022, 04:20:10,540
FROV00001,FrozenEngine,1115,06/18/2022, 05:11:26,540
FROV00001,FrozenEngine,1115,06/18/2022, 06:15:37,540
FROV00001,FrozenEngine,1115,06/18/2022, 07:12:02,540
FROV00001,FrozenEngine,1115,06/18/2022, 08:16:18,540
FROV00001,FrozenEngine,1115,06/18/2022, 09:11:58,540
FROV00001,FrozenEngine,1115,06/18/2022, 10:13:32,540
FROV00001,FrozenEngine,1115,06/18/2022, 11:10:41,540
FROV00001,FrozenEngine,1115,06/18/2022, 12:21:52,540
FROV00001,FrozenEngine,1115,06/18/2022, 13:22:53,540
FROV00001,FrozenEngine,1115,06/18/2022, 14:11:57,540
FROV00001,FrozenEngine,1115,06/18/2022, 15:12:57,540
FROV00001,FrozenEngine,1115,06/18/2022, 16:17:08,540
FROV00001,FrozenEngine,1115,06/18/2022, 17:12:36,540
FROV00001,FrozenEngine,1115,06/18/2022, 18:15:48,540
FROV00001,FrozenEngine,1115,06/18/2022, 19:11:23,540
FROV00001,FrozenEngine,1115,06/18/2022, 20:13:13,540
FROV00001,FrozenEngine,1115,06/18/2022, 21:11:52,540
FROV00001,FrozenEngine,1115,06/18/2022, 22:12:08,540
FROV00001,FrozenEngine,1115,06/18/2022, 23:12:23,540
FROV00001,FrozenEngine,1115,06/19/2022, 01:09:45,540
FROV00001,FrozenEngine,1115,06/19/2022, 03:36:56,540
FROV00001,FrozenEngine,1116,06/19/2022, 04:27:03,540
FROV00001,FrozenEngine,1116,06/19/2022, 05:14:52,540
FROV00001,FrozenEngine,1116,06/19/2022, 06:15:57,540
FROV00001,FrozenEngine,1116,06/19/2022, 07:12:15,540
FROV00001,FrozenEngine,1116,06/19/2022, 08:15:36,540
FROV00001,FrozenEngine,1116,06/19/2022, 09:13:12,540
FROV00001,FrozenEngine,1116,06/19/2022, 10:13:49,540
FROV00001,FrozenEngine,1116,06/19/2022, 11:10:45,540
FROV00001,FrozenEngine,1116,06/19/2022, 12:22:11,540
FROV00001,FrozenEngine,1116,06/19/2022, 13:21:25,540
FROV00001,FrozenEngine,1116,06/19/2022, 14:11:45,540
FROV00001,FrozenEngine,1116,06/19/2022, 15:12:51,540
FROV00001,FrozenEngine,1116,06/19/2022, 16:16:43,540
FROV00001,FrozenEngine,1116,06/19/2022, 17:12:26,540
FROV00001,FrozenEngine,1116,06/19/2022, 18:14:55,540
FROV00001,FrozenEngine,1116,06/19/2022, 19:10:48,540
FROV00001,FrozenEngine,1116,06/19/2022, 20:14:30,540
FROV00001,FrozenEngine,1116,06/19/2022, 21:12:12,540
FROV00001,FrozenEngine,1116,06/19/2022, 22:12:36,540
FROV00001,FrozenEngine,1116,06/19/2022, 23:12:31,540
FROV00001,FrozenEngine,1116,06/20/2022, 01:10:23,540
FROV00001,FrozenEngine,1116,06/20/2022, 03:13:02,540
FROV00001,FrozenEngine,1116,06/20/2022, 04:26:55,540
FROV00001,FrozenEngine,1116,06/20/2022, 05:13:01,540
FROV00001,FrozenEngine,1116,06/20/2022, 06:18:55,540
FROV00001,FrozenEngine,1116,06/20/2022, 07:18:22,540
FROV00001,FrozenEngine,1116,06/20/2022, 08:20:59,540
FROV00001,FrozenEngine,1116,06/20/2022, 09:14:05,540
FROV00001,FrozenEngine,1116,06/20/2022, 10:15:56,540
FROV00001,FrozenEngine,1116,06/20/2022, 11:11:32,540
FROV00001,FrozenEngine,1116,06/20/2022, 12:25:48,540
FROV00001,FrozenEngine,1116,06/20/2022, 13:35:26,540
FROV00001,FrozenEngine,1116,06/20/2022, 14:11:57,540
FROV00001,FrozenEngine,1116,06/20/2022, 15:14:08,540
FROV00001,FrozenEngine,1116,06/20/2022, 16:20:56,540
FROV00001,FrozenEngine,1116,06/20/2022, 17:22:04,540
FROV00001,FrozenEngine,1116,06/20/2022, 18:15:39,540
FROV00001,FrozenEngine,1116,06/20/2022, 19:10:37,540
FROV00001,FrozenEngine,1116,06/20/2022, 20:15:45,540
FROV00001,FrozenEngine,1116,06/20/2022, 21:12:26,540
FROV00001,FrozenEngine,1116,06/20/2022, 22:12:49,540
FROV00001,FrozenEngine,1116,06/20/2022, 23:13:12,540
FROV00001,FrozenEngine,1116,06/21/2022, 01:07:59,540
FROV00001,FrozenEngine,1117,06/21/2022, 03:26:34,540
FROV00001,FrozenEngine,1117,06/21/2022, 04:32:00,540
FROV00001,FrozenEngine,1117,06/21/2022, 05:18:32,540
FROV00001,FrozenEngine,1117,06/21/2022, 06:17:06,540
FROV00001,FrozenEngine,1117,06/21/2022, 07:12:21,540
FROV00001,FrozenEngine,1117,06/21/2022, 08:22:19,540
FROV00001,FrozenEngine,1117,06/21/2022, 09:18:23,540
FROV00001,FrozenEngine,1117,06/21/2022, 10:21:38,540
FROV00001,FrozenEngine,1117,06/21/2022, 11:21:17,540
FROV00001,FrozenEngine,1117,06/21/2022, 12:30:39,540
FROV00001,FrozenEngine,1117,06/21/2022, 13:39:21,540
FROV00001,FrozenEngine,1117,06/21/2022, 14:17:34,540
FROV00001,FrozenEngine,1117,06/21/2022, 15:15:02,540
FROV00001,FrozenEngine,1117,06/21/2022, 16:21:33,540
FROV00001,FrozenEngine,1117,06/21/2022, 17:27:19,540
FROV00001,FrozenEngine,1117,06/21/2022, 18:16:25,540
FROV00001,FrozenEngine,1118,06/21/2022, 19:10:55,540
FROV00001,FrozenEngine,1118,06/21/2022, 20:14:32,540
FROV00001,FrozenEngine,1118,06/21/2022, 21:12:02,540
FROV00001,FrozenEngine,1118,06/21/2022, 22:12:50,540
FROV00001,FrozenEngine,1119,06/21/2022, 23:15:02,540
FROV00001,FrozenEngine,1119,06/22/2022, 01:15:04,540
FROV00001,FrozenEngine,1119,06/22/2022, 03:28:13,540
FROV00001,FrozenEngine,1119,06/22/2022, 04:31:13,540
FROV00001,FrozenEngine,1119,06/22/2022, 05:17:40,540
FROV00001,FrozenEngine,1120,06/22/2022, 06:16:46,540
FROV00001,FrozenEngine,1120,06/22/2022, 07:12:51,540
FROV00001,FrozenEngine,1120,06/22/2022, 08:20:30,540
FROV00001,FrozenEngine,1120,06/22/2022, 09:12:56,540
FROV00001,FrozenEngine,1120,06/22/2022, 10:17:04,540
FROV00001,FrozenEngine,1120,06/22/2022, 11:11:24,540
FROV00001,FrozenEngine,1120,06/22/2022, 12:27:06,540
FROV00001,FrozenEngine,1120,06/22/2022, 13:35:15,540
FROV00001,FrozenEngine,1120,06/22/2022, 14:12:08,540
FROV00001,FrozenEngine,1120,06/22/2022, 15:14:03,540
FROV00001,FrozenEngine,1120,06/22/2022, 16:19:21,540
FROV00001,FrozenEngine,1120,06/22/2022, 17:22:55,540
FROV00001,FrozenEngine,1120,06/22/2022, 18:17:18,540
FROV00001,FrozenEngine,1120,06/22/2022, 19:10:48,540
FROV00001,FrozenEngine,1120,06/22/2022, 20:14:04,540
FROV00001,FrozenEngine,1120,06/22/2022, 21:12:25,540
FROV00001,FrozenEngine,1120,06/22/2022, 22:12:54,540
FROV00001,FrozenEngine,1120,06/22/2022, 23:13:31,540
FROV00001,FrozenEngine,1120,06/23/2022, 01:02:09,540
FROV00001,FrozenEngine,1120,06/23/2022, 03:28:18,540
FROV00001,FrozenEngine,1120,06/23/2022, 04:32:00,540
FROV00001,FrozenEngine,1120,06/23/2022, 05:19:03,540
FROV00001,FrozenEngine,1120,06/23/2022, 06:16:56,540
FROV00001,FrozenEngine,1120,06/23/2022, 07:12:50,540
FROV00001,FrozenEngine,1120,06/23/2022, 08:19:41,540
FROV00001,FrozenEngine,1120,06/23/2022, 09:13:20,540
FROV00001,FrozenEngine,1120,06/23/2022, 10:15:33,540
FROV00001,FrozenEngine,1120,06/23/2022, 11:11:41,540
FROV00001,FrozenEngine,1120,06/23/2022, 12:27:59,540
FROV00001,FrozenEngine,1120,06/23/2022, 13:36:48,540
FROV00001,FrozenEngine,1120,06/23/2022, 14:12:28,540
FROV00001,FrozenEngine,1120,06/23/2022, 15:16:00,540
FROV00001,FrozenEngine,1120,06/23/2022, 16:19:48,540
FROV00001,FrozenEngine,1120,06/23/2022, 17:18:52,540
FROV00001,FrozenEngine,1120,06/23/2022, 18:17:26,540
FROV00001,FrozenEngine,1120,06/23/2022, 19:10:29,540
FROV00001,FrozenEngine,1120,06/23/2022, 20:14:43,540
FROV00001,FrozenEngine,1120,06/23/2022, 21:12:16,540
FROV00001,FrozenEngine,1120,06/23/2022, 22:13:08,540
FROV00001,FrozenEngine,1120,06/23/2022, 23:13:34,540
FROV00001,FrozenEngine,1120,06/24/2022, 01:06:05,540
FROV00001,FrozenEngine,1121,06/24/2022, 03:38:55,540
FROV00001,FrozenEngine,1121,06/24/2022, 04:34:38,540
FROV00001,FrozenEngine,1121,06/24/2022, 05:18:54,540
FROV00001,FrozenEngine,1122,06/24/2022, 06:17:41,540
FROV00001,FrozenEngine,1122,06/24/2022, 07:13:02,540
FROV00001,FrozenEngine,1122,06/24/2022, 08:17:42,540
FROV00001,FrozenEngine,1122,06/24/2022, 09:13:14,540
FROV00001,FrozenEngine,1122,06/24/2022, 10:15:10,540
FROV00001,FrozenEngine,1122,06/24/2022, 11:11:36,540
FROV00001,FrozenEngine,1122,06/24/2022, 12:27:08,540
FROV00001,FrozenEngine,1122,06/24/2022, 13:35:48,540
FROV00001,FrozenEngine,1122,06/24/2022, 14:11:02,540
FROV00001,FrozenEngine,1122,06/24/2022, 15:15:42,540
FROV00001,FrozenEngine,1122,06/24/2022, 16:18:21,540
FROV00001,FrozenEngine,1122,06/24/2022, 17:19:04,540
FROV00001,FrozenEngine,1122,06/24/2022, 18:17:42,540
FROV00001,FrozenEngine,1122,06/24/2022, 19:11:08,540
FROV00001,FrozenEngine,1122,06/24/2022, 20:14:11,540
FROV00001,FrozenEngine,1122,06/24/2022, 21:12:40,540
FROV00001,FrozenEngine,1122,06/24/2022, 22:12:48,540
FROV00001,FrozenEngine,1122,06/24/2022, 23:13:15,540
FROV00001,FrozenEngine,1122,06/25/2022, 01:08:45,540
FROV00001,FrozenEngine,1122,06/25/2022, 03:27:47,540
FROV00001,FrozenEngine,1122,06/25/2022, 04:24:06,540
FROV00001,FrozenEngine,1122,06/25/2022, 05:12:22,540
FROV00001,FrozenEngine,1122,06/25/2022, 06:16:01,540
FROV00001,FrozenEngine,1122,06/25/2022, 07:12:11,540
FROV00001,FrozenEngine,1122,06/25/2022, 08:16:05,540
FROV00001,FrozenEngine,1122,06/25/2022, 09:12:24,540
FROV00001,FrozenEngine,1122,06/25/2022, 10:13:40,540
FROV00001,FrozenEngine,1123,06/25/2022, 11:11:35,540
FROV00001,FrozenEngine,1123,06/25/2022, 12:21:11,540
FROV00001,FrozenEngine,1123,06/25/2022, 13:21:29,540
FROV00001,FrozenEngine,1123,06/25/2022, 14:11:36,540
FROV00001,FrozenEngine,1123,06/25/2022, 15:13:11,540
FROV00001,FrozenEngine,1123,06/25/2022, 16:16:51,540
FROV00001,FrozenEngine,1123,06/25/2022, 17:13:05,540
FROV00001,FrozenEngine,1123,06/25/2022, 18:16:20,540
FROV00001,FrozenEngine,1123,06/25/2022, 19:10:53,540
FROV00001,FrozenEngine,1123,06/25/2022, 20:14:17,540
FROV00001,FrozenEngine,1123,06/25/2022, 21:11:18,540
FROV00001,FrozenEngine,1123,06/25/2022, 22:13:17,540
FROV00001,FrozenEngine,1123,06/25/2022, 23:12:41,540
FROV00001,FrozenEngine,1123,06/26/2022, 01:12:38,540
FROV00001,FrozenEngine,1123,06/26/2022, 03:34:10,540
FROV00001,FrozenEngine,1123,06/26/2022, 04:26:22,540
FROV00001,FrozenEngine,1123,06/26/2022, 05:14:01,540
FROV00001,FrozenEngine,1123,06/26/2022, 06:15:40,540
FROV00001,FrozenEngine,1123,06/26/2022, 07:12:05,540
FROV00001,FrozenEngine,1123,06/26/2022, 08:15:46,540
FROV00001,FrozenEngine,1123,06/26/2022, 09:12:28,540
FROV00001,FrozenEngine,1123,06/26/2022, 10:13:53,540
FROV00001,FrozenEngine,1123,06/26/2022, 11:11:30,540
FROV00001,FrozenEngine,1123,06/26/2022, 12:22:50,540
FROV00001,FrozenEngine,1123,06/26/2022, 13:21:46,540
FROV00001,FrozenEngine,1123,06/26/2022, 14:11:40,540
FROV00001,FrozenEngine,1123,06/26/2022, 15:13:00,540
FROV00001,FrozenEngine,1123,06/26/2022, 16:16:50,540
FROV00001,FrozenEngine,1123,06/26/2022, 17:13:09,540
FROV00001,FrozenEngine,1123,06/26/2022, 18:15:07,540
FROV00001,FrozenEngine,1123,06/26/2022, 19:10:40,540
FROV00001,FrozenEngine,1123,06/26/2022, 20:13:27,540
FROV00001,FrozenEngine,1123,06/26/2022, 21:11:13,540
FROV00001,FrozenEngine,1123,06/26/2022, 22:12:16,540
FROV00001,FrozenEngine,1123,06/26/2022, 23:12:56,540
FROV00001,FrozenEngine,1123,06/27/2022, 01:13:55,540
FROV00001,FrozenEngine,1123,06/27/2022, 03:46:58,540
FROV00001,FrozenEngine,1123,06/27/2022, 04:47:18,540
FROV00001,FrozenEngine,1123,06/27/2022, 05:25:43,540
FROV00001,FrozenEngine,1123,06/27/2022, 06:19:55,540
FROV00001,FrozenEngine,1123,06/27/2022, 07:12:47,540
FROV00001,FrozenEngine,1123,06/27/2022, 08:19:37,540
FROV00001,FrozenEngine,1123,06/27/2022, 09:13:39,540
FROV00001,FrozenEngine,1123,06/27/2022, 10:16:24,540
FROV00001,FrozenEngine,1123,06/27/2022, 11:12:34,540
FROV00001,FrozenEngine,1123,06/27/2022, 12:28:52,540
FROV00001,FrozenEngine,1123,06/27/2022, 13:40:25,540
FROV00001,FrozenEngine,1123,06/27/2022, 14:15:08,540
FROV00001,FrozenEngine,1123,06/27/2022, 15:15:58,540
FROV00001,FrozenEngine,1123,06/27/2022, 16:19:12,540
FROV00001,FrozenEngine,1123,06/27/2022, 17:20:41,540
FROV00001,FrozenEngine,1123,06/27/2022, 18:18:30,540
FROV00001,FrozenEngine,1123,06/27/2022, 19:11:14,540
FROV00001,FrozenEngine,1123,06/27/2022, 20:14:12,540
FROV00001,FrozenEngine,1124,06/27/2022, 21:13:08,540
FROV00001,FrozenEngine,1124,06/27/2022, 22:13:08,540
FROV00001,FrozenEngine,1124,06/27/2022, 23:13:32,540
FROV00001,FrozenEngine,1124,06/28/2022, 01:13:26,540
FROV00001,FrozenEngine,1124,06/28/2022, 03:40:28,540
FROV00001,FrozenEngine,1124,06/28/2022, 04:37:44,540
FROV00001,FrozenEngine,1124,06/28/2022, 05:22:45,540
FROV00001,FrozenEngine,1124,06/28/2022, 06:17:53,540
FROV00001,FrozenEngine,1124,06/28/2022, 07:12:54,540
FROV00001,FrozenEngine,1124,06/28/2022, 08:19:46,540
FROV00001,FrozenEngine,1124,06/28/2022, 09:13:18,540
FROV00001,FrozenEngine,1124,06/28/2022, 10:14:45,540
FROV00001,FrozenEngine,1124,06/28/2022, 11:11:55,540
FROV00001,FrozenEngine,1124,06/28/2022, 12:27:26,540
FROV00001,FrozenEngine,1124,06/28/2022, 13:36:51,540
FROV00001,FrozenEngine,1124,06/28/2022, 14:12:06,540
FROV00001,FrozenEngine,1124,06/28/2022, 15:14:44,540
FROV00001,FrozenEngine,1124,06/28/2022, 16:19:52,540
FROV00001,FrozenEngine,1124,06/28/2022, 17:22:10,540
FROV00001,FrozenEngine,1124,06/28/2022, 18:18:56,540
FROV00001,FrozenEngine,1124,06/28/2022, 19:10:49,540
FROV00001,FrozenEngine,1124,06/28/2022, 20:14:52,540
FROV00001,FrozenEngine,1124,06/28/2022, 21:11:06,540
FROV00001,FrozenEngine,1124,06/28/2022, 22:15:04,540
FROV00001,FrozenEngine,1124,06/28/2022, 23:13:19,540
FROV00001,FrozenEngine,1124,06/29/2022, 01:08:54,540
FROV00001,FrozenEngine,1124,06/29/2022, 03:45:18,540
FROV00001,FrozenEngine,1124,06/29/2022, 04:41:45,540
FROV00001,FrozenEngine,1124,06/29/2022, 05:23:21,540
FROV00001,FrozenEngine,1124,06/29/2022, 06:17:24,540
FROV00001,FrozenEngine,1124,06/29/2022, 07:13:01,540
FROV00001,FrozenEngine,1124,06/29/2022, 08:19:21,540
FROV00001,FrozenEngine,1124,06/29/2022, 09:13:45,540
FROV00001,FrozenEngine,1124,06/29/2022, 10:15:29,540
FROV00001,FrozenEngine,1124,06/29/2022, 11:12:07,540
FROV00001,FrozenEngine,1124,06/29/2022, 12:26:17,540
FROV00001,FrozenEngine,1124,06/29/2022, 13:34:30,540
FROV00001,FrozenEngine,1124,06/29/2022, 14:11:54,540
FROV00001,FrozenEngine,1124,06/29/2022, 15:45:15,540
FROV00001,FrozenEngine,1124,06/29/2022, 16:39:14,540
FROV00001,FrozenEngine,1124,06/29/2022, 17:38:39,540
FROV00001,FrozenEngine,1124,06/29/2022, 18:20:20,540
FROV00001,FrozenEngine,1124,06/29/2022, 19:10:58,540
FROV00001,FrozenEngine,1124,06/29/2022, 20:15:22,540
FROV00001,FrozenEngine,1124,06/29/2022, 21:12:36,540
FROV00001,FrozenEngine,1124,06/29/2022, 22:13:11,540
FROV00001,FrozenEngine,1124,06/29/2022, 23:13:57,540
FROV00001,FrozenEngine,1124,06/30/2022, 01:07:10,540
FROV00001,FrozenEngine,1124,06/30/2022, 03:39:47,540
FROV00001,FrozenEngine,1124,06/30/2022, 04:34:35,540
FROV00001,FrozenEngine,1124,06/30/2022, 05:21:14,540
FROV00001,FrozenEngine,1124,06/30/2022, 06:17:19,540
FROV00001,FrozenEngine,1124,06/30/2022, 07:11:16,540
FROV00001,FrozenEngine,1124,06/30/2022, 08:18:59,540
FROV00001,FrozenEngine,1124,06/30/2022, 09:13:24,540
FROV00001,FrozenEngine,1124,06/30/2022, 10:18:58,540
FROV00001,FrozenEngine,1124,06/30/2022, 11:11:45,540
FROV00001,FrozenEngine,1124,06/30/2022, 12:28:26,540
FROV00001,FrozenEngine,1124,06/30/2022, 13:34:22,540
FROV00001,FrozenEngine,1124,06/30/2022, 14:12:13,540
FROV00001,FrozenEngine,1124,06/30/2022, 15:15:04,540
FROV00001,FrozenEngine,1124,06/30/2022, 16:20:39,540
FROV00001,FrozenEngine,1124,06/30/2022, 17:23:34,540
FROV00001,FrozenEngine,1124,06/30/2022, 18:19:27,540
FROV00001,FrozenEngine,1124,06/30/2022, 19:10:54,540
FROV00001,FrozenEngine,1124,06/30/2022, 20:15:14,540
FROV00001,FrozenEngine,1124,06/30/2022, 21:12:54,540
FROV00001,FrozenEngine,1124,06/30/2022, 22:13:39,540
FROV00001,FrozenEngine,1124,06/30/2022, 23:13:40,540
FROV00001,FrozenEngine,1124,07/01/2022, 01:20:08,540
FROV00001,FrozenEngine,1124,07/01/2022, 03:52:41,540
FROV00001,FrozenEngine,1124,07/01/2022, 04:52:34,540
FROV00001,FrozenEngine,1124,07/01/2022, 05:30:58,540
FROV00001,FrozenEngine,1124,07/01/2022, 06:18:14,540
FROV00001,FrozenEngine,1124,07/01/2022, 07:13:52,540
FROV00001,FrozenEngine,1124,07/01/2022, 08:18:24,540
FROV00001,FrozenEngine,1124,07/01/2022, 09:14:15,540
FROV00001,FrozenEngine,1124,07/01/2022, 10:15:20,540
FROV00001,FrozenEngine,1124,07/01/2022, 11:11:47,540
FROV00001,FrozenEngine,1124,07/01/2022, 12:28:10,540
FROV00001,FrozenEngine,1124,07/01/2022, 13:35:05,540
FROV00001,FrozenEngine,1124,07/01/2022, 14:12:54,540
FROV00001,FrozenEngine,1124,07/01/2022, 15:15:49,540
FROV00001,FrozenEngine,1124,07/01/2022, 16:20:38,540
FROV00001,FrozenEngine,1124,07/01/2022, 17:19:37,540
FROV00001,FrozenEngine,1124,07/01/2022, 18:17:51,540
FROV00001,FrozenEngine,1124,07/01/2022, 19:11:21,540
FROV00001,FrozenEngine,1124,07/01/2022, 20:15:28,540
FROV00001,FrozenEngine,1124,07/01/2022, 21:12:10,540
FROV00001,FrozenEngine,1124,07/01/2022, 22:12:58,540
FROV00001,FrozenEngine,1124,07/01/2022, 23:13:11,540
FROV00001,FrozenEngine,1124,07/02/2022, 01:09:21,540
FROV00001,FrozenEngine,1124,07/02/2022, 03:43:01,540
FROV00001,FrozenEngine,1124,07/02/2022, 04:32:28,540
FROV00001,FrozenEngine,1124,07/02/2022, 05:15:58,540
FROV00001,FrozenEngine,1124,07/02/2022, 06:15:53,540
FROV00001,FrozenEngine,1124,07/02/2022, 07:12:15,540
FROV00001,FrozenEngine,1124,07/02/2022, 08:16:17,540
FROV00001,FrozenEngine,1124,07/02/2022, 09:12:39,540
FROV00001,FrozenEngine,1124,07/02/2022, 10:14:15,540
FROV00001,FrozenEngine,1124,07/02/2022, 11:11:21,540
FROV00001,FrozenEngine,1124,07/02/2022, 12:21:44,540
FROV00001,FrozenEngine,1124,07/02/2022, 13:21:38,540
FROV00001,FrozenEngine,1124,07/02/2022, 14:11:51,540
FROV00001,FrozenEngine,1124,07/02/2022, 15:12:58,540
FROV00001,FrozenEngine,1124,07/02/2022, 16:17:16,540
FROV00001,FrozenEngine,1124,07/02/2022, 17:13:16,540
FROV00001,FrozenEngine,1124,07/02/2022, 18:15:18,540
FROV00001,FrozenEngine,1124,07/02/2022, 19:10:38,540
FROV00001,FrozenEngine,1124,07/02/2022, 20:14:09,540
FROV00001,FrozenEngine,1124,07/02/2022, 21:11:45,540
FROV00001,FrozenEngine,1124,07/02/2022, 22:13:00,540
FROV00001,FrozenEngine,1124,07/02/2022, 23:12:32,540
FROV00001,FrozenEngine,1124,07/03/2022, 01:13:02,540
FROV00001,FrozenEngine,1124,07/03/2022, 03:28:43,540
FROV00001,FrozenEngine,1124,07/03/2022, 04:24:06,540
FROV00001,FrozenEngine,1124,07/03/2022, 05:12:35,540
FROV00001,FrozenEngine,1124,07/03/2022, 06:16:25,540
FROV00001,FrozenEngine,1124,07/03/2022, 07:12:48,540
FROV00001,FrozenEngine,1124,07/03/2022, 08:15:48,540
FROV00001,FrozenEngine,1124,07/03/2022, 09:13:21,540
FROV00001,FrozenEngine,1125,07/03/2022, 10:14:29,540
FROV00001,FrozenEngine,1125,07/03/2022, 11:11:59,540
FROV00001,FrozenEngine,1125,07/03/2022, 12:22:24,540
FROV00001,FrozenEngine,1125,07/03/2022, 13:21:59,540
FROV00001,FrozenEngine,1125,07/03/2022, 14:12:13,540
FROV00001,FrozenEngine,1125,07/03/2022, 15:13:03,540
FROV00001,FrozenEngine,1125,07/03/2022, 16:17:05,540
FROV00001,FrozenEngine,1125,07/03/2022, 17:13:30,540
FROV00001,FrozenEngine,1125,07/03/2022, 18:14:53,540
FROV00001,FrozenEngine,1125,07/03/2022, 19:11:49,540
FROV00001,FrozenEngine,1125,07/03/2022, 20:13:25,540
FROV00001,FrozenEngine,1125,07/03/2022, 21:11:38,540
FROV00001,FrozenEngine,1125,07/03/2022, 22:12:26,540
FROV00001,FrozenEngine,1125,07/03/2022, 23:13:20,540
FROV00001,FrozenEngine,1125,07/04/2022, 01:19:23,540
FROV00001,FrozenEngine,1125,07/04/2022, 03:46:43,540
FROV00001,FrozenEngine,1125,07/04/2022, 04:42:55,540
FROV00001,FrozenEngine,1125,07/04/2022, 05:25:13,540
FROV00001,FrozenEngine,1125,07/04/2022, 06:19:56,540
FROV00001,FrozenEngine,1125,07/04/2022, 07:13:05,540
FROV00001,FrozenEngine,1125,07/04/2022, 08:17:39,540
FROV00001,FrozenEngine,1125,07/04/2022, 09:13:55,540
FROV00001,FrozenEngine,1125,07/04/2022, 10:16:18,540
FROV00001,FrozenEngine,1125,07/04/2022, 11:13:19,540
FROV00001,FrozenEngine,1125,07/04/2022, 12:27:09,540
FROV00001,FrozenEngine,1125,07/04/2022, 13:34:40,540
FROV00001,FrozenEngine,1125,07/04/2022, 14:12:00,540
FROV00001,FrozenEngine,1125,07/04/2022, 15:13:55,540
FROV00001,FrozenEngine,1125,07/04/2022, 16:20:03,540
FROV00001,FrozenEngine,1125,07/04/2022, 17:18:13,540
FROV00001,FrozenEngine,1125,07/04/2022, 18:16:59,540
FROV00001,FrozenEngine,1125,07/04/2022, 19:12:25,540
FROV00001,FrozenEngine,1125,07/04/2022, 20:14:03,540
FROV00001,FrozenEngine,1125,07/04/2022, 21:12:08,540
FROV00001,FrozenEngine,1125,07/04/2022, 22:13:04,540
FROV00001,FrozenEngine,1126,07/04/2022, 23:13:04,540
FROV00001,FrozenEngine,1126,07/05/2022, 01:08:04,540
FROV00001,FrozenEngine,1126,07/05/2022, 03:40:43,540
FROV00001,FrozenEngine,1126,07/05/2022, 04:32:47,540
FROV00001,FrozenEngine,1126,07/05/2022, 05:18:06,540
FROV00001,FrozenEngine,1126,07/05/2022, 06:17:40,540
FROV00001,FrozenEngine,1126,07/05/2022, 07:13:20,540
FROV00001,FrozenEngine,1126,07/05/2022, 08:17:10,540
FROV00001,FrozenEngine,1126,07/05/2022, 09:13:46,540
FROV00001,FrozenEngine,1126,07/05/2022, 10:14:57,540
FROV00001,FrozenEngine,1126,07/05/2022, 11:13:05,540
FROV00001,FrozenEngine,1126,07/05/2022, 12:37:22,540
FROV00001,FrozenEngine,1126,07/05/2022, 13:40:36,540
FROV00001,FrozenEngine,1126,07/05/2022, 14:23:24,540
FROV00001,FrozenEngine,1126,07/05/2022, 15:14:40,540
FROV00001,FrozenEngine,1126,07/05/2022, 16:21:35,540
FROV00001,FrozenEngine,1126,07/05/2022, 17:21:25,540
FROV00001,FrozenEngine,1126,07/05/2022, 18:15:56,540
FROV00001,FrozenEngine,1126,07/05/2022, 19:11:10,540
FROV00001,FrozenEngine,1126,07/05/2022, 20:14:37,540
FROV00001,FrozenEngine,1126,07/05/2022, 21:12:13,540
FROV00001,FrozenEngine,1126,07/05/2022, 22:12:55,540
FROV00001,FrozenEngine,1126,07/05/2022, 23:14:41,540
FROV00001,FrozenEngine,1126,07/06/2022, 01:19:06,540
FROV00001,FrozenEngine,1126,07/06/2022, 03:46:13,540
FROV00001,FrozenEngine,1126,07/06/2022, 04:43:59,540
FROV00001,FrozenEngine,1126,07/06/2022, 05:24:53,540
FROV00001,FrozenEngine,1126,07/06/2022, 06:17:07,540
FROV00001,FrozenEngine,1126,07/06/2022, 07:12:48,540
FROV00001,FrozenEngine,1126,07/06/2022, 08:17:35,540
FROV00001,FrozenEngine,1126,07/06/2022, 09:14:48,540
FROV00001,FrozenEngine,1126,07/06/2022, 10:24:00,540
FROV00001,FrozenEngine,1126,07/06/2022, 11:13:40,540
FROV00001,FrozenEngine,1126,07/06/2022, 12:28:36,540
FROV00001,FrozenEngine,1126,07/06/2022, 13:43:24,540
FROV00001,FrozenEngine,1126,07/06/2022, 14:14:00,540
FROV00001,FrozenEngine,1126,07/06/2022, 15:21:35,540
FROV00001,FrozenEngine,1126,07/06/2022, 16:20:22,540
FROV00001,FrozenEngine,1126,07/06/2022, 17:20:05,540
FROV00001,FrozenEngine,1126,07/06/2022, 18:16:22,540
FROV00001,FrozenEngine,1126,07/06/2022, 19:11:08,540
FROV00001,FrozenEngine,1126,07/06/2022, 20:14:19,540
FROV00001,FrozenEngine,1126,07/06/2022, 21:12:16,540
FROV00001,FrozenEngine,1126,07/06/2022, 22:14:24,540
FROV00001,FrozenEngine,1126,07/06/2022, 23:13:14,540
FROV00001,FrozenEngine,1126,07/07/2022, 01:15:29,540
FROV00001,FrozenEngine,1127,07/07/2022, 03:45:05,540
FROV00001,FrozenEngine,1127,07/07/2022, 04:43:03,540
FROV00001,FrozenEngine,1127,07/07/2022, 05:22:43,540
FROV00001,FrozenEngine,1127,07/07/2022, 06:17:24,540
FROV00001,FrozenEngine,1127,07/07/2022, 07:13:07,540
FROV00001,FrozenEngine,1127,07/07/2022, 08:18:12,540
FROV00001,FrozenEngine,1127,07/07/2022, 09:13:34,540
FROV00001,FrozenEngine,1127,07/07/2022, 10:15:42,540
FROV00001,FrozenEngine,1127,07/07/2022, 11:12:44,540
FROV00001,FrozenEngine,1127,07/07/2022, 12:37:21,540
FROV00001,FrozenEngine,1127,07/07/2022, 13:42:37,540
FROV00001,FrozenEngine,1127,07/07/2022, 14:14:48,540
FROV00001,FrozenEngine,1127,07/07/2022, 15:24:31,540
FROV00001,FrozenEngine,1127,07/07/2022, 16:22:36,540
FROV00001,FrozenEngine,1127,07/07/2022, 17:22:27,540
FROV00001,FrozenEngine,1127,07/07/2022, 18:17:33,540
FROV00001,FrozenEngine,1127,07/07/2022, 19:10:49,540
FROV00001,FrozenEngine,1127,07/07/2022, 20:14:49,540
FROV00001,FrozenEngine,1127,07/07/2022, 21:12:35,540
FROV00001,FrozenEngine,1127,07/07/2022, 22:13:25,540
FROV00001,FrozenEngine,1127,07/07/2022, 23:14:20,540
FROV00001,FrozenEngine,1127,07/08/2022, 01:17:08,540
FROV00001,FrozenEngine,1127,07/08/2022, 03:38:45,540
FROV00001,FrozenEngine,1127,07/08/2022, 04:36:04,540
FROV00001,FrozenEngine,1127,07/08/2022, 05:20:45,540
FROV00001,FrozenEngine,1127,07/08/2022, 06:18:16,540
FROV00001,FrozenEngine,1127,07/08/2022, 07:13:00,540
FROV00001,FrozenEngine,1127,07/08/2022, 08:19:52,540
FROV00001,FrozenEngine,1127,07/08/2022, 09:15:14,540
FROV00001,FrozenEngine,1127,07/08/2022, 10:16:25,540
FROV00001,FrozenEngine,1127,07/08/2022, 11:12:11,540
FROV00001,FrozenEngine,1127,07/08/2022, 12:26:06,540
FROV00001,FrozenEngine,1127,07/08/2022, 13:33:11,540
FROV00001,FrozenEngine,1127,07/08/2022, 14:14:14,540
FROV00001,FrozenEngine,1127,07/08/2022, 15:13:51,540
FROV00001,FrozenEngine,1128,07/08/2022, 16:21:31,540
FROV00001,FrozenEngine,1128,07/08/2022, 17:24:34,540
FROV00001,FrozenEngine,1128,07/08/2022, 18:16:44,540
FROV00001,FrozenEngine,1128,07/08/2022, 19:11:52,540
FROV00001,FrozenEngine,1128,07/08/2022, 20:14:34,540
FROV00001,FrozenEngine,1128,07/08/2022, 21:13:39,540
FROV00001,FrozenEngine,1128,07/08/2022, 22:12:51,540
FROV00001,FrozenEngine,1128,07/08/2022, 23:13:53,540
FROV00001,FrozenEngine,1128,07/09/2022, 01:02:45,540
FROV00001,FrozenEngine,1128,07/09/2022, 03:16:45,540
FROV00001,FrozenEngine,1128,07/09/2022, 04:19:00,540
FROV00001,FrozenEngine,1128,07/09/2022, 05:11:53,540
FROV00001,FrozenEngine,1128,07/09/2022, 06:16:02,540
FROV00001,FrozenEngine,1128,07/09/2022, 07:13:02,540
FROV00001,FrozenEngine,1128,07/09/2022, 08:16:23,540
FROV00001,FrozenEngine,1128,07/09/2022, 09:13:03,540
FROV00001,FrozenEngine,1128,07/09/2022, 10:15:08,540
FROV00001,FrozenEngine,1128,07/09/2022, 11:11:11,540
FROV00001,FrozenEngine,1128,07/09/2022, 12:21:49,540
FROV00001,FrozenEngine,1128,07/09/2022, 13:23:31,540
FROV00001,FrozenEngine,1128,07/09/2022, 14:11:53,540
FROV00001,FrozenEngine,1128,07/09/2022, 15:13:57,540
FROV00001,FrozenEngine,1128,07/09/2022, 16:17:03,540
FROV00001,FrozenEngine,1128,07/09/2022, 17:13:07,540
FROV00001,FrozenEngine,1128,07/09/2022, 18:15:25,540
FROV00001,FrozenEngine,1128,07/09/2022, 19:11:05,540
FROV00001,FrozenEngine,1128,07/09/2022, 20:13:25,540
FROV00001,FrozenEngine,1128,07/09/2022, 21:12:23,540
FROV00001,FrozenEngine,1128,07/09/2022, 22:12:25,540
FROV00001,FrozenEngine,1128,07/09/2022, 23:12:21,540
FROV00001,FrozenEngine,1128,07/10/2022, 01:19:19,540
FROV00001,FrozenEngine,1128,07/10/2022, 03:28:34,540
FROV00001,FrozenEngine,1128,07/10/2022, 04:24:27,540
FROV00001,FrozenEngine,1128,07/10/2022, 05:14:01,540
FROV00001,FrozenEngine,1128,07/10/2022, 06:16:42,540
FROV00001,FrozenEngine,1128,07/10/2022, 07:13:50,540
FROV00001,FrozenEngine,1128,07/10/2022, 08:16:03,540
FROV00001,FrozenEngine,1128,07/10/2022, 09:12:44,540
FROV00001,FrozenEngine,1128,07/10/2022, 10:13:50,540
FROV00001,FrozenEngine,1128,07/10/2022, 11:11:10,540
FROV00001,FrozenEngine,1128,07/10/2022, 12:22:48,540
FROV00001,FrozenEngine,1128,07/10/2022, 13:22:28,540
FROV00001,FrozenEngine,1128,07/10/2022, 14:12:10,540
FROV00001,FrozenEngine,1128,07/10/2022, 15:13:39,540
FROV00001,FrozenEngine,1128,07/10/2022, 16:17:49,540
FROV00001,FrozenEngine,1128,07/10/2022, 17:13:30,540
FROV00001,FrozenEngine,1128,07/10/2022, 18:15:48,540
FROV00001,FrozenEngine,1128,07/10/2022, 19:10:43,540
FROV00001,FrozenEngine,1128,07/10/2022, 20:13:45,540
FROV00001,FrozenEngine,1128,07/10/2022, 21:11:36,540
FROV00001,FrozenEngine,1128,07/10/2022, 22:13:27,540
FROV00001,FrozenEngine,1129,07/10/2022, 23:13:53,540
FROV00001,FrozenEngine,1129,07/11/2022, 01:13:50,540
FROV00001,FrozenEngine,1129,07/11/2022, 03:29:24,540
FROV00001,FrozenEngine,1129,07/11/2022, 04:33:48,540
FROV00001,FrozenEngine,1129,07/11/2022, 05:21:34,540
FROV00001,FrozenEngine,1129,07/11/2022, 06:18:19,540
FROV00001,FrozenEngine,1129,07/11/2022, 07:13:17,540
FROV00001,FrozenEngine,1129,07/11/2022, 08:18:04,540
FROV00001,FrozenEngine,1129,07/11/2022, 09:14:17,540
FROV00001,FrozenEngine,1129,07/11/2022, 10:15:24,540
FROV00001,FrozenEngine,1129,07/11/2022, 11:10:48,540
FROV00001,FrozenEngine,1129,07/11/2022, 12:37:52,540
FROV00001,FrozenEngine,1129,07/11/2022, 13:37:49,540
FROV00001,FrozenEngine,1129,07/11/2022, 14:24:29,540
FROV00001,FrozenEngine,1129,07/11/2022, 15:14:13,540
FROV00001,FrozenEngine,1129,07/11/2022, 16:20:52,540
FROV00001,FrozenEngine,1129,07/11/2022, 17:24:28,540
FROV00001,FrozenEngine,1129,07/11/2022, 18:17:18,540
FROV00001,FrozenEngine,1129,07/11/2022, 19:21:31,540
FROV00001,FrozenEngine,1129,07/11/2022, 20:16:13,540
FROV00001,FrozenEngine,1129,07/11/2022, 21:12:30,540
FROV00001,FrozenEngine,1129,07/11/2022, 22:13:31,540
FROV00001,FrozenEngine,1129,07/11/2022, 23:13:36,540
FROV00001,FrozenEngine,1129,07/12/2022, 01:16:50,540
FROV00001,FrozenEngine,1129,07/12/2022, 03:58:16,540
FROV00001,FrozenEngine,1129,07/12/2022, 05:01:21,540
FROV00001,FrozenEngine,1129,07/12/2022, 06:17:23,540
FROV00001,FrozenEngine,1129,07/12/2022, 07:13:03,540
FROV00001,FrozenEngine,1129,07/12/2022, 08:19:04,540
FROV00001,FrozenEngine,1129,07/12/2022, 09:23:21,540
FROV00001,FrozenEngine,1129,07/12/2022, 10:16:32,540
FROV00001,FrozenEngine,1129,07/12/2022, 11:12:41,540
FROV00001,FrozenEngine,1129,07/12/2022, 12:29:36,540
FROV00001,FrozenEngine,1129,07/12/2022, 13:40:26,540
FROV00001,FrozenEngine,1129,07/12/2022, 14:12:42,540
FROV00001,FrozenEngine,1129,07/12/2022, 15:21:09,540
FROV00001,FrozenEngine,1129,07/12/2022, 16:19:00,540
FROV00001,FrozenEngine,1129,07/12/2022, 17:18:33,540
FROV00001,FrozenEngine,1129,07/12/2022, 18:17:04,540
FROV00001,FrozenEngine,1129,07/12/2022, 19:11:26,540
FROV00001,FrozenEngine,1129,07/12/2022, 20:15:13,540
FROV00001,FrozenEngine,1129,07/12/2022, 21:12:32,540
FROV00001,FrozenEngine,1129,07/12/2022, 22:13:27,540
FROV00001,FrozenEngine,1129,07/12/2022, 23:14:18,540
FROV00001,FrozenEngine,1129,07/13/2022, 01:09:37,540
FROV00001,FrozenEngine,1129,07/13/2022, 03:37:12,540
FROV00001,FrozenEngine,1129,07/13/2022, 04:32:52,540
FROV00001,FrozenEngine,1129,07/13/2022, 05:18:01,540
FROV00001,FrozenEngine,1129,07/13/2022, 06:18:18,540
FROV00001,FrozenEngine,1129,07/13/2022, 07:12:47,540
FROV00001,FrozenEngine,1129,07/13/2022, 08:18:11,540
FROV00001,FrozenEngine,1129,07/13/2022, 09:14:02,540
FROV00001,FrozenEngine,1129,07/13/2022, 10:18:38,540
FROV00001,FrozenEngine,1129,07/13/2022, 11:12:15,540
FROV00001,FrozenEngine,1129,07/13/2022, 12:24:49,540
FROV00001,FrozenEngine,1129,07/13/2022, 13:38:06,540
FROV00001,FrozenEngine,1129,07/13/2022, 14:19:47,540
FROV00001,FrozenEngine,1129,07/13/2022, 15:19:56,540
FROV00001,FrozenEngine,1129,07/13/2022, 16:21:53,540
FROV00001,FrozenEngine,1129,07/13/2022, 17:20:55,540
FROV00001,FrozenEngine,1129,07/13/2022, 18:16:11,540
FROV00001,FrozenEngine,1129,07/13/2022, 19:11:39,540
FROV00001,FrozenEngine,1129,07/13/2022, 20:15:28,540
FROV00001,FrozenEngine,1129,07/13/2022, 21:14:16,540
FROV00001,FrozenEngine,1129,07/13/2022, 22:12:38,540
FROV00001,FrozenEngine,1129,07/13/2022, 23:13:49,540
FROV00001,FrozenEngine,1129,07/14/2022, 01:16:40,540
FROV00001,FrozenEngine,1129,07/14/2022, 03:48:38,540
FROV00001,FrozenEngine,1129,07/14/2022, 04:45:06,540
FROV00001,FrozenEngine,1129,07/14/2022, 05:27:45,540
FROV00001,FrozenEngine,1129,07/14/2022, 06:18:01,540
FROV00001,FrozenEngine,1129,07/14/2022, 07:13:26,540
FROV00001,FrozenEngine,1129,07/14/2022, 08:18:02,540
FROV00001,FrozenEngine,1129,07/14/2022, 09:14:23,540
FROV00001,FrozenEngine,1129,07/14/2022, 10:16:21,540
FROV00001,FrozenEngine,1129,07/14/2022, 11:11:57,540
FROV00001,FrozenEngine,1129,07/14/2022, 12:32:29,540
FROV00001,FrozenEngine,1129,07/14/2022, 13:38:49,540
FROV00001,FrozenEngine,1129,07/14/2022, 14:18:30,540
FROV00001,FrozenEngine,1129,07/14/2022, 15:15:30,540
FROV00001,FrozenEngine,1129,07/14/2022, 16:23:46,540
FROV00001,FrozenEngine,1129,07/14/2022, 17:24:52,540
FROV00001,FrozenEngine,1129,07/14/2022, 18:17:24,540
FROV00001,FrozenEngine,1129,07/14/2022, 19:11:30,540
FROV00001,FrozenEngine,1129,07/14/2022, 20:15:16,540
FROV00001,FrozenEngine,1129,07/14/2022, 21:13:44,540
FROV00001,FrozenEngine,1129,07/14/2022, 22:15:19,540
FROV00001,FrozenEngine,1129,07/14/2022, 23:15:41,540
FROV00001,FrozenEngine,1129,07/15/2022, 01:20:37,540
FROV00001,FrozenEngine,1129,07/15/2022, 03:53:47,540
FROV00001,FrozenEngine,1129,07/15/2022, 05:00:19,540
FROV00001,FrozenEngine,1129,07/15/2022, 05:44:23,540
FROV00001,FrozenEngine,1129,07/15/2022, 06:17:03,540
FROV00001,FrozenEngine,1129,07/15/2022, 07:13:20,540
FROV00001,FrozenEngine,1129,07/15/2022, 08:18:21,540
FROV00001,FrozenEngine,1129,07/15/2022, 09:13:49,540
FROV00001,FrozenEngine,1129,07/15/2022, 10:16:14,540
FROV00001,FrozenEngine,1129,07/15/2022, 11:11:43,540
FROV00001,FrozenEngine,1129,07/15/2022, 12:29:01,540
FROV00001,FrozenEngine,1129,07/15/2022, 13:43:04,540
FROV00001,FrozenEngine,1129,07/15/2022, 14:18:26,540
FROV00001,FrozenEngine,1129,07/15/2022, 15:16:04,540
FROV00001,FrozenEngine,1129,07/15/2022, 16:20:56,540
FROV00001,FrozenEngine,1129,07/15/2022, 17:23:02,540
FROV00001,FrozenEngine,1129,07/15/2022, 18:17:22,540
FROV00001,FrozenEngine,1129,07/15/2022, 19:11:12,540
FROV00001,FrozenEngine,1129,07/15/2022, 20:15:05,540
FROV00001,FrozenEngine,1129,07/15/2022, 21:13:10,540
FROV00001,FrozenEngine,1129,07/15/2022, 22:13:10,540
FROV00001,FrozenEngine,1129,07/15/2022, 23:14:16,540
FROV00001,FrozenEngine,1129,07/16/2022, 01:16:17,540
FROV00001,FrozenEngine,1129,07/16/2022, 03:23:30,540
FROV00001,FrozenEngine,1129,07/16/2022, 04:25:47,540
FROV00001,FrozenEngine,1129,07/16/2022, 05:13:28,540
FROV00001,FrozenEngine,1129,07/16/2022, 06:16:13,540
FROV00001,FrozenEngine,1129,07/16/2022, 07:12:41,540
FROV00001,FrozenEngine,1129,07/16/2022, 08:16:29,540
FROV00001,FrozenEngine,1129,07/16/2022, 09:13:08,540
FROV00001,FrozenEngine,1129,07/16/2022, 10:14:00,540
FROV00001,FrozenEngine,1129,07/16/2022, 11:12:10,540
FROV00001,FrozenEngine,1129,07/16/2022, 12:21:37,540
FROV00001,FrozenEngine,1129,07/16/2022, 13:22:24,540
FROV00001,FrozenEngine,1129,07/16/2022, 14:12:36,540
FROV00001,FrozenEngine,1129,07/16/2022, 15:13:13,540
FROV00001,FrozenEngine,1129,07/16/2022, 16:16:54,540
FROV00001,FrozenEngine,1130,07/16/2022, 17:13:10,540
FROV00001,FrozenEngine,1130,07/16/2022, 18:15:56,540
FROV00001,FrozenEngine,1130,07/16/2022, 19:11:34,540
FROV00001,FrozenEngine,1130,07/16/2022, 20:13:46,540
FROV00001,FrozenEngine,1130,07/16/2022, 21:11:40,540
FROV00001,FrozenEngine,1130,07/16/2022, 22:13:20,540
FROV00001,FrozenEngine,1130,07/16/2022, 23:12:58,540
FROV00001,FrozenEngine,1130,07/17/2022, 01:18:22,540
FROV00001,FrozenEngine,1130,07/17/2022, 03:39:45,540
FROV00001,FrozenEngine,1130,07/17/2022, 04:30:08,540
FROV00001,FrozenEngine,1130,07/17/2022, 05:15:44,540
FROV00001,FrozenEngine,1130,07/17/2022, 06:16:23,540
FROV00001,FrozenEngine,1130,07/17/2022, 07:12:47,540
FROV00001,FrozenEngine,1130,07/17/2022, 08:16:06,540
FROV00001,FrozenEngine,1130,07/17/2022, 09:13:10,540
FROV00001,FrozenEngine,1130,07/17/2022, 10:13:41,540
FROV00001,FrozenEngine,1130,07/17/2022, 11:11:15,540
FROV00001,FrozenEngine,1130,07/17/2022, 12:23:13,540
FROV00001,FrozenEngine,1130,07/17/2022, 13:23:22,540
FROV00001,FrozenEngine,1131,07/17/2022, 14:12:13,540
FROV00001,FrozenEngine,1131,07/17/2022, 15:13:06,540
FROV00001,FrozenEngine,1131,07/17/2022, 16:17:20,540
FROV00001,FrozenEngine,1131,07/17/2022, 17:13:46,540
FROV00001,FrozenEngine,1131,07/17/2022, 18:15:28,540
FROV00001,FrozenEngine,1131,07/17/2022, 19:11:25,540
FROV00001,FrozenEngine,1131,07/17/2022, 20:13:56,540
FROV00001,FrozenEngine,1132,07/17/2022, 21:12:21,540
FROV00001,FrozenEngine,1132,07/17/2022, 22:13:03,540
FROV00001,FrozenEngine,1132,07/17/2022, 23:13:17,540
FROV00001,FrozenEngine,1132,07/18/2022, 01:12:27,540
FROV00001,FrozenEngine,1132,07/18/2022, 03:42:18,540
FROV00001,FrozenEngine,1132,07/18/2022, 04:44:03,540
FROV00001,FrozenEngine,1132,07/18/2022, 05:27:30,540
FROV00001,FrozenEngine,1132,07/18/2022, 06:20:57,540
FROV00001,FrozenEngine,1132,07/18/2022, 07:13:13,540
FROV00001,FrozenEngine,1132,07/18/2022, 08:18:48,540
FROV00001,FrozenEngine,1132,07/18/2022, 09:14:03,540
FROV00001,FrozenEngine,1132,07/18/2022, 10:21:19,540
FROV00001,FrozenEngine,1132,07/18/2022, 11:17:29,540
FROV00001,FrozenEngine,1132,07/18/2022, 12:26:44,540
FROV00001,FrozenEngine,1132,07/18/2022, 13:46:25,540
FROV00001,FrozenEngine,1132,07/18/2022, 14:21:21,540
FROV00001,FrozenEngine,1132,07/18/2022, 15:20:52,540
FROV00001,FrozenEngine,1132,07/18/2022, 16:20:41,540
FROV00001,FrozenEngine,1132,07/18/2022, 17:22:15,540
FROV00001,FrozenEngine,1132,07/18/2022, 18:16:39,540
FROV00001,FrozenEngine,1132,07/18/2022, 19:11:23,540
FROV00001,FrozenEngine,1132,07/18/2022, 20:14:43,540
FROV00001,FrozenEngine,1132,07/18/2022, 21:12:17,540
FROV00001,FrozenEngine,1132,07/18/2022, 22:13:50,540
FROV00001,FrozenEngine,1132,07/18/2022, 23:13:29,540
FROV00001,FrozenEngine,1132,07/19/2022, 01:20:09,540
FROV00001,FrozenEngine,1132,07/19/2022, 03:55:46,540
FROV00001,FrozenEngine,1132,07/19/2022, 05:05:36,540
FROV00001,FrozenEngine,1132,07/19/2022, 06:17:50,540
FROV00001,FrozenEngine,1132,07/19/2022, 07:13:28,540
FROV00001,FrozenEngine,1132,07/19/2022, 08:17:42,540
FROV00001,FrozenEngine,1132,07/19/2022, 09:20:28,540
FROV00001,FrozenEngine,1132,07/19/2022, 10:15:54,540
FROV00001,FrozenEngine,1132,07/19/2022, 11:11:48,540
FROV00001,FrozenEngine,1132,07/19/2022, 12:28:07,540
FROV00001,FrozenEngine,1132,07/19/2022, 13:37:29,540
FROV00001,FrozenEngine,1132,07/19/2022, 14:14:31,540
FROV00001,FrozenEngine,1132,07/19/2022, 15:15:58,540
FROV00001,FrozenEngine,1132,07/19/2022, 16:19:53,540
FROV00001,FrozenEngine,1132,07/19/2022, 17:24:50,540
FROV00001,FrozenEngine,1132,07/19/2022, 18:17:41,540
FROV00001,FrozenEngine,1132,07/19/2022, 19:11:36,540
FROV00001,FrozenEngine,1132,07/19/2022, 20:14:58,540
FROV00001,FrozenEngine,1132,07/19/2022, 21:12:57,540
FROV00001,FrozenEngine,1132,07/19/2022, 22:13:51,540
FROV00001,FrozenEngine,1132,07/19/2022, 23:14:09,540
FROV00001,FrozenEngine,1132,07/20/2022, 01:10:20,540
FROV00001,FrozenEngine,1132,07/20/2022, 03:39:33,540
FROV00001,FrozenEngine,1132,07/20/2022, 04:36:42,540
FROV00001,FrozenEngine,1132,07/20/2022, 05:21:24,540
FROV00001,FrozenEngine,1132,07/20/2022, 06:18:19,540
FROV00001,FrozenEngine,1132,07/20/2022, 07:13:11,540
FROV00001,FrozenEngine,1132,07/20/2022, 08:19:23,540
FROV00001,FrozenEngine,1132,07/20/2022, 09:14:04,540
FROV00001,FrozenEngine,1132,07/20/2022, 10:14:53,540
FROV00001,FrozenEngine,1132,07/20/2022, 11:12:00,540
FROV00001,FrozenEngine,1132,07/20/2022, 12:26:57,540
FROV00001,FrozenEngine,1132,07/20/2022, 13:39:35,540
FROV00001,FrozenEngine,1132,07/20/2022, 14:15:03,540
FROV00001,FrozenEngine,1132,07/20/2022, 15:15:27,540
FROV00001,FrozenEngine,1133,07/20/2022, 16:19:36,540
FROV00001,FrozenEngine,1133,07/20/2022, 17:20:36,540
FROV00001,FrozenEngine,1133,07/20/2022, 18:17:13,540
FROV00001,FrozenEngine,1133,07/20/2022, 19:11:31,540
FROV00001,FrozenEngine,1133,07/20/2022, 20:15:42,540
FROV00001,FrozenEngine,1133,07/20/2022, 21:12:31,540
FROV00001,FrozenEngine,1133,07/20/2022, 22:13:46,540
FROV00001,FrozenEngine,1133,07/20/2022, 23:14:41,540
FROV00001,FrozenEngine,1133,07/21/2022, 01:11:17,540
FROV00001,FrozenEngine,1133,07/21/2022, 03:38:03,540
FROV00001,FrozenEngine,1133,07/21/2022, 04:39:40,540
FROV00001,FrozenEngine,1133,07/21/2022, 05:26:01,540
FROV00001,FrozenEngine,1133,07/21/2022, 06:17:59,540
FROV00001,FrozenEngine,1133,07/21/2022, 07:12:49,540
FROV00001,FrozenEngine,1133,07/21/2022, 08:18:09,540
FROV00001,FrozenEngine,1133,07/21/2022, 09:13:54,540
FROV00001,FrozenEngine,1133,07/21/2022, 10:15:48,540
FROV00001,FrozenEngine,1133,07/21/2022, 11:12:11,540
FROV00001,FrozenEngine,1133,07/21/2022, 12:29:09,540
FROV00001,FrozenEngine,1133,07/21/2022, 13:37:04,540
FROV00001,FrozenEngine,1133,07/21/2022, 14:13:26,540
FROV00001,FrozenEngine,1133,07/21/2022, 15:15:45,540
FROV00001,FrozenEngine,1133,07/21/2022, 16:18:55,540
FROV00001,FrozenEngine,1133,07/21/2022, 17:18:15,540
FROV00001,FrozenEngine,1133,07/21/2022, 18:17:49,540
FROV00001,FrozenEngine,1133,07/21/2022, 19:12:30,540
FROV00001,FrozenEngine,1133,07/21/2022, 20:16:02,540
FROV00001,FrozenEngine,1133,07/21/2022, 21:14:28,540
FROV00001,FrozenEngine,1133,07/21/2022, 22:13:41,540
FROV00001,FrozenEngine,1133,07/21/2022, 23:15:23,540
FROV00001,FrozenEngine,1133,07/22/2022, 01:17:14,540
FROV00001,FrozenEngine,1133,07/22/2022, 03:46:05,540
FROV00001,FrozenEngine,1133,07/22/2022, 04:40:56,540
FROV00001,FrozenEngine,1133,07/22/2022, 05:23:22,540
FROV00001,FrozenEngine,1133,07/22/2022, 06:19:32,540
FROV00001,FrozenEngine,1133,07/22/2022, 07:14:26,540
FROV00001,FrozenEngine,1133,07/22/2022, 08:19:53,540
FROV00001,FrozenEngine,1133,07/22/2022, 09:13:57,540
FROV00001,FrozenEngine,1133,07/22/2022, 10:16:32,540
FROV00001,FrozenEngine,1133,07/22/2022, 11:12:34,540
FROV00001,FrozenEngine,1133,07/22/2022, 12:27:32,540
FROV00001,FrozenEngine,1133,07/22/2022, 13:33:43,540
FROV00001,FrozenEngine,1133,07/22/2022, 14:13:48,540
FROV00001,FrozenEngine,1133,07/22/2022, 15:14:59,540
FROV00001,FrozenEngine,1133,07/22/2022, 16:23:01,540
FROV00001,FrozenEngine,1133,07/22/2022, 17:24:15,540
FROV00001,FrozenEngine,1133,07/22/2022, 18:18:31,540
FROV00001,FrozenEngine,1133,07/22/2022, 19:11:34,540
FROV00001,FrozenEngine,1133,07/22/2022, 20:15:26,540
FROV00001,FrozenEngine,1133,07/22/2022, 21:13:00,540
FROV00001,FrozenEngine,1133,07/22/2022, 22:14:06,540
FROV00001,FrozenEngine,1133,07/22/2022, 23:13:55,540
FROV00001,FrozenEngine,1133,07/23/2022, 01:13:25,540
FROV00001,FrozenEngine,1133,07/23/2022, 03:28:18,540
FROV00001,FrozenEngine,1133,07/23/2022, 04:27:48,540
FROV00001,FrozenEngine,1133,07/23/2022, 05:16:02,540
FROV00001,FrozenEngine,1133,07/23/2022, 06:17:00,540
FROV00001,FrozenEngine,1133,07/23/2022, 07:13:02,540
FROV00001,FrozenEngine,1133,07/23/2022, 08:17:38,540
FROV00001,FrozenEngine,1133,07/23/2022, 09:13:34,540
FROV00001,FrozenEngine,1133,07/23/2022, 10:14:25,540
FROV00001,FrozenEngine,1133,07/23/2022, 11:12:30,540
FROV00001,FrozenEngine,1133,07/23/2022, 12:23:49,540
FROV00001,FrozenEngine,1133,07/23/2022, 13:25:11,540
FROV00001,FrozenEngine,1133,07/23/2022, 14:12:17,540
FROV00001,FrozenEngine,1133,07/23/2022, 15:14:00,540
FROV00001,FrozenEngine,1133,07/23/2022, 16:18:04,540
FROV00001,FrozenEngine,1133,07/23/2022, 17:16:00,540
FROV00001,FrozenEngine,1133,07/23/2022, 18:15:57,540
FROV00001,FrozenEngine,1133,07/23/2022, 19:11:51,540
FROV00001,FrozenEngine,1133,07/23/2022, 20:14:09,540
FROV00001,FrozenEngine,1133,07/23/2022, 21:12:26,540
FROV00001,FrozenEngine,1133,07/23/2022, 22:13:08,540
FROV00001,FrozenEngine,1133,07/23/2022, 23:13:29,540
FROV00001,FrozenEngine,1133,07/24/2022, 01:19:02,540
FROV00001,FrozenEngine,1133,07/24/2022, 03:36:07,540
FROV00001,FrozenEngine,1133,07/24/2022, 04:29:32,540
FROV00001,FrozenEngine,1133,07/24/2022, 05:17:02,540
FROV00001,FrozenEngine,1133,07/24/2022, 06:16:59,540
FROV00001,FrozenEngine,1133,07/24/2022, 07:13:09,540
FROV00001,FrozenEngine,1133,07/24/2022, 08:16:55,540
FROV00001,FrozenEngine,1133,07/24/2022, 09:13:26,540
FROV00001,FrozenEngine,1133,07/24/2022, 10:14:44,540
FROV00001,FrozenEngine,1133,07/24/2022, 11:11:46,540
FROV00001,FrozenEngine,1133,07/24/2022, 12:24:19,540
FROV00001,FrozenEngine,1133,07/24/2022, 13:26:20,540
FROV00001,FrozenEngine,1133,07/24/2022, 14:12:33,540
FROV00001,FrozenEngine,1133,07/24/2022, 15:13:52,540
FROV00001,FrozenEngine,1133,07/24/2022, 16:18:41,540
FROV00001,FrozenEngine,1133,07/24/2022, 17:16:25,540
FROV00001,FrozenEngine,1133,07/24/2022, 18:16:44,540
FROV00001,FrozenEngine,1133,07/24/2022, 19:11:53,540
FROV00001,FrozenEngine,1133,07/24/2022, 20:14:24,540
FROV00001,FrozenEngine,1133,07/24/2022, 21:12:33,540
FROV00001,FrozenEngine,1133,07/24/2022, 22:13:19,540
FROV00001,FrozenEngine,1133,07/24/2022, 23:13:33,540
FROV00001,FrozenEngine,1133,07/25/2022, 01:13:03,540
FROV00001,FrozenEngine,1133,07/25/2022, 03:43:52,540
FROV00001,FrozenEngine,1133,07/25/2022, 04:44:25,540
FROV00001,FrozenEngine,1133,07/25/2022, 05:24:54,540
FROV00001,FrozenEngine,1133,07/25/2022, 06:18:38,540
FROV00001,FrozenEngine,1133,07/25/2022, 07:13:58,540
FROV00001,FrozenEngine,1133,07/25/2022, 08:19:31,540
FROV00001,FrozenEngine,1133,07/25/2022, 09:14:17,540
FROV00001,FrozenEngine,1133,07/25/2022, 10:16:35,540
FROV00001,FrozenEngine,1133,07/25/2022, 11:13:15,540
FROV00001,FrozenEngine,1133,07/25/2022, 12:29:23,540
FROV00001,FrozenEngine,1133,07/25/2022, 13:37:43,540
FROV00001,FrozenEngine,1133,07/25/2022, 14:14:16,540
FROV00001,FrozenEngine,1133,07/25/2022, 15:15:22,540
FROV00001,FrozenEngine,1133,07/25/2022, 16:19:02,540
FROV00001,FrozenEngine,1133,07/25/2022, 17:21:36,540
FROV00001,FrozenEngine,1133,07/25/2022, 18:17:14,540
FROV00001,FrozenEngine,1133,07/25/2022, 19:11:32,540
FROV00001,FrozenEngine,1134,07/25/2022, 20:14:09,540
FROV00001,FrozenEngine,1134,07/25/2022, 21:12:39,540
FROV00001,FrozenEngine,1134,07/25/2022, 22:13:16,540
FROV00001,FrozenEngine,1134,07/25/2022, 23:13:41,540
FROV00001,FrozenEngine,1134,07/26/2022, 01:17:05,540
FROV00001,FrozenEngine,1134,07/26/2022, 04:02:05,540
FROV00001,FrozenEngine,1134,07/26/2022, 05:37:27,540
FROV00001,FrozenEngine,1134,07/26/2022, 06:18:28,540
FROV00001,FrozenEngine,1134,07/26/2022, 07:13:23,540
FROV00001,FrozenEngine,1134,07/26/2022, 08:17:42,540
FROV00001,FrozenEngine,1134,07/26/2022, 09:18:58,540
FROV00001,FrozenEngine,1134,07/26/2022, 10:16:52,540
FROV00001,FrozenEngine,1134,07/26/2022, 11:12:29,540
FROV00001,FrozenEngine,1134,07/26/2022, 12:28:28,540
FROV00001,FrozenEngine,1134,07/26/2022, 13:37:45,540
FROV00001,FrozenEngine,1134,07/26/2022, 14:12:53,540
FROV00001,FrozenEngine,1134,07/26/2022, 15:16:20,540
FROV00001,FrozenEngine,1134,07/26/2022, 16:19:27,540
FROV00001,FrozenEngine,1134,07/26/2022, 17:17:32,540
FROV00001,FrozenEngine,1134,07/26/2022, 18:17:29,540
FROV00001,FrozenEngine,1134,07/26/2022, 19:12:05,540
FROV00001,FrozenEngine,1134,07/26/2022, 20:14:58,540
FROV00001,FrozenEngine,1134,07/26/2022, 22:13:29,540
FROV00001,FrozenEngine,1134,07/26/2022, 23:13:24,540
FROV00001,FrozenEngine,1134,07/27/2022, 01:18:43,540
FROV00001,FrozenEngine,1134,07/27/2022, 03:47:29,540
FROV00001,FrozenEngine,1134,07/27/2022, 04:49:01,540
FROV00001,FrozenEngine,1134,07/27/2022, 05:30:08,540
FROV00001,FrozenEngine,1134,07/27/2022, 06:17:42,540
FROV00001,FrozenEngine,1134,07/27/2022, 07:14:03,540
FROV00001,FrozenEngine,1134,07/27/2022, 08:17:33,540
FROV00001,FrozenEngine,1134,07/27/2022, 09:13:50,540
FROV00001,FrozenEngine,1134,07/27/2022, 10:16:43,540
FROV00001,FrozenEngine,1134,07/27/2022, 11:12:37,540
FROV00001,FrozenEngine,1134,07/27/2022, 12:30:34,540
FROV00001,FrozenEngine,1134,07/27/2022, 13:42:09,540
FROV00001,FrozenEngine,1134,07/27/2022, 14:14:35,540
FROV00001,FrozenEngine,1134,07/27/2022, 15:15:53,540
FROV00001,FrozenEngine,1134,07/27/2022, 16:19:39,540
FROV00001,FrozenEngine,1134,07/27/2022, 17:22:58,540
FROV00001,FrozenEngine,1134,07/27/2022, 18:16:35,540
FROV00001,FrozenEngine,1134,07/27/2022, 19:12:56,540
FROV00001,FrozenEngine,1134,07/27/2022, 20:15:12,540
FROV00001,FrozenEngine,1134,07/27/2022, 21:12:27,540
FROV00001,FrozenEngine,1134,07/27/2022, 22:14:03,540
FROV00001,FrozenEngine,1134,07/27/2022, 23:13:57,540
FROV00001,FrozenEngine,1134,07/28/2022, 01:11:17,540
FROV00001,FrozenEngine,1134,07/28/2022, 03:38:08,540
FROV00001,FrozenEngine,1134,07/28/2022, 04:39:51,540
FROV00001,FrozenEngine,1134,07/28/2022, 05:23:31,540
FROV00001,FrozenEngine,1134,07/28/2022, 06:17:55,540
FROV00001,FrozenEngine,1134,07/28/2022, 07:13:22,540
FROV00001,FrozenEngine,1134,07/28/2022, 08:20:12,540
FROV00001,FrozenEngine,1134,07/28/2022, 09:13:54,540
FROV00001,FrozenEngine,1134,07/28/2022, 10:15:38,540
FROV00001,FrozenEngine,1134,07/28/2022, 11:12:59,540
FROV00001,FrozenEngine,1135,07/28/2022, 12:30:35,540
FROV00001,FrozenEngine,1135,07/28/2022, 13:38:51,540
FROV00001,FrozenEngine,1135,07/28/2022, 14:16:23,540
FROV00001,FrozenEngine,1135,07/28/2022, 15:14:22,540
FROV00001,FrozenEngine,1135,07/28/2022, 16:21:33,540
FROV00001,FrozenEngine,1135,07/28/2022, 17:24:43,540
FROV00001,FrozenEngine,1135,07/28/2022, 18:19:00,540
FROV00001,FrozenEngine,1135,07/28/2022, 19:11:09,540
FROV00001,FrozenEngine,1135,07/28/2022, 20:15:07,540
FROV00001,FrozenEngine,1135,07/28/2022, 21:12:34,540
FROV00001,FrozenEngine,1135,07/28/2022, 22:13:15,540
FROV00001,FrozenEngine,1135,07/28/2022, 23:16:02,540
FROV00001,FrozenEngine,1135,07/29/2022, 01:16:25,540
FROV00001,FrozenEngine,1135,07/29/2022, 03:49:21,540
FROV00001,FrozenEngine,1135,07/29/2022, 04:45:30,540
FROV00001,FrozenEngine,1135,07/29/2022, 05:25:48,540
FROV00001,FrozenEngine,1135,07/29/2022, 06:18:19,540
FROV00001,FrozenEngine,1135,07/29/2022, 07:12:54,540
FROV00001,FrozenEngine,1135,07/29/2022, 08:17:38,540
FROV00001,FrozenEngine,1135,07/29/2022, 09:14:27,540
FROV00001,FrozenEngine,1135,07/29/2022, 10:15:44,540
FROV00001,FrozenEngine,1135,07/29/2022, 11:12:02,540
FROV00001,FrozenEngine,1135,07/29/2022, 12:29:51,540
FROV00001,FrozenEngine,1135,07/29/2022, 13:36:25,540
FROV00001,FrozenEngine,1135,07/29/2022, 14:12:29,540
FROV00001,FrozenEngine,1135,07/29/2022, 15:17:20,540
FROV00001,FrozenEngine,1135,07/29/2022, 16:21:02,540
FROV00001,FrozenEngine,1135,07/29/2022, 17:18:15,540
FROV00001,FrozenEngine,1135,07/29/2022, 18:18:08,540
FROV00001,FrozenEngine,1135,07/29/2022, 19:11:24,540
FROV00001,FrozenEngine,1135,07/29/2022, 20:14:50,540
FROV00001,FrozenEngine,1135,07/29/2022, 21:13:22,540
FROV00001,FrozenEngine,1135,07/29/2022, 22:13:28,540
FROV00001,FrozenEngine,1135,07/29/2022, 23:13:48,540
FROV00001,FrozenEngine,1135,07/30/2022, 01:08:57,540
FROV00001,FrozenEngine,1135,07/30/2022, 03:45:25,540
FROV00001,FrozenEngine,1135,07/30/2022, 04:34:38,540
FROV00001,FrozenEngine,1135,07/30/2022, 05:17:20,540
FROV00001,FrozenEngine,1135,07/30/2022, 06:16:15,540
FROV00001,FrozenEngine,1135,07/30/2022, 07:12:49,540
FROV00001,FrozenEngine,1135,07/30/2022, 08:17:06,540
FROV00001,FrozenEngine,1135,07/30/2022, 09:12:45,540
FROV00001,FrozenEngine,1135,07/30/2022, 10:14:08,540
FROV00001,FrozenEngine,1135,07/30/2022, 11:12:55,540
FROV00001,FrozenEngine,1135,07/30/2022, 12:22:28,540
FROV00001,FrozenEngine,1135,07/30/2022, 13:23:13,540
FROV00001,FrozenEngine,1135,07/30/2022, 14:12:43,540
FROV00001,FrozenEngine,1135,07/30/2022, 15:13:20,540
FROV00001,FrozenEngine,1135,07/30/2022, 16:17:44,540
FROV00001,FrozenEngine,1135,07/30/2022, 17:13:53,540
FROV00001,FrozenEngine,1135,07/30/2022, 18:15:39,540
FROV00001,FrozenEngine,1135,07/30/2022, 19:11:00,540
FROV00001,FrozenEngine,1135,07/30/2022, 20:13:27,540
FROV00001,FrozenEngine,1135,07/30/2022, 21:11:42,540
FROV00001,FrozenEngine,1135,07/30/2022, 22:12:30,540
FROV00001,FrozenEngine,1135,07/30/2022, 23:13:06,540
FROV00001,FrozenEngine,1135,07/31/2022, 01:18:28,540
FROV00001,FrozenEngine,1135,07/31/2022, 03:39:12,540
FROV00001,FrozenEngine,1135,07/31/2022, 04:30:29,540
FROV00001,FrozenEngine,1135,07/31/2022, 05:16:02,540
FROV00001,FrozenEngine,1135,07/31/2022, 06:16:13,540
FROV00001,FrozenEngine,1135,07/31/2022, 07:12:55,540
FROV00001,FrozenEngine,1135,07/31/2022, 08:16:11,540
FROV00001,FrozenEngine,1135,07/31/2022, 09:13:13,540
FROV00001,FrozenEngine,1135,07/31/2022, 10:14:35,540
FROV00001,FrozenEngine,1135,07/31/2022, 11:11:51,540
FROV00001,FrozenEngine,1135,07/31/2022, 12:25:11,540
FROV00001,FrozenEngine,1135,07/31/2022, 13:24:26,540
FROV00001,FrozenEngine,1135,07/31/2022, 14:12:26,540
FROV00001,FrozenEngine,1135,07/31/2022, 15:13:25,540
FROV00001,FrozenEngine,1135,07/31/2022, 16:17:19,540
FROV00001,FrozenEngine,1135,07/31/2022, 17:13:47,540
FROV00001,FrozenEngine,1135,07/31/2022, 18:15:36,540
FROV00001,FrozenEngine,1135,07/31/2022, 19:11:38,540
FROV00001,FrozenEngine,1135,07/31/2022, 20:14:27,540
FROV00001,FrozenEngine,1135,07/31/2022, 21:11:58,540
FROV00001,FrozenEngine,1135,07/31/2022, 22:13:03,540
FROV00001,FrozenEngine,1135,07/31/2022, 23:14:15,540
FROV00001,FrozenEngine,1135,08/01/2022, 01:22:05,540
FROV00001,FrozenEngine,1135,08/01/2022, 04:02:13,540
FROV00001,FrozenEngine,1135,08/01/2022, 05:50:32,540
FROV00001,FrozenEngine,1135,08/01/2022, 06:30:27,540
FROV00001,FrozenEngine,1135,08/01/2022, 07:19:10,540
FROV00001,FrozenEngine,1135,08/01/2022, 08:19:23,540
FROV00001,FrozenEngine,1135,08/01/2022, 09:15:01,540
FROV00001,FrozenEngine,1135,08/01/2022, 10:16:19,540
FROV00001,FrozenEngine,1135,08/01/2022, 11:12:49,540
FROV00001,FrozenEngine,1135,08/01/2022, 12:27:55,540
FROV00001,FrozenEngine,1135,08/01/2022, 13:39:53,540
FROV00001,FrozenEngine,1135,08/01/2022, 14:15:22,540
FROV00001,FrozenEngine,1135,08/01/2022, 15:17:18,540
FROV00001,FrozenEngine,1135,08/01/2022, 16:20:14,540
FROV00001,FrozenEngine,1135,08/01/2022, 17:23:11,540
FROV00001,FrozenEngine,1135,08/01/2022, 18:19:12,540
FROV00001,FrozenEngine,1135,08/01/2022, 19:11:10,540
FROV00001,FrozenEngine,1135,08/01/2022, 20:17:49,540
FROV00001,FrozenEngine,1135,08/01/2022, 21:12:46,540
FROV00001,FrozenEngine,1135,08/01/2022, 22:14:35,540
FROV00001,FrozenEngine,1135,08/01/2022, 23:16:25,540
FROV00001,FrozenEngine,1135,08/02/2022, 01:22:40,540
FROV00001,FrozenEngine,1135,08/02/2022, 04:01:47,540
FROV00001,FrozenEngine,1135,08/02/2022, 05:40:23,540
FROV00001,FrozenEngine,1135,08/02/2022, 06:17:25,540
FROV00001,FrozenEngine,1135,08/02/2022, 07:14:48,540
FROV00001,FrozenEngine,1135,08/02/2022, 08:17:57,540
FROV00001,FrozenEngine,1135,08/02/2022, 09:14:30,540
FROV00001,FrozenEngine,1135,08/02/2022, 10:17:19,540
FROV00001,FrozenEngine,1135,08/02/2022, 11:12:16,540
FROV00001,FrozenEngine,1135,08/02/2022, 12:31:17,540
FROV00001,FrozenEngine,1135,08/02/2022, 13:37:18,540
FROV00001,FrozenEngine,1135,08/02/2022, 14:13:19,540
FROV00001,FrozenEngine,1135,08/02/2022, 15:14:12,540
FROV00001,FrozenEngine,1135,08/02/2022, 16:18:06,540
FROV00001,FrozenEngine,1135,08/02/2022, 17:23:00,540
FROV00001,FrozenEngine,1135,08/02/2022, 18:17:15,540
FROV00001,FrozenEngine,1135,08/02/2022, 19:11:35,540
FROV00001,FrozenEngine,1135,08/02/2022, 20:15:58,540
FROV00001,FrozenEngine,1135,08/02/2022, 21:12:59,540
FROV00001,FrozenEngine,1135,08/02/2022, 22:14:48,540
FROV00001,FrozenEngine,1135,08/02/2022, 23:13:51,540
FROV00001,FrozenEngine,1135,08/03/2022, 01:20:26,540
FROV00001,FrozenEngine,1135,08/03/2022, 03:51:00,540
FROV00001,FrozenEngine,1135,08/03/2022, 04:59:59,540
FROV00001,FrozenEngine,1135,08/03/2022, 05:42:49,540
FROV00001,FrozenEngine,1135,08/03/2022, 06:17:06,540
FROV00001,FrozenEngine,1135,08/03/2022, 07:13:21,540
FROV00001,FrozenEngine,1135,08/03/2022, 08:19:47,540
FROV00001,FrozenEngine,1135,08/03/2022, 09:13:46,540
FROV00001,FrozenEngine,1135,08/03/2022, 10:15:22,540
FROV00001,FrozenEngine,1135,08/03/2022, 11:12:42,540
FROV00001,FrozenEngine,1135,08/03/2022, 12:28:37,540
FROV00001,FrozenEngine,1135,08/03/2022, 13:36:56,540
FROV00001,FrozenEngine,1135,08/03/2022, 14:12:53,540
FROV00001,FrozenEngine,1135,08/03/2022, 15:16:14,540
FROV00001,FrozenEngine,1135,08/03/2022, 16:19:29,540
FROV00001,FrozenEngine,1135,08/03/2022, 17:17:01,540
FROV00001,FrozenEngine,1135,08/03/2022, 18:17:48,540
FROV00001,FrozenEngine,1135,08/03/2022, 19:11:36,540
FROV00001,FrozenEngine,1135,08/03/2022, 20:15:14,540
FROV00001,FrozenEngine,1135,08/03/2022, 21:13:06,540
FROV00001,FrozenEngine,1135,08/03/2022, 22:13:31,540
FROV00001,FrozenEngine,1135,08/03/2022, 23:14:49,540
FROV00001,FrozenEngine,1135,08/04/2022, 01:18:35,540
FROV00001,FrozenEngine,1135,08/04/2022, 03:24:12,540
FROV00001,FrozenEngine,1135,08/04/2022, 04:39:27,540
FROV00001,FrozenEngine,1135,08/04/2022, 05:27:23,540
FROV00001,FrozenEngine,1135,08/04/2022, 06:19:52,540
FROV00001,FrozenEngine,1135,08/04/2022, 07:12:53,540
FROV00001,FrozenEngine,1135,08/04/2022, 08:21:41,540
FROV00001,FrozenEngine,1135,08/04/2022, 09:13:35,540
FROV00001,FrozenEngine,1135,08/04/2022, 10:16:02,540
FROV00001,FrozenEngine,1135,08/04/2022, 11:12:56,540
FROV00001,FrozenEngine,1135,08/04/2022, 12:27:26,540
FROV00001,FrozenEngine,1135,08/04/2022, 13:35:24,540
FROV00001,FrozenEngine,1135,08/04/2022, 14:12:08,540
FROV00001,FrozenEngine,1135,08/04/2022, 15:16:08,540
FROV00001,FrozenEngine,1135,08/04/2022, 16:21:04,540
FROV00001,FrozenEngine,1135,08/04/2022, 17:21:09,540
FROV00001,FrozenEngine,1135,08/04/2022, 18:17:08,540
FROV00001,FrozenEngine,1135,08/04/2022, 19:12:45,540
FROV00001,FrozenEngine,1135,08/04/2022, 20:15:30,540
FROV00001,FrozenEngine,1135,08/04/2022, 21:12:31,540
FROV00001,FrozenEngine,1135,08/04/2022, 22:13:47,540
FROV00001,FrozenEngine,1135,08/04/2022, 23:13:28,540
FROV00001,FrozenEngine,1135,08/05/2022, 01:20:05,540
FROV00001,FrozenEngine,1136,08/05/2022, 03:40:57,540
FROV00001,FrozenEngine,1136,08/05/2022, 04:41:46,540
FROV00001,FrozenEngine,1136,08/05/2022, 05:29:55,540
FROV00001,FrozenEngine,1136,08/05/2022, 06:17:39,540
FROV00001,FrozenEngine,1136,08/05/2022, 07:13:03,540
FROV00001,FrozenEngine,1136,08/05/2022, 08:18:19,540
FROV00001,FrozenEngine,1136,08/05/2022, 09:14:04,540
FROV00001,FrozenEngine,1136,08/05/2022, 10:15:04,540
FROV00001,FrozenEngine,1136,08/05/2022, 11:12:34,540
FROV00001,FrozenEngine,1136,08/05/2022, 12:27:37,540
FROV00001,FrozenEngine,1136,08/05/2022, 13:38:20,540
FROV00001,FrozenEngine,1136,08/05/2022, 14:14:34,540
FROV00001,FrozenEngine,1136,08/05/2022, 15:14:58,540
FROV00001,FrozenEngine,1136,08/05/2022, 16:20:40,540
FROV00001,FrozenEngine,1136,08/05/2022, 17:23:35,540
FROV00001,FrozenEngine,1136,08/05/2022, 18:17:27,540
FROV00001,FrozenEngine,1136,08/05/2022, 19:12:10,540
FROV00001,FrozenEngine,1136,08/05/2022, 20:14:48,540
FROV00001,FrozenEngine,1136,08/05/2022, 21:12:22,540
FROV00001,FrozenEngine,1136,08/05/2022, 22:13:18,540
FROV00001,FrozenEngine,1136,08/05/2022, 23:13:43,540
FROV00001,FrozenEngine,1136,08/06/2022, 01:07:41,540
FROV00001,FrozenEngine,1136,08/06/2022, 03:16:44,540
FROV00001,FrozenEngine,1136,08/06/2022, 04:20:01,540
FROV00001,FrozenEngine,1136,08/06/2022, 05:12:50,540
FROV00001,FrozenEngine,1136,08/06/2022, 06:16:34,540
FROV00001,FrozenEngine,1136,08/06/2022, 07:13:06,540
FROV00001,FrozenEngine,1136,08/06/2022, 08:16:47,540
FROV00001,FrozenEngine,1136,08/06/2022, 09:12:49,540
FROV00001,FrozenEngine,1136,08/06/2022, 10:14:09,540
FROV00001,FrozenEngine,1136,08/06/2022, 11:11:09,540
FROV00001,FrozenEngine,1136,08/06/2022, 12:22:06,540
FROV00001,FrozenEngine,1136,08/06/2022, 13:23:37,540
FROV00001,FrozenEngine,1136,08/06/2022, 14:11:54,540
FROV00001,FrozenEngine,1136,08/06/2022, 15:13:43,540
FROV00001,FrozenEngine,1136,08/06/2022, 16:17:44,540
FROV00001,FrozenEngine,1136,08/06/2022, 17:13:57,540
FROV00001,FrozenEngine,1136,08/06/2022, 18:16:20,540
FROV00001,FrozenEngine,1136,08/06/2022, 19:11:05,540
FROV00001,FrozenEngine,1136,08/06/2022, 20:13:54,540
FROV00001,FrozenEngine,1136,08/06/2022, 21:13:12,540
FROV00001,FrozenEngine,1136,08/06/2022, 22:12:51,540
FROV00001,FrozenEngine,1136,08/06/2022, 23:13:54,540
FROV00001,FrozenEngine,1137,08/07/2022, 01:17:00,540
FROV00001,FrozenEngine,1137,08/07/2022, 03:20:46,540
FROV00001,FrozenEngine,1137,08/07/2022, 04:21:20,540
FROV00001,FrozenEngine,1137,08/07/2022, 05:12:26,540
FROV00001,FrozenEngine,1137,08/07/2022, 06:16:41,540
FROV00001,FrozenEngine,1137,08/07/2022, 07:13:14,540
FROV00001,FrozenEngine,1137,08/07/2022, 08:16:11,540
FROV00001,FrozenEngine,1137,08/07/2022, 09:13:05,540
FROV00001,FrozenEngine,1137,08/07/2022, 10:14:18,540
FROV00001,FrozenEngine,1137,08/07/2022, 11:12:19,540
FROV00001,FrozenEngine,1137,08/07/2022, 12:23:02,540
FROV00001,FrozenEngine,1138,08/07/2022, 13:24:03,540
FROV00001,FrozenEngine,1138,08/07/2022, 14:12:13,540
FROV00001,FrozenEngine,1138,08/07/2022, 15:13:35,540
FROV00001,FrozenEngine,1138,08/07/2022, 16:17:12,540
FROV00001,FrozenEngine,1138,08/07/2022, 17:13:58,540
FROV00001,FrozenEngine,1138,08/07/2022, 18:16:23,540
FROV00001,FrozenEngine,1138,08/07/2022, 19:11:12,540
FROV00001,FrozenEngine,1138,08/07/2022, 20:14:51,540
FROV00001,FrozenEngine,1138,08/07/2022, 21:11:50,540
FROV00001,FrozenEngine,1138,08/07/2022, 22:13:37,540
FROV00001,FrozenEngine,1138,08/07/2022, 23:13:13,540
FROV00001,FrozenEngine,1138,08/08/2022, 01:10:57,540
FROV00001,FrozenEngine,1138,08/08/2022, 03:37:04,540
FROV00001,FrozenEngine,1138,08/08/2022, 04:31:52,540
FROV00001,FrozenEngine,1138,08/08/2022, 05:18:58,540
FROV00001,FrozenEngine,1138,08/08/2022, 06:19:07,540
FROV00001,FrozenEngine,1138,08/08/2022, 07:12:58,540
FROV00001,FrozenEngine,1138,08/08/2022, 08:20:33,540
FROV00001,FrozenEngine,1138,08/08/2022, 09:13:52,540
FROV00001,FrozenEngine,1138,08/08/2022, 10:16:01,540
FROV00001,FrozenEngine,1138,08/08/2022, 11:12:00,540
FROV00001,FrozenEngine,1138,08/08/2022, 12:27:02,540
FROV00001,FrozenEngine,1138,08/08/2022, 13:39:00,540
FROV00001,FrozenEngine,1138,08/08/2022, 14:15:02,540
FROV00001,FrozenEngine,1138,08/08/2022, 15:15:26,540
FROV00001,FrozenEngine,1138,08/08/2022, 16:20:38,540
FROV00001,FrozenEngine,1138,08/08/2022, 17:19:36,540
FROV00001,FrozenEngine,1138,08/08/2022, 18:18:14,540
FROV00001,FrozenEngine,1138,08/08/2022, 19:12:09,540
FROV00001,FrozenEngine,1138,08/08/2022, 20:15:28,540
FROV00001,FrozenEngine,1138,08/08/2022, 21:12:37,540
FROV00001,FrozenEngine,1138,08/08/2022, 22:15:20,540
FROV00001,FrozenEngine,1138,08/08/2022, 23:15:41,540
FROV00001,FrozenEngine,1138,08/09/2022, 01:19:48,540
FROV00001,FrozenEngine,1138,08/09/2022, 03:41:08,540
FROV00001,FrozenEngine,1138,08/09/2022, 04:37:12,540
FROV00001,FrozenEngine,1138,08/09/2022, 05:21:27,540
FROV00001,FrozenEngine,1138,08/09/2022, 06:18:32,540
FROV00001,FrozenEngine,1138,08/09/2022, 07:12:53,540
FROV00001,FrozenEngine,1138,08/09/2022, 08:17:47,540
FROV00001,FrozenEngine,1138,08/09/2022, 09:14:47,540
FROV00001,FrozenEngine,1138,08/09/2022, 10:16:50,540
FROV00001,FrozenEngine,1138,08/09/2022, 12:30:24,540
FROV00001,FrozenEngine,1138,08/09/2022, 13:44:03,540
FROV00001,FrozenEngine,1138,08/09/2022, 14:17:02,540
FROV00001,FrozenEngine,1138,08/09/2022, 15:15:23,540
FROV00001,FrozenEngine,1138,08/09/2022, 16:18:45,540
FROV00001,FrozenEngine,1138,08/09/2022, 17:17:36,540
FROV00001,FrozenEngine,1138,08/09/2022, 18:16:36,540
FROV00001,FrozenEngine,1138,08/09/2022, 19:14:38,540
FROV00001,FrozenEngine,1138,08/09/2022, 20:15:09,540
FROV00001,FrozenEngine,1138,08/09/2022, 21:12:25,540
FROV00001,FrozenEngine,1138,08/09/2022, 22:13:39,540
FROV00001,FrozenEngine,1138,08/09/2022, 23:14:26,540
FROV00001,FrozenEngine,1138,08/10/2022, 01:12:36,540
FROV00001,FrozenEngine,1138,08/10/2022, 03:02:19,540
FROV00001,FrozenEngine,1138,08/10/2022, 04:17:05,540
FROV00001,FrozenEngine,1138,08/10/2022, 05:13:07,540
FROV00001,FrozenEngine,1138,08/10/2022, 06:18:51,540
FROV00001,FrozenEngine,1138,08/10/2022, 07:13:13,540
FROV00001,FrozenEngine,1138,08/10/2022, 08:17:15,540
FROV00001,FrozenEngine,1138,08/10/2022, 09:14:19,540
FROV00001,FrozenEngine,1138,08/10/2022, 10:15:08,540
FROV00001,FrozenEngine,1138,08/10/2022, 11:12:10,540
FROV00001,FrozenEngine,1138,08/10/2022, 12:26:57,540
FROV00001,FrozenEngine,1138,08/10/2022, 13:30:12,540
FROV00001,FrozenEngine,1138,08/10/2022, 14:12:54,540
FROV00001,FrozenEngine,1138,08/10/2022, 15:14:27,540
FROV00001,FrozenEngine,1138,08/10/2022, 16:19:22,540
FROV00001,FrozenEngine,1138,08/10/2022, 17:20:12,540
FROV00001,FrozenEngine,1138,08/10/2022, 18:16:59,540
FROV00001,FrozenEngine,1138,08/10/2022, 19:11:50,540
FROV00001,FrozenEngine,1138,08/10/2022, 20:15:49,540
FROV00001,FrozenEngine,1138,08/10/2022, 21:12:56,540
FROV00001,FrozenEngine,1138,08/10/2022, 22:13:28,540
FROV00001,FrozenEngine,1138,08/10/2022, 23:13:36,540
FROV00001,FrozenEngine,1138,08/11/2022, 01:07:01,540
FROV00001,FrozenEngine,1138,08/11/2022, 03:16:19,540
FROV00001,FrozenEngine,1138,08/11/2022, 04:22:13,540
FROV00001,FrozenEngine,1138,08/11/2022, 05:13:47,540
FROV00001,FrozenEngine,1138,08/11/2022, 06:17:45,540
FROV00001,FrozenEngine,1138,08/11/2022, 07:13:26,540
FROV00001,FrozenEngine,1138,08/11/2022, 08:16:55,540
FROV00001,FrozenEngine,1138,08/11/2022, 09:14:15,540
FROV00001,FrozenEngine,1138,08/11/2022, 10:15:41,540
FROV00001,FrozenEngine,1138,08/11/2022, 11:12:54,540
FROV00001,FrozenEngine,1138,08/11/2022, 12:28:49,540
FROV00001,FrozenEngine,1138,08/11/2022, 13:37:10,540
FROV00001,FrozenEngine,1138,08/11/2022, 14:12:40,540
FROV00001,FrozenEngine,1138,08/11/2022, 15:15:01,540
FROV00001,FrozenEngine,1138,08/11/2022, 16:18:28,540
FROV00001,FrozenEngine,1138,08/11/2022, 17:16:56,540
FROV00001,FrozenEngine,1138,08/11/2022, 18:16:46,540
FROV00001,FrozenEngine,1138,08/11/2022, 19:10:11,540
FROV00001,FrozenEngine,1138,08/11/2022, 20:14:18,540
FROV00001,FrozenEngine,1138,08/11/2022, 21:13:24,540
FROV00001,FrozenEngine,1138,08/11/2022, 22:13:33,540
FROV00001,FrozenEngine,1138,08/11/2022, 23:14:23,540
FROV00001,FrozenEngine,1138,08/12/2022, 01:11:01,540
FROV00001,FrozenEngine,1138,08/12/2022, 03:25:36,540
FROV00001,FrozenEngine,1138,08/12/2022, 04:28:00,540
FROV00001,FrozenEngine,1138,08/12/2022, 05:15:19,540
FROV00001,FrozenEngine,1138,08/12/2022, 06:17:36,540
FROV00001,FrozenEngine,1138,08/12/2022, 07:12:58,540
FROV00001,FrozenEngine,1138,08/12/2022, 08:17:46,540
FROV00001,FrozenEngine,1138,08/12/2022, 09:14:00,540
FROV00001,FrozenEngine,1138,08/12/2022, 10:17:15,540
FROV00001,FrozenEngine,1138,08/12/2022, 11:12:29,540
FROV00001,FrozenEngine,1138,08/12/2022, 12:26:32,540
FROV00001,FrozenEngine,1138,08/12/2022, 13:38:23,540
FROV00001,FrozenEngine,1138,08/12/2022, 14:13:27,540
FROV00001,FrozenEngine,1138,08/12/2022, 15:15:31,540
FROV00001,FrozenEngine,1138,08/12/2022, 16:22:21,540
FROV00001,FrozenEngine,1138,08/12/2022, 17:21:34,540
FROV00001,FrozenEngine,1138,08/12/2022, 18:17:09,540
FROV00001,FrozenEngine,1138,08/12/2022, 19:11:33,540
FROV00001,FrozenEngine,1138,08/12/2022, 20:14:26,540
FROV00001,FrozenEngine,1138,08/12/2022, 21:13:00,540
FROV00001,FrozenEngine,1138,08/12/2022, 22:14:55,540
FROV00001,FrozenEngine,1138,08/12/2022, 23:13:38,540
FROV00001,FrozenEngine,1138,08/13/2022, 01:05:21,540
FROV00001,FrozenEngine,1138,08/13/2022, 03:17:17,540
FROV00001,FrozenEngine,1138,08/13/2022, 04:21:06,540
FROV00001,FrozenEngine,1139,08/13/2022, 05:12:38,540
FROV00001,FrozenEngine,1139,08/13/2022, 06:16:39,540
FROV00001,FrozenEngine,1139,08/13/2022, 07:13:32,540
FROV00001,FrozenEngine,1139,08/13/2022, 08:17:15,540
FROV00001,FrozenEngine,1139,08/13/2022, 09:13:00,540
FROV00001,FrozenEngine,1139,08/13/2022, 10:14:46,540
FROV00001,FrozenEngine,1139,08/13/2022, 11:11:40,540
FROV00001,FrozenEngine,1139,08/13/2022, 12:22:49,540
FROV00001,FrozenEngine,1139,08/13/2022, 13:24:39,540
FROV00001,FrozenEngine,1139,08/13/2022, 14:12:37,540
FROV00001,FrozenEngine,1139,08/13/2022, 15:13:52,540
FROV00001,FrozenEngine,1139,08/13/2022, 16:17:16,540
FROV00001,FrozenEngine,1139,08/13/2022, 17:14:00,540
FROV00001,FrozenEngine,1139,08/13/2022, 18:15:45,540
FROV00001,FrozenEngine,1140,08/13/2022, 19:10:58,540
FROV00001,FrozenEngine,1140,08/13/2022, 20:14:24,540
FROV00001,FrozenEngine,1140,08/13/2022, 21:12:08,540
FROV00001,FrozenEngine,1140,08/13/2022, 22:13:37,540
FROV00001,FrozenEngine,1140,08/13/2022, 23:13:19,540
FROV00001,FrozenEngine,1140,08/14/2022, 01:13:28,540
FROV00001,FrozenEngine,1140,08/14/2022, 03:28:01,540
FROV00001,FrozenEngine,1140,08/14/2022, 04:24:48,540
FROV00001,FrozenEngine,1140,08/14/2022, 05:13:53,540
FROV00001,FrozenEngine,1140,08/14/2022, 06:17:11,540
FROV00001,FrozenEngine,1140,08/14/2022, 07:12:55,540
FROV00001,FrozenEngine,1140,08/14/2022, 08:16:18,540
FROV00001,FrozenEngine,1140,08/14/2022, 09:13:41,540
FROV00001,FrozenEngine,1140,08/14/2022, 10:14:23,540
FROV00001,FrozenEngine,1140,08/14/2022, 11:12:10,540
FROV00001,FrozenEngine,1140,08/14/2022, 12:23:54,540
FROV00001,FrozenEngine,1140,08/14/2022, 13:26:40,540
FROV00001,FrozenEngine,1140,08/14/2022, 14:13:18,540
FROV00001,FrozenEngine,1140,08/14/2022, 15:13:59,540
FROV00001,FrozenEngine,1140,08/14/2022, 16:17:18,540
FROV00001,FrozenEngine,1140,08/14/2022, 17:14:19,540
FROV00001,FrozenEngine,1140,08/14/2022, 18:15:46,540
FROV00001,FrozenEngine,1140,08/14/2022, 19:11:22,540
FROV00001,FrozenEngine,1140,08/14/2022, 20:14:02,540
FROV00001,FrozenEngine,1140,08/14/2022, 21:12:42,540
FROV00001,FrozenEngine,1140,08/14/2022, 22:13:38,540
FROV00001,FrozenEngine,1140,08/14/2022, 23:13:31,540
FROV00001,FrozenEngine,1140,08/15/2022, 01:17:04,540
FROV00001,FrozenEngine,1140,08/15/2022, 03:53:59,540
FROV00001,FrozenEngine,1140,08/15/2022, 05:00:40,540
FROV00001,FrozenEngine,1140,08/15/2022, 05:40:10,540
FROV00001,FrozenEngine,1140,08/15/2022, 06:18:41,540
FROV00001,FrozenEngine,1140,08/15/2022, 07:12:52,540
FROV00001,FrozenEngine,1140,08/15/2022, 08:17:34,540
FROV00001,FrozenEngine,1140,08/15/2022, 09:14:20,540
FROV00001,FrozenEngine,1140,08/15/2022, 10:16:29,540
FROV00001,FrozenEngine,1140,08/15/2022, 11:12:00,540
FROV00001,FrozenEngine,1140,08/15/2022, 12:28:22,540
FROV00001,FrozenEngine,1140,08/15/2022, 13:37:56,540
FROV00001,FrozenEngine,1140,08/15/2022, 14:17:33,540
FROV00001,FrozenEngine,1140,08/15/2022, 15:16:06,540
FROV00001,FrozenEngine,1140,08/15/2022, 16:19:35,540
FROV00001,FrozenEngine,1140,08/15/2022, 17:21:39,540
FROV00001,FrozenEngine,1140,08/15/2022, 18:18:17,540
FROV00001,FrozenEngine,1140,08/15/2022, 19:11:16,540
FROV00001,FrozenEngine,1140,08/15/2022, 20:15:01,540
FROV00001,FrozenEngine,1140,08/15/2022, 21:12:41,540
FROV00001,FrozenEngine,1140,08/15/2022, 22:14:28,540
FROV00001,FrozenEngine,1140,08/15/2022, 23:14:35,540
FROV00001,FrozenEngine,1140,08/16/2022, 01:19:26,540
FROV00001,FrozenEngine,1141,08/16/2022, 03:42:14,540
FROV00001,FrozenEngine,1141,08/16/2022, 04:36:53,540
FROV00001,FrozenEngine,1141,08/16/2022, 05:17:09,540
FROV00001,FrozenEngine,1141,08/16/2022, 06:18:01,540
FROV00001,FrozenEngine,1141,08/16/2022, 07:11:40,540
FROV00001,FrozenEngine,1141,08/16/2022, 08:14:29,540
FROV00001,FrozenEngine,1141,08/16/2022, 09:12:41,540
FROV00001,FrozenEngine,1141,08/16/2022, 10:16:05,540
FROV00001,FrozenEngine,1141,08/16/2022, 11:11:16,540
FROV00001,FrozenEngine,1141,08/16/2022, 12:24:13,540
FROV00001,FrozenEngine,1141,08/16/2022, 13:28:26,540
FROV00001,FrozenEngine,1141,08/16/2022, 14:13:55,540
FROV00001,FrozenEngine,1141,08/16/2022, 15:15:16,540
FROV00001,FrozenEngine,1141,08/16/2022, 16:19:12,540
FROV00001,FrozenEngine,1141,08/16/2022, 17:18:40,540
FROV00001,FrozenEngine,1141,08/16/2022, 18:20:02,540
FROV00001,FrozenEngine,1141,08/16/2022, 19:11:18,540
FROV00001,FrozenEngine,1141,08/16/2022, 20:15:23,540
FROV00001,FrozenEngine,1141,08/16/2022, 21:12:38,540
FROV00001,FrozenEngine,1141,08/16/2022, 22:14:44,540
FROV00001,FrozenEngine,1141,08/16/2022, 23:12:56,540
FROV00001,FrozenEngine,1143,08/17/2022, 01:20:50,540
FROV00001,FrozenEngine,1143,08/17/2022, 03:55:33,540
FROV00001,FrozenEngine,1143,08/17/2022, 05:05:03,540
FROV00001,FrozenEngine,1143,08/17/2022, 06:18:22,540
FROV00001,FrozenEngine,1143,08/17/2022, 07:13:00,540
FROV00001,FrozenEngine,1143,08/17/2022, 08:18:05,540
FROV00001,FrozenEngine,1143,08/17/2022, 09:15:35,540
FROV00001,FrozenEngine,1143,08/17/2022, 10:15:36,540
FROV00001,FrozenEngine,1143,08/17/2022, 11:11:58,540
FROV00001,FrozenEngine,1143,08/17/2022, 12:29:18,540
FROV00001,FrozenEngine,1143,08/17/2022, 13:43:51,540
FROV00001,FrozenEngine,1143,08/17/2022, 14:18:12,540
FROV00001,FrozenEngine,1144,08/17/2022, 15:15:30,540
FROV00001,FrozenEngine,1144,08/17/2022, 16:20:17,540
FROV00001,FrozenEngine,1144,08/17/2022, 17:21:52,540
FROV00001,FrozenEngine,1144,08/17/2022, 18:17:11,540
FROV00001,FrozenEngine,1144,08/17/2022, 19:11:27,540
FROV00001,FrozenEngine,1144,08/17/2022, 20:15:11,540
FROV00001,FrozenEngine,1144,08/17/2022, 21:12:47,540
FROV00001,FrozenEngine,1144,08/17/2022, 22:13:38,540
FROV00001,FrozenEngine,1144,08/17/2022, 23:14:56,540
FROV00001,FrozenEngine,1144,08/18/2022, 01:24:39,540
FROV00001,FrozenEngine,1144,08/18/2022, 03:59:41,540
FROV00001,FrozenEngine,1144,08/18/2022, 05:04:18,540
FROV00001,FrozenEngine,1144,08/18/2022, 06:18:08,540
FROV00001,FrozenEngine,1144,08/18/2022, 07:13:27,540
FROV00001,FrozenEngine,1144,08/18/2022, 08:17:23,540
FROV00001,FrozenEngine,1144,08/18/2022, 09:15:02,540
FROV00001,FrozenEngine,1144,08/18/2022, 10:17:24,540
FROV00001,FrozenEngine,1144,08/18/2022, 11:12:45,540
FROV00001,FrozenEngine,1144,08/18/2022, 12:29:39,540
FROV00001,FrozenEngine,1144,08/18/2022, 13:38:41,540
FROV00001,FrozenEngine,1144,08/18/2022, 14:15:31,540
FROV00001,FrozenEngine,1144,08/18/2022, 15:24:06,540
FROV00001,FrozenEngine,1144,08/18/2022, 17:33:01,540
FROV00001,FrozenEngine,1144,08/18/2022, 18:16:09,540
FROV00001,FrozenEngine,1144,08/18/2022, 19:12:25,540
FROV00001,FrozenEngine,1144,08/18/2022, 20:16:29,540
FROV00001,FrozenEngine,1144,08/18/2022, 21:13:16,540
FROV00001,FrozenEngine,1144,08/18/2022, 22:14:23,540
FROV00001,FrozenEngine,1144,08/18/2022, 23:14:38,540
FROV00001,FrozenEngine,1144,08/19/2022, 01:16:03,540
FROV00001,FrozenEngine,1144,08/19/2022, 03:48:01,540
FROV00001,FrozenEngine,1144,08/19/2022, 04:46:57,540
FROV00001,FrozenEngine,1144,08/19/2022, 05:24:25,540
FROV00001,FrozenEngine,1144,08/19/2022, 06:19:49,540
FROV00001,FrozenEngine,1144,08/19/2022, 07:13:22,540
FROV00001,FrozenEngine,1144,08/19/2022, 08:17:36,540
FROV00001,FrozenEngine,1144,08/19/2022, 09:14:32,540
FROV00001,FrozenEngine,1144,08/19/2022, 10:17:34,540
FROV00001,FrozenEngine,1144,08/19/2022, 11:12:44,540
FROV00001,FrozenEngine,1144,08/19/2022, 12:25:55,540
FROV00001,FrozenEngine,1144,08/19/2022, 13:36:35,540
FROV00001,FrozenEngine,1144,08/19/2022, 14:14:03,540
FROV00001,FrozenEngine,1144,08/19/2022, 15:16:01,540
FROV00001,FrozenEngine,1144,08/19/2022, 16:20:29,540
FROV00001,FrozenEngine,1144,08/19/2022, 17:22:21,540
FROV00001,FrozenEngine,1144,08/19/2022, 18:19:16,540
FROV00001,FrozenEngine,1144,08/19/2022, 19:11:12,540
FROV00001,FrozenEngine,1144,08/19/2022, 20:15:45,540
FROV00001,FrozenEngine,1144,08/19/2022, 21:12:56,540
FROV00001,FrozenEngine,1144,08/19/2022, 22:15:41,540
FROV00001,FrozenEngine,1144,08/19/2022, 23:13:54,540
FROV00001,FrozenEngine,1144,08/20/2022, 01:12:20,540
FROV00001,FrozenEngine,1144,08/20/2022, 03:36:20,540
FROV00001,FrozenEngine,1144,08/20/2022, 04:29:14,540
FROV00001,FrozenEngine,1144,08/20/2022, 05:15:51,540
FROV00001,FrozenEngine,1144,08/20/2022, 06:16:34,540
FROV00001,FrozenEngine,1144,08/20/2022, 07:13:03,540
FROV00001,FrozenEngine,1144,08/20/2022, 08:18:01,540
FROV00001,FrozenEngine,1144,08/20/2022, 09:13:29,540
FROV00001,FrozenEngine,1144,08/20/2022, 10:14:25,540
FROV00001,FrozenEngine,1144,08/20/2022, 11:12:00,540
FROV00001,FrozenEngine,1144,08/20/2022, 12:23:28,540
FROV00001,FrozenEngine,1144,08/20/2022, 13:24:56,540
FROV00001,FrozenEngine,1144,08/20/2022, 14:12:37,540
FROV00001,FrozenEngine,1144,08/20/2022, 15:13:57,540
FROV00001,FrozenEngine,1144,08/20/2022, 16:17:25,540
FROV00001,FrozenEngine,1144,08/20/2022, 17:14:41,540
FROV00001,FrozenEngine,1144,08/20/2022, 18:15:58,540
FROV00001,FrozenEngine,1144,08/20/2022, 19:11:22,540
FROV00001,FrozenEngine,1144,08/20/2022, 20:14:30,540
FROV00001,FrozenEngine,1144,08/20/2022, 21:12:52,540
FROV00001,FrozenEngine,1144,08/20/2022, 22:13:30,540
FROV00001,FrozenEngine,1144,08/20/2022, 23:13:14,540
FROV00001,FrozenEngine,1144,08/21/2022, 01:11:34,540
FROV00001,FrozenEngine,1144,08/21/2022, 03:38:41,540
FROV00001,FrozenEngine,1144,08/21/2022, 04:29:40,540
FROV00001,FrozenEngine,1144,08/21/2022, 05:16:23,540
FROV00001,FrozenEngine,1144,08/21/2022, 06:17:11,540
FROV00001,FrozenEngine,1145,08/21/2022, 07:13:08,540
FROV00001,FrozenEngine,1145,08/21/2022, 08:16:57,540
FROV00001,FrozenEngine,1145,08/21/2022, 09:13:23,540
FROV00001,FrozenEngine,1145,08/21/2022, 10:14:43,540
FROV00001,FrozenEngine,1145,08/21/2022, 11:12:04,540
FROV00001,FrozenEngine,1145,08/21/2022, 12:23:02,540
FROV00001,FrozenEngine,1145,08/21/2022, 13:25:15,540
FROV00001,FrozenEngine,1145,08/21/2022, 14:12:17,540
FROV00001,FrozenEngine,1145,08/21/2022, 15:13:29,540
FROV00001,FrozenEngine,1145,08/21/2022, 16:18:13,540
FROV00001,FrozenEngine,1145,08/21/2022, 17:15:05,540
FROV00001,FrozenEngine,1145,08/21/2022, 18:16:27,540
FROV00001,FrozenEngine,1145,08/21/2022, 19:11:49,540
FROV00001,FrozenEngine,1145,08/21/2022, 20:14:45,540
FROV00001,FrozenEngine,1145,08/21/2022, 21:12:22,540
FROV00001,FrozenEngine,1145,08/21/2022, 22:13:42,540
FROV00001,FrozenEngine,1145,08/21/2022, 23:13:36,540
FROV00001,FrozenEngine,1145,08/22/2022, 01:14:06,540
FROV00001,FrozenEngine,1145,08/22/2022, 03:56:58,540
FROV00001,FrozenEngine,1145,08/22/2022, 05:08:13,540
FROV00001,FrozenEngine,1145,08/22/2022, 06:20:50,540
FROV00001,FrozenEngine,1145,08/22/2022, 07:12:43,540
FROV00001,FrozenEngine,1145,08/22/2022, 08:18:09,540
FROV00001,FrozenEngine,1145,08/22/2022, 09:14:19,540
FROV00001,FrozenEngine,1145,08/22/2022, 10:16:33,540
FROV00001,FrozenEngine,1145,08/22/2022, 11:12:37,540
FROV00001,FrozenEngine,1145,08/22/2022, 12:29:40,540
FROV00001,FrozenEngine,1145,08/22/2022, 13:38:22,540
FROV00001,FrozenEngine,1145,08/22/2022, 14:12:41,540
FROV00001,FrozenEngine,1145,08/22/2022, 15:16:35,540
FROV00001,FrozenEngine,1145,08/22/2022, 16:17:51,540
FROV00001,FrozenEngine,1145,08/22/2022, 17:16:17,540
FROV00001,FrozenEngine,1145,08/22/2022, 18:16:18,540
FROV00001,FrozenEngine,1145,08/22/2022, 19:11:56,540
FROV00001,FrozenEngine,1145,08/22/2022, 20:14:27,540
FROV00001,FrozenEngine,1145,08/22/2022, 21:12:51,540
FROV00001,FrozenEngine,1145,08/22/2022, 22:14:56,540
FROV00001,FrozenEngine,1145,08/22/2022, 23:14:09,540
FROV00001,FrozenEngine,1145,08/23/2022, 01:24:55,540
FROV00001,FrozenEngine,1145,08/23/2022, 04:10:06,540
FROV00001,FrozenEngine,1145,08/23/2022, 05:51:44,540
FROV00001,FrozenEngine,1145,08/23/2022, 06:27:48,540
FROV00001,FrozenEngine,1145,08/23/2022, 07:17:57,540
FROV00001,FrozenEngine,1145,08/23/2022, 08:18:30,540
FROV00001,FrozenEngine,1145,08/23/2022, 09:14:25,540
FROV00001,FrozenEngine,1145,08/23/2022, 10:16:05,540
FROV00001,FrozenEngine,1145,08/23/2022, 11:12:29,540
FROV00001,FrozenEngine,1145,08/23/2022, 12:27:30,540
FROV00001,FrozenEngine,1145,08/23/2022, 13:34:55,540
FROV00001,FrozenEngine,1145,08/23/2022, 14:13:22,540
FROV00001,FrozenEngine,1145,08/23/2022, 15:14:28,540
FROV00001,FrozenEngine,1145,08/23/2022, 16:19:08,540
FROV00001,FrozenEngine,1145,08/23/2022, 17:18:12,540
FROV00001,FrozenEngine,1145,08/23/2022, 18:17:16,540
FROV00001,FrozenEngine,1145,08/23/2022, 19:11:55,540
FROV00001,FrozenEngine,1145,08/23/2022, 20:15:06,540
FROV00001,FrozenEngine,1145,08/23/2022, 21:12:57,540
FROV00001,FrozenEngine,1145,08/23/2022, 22:14:06,540
FROV00001,FrozenEngine,1145,08/23/2022, 23:14:09,540
FROV00001,FrozenEngine,1145,08/24/2022, 01:20:49,540
FROV00001,FrozenEngine,1145,08/24/2022, 04:04:53,540
FROV00001,FrozenEngine,1145,08/24/2022, 05:40:40,540
FROV00001,FrozenEngine,1145,08/24/2022, 06:19:30,540
FROV00001,FrozenEngine,1145,08/24/2022, 07:13:41,540
FROV00001,FrozenEngine,1145,08/24/2022, 08:17:48,540
FROV00001,FrozenEngine,1145,08/24/2022, 09:13:52,540
FROV00001,FrozenEngine,1145,08/24/2022, 10:15:52,540
FROV00001,FrozenEngine,1145,08/24/2022, 11:12:42,540
FROV00001,FrozenEngine,1145,08/24/2022, 12:28:00,540
FROV00001,FrozenEngine,1145,08/24/2022, 13:32:54,540
FROV00001,FrozenEngine,1145,08/24/2022, 14:13:16,540
FROV00001,FrozenEngine,1145,08/24/2022, 15:15:07,540
FROV00001,FrozenEngine,1145,08/24/2022, 16:19:08,540
FROV00001,FrozenEngine,1145,08/24/2022, 17:16:09,540
FROV00001,FrozenEngine,1145,08/24/2022, 18:26:13,540
FROV00001,FrozenEngine,1145,08/24/2022, 19:13:17,540
FROV00001,FrozenEngine,1145,08/24/2022, 20:15:02,540
FROV00001,FrozenEngine,1145,08/24/2022, 21:12:53,540
FROV00001,FrozenEngine,1145,08/24/2022, 22:14:00,540
FROV00001,FrozenEngine,1145,08/24/2022, 23:14:57,540
FROV00001,FrozenEngine,1145,08/25/2022, 01:23:44,540
FROV00001,FrozenEngine,1145,08/25/2022, 04:07:54,540
FROV00001,FrozenEngine,1145,08/25/2022, 05:51:40,540
FROV00001,FrozenEngine,1145,08/25/2022, 06:28:48,540
FROV00001,FrozenEngine,1145,08/25/2022, 07:19:19,540
FROV00001,FrozenEngine,1145,08/25/2022, 08:19:54,540
FROV00001,FrozenEngine,1145,08/25/2022, 09:14:03,540
FROV00001,FrozenEngine,1145,08/25/2022, 10:16:16,540
FROV00001,FrozenEngine,1145,08/25/2022, 11:13:39,540
FROV00001,FrozenEngine,1145,08/25/2022, 12:29:10,540
FROV00001,FrozenEngine,1145,08/25/2022, 13:37:44,540
FROV00001,FrozenEngine,1145,08/25/2022, 15:12:17,540
FROV00001,FrozenEngine,1145,08/25/2022, 15:15:27,540
FROV00001,FrozenEngine,1145,08/25/2022, 16:18:09,540
FROV00001,FrozenEngine,1145,08/25/2022, 17:17:36,540
FROV00001,FrozenEngine,1145,08/25/2022, 18:16:39,540
FROV00001,FrozenEngine,1145,08/25/2022, 19:11:52,540
FROV00001,FrozenEngine,1145,08/25/2022, 20:15:18,540
FROV00001,FrozenEngine,1145,08/25/2022, 21:13:24,540
FROV00001,FrozenEngine,1145,08/25/2022, 22:14:52,540
FROV00001,FrozenEngine,1145,08/25/2022, 23:21:09,540
FROV00001,FrozenEngine,1145,08/26/2022, 01:18:56,540
FROV00001,FrozenEngine,1145,08/26/2022, 04:14:49,540
FROV00001,FrozenEngine,1145,08/26/2022, 05:56:55,540
FROV00001,FrozenEngine,1145,08/26/2022, 06:34:52,540
FROV00001,FrozenEngine,1145,08/26/2022, 07:19:37,540
FROV00001,FrozenEngine,1145,08/26/2022, 08:18:47,540
FROV00001,FrozenEngine,1145,08/26/2022, 09:13:57,540
FROV00001,FrozenEngine,1145,08/26/2022, 11:12:50,540
FROV00001,FrozenEngine,1145,08/26/2022, 12:28:29,540
FROV00001,FrozenEngine,1145,08/26/2022, 13:33:33,540
FROV00001,FrozenEngine,1145,08/26/2022, 14:13:04,540
FROV00001,FrozenEngine,1145,08/26/2022, 15:16:30,540
FROV00001,FrozenEngine,1145,08/26/2022, 16:19:36,540
FROV00001,FrozenEngine,1145,08/26/2022, 17:18:51,540
FROV00001,FrozenEngine,1145,08/26/2022, 18:17:22,540
FROV00001,FrozenEngine,1145,08/26/2022, 19:11:38,540
FROV00001,FrozenEngine,1145,08/26/2022, 20:15:18,540
FROV00001,FrozenEngine,1145,08/26/2022, 21:12:44,540
FROV00001,FrozenEngine,1145,08/26/2022, 22:14:05,540
FROV00001,FrozenEngine,1145,08/26/2022, 23:14:16,540
FROV00001,FrozenEngine,1145,08/27/2022, 01:16:31,540
FROV00001,FrozenEngine,1145,08/27/2022, 03:59:46,540
FROV00001,FrozenEngine,1145,08/27/2022, 04:59:48,540
FROV00001,FrozenEngine,1145,08/27/2022, 05:32:25,540
FROV00001,FrozenEngine,1145,08/27/2022, 06:16:58,540
FROV00001,FrozenEngine,1145,08/27/2022, 07:13:20,540
FROV00001,FrozenEngine,1145,08/27/2022, 08:17:18,540
FROV00001,FrozenEngine,1145,08/27/2022, 09:13:35,540
FROV00001,FrozenEngine,1145,08/27/2022, 10:14:34,540
FROV00001,FrozenEngine,1145,08/27/2022, 11:12:23,540
FROV00001,FrozenEngine,1145,08/27/2022, 12:28:04,540
FROV00001,FrozenEngine,1145,08/27/2022, 13:26:31,540
FROV00001,FrozenEngine,1145,08/27/2022, 14:12:32,540
FROV00001,FrozenEngine,1145,08/27/2022, 15:14:20,540
FROV00001,FrozenEngine,1145,08/27/2022, 16:17:44,540
FROV00001,FrozenEngine,1145,08/27/2022, 17:15:10,540
FROV00001,FrozenEngine,1145,08/27/2022, 18:16:45,540
FROV00001,FrozenEngine,1145,08/27/2022, 19:11:42,540
FROV00001,FrozenEngine,1145,08/27/2022, 20:14:19,540
FROV00001,FrozenEngine,1145,08/27/2022, 21:12:58,540
FROV00001,FrozenEngine,1145,08/27/2022, 22:13:05,540
FROV00001,FrozenEngine,1145,08/27/2022, 23:13:59,540
FROV00001,FrozenEngine,1145,08/28/2022, 01:18:05,540
FROV00001,FrozenEngine,1145,08/28/2022, 03:54:40,540
FROV00001,FrozenEngine,1145,08/28/2022, 04:53:05,540
FROV00001,FrozenEngine,1145,08/28/2022, 05:27:32,540
FROV00001,FrozenEngine,1145,08/28/2022, 06:17:06,540
FROV00001,FrozenEngine,1145,08/28/2022, 07:13:16,540
FROV00001,FrozenEngine,1145,08/28/2022, 08:17:32,540
FROV00001,FrozenEngine,1145,08/28/2022, 09:13:42,540
FROV00001,FrozenEngine,1145,08/28/2022, 10:15:20,540
FROV00001,FrozenEngine,1145,08/28/2022, 11:11:52,540
FROV00001,FrozenEngine,1145,08/28/2022, 12:24:03,540
FROV00001,FrozenEngine,1145,08/28/2022, 13:26:08,540
FROV00001,FrozenEngine,1145,08/28/2022, 14:12:49,540
FROV00001,FrozenEngine,1145,08/28/2022, 15:14:25,540
FROV00001,FrozenEngine,1145,08/28/2022, 16:17:52,540
FROV00001,FrozenEngine,1145,08/28/2022, 17:15:36,540
FROV00001,FrozenEngine,1145,08/28/2022, 18:16:56,540
FROV00001,FrozenEngine,1145,08/28/2022, 19:11:53,540
FROV00001,FrozenEngine,1145,08/28/2022, 20:14:58,540
FROV00001,FrozenEngine,1145,08/28/2022, 21:14:18,540
FROV00001,FrozenEngine,1145,08/28/2022, 22:13:27,540
FROV00001,FrozenEngine,1145,08/28/2022, 23:13:43,540
FROV00001,FrozenEngine,1145,08/29/2022, 01:26:01,540
FROV00001,FrozenEngine,1145,08/29/2022, 04:08:15,540
FROV00001,FrozenEngine,1145,08/29/2022, 06:04:27,540
FROV00001,FrozenEngine,1145,08/29/2022, 07:20:26,540
FROV00001,FrozenEngine,1145,08/29/2022, 08:18:27,540
FROV00001,FrozenEngine,1145,08/29/2022, 09:14:22,540
FROV00001,FrozenEngine,1145,08/29/2022, 10:15:55,540
FROV00001,FrozenEngine,1145,08/29/2022, 11:13:42,540
FROV00001,FrozenEngine,1145,08/29/2022, 12:28:50,540
FROV00001,FrozenEngine,1145,08/29/2022, 13:37:07,540
FROV00001,FrozenEngine,1145,08/29/2022, 14:15:11,540
FROV00001,FrozenEngine,1145,08/29/2022, 15:15:37,540
FROV00001,FrozenEngine,1145,08/29/2022, 16:19:01,540
FROV00001,FrozenEngine,1145,08/29/2022, 17:19:40,540
FROV00001,FrozenEngine,1145,08/29/2022, 18:17:42,540
FROV00001,FrozenEngine,1145,08/29/2022, 19:11:44,540
FROV00001,FrozenEngine,1145,08/29/2022, 20:15:31,540
FROV00001,FrozenEngine,1145,08/29/2022, 21:13:25,540
FROV00001,FrozenEngine,1145,08/29/2022, 22:14:26,540
FROV00001,FrozenEngine,1145,08/29/2022, 23:15:07,540
FROV00001,FrozenEngine,1145,08/30/2022, 01:28:36,540
FROV00001,FrozenEngine,1145,08/30/2022, 04:17:06,540
FROV00001,FrozenEngine,1145,08/30/2022, 06:09:22,540
FROV00001,FrozenEngine,1145,08/30/2022, 07:23:56,540
FROV00001,FrozenEngine,1145,08/30/2022, 08:19:17,540
FROV00001,FrozenEngine,1145,08/30/2022, 09:14:25,540
FROV00001,FrozenEngine,1145,08/30/2022, 10:15:34,540
FROV00001,FrozenEngine,1145,08/30/2022, 11:13:17,540
FROV00001,FrozenEngine,1145,08/30/2022, 12:30:06,540
FROV00001,FrozenEngine,1145,08/30/2022, 13:39:11,540
FROV00001,FrozenEngine,1145,08/30/2022, 14:15:27,540
FROV00001,FrozenEngine,1145,08/30/2022, 15:14:56,540
FROV00001,FrozenEngine,1145,08/30/2022, 16:19:41,540
FROV00001,FrozenEngine,1145,08/30/2022, 17:21:18,540
FROV00001,FrozenEngine,1145,08/30/2022, 18:17:51,540
FROV00001,FrozenEngine,1145,08/30/2022, 19:12:09,540
FROV00001,FrozenEngine,1145,08/30/2022, 20:15:43,540
FROV00001,FrozenEngine,1145,08/30/2022, 21:13:56,540
FROV00001,FrozenEngine,1145,08/30/2022, 22:15:12,540
FROV00001,FrozenEngine,1145,08/31/2022, 01:28:40,540
FROV00001,FrozenEngine,1145,08/31/2022, 04:29:04,540
FROV00001,FrozenEngine,1145,08/31/2022, 06:22:16,540
FROV00001,FrozenEngine,1145,08/31/2022, 07:34:40,540
FROV00001,FrozenEngine,1145,08/31/2022, 08:17:36,540
FROV00001,FrozenEngine,1145,08/31/2022, 09:14:55,540
FROV00001,FrozenEngine,1145,08/31/2022, 10:15:28,540
FROV00001,FrozenEngine,1145,08/31/2022, 11:12:40,540
FROV00001,FrozenEngine,1146,08/31/2022, 12:29:19,540
FROV00001,FrozenEngine,1146,08/31/2022, 13:37:32,540
FROV00001,FrozenEngine,1146,08/31/2022, 14:14:42,540
FROV00001,FrozenEngine,1146,08/31/2022, 15:14:57,540
FROV00001,FrozenEngine,1146,08/31/2022, 16:20:01,540
FROV00001,FrozenEngine,1146,08/31/2022, 17:19:46,540
FROV00001,FrozenEngine,1146,08/31/2022, 18:18:04,540
FROV00001,FrozenEngine,1146,08/31/2022, 19:12:22,540
FROV00001,FrozenEngine,1146,08/31/2022, 20:16:05,540
FROV00001,FrozenEngine,1146,08/31/2022, 21:13:27,540
FROV00001,FrozenEngine,1146,08/31/2022, 22:14:38,540
FROV00001,FrozenEngine,1146,08/31/2022, 23:14:45,540
FROV00001,FrozenEngine,1146,09/01/2022, 01:14:16,540
FROV00001,FrozenEngine,1146,09/01/2022, 04:04:05,540
FROV00001,FrozenEngine,1146,09/01/2022, 05:48:07,540
FROV00001,FrozenEngine,1146,09/01/2022, 06:25:55,540
FROV00001,FrozenEngine,1146,09/01/2022, 07:17:15,540
FROV00001,FrozenEngine,1146,09/01/2022, 08:20:28,540
FROV00001,FrozenEngine,1146,09/01/2022, 09:14:31,540
FROV00001,FrozenEngine,1146,09/01/2022, 10:15:54,540
FROV00001,FrozenEngine,1146,09/01/2022, 11:12:54,540
FROV00001,FrozenEngine,1146,09/01/2022, 12:27:29,540
FROV00001,FrozenEngine,1146,09/01/2022, 13:34:29,540
FROV00001,FrozenEngine,1146,09/01/2022, 14:13:46,540
FROV00001,FrozenEngine,1146,09/01/2022, 15:16:51,540
FROV00001,FrozenEngine,1146,09/01/2022, 16:19:57,540
FROV00001,FrozenEngine,1146,09/01/2022, 17:20:18,540
FROV00001,FrozenEngine,1146,09/01/2022, 18:19:22,540
FROV00001,FrozenEngine,1146,09/01/2022, 19:11:28,540
FROV00001,FrozenEngine,1146,09/01/2022, 20:15:50,540
FROV00001,FrozenEngine,1146,09/01/2022, 21:13:54,540
FROV00001,FrozenEngine,1146,09/01/2022, 22:14:41,540
FROV00001,FrozenEngine,1146,09/01/2022, 23:15:40,540
FROV00001,FrozenEngine,1146,09/02/2022, 01:19:12,540
FROV00001,FrozenEngine,1146,09/02/2022, 04:12:14,540
FROV00001,FrozenEngine,1146,09/02/2022, 05:59:09,540
FROV00001,FrozenEngine,1146,09/02/2022, 06:43:04,540
FROV00001,FrozenEngine,1146,09/02/2022, 07:21:06,540
FROV00001,FrozenEngine,1146,09/02/2022, 08:18:26,540
FROV00001,FrozenEngine,1146,09/02/2022, 09:14:17,540
FROV00001,FrozenEngine,1146,09/02/2022, 10:16:19,540
FROV00001,FrozenEngine,1146,09/02/2022, 11:13:20,540
FROV00001,FrozenEngine,1146,09/02/2022, 12:28:41,540
FROV00001,FrozenEngine,1146,09/02/2022, 13:36:53,540
FROV00001,FrozenEngine,1146,09/02/2022, 14:13:04,540
FROV00001,FrozenEngine,1146,09/02/2022, 15:15:21,540
FROV00001,FrozenEngine,1146,09/02/2022, 16:19:04,540
FROV00001,FrozenEngine,1146,09/02/2022, 17:19:39,540
FROV00001,FrozenEngine,1146,09/02/2022, 18:18:29,540
FROV00001,FrozenEngine,1146,09/02/2022, 19:11:11,540
FROV00001,FrozenEngine,1146,09/02/2022, 20:15:24,540
FROV00001,FrozenEngine,1146,09/02/2022, 21:12:57,540
FROV00001,FrozenEngine,1146,09/02/2022, 22:14:38,540
FROV00001,FrozenEngine,1146,09/02/2022, 23:14:39,540
FROV00001,FrozenEngine,1146,09/03/2022, 01:15:37,540
FROV00001,FrozenEngine,1146,09/03/2022, 04:01:24,540
FROV00001,FrozenEngine,1146,09/03/2022, 05:30:11,540
FROV00001,FrozenEngine,1146,09/03/2022, 06:17:11,540
FROV00001,FrozenEngine,1146,09/03/2022, 07:13:03,540
FROV00001,FrozenEngine,1146,09/03/2022, 08:17:17,540
FROV00001,FrozenEngine,1146,09/03/2022, 09:13:44,540
FROV00001,FrozenEngine,1146,09/03/2022, 10:15:21,540
FROV00001,FrozenEngine,1146,09/03/2022, 11:12:01,540
FROV00001,FrozenEngine,1146,09/03/2022, 12:23:48,540
FROV00001,FrozenEngine,1146,09/03/2022, 13:28:05,540
FROV00001,FrozenEngine,1146,09/03/2022, 14:13:33,540
FROV00001,FrozenEngine,1146,09/03/2022, 15:14:38,540
FROV00001,FrozenEngine,1146,09/03/2022, 16:17:59,540
FROV00001,FrozenEngine,1146,09/03/2022, 17:16:00,540
FROV00001,FrozenEngine,1146,09/03/2022, 18:17:04,540
FROV00001,FrozenEngine,1146,09/03/2022, 19:12:40,540
FROV00001,FrozenEngine,1146,09/03/2022, 20:14:40,540
FROV00001,FrozenEngine,1146,09/03/2022, 21:13:10,540
FROV00001,FrozenEngine,1146,09/03/2022, 22:13:27,540
FROV00001,FrozenEngine,1146,09/03/2022, 23:13:51,540
FROV00001,FrozenEngine,1146,09/04/2022, 01:16:42,540
FROV00001,FrozenEngine,1146,09/04/2022, 04:06:23,540
FROV00001,FrozenEngine,1146,09/04/2022, 05:32:24,540
FROV00001,FrozenEngine,1146,09/04/2022, 06:16:40,540
FROV00001,FrozenEngine,1146,09/04/2022, 07:13:26,540
FROV00001,FrozenEngine,1146,09/04/2022, 08:17:19,540
FROV00001,FrozenEngine,1146,09/04/2022, 09:14:01,540
FROV00001,FrozenEngine,1146,09/04/2022, 10:15:02,540
FROV00001,FrozenEngine,1146,09/04/2022, 11:11:59,540
FROV00001,FrozenEngine,1146,09/04/2022, 12:28:06,540
FROV00001,FrozenEngine,1146,09/04/2022, 13:28:10,540
FROV00001,FrozenEngine,1146,09/04/2022, 14:12:39,540
FROV00001,FrozenEngine,1146,09/04/2022, 15:14:05,540
FROV00001,FrozenEngine,1146,09/04/2022, 16:18:37,540
FROV00001,FrozenEngine,1146,09/04/2022, 17:16:17,540
FROV00001,FrozenEngine,1146,09/04/2022, 18:16:51,540
FROV00001,FrozenEngine,1146,09/04/2022, 19:12:07,540
FROV00001,FrozenEngine,1146,09/04/2022, 20:15:37,540
FROV00001,FrozenEngine,1146,09/04/2022, 21:12:46,540
FROV00001,FrozenEngine,1146,09/04/2022, 22:14:09,540
FROV00001,FrozenEngine,1146,09/04/2022, 23:14:25,540
FROV00001,FrozenEngine,1146,09/05/2022, 01:26:44,540
FROV00001,FrozenEngine,1146,09/05/2022, 04:15:28,540
FROV00001,FrozenEngine,1146,09/05/2022, 06:00:03,540
FROV00001,FrozenEngine,1146,09/05/2022, 06:52:20,540
FROV00001,FrozenEngine,1146,09/05/2022, 07:28:15,540
FROV00001,FrozenEngine,1146,09/05/2022, 08:18:12,540
FROV00001,FrozenEngine,1146,09/05/2022, 09:15:15,540
FROV00001,FrozenEngine,1146,09/05/2022, 10:16:05,540
FROV00001,FrozenEngine,1146,09/05/2022, 11:13:54,540
FROV00001,FrozenEngine,1146,09/05/2022, 12:27:46,540
FROV00001,FrozenEngine,1146,09/05/2022, 13:40:23,540
FROV00001,FrozenEngine,1146,09/05/2022, 14:16:17,540
FROV00001,FrozenEngine,1146,09/05/2022, 15:15:31,540
FROV00001,FrozenEngine,1146,09/05/2022, 16:19:07,540
FROV00001,FrozenEngine,1146,09/05/2022, 17:19:38,540
FROV00001,FrozenEngine,1146,09/05/2022, 18:18:17,540
FROV00001,FrozenEngine,1146,09/05/2022, 19:11:30,540
FROV00001,FrozenEngine,1146,09/05/2022, 20:15:52,540
FROV00001,FrozenEngine,1146,09/05/2022, 21:13:34,540
FROV00001,FrozenEngine,1146,09/05/2022, 22:14:38,540
FROV00001,FrozenEngine,1146,09/05/2022, 23:15:56,540
FROV00001,FrozenEngine,1146,09/06/2022, 01:28:46,540
FROV00001,FrozenEngine,1146,09/06/2022, 04:20:23,540
FROV00001,FrozenEngine,1146,09/06/2022, 06:12:52,540
FROV00001,FrozenEngine,1146,09/06/2022, 07:35:47,540
FROV00001,FrozenEngine,1146,09/06/2022, 08:18:21,540
FROV00001,FrozenEngine,1146,09/06/2022, 09:14:50,540
FROV00001,FrozenEngine,1146,09/06/2022, 10:16:32,540
FROV00001,FrozenEngine,1146,09/06/2022, 11:13:16,540
FROV00001,FrozenEngine,1146,09/06/2022, 12:29:17,540
FROV00001,FrozenEngine,1146,09/06/2022, 13:39:48,540
FROV00001,FrozenEngine,1146,09/06/2022, 14:17:29,540
FROV00001,FrozenEngine,1146,09/06/2022, 15:15:31,540
FROV00001,FrozenEngine,1146,09/06/2022, 16:19:44,540
FROV00001,FrozenEngine,1146,09/06/2022, 17:21:36,540
FROV00001,FrozenEngine,1146,09/06/2022, 18:17:59,540
FROV00001,FrozenEngine,1146,09/06/2022, 19:11:51,540
FROV00001,FrozenEngine,1146,09/06/2022, 20:15:14,540
FROV00001,FrozenEngine,1146,09/06/2022, 21:13:39,540
FROV00001,FrozenEngine,1146,09/06/2022, 22:14:39,540
FROV00001,FrozenEngine,1146,09/06/2022, 23:15:48,540
FROV00001,FrozenEngine,1146,09/07/2022, 01:23:54,540
FROV00001,FrozenEngine,1146,09/07/2022, 04:22:09,540
FROV00001,FrozenEngine,1146,09/07/2022, 06:12:52,540
FROV00001,FrozenEngine,1146,09/07/2022, 07:38:30,540
FROV00001,FrozenEngine,1146,09/07/2022, 08:21:06,540
FROV00001,FrozenEngine,1146,09/07/2022, 09:15:18,540
FROV00001,FrozenEngine,1146,09/07/2022, 10:16:34,540
FROV00001,FrozenEngine,1146,09/07/2022, 11:13:28,540
FROV00001,FrozenEngine,1146,09/07/2022, 12:30:17,540
FROV00001,FrozenEngine,1146,09/07/2022, 13:48:48,540
FROV00001,FrozenEngine,1146,09/07/2022, 14:23:22,540
FROV00001,FrozenEngine,1146,09/07/2022, 15:15:37,540
FROV00001,FrozenEngine,1146,09/07/2022, 16:19:33,540
FROV00001,FrozenEngine,1147,09/07/2022, 17:28:46,540
FROV00001,FrozenEngine,1147,09/07/2022, 18:18:21,540
FROV00001,FrozenEngine,1147,09/07/2022, 19:12:30,540
FROV00001,FrozenEngine,1147,09/07/2022, 20:17:43,540
FROV00001,FrozenEngine,1147,09/07/2022, 21:14:04,540
FROV00001,FrozenEngine,1147,09/07/2022, 22:14:34,540
FROV00001,FrozenEngine,1147,09/07/2022, 23:17:24,540
FROV00001,FrozenEngine,1147,09/08/2022, 01:20:14,540
FROV00001,FrozenEngine,1147,09/08/2022, 04:05:26,540
FROV00001,FrozenEngine,1147,09/08/2022, 05:59:00,540
FROV00001,FrozenEngine,1147,09/08/2022, 06:48:19,540
FROV00001,FrozenEngine,1147,09/08/2022, 07:28:39,540
FROV00001,FrozenEngine,1147,09/08/2022, 08:18:17,540
FROV00001,FrozenEngine,1147,09/08/2022, 09:16:21,540
FROV00001,FrozenEngine,1147,09/08/2022, 10:16:54,540
FROV00001,FrozenEngine,1147,09/08/2022, 11:13:47,540
FROV00001,FrozenEngine,1147,09/08/2022, 12:29:40,540
FROV00001,FrozenEngine,1147,09/08/2022, 13:33:07,540
FROV00001,FrozenEngine,1147,09/08/2022, 14:15:32,540
FROV00001,FrozenEngine,1147,09/08/2022, 15:16:16,540
FROV00001,FrozenEngine,1147,09/08/2022, 16:20:17,540
FROV00001,FrozenEngine,1147,09/08/2022, 17:27:33,540
FROV00001,FrozenEngine,1147,09/08/2022, 18:17:29,540
FROV00001,FrozenEngine,1147,09/08/2022, 19:14:01,540
FROV00001,FrozenEngine,1147,09/08/2022, 20:17:20,540
FROV00001,FrozenEngine,1147,09/08/2022, 21:14:31,540
FROV00001,FrozenEngine,1148,09/08/2022, 22:15:26,540
FROV00001,FrozenEngine,1148,09/08/2022, 23:17:06,540
FROV00001,FrozenEngine,1148,09/09/2022, 01:24:56,540
FROV00001,FrozenEngine,1148,09/09/2022, 04:02:54,540
FROV00001,FrozenEngine,1148,09/09/2022, 05:52:55,540
FROV00001,FrozenEngine,1148,09/09/2022, 06:32:05,540
FROV00001,FrozenEngine,1148,09/09/2022, 07:21:10,540
FROV00001,FrozenEngine,1148,09/09/2022, 08:21:23,540
FROV00001,FrozenEngine,1148,09/09/2022, 09:16:52,540
FROV00001,FrozenEngine,1148,09/09/2022, 10:17:11,540
FROV00001,FrozenEngine,1148,09/09/2022, 11:13:43,540
FROV00001,FrozenEngine,1148,09/09/2022, 12:29:40,540
FROV00001,FrozenEngine,1148,09/09/2022, 13:44:30,540
FROV00001,FrozenEngine,1148,09/09/2022, 14:20:13,540
FROV00001,FrozenEngine,1148,09/09/2022, 15:16:26,540
FROV00001,FrozenEngine,1148,09/09/2022, 16:20:07,540
FROV00001,FrozenEngine,1148,09/09/2022, 17:23:01,540
FROV00001,FrozenEngine,1148,09/09/2022, 18:19:04,540
FROV00001,FrozenEngine,1148,09/09/2022, 19:13:37,540
FROV00001,FrozenEngine,1148,09/09/2022, 20:16:46,540
FROV00001,FrozenEngine,1148,09/09/2022, 21:13:58,540
FROV00001,FrozenEngine,1148,09/09/2022, 22:15:13,540
FROV00001,FrozenEngine,1148,09/09/2022, 23:17:03,540
FROV00001,FrozenEngine,1148,09/10/2022, 01:22:57,540
FROV00001,FrozenEngine,1148,09/10/2022, 04:11:30,540
FROV00001,FrozenEngine,1148,09/10/2022, 05:42:53,540
FROV00001,FrozenEngine,1148,09/10/2022, 06:22:22,540
FROV00001,FrozenEngine,1148,09/10/2022, 07:15:29,540
FROV00001,FrozenEngine,1148,09/10/2022, 08:18:52,540
FROV00001,FrozenEngine,1148,09/10/2022, 09:14:34,540
FROV00001,FrozenEngine,1148,09/10/2022, 10:15:54,540
FROV00001,FrozenEngine,1148,09/10/2022, 11:13:10,540
FROV00001,FrozenEngine,1148,09/10/2022, 12:26:05,540
FROV00001,FrozenEngine,1148,09/10/2022, 13:30:15,540
FROV00001,FrozenEngine,1148,09/10/2022, 14:13:49,540
FROV00001,FrozenEngine,1148,09/10/2022, 15:15:14,540
FROV00001,FrozenEngine,1150,09/10/2022, 16:19:37,540
FROV00001,FrozenEngine,1150,09/10/2022, 17:19:45,540
FROV00001,FrozenEngine,1150,09/10/2022, 18:18:44,540
FROV00001,FrozenEngine,1151,09/10/2022, 19:11:49,540
FROV00001,FrozenEngine,1151,09/10/2022, 20:15:39,540
FROV00001,FrozenEngine,1151,09/10/2022, 21:13:17,540
FROV00001,FrozenEngine,1151,09/10/2022, 22:14:22,540
FROV00001,FrozenEngine,1151,09/10/2022, 23:14:51,540
FROV00001,FrozenEngine,1151,09/11/2022, 01:24:43,540
FROV00001,FrozenEngine,1151,09/11/2022, 04:05:08,540
FROV00001,FrozenEngine,1151,09/11/2022, 05:36:02,540
FROV00001,FrozenEngine,1151,09/11/2022, 06:19:48,540
FROV00001,FrozenEngine,1151,09/11/2022, 07:14:29,540
FROV00001,FrozenEngine,1151,09/11/2022, 08:17:55,540
FROV00001,FrozenEngine,1151,09/11/2022, 09:14:24,540
FROV00001,FrozenEngine,1151,09/11/2022, 10:15:45,540
FROV00001,FrozenEngine,1151,09/11/2022, 11:12:58,540
FROV00001,FrozenEngine,1151,09/11/2022, 12:26:45,540
FROV00001,FrozenEngine,1151,09/11/2022, 13:30:48,540
FROV00001,FrozenEngine,1151,09/11/2022, 14:13:14,540
FROV00001,FrozenEngine,1151,09/11/2022, 15:15:29,540
FROV00001,FrozenEngine,1151,09/11/2022, 16:19:35,540
FROV00001,FrozenEngine,1151,09/11/2022, 17:19:56,540
FROV00001,FrozenEngine,1151,09/11/2022, 18:17:49,540
FROV00001,FrozenEngine,1151,09/11/2022, 19:11:55,540
FROV00001,FrozenEngine,1151,09/11/2022, 20:16:02,540
FROV00001,FrozenEngine,1151,09/11/2022, 21:13:53,540
FROV00001,FrozenEngine,1152,09/11/2022, 22:15:22,540
FROV00001,FrozenEngine,1152,09/11/2022, 23:15:25,540
FROV00001,FrozenEngine,1152,09/12/2022, 01:25:33,540
FROV00001,FrozenEngine,1152,09/12/2022, 04:23:17,540
FROV00001,FrozenEngine,1152,09/12/2022, 06:12:52,540
FROV00001,FrozenEngine,1152,09/12/2022, 07:36:45,540
FROV00001,FrozenEngine,1152,09/12/2022, 08:20:49,540
FROV00001,FrozenEngine,1152,09/12/2022, 09:19:33,540
FROV00001,FrozenEngine,1152,09/12/2022, 10:17:31,540
FROV00001,FrozenEngine,1152,09/12/2022, 11:13:40,540
FROV00001,FrozenEngine,1152,09/12/2022, 12:32:34,540
FROV00001,FrozenEngine,1152,09/12/2022, 13:43:16,540
FROV00001,FrozenEngine,1152,09/12/2022, 14:21:45,540
FROV00001,FrozenEngine,1152,09/12/2022, 15:17:32,540
FROV00001,FrozenEngine,1152,09/12/2022, 16:23:21,540
FROV00001,FrozenEngine,1152,09/12/2022, 17:26:28,540
FROV00001,FrozenEngine,1152,09/12/2022, 18:19:17,540
FROV00001,FrozenEngine,1152,09/12/2022, 19:13:57,540
FROV00001,FrozenEngine,1152,09/12/2022, 20:16:32,540
FROV00001,FrozenEngine,1152,09/12/2022, 21:14:27,540
FROV00001,FrozenEngine,1152,09/12/2022, 22:15:27,540
FROV00001,FrozenEngine,1152,09/12/2022, 23:17:08,540
FROV00001,FrozenEngine,1152,09/13/2022, 01:22:28,540
FROV00001,FrozenEngine,1152,09/13/2022, 04:17:12,540
FROV00001,FrozenEngine,1152,09/13/2022, 06:10:25,540
FROV00001,FrozenEngine,1152,09/13/2022, 07:34:38,540
FROV00001,FrozenEngine,1152,09/13/2022, 08:20:01,540
FROV00001,FrozenEngine,1153,09/13/2022, 09:16:59,540
FROV00001,FrozenEngine,1153,09/13/2022, 10:17:20,540
FROV00001,FrozenEngine,1153,09/13/2022, 11:13:51,540
FROV00001,FrozenEngine,1153,09/13/2022, 12:32:30,540
FROV00001,FrozenEngine,1153,09/13/2022, 13:44:32,540
FROV00001,FrozenEngine,1153,09/13/2022, 14:21:44,540
FROV00001,FrozenEngine,1153,09/13/2022, 15:16:28,540
FROV00001,FrozenEngine,1153,09/13/2022, 16:20:10,540
FROV00001,FrozenEngine,1153,09/13/2022, 17:24:43,540
FROV00001,FrozenEngine,1153,09/13/2022, 18:19:19,540
FROV00001,FrozenEngine,1153,09/13/2022, 19:13:49,540
FROV00001,FrozenEngine,1153,09/13/2022, 20:16:39,540
FROV00001,FrozenEngine,1153,09/13/2022, 21:14:05,540
FROV00001,FrozenEngine,1153,09/13/2022, 22:16:44,540
FROV00001,FrozenEngine,1153,09/13/2022, 23:16:59,540
FROV00001,FrozenEngine,1153,09/14/2022, 04:13:21,540
FROV00001,FrozenEngine,1153,09/14/2022, 06:04:19,540
FROV00001,FrozenEngine,1153,09/14/2022, 07:30:22,540
FROV00001,FrozenEngine,1153,09/14/2022, 08:19:07,540
FROV00001,FrozenEngine,1153,09/14/2022, 09:17:28,540
FROV00001,FrozenEngine,1153,09/14/2022, 10:17:29,540
FROV00001,FrozenEngine,1153,09/14/2022, 11:13:48,540
FROV00001,FrozenEngine,1153,09/14/2022, 12:31:11,540
FROV00001,FrozenEngine,1153,09/14/2022, 13:47:51,540
FROV00001,FrozenEngine,1153,09/14/2022, 14:23:10,540
FROV00001,FrozenEngine,1153,09/14/2022, 15:16:16,540
FROV00001,FrozenEngine,1153,09/14/2022, 16:20:56,540
FROV00001,FrozenEngine,1153,09/14/2022, 17:25:26,540
FROV00001,FrozenEngine,1153,09/14/2022, 18:18:46,540
FROV00001,FrozenEngine,1153,09/14/2022, 19:14:19,540
FROV00001,FrozenEngine,1153,09/14/2022, 20:17:42,540
FROV00001,FrozenEngine,1153,09/14/2022, 21:13:42,540
FROV00001,FrozenEngine,1153,09/14/2022, 22:15:55,540
FROV00001,FrozenEngine,1153,09/14/2022, 23:16:00,540
FROV00001,FrozenEngine,1153,09/15/2022, 01:26:34,540
FROV00001,FrozenEngine,1153,09/15/2022, 04:20:05,540
FROV00001,FrozenEngine,1153,09/15/2022, 05:59:42,540
FROV00001,FrozenEngine,1153,09/15/2022, 06:47:18,540
FROV00001,FrozenEngine,1153,09/15/2022, 07:27:58,540
FROV00001,FrozenEngine,1153,09/15/2022, 08:21:16,540
FROV00001,FrozenEngine,1153,09/15/2022, 09:17:19,540
FROV00001,FrozenEngine,1153,09/15/2022, 10:17:21,540
FROV00001,FrozenEngine,1153,09/15/2022, 11:13:39,540
FROV00001,FrozenEngine,1153,09/15/2022, 12:33:15,540
FROV00001,FrozenEngine,1153,09/15/2022, 13:46:01,540
FROV00001,FrozenEngine,1153,09/15/2022, 14:22:25,540
FROV00001,FrozenEngine,1153,09/15/2022, 15:16:27,540
FROV00001,FrozenEngine,1153,09/15/2022, 16:21:01,540
FROV00001,FrozenEngine,1153,09/15/2022, 17:22:33,540
FROV00001,FrozenEngine,1153,09/15/2022, 18:19:08,540
FROV00001,FrozenEngine,1153,09/15/2022, 19:13:09,540
FROV00001,FrozenEngine,1153,09/15/2022, 20:16:41,540
FROV00001,FrozenEngine,1153,09/15/2022, 21:15:07,540
FROV00001,FrozenEngine,1153,09/15/2022, 22:15:40,540
FROV00001,FrozenEngine,1153,09/15/2022, 23:18:18,540
FROV00001,FrozenEngine,1153,09/16/2022, 01:28:32,540
FROV00001,FrozenEngine,1153,09/16/2022, 04:21:16,540
FROV00001,FrozenEngine,1153,09/16/2022, 06:02:46,540
FROV00001,FrozenEngine,1153,09/16/2022, 07:25:39,540
FROV00001,FrozenEngine,1153,09/16/2022, 08:19:28,540
FROV00001,FrozenEngine,1153,09/16/2022, 09:16:17,540
FROV00001,FrozenEngine,1153,09/16/2022, 10:17:30,540
FROV00001,FrozenEngine,1153,09/16/2022, 11:13:20,540
FROV00001,FrozenEngine,1153,09/16/2022, 12:28:38,540
FROV00001,FrozenEngine,1153,09/16/2022, 13:45:42,540
FROV00001,FrozenEngine,1153,09/16/2022, 14:25:08,540
FROV00001,FrozenEngine,1153,09/16/2022, 15:15:34,540
FROV00001,FrozenEngine,1153,09/16/2022, 16:20:33,540
FROV00001,FrozenEngine,1153,09/16/2022, 17:32:03,540
FROV00001,FrozenEngine,1153,09/16/2022, 18:20:08,540
FROV00001,FrozenEngine,1153,09/16/2022, 19:15:14,540
FROV00001,FrozenEngine,1153,09/16/2022, 20:16:34,540
FROV00001,FrozenEngine,1153,09/16/2022, 21:14:01,540
FROV00001,FrozenEngine,1153,09/16/2022, 22:17:04,540
FROV00001,FrozenEngine,1153,09/16/2022, 23:16:15,540
FROV00001,FrozenEngine,1153,09/17/2022, 01:21:00,540
FROV00001,FrozenEngine,1153,09/17/2022, 03:57:47,540
FROV00001,FrozenEngine,1153,09/17/2022, 05:02:33,540
FROV00001,FrozenEngine,1153,09/17/2022, 06:18:57,540
FROV00001,FrozenEngine,1153,09/17/2022, 07:14:38,540
FROV00001,FrozenEngine,1153,09/17/2022, 08:18:47,540
FROV00001,FrozenEngine,1153,09/17/2022, 09:14:58,540
FROV00001,FrozenEngine,1153,09/17/2022, 10:15:57,540
FROV00001,FrozenEngine,1153,09/17/2022, 11:13:08,540
FROV00001,FrozenEngine,1154,09/17/2022, 12:26:35,540
FROV00001,FrozenEngine,1154,09/17/2022, 13:30:52,540
FROV00001,FrozenEngine,1154,09/17/2022, 14:13:40,540
FROV00001,FrozenEngine,1154,09/17/2022, 15:15:35,540
FROV00001,FrozenEngine,1154,09/17/2022, 16:20:37,540
FROV00001,FrozenEngine,1154,09/17/2022, 17:20:44,540
FROV00001,FrozenEngine,1154,09/17/2022, 18:18:10,540
FROV00001,FrozenEngine,1154,09/17/2022, 19:12:08,540
FROV00001,FrozenEngine,1154,09/17/2022, 20:15:51,540
FROV00001,FrozenEngine,1154,09/17/2022, 21:13:48,540
FROV00001,FrozenEngine,1154,09/17/2022, 22:14:28,540
FROV00001,FrozenEngine,1154,09/17/2022, 23:15:00,540
FROV00001,FrozenEngine,1154,09/18/2022, 01:27:44,540
FROV00001,FrozenEngine,1154,09/18/2022, 04:11:20,540
FROV00001,FrozenEngine,1154,09/18/2022, 05:39:36,540
FROV00001,FrozenEngine,1154,09/18/2022, 06:20:03,540
FROV00001,FrozenEngine,1154,09/18/2022, 07:15:19,540
FROV00001,FrozenEngine,1154,09/18/2022, 08:18:27,540
FROV00001,FrozenEngine,1154,09/18/2022, 09:14:23,540
FROV00001,FrozenEngine,1154,09/18/2022, 10:16:00,540
FROV00001,FrozenEngine,1154,09/18/2022, 11:13:11,540
FROV00001,FrozenEngine,1154,09/18/2022, 12:27:01,540
FROV00001,FrozenEngine,1154,09/18/2022, 13:33:02,540
FROV00001,FrozenEngine,1154,09/18/2022, 14:13:07,540
FROV00001,FrozenEngine,1154,09/18/2022, 15:15:37,540
FROV00001,FrozenEngine,1154,09/18/2022, 16:19:56,540
FROV00001,FrozenEngine,1154,09/18/2022, 17:20:34,540
FROV00001,FrozenEngine,1154,09/18/2022, 18:18:24,540
FROV00001,FrozenEngine,1154,09/18/2022, 19:12:20,540
FROV00001,FrozenEngine,1154,09/18/2022, 20:16:06,540
FROV00001,FrozenEngine,1154,09/18/2022, 21:13:26,540
FROV00001,FrozenEngine,1154,09/18/2022, 22:14:35,540
FROV00001,FrozenEngine,1154,09/18/2022, 23:15:33,540
FROV00001,FrozenEngine,1154,09/19/2022, 01:25:37,540
FROV00001,FrozenEngine,1154,09/19/2022, 04:24:47,540
FROV00001,FrozenEngine,1154,09/19/2022, 06:10:17,540
FROV00001,FrozenEngine,1154,09/19/2022, 07:36:54,540
FROV00001,FrozenEngine,1154,09/19/2022, 08:24:05,540
FROV00001,FrozenEngine,1154,09/19/2022, 09:19:51,540
FROV00001,FrozenEngine,1154,09/19/2022, 10:17:37,540
FROV00001,FrozenEngine,1154,09/19/2022, 11:13:28,540
FROV00001,FrozenEngine,1154,09/19/2022, 12:33:00,540
FROV00001,FrozenEngine,1154,09/19/2022, 13:46:35,540
FROV00001,FrozenEngine,1154,09/19/2022, 14:23:36,540
FROV00001,FrozenEngine,1154,09/19/2022, 15:16:38,540
FROV00001,FrozenEngine,1154,09/19/2022, 16:20:54,540
FROV00001,FrozenEngine,1154,09/19/2022, 17:29:49,540
FROV00001,FrozenEngine,1154,09/19/2022, 18:21:45,540
FROV00001,FrozenEngine,1154,09/19/2022, 19:15:22,540
FROV00001,FrozenEngine,1154,09/19/2022, 20:17:13,540
FROV00001,FrozenEngine,1154,09/19/2022, 21:15:22,540
FROV00001,FrozenEngine,1154,09/19/2022, 22:15:02,540
FROV00001,FrozenEngine,1154,09/19/2022, 23:17:03,540
FROV00001,FrozenEngine,1154,09/20/2022, 01:25:03,540
FROV00001,FrozenEngine,1154,09/20/2022, 04:13:28,540
FROV00001,FrozenEngine,1154,09/20/2022, 06:02:47,540
FROV00001,FrozenEngine,1154,09/20/2022, 07:24:03,540
FROV00001,FrozenEngine,1154,09/20/2022, 08:20:59,540
FROV00001,FrozenEngine,1154,09/20/2022, 09:20:22,540
FROV00001,FrozenEngine,1154,09/20/2022, 10:17:56,540
FROV00001,FrozenEngine,1154,09/20/2022, 11:13:50,540
FROV00001,FrozenEngine,1154,09/20/2022, 12:32:14,540
FROV00001,FrozenEngine,1154,09/20/2022, 13:48:58,540
FROV00001,FrozenEngine,1154,09/20/2022, 14:25:52,540
FROV00001,FrozenEngine,1154,09/20/2022, 15:16:39,540
FROV00001,FrozenEngine,1154,09/20/2022, 16:21:35,540
FROV00001,FrozenEngine,1154,09/20/2022, 17:24:28,540
FROV00001,FrozenEngine,1154,09/20/2022, 18:19:08,540
FROV00001,FrozenEngine,1154,09/20/2022, 19:14:20,540
FROV00001,FrozenEngine,1154,09/20/2022, 20:16:58,540
FROV00001,FrozenEngine,1154,09/20/2022, 21:13:18,540
FROV00001,FrozenEngine,1154,09/20/2022, 22:19:28,540
FROV00001,FrozenEngine,1154,09/20/2022, 23:18:29,540
FROV00001,FrozenEngine,1154,09/21/2022, 01:26:37,540
FROV00001,FrozenEngine,1154,09/21/2022, 04:19:25,540
FROV00001,FrozenEngine,1154,09/21/2022, 06:05:17,540
FROV00001,FrozenEngine,1154,09/21/2022, 07:39:07,540
FROV00001,FrozenEngine,1154,09/21/2022, 08:24:27,540
FROV00001,FrozenEngine,1154,09/21/2022, 09:19:00,540
FROV00001,FrozenEngine,1154,09/21/2022, 10:17:06,540
FROV00001,FrozenEngine,1154,09/21/2022, 11:14:11,540
FROV00001,FrozenEngine,1154,09/21/2022, 12:32:28,540
FROV00001,FrozenEngine,1154,09/21/2022, 13:49:51,540
FROV00001,FrozenEngine,1154,09/21/2022, 14:25:37,540
FROV00001,FrozenEngine,1154,09/21/2022, 15:16:10,540
FROV00001,FrozenEngine,1154,09/21/2022, 16:21:33,540
FROV00001,FrozenEngine,1154,09/21/2022, 17:29:42,540
FROV00001,FrozenEngine,1154,09/21/2022, 18:19:27,540
FROV00001,FrozenEngine,1154,09/21/2022, 19:16:48,540
FROV00001,FrozenEngine,1154,09/21/2022, 20:16:35,540
FROV00001,FrozenEngine,1154,09/21/2022, 21:14:32,540
FROV00001,FrozenEngine,1154,09/21/2022, 22:15:33,540
FROV00001,FrozenEngine,1154,09/21/2022, 23:16:13,540
FROV00001,FrozenEngine,1154,09/22/2022, 01:21:43,540
FROV00001,FrozenEngine,1154,09/22/2022, 04:11:46,540
FROV00001,FrozenEngine,1154,09/22/2022, 06:00:44,540
FROV00001,FrozenEngine,1154,09/22/2022, 06:58:34,540
FROV00001,FrozenEngine,1154,09/22/2022, 07:35:32,540
FROV00001,FrozenEngine,1154,09/22/2022, 08:21:09,540
FROV00001,FrozenEngine,1154,09/22/2022, 09:18:38,540
FROV00001,FrozenEngine,1154,09/22/2022, 10:17:04,540
FROV00001,FrozenEngine,1154,09/22/2022, 11:13:50,540
FROV00001,FrozenEngine,1154,09/22/2022, 12:31:08,540
FROV00001,FrozenEngine,1154,09/22/2022, 13:44:33,540
FROV00001,FrozenEngine,1154,09/22/2022, 15:16:31,540
FROV00001,FrozenEngine,1154,09/22/2022, 16:21:33,540
FROV00001,FrozenEngine,1154,09/22/2022, 17:28:12,540
FROV00001,FrozenEngine,1154,09/22/2022, 18:18:11,540
FROV00001,FrozenEngine,1154,09/22/2022, 19:14:05,540
FROV00001,FrozenEngine,1154,09/22/2022, 20:17:00,540
FROV00001,FrozenEngine,1154,09/22/2022, 21:15:15,540
FROV00001,FrozenEngine,1154,09/22/2022, 22:16:01,540
FROV00001,FrozenEngine,1154,09/22/2022, 23:17:16,540
FROV00001,FrozenEngine,1154,09/23/2022, 01:27:11,540
FROV00001,FrozenEngine,1154,09/23/2022, 04:16:02,540
FROV00001,FrozenEngine,1154,09/23/2022, 05:58:50,540
FROV00001,FrozenEngine,1154,09/23/2022, 06:50:43,540
FROV00001,FrozenEngine,1154,09/23/2022, 07:30:37,540
FROV00001,FrozenEngine,1154,09/23/2022, 08:20:04,540
FROV00001,FrozenEngine,1154,09/23/2022, 09:19:10,540
FROV00001,FrozenEngine,1154,09/23/2022, 10:16:54,540
FROV00001,FrozenEngine,1154,09/23/2022, 11:13:51,540
FROV00001,FrozenEngine,1154,09/23/2022, 12:30:59,540
FROV00001,FrozenEngine,1154,09/23/2022, 13:46:31,540
FROV00001,FrozenEngine,1154,09/23/2022, 14:27:39,540
FROV00001,FrozenEngine,1154,09/23/2022, 15:17:20,540
FROV00001,FrozenEngine,1154,09/23/2022, 16:21:27,540
FROV00001,FrozenEngine,1154,09/23/2022, 17:29:24,540
FROV00001,FrozenEngine,1154,09/23/2022, 18:20:03,540
FROV00001,FrozenEngine,1154,09/23/2022, 19:16:06,540
FROV00001,FrozenEngine,1154,09/23/2022, 20:16:53,540
FROV00001,FrozenEngine,1154,09/23/2022, 21:14:22,540
FROV00001,FrozenEngine,1154,09/23/2022, 22:18:52,540
FROV00001,FrozenEngine,1154,09/23/2022, 23:17:03,540
FROV00001,FrozenEngine,1154,09/24/2022, 01:25:28,540
FROV00001,FrozenEngine,1154,09/24/2022, 04:12:51,540
FROV00001,FrozenEngine,1154,09/24/2022, 05:41:54,540
FROV00001,FrozenEngine,1154,09/24/2022, 06:23:18,540
FROV00001,FrozenEngine,1154,09/24/2022, 07:16:15,540
FROV00001,FrozenEngine,1154,09/24/2022, 08:19:01,540
FROV00001,FrozenEngine,1154,09/24/2022, 09:16:02,540
FROV00001,FrozenEngine,1154,09/24/2022, 10:15:50,540
FROV00001,FrozenEngine,1154,09/24/2022, 11:13:12,540
FROV00001,FrozenEngine,1154,09/24/2022, 12:28:57,540
FROV00001,FrozenEngine,1154,09/24/2022, 13:32:20,540
FROV00001,FrozenEngine,1154,09/24/2022, 14:13:02,540
FROV00001,FrozenEngine,1154,09/24/2022, 15:15:13,540
FROV00001,FrozenEngine,1154,09/24/2022, 16:19:49,540
FROV00001,FrozenEngine,1154,09/24/2022, 17:19:34,540
FROV00001,FrozenEngine,1154,09/24/2022, 18:19:30,540
FROV00001,FrozenEngine,1154,09/24/2022, 19:12:36,540
FROV00001,FrozenEngine,1154,09/24/2022, 20:15:47,540
FROV00001,FrozenEngine,1154,09/24/2022, 21:13:48,540
FROV00001,FrozenEngine,1154,09/24/2022, 22:14:36,540
FROV00001,FrozenEngine,1154,09/24/2022, 23:15:34,540
FROV00001,FrozenEngine,1154,09/25/2022, 01:21:32,540
FROV00001,FrozenEngine,1154,09/25/2022, 04:05:56,540
FROV00001,FrozenEngine,1154,09/25/2022, 05:35:43,540
FROV00001,FrozenEngine,1154,09/25/2022, 06:21:22,540
FROV00001,FrozenEngine,1154,09/25/2022, 07:15:39,540
FROV00001,FrozenEngine,1154,09/25/2022, 08:19:04,540
FROV00001,FrozenEngine,1154,09/25/2022, 09:15:29,540
FROV00001,FrozenEngine,1154,09/25/2022, 10:16:53,540
FROV00001,FrozenEngine,1154,09/25/2022, 11:13:22,540
FROV00001,FrozenEngine,1154,09/25/2022, 12:28:07,540
FROV00001,FrozenEngine,1154,09/25/2022, 13:32:20,540
FROV00001,FrozenEngine,1154,09/25/2022, 14:13:13,540
FROV00001,FrozenEngine,1154,09/25/2022, 15:15:41,540
FROV00001,FrozenEngine,1154,09/25/2022, 16:19:54,540
FROV00001,FrozenEngine,1154,09/25/2022, 17:19:54,540
FROV00001,FrozenEngine,1154,09/25/2022, 18:19:09,540
FROV00001,FrozenEngine,1154,09/25/2022, 19:12:47,540
FROV00001,FrozenEngine,1154,09/25/2022, 20:16:00,540
FROV00001,FrozenEngine,1154,09/25/2022, 21:13:54,540
FROV00001,FrozenEngine,1154,09/25/2022, 22:15:02,540
FROV00001,FrozenEngine,1154,09/25/2022, 23:16:02,540
FROV00001,FrozenEngine,1154,09/26/2022, 01:26:32,540
FROV00001,FrozenEngine,1154,09/26/2022, 04:22:37,540
FROV00001,FrozenEngine,1154,09/26/2022, 06:07:41,540
FROV00001,FrozenEngine,1154,09/26/2022, 07:33:12,540
FROV00001,FrozenEngine,1154,09/26/2022, 08:20:50,540
FROV00001,FrozenEngine,1154,09/26/2022, 09:20:10,540
FROV00001,FrozenEngine,1154,09/26/2022, 10:17:40,540
FROV00001,FrozenEngine,1154,09/26/2022, 11:13:51,540
FROV00001,FrozenEngine,1154,09/26/2022, 12:32:28,540
FROV00001,FrozenEngine,1154,09/26/2022, 13:49:57,540
FROV00001,FrozenEngine,1154,09/26/2022, 14:29:33,540
FROV00001,FrozenEngine,1154,09/26/2022, 15:18:10,540
FROV00001,FrozenEngine,1154,09/26/2022, 16:22:47,540
FROV00001,FrozenEngine,1154,09/26/2022, 17:28:35,540
FROV00001,FrozenEngine,1154,09/26/2022, 18:19:27,540
FROV00001,FrozenEngine,1154,09/26/2022, 19:16:00,540
FROV00001,FrozenEngine,1154,09/26/2022, 20:16:55,540
FROV00001,FrozenEngine,1154,09/26/2022, 21:16:06,540
FROV00001,FrozenEngine,1154,09/26/2022, 22:16:35,540
FROV00001,FrozenEngine,1154,09/26/2022, 23:18:09,540
FROV00001,FrozenEngine,1154,09/27/2022, 01:25:12,540
FROV00001,FrozenEngine,1154,09/27/2022, 04:07:33,540
FROV00001,FrozenEngine,1154,09/27/2022, 05:58:33,540
FROV00001,FrozenEngine,1154,09/27/2022, 06:53:50,540
FROV00001,FrozenEngine,1154,09/27/2022, 07:38:45,540
FROV00001,FrozenEngine,1154,09/27/2022, 08:28:02,540
FROV00001,FrozenEngine,1154,09/27/2022, 09:25:16,540
FROV00001,FrozenEngine,1154,09/27/2022, 10:19:02,540
FROV00001,FrozenEngine,1154,09/27/2022, 11:14:22,540
FROV00001,FrozenEngine,1154,09/27/2022, 12:33:22,540
FROV00001,FrozenEngine,1154,09/27/2022, 13:52:48,540
FROV00001,FrozenEngine,1154,09/27/2022, 14:30:16,540
FROV00001,FrozenEngine,1154,09/27/2022, 15:18:47,540
FROV00001,FrozenEngine,1154,09/27/2022, 16:26:01,540
FROV00001,FrozenEngine,1154,09/27/2022, 17:32:34,540
FROV00001,FrozenEngine,1154,09/27/2022, 18:25:01,540
FROV00001,FrozenEngine,1154,09/27/2022, 19:19:57,540
FROV00001,FrozenEngine,1154,09/27/2022, 20:18:10,540
FROV00001,FrozenEngine,1154,09/27/2022, 21:14:41,540
FROV00001,FrozenEngine,1154,09/27/2022, 22:16:30,540
FROV00001,FrozenEngine,1154,09/27/2022, 23:18:54,540
FROV00001,FrozenEngine,1155,09/28/2022, 01:26:56,540
FROV00001,FrozenEngine,1155,09/28/2022, 04:14:36,540
FROV00001,FrozenEngine,1155,09/28/2022, 06:05:10,540
FROV00001,FrozenEngine,1155,09/28/2022, 07:30:45,540
FROV00001,FrozenEngine,1155,09/28/2022, 08:24:35,540
FROV00001,FrozenEngine,1155,09/28/2022, 09:22:40,540
FROV00001,FrozenEngine,1155,09/28/2022, 10:18:56,540
FROV00001,FrozenEngine,1155,09/28/2022, 11:14:53,540
FROV00001,FrozenEngine,1155,09/28/2022, 12:32:06,540
FROV00001,FrozenEngine,1155,09/28/2022, 13:47:09,540
FROV00001,FrozenEngine,1155,09/28/2022, 14:31:20,540
FROV00001,FrozenEngine,1155,09/28/2022, 15:20:29,540
FROV00001,FrozenEngine,1155,09/28/2022, 16:27:49,540
FROV00001,FrozenEngine,1155,09/28/2022, 17:34:34,540
FROV00001,FrozenEngine,1155,09/28/2022, 18:25:11,540
FROV00001,FrozenEngine,1155,09/28/2022, 19:18:25,540
FROV00001,FrozenEngine,1155,09/28/2022, 20:17:51,540
FROV00001,FrozenEngine,1155,09/28/2022, 21:15:01,540
FROV00001,FrozenEngine,1155,09/28/2022, 22:16:13,540
FROV00001,FrozenEngine,1155,09/28/2022, 23:17:20,540
FROV00001,FrozenEngine,1155,09/29/2022, 01:29:03,540
FROV00001,FrozenEngine,1155,09/29/2022, 04:16:28,540
FROV00001,FrozenEngine,1155,09/29/2022, 06:06:55,540
FROV00001,FrozenEngine,1155,09/29/2022, 07:33:39,540
FROV00001,FrozenEngine,1155,09/29/2022, 08:23:36,540
FROV00001,FrozenEngine,1155,09/29/2022, 09:22:29,540
FROV00001,FrozenEngine,1155,09/29/2022, 10:18:09,540
FROV00001,FrozenEngine,1155,09/29/2022, 11:14:11,540
FROV00001,FrozenEngine,1155,09/29/2022, 12:32:02,540
FROV00001,FrozenEngine,1155,09/29/2022, 13:48:27,540
FROV00001,FrozenEngine,1155,09/29/2022, 14:25:42,540
FROV00001,FrozenEngine,1155,09/29/2022, 15:18:04,540
FROV00001,FrozenEngine,1155,09/29/2022, 16:25:30,540
FROV00001,FrozenEngine,1155,09/29/2022, 17:34:16,540
FROV00001,FrozenEngine,1155,09/29/2022, 18:22:51,540
FROV00001,FrozenEngine,1155,09/29/2022, 19:18:07,540
FROV00001,FrozenEngine,1155,09/29/2022, 20:18:49,540
FROV00001,FrozenEngine,1155,09/29/2022, 21:15:28,540
FROV00001,FrozenEngine,1155,09/29/2022, 22:16:17,540
FROV00001,FrozenEngine,1155,09/29/2022, 23:20:25,540
FROV00001,FrozenEngine,1155,09/30/2022, 01:57:33,540
FROV00001,FrozenEngine,1155,09/30/2022, 04:32:01,540
FROV00001,FrozenEngine,1155,09/30/2022, 06:09:03,540
FROV00001,FrozenEngine,1155,09/30/2022, 07:38:17,540
FROV00001,FrozenEngine,1155,09/30/2022, 08:28:15,540
FROV00001,FrozenEngine,1155,09/30/2022, 09:24:40,540
FROV00001,FrozenEngine,1155,09/30/2022, 10:19:02,540
FROV00001,FrozenEngine,1155,09/30/2022, 11:14:13,540
FROV00001,FrozenEngine,1155,09/30/2022, 12:34:16,540
FROV00001,FrozenEngine,1155,09/30/2022, 13:51:58,540
FROV00001,FrozenEngine,1155,09/30/2022, 14:31:57,540
FROV00001,FrozenEngine,1155,09/30/2022, 15:19:29,540
FROV00001,FrozenEngine,1155,09/30/2022, 16:26:07,540
FROV00001,FrozenEngine,1155,09/30/2022, 17:33:35,540
FROV00001,FrozenEngine,1155,09/30/2022, 18:22:49,540
FROV00001,FrozenEngine,1155,09/30/2022, 19:17:43,540
FROV00001,FrozenEngine,1155,09/30/2022, 20:17:59,540
FROV00001,FrozenEngine,1155,09/30/2022, 21:14:55,540
FROV00001,FrozenEngine,1155,09/30/2022, 22:17:46,540
FROV00001,FrozenEngine,1155,09/30/2022, 23:17:41,540
FROV00001,FrozenEngine,1155,10/01/2022, 01:46:57,540
FROV00001,FrozenEngine,1155,10/01/2022, 04:26:29,540
FROV00001,FrozenEngine,1155,10/01/2022, 05:58:00,540
FROV00001,FrozenEngine,1155,10/01/2022, 06:37:06,540
FROV00001,FrozenEngine,1155,10/01/2022, 07:22:29,540
FROV00001,FrozenEngine,1155,10/01/2022, 08:21:01,540
FROV00001,FrozenEngine,1155,10/01/2022, 09:19:23,540
FROV00001,FrozenEngine,1155,10/01/2022, 10:16:57,540
FROV00001,FrozenEngine,1155,10/01/2022, 11:13:26,540
FROV00001,FrozenEngine,1155,10/01/2022, 12:29:46,540
FROV00001,FrozenEngine,1155,10/01/2022, 13:39:05,540
FROV00001,FrozenEngine,1155,10/01/2022, 14:17:02,540
FROV00001,FrozenEngine,1155,10/01/2022, 15:16:26,540
FROV00001,FrozenEngine,1155,10/01/2022, 16:21:09,540
FROV00001,FrozenEngine,1155,10/01/2022, 17:23:38,540
FROV00001,FrozenEngine,1155,10/01/2022, 18:18:59,540
FROV00001,FrozenEngine,1155,10/01/2022, 19:14:35,540
FROV00001,FrozenEngine,1155,10/01/2022, 20:16:45,540
FROV00001,FrozenEngine,1155,10/01/2022, 21:14:19,540
FROV00001,FrozenEngine,1155,10/01/2022, 22:15:58,540
FROV00001,FrozenEngine,1155,10/01/2022, 23:18:36,540
FROV00001,FrozenEngine,1155,10/02/2022, 01:40:36,540
FROV00001,FrozenEngine,1155,10/02/2022, 04:13:02,540
FROV00001,FrozenEngine,1155,10/02/2022, 05:43:40,540
FROV00001,FrozenEngine,1155,10/02/2022, 06:26:24,540
FROV00001,FrozenEngine,1155,10/02/2022, 07:19:04,540
FROV00001,FrozenEngine,1155,10/02/2022, 08:20:17,540
FROV00001,FrozenEngine,1155,10/02/2022, 09:17:53,540
FROV00001,FrozenEngine,1155,10/02/2022, 10:16:52,540
FROV00001,FrozenEngine,1155,10/02/2022, 11:13:24,540
FROV00001,FrozenEngine,1155,10/02/2022, 12:29:36,540
FROV00001,FrozenEngine,1155,10/02/2022, 13:35:46,540
FROV00001,FrozenEngine,1155,10/02/2022, 14:16:00,540
FROV00001,FrozenEngine,1155,10/02/2022, 15:16:09,540
FROV00001,FrozenEngine,1155,10/02/2022, 16:20:54,540
FROV00001,FrozenEngine,1155,10/02/2022, 17:23:16,540
FROV00001,FrozenEngine,1155,10/02/2022, 18:19:26,540
FROV00001,FrozenEngine,1155,10/02/2022, 19:14:51,540
FROV00001,FrozenEngine,1155,10/02/2022, 20:17:06,540
FROV00001,FrozenEngine,1155,10/02/2022, 21:14:45,540
FROV00001,FrozenEngine,1155,10/02/2022, 22:15:46,540
FROV00001,FrozenEngine,1155,10/02/2022, 23:17:50,540
FROV00001,FrozenEngine,1155,10/03/2022, 01:19:54,540
FROV00001,FrozenEngine,1155,10/03/2022, 03:25:34,540
FROV00001,FrozenEngine,1155,10/03/2022, 04:49:41,540
FROV00001,FrozenEngine,1155,10/03/2022, 05:39:45,540
FROV00001,FrozenEngine,1155,10/03/2022, 06:28:50,540
FROV00001,FrozenEngine,1155,10/03/2022, 07:25:23,540
FROV00001,FrozenEngine,1155,10/03/2022, 08:22:15,540
FROV00001,FrozenEngine,1155,10/03/2022, 09:24:35,540
FROV00001,FrozenEngine,1155,10/03/2022, 10:18:44,540
FROV00001,FrozenEngine,1155,10/03/2022, 11:14:37,540
FROV00001,FrozenEngine,1155,10/03/2022, 12:34:48,540
FROV00001,FrozenEngine,1155,10/03/2022, 13:53:08,540
FROV00001,FrozenEngine,1155,10/03/2022, 14:34:13,540
FROV00001,FrozenEngine,1155,10/03/2022, 15:20:32,540
FROV00001,FrozenEngine,1155,10/03/2022, 16:28:08,540
FROV00001,FrozenEngine,1155,10/03/2022, 17:36:03,540
FROV00001,FrozenEngine,1155,10/03/2022, 18:24:55,540
FROV00001,FrozenEngine,1155,10/03/2022, 19:19:01,540
FROV00001,FrozenEngine,1155,10/03/2022, 20:18:41,540
FROV00001,FrozenEngine,1155,10/03/2022, 21:14:59,540
FROV00001,FrozenEngine,1155,10/03/2022, 22:17:13,540
FROV00001,FrozenEngine,1155,10/03/2022, 23:18:20,540
FROV00001,FrozenEngine,1155,10/04/2022, 01:27:39,540
FROV00001,FrozenEngine,1155,10/04/2022, 03:42:27,540
FROV00001,FrozenEngine,1155,10/04/2022, 04:56:26,540
FROV00001,FrozenEngine,1155,10/04/2022, 05:42:36,540
FROV00001,FrozenEngine,1155,10/04/2022, 06:28:27,540
FROV00001,FrozenEngine,1155,10/04/2022, 07:25:43,540
FROV00001,FrozenEngine,1155,10/04/2022, 08:23:08,540
FROV00001,FrozenEngine,1155,10/04/2022, 09:21:06,540
FROV00001,FrozenEngine,1155,10/04/2022, 10:17:39,540
FROV00001,FrozenEngine,1155,10/04/2022, 11:14:52,540
FROV00001,FrozenEngine,1155,10/04/2022, 12:35:03,540
FROV00001,FrozenEngine,1155,10/04/2022, 13:53:48,540
FROV00001,FrozenEngine,1155,10/04/2022, 14:34:53,540
FROV00001,FrozenEngine,1155,10/04/2022, 15:21:06,540
FROV00001,FrozenEngine,1155,10/04/2022, 16:25:39,540
FROV00001,FrozenEngine,1155,10/04/2022, 17:35:38,540
FROV00001,FrozenEngine,1156,10/04/2022, 18:28:02,540
FROV00001,FrozenEngine,1156,10/04/2022, 19:19:48,540
FROV00001,FrozenEngine,1156,10/04/2022, 20:19:02,540
FROV00001,FrozenEngine,1156,10/04/2022, 21:15:32,540
FROV00001,FrozenEngine,1156,10/04/2022, 22:16:51,540
FROV00001,FrozenEngine,1156,10/04/2022, 23:18:40,540
FROV00001,FrozenEngine,1156,10/05/2022, 01:25:38,540
FROV00001,FrozenEngine,1156,10/05/2022, 03:37:25,540
FROV00001,FrozenEngine,1156,10/05/2022, 04:45:13,540
FROV00001,FrozenEngine,1156,10/05/2022, 05:46:18,540
FROV00001,FrozenEngine,1156,10/05/2022, 06:33:21,540
FROV00001,FrozenEngine,1156,10/05/2022, 07:28:23,540
FROV00001,FrozenEngine,1156,10/05/2022, 08:21:01,540
FROV00001,FrozenEngine,1156,10/05/2022, 09:19:23,540
FROV00001,FrozenEngine,1156,10/05/2022, 10:18:36,540
FROV00001,FrozenEngine,1156,10/05/2022, 11:15:22,540
FROV00001,FrozenEngine,1156,10/05/2022, 12:32:46,540
FROV00001,FrozenEngine,1156,10/05/2022, 14:11:45,540
FROV00001,FrozenEngine,1156,10/05/2022, 15:17:29,540
FROV00001,FrozenEngine,1156,10/05/2022, 16:42:32,540
FROV00001,FrozenEngine,1156,10/05/2022, 17:41:49,540
FROV00001,FrozenEngine,1156,10/05/2022, 18:30:25,540
FROV00001,FrozenEngine,1156,10/05/2022, 19:26:51,540
FROV00001,FrozenEngine,1156,10/05/2022, 20:17:55,540
FROV00001,FrozenEngine,1156,10/05/2022, 21:14:43,540
FROV00001,FrozenEngine,1156,10/05/2022, 22:17:52,540
FROV00001,FrozenEngine,1156,10/05/2022, 23:18:52,540
FROV00001,FrozenEngine,1156,10/06/2022, 01:20:29,540
FROV00001,FrozenEngine,1156,10/06/2022, 03:30:51,540
FROV00001,FrozenEngine,1156,10/06/2022, 04:39:56,540
FROV00001,FrozenEngine,1156,10/06/2022, 05:33:24,540
FROV00001,FrozenEngine,1156,10/06/2022, 06:24:58,540
FROV00001,FrozenEngine,1156,10/06/2022, 07:21:28,540
FROV00001,FrozenEngine,1156,10/06/2022, 08:21:25,540
FROV00001,FrozenEngine,1156,10/06/2022, 09:22:37,540
FROV00001,FrozenEngine,1156,10/06/2022, 10:19:41,540
FROV00001,FrozenEngine,1157,10/06/2022, 11:15:40,540
FROV00001,FrozenEngine,1157,10/06/2022, 12:34:05,540
FROV00001,FrozenEngine,1157,10/06/2022, 13:52:22,540
FROV00001,FrozenEngine,1157,10/06/2022, 14:31:55,540
FROV00001,FrozenEngine,1157,10/06/2022, 15:19:10,540
FROV00001,FrozenEngine,1157,10/06/2022, 16:24:42,540
FROV00001,FrozenEngine,1157,10/06/2022, 17:30:07,540
FROV00001,FrozenEngine,1157,10/06/2022, 18:22:01,540
FROV00001,FrozenEngine,1157,10/06/2022, 19:23:15,540
FROV00001,FrozenEngine,1157,10/06/2022, 20:18:35,540
FROV00001,FrozenEngine,1157,10/06/2022, 21:15:28,540
FROV00001,FrozenEngine,1157,10/06/2022, 22:16:47,540
FROV00001,FrozenEngine,1157,10/06/2022, 23:19:24,540
FROV00001,FrozenEngine,1157,10/07/2022, 01:40:10,540
FROV00001,FrozenEngine,1157,10/07/2022, 03:46:55,540
FROV00001,FrozenEngine,1157,10/07/2022, 04:49:26,540
FROV00001,FrozenEngine,1157,10/07/2022, 05:33:18,540
FROV00001,FrozenEngine,1157,10/07/2022, 06:28:50,540
FROV00001,FrozenEngine,1157,10/07/2022, 07:24:36,540
FROV00001,FrozenEngine,1157,10/07/2022, 08:19:34,540
FROV00001,FrozenEngine,1157,10/07/2022, 09:20:25,540
FROV00001,FrozenEngine,1157,10/07/2022, 10:19:55,540
FROV00001,FrozenEngine,1157,10/07/2022, 11:17:46,540
FROV00001,FrozenEngine,1157,10/07/2022, 12:33:30,540
FROV00001,FrozenEngine,1157,10/07/2022, 13:50:51,540
FROV00001,FrozenEngine,1157,10/07/2022, 14:32:34,540
FROV00001,FrozenEngine,1157,10/07/2022, 15:18:48,540
FROV00001,FrozenEngine,1157,10/07/2022, 16:25:27,540
FROV00001,FrozenEngine,1157,10/07/2022, 17:34:28,540
FROV00001,FrozenEngine,1157,10/07/2022, 18:24:30,540
FROV00001,FrozenEngine,1157,10/07/2022, 19:18:18,540
FROV00001,FrozenEngine,1157,10/07/2022, 20:18:12,540
FROV00001,FrozenEngine,1157,10/07/2022, 21:14:56,540
FROV00001,FrozenEngine,1157,10/07/2022, 22:17:11,540
FROV00001,FrozenEngine,1157,10/07/2022, 23:18:51,540
FROV00001,FrozenEngine,1157,10/08/2022, 01:16:39,540
FROV00001,FrozenEngine,1157,10/08/2022, 03:28:02,540
FROV00001,FrozenEngine,1157,10/08/2022, 04:37:59,540
FROV00001,FrozenEngine,1157,10/08/2022, 05:28:05,540
FROV00001,FrozenEngine,1157,10/08/2022, 06:21:49,540
FROV00001,FrozenEngine,1157,10/08/2022, 07:19:07,540
FROV00001,FrozenEngine,1157,10/08/2022, 08:20:38,540
FROV00001,FrozenEngine,1157,10/08/2022, 09:18:02,540
FROV00001,FrozenEngine,1157,10/08/2022, 10:16:58,540
FROV00001,FrozenEngine,1157,10/08/2022, 11:13:09,540
FROV00001,FrozenEngine,1157,10/08/2022, 12:28:36,540
FROV00001,FrozenEngine,1157,10/08/2022, 13:38:35,540
FROV00001,FrozenEngine,1157,10/08/2022, 14:18:28,540
FROV00001,FrozenEngine,1157,10/08/2022, 15:16:06,540
FROV00001,FrozenEngine,1157,10/08/2022, 16:20:47,540
FROV00001,FrozenEngine,1157,10/08/2022, 17:23:42,540
FROV00001,FrozenEngine,1157,10/08/2022, 18:19:09,540
FROV00001,FrozenEngine,1157,10/08/2022, 19:14:26,540
FROV00001,FrozenEngine,1157,10/08/2022, 20:16:56,540
FROV00001,FrozenEngine,1157,10/08/2022, 21:14:34,540
FROV00001,FrozenEngine,1157,10/08/2022, 22:15:48,540
FROV00001,FrozenEngine,1157,10/08/2022, 23:17:40,540
FROV00001,FrozenEngine,1157,10/09/2022, 01:23:30,540
FROV00001,FrozenEngine,1157,10/09/2022, 04:02:19,540
FROV00001,FrozenEngine,1157,10/09/2022, 05:36:47,540
FROV00001,FrozenEngine,1157,10/09/2022, 06:23:12,540
FROV00001,FrozenEngine,1157,10/09/2022, 07:18:42,540
FROV00001,FrozenEngine,1157,10/09/2022, 08:20:23,540
FROV00001,FrozenEngine,1157,10/09/2022, 09:17:24,540
FROV00001,FrozenEngine,1157,10/09/2022, 10:17:23,540
FROV00001,FrozenEngine,1157,10/09/2022, 11:13:31,540
FROV00001,FrozenEngine,1157,10/09/2022, 12:29:05,540
FROV00001,FrozenEngine,1157,10/09/2022, 13:37:03,540
FROV00001,FrozenEngine,1157,10/09/2022, 14:16:33,540
FROV00001,FrozenEngine,1157,10/09/2022, 15:17:49,540
FROV00001,FrozenEngine,1157,10/09/2022, 16:21:42,540
FROV00001,FrozenEngine,1157,10/09/2022, 17:23:55,540
FROV00001,FrozenEngine,1157,10/09/2022, 18:19:33,540
FROV00001,FrozenEngine,1157,10/09/2022, 19:14:51,540
FROV00001,FrozenEngine,1157,10/09/2022, 20:17:12,540
FROV00001,FrozenEngine,1157,10/09/2022, 21:14:32,540
FROV00001,FrozenEngine,1157,10/09/2022, 22:15:59,540
FROV00001,FrozenEngine,1157,10/09/2022, 23:18:19,540
FROV00001,FrozenEngine,1157,10/10/2022, 01:28:36,540
FROV00001,FrozenEngine,1157,10/10/2022, 04:12:21,540
FROV00001,FrozenEngine,1157,10/10/2022, 06:00:12,540
FROV00001,FrozenEngine,1157,10/10/2022, 06:54:48,540
FROV00001,FrozenEngine,1157,10/10/2022, 07:34:26,540
FROV00001,FrozenEngine,1157,10/10/2022, 08:26:05,540
FROV00001,FrozenEngine,1157,10/10/2022, 09:22:36,540
FROV00001,FrozenEngine,1157,10/10/2022, 10:17:38,540
FROV00001,FrozenEngine,1157,10/10/2022, 11:14:43,540
FROV00001,FrozenEngine,1157,10/10/2022, 12:36:03,540
FROV00001,FrozenEngine,1157,10/10/2022, 13:56:43,540
FROV00001,FrozenEngine,1157,10/10/2022, 14:37:45,540
FROV00001,FrozenEngine,1157,10/10/2022, 15:21:29,540
FROV00001,FrozenEngine,1157,10/10/2022, 16:25:16,540
FROV00001,FrozenEngine,1157,10/10/2022, 17:35:24,540
FROV00001,FrozenEngine,1157,10/10/2022, 18:26:00,540
FROV00001,FrozenEngine,1157,10/10/2022, 19:23:18,540
FROV00001,FrozenEngine,1157,10/10/2022, 20:19:13,540
FROV00001,FrozenEngine,1157,10/10/2022, 21:15:19,540
FROV00001,FrozenEngine,1157,10/10/2022, 22:17:42,540
FROV00001,FrozenEngine,1157,10/10/2022, 23:18:41,540
FROV00001,FrozenEngine,1157,10/11/2022, 01:21:19,540
FROV00001,FrozenEngine,1157,10/11/2022, 04:08:54,540
FROV00001,FrozenEngine,1157,10/11/2022, 05:57:54,540
FROV00001,FrozenEngine,1157,10/11/2022, 06:45:06,540
FROV00001,FrozenEngine,1157,10/11/2022, 07:36:08,540
FROV00001,FrozenEngine,1157,10/11/2022, 08:25:14,540
FROV00001,FrozenEngine,1157,10/11/2022, 09:22:01,540
FROV00001,FrozenEngine,1157,10/11/2022, 10:18:40,540
FROV00001,FrozenEngine,1157,10/11/2022, 11:14:50,540
FROV00001,FrozenEngine,1157,10/11/2022, 12:34:29,540
FROV00001,FrozenEngine,1157,10/11/2022, 13:53:27,540
FROV00001,FrozenEngine,1157,10/11/2022, 14:29:35,540
FROV00001,FrozenEngine,1157,10/11/2022, 15:19:25,540
FROV00001,FrozenEngine,1157,10/11/2022, 16:26:12,540
FROV00001,FrozenEngine,1157,10/11/2022, 17:27:58,540
FROV00001,FrozenEngine,1157,10/11/2022, 18:22:24,540
FROV00001,FrozenEngine,1157,10/11/2022, 19:18:44,540
FROV00001,FrozenEngine,1157,10/11/2022, 20:19:50,540
FROV00001,FrozenEngine,1157,10/11/2022, 21:16:55,540
FROV00001,FrozenEngine,1157,10/11/2022, 22:16:51,540
FROV00001,FrozenEngine,1157,10/11/2022, 23:20:27,540
FROV00001,FrozenEngine,1157,10/12/2022, 01:47:43,540
FROV00001,FrozenEngine,1157,10/12/2022, 04:05:01,540
FROV00001,FrozenEngine,1157,10/12/2022, 05:42:27,540
FROV00001,FrozenEngine,1157,10/12/2022, 06:29:46,540
FROV00001,FrozenEngine,1157,10/12/2022, 07:24:49,540
FROV00001,FrozenEngine,1157,10/12/2022, 08:20:47,540
FROV00001,FrozenEngine,1157,10/12/2022, 09:21:43,540
FROV00001,FrozenEngine,1157,10/12/2022, 10:20:53,540
FROV00001,FrozenEngine,1157,10/12/2022, 11:16:23,540
FROV00001,FrozenEngine,1157,10/12/2022, 12:33:23,540
FROV00001,FrozenEngine,1157,10/12/2022, 13:53:02,540
FROV00001,FrozenEngine,1157,10/12/2022, 14:35:01,540
FROV00001,FrozenEngine,1157,10/12/2022, 15:22:07,540
FROV00001,FrozenEngine,1157,10/12/2022, 16:31:30,540
FROV00001,FrozenEngine,1157,10/12/2022, 17:38:09,540
FROV00001,FrozenEngine,1157,10/12/2022, 18:25:18,540
FROV00001,FrozenEngine,1157,10/12/2022, 19:20:54,540
FROV00001,FrozenEngine,1157,10/12/2022, 20:19:06,540
FROV00001,FrozenEngine,1157,10/12/2022, 21:16:09,540
FROV00001,FrozenEngine,1157,10/12/2022, 22:16:49,540
FROV00001,FrozenEngine,1157,10/12/2022, 23:18:25,540
FROV00001,FrozenEngine,1157,10/13/2022, 01:26:53,540
FROV00001,FrozenEngine,1157,10/13/2022, 04:12:28,540
FROV00001,FrozenEngine,1157,10/13/2022, 05:58:30,540
FROV00001,FrozenEngine,1157,10/13/2022, 06:46:59,540
FROV00001,FrozenEngine,1157,10/13/2022, 07:30:37,540
FROV00001,FrozenEngine,1157,10/13/2022, 08:22:01,540
FROV00001,FrozenEngine,1157,10/13/2022, 09:21:26,540
FROV00001,FrozenEngine,1157,10/13/2022, 10:18:37,540
FROV00001,FrozenEngine,1157,10/13/2022, 11:15:06,540
FROV00001,FrozenEngine,1157,10/13/2022, 12:34:09,540
FROV00001,FrozenEngine,1157,10/13/2022, 13:54:03,540
FROV00001,FrozenEngine,1157,10/13/2022, 14:24:49,540
FROV00001,FrozenEngine,1157,10/13/2022, 15:18:47,540
FROV00001,FrozenEngine,1157,10/13/2022, 16:25:02,540
FROV00001,FrozenEngine,1157,10/13/2022, 17:36:32,540
FROV00001,FrozenEngine,1157,10/13/2022, 18:26:18,540
FROV00001,FrozenEngine,1157,10/13/2022, 19:21:03,540
FROV00001,FrozenEngine,1157,10/13/2022, 20:18:32,540
FROV00001,FrozenEngine,1157,10/13/2022, 21:17:12,540
FROV00001,FrozenEngine,1157,10/13/2022, 22:18:48,540
FROV00001,FrozenEngine,1157,10/13/2022, 23:19:43,540
FROV00001,FrozenEngine,1157,10/14/2022, 01:49:13,540
FROV00001,FrozenEngine,1157,10/14/2022, 04:22:53,540
FROV00001,FrozenEngine,1157,10/14/2022, 06:04:28,540
FROV00001,FrozenEngine,1157,10/14/2022, 07:33:58,540
FROV00001,FrozenEngine,1157,10/14/2022, 08:23:43,540
FROV00001,FrozenEngine,1157,10/14/2022, 09:21:12,540
FROV00001,FrozenEngine,1157,10/14/2022, 10:18:38,540
FROV00001,FrozenEngine,1157,10/14/2022, 11:15:17,540
FROV00001,FrozenEngine,1157,10/14/2022, 12:33:23,540
FROV00001,FrozenEngine,1158,10/14/2022, 13:55:30,540
FROV00001,FrozenEngine,1158,10/14/2022, 15:19:46,540
FROV00001,FrozenEngine,1158,10/14/2022, 16:24:44,540
FROV00001,FrozenEngine,1158,10/14/2022, 17:28:39,540
FROV00001,FrozenEngine,1158,10/14/2022, 18:21:22,540
FROV00001,FrozenEngine,1158,10/14/2022, 19:18:03,540
FROV00001,FrozenEngine,1158,10/14/2022, 20:17:47,540
FROV00001,FrozenEngine,1158,10/14/2022, 21:16:19,540
FROV00001,FrozenEngine,1158,10/14/2022, 22:15:55,540
FROV00001,FrozenEngine,1158,10/14/2022, 23:18:04,540
FROV00001,FrozenEngine,1158,10/15/2022, 01:29:51,540
FROV00001,FrozenEngine,1158,10/15/2022, 04:11:50,540
FROV00001,FrozenEngine,1158,10/15/2022, 05:44:29,540
FROV00001,FrozenEngine,1158,10/15/2022, 06:28:01,540
FROV00001,FrozenEngine,1158,10/15/2022, 07:20:42,540
FROV00001,FrozenEngine,1158,10/15/2022, 08:21:26,540
FROV00001,FrozenEngine,1158,10/15/2022, 09:18:51,540
FROV00001,FrozenEngine,1158,10/15/2022, 10:16:31,540
FROV00001,FrozenEngine,1158,10/15/2022, 11:13:12,540
FROV00001,FrozenEngine,1158,10/15/2022, 12:30:02,540
FROV00001,FrozenEngine,1158,10/15/2022, 13:37:32,540
FROV00001,FrozenEngine,1158,10/15/2022, 14:16:58,540
FROV00001,FrozenEngine,1158,10/15/2022, 15:16:57,540
FROV00001,FrozenEngine,1158,10/15/2022, 16:21:33,540
FROV00001,FrozenEngine,1158,10/15/2022, 17:24:28,540
FROV00001,FrozenEngine,1158,10/15/2022, 18:19:24,540
FROV00001,FrozenEngine,1158,10/15/2022, 19:15:04,540
FROV00001,FrozenEngine,1158,10/15/2022, 20:17:09,540
FROV00001,FrozenEngine,1158,10/15/2022, 21:14:43,540
FROV00001,FrozenEngine,1158,10/15/2022, 22:15:51,540
FROV00001,FrozenEngine,1158,10/15/2022, 23:18:22,540
FROV00001,FrozenEngine,1158,10/16/2022, 01:40:49,540
FROV00001,FrozenEngine,1158,10/16/2022, 04:12:48,540
FROV00001,FrozenEngine,1158,10/16/2022, 05:42:40,540
FROV00001,FrozenEngine,1158,10/16/2022, 06:25:03,540
FROV00001,FrozenEngine,1158,10/16/2022, 07:19:40,540
FROV00001,FrozenEngine,1158,10/16/2022, 08:20:44,540
FROV00001,FrozenEngine,1158,10/16/2022, 09:18:00,540
FROV00001,FrozenEngine,1158,10/16/2022, 10:16:54,540
FROV00001,FrozenEngine,1158,10/16/2022, 11:13:18,540
FROV00001,FrozenEngine,1158,10/16/2022, 12:30:09,540
FROV00001,FrozenEngine,1158,10/16/2022, 13:36:47,540
FROV00001,FrozenEngine,1158,10/16/2022, 14:16:47,540
FROV00001,FrozenEngine,1158,10/16/2022, 15:16:45,540
FROV00001,FrozenEngine,1158,10/16/2022, 16:21:59,540
FROV00001,FrozenEngine,1158,10/16/2022, 17:24:47,540
FROV00001,FrozenEngine,1158,10/16/2022, 18:19:30,540
FROV00001,FrozenEngine,1158,10/16/2022, 19:15:17,540
FROV00001,FrozenEngine,1158,10/16/2022, 20:17:49,540
FROV00001,FrozenEngine,1158,10/16/2022, 21:14:19,540
FROV00001,FrozenEngine,1158,10/16/2022, 22:15:50,540
FROV00001,FrozenEngine,1158,10/16/2022, 23:18:41,540
FROV00001,FrozenEngine,1158,10/17/2022, 01:47:20,540
FROV00001,FrozenEngine,1158,10/17/2022, 04:30:05,540
FROV00001,FrozenEngine,1158,10/17/2022, 06:14:08,540
FROV00001,FrozenEngine,1158,10/17/2022, 07:42:45,540
FROV00001,FrozenEngine,1158,10/17/2022, 08:31:26,540
FROV00001,FrozenEngine,1158,10/17/2022, 09:28:53,540
FROV00001,FrozenEngine,1158,10/17/2022, 11:18:01,540
FROV00001,FrozenEngine,1158,10/17/2022, 12:36:07,540
FROV00001,FrozenEngine,1158,10/17/2022, 13:57:42,540
FROV00001,FrozenEngine,1158,10/17/2022, 14:36:40,540
FROV00001,FrozenEngine,1158,10/17/2022, 15:22:08,540
FROV00001,FrozenEngine,1158,10/17/2022, 16:33:06,540
FROV00001,FrozenEngine,1158,10/17/2022, 17:38:37,540
FROV00001,FrozenEngine,1158,10/17/2022, 18:30:51,540
FROV00001,FrozenEngine,1158,10/17/2022, 19:29:09,540
FROV00001,FrozenEngine,1158,10/17/2022, 20:18:39,540
FROV00001,FrozenEngine,1158,10/17/2022, 21:15:42,540
FROV00001,FrozenEngine,1158,10/17/2022, 22:17:20,540
FROV00001,FrozenEngine,1158,10/17/2022, 23:19:00,540
FROV00001,FrozenEngine,1158,10/18/2022, 01:28:37,540
FROV00001,FrozenEngine,1158,10/18/2022, 04:17:32,540
FROV00001,FrozenEngine,1158,10/18/2022, 06:08:29,540
FROV00001,FrozenEngine,1158,10/18/2022, 07:36:49,540
FROV00001,FrozenEngine,1158,10/18/2022, 08:28:05,540
FROV00001,FrozenEngine,1158,10/18/2022, 09:24:54,540
FROV00001,FrozenEngine,1158,10/18/2022, 10:20:13,540
FROV00001,FrozenEngine,1158,10/18/2022, 11:15:48,540
FROV00001,FrozenEngine,1158,10/18/2022, 12:35:03,540
FROV00001,FrozenEngine,1158,10/18/2022, 13:55:16,540
FROV00001,FrozenEngine,1158,10/18/2022, 14:32:27,540
FROV00001,FrozenEngine,1158,10/18/2022, 15:20:57,540
FROV00001,FrozenEngine,1158,10/18/2022, 16:29:10,540
FROV00001,FrozenEngine,1158,10/18/2022, 17:34:07,540
FROV00001,FrozenEngine,1158,10/18/2022, 18:28:54,540
FROV00001,FrozenEngine,1158,10/18/2022, 19:21:56,540
FROV00001,FrozenEngine,1158,10/18/2022, 20:18:38,540
FROV00001,FrozenEngine,1158,10/18/2022, 21:15:00,540
FROV00001,FrozenEngine,1158,10/18/2022, 23:20:19,540
FROV00001,FrozenEngine,1158,10/19/2022, 01:29:42,540
FROV00001,FrozenEngine,1158,10/19/2022, 04:18:17,540
FROV00001,FrozenEngine,1158,10/19/2022, 06:11:27,540
FROV00001,FrozenEngine,1158,10/19/2022, 07:40:05,540
FROV00001,FrozenEngine,1158,10/19/2022, 08:30:34,540
FROV00001,FrozenEngine,1158,10/19/2022, 09:26:30,540
FROV00001,FrozenEngine,1158,10/19/2022, 10:24:35,540
FROV00001,FrozenEngine,1158,10/19/2022, 11:17:21,540
FROV00001,FrozenEngine,1158,10/19/2022, 12:35:04,540
FROV00001,FrozenEngine,1158,10/19/2022, 14:32:53,540
FROV00001,FrozenEngine,1158,10/19/2022, 15:20:44,540
FROV00001,FrozenEngine,1159,10/19/2022, 17:41:03,540
FROV00001,FrozenEngine,1159,10/19/2022, 18:30:20,540
FROV00001,FrozenEngine,1159,10/19/2022, 19:23:55,540
FROV00001,FrozenEngine,1159,10/19/2022, 20:18:11,540
FROV00001,FrozenEngine,1159,10/19/2022, 21:16:21,540
FROV00001,FrozenEngine,1159,10/19/2022, 22:17:36,540
FROV00001,FrozenEngine,1159,10/19/2022, 23:19:51,540
FROV00001,FrozenEngine,1159,10/20/2022, 01:27:49,540
FROV00001,FrozenEngine,1159,10/20/2022, 04:01:52,540
FROV00001,FrozenEngine,1159,10/20/2022, 05:38:37,540
FROV00001,FrozenEngine,1159,10/20/2022, 06:29:27,540
FROV00001,FrozenEngine,1159,10/20/2022, 07:26:40,540
FROV00001,FrozenEngine,1159,10/20/2022, 08:22:14,540
FROV00001,FrozenEngine,1159,10/20/2022, 09:23:51,540
FROV00001,FrozenEngine,1159,10/20/2022, 10:20:31,540
FROV00001,FrozenEngine,1159,10/20/2022, 11:16:35,540
FROV00001,FrozenEngine,1159,10/20/2022, 12:34:29,540
FROV00001,FrozenEngine,1159,10/20/2022, 13:56:06,540
FROV00001,FrozenEngine,1159,10/20/2022, 14:33:51,540
FROV00001,FrozenEngine,1159,10/20/2022, 15:20:44,540
FROV00001,FrozenEngine,1159,10/20/2022, 16:28:28,540
FROV00001,FrozenEngine,1159,10/20/2022, 17:36:48,540
FROV00001,FrozenEngine,1159,10/20/2022, 18:33:25,540
FROV00001,FrozenEngine,1159,10/20/2022, 19:23:55,540
FROV00001,FrozenEngine,1159,10/20/2022, 20:18:54,540
FROV00001,FrozenEngine,1159,10/20/2022, 21:16:20,540
FROV00001,FrozenEngine,1159,10/20/2022, 22:16:59,540
FROV00001,FrozenEngine,1159,10/20/2022, 23:20:55,540
FROV00001,FrozenEngine,1159,10/21/2022, 01:20:22,540
FROV00001,FrozenEngine,1159,10/21/2022, 03:45:51,540
FROV00001,FrozenEngine,1159,10/21/2022, 05:03:07,540
FROV00001,FrozenEngine,1159,10/21/2022, 06:32:59,540
FROV00001,FrozenEngine,1159,10/21/2022, 07:26:32,540
FROV00001,FrozenEngine,1159,10/21/2022, 08:22:42,540
FROV00001,FrozenEngine,1159,10/21/2022, 09:22:55,540
FROV00001,FrozenEngine,1159,10/21/2022, 10:19:31,540
FROV00001,FrozenEngine,1159,10/21/2022, 11:15:58,540
FROV00001,FrozenEngine,1159,10/21/2022, 12:34:27,540
FROV00001,FrozenEngine,1159,10/21/2022, 13:54:52,540
FROV00001,FrozenEngine,1159,10/21/2022, 14:35:37,540
FROV00001,FrozenEngine,1159,10/21/2022, 15:24:12,540
FROV00001,FrozenEngine,1159,10/21/2022, 16:29:04,540
FROV00001,FrozenEngine,1159,10/21/2022, 17:29:49,540
FROV00001,FrozenEngine,1159,10/21/2022, 18:24:03,540
FROV00001,FrozenEngine,1159,10/21/2022, 19:20:01,540
FROV00001,FrozenEngine,1159,10/21/2022, 20:18:39,540
FROV00001,FrozenEngine,1159,10/21/2022, 21:15:15,540
FROV00001,FrozenEngine,1159,10/21/2022, 22:17:12,540
FROV00001,FrozenEngine,1159,10/21/2022, 23:18:42,540
FROV00001,FrozenEngine,1159,10/22/2022, 01:27:27,540
FROV00001,FrozenEngine,1159,10/22/2022, 03:55:42,540
FROV00001,FrozenEngine,1159,10/22/2022, 05:01:24,540
FROV00001,FrozenEngine,1159,10/22/2022, 05:48:35,540
FROV00001,FrozenEngine,1159,10/22/2022, 06:25:25,540
FROV00001,FrozenEngine,1159,10/22/2022, 07:20:38,540
FROV00001,FrozenEngine,1159,10/22/2022, 08:21:38,540
FROV00001,FrozenEngine,1159,10/22/2022, 09:19:33,540
FROV00001,FrozenEngine,1159,10/22/2022, 10:17:07,540
FROV00001,FrozenEngine,1159,10/22/2022, 11:13:46,540
FROV00001,FrozenEngine,1159,10/22/2022, 12:30:21,540
FROV00001,FrozenEngine,1159,10/22/2022, 13:38:08,540
FROV00001,FrozenEngine,1159,10/22/2022, 14:17:41,540
FROV00001,FrozenEngine,1159,10/22/2022, 15:16:25,540
FROV00001,FrozenEngine,1159,10/22/2022, 16:22:32,540
FROV00001,FrozenEngine,1159,10/22/2022, 17:25:17,540
FROV00001,FrozenEngine,1159,10/22/2022, 18:19:56,540
FROV00001,FrozenEngine,1159,10/22/2022, 19:15:56,540
FROV00001,FrozenEngine,1159,10/22/2022, 20:17:37,540
FROV00001,FrozenEngine,1159,10/22/2022, 21:14:17,540
FROV00001,FrozenEngine,1159,10/22/2022, 22:16:04,540
FROV00001,FrozenEngine,1159,10/22/2022, 23:18:36,540
FROV00001,FrozenEngine,1159,10/23/2022, 01:26:28,540
FROV00001,FrozenEngine,1159,10/23/2022, 04:05:06,540
FROV00001,FrozenEngine,1159,10/23/2022, 05:41:13,540
FROV00001,FrozenEngine,1159,10/23/2022, 06:27:37,540
FROV00001,FrozenEngine,1159,10/23/2022, 07:21:23,540
FROV00001,FrozenEngine,1159,10/23/2022, 08:20:29,540
FROV00001,FrozenEngine,1159,10/23/2022, 09:18:16,540
FROV00001,FrozenEngine,1159,10/23/2022, 10:17:08,540
FROV00001,FrozenEngine,1159,10/23/2022, 11:13:48,540
FROV00001,FrozenEngine,1159,10/23/2022, 12:31:04,540
FROV00001,FrozenEngine,1159,10/23/2022, 13:39:51,540
FROV00001,FrozenEngine,1159,10/23/2022, 14:18:38,540
FROV00001,FrozenEngine,1159,10/23/2022, 15:16:36,540
FROV00001,FrozenEngine,1159,10/23/2022, 16:22:35,540
FROV00001,FrozenEngine,1159,10/23/2022, 17:25:36,540
FROV00001,FrozenEngine,1159,10/23/2022, 18:20:17,540
FROV00001,FrozenEngine,1159,10/23/2022, 19:16:20,540
FROV00001,FrozenEngine,1159,10/23/2022, 20:17:54,540
FROV00001,FrozenEngine,1159,10/23/2022, 21:14:47,540
FROV00001,FrozenEngine,1159,10/23/2022, 22:16:14,540
FROV00001,FrozenEngine,1159,10/23/2022, 23:19:15,540
FROV00001,FrozenEngine,1159,10/24/2022, 01:47:48,540
FROV00001,FrozenEngine,1159,10/24/2022, 04:28:48,540
FROV00001,FrozenEngine,1159,10/24/2022, 06:17:29,540
FROV00001,FrozenEngine,1159,10/24/2022, 07:47:17,540
FROV00001,FrozenEngine,1159,10/24/2022, 08:30:13,540
FROV00001,FrozenEngine,1159,10/24/2022, 09:28:45,540
FROV00001,FrozenEngine,1159,10/24/2022, 10:23:01,540
FROV00001,FrozenEngine,1159,10/24/2022, 11:19:45,540
FROV00001,FrozenEngine,1159,10/24/2022, 12:34:29,540
FROV00001,FrozenEngine,1159,10/24/2022, 13:57:06,540
FROV00001,FrozenEngine,1159,10/24/2022, 14:38:45,540
FROV00001,FrozenEngine,1159,10/24/2022, 15:22:05,540
FROV00001,FrozenEngine,1159,10/24/2022, 16:27:35,540
FROV00001,FrozenEngine,1159,10/24/2022, 17:33:49,540
FROV00001,FrozenEngine,1159,10/24/2022, 18:30:38,540
FROV00001,FrozenEngine,1159,10/24/2022, 19:24:03,540
FROV00001,FrozenEngine,1159,10/24/2022, 20:18:46,540
FROV00001,FrozenEngine,1159,10/24/2022, 21:16:55,540
FROV00001,FrozenEngine,1159,10/24/2022, 22:17:15,540
FROV00001,FrozenEngine,1159,10/24/2022, 23:19:14,540
FROV00001,FrozenEngine,1159,10/25/2022, 01:42:08,540
FROV00001,FrozenEngine,1159,10/25/2022, 04:24:09,540
FROV00001,FrozenEngine,1159,10/25/2022, 06:11:56,540
FROV00001,FrozenEngine,1159,10/25/2022, 07:40:17,540
FROV00001,FrozenEngine,1159,10/25/2022, 08:29:15,540
FROV00001,FrozenEngine,1159,10/25/2022, 09:28:13,540
FROV00001,FrozenEngine,1159,10/25/2022, 10:20:56,540
FROV00001,FrozenEngine,1159,10/25/2022, 11:15:58,540
FROV00001,FrozenEngine,1159,10/25/2022, 12:35:37,540
FROV00001,FrozenEngine,1159,10/25/2022, 13:57:02,540
FROV00001,FrozenEngine,1159,10/25/2022, 14:35:54,540
FROV00001,FrozenEngine,1159,10/25/2022, 15:22:08,540
FROV00001,FrozenEngine,1159,10/25/2022, 16:32:43,540
FROV00001,FrozenEngine,1159,10/25/2022, 17:50:32,540
FROV00001,FrozenEngine,1159,10/25/2022, 18:42:21,540
FROV00001,FrozenEngine,1159,10/25/2022, 19:36:47,540
FROV00001,FrozenEngine,1159,10/25/2022, 20:20:10,540
FROV00001,FrozenEngine,1159,10/25/2022, 21:15:58,540
FROV00001,FrozenEngine,1159,10/25/2022, 22:17:32,540
FROV00001,FrozenEngine,1159,10/25/2022, 23:17:06,540
FROV00001,FrozenEngine,1159,10/26/2022, 01:19:31,540
FROV00001,FrozenEngine,1159,10/26/2022, 03:47:47,540
FROV00001,FrozenEngine,1159,10/26/2022, 04:50:01,540
FROV00001,FrozenEngine,1159,10/26/2022, 05:28:12,540
FROV00001,FrozenEngine,1159,10/26/2022, 06:21:01,540
FROV00001,FrozenEngine,1159,10/26/2022, 07:16:40,540
FROV00001,FrozenEngine,1159,10/26/2022, 08:19:28,540
FROV00001,FrozenEngine,1159,10/26/2022, 09:15:05,540
FROV00001,FrozenEngine,1159,10/26/2022, 10:16:31,540
FROV00001,FrozenEngine,1159,10/26/2022, 11:13:36,540
FROV00001,FrozenEngine,1159,10/26/2022, 12:34:16,540
FROV00001,FrozenEngine,1159,10/26/2022, 13:47:13,540
FROV00001,FrozenEngine,1159,10/26/2022, 14:21:48,540
FROV00001,FrozenEngine,1159,10/26/2022, 15:16:14,540
FROV00001,FrozenEngine,1159,10/26/2022, 16:21:01,540
FROV00001,FrozenEngine,1159,10/26/2022, 17:20:53,540
FROV00001,FrozenEngine,1159,10/26/2022, 18:19:14,540
FROV00001,FrozenEngine,1159,10/26/2022, 19:12:12,540
FROV00001,FrozenEngine,1159,10/26/2022, 20:16:36,540
FROV00001,FrozenEngine,1159,10/26/2022, 21:14:25,540
FROV00001,FrozenEngine,1159,10/26/2022, 22:16:19,540
FROV00001,FrozenEngine,1159,10/26/2022, 23:17:03,540
FROV00001,FrozenEngine,1159,10/27/2022, 01:18:17,540
FROV00001,FrozenEngine,1159,10/27/2022, 03:42:11,540
FROV00001,FrozenEngine,1159,10/27/2022, 04:43:31,540
FROV00001,FrozenEngine,1159,10/27/2022, 05:24:41,540
FROV00001,FrozenEngine,1159,10/27/2022, 06:20:15,540
FROV00001,FrozenEngine,1159,10/27/2022, 07:14:39,540
FROV00001,FrozenEngine,1159,10/27/2022, 08:19:58,540
FROV00001,FrozenEngine,1159,10/27/2022, 09:16:23,540
FROV00001,FrozenEngine,1159,10/27/2022, 10:16:44,540
FROV00001,FrozenEngine,1159,10/27/2022, 11:13:25,540
FROV00001,FrozenEngine,1159,10/27/2022, 12:33:36,540
FROV00001,FrozenEngine,1159,10/27/2022, 13:43:21,540
FROV00001,FrozenEngine,1159,10/27/2022, 14:25:20,540
FROV00001,FrozenEngine,1159,10/27/2022, 15:15:51,540
FROV00001,FrozenEngine,1159,10/27/2022, 16:23:08,540
FROV00001,FrozenEngine,1159,10/27/2022, 17:22:16,540
FROV00001,FrozenEngine,1159,10/27/2022, 18:22:20,540
FROV00001,FrozenEngine,1159,10/27/2022, 19:14:08,540
FROV00001,FrozenEngine,1159,10/27/2022, 20:16:17,540
FROV00001,FrozenEngine,1159,10/27/2022, 21:13:34,540
FROV00001,FrozenEngine,1160,10/27/2022, 22:15:04,540
FROV00001,FrozenEngine,1160,10/27/2022, 23:18:42,540
FROV00001,FrozenEngine,1160,10/28/2022, 01:24:02,540
FROV00001,FrozenEngine,1160,10/28/2022, 03:44:26,540
FROV00001,FrozenEngine,1160,10/28/2022, 04:42:55,540
FROV00001,FrozenEngine,1160,10/28/2022, 05:26:35,540
FROV00001,FrozenEngine,1160,10/28/2022, 06:19:32,540
FROV00001,FrozenEngine,1160,10/28/2022, 07:14:38,540
FROV00001,FrozenEngine,1160,10/28/2022, 08:21:29,540
FROV00001,FrozenEngine,1160,10/28/2022, 09:17:11,540
FROV00001,FrozenEngine,1160,10/28/2022, 10:16:36,540
FROV00001,FrozenEngine,1160,10/28/2022, 11:14:10,540
FROV00001,FrozenEngine,1160,10/28/2022, 12:32:02,540
FROV00001,FrozenEngine,1160,10/28/2022, 13:47:11,540
FROV00001,FrozenEngine,1160,10/28/2022, 14:21:58,540
FROV00001,FrozenEngine,1160,10/28/2022, 15:16:13,540
FROV00001,FrozenEngine,1160,10/28/2022, 16:19:01,540
FROV00001,FrozenEngine,1160,10/28/2022, 17:19:57,540
FROV00001,FrozenEngine,1160,10/28/2022, 18:19:32,540
FROV00001,FrozenEngine,1160,10/28/2022, 19:12:06,540
FROV00001,FrozenEngine,1160,10/28/2022, 20:16:58,540
FROV00001,FrozenEngine,1160,10/28/2022, 21:13:43,540
FROV00001,FrozenEngine,1160,10/28/2022, 22:15:32,540
FROV00001,FrozenEngine,1160,10/28/2022, 23:17:17,540
FROV00001,FrozenEngine,1160,10/29/2022, 01:10:11,540
FROV00001,FrozenEngine,1160,10/29/2022, 03:28:30,540
FROV00001,FrozenEngine,1160,10/29/2022, 04:32:22,540
FROV00001,FrozenEngine,1160,10/29/2022, 05:19:55,540
FROV00001,FrozenEngine,1160,10/29/2022, 06:18:50,540
FROV00001,FrozenEngine,1160,10/29/2022, 07:13:23,540
FROV00001,FrozenEngine,1160,10/29/2022, 08:18:55,540
FROV00001,FrozenEngine,1160,10/29/2022, 09:14:07,540
FROV00001,FrozenEngine,1160,10/29/2022, 10:15:40,540
FROV00001,FrozenEngine,1160,10/29/2022, 11:12:26,540
FROV00001,FrozenEngine,1160,10/29/2022, 12:26:31,540
FROV00001,FrozenEngine,1160,10/29/2022, 13:28:49,540
FROV00001,FrozenEngine,1160,10/29/2022, 14:14:40,540
FROV00001,FrozenEngine,1160,10/29/2022, 15:15:44,540
FROV00001,FrozenEngine,1160,10/29/2022, 16:19:06,540
FROV00001,FrozenEngine,1160,10/29/2022, 17:16:52,540
FROV00001,FrozenEngine,1160,10/29/2022, 18:17:48,540
FROV00001,FrozenEngine,1160,10/29/2022, 19:11:40,540
FROV00001,FrozenEngine,1160,10/29/2022, 20:15:33,540
FROV00001,FrozenEngine,1160,10/29/2022, 21:13:56,540
FROV00001,FrozenEngine,1160,10/29/2022, 22:15:13,540
FROV00001,FrozenEngine,1160,10/29/2022, 23:16:59,540
FROV00001,FrozenEngine,1160,10/30/2022, 01:26:03,540
FROV00001,FrozenEngine,1160,10/30/2022, 03:49:52,540
FROV00001,FrozenEngine,1160,10/30/2022, 04:43:33,540
FROV00001,FrozenEngine,1160,10/30/2022, 05:22:12,540
FROV00001,FrozenEngine,1160,10/30/2022, 06:18:28,540
FROV00001,FrozenEngine,1160,10/30/2022, 07:13:07,540
FROV00001,FrozenEngine,1160,10/30/2022, 08:18:03,540
FROV00001,FrozenEngine,1160,10/30/2022, 09:14:34,540
FROV00001,FrozenEngine,1160,10/30/2022, 10:15:28,540
FROV00001,FrozenEngine,1160,10/30/2022, 11:12:26,540
FROV00001,FrozenEngine,1160,10/30/2022, 12:28:20,540
FROV00001,FrozenEngine,1160,10/30/2022, 13:30:12,540
FROV00001,FrozenEngine,1160,10/30/2022, 14:13:14,540
FROV00001,FrozenEngine,1160,10/30/2022, 15:15:23,540
FROV00001,FrozenEngine,1160,10/30/2022, 16:19:31,540
FROV00001,FrozenEngine,1160,10/30/2022, 17:16:56,540
FROV00001,FrozenEngine,1160,10/30/2022, 18:19:04,540
FROV00001,FrozenEngine,1160,10/30/2022, 19:12:02,540
FROV00001,FrozenEngine,1160,10/30/2022, 20:15:41,540
FROV00001,FrozenEngine,1160,10/30/2022, 21:13:53,540
FROV00001,FrozenEngine,1160,10/30/2022, 22:14:17,540
FROV00001,FrozenEngine,1160,10/30/2022, 23:16:15,540
FROV00001,FrozenEngine,1160,10/31/2022, 01:26:16,540
FROV00001,FrozenEngine,1160,10/31/2022, 03:44:39,540
FROV00001,FrozenEngine,1160,10/31/2022, 04:47:12,540
FROV00001,FrozenEngine,1160,10/31/2022, 05:30:57,540
FROV00001,FrozenEngine,1160,10/31/2022, 06:19:51,540
FROV00001,FrozenEngine,1160,10/31/2022, 07:15:05,540
FROV00001,FrozenEngine,1160,10/31/2022, 08:22:48,540
FROV00001,FrozenEngine,1160,10/31/2022, 09:17:45,540
FROV00001,FrozenEngine,1160,10/31/2022, 10:17:43,540
FROV00001,FrozenEngine,1160,10/31/2022, 11:14:18,540
FROV00001,FrozenEngine,1160,10/31/2022, 12:32:35,540
FROV00001,FrozenEngine,1160,10/31/2022, 13:47:36,540
FROV00001,FrozenEngine,1160,10/31/2022, 14:24:51,540
FROV00001,FrozenEngine,1160,10/31/2022, 15:16:04,540
FROV00001,FrozenEngine,1160,10/31/2022, 16:22:17,540
FROV00001,FrozenEngine,1160,10/31/2022, 17:31:27,540
FROV00001,FrozenEngine,1160,10/31/2022, 18:21:57,540
FROV00001,FrozenEngine,1160,10/31/2022, 19:12:29,540
FROV00001,FrozenEngine,1160,10/31/2022, 20:16:59,540
FROV00001,FrozenEngine,1160,10/31/2022, 21:14:19,540
FROV00001,FrozenEngine,1160,10/31/2022, 22:16:43,540
FROV00001,FrozenEngine,1160,10/31/2022, 23:16:39,540
FROV00001,FrozenEngine,1160,11/01/2022, 01:40:06,540
FROV00001,FrozenEngine,1160,11/01/2022, 04:07:48,540
FROV00001,FrozenEngine,1160,11/01/2022, 05:44:21,540
FROV00001,FrozenEngine,1160,11/01/2022, 06:25:01,540
FROV00001,FrozenEngine,1160,11/01/2022, 07:17:31,540
FROV00001,FrozenEngine,1160,11/01/2022, 08:20:22,540
FROV00001,FrozenEngine,1160,11/01/2022, 09:16:48,540
FROV00001,FrozenEngine,1160,11/01/2022, 10:16:23,540
FROV00001,FrozenEngine,1160,11/01/2022, 11:13:44,540
FROV00001,FrozenEngine,1160,11/01/2022, 12:34:16,540
FROV00001,FrozenEngine,1160,11/01/2022, 13:44:43,540
FROV00001,FrozenEngine,1160,11/01/2022, 14:21:58,540
FROV00001,FrozenEngine,1160,11/01/2022, 15:16:53,540
FROV00001,FrozenEngine,1160,11/01/2022, 16:21:54,540
FROV00001,FrozenEngine,1160,11/01/2022, 17:24:06,540
FROV00001,FrozenEngine,1160,11/01/2022, 18:20:22,540
FROV00001,FrozenEngine,1160,11/01/2022, 19:13:16,540
FROV00001,FrozenEngine,1160,11/01/2022, 20:17:13,540
FROV00001,FrozenEngine,1160,11/01/2022, 21:14:45,540
FROV00001,FrozenEngine,1160,11/01/2022, 22:17:07,540
FROV00001,FrozenEngine,1160,11/01/2022, 23:17:18,540
FROV00001,FrozenEngine,1160,11/02/2022, 01:23:52,540
FROV00001,FrozenEngine,1160,11/02/2022, 03:55:27,540
FROV00001,FrozenEngine,1160,11/02/2022, 04:59:44,540
FROV00001,FrozenEngine,1160,11/02/2022, 05:46:20,540
FROV00001,FrozenEngine,1160,11/02/2022, 06:23:37,540
FROV00001,FrozenEngine,1160,11/02/2022, 07:15:53,540
FROV00001,FrozenEngine,1160,11/02/2022, 08:20:02,540
FROV00001,FrozenEngine,1160,11/02/2022, 09:15:11,540
FROV00001,FrozenEngine,1160,11/02/2022, 10:17:23,540
FROV00001,FrozenEngine,1160,11/02/2022, 11:14:30,540
FROV00001,FrozenEngine,1160,11/02/2022, 12:32:12,540
FROV00001,FrozenEngine,1160,11/02/2022, 13:49:43,540
FROV00001,FrozenEngine,1160,11/02/2022, 14:22:27,540
FROV00001,FrozenEngine,1160,11/02/2022, 15:16:45,540
FROV00001,FrozenEngine,1160,11/02/2022, 16:22:23,540
FROV00001,FrozenEngine,1160,11/02/2022, 17:28:47,540
FROV00001,FrozenEngine,1160,11/02/2022, 18:19:14,540
FROV00001,FrozenEngine,1160,11/02/2022, 19:12:24,540
FROV00001,FrozenEngine,1160,11/02/2022, 20:14:56,540
FROV00001,FrozenEngine,1160,11/02/2022, 21:15:13,540
FROV00001,FrozenEngine,1160,11/02/2022, 22:14:55,540
FROV00001,FrozenEngine,1160,11/02/2022, 23:16:02,540
FROV00001,FrozenEngine,1160,11/03/2022, 01:15:55,540
FROV00001,FrozenEngine,1160,11/03/2022, 03:26:57,540
FROV00001,FrozenEngine,1160,11/03/2022, 04:35:49,540
FROV00001,FrozenEngine,1160,11/03/2022, 05:20:20,540
FROV00001,FrozenEngine,1160,11/03/2022, 06:19:04,540
FROV00001,FrozenEngine,1160,11/03/2022, 07:12:46,540
FROV00001,FrozenEngine,1160,11/03/2022, 08:20:43,540
FROV00001,FrozenEngine,1160,11/03/2022, 09:15:04,540
FROV00001,FrozenEngine,1160,11/03/2022, 10:15:56,540
FROV00001,FrozenEngine,1160,11/03/2022, 11:12:27,540
FROV00001,FrozenEngine,1160,11/03/2022, 12:28:56,540
FROV00001,FrozenEngine,1160,11/03/2022, 13:41:21,540
FROV00001,FrozenEngine,1160,11/03/2022, 14:17:24,540
FROV00001,FrozenEngine,1160,11/03/2022, 15:20:28,540
FROV00001,FrozenEngine,1160,11/03/2022, 16:22:24,540
FROV00001,FrozenEngine,1160,11/03/2022, 17:18:57,540
FROV00001,FrozenEngine,1160,11/03/2022, 18:22:51,540
FROV00001,FrozenEngine,1160,11/03/2022, 19:11:40,540
FROV00001,FrozenEngine,1160,11/03/2022, 20:13:08,540
FROV00001,FrozenEngine,1160,11/03/2022, 21:12:28,540
FROV00001,FrozenEngine,1160,11/03/2022, 22:13:17,540
FROV00001,FrozenEngine,1160,11/03/2022, 23:16:13,540
FROV00001,FrozenEngine,1160,11/04/2022, 01:18:49,540
FROV00001,FrozenEngine,1160,11/04/2022, 03:40:17,540
FROV00001,FrozenEngine,1160,11/04/2022, 04:39:32,540
FROV00001,FrozenEngine,1160,11/04/2022, 05:21:28,540
FROV00001,FrozenEngine,1160,11/04/2022, 06:19:22,540
FROV00001,FrozenEngine,1160,11/04/2022, 07:13:36,540
FROV00001,FrozenEngine,1160,11/04/2022, 08:20:05,540
FROV00001,FrozenEngine,1160,11/04/2022, 09:14:06,540
FROV00001,FrozenEngine,1160,11/04/2022, 10:16:19,540
FROV00001,FrozenEngine,1160,11/04/2022, 11:12:36,540
FROV00001,FrozenEngine,1160,11/04/2022, 12:30:00,540
FROV00001,FrozenEngine,1160,11/04/2022, 13:38:11,540
FROV00001,FrozenEngine,1160,11/04/2022, 14:12:50,540
FROV00001,FrozenEngine,1161,11/04/2022, 15:15:27,540
FROV00001,FrozenEngine,1161,11/04/2022, 16:20:18,540
FROV00001,FrozenEngine,1161,11/04/2022, 17:18:13,540
FROV00001,FrozenEngine,1161,11/04/2022, 18:18:00,540
FROV00001,FrozenEngine,1161,11/04/2022, 19:12:29,540
FROV00001,FrozenEngine,1161,11/04/2022, 20:16:37,540
FROV00001,FrozenEngine,1161,11/04/2022, 21:13:04,540
FROV00001,FrozenEngine,1161,11/04/2022, 22:14:04,540
FROV00001,FrozenEngine,1161,11/04/2022, 23:16:58,540
FROV00001,FrozenEngine,1161,11/05/2022, 01:17:18,540
FROV00001,FrozenEngine,1161,11/05/2022, 03:18:33,540
FROV00001,FrozenEngine,1161,11/05/2022, 04:23:29,540
FROV00001,FrozenEngine,1161,11/05/2022, 05:13:05,540
FROV00001,FrozenEngine,1161,11/05/2022, 06:18:12,540
FROV00001,FrozenEngine,1161,11/05/2022, 07:13:20,540
FROV00001,FrozenEngine,1161,11/05/2022, 08:17:44,540
FROV00001,FrozenEngine,1161,11/05/2022, 09:14:09,540
FROV00001,FrozenEngine,1161,11/05/2022, 10:15:49,540
FROV00001,FrozenEngine,1161,11/05/2022, 11:11:43,540
FROV00001,FrozenEngine,1161,11/05/2022, 12:24:48,540
FROV00001,FrozenEngine,1161,11/05/2022, 13:25:26,540
FROV00001,FrozenEngine,1162,11/05/2022, 14:12:07,540
FROV00001,FrozenEngine,1162,11/05/2022, 15:13:54,540
FROV00001,FrozenEngine,1162,11/05/2022, 16:18:11,540
FROV00001,FrozenEngine,1162,11/05/2022, 17:13:23,540
FROV00001,FrozenEngine,1162,11/05/2022, 18:16:42,540
FROV00001,FrozenEngine,1162,11/05/2022, 19:12:08,540
FROV00001,FrozenEngine,1162,11/05/2022, 20:17:41,540
FROV00001,FrozenEngine,1162,11/05/2022, 21:13:09,540
FROV00001,FrozenEngine,1162,11/05/2022, 22:13:21,540
FROV00001,FrozenEngine,1162,11/05/2022, 23:14:55,540
FROV00001,FrozenEngine,1162,11/06/2022, 01:14:50,540
FROV00001,FrozenEngine,1162,11/06/2022, 03:22:03,540
FROV00001,FrozenEngine,1162,11/06/2022, 04:23:54,540
FROV00001,FrozenEngine,1162,11/06/2022, 05:13:17,540
FROV00001,FrozenEngine,1162,11/06/2022, 06:17:35,540
FROV00001,FrozenEngine,1162,11/06/2022, 07:13:33,540
FROV00001,FrozenEngine,1162,11/06/2022, 08:17:37,540
FROV00001,FrozenEngine,1162,11/06/2022, 09:15:02,540
FROV00001,FrozenEngine,1162,11/06/2022, 10:15:10,540
FROV00001,FrozenEngine,1162,11/06/2022, 11:11:47,540
FROV00001,FrozenEngine,1162,11/06/2022, 12:25:42,540
FROV00001,FrozenEngine,1162,11/06/2022, 13:26:14,540
FROV00001,FrozenEngine,1162,11/06/2022, 14:13:07,540
FROV00001,FrozenEngine,1162,11/06/2022, 15:15:51,540
FROV00001,FrozenEngine,1162,11/06/2022, 16:19:04,540
FROV00001,FrozenEngine,1162,11/06/2022, 17:14:12,540
FROV00001,FrozenEngine,1162,11/06/2022, 18:17:12,540
FROV00001,FrozenEngine,1162,11/06/2022, 19:11:38,540
FROV00001,FrozenEngine,1162,11/06/2022, 20:15:05,540
FROV00001,FrozenEngine,1162,11/06/2022, 21:13:20,540
FROV00001,FrozenEngine,1162,11/06/2022, 22:14:08,540
FROV00001,FrozenEngine,1162,11/06/2022, 23:14:35,540
FROV00001,FrozenEngine,1162,11/07/2022, 01:12:35,540
FROV00001,FrozenEngine,1162,11/07/2022, 03:25:31,540
FROV00001,FrozenEngine,1162,11/07/2022, 04:38:54,540
FROV00001,FrozenEngine,1162,11/07/2022, 05:23:49,540
FROV00001,FrozenEngine,1162,11/07/2022, 06:18:58,540
FROV00001,FrozenEngine,1162,11/07/2022, 07:14:29,540
FROV00001,FrozenEngine,1162,11/07/2022, 08:20:58,540
FROV00001,FrozenEngine,1162,11/07/2022, 09:14:56,540
FROV00001,FrozenEngine,1162,11/07/2022, 10:16:45,540
FROV00001,FrozenEngine,1162,11/07/2022, 11:13:05,540
FROV00001,FrozenEngine,1162,11/07/2022, 12:31:11,540
FROV00001,FrozenEngine,1162,11/07/2022, 13:41:03,540
FROV00001,FrozenEngine,1162,11/07/2022, 14:16:00,540
FROV00001,FrozenEngine,1162,11/07/2022, 15:15:24,540
FROV00001,FrozenEngine,1162,11/07/2022, 16:19:48,540
FROV00001,FrozenEngine,1162,11/07/2022, 17:23:31,540
FROV00001,FrozenEngine,1162,11/07/2022, 18:18:00,540
FROV00001,FrozenEngine,1162,11/07/2022, 19:12:12,540
FROV00001,FrozenEngine,1162,11/07/2022, 20:16:14,540
FROV00001,FrozenEngine,1162,11/07/2022, 21:14:58,540
FROV00001,FrozenEngine,1162,11/07/2022, 22:15:33,540
FROV00001,FrozenEngine,1162,11/07/2022, 23:17:29,540
FROV00001,FrozenEngine,1163,11/08/2022, 01:12:33,540
FROV00001,FrozenEngine,1163,11/08/2022, 03:23:26,540
FROV00001,FrozenEngine,1163,11/08/2022, 04:39:56,540
FROV00001,FrozenEngine,1163,11/08/2022, 05:22:48,540
FROV00001,FrozenEngine,1163,11/08/2022, 06:18:56,540
FROV00001,FrozenEngine,1163,11/08/2022, 07:13:44,540
FROV00001,FrozenEngine,1163,11/08/2022, 08:21:58,540
FROV00001,FrozenEngine,1163,11/08/2022, 09:15:20,540
FROV00001,FrozenEngine,1163,11/08/2022, 10:16:32,540
FROV00001,FrozenEngine,1163,11/08/2022, 11:12:52,540
FROV00001,FrozenEngine,1163,11/08/2022, 12:31:52,540
FROV00001,FrozenEngine,1163,11/08/2022, 13:40:01,540
FROV00001,FrozenEngine,1163,11/08/2022, 14:18:37,540
FROV00001,FrozenEngine,1163,11/08/2022, 15:15:24,540
FROV00001,FrozenEngine,1163,11/08/2022, 16:20:15,540
FROV00001,FrozenEngine,1163,11/08/2022, 17:22:34,540
FROV00001,FrozenEngine,1163,11/08/2022, 18:19:49,540
FROV00001,FrozenEngine,1163,11/08/2022, 19:19:40,540
FROV00001,FrozenEngine,1163,11/08/2022, 20:17:22,540
FROV00001,FrozenEngine,1163,11/08/2022, 21:13:57,540
FROV00001,FrozenEngine,1163,11/08/2022, 22:15:24,540
FROV00001,FrozenEngine,1163,11/08/2022, 23:16:06,540
FROV00001,FrozenEngine,1163,11/09/2022, 01:14:07,540
FROV00001,FrozenEngine,1163,11/09/2022, 03:29:40,540
FROV00001,FrozenEngine,1163,11/09/2022, 04:41:00,540
FROV00001,FrozenEngine,1163,11/09/2022, 05:26:26,540
FROV00001,FrozenEngine,1163,11/09/2022, 06:22:50,540
FROV00001,FrozenEngine,1163,11/09/2022, 07:15:22,540
FROV00001,FrozenEngine,1163,11/09/2022, 08:20:10,540
FROV00001,FrozenEngine,1163,11/09/2022, 09:14:47,540
FROV00001,FrozenEngine,1163,11/09/2022, 10:15:50,540
FROV00001,FrozenEngine,1163,11/09/2022, 11:13:42,540
FROV00001,FrozenEngine,1163,11/09/2022, 12:33:33,540
FROV00001,FrozenEngine,1163,11/09/2022, 13:42:24,540
FROV00001,FrozenEngine,1163,11/09/2022, 14:18:06,540
FROV00001,FrozenEngine,1163,11/09/2022, 15:15:41,540
FROV00001,FrozenEngine,1163,11/09/2022, 16:20:23,540
FROV00001,FrozenEngine,1163,11/09/2022, 17:19:26,540
FROV00001,FrozenEngine,1163,11/09/2022, 18:18:02,540
FROV00001,FrozenEngine,1163,11/09/2022, 19:12:00,540
FROV00001,FrozenEngine,1163,11/09/2022, 20:15:49,540
FROV00001,FrozenEngine,1163,11/09/2022, 21:15:16,540
FROV00001,FrozenEngine,1163,11/09/2022, 22:14:26,540
FROV00001,FrozenEngine,1163,11/09/2022, 23:16:28,540
FROV00001,FrozenEngine,1163,11/10/2022, 01:14:03,540
FROV00001,FrozenEngine,1163,11/10/2022, 03:24:05,540
FROV00001,FrozenEngine,1163,11/10/2022, 04:36:36,540
FROV00001,FrozenEngine,1163,11/10/2022, 05:22:51,540
FROV00001,FrozenEngine,1163,11/10/2022, 06:18:51,540
FROV00001,FrozenEngine,1163,11/10/2022, 07:13:34,540
FROV00001,FrozenEngine,1163,11/10/2022, 08:20:57,540
FROV00001,FrozenEngine,1163,11/10/2022, 09:15:46,540
FROV00001,FrozenEngine,1163,11/10/2022, 10:15:53,540
FROV00001,FrozenEngine,1163,11/10/2022, 11:13:46,540
FROV00001,FrozenEngine,1163,11/10/2022, 12:32:14,540
FROV00001,FrozenEngine,1163,11/10/2022, 13:46:05,540
FROV00001,FrozenEngine,1163,11/10/2022, 14:27:24,540
FROV00001,FrozenEngine,1163,11/10/2022, 15:14:42,540
FROV00001,FrozenEngine,1163,11/10/2022, 16:20:02,540
FROV00001,FrozenEngine,1163,11/10/2022, 17:18:29,540
FROV00001,FrozenEngine,1163,11/10/2022, 18:18:28,540
FROV00001,FrozenEngine,1163,11/10/2022, 19:12:25,540
FROV00001,FrozenEngine,1163,11/10/2022, 20:16:29,540
FROV00001,FrozenEngine,1163,11/10/2022, 21:14:48,540
FROV00001,FrozenEngine,1163,11/10/2022, 22:14:42,540
FROV00001,FrozenEngine,1163,11/10/2022, 23:15:50,540
FROV00001,FrozenEngine,1163,11/11/2022, 01:16:39,540
FROV00001,FrozenEngine,1163,11/11/2022, 03:25:26,540
FROV00001,FrozenEngine,1163,11/11/2022, 04:32:40,540
FROV00001,FrozenEngine,1163,11/11/2022, 05:19:38,540
FROV00001,FrozenEngine,1163,11/11/2022, 06:21:13,540
FROV00001,FrozenEngine,1163,11/11/2022, 07:14:51,540
FROV00001,FrozenEngine,1163,11/11/2022, 08:20:39,540
FROV00001,FrozenEngine,1163,11/11/2022, 09:14:48,540
FROV00001,FrozenEngine,1163,11/11/2022, 10:16:11,540
FROV00001,FrozenEngine,1163,11/11/2022, 11:13:28,540
FROV00001,FrozenEngine,1163,11/11/2022, 12:31:09,540
FROV00001,FrozenEngine,1163,11/11/2022, 13:39:23,540
FROV00001,FrozenEngine,1163,11/11/2022, 14:15:20,540
FROV00001,FrozenEngine,1163,11/11/2022, 15:16:16,540
FROV00001,FrozenEngine,1163,11/11/2022, 16:19:46,540
FROV00001,FrozenEngine,1163,11/11/2022, 17:17:16,540
FROV00001,FrozenEngine,1163,11/11/2022, 18:18:42,540
FROV00001,FrozenEngine,1163,11/11/2022, 19:12:14,540
FROV00001,FrozenEngine,1163,11/11/2022, 20:15:29,540
FROV00001,FrozenEngine,1163,11/11/2022, 21:13:53,540
FROV00001,FrozenEngine,1163,11/11/2022, 22:14:34,540
FROV00001,FrozenEngine,1163,11/11/2022, 23:15:23,540
FROV00001,FrozenEngine,1163,11/12/2022, 01:13:01,540
FROV00001,FrozenEngine,1163,11/12/2022, 03:20:55,540
FROV00001,FrozenEngine,1163,11/12/2022, 04:26:10,540
FROV00001,FrozenEngine,1163,11/12/2022, 05:14:28,540
FROV00001,FrozenEngine,1163,11/12/2022, 06:17:37,540
FROV00001,FrozenEngine,1163,11/12/2022, 07:14:14,540
FROV00001,FrozenEngine,1163,11/12/2022, 08:18:01,540
FROV00001,FrozenEngine,1163,11/12/2022, 09:14:33,540
FROV00001,FrozenEngine,1163,11/12/2022, 10:14:34,540
FROV00001,FrozenEngine,1163,11/12/2022, 11:12:16,540
FROV00001,FrozenEngine,1163,11/12/2022, 12:24:57,540
FROV00001,FrozenEngine,1163,11/12/2022, 13:26:13,540
FROV00001,FrozenEngine,1163,11/12/2022, 14:12:49,540
FROV00001,FrozenEngine,1163,11/12/2022, 15:15:13,540
FROV00001,FrozenEngine,1163,11/12/2022, 16:18:45,540
FROV00001,FrozenEngine,1163,11/12/2022, 17:14:43,540
FROV00001,FrozenEngine,1163,11/12/2022, 18:16:45,540
FROV00001,FrozenEngine,1163,11/12/2022, 19:11:37,540
FROV00001,FrozenEngine,1163,11/12/2022, 20:14:27,540
FROV00001,FrozenEngine,1163,11/12/2022, 21:13:04,540
FROV00001,FrozenEngine,1163,11/12/2022, 22:13:21,540
FROV00001,FrozenEngine,1163,11/12/2022, 23:14:25,540
FROV00001,FrozenEngine,1163,11/13/2022, 01:12:30,540
FROV00001,FrozenEngine,1163,11/13/2022, 03:22:54,540
FROV00001,FrozenEngine,1163,11/13/2022, 04:28:25,540
FROV00001,FrozenEngine,1163,11/13/2022, 05:15:37,540
FROV00001,FrozenEngine,1163,11/13/2022, 06:17:41,540
FROV00001,FrozenEngine,1163,11/13/2022, 07:13:24,540
FROV00001,FrozenEngine,1163,11/13/2022, 08:17:49,540
FROV00001,FrozenEngine,1163,11/13/2022, 09:14:03,540
FROV00001,FrozenEngine,1163,11/13/2022, 10:14:48,540
FROV00001,FrozenEngine,1163,11/13/2022, 11:12:39,540
FROV00001,FrozenEngine,1163,11/13/2022, 12:26:36,540
FROV00001,FrozenEngine,1163,11/13/2022, 13:26:44,540
FROV00001,FrozenEngine,1163,11/13/2022, 14:12:33,540
FROV00001,FrozenEngine,1163,11/13/2022, 15:14:32,540
FROV00001,FrozenEngine,1163,11/13/2022, 16:18:41,540
FROV00001,FrozenEngine,1163,11/13/2022, 17:14:38,540
FROV00001,FrozenEngine,1163,11/13/2022, 18:16:51,540
FROV00001,FrozenEngine,1163,11/13/2022, 19:11:48,540
FROV00001,FrozenEngine,1163,11/13/2022, 20:14:39,540
FROV00001,FrozenEngine,1163,11/13/2022, 21:13:02,540
FROV00001,FrozenEngine,1163,11/13/2022, 22:14:30,540
FROV00001,FrozenEngine,1163,11/13/2022, 23:15:47,540
FROV00001,FrozenEngine,1163,11/14/2022, 01:10:16,540
FROV00001,FrozenEngine,1163,11/14/2022, 03:23:37,540
FROV00001,FrozenEngine,1163,11/14/2022, 04:34:12,540
FROV00001,FrozenEngine,1163,11/14/2022, 05:21:53,540
FROV00001,FrozenEngine,1163,11/14/2022, 06:19:30,540
FROV00001,FrozenEngine,1163,11/14/2022, 07:13:54,540
FROV00001,FrozenEngine,1163,11/14/2022, 08:19:33,540
FROV00001,FrozenEngine,1163,11/14/2022, 09:15:14,540
FROV00001,FrozenEngine,1163,11/14/2022, 10:17:11,540
FROV00001,FrozenEngine,1163,11/14/2022, 11:13:41,540
FROV00001,FrozenEngine,1163,11/14/2022, 12:33:17,540
FROV00001,FrozenEngine,1163,11/14/2022, 13:45:12,540
FROV00001,FrozenEngine,1163,11/14/2022, 14:19:20,540
FROV00001,FrozenEngine,1163,11/14/2022, 15:16:30,540
FROV00001,FrozenEngine,1163,11/14/2022, 16:20:21,540
FROV00001,FrozenEngine,1163,11/14/2022, 17:27:22,540
FROV00001,FrozenEngine,1163,11/14/2022, 18:17:05,540
FROV00001,FrozenEngine,1163,11/14/2022, 19:11:59,540
FROV00001,FrozenEngine,1163,11/14/2022, 20:15:44,540
FROV00001,FrozenEngine,1163,11/14/2022, 21:13:58,540
FROV00001,FrozenEngine,1163,11/14/2022, 22:18:43,540
FROV00001,FrozenEngine,1163,11/14/2022, 23:14:36,540
FROV00001,FrozenEngine,1163,11/15/2022, 01:10:13,540
FROV00001,FrozenEngine,1163,11/15/2022, 03:12:22,540
FROV00001,FrozenEngine,1163,11/15/2022, 04:19:37,540
FROV00001,FrozenEngine,1163,11/15/2022, 05:12:59,540
FROV00001,FrozenEngine,1163,11/15/2022, 06:17:34,540
FROV00001,FrozenEngine,1163,11/15/2022, 07:13:23,540
FROV00001,FrozenEngine,1163,11/15/2022, 08:19:04,540
FROV00001,FrozenEngine,1163,11/15/2022, 09:14:20,540
FROV00001,FrozenEngine,1163,11/15/2022, 10:15:02,540
FROV00001,FrozenEngine,1163,11/15/2022, 11:12:05,540
FROV00001,FrozenEngine,1163,11/15/2022, 12:27:40,540
FROV00001,FrozenEngine,1163,11/15/2022, 13:32:53,540
FROV00001,FrozenEngine,1163,11/15/2022, 14:12:59,540
FROV00001,FrozenEngine,1163,11/15/2022, 15:14:50,540
FROV00001,FrozenEngine,1163,11/15/2022, 16:19:45,540
FROV00001,FrozenEngine,1163,11/15/2022, 17:15:00,540
FROV00001,FrozenEngine,1163,11/15/2022, 18:17:24,540
FROV00001,FrozenEngine,1163,11/15/2022, 19:11:23,540
FROV00001,FrozenEngine,1163,11/15/2022, 20:14:51,540
FROV00001,FrozenEngine,1163,11/15/2022, 21:12:55,540
FROV00001,FrozenEngine,1163,11/15/2022, 22:13:35,540
FROV00001,FrozenEngine,1163,11/15/2022, 23:13:57,540
FROV00001,FrozenEngine,1163,11/16/2022, 01:10:29,540
FROV00001,FrozenEngine,1163,11/16/2022, 03:14:24,540
FROV00001,FrozenEngine,1163,11/16/2022, 04:20:36,540
FROV00001,FrozenEngine,1163,11/16/2022, 05:12:58,540
FROV00001,FrozenEngine,1163,11/16/2022, 06:17:49,540
FROV00001,FrozenEngine,1163,11/16/2022, 07:13:31,540
FROV00001,FrozenEngine,1163,11/16/2022, 08:19:59,540
FROV00001,FrozenEngine,1163,11/16/2022, 09:14:05,540
FROV00001,FrozenEngine,1163,11/16/2022, 10:14:58,540
FROV00001,FrozenEngine,1163,11/16/2022, 11:12:16,540
FROV00001,FrozenEngine,1163,11/16/2022, 12:26:13,540
FROV00001,FrozenEngine,1163,11/16/2022, 13:34:45,540
FROV00001,FrozenEngine,1163,11/16/2022, 14:12:52,540
FROV00001,FrozenEngine,1163,11/16/2022, 15:14:30,540
FROV00001,FrozenEngine,1163,11/16/2022, 16:18:44,540
FROV00001,FrozenEngine,1163,11/16/2022, 17:13:32,540
FROV00001,FrozenEngine,1163,11/16/2022, 18:17:06,540
FROV00001,FrozenEngine,1163,11/16/2022, 19:11:41,540
FROV00001,FrozenEngine,1163,11/16/2022, 20:14:32,540
FROV00001,FrozenEngine,1163,11/16/2022, 21:12:27,540
FROV00001,FrozenEngine,1163,11/16/2022, 22:13:25,540
FROV00001,FrozenEngine,1163,11/16/2022, 23:13:53,540
FROV00001,FrozenEngine,1163,11/17/2022, 01:09:30,540
FROV00001,FrozenEngine,1163,11/17/2022, 03:09:53,540
FROV00001,FrozenEngine,1163,11/17/2022, 04:17:05,540
FROV00001,FrozenEngine,1163,11/17/2022, 05:14:06,540
FROV00001,FrozenEngine,1163,11/17/2022, 06:17:23,540
FROV00001,FrozenEngine,1163,11/17/2022, 07:12:57,540
FROV00001,FrozenEngine,1163,11/17/2022, 08:19:18,540
FROV00001,FrozenEngine,1163,11/17/2022, 09:13:59,540
FROV00001,FrozenEngine,1163,11/17/2022, 10:14:28,540
FROV00001,FrozenEngine,1163,11/17/2022, 11:11:50,540
FROV00001,FrozenEngine,1163,11/17/2022, 12:28:49,540
FROV00001,FrozenEngine,1163,11/17/2022, 13:31:28,540
FROV00001,FrozenEngine,1163,11/17/2022, 14:13:17,540
FROV00001,FrozenEngine,1163,11/17/2022, 15:14:40,540
FROV00001,FrozenEngine,1163,11/17/2022, 16:19:11,540
FROV00001,FrozenEngine,1163,11/17/2022, 17:15:11,540
FROV00001,FrozenEngine,1163,11/17/2022, 18:16:58,540
FROV00001,FrozenEngine,1163,11/17/2022, 19:11:50,540
FROV00001,FrozenEngine,1163,11/17/2022, 20:14:37,540
FROV00001,FrozenEngine,1163,11/17/2022, 21:12:41,540
FROV00001,FrozenEngine,1163,11/17/2022, 22:14:04,540
FROV00001,FrozenEngine,1163,11/17/2022, 23:14:46,540
FROV00001,FrozenEngine,1163,11/18/2022, 01:14:06,540
FROV00001,FrozenEngine,1163,11/18/2022, 03:12:08,540
FROV00001,FrozenEngine,1163,11/18/2022, 04:17:46,540
FROV00001,FrozenEngine,1163,11/18/2022, 05:13:27,540
FROV00001,FrozenEngine,1163,11/18/2022, 06:17:44,540
FROV00001,FrozenEngine,1163,11/18/2022, 07:13:30,540
FROV00001,FrozenEngine,1163,11/18/2022, 08:17:41,540
FROV00001,FrozenEngine,1163,11/18/2022, 09:13:48,540
FROV00001,FrozenEngine,1163,11/18/2022, 10:14:57,540
FROV00001,FrozenEngine,1163,11/18/2022, 11:11:59,540
FROV00001,FrozenEngine,1163,11/18/2022, 12:25:51,540
FROV00001,FrozenEngine,1163,11/18/2022, 13:31:49,540
FROV00001,FrozenEngine,1163,11/18/2022, 14:14:17,540
FROV00001,FrozenEngine,1163,11/18/2022, 15:14:08,540
FROV00001,FrozenEngine,1163,11/18/2022, 16:18:45,540
FROV00001,FrozenEngine,1163,11/18/2022, 17:13:56,540
FROV00001,FrozenEngine,1163,11/18/2022, 18:17:54,540
FROV00001,FrozenEngine,1163,11/18/2022, 19:11:50,540
FROV00001,FrozenEngine,1163,11/18/2022, 20:14:33,540
FROV00001,FrozenEngine,1163,11/18/2022, 21:12:36,540
FROV00001,FrozenEngine,1163,11/18/2022, 22:13:42,540
FROV00001,FrozenEngine,1163,11/18/2022, 23:13:44,540
FROV00001,FrozenEngine,1163,11/19/2022, 01:12:04,540
FROV00001,FrozenEngine,1163,11/19/2022, 03:07:17,540
FROV00001,FrozenEngine,1163,11/19/2022, 04:16:10,540
FROV00001,FrozenEngine,1163,11/19/2022, 05:12:31,540
FROV00001,FrozenEngine,1163,11/19/2022, 06:16:48,540
FROV00001,FrozenEngine,1163,11/19/2022, 07:12:14,540
FROV00001,FrozenEngine,1163,11/19/2022, 08:17:03,540
FROV00001,FrozenEngine,1163,11/19/2022, 09:13:20,540
FROV00001,FrozenEngine,1163,11/19/2022, 10:14:00,540
FROV00001,FrozenEngine,1163,11/19/2022, 11:11:06,540
FROV00001,FrozenEngine,1163,11/19/2022, 12:23:42,540
FROV00001,FrozenEngine,1163,11/19/2022, 13:23:37,540
FROV00001,FrozenEngine,1163,11/19/2022, 14:11:49,540
FROV00001,FrozenEngine,1163,11/19/2022, 15:13:21,540
FROV00001,FrozenEngine,1163,11/19/2022, 16:17:42,540
FROV00001,FrozenEngine,1163,11/19/2022, 17:12:12,540
FROV00001,FrozenEngine,1163,11/19/2022, 18:16:05,540
FROV00001,FrozenEngine,1163,11/19/2022, 19:11:02,540
FROV00001,FrozenEngine,1163,11/19/2022, 20:13:55,540
FROV00001,FrozenEngine,1163,11/19/2022, 21:12:03,540
FROV00001,FrozenEngine,1163,11/19/2022, 22:13:06,540
FROV00001,FrozenEngine,1163,11/19/2022, 23:13:33,540
FROV00001,FrozenEngine,1163,11/20/2022, 01:13:47,540
FROV00001,FrozenEngine,1163,11/20/2022, 03:15:40,540
FROV00001,FrozenEngine,1163,11/20/2022, 04:18:44,540
FROV00001,FrozenEngine,1163,11/20/2022, 05:12:37,540
FROV00001,FrozenEngine,1163,11/20/2022, 06:16:32,540
FROV00001,FrozenEngine,1164,11/20/2022, 07:12:21,540
FROV00001,FrozenEngine,1164,11/20/2022, 08:16:46,540
FROV00001,FrozenEngine,1164,11/20/2022, 09:13:10,540
FROV00001,FrozenEngine,1164,11/20/2022, 10:14:30,540
FROV00001,FrozenEngine,1164,11/20/2022, 11:10:57,540
FROV00001,FrozenEngine,1164,11/20/2022, 12:23:34,540
FROV00001,FrozenEngine,1164,11/20/2022, 13:23:53,540
FROV00001,FrozenEngine,1164,11/20/2022, 14:12:09,540
FROV00001,FrozenEngine,1164,11/20/2022, 15:13:22,540
FROV00001,FrozenEngine,1164,11/20/2022, 16:17:42,540
FROV00001,FrozenEngine,1164,11/20/2022, 17:12:09,540
FROV00001,FrozenEngine,1164,11/20/2022, 18:15:45,540
FROV00001,FrozenEngine,1164,11/20/2022, 19:10:50,540
FROV00001,FrozenEngine,1164,11/20/2022, 20:13:47,540
FROV00001,FrozenEngine,1164,11/20/2022, 21:11:48,540
FROV00001,FrozenEngine,1164,11/20/2022, 22:12:42,540
FROV00001,FrozenEngine,1164,11/20/2022, 23:14:18,540
FROV00001,FrozenEngine,1164,11/21/2022, 01:11:00,540
FROV00001,FrozenEngine,1164,11/21/2022, 03:13:22,540
FROV00001,FrozenEngine,1164,11/21/2022, 04:22:13,540
FROV00001,FrozenEngine,1164,11/21/2022, 05:13:26,540
FROV00001,FrozenEngine,1164,11/21/2022, 06:19:03,540
FROV00001,FrozenEngine,1164,11/21/2022, 07:13:30,540
FROV00001,FrozenEngine,1164,11/21/2022, 08:18:46,540
FROV00001,FrozenEngine,1164,11/21/2022, 09:14:32,540
FROV00001,FrozenEngine,1164,11/21/2022, 10:15:13,540
FROV00001,FrozenEngine,1164,11/21/2022, 11:12:05,540
FROV00001,FrozenEngine,1164,11/21/2022, 12:27:01,540
FROV00001,FrozenEngine,1164,11/21/2022, 13:37:57,540
FROV00001,FrozenEngine,1164,11/21/2022, 14:12:33,540
FROV00001,FrozenEngine,1164,11/21/2022, 15:14:51,540
FROV00001,FrozenEngine,1164,11/21/2022, 16:18:54,540
FROV00001,FrozenEngine,1164,11/21/2022, 17:15:38,540
FROV00001,FrozenEngine,1164,11/21/2022, 18:17:38,540
FROV00001,FrozenEngine,1164,11/21/2022, 19:11:26,540
FROV00001,FrozenEngine,1164,11/21/2022, 20:14:30,540
FROV00001,FrozenEngine,1164,11/21/2022, 21:14:33,540
FROV00001,FrozenEngine,1164,11/21/2022, 22:13:18,540
FROV00001,FrozenEngine,1164,11/21/2022, 23:14:32,540
FROV00001,FrozenEngine,1164,11/22/2022, 01:15:57,540
FROV00001,FrozenEngine,1165,11/22/2022, 03:08:38,540
FROV00001,FrozenEngine,1165,11/22/2022, 04:17:07,540
FROV00001,FrozenEngine,1165,11/22/2022, 05:13:27,540
FROV00001,FrozenEngine,1165,11/22/2022, 06:17:49,540
FROV00001,FrozenEngine,1165,11/22/2022, 07:13:59,540
FROV00001,FrozenEngine,1165,11/22/2022, 08:19:10,540
FROV00001,FrozenEngine,1165,11/22/2022, 09:14:18,540
FROV00001,FrozenEngine,1165,11/22/2022, 10:14:44,540
FROV00001,FrozenEngine,1165,11/22/2022, 11:11:58,540
FROV00001,FrozenEngine,1165,11/22/2022, 12:29:54,540
FROV00001,FrozenEngine,1165,11/22/2022, 13:32:13,540
FROV00001,FrozenEngine,1165,11/22/2022, 14:12:59,540
FROV00001,FrozenEngine,1165,11/22/2022, 15:14:54,540
FROV00001,FrozenEngine,1165,11/22/2022, 16:19:19,540
FROV00001,FrozenEngine,1165,11/22/2022, 17:15:16,540
FROV00001,FrozenEngine,1165,11/22/2022, 18:17:01,540
FROV00001,FrozenEngine,1165,11/22/2022, 19:11:38,540
FROV00001,FrozenEngine,1165,11/22/2022, 21:11:59,540
FROV00001,FrozenEngine,1165,11/22/2022, 22:13:30,540
FROV00001,FrozenEngine,1165,11/22/2022, 23:13:04,540
FROV00001,FrozenEngine,1165,11/23/2022, 01:03:12,540
FROV00001,FrozenEngine,1165,11/23/2022, 03:00:17,540
FROV00001,FrozenEngine,1165,11/23/2022, 03:35:51,540
FROV00001,FrozenEngine,1165,11/23/2022, 04:16:07,540
FROV00001,FrozenEngine,1165,11/23/2022, 05:12:16,540
FROV00001,FrozenEngine,1165,11/23/2022, 06:16:27,540
FROV00001,FrozenEngine,1165,11/23/2022, 07:12:23,540
FROV00001,FrozenEngine,1165,11/23/2022, 08:16:52,540
FROV00001,FrozenEngine,1165,11/23/2022, 09:13:08,540
FROV00001,FrozenEngine,1165,11/23/2022, 10:14:23,540
FROV00001,FrozenEngine,1165,11/23/2022, 11:11:20,540
FROV00001,FrozenEngine,1165,11/23/2022, 12:25:50,540
FROV00001,FrozenEngine,1165,11/23/2022, 13:27:01,540
FROV00001,FrozenEngine,1165,11/23/2022, 14:13:05,540
FROV00001,FrozenEngine,1165,11/23/2022, 15:13:35,540
FROV00001,FrozenEngine,1165,11/23/2022, 16:17:44,540
FROV00001,FrozenEngine,1165,11/23/2022, 17:11:40,540
FROV00001,FrozenEngine,1165,11/23/2022, 18:16:01,540
FROV00001,FrozenEngine,1165,11/23/2022, 19:10:55,540
FROV00001,FrozenEngine,1165,11/23/2022, 20:13:37,540
FROV00001,FrozenEngine,1165,11/23/2022, 21:11:44,540
FROV00001,FrozenEngine,1165,11/23/2022, 22:12:41,540
FROV00001,FrozenEngine,1165,11/23/2022, 23:13:06,540
FROV00001,FrozenEngine,1165,11/24/2022, 01:08:39,540
FROV00001,FrozenEngine,1165,11/24/2022, 02:50:58,540
FROV00001,FrozenEngine,1165,11/24/2022, 03:23:21,540
FROV00001,FrozenEngine,1165,11/24/2022, 04:16:07,540
FROV00001,FrozenEngine,1165,11/24/2022, 05:12:40,540
FROV00001,FrozenEngine,1165,11/24/2022, 06:16:27,540
FROV00001,FrozenEngine,1165,11/24/2022, 07:12:52,540
FROV00001,FrozenEngine,1165,11/24/2022, 08:17:10,540
FROV00001,FrozenEngine,1165,11/24/2022, 09:13:25,540
FROV00001,FrozenEngine,1165,11/24/2022, 10:13:53,540
FROV00001,FrozenEngine,1165,11/24/2022, 11:11:14,540
FROV00001,FrozenEngine,1165,11/24/2022, 12:26:16,540
FROV00001,FrozenEngine,1165,11/24/2022, 13:25:12,540
FROV00001,FrozenEngine,1165,11/24/2022, 14:12:03,540
FROV00001,FrozenEngine,1165,11/24/2022, 15:13:39,540
FROV00001,FrozenEngine,1165,11/24/2022, 16:17:26,540
FROV00001,FrozenEngine,1165,11/24/2022, 17:12:01,540
FROV00001,FrozenEngine,1165,11/24/2022, 18:16:20,540
FROV00001,FrozenEngine,1165,11/24/2022, 19:11:00,540
FROV00001,FrozenEngine,1165,11/24/2022, 20:13:26,540
FROV00001,FrozenEngine,1165,11/24/2022, 21:11:31,540
FROV00001,FrozenEngine,1165,11/24/2022, 22:12:14,540
FROV00001,FrozenEngine,1165,11/24/2022, 23:13:49,540
FROV00001,FrozenEngine,1165,11/25/2022, 01:03:41,540
FROV00001,FrozenEngine,1165,11/25/2022, 02:59:13,540
FROV00001,FrozenEngine,1165,11/25/2022, 03:37:04,540
FROV00001,FrozenEngine,1165,11/25/2022, 04:15:53,540
FROV00001,FrozenEngine,1165,11/25/2022, 05:12:33,540
FROV00001,FrozenEngine,1165,11/25/2022, 06:17:07,540
FROV00001,FrozenEngine,1165,11/25/2022, 07:12:06,540
FROV00001,FrozenEngine,1165,11/25/2022, 08:17:03,540
FROV00001,FrozenEngine,1165,11/25/2022, 09:12:52,540
FROV00001,FrozenEngine,1165,11/25/2022, 10:14:19,540
FROV00001,FrozenEngine,1165,11/25/2022, 11:11:36,540
FROV00001,FrozenEngine,1165,11/25/2022, 12:25:57,540
FROV00001,FrozenEngine,1165,11/25/2022, 13:23:09,540
FROV00001,FrozenEngine,1165,11/25/2022, 14:12:14,540
FROV00001,FrozenEngine,1165,11/25/2022, 15:13:17,540
FROV00001,FrozenEngine,1165,11/25/2022, 16:17:16,540
FROV00001,FrozenEngine,1165,11/25/2022, 17:11:39,540
FROV00001,FrozenEngine,1165,11/25/2022, 18:16:29,540
FROV00001,FrozenEngine,1166,11/25/2022, 19:10:28,540
FROV00001,FrozenEngine,1166,11/25/2022, 20:13:39,540
FROV00001,FrozenEngine,1166,11/25/2022, 21:11:51,540
FROV00001,FrozenEngine,1166,11/25/2022, 22:12:20,540
FROV00001,FrozenEngine,1166,11/25/2022, 23:12:47,540
FROV00001,FrozenEngine,1166,11/26/2022, 00:59:53,540
FROV00001,FrozenEngine,1166,11/26/2022, 02:26:51,540
FROV00001,FrozenEngine,1166,11/26/2022, 03:20:08,540
FROV00001,FrozenEngine,1166,11/26/2022, 04:15:21,540
FROV00001,FrozenEngine,1166,11/26/2022, 05:11:40,540
FROV00001,FrozenEngine,1167,11/26/2022, 06:16:09,540
FROV00001,FrozenEngine,1167,11/26/2022, 07:11:24,540
FROV00001,FrozenEngine,1167,11/26/2022, 08:16:05,540
FROV00001,FrozenEngine,1167,11/26/2022, 09:12:00,540
FROV00001,FrozenEngine,1167,11/26/2022, 10:12:57,540
FROV00001,FrozenEngine,1167,11/26/2022, 11:10:24,540
FROV00001,FrozenEngine,1167,11/26/2022, 12:22:00,540
FROV00001,FrozenEngine,1167,11/26/2022, 13:19:32,540
FROV00001,FrozenEngine,1167,11/26/2022, 14:10:56,540
FROV00001,FrozenEngine,1167,11/26/2022, 15:12:20,540
FROV00001,FrozenEngine,1167,11/26/2022, 16:16:28,540
FROV00001,FrozenEngine,1167,11/26/2022, 17:11:19,540
FROV00001,FrozenEngine,1167,11/26/2022, 18:15:01,540
FROV00001,FrozenEngine,1167,11/26/2022, 19:10:15,540
FROV00001,FrozenEngine,1167,11/26/2022, 20:13:03,540
FROV00001,FrozenEngine,1167,11/26/2022, 21:11:14,540
FROV00001,FrozenEngine,1167,11/26/2022, 22:11:56,540
FROV00001,FrozenEngine,1167,11/26/2022, 23:12:27,540
FROV00001,FrozenEngine,1167,11/27/2022, 01:07:56,540
FROV00001,FrozenEngine,1167,11/27/2022, 03:01:34,540
FROV00001,FrozenEngine,1167,11/27/2022, 04:15:15,540
FROV00001,FrozenEngine,1167,11/27/2022, 05:11:46,540
FROV00001,FrozenEngine,1167,11/27/2022, 06:16:05,540
FROV00001,FrozenEngine,1167,11/27/2022, 07:12:01,540
FROV00001,FrozenEngine,1167,11/27/2022, 08:15:27,540
FROV00001,FrozenEngine,1167,11/27/2022, 09:12:01,540
FROV00001,FrozenEngine,1167,11/27/2022, 10:12:54,540
FROV00001,FrozenEngine,1167,11/27/2022, 11:10:49,540
FROV00001,FrozenEngine,1167,11/27/2022, 12:22:07,540
FROV00001,FrozenEngine,1167,11/27/2022, 13:19:55,540
FROV00001,FrozenEngine,1167,11/27/2022, 14:11:14,540
FROV00001,FrozenEngine,1167,11/27/2022, 15:12:18,540
FROV00001,FrozenEngine,1167,11/27/2022, 16:16:30,540
FROV00001,FrozenEngine,1167,11/27/2022, 17:11:20,540
FROV00001,FrozenEngine,1167,11/27/2022, 18:15:16,540
FROV00001,FrozenEngine,1167,11/27/2022, 19:10:32,540
FROV00001,FrozenEngine,1167,11/27/2022, 20:13:03,540
FROV00001,FrozenEngine,1167,11/27/2022, 21:11:19,540
FROV00001,FrozenEngine,1167,11/27/2022, 22:12:37,540
FROV00001,FrozenEngine,1167,11/27/2022, 23:13:28,540
FROV00001,FrozenEngine,1167,11/28/2022, 01:01:28,540
FROV00001,FrozenEngine,1167,11/28/2022, 02:54:20,540
FROV00001,FrozenEngine,1167,11/28/2022, 03:26:38,540
FROV00001,FrozenEngine,1167,11/28/2022, 04:16:19,540
FROV00001,FrozenEngine,1167,11/28/2022, 05:12:52,540
FROV00001,FrozenEngine,1167,11/28/2022, 06:17:20,540
FROV00001,FrozenEngine,1167,11/28/2022, 07:12:50,540
FROV00001,FrozenEngine,1167,11/28/2022, 08:17:12,540
FROV00001,FrozenEngine,1167,11/28/2022, 09:13:33,540
FROV00001,FrozenEngine,1167,11/28/2022, 10:14:37,540
FROV00001,FrozenEngine,1167,11/28/2022, 11:11:32,540
FROV00001,FrozenEngine,1167,11/28/2022, 12:24:57,540
FROV00001,FrozenEngine,1167,11/28/2022, 13:24:15,540
FROV00001,FrozenEngine,1167,11/28/2022, 14:12:26,540
FROV00001,FrozenEngine,1167,11/28/2022, 15:12:57,540
FROV00001,FrozenEngine,1167,11/28/2022, 16:15:19,540
FROV00001,FrozenEngine,1167,11/28/2022, 17:12:26,540
FROV00001,FrozenEngine,1167,11/28/2022, 18:16:31,540
FROV00001,FrozenEngine,1167,11/28/2022, 19:10:42,540
FROV00001,FrozenEngine,1167,11/28/2022, 20:14:01,540
FROV00001,FrozenEngine,1167,11/28/2022, 21:12:08,540
FROV00001,FrozenEngine,1167,11/28/2022, 22:12:51,540
FROV00001,FrozenEngine,1167,11/28/2022, 23:13:32,540
FROV00001,FrozenEngine,1167,11/29/2022, 01:03:18,540
FROV00001,FrozenEngine,1167,11/29/2022, 02:50:42,540
FROV00001,FrozenEngine,1167,11/29/2022, 03:23:35,540
FROV00001,FrozenEngine,1167,11/29/2022, 04:16:16,540
FROV00001,FrozenEngine,1167,11/29/2022, 05:12:35,540
FROV00001,FrozenEngine,1167,11/29/2022, 06:16:58,540
FROV00001,FrozenEngine,1167,11/29/2022, 07:12:22,540
FROV00001,FrozenEngine,1167,11/29/2022, 08:17:31,540
FROV00001,FrozenEngine,1167,11/29/2022, 09:13:32,540
FROV00001,FrozenEngine,1167,11/29/2022, 10:14:08,540
FROV00001,FrozenEngine,1167,11/29/2022, 11:11:36,540
FROV00001,FrozenEngine,1167,11/29/2022, 12:25:17,540
FROV00001,FrozenEngine,1167,11/29/2022, 13:24:52,540
FROV00001,FrozenEngine,1167,11/29/2022, 14:12:11,540
FROV00001,FrozenEngine,1167,11/29/2022, 15:13:56,540
FROV00001,FrozenEngine,1167,11/29/2022, 16:18:17,540
FROV00001,FrozenEngine,1167,11/29/2022, 17:11:19,540
FROV00001,FrozenEngine,1167,11/29/2022, 18:16:05,540
FROV00001,FrozenEngine,1167,11/29/2022, 19:11:07,540
FROV00001,FrozenEngine,1167,11/29/2022, 20:13:49,540
FROV00001,FrozenEngine,1167,11/29/2022, 21:12:39,540
FROV00001,FrozenEngine,1167,11/29/2022, 22:12:10,540
FROV00001,FrozenEngine,1167,11/29/2022, 23:13:43,540
FROV00001,FrozenEngine,1167,11/30/2022, 01:04:25,540
FROV00001,FrozenEngine,1167,11/30/2022, 02:47:56,540
FROV00001,FrozenEngine,1167,11/30/2022, 03:21:06,540
FROV00001,FrozenEngine,1167,11/30/2022, 04:16:32,540
FROV00001,FrozenEngine,1167,11/30/2022, 05:12:50,540
FROV00001,FrozenEngine,1167,11/30/2022, 06:17:02,540
FROV00001,FrozenEngine,1167,11/30/2022, 07:12:27,540
FROV00001,FrozenEngine,1167,11/30/2022, 08:17:40,540
FROV00001,FrozenEngine,1167,11/30/2022, 09:13:19,540
FROV00001,FrozenEngine,1167,11/30/2022, 10:14:21,540
FROV00001,FrozenEngine,1167,11/30/2022, 11:11:57,540
FROV00001,FrozenEngine,1167,11/30/2022, 12:26:09,540
FROV00001,FrozenEngine,1167,11/30/2022, 13:27:30,540
FROV00001,FrozenEngine,1167,11/30/2022, 14:12:22,540
FROV00001,FrozenEngine,1167,11/30/2022, 15:14:14,540
FROV00001,FrozenEngine,1167,11/30/2022, 16:18:27,540
FROV00001,FrozenEngine,1167,11/30/2022, 17:12:29,540
FROV00001,FrozenEngine,1167,11/30/2022, 18:16:52,540
FROV00001,FrozenEngine,1167,11/30/2022, 19:11:10,540
FROV00001,FrozenEngine,1167,11/30/2022, 20:13:54,540
FROV00001,FrozenEngine,1167,11/30/2022, 21:12:19,540
FROV00001,FrozenEngine,1167,11/30/2022, 22:13:04,540
FROV00001,FrozenEngine,1167,11/30/2022, 23:13:52,540
FROV00001,FrozenEngine,1167,12/01/2022, 01:10:55,540
FROV00001,FrozenEngine,1167,12/01/2022, 03:07:09,540
FROV00001,FrozenEngine,1167,12/01/2022, 04:16:21,540
FROV00001,FrozenEngine,1167,12/01/2022, 05:13:07,540
FROV00001,FrozenEngine,1167,12/01/2022, 06:17:40,540
FROV00001,FrozenEngine,1167,12/01/2022, 07:12:41,540
FROV00001,FrozenEngine,1167,12/01/2022, 08:17:27,540
FROV00001,FrozenEngine,1167,12/01/2022, 09:13:30,540
FROV00001,FrozenEngine,1167,12/01/2022, 10:14:50,540
FROV00001,FrozenEngine,1167,12/01/2022, 11:11:35,540
FROV00001,FrozenEngine,1167,12/01/2022, 12:26:58,540
FROV00001,FrozenEngine,1167,12/01/2022, 13:31:20,540
FROV00001,FrozenEngine,1167,12/01/2022, 14:12:48,540
FROV00001,FrozenEngine,1167,12/01/2022, 15:14:03,540
FROV00001,FrozenEngine,1167,12/01/2022, 16:18:35,540
FROV00001,FrozenEngine,1167,12/01/2022, 17:12:20,540
FROV00001,FrozenEngine,1167,12/01/2022, 18:16:21,540
FROV00001,FrozenEngine,1167,12/01/2022, 19:11:31,540
FROV00001,FrozenEngine,1167,12/01/2022, 20:12:53,540
FROV00001,FrozenEngine,1167,12/01/2022, 21:10:49,540
FROV00001,FrozenEngine,1167,12/01/2022, 22:12:06,540
FROV00001,FrozenEngine,1167,12/01/2022, 23:13:35,540
FROV00001,FrozenEngine,1167,12/02/2022, 00:59:50,540
FROV00001,FrozenEngine,1167,12/02/2022, 02:23:47,540
FROV00001,FrozenEngine,1167,12/02/2022, 03:17:26,540
FROV00001,FrozenEngine,1167,12/02/2022, 04:14:46,540
FROV00001,FrozenEngine,1167,12/02/2022, 05:11:50,540
FROV00001,FrozenEngine,1167,12/02/2022, 06:15:57,540
FROV00001,FrozenEngine,1167,12/02/2022, 07:11:47,540
FROV00001,FrozenEngine,1167,12/02/2022, 08:15:36,540
FROV00001,FrozenEngine,1167,12/02/2022, 09:12:32,540
FROV00001,FrozenEngine,1167,12/02/2022, 10:14:03,540
FROV00001,FrozenEngine,1167,12/02/2022, 11:09:03,540
FROV00001,FrozenEngine,1167,12/02/2022, 12:22:50,540
FROV00001,FrozenEngine,1167,12/02/2022, 13:19:31,540
FROV00001,FrozenEngine,1167,12/02/2022, 14:11:22,540
FROV00001,FrozenEngine,1167,12/02/2022, 15:11:23,540
FROV00001,FrozenEngine,1167,12/02/2022, 16:16:37,540
FROV00001,FrozenEngine,1167,12/02/2022, 17:11:41,540
FROV00001,FrozenEngine,1167,12/02/2022, 18:15:22,540
FROV00001,FrozenEngine,1167,12/02/2022, 19:09:53,540
FROV00001,FrozenEngine,1167,12/02/2022, 20:13:05,540
FROV00001,FrozenEngine,1167,12/02/2022, 21:11:23,540
FROV00001,FrozenEngine,1167,12/02/2022, 22:12:15,540
FROV00001,FrozenEngine,1167,12/02/2022, 23:12:37,540
FROV00001,FrozenEngine,1167,12/03/2022, 00:57:55,540
FROV00001,FrozenEngine,1167,12/03/2022, 02:11:44,540
FROV00001,FrozenEngine,1167,12/03/2022, 03:13:19,540
FROV00001,FrozenEngine,1167,12/03/2022, 04:14:42,540
FROV00001,FrozenEngine,1167,12/03/2022, 05:11:15,540
FROV00001,FrozenEngine,1167,12/03/2022, 06:14:55,540
FROV00001,FrozenEngine,1167,12/03/2022, 07:10:46,540
FROV00001,FrozenEngine,1167,12/03/2022, 08:15:12,540
FROV00001,FrozenEngine,1167,12/03/2022, 09:11:33,540
FROV00001,FrozenEngine,1167,12/03/2022, 10:12:24,540
FROV00001,FrozenEngine,1167,12/03/2022, 11:09:38,540
FROV00001,FrozenEngine,1167,12/03/2022, 12:20:59,540
FROV00001,FrozenEngine,1167,12/03/2022, 13:16:30,540
FROV00001,FrozenEngine,1167,12/03/2022, 14:10:35,540
FROV00001,FrozenEngine,1167,12/03/2022, 15:11:52,540
FROV00001,FrozenEngine,1167,12/03/2022, 16:15:43,540
FROV00001,FrozenEngine,1167,12/03/2022, 17:10:32,540
FROV00001,FrozenEngine,1167,12/03/2022, 18:14:18,540
FROV00001,FrozenEngine,1167,12/03/2022, 19:09:30,540
FROV00001,FrozenEngine,1167,12/03/2022, 20:12:20,540
FROV00001,FrozenEngine,1167,12/03/2022, 21:10:53,540
FROV00001,FrozenEngine,1167,12/03/2022, 22:11:23,540
FROV00001,FrozenEngine,1167,12/03/2022, 23:11:58,540
FROV00001,FrozenEngine,1167,12/04/2022, 01:00:03,540
FROV00001,FrozenEngine,1167,12/04/2022, 02:21:27,540
FROV00001,FrozenEngine,1167,12/04/2022, 03:14:00,540
FROV00001,FrozenEngine,1167,12/04/2022, 04:14:50,540
FROV00001,FrozenEngine,1167,12/04/2022, 05:11:30,540
FROV00001,FrozenEngine,1167,12/04/2022, 06:14:59,540
FROV00001,FrozenEngine,1167,12/04/2022, 07:10:55,540
FROV00001,FrozenEngine,1167,12/04/2022, 08:15:04,540
FROV00001,FrozenEngine,1167,12/04/2022, 09:11:28,540
FROV00001,FrozenEngine,1167,12/04/2022, 10:13:04,540
FROV00001,FrozenEngine,1167,12/04/2022, 11:10:13,540
FROV00001,FrozenEngine,1167,12/04/2022, 12:22:19,540
FROV00001,FrozenEngine,1167,12/04/2022, 13:17:12,540
FROV00001,FrozenEngine,1168,12/04/2022, 14:10:59,540
FROV00001,FrozenEngine,1168,12/04/2022, 15:12:03,540
FROV00001,FrozenEngine,1168,12/04/2022, 16:15:49,540
FROV00001,FrozenEngine,1168,12/04/2022, 17:11:47,540
FROV00001,FrozenEngine,1168,12/04/2022, 18:14:17,540
FROV00001,FrozenEngine,1168,12/04/2022, 19:09:44,540
FROV00001,FrozenEngine,1168,12/04/2022, 20:12:34,540
FROV00001,FrozenEngine,1168,12/04/2022, 21:11:16,540
FROV00001,FrozenEngine,1168,12/04/2022, 22:11:22,540
FROV00001,FrozenEngine,1168,12/04/2022, 23:12:07,540
FROV00001,FrozenEngine,1168,12/05/2022, 00:59:05,540
FROV00001,FrozenEngine,1168,12/05/2022, 02:18:32,540
FROV00001,FrozenEngine,1168,12/05/2022, 03:13:47,540
FROV00001,FrozenEngine,1168,12/05/2022, 04:15:38,540
FROV00001,FrozenEngine,1168,12/05/2022, 05:12:46,540
FROV00001,FrozenEngine,1168,12/05/2022, 06:16:09,540
FROV00001,FrozenEngine,1168,12/05/2022, 07:12:24,540
FROV00001,FrozenEngine,1168,12/05/2022, 08:16:45,540
FROV00001,FrozenEngine,1168,12/05/2022, 09:12:56,540
FROV00001,FrozenEngine,1168,12/05/2022, 10:14:00,540
FROV00001,FrozenEngine,1168,12/05/2022, 11:10:44,540
FROV00001,FrozenEngine,1168,12/05/2022, 12:23:38,540
FROV00001,FrozenEngine,1168,12/05/2022, 13:21:09,540
FROV00001,FrozenEngine,1168,12/05/2022, 14:12:02,540
FROV00001,FrozenEngine,1168,12/05/2022, 15:18:52,540
FROV00001,FrozenEngine,1168,12/05/2022, 16:17:03,540
FROV00001,FrozenEngine,1168,12/05/2022, 17:11:35,540
FROV00001,FrozenEngine,1168,12/05/2022, 18:15:29,540
FROV00001,FrozenEngine,1168,12/05/2022, 19:10:38,540
FROV00001,FrozenEngine,1168,12/05/2022, 20:13:10,540
FROV00001,FrozenEngine,1168,12/05/2022, 21:11:37,540
FROV00001,FrozenEngine,1168,12/05/2022, 22:11:59,540
FROV00001,FrozenEngine,1168,12/05/2022, 23:12:36,540
FROV00001,FrozenEngine,1168,12/06/2022, 00:59:13,540
FROV00001,FrozenEngine,1168,12/06/2022, 02:19:22,540
FROV00001,FrozenEngine,1168,12/06/2022, 03:14:03,540
FROV00001,FrozenEngine,1168,12/06/2022, 04:14:38,540
FROV00001,FrozenEngine,1168,12/06/2022, 05:12:27,540
FROV00001,FrozenEngine,1168,12/06/2022, 06:15:57,540
FROV00001,FrozenEngine,1168,12/06/2022, 07:11:40,540
FROV00001,FrozenEngine,1168,12/06/2022, 08:16:13,540
FROV00001,FrozenEngine,1168,12/06/2022, 09:12:25,540
FROV00001,FrozenEngine,1168,12/06/2022, 10:13:23,540
FROV00001,FrozenEngine,1168,12/06/2022, 11:10:59,540
FROV00001,FrozenEngine,1168,12/06/2022, 12:24:36,540
FROV00001,FrozenEngine,1168,12/06/2022, 13:22:28,540
FROV00001,FrozenEngine,1168,12/06/2022, 14:11:44,540
FROV00001,FrozenEngine,1168,12/06/2022, 15:13:17,540
FROV00001,FrozenEngine,1168,12/06/2022, 16:17:37,540
FROV00001,FrozenEngine,1168,12/06/2022, 17:11:35,540
FROV00001,FrozenEngine,1168,12/06/2022, 18:15:32,540
FROV00001,FrozenEngine,1168,12/06/2022, 19:10:43,540
FROV00001,FrozenEngine,1168,12/06/2022, 20:12:50,540
FROV00001,FrozenEngine,1168,12/06/2022, 21:11:35,540
FROV00001,FrozenEngine,1168,12/06/2022, 22:12:16,540
FROV00001,FrozenEngine,1168,12/06/2022, 23:12:50,540
FROV00001,FrozenEngine,1168,12/07/2022, 01:01:44,540
FROV00001,FrozenEngine,1168,12/07/2022, 02:47:08,540
FROV00001,FrozenEngine,1168,12/07/2022, 03:18:27,540
FROV00001,FrozenEngine,1168,12/07/2022, 04:15:14,540
FROV00001,FrozenEngine,1168,12/07/2022, 05:11:59,540
FROV00001,FrozenEngine,1168,12/07/2022, 06:16:15,540
FROV00001,FrozenEngine,1168,12/07/2022, 07:11:43,540
FROV00001,FrozenEngine,1168,12/07/2022, 08:16:17,540
FROV00001,FrozenEngine,1168,12/07/2022, 09:12:49,540
FROV00001,FrozenEngine,1168,12/07/2022, 10:13:43,540
FROV00001,FrozenEngine,1168,12/07/2022, 11:10:39,540
FROV00001,FrozenEngine,1168,12/07/2022, 12:22:54,540
FROV00001,FrozenEngine,1168,12/07/2022, 13:20:51,540
FROV00001,FrozenEngine,1168,12/07/2022, 14:11:49,540
FROV00001,FrozenEngine,1168,12/07/2022, 15:13:00,540
FROV00001,FrozenEngine,1168,12/07/2022, 16:17:10,540
FROV00001,FrozenEngine,1168,12/07/2022, 17:11:56,540
FROV00001,FrozenEngine,1168,12/07/2022, 18:15:36,540
FROV00001,FrozenEngine,1168,12/07/2022, 19:10:15,540
FROV00001,FrozenEngine,1168,12/07/2022, 20:13:14,540
FROV00001,FrozenEngine,1168,12/07/2022, 21:12:19,540
FROV00001,FrozenEngine,1168,12/07/2022, 22:12:25,540
FROV00001,FrozenEngine,1168,12/07/2022, 23:12:45,540
FROV00001,FrozenEngine,1168,12/08/2022, 00:58:59,540
FROV00001,FrozenEngine,1168,12/08/2022, 02:21:10,540
FROV00001,FrozenEngine,1168,12/08/2022, 03:15:28,540
FROV00001,FrozenEngine,1168,12/08/2022, 04:15:19,540
FROV00001,FrozenEngine,1168,12/08/2022, 05:12:20,540
FROV00001,FrozenEngine,1168,12/08/2022, 06:16:31,540
FROV00001,FrozenEngine,1168,12/08/2022, 07:11:41,540
FROV00001,FrozenEngine,1168,12/08/2022, 08:16:16,540
FROV00001,FrozenEngine,1168,12/08/2022, 09:12:45,540
FROV00001,FrozenEngine,1168,12/08/2022, 10:14:09,540
FROV00001,FrozenEngine,1168,12/08/2022, 11:10:36,540
FROV00001,FrozenEngine,1168,12/08/2022, 12:23:10,540
FROV00001,FrozenEngine,1168,12/08/2022, 13:20:44,540
FROV00001,FrozenEngine,1168,12/08/2022, 14:11:32,540
FROV00001,FrozenEngine,1168,12/08/2022, 15:12:56,540
FROV00001,FrozenEngine,1168,12/08/2022, 16:17:13,540
FROV00001,FrozenEngine,1168,12/08/2022, 17:11:51,540
FROV00001,FrozenEngine,1168,12/08/2022, 18:15:27,540
FROV00001,FrozenEngine,1168,12/08/2022, 19:10:20,540
FROV00001,FrozenEngine,1168,12/08/2022, 20:12:00,540
FROV00001,FrozenEngine,1168,12/08/2022, 21:12:13,540
FROV00001,FrozenEngine,1168,12/08/2022, 22:12:11,540
FROV00001,FrozenEngine,1168,12/08/2022, 23:13:43,540
FROV00001,FrozenEngine,1168,12/09/2022, 01:00:36,540
FROV00001,FrozenEngine,1168,12/09/2022, 02:22:37,540
FROV00001,FrozenEngine,1168,12/09/2022, 03:15:31,540
FROV00001,FrozenEngine,1168,12/09/2022, 04:15:09,540
FROV00001,FrozenEngine,1168,12/09/2022, 05:11:53,540
FROV00001,FrozenEngine,1168,12/09/2022, 06:16:51,540
FROV00001,FrozenEngine,1168,12/09/2022, 07:11:37,540
FROV00001,FrozenEngine,1168,12/09/2022, 08:16:00,540
FROV00001,FrozenEngine,1168,12/09/2022, 09:13:03,540
FROV00001,FrozenEngine,1168,12/09/2022, 10:13:33,540
FROV00001,FrozenEngine,1168,12/09/2022, 11:10:43,540
FROV00001,FrozenEngine,1168,12/09/2022, 12:22:12,540
FROV00001,FrozenEngine,1168,12/09/2022, 13:19:56,540
FROV00001,FrozenEngine,1168,12/09/2022, 14:11:36,540
FROV00001,FrozenEngine,1168,12/09/2022, 15:12:27,540
FROV00001,FrozenEngine,1168,12/09/2022, 16:16:53,540
FROV00001,FrozenEngine,1168,12/09/2022, 17:11:56,540
FROV00001,FrozenEngine,1168,12/09/2022, 18:15:09,540
FROV00001,FrozenEngine,1168,12/09/2022, 19:10:59,540
FROV00001,FrozenEngine,1168,12/09/2022, 20:13:18,540
FROV00001,FrozenEngine,1168,12/09/2022, 21:11:40,540
FROV00001,FrozenEngine,1168,12/09/2022, 22:11:53,540
FROV00001,FrozenEngine,1168,12/09/2022, 23:13:12,540
FROV00001,FrozenEngine,1168,12/10/2022, 00:56:57,540
FROV00001,FrozenEngine,1168,12/10/2022, 02:14:18,540
FROV00001,FrozenEngine,1168,12/10/2022, 03:12:48,540
FROV00001,FrozenEngine,1168,12/10/2022, 04:14:55,540
FROV00001,FrozenEngine,1168,12/10/2022, 05:11:16,540
FROV00001,FrozenEngine,1168,12/10/2022, 06:15:26,540
FROV00001,FrozenEngine,1168,12/10/2022, 07:11:09,540
FROV00001,FrozenEngine,1168,12/10/2022, 08:15:11,540
FROV00001,FrozenEngine,1168,12/10/2022, 09:11:33,540
FROV00001,FrozenEngine,1168,12/10/2022, 10:12:31,540
FROV00001,FrozenEngine,1168,12/10/2022, 11:10:11,540
FROV00001,FrozenEngine,1168,12/10/2022, 12:21:20,540
FROV00001,FrozenEngine,1168,12/10/2022, 13:17:09,540
FROV00001,FrozenEngine,1168,12/10/2022, 14:10:53,540
FROV00001,FrozenEngine,1168,12/10/2022, 15:11:45,540
FROV00001,FrozenEngine,1168,12/10/2022, 16:15:53,540
FROV00001,FrozenEngine,1168,12/10/2022, 17:10:44,540
FROV00001,FrozenEngine,1168,12/10/2022, 18:14:30,540
FROV00001,FrozenEngine,1168,12/10/2022, 19:09:42,540
FROV00001,FrozenEngine,1168,12/10/2022, 20:12:37,540
FROV00001,FrozenEngine,1168,12/10/2022, 21:10:50,540
FROV00001,FrozenEngine,1168,12/10/2022, 22:11:19,540
FROV00001,FrozenEngine,1168,12/10/2022, 23:12:28,540
FROV00001,FrozenEngine,1168,12/11/2022, 01:05:36,540
FROV00001,FrozenEngine,1168,12/11/2022, 02:46:49,540
FROV00001,FrozenEngine,1168,12/11/2022, 03:18:32,540
FROV00001,FrozenEngine,1168,12/11/2022, 04:15:27,540
FROV00001,FrozenEngine,1168,12/11/2022, 05:11:23,540
FROV00001,FrozenEngine,1168,12/11/2022, 06:15:21,540
FROV00001,FrozenEngine,1168,12/11/2022, 07:11:05,540
FROV00001,FrozenEngine,1168,12/11/2022, 08:15:00,540
FROV00001,FrozenEngine,1168,12/11/2022, 09:11:44,540
FROV00001,FrozenEngine,1168,12/11/2022, 10:12:34,540
FROV00001,FrozenEngine,1168,12/11/2022, 11:10:08,540
FROV00001,FrozenEngine,1168,12/11/2022, 12:21:31,540
FROV00001,FrozenEngine,1168,12/11/2022, 13:17:31,540
FROV00001,FrozenEngine,1168,12/11/2022, 14:11:00,540
FROV00001,FrozenEngine,1168,12/11/2022, 15:12:00,540
FROV00001,FrozenEngine,1168,12/11/2022, 16:15:51,540
FROV00001,FrozenEngine,1168,12/11/2022, 17:10:40,540
FROV00001,FrozenEngine,1168,12/11/2022, 18:14:57,540
FROV00001,FrozenEngine,1168,12/11/2022, 19:09:59,540
FROV00001,FrozenEngine,1168,12/11/2022, 20:12:51,540
FROV00001,FrozenEngine,1168,12/11/2022, 21:10:53,540
FROV00001,FrozenEngine,1168,12/11/2022, 22:11:34,540
FROV00001,FrozenEngine,1168,12/11/2022, 23:12:11,540
FROV00001,FrozenEngine,1168,12/12/2022, 01:02:08,540
FROV00001,FrozenEngine,1168,12/12/2022, 02:45:50,540
FROV00001,FrozenEngine,1168,12/12/2022, 03:18:13,540
FROV00001,FrozenEngine,1168,12/12/2022, 04:15:26,540
FROV00001,FrozenEngine,1168,12/12/2022, 05:12:14,540
FROV00001,FrozenEngine,1168,12/12/2022, 06:16:39,540
FROV00001,FrozenEngine,1168,12/12/2022, 07:12:21,540
FROV00001,FrozenEngine,1168,12/12/2022, 08:16:49,540
FROV00001,FrozenEngine,1168,12/12/2022, 09:13:18,540
FROV00001,FrozenEngine,1168,12/12/2022, 10:14:15,540
FROV00001,FrozenEngine,1168,12/12/2022, 11:10:50,540
FROV00001,FrozenEngine,1168,12/12/2022, 12:23:41,540
FROV00001,FrozenEngine,1168,12/12/2022, 13:21:56,540
FROV00001,FrozenEngine,1168,12/12/2022, 14:12:04,540
FROV00001,FrozenEngine,1168,12/12/2022, 15:13:44,540
FROV00001,FrozenEngine,1168,12/12/2022, 16:17:23,540
FROV00001,FrozenEngine,1168,12/12/2022, 17:11:28,540
FROV00001,FrozenEngine,1168,12/12/2022, 18:15:52,540
FROV00001,FrozenEngine,1168,12/12/2022, 19:13:56,540
FROV00001,FrozenEngine,1168,12/12/2022, 20:12:33,540
FROV00001,FrozenEngine,1168,12/12/2022, 21:12:04,540
FROV00001,FrozenEngine,1168,12/12/2022, 22:12:30,540
FROV00001,FrozenEngine,1168,12/12/2022, 23:13:29,540
FROV00001,FrozenEngine,1169,12/13/2022, 01:04:31,540
FROV00001,FrozenEngine,1169,12/13/2022, 02:49:00,540
FROV00001,FrozenEngine,1169,12/13/2022, 03:20:54,540
FROV00001,FrozenEngine,1169,12/13/2022, 04:15:20,540
FROV00001,FrozenEngine,1169,12/13/2022, 05:12:03,540
FROV00001,FrozenEngine,1169,12/13/2022, 06:16:38,540
FROV00001,FrozenEngine,1169,12/13/2022, 07:11:52,540
FROV00001,FrozenEngine,1169,12/13/2022, 08:16:43,540
FROV00001,FrozenEngine,1169,12/13/2022, 09:13:13,540
FROV00001,FrozenEngine,1169,12/13/2022, 10:13:55,540
FROV00001,FrozenEngine,1169,12/13/2022, 11:11:00,540
FROV00001,FrozenEngine,1169,12/13/2022, 12:23:34,540
FROV00001,FrozenEngine,1169,12/13/2022, 13:21:04,540
FROV00001,FrozenEngine,1169,12/13/2022, 14:12:36,540
FROV00001,FrozenEngine,1169,12/13/2022, 15:16:12,540
FROV00001,FrozenEngine,1169,12/13/2022, 16:17:35,540
FROV00001,FrozenEngine,1169,12/13/2022, 17:11:11,540
FROV00001,FrozenEngine,1169,12/13/2022, 18:15:27,540
FROV00001,FrozenEngine,1169,12/13/2022, 19:10:29,540
FROV00001,FrozenEngine,1169,12/13/2022, 20:13:34,540
FROV00001,FrozenEngine,1169,12/13/2022, 21:11:46,540
FROV00001,FrozenEngine,1169,12/13/2022, 22:12:30,540
FROV00001,FrozenEngine,1169,12/13/2022, 23:13:00,540
FROV00001,FrozenEngine,1169,12/14/2022, 01:00:16,540
FROV00001,FrozenEngine,1169,12/14/2022, 02:25:48,540
FROV00001,FrozenEngine,1169,12/14/2022, 03:16:50,540
FROV00001,FrozenEngine,1169,12/14/2022, 04:15:35,540
FROV00001,FrozenEngine,1169,12/14/2022, 05:12:03,540
FROV00001,FrozenEngine,1169,12/14/2022, 06:16:14,540
FROV00001,FrozenEngine,1169,12/14/2022, 07:12:12,540
FROV00001,FrozenEngine,1169,12/14/2022, 08:16:19,540
FROV00001,FrozenEngine,1169,12/14/2022, 09:12:52,540
FROV00001,FrozenEngine,1169,12/14/2022, 10:13:44,540
FROV00001,FrozenEngine,1169,12/14/2022, 11:11:03,540
FROV00001,FrozenEngine,1169,12/14/2022, 12:24:06,540
FROV00001,FrozenEngine,1169,12/14/2022, 13:21:13,540
FROV00001,FrozenEngine,1169,12/14/2022, 14:11:46,540
FROV00001,FrozenEngine,1170,12/14/2022, 15:13:21,540
FROV00001,FrozenEngine,1170,12/14/2022, 16:17:05,540
FROV00001,FrozenEngine,1170,12/14/2022, 17:11:37,540
FROV00001,FrozenEngine,1170,12/14/2022, 18:15:38,540
FROV00001,FrozenEngine,1170,12/14/2022, 19:10:53,540
FROV00001,FrozenEngine,1170,12/14/2022, 20:13:26,540
FROV00001,FrozenEngine,1170,12/14/2022, 21:11:53,540
FROV00001,FrozenEngine,1170,12/14/2022, 22:11:34,540
FROV00001,FrozenEngine,1170,12/14/2022, 23:12:56,540
FROV00001,FrozenEngine,1170,12/15/2022, 01:01:46,540
FROV00001,FrozenEngine,1170,12/15/2022, 02:44:53,540
FROV00001,FrozenEngine,1170,12/15/2022, 03:17:09,540
FROV00001,FrozenEngine,1170,12/15/2022, 04:15:45,540
FROV00001,FrozenEngine,1170,12/15/2022, 05:12:08,540
FROV00001,FrozenEngine,1170,12/15/2022, 06:16:04,540
FROV00001,FrozenEngine,1170,12/15/2022, 07:12:02,540
FROV00001,FrozenEngine,1170,12/15/2022, 08:16:32,540
FROV00001,FrozenEngine,1170,12/15/2022, 09:13:03,540
FROV00001,FrozenEngine,1170,12/15/2022, 10:13:52,540
FROV00001,FrozenEngine,1170,12/15/2022, 11:10:38,540
FROV00001,FrozenEngine,1170,12/15/2022, 12:23:38,540
FROV00001,FrozenEngine,1170,12/15/2022, 13:21:39,540
FROV00001,FrozenEngine,1170,12/15/2022, 14:12:09,540
FROV00001,FrozenEngine,1170,12/15/2022, 15:13:21,540
FROV00001,FrozenEngine,1170,12/15/2022, 16:17:34,540
FROV00001,FrozenEngine,1170,12/15/2022, 17:11:33,540
FROV00001,FrozenEngine,1170,12/15/2022, 18:14:11,540
FROV00001,FrozenEngine,1170,12/15/2022, 19:10:04,540
FROV00001,FrozenEngine,1170,12/15/2022, 20:12:24,540
FROV00001,FrozenEngine,1170,12/15/2022, 21:10:49,540
FROV00001,FrozenEngine,1170,12/15/2022, 22:11:39,540
FROV00001,FrozenEngine,1170,12/15/2022, 23:13:11,540
FROV00001,FrozenEngine,1170,12/16/2022, 00:57:13,540
FROV00001,FrozenEngine,1171,12/16/2022, 02:08:14,540
FROV00001,FrozenEngine,1171,12/16/2022, 03:13:21,540
FROV00001,FrozenEngine,1171,12/16/2022, 04:14:35,540
FROV00001,FrozenEngine,1171,12/16/2022, 05:11:20,540
FROV00001,FrozenEngine,1171,12/16/2022, 06:15:17,540
FROV00001,FrozenEngine,1171,12/16/2022, 07:11:00,540
FROV00001,FrozenEngine,1171,12/16/2022, 08:15:04,540
FROV00001,FrozenEngine,1171,12/16/2022, 09:11:47,540
FROV00001,FrozenEngine,1171,12/16/2022, 10:12:53,540
FROV00001,FrozenEngine,1171,12/16/2022, 11:10:21,540
FROV00001,FrozenEngine,1171,12/16/2022, 12:20:49,540
FROV00001,FrozenEngine,1171,12/16/2022, 13:16:37,540
FROV00001,FrozenEngine,1171,12/16/2022, 14:10:57,540
FROV00001,FrozenEngine,1171,12/16/2022, 15:14:20,540
FROV00001,FrozenEngine,1171,12/16/2022, 16:15:55,540
FROV00001,FrozenEngine,1171,12/16/2022, 17:11:33,540
FROV00001,FrozenEngine,1171,12/16/2022, 18:14:34,540
FROV00001,FrozenEngine,1171,12/16/2022, 19:09:58,540
FROV00001,FrozenEngine,1171,12/16/2022, 20:12:37,540
FROV00001,FrozenEngine,1171,12/16/2022, 21:10:58,540
FROV00001,FrozenEngine,1171,12/16/2022, 22:11:27,540
FROV00001,FrozenEngine,1171,12/16/2022, 23:12:02,540
FROV00001,FrozenEngine,1171,12/17/2022, 00:55:50,540
FROV00001,FrozenEngine,1171,12/17/2022, 02:06:44,540
FROV00001,FrozenEngine,1171,12/17/2022, 03:12:26,540
FROV00001,FrozenEngine,1171,12/17/2022, 04:14:22,540
FROV00001,FrozenEngine,1171,12/17/2022, 05:10:29,540
FROV00001,FrozenEngine,1171,12/17/2022, 06:14:15,540
FROV00001,FrozenEngine,1171,12/17/2022, 07:10:19,540
FROV00001,FrozenEngine,1171,12/17/2022, 08:14:11,540
FROV00001,FrozenEngine,1171,12/17/2022, 09:11:13,540
FROV00001,FrozenEngine,1171,12/17/2022, 10:11:36,540
FROV00001,FrozenEngine,1171,12/17/2022, 11:09:27,540
FROV00001,FrozenEngine,1171,12/17/2022, 12:19:43,540
FROV00001,FrozenEngine,1171,12/17/2022, 13:13:56,540
FROV00001,FrozenEngine,1171,12/17/2022, 14:10:04,540
FROV00001,FrozenEngine,1171,12/17/2022, 15:11:01,540
FROV00001,FrozenEngine,1171,12/17/2022, 16:14:44,540
FROV00001,FrozenEngine,1171,12/17/2022, 17:10:04,540
FROV00001,FrozenEngine,1171,12/17/2022, 18:13:29,540
FROV00001,FrozenEngine,1171,12/17/2022, 19:09:28,540
FROV00001,FrozenEngine,1171,12/17/2022, 20:11:39,540
FROV00001,FrozenEngine,1171,12/17/2022, 21:10:11,540
FROV00001,FrozenEngine,1171,12/17/2022, 22:10:30,540
FROV00001,FrozenEngine,1171,12/17/2022, 23:11:17,540
FROV00001,FrozenEngine,1171,12/18/2022, 00:57:17,540
FROV00001,FrozenEngine,1171,12/18/2022, 02:10:07,540
FROV00001,FrozenEngine,1171,12/18/2022, 03:12:53,540
FROV00001,FrozenEngine,1172,12/18/2022, 04:14:05,540
FROV00001,FrozenEngine,1172,12/18/2022, 05:10:54,540
FROV00001,FrozenEngine,1172,12/18/2022, 06:14:18,540
FROV00001,FrozenEngine,1172,12/18/2022, 07:10:22,540
FROV00001,FrozenEngine,1172,12/18/2022, 08:14:13,540
FROV00001,FrozenEngine,1172,12/18/2022, 09:11:01,540
FROV00001,FrozenEngine,1172,12/18/2022, 10:11:44,540
FROV00001,FrozenEngine,1172,12/18/2022, 11:09:33,540
FROV00001,FrozenEngine,1172,12/18/2022, 12:20:04,540
FROV00001,FrozenEngine,1172,12/18/2022, 13:14:35,540
FROV00001,FrozenEngine,1172,12/18/2022, 14:10:05,540
FROV00001,FrozenEngine,1172,12/18/2022, 15:11:04,540
FROV00001,FrozenEngine,1172,12/18/2022, 16:14:58,540
FROV00001,FrozenEngine,1172,12/18/2022, 17:10:12,540
FROV00001,FrozenEngine,1172,12/18/2022, 18:13:24,540
FROV00001,FrozenEngine,1172,12/18/2022, 19:09:09,540
FROV00001,FrozenEngine,1172,12/18/2022, 20:11:57,540
FROV00001,FrozenEngine,1172,12/18/2022, 21:10:01,540
FROV00001,FrozenEngine,1172,12/18/2022, 22:10:38,540
FROV00001,FrozenEngine,1172,12/18/2022, 23:11:49,540
FROV00001,FrozenEngine,1172,12/19/2022, 00:55:18,540
FROV00001,FrozenEngine,1172,12/19/2022, 02:06:51,540
FROV00001,FrozenEngine,1172,12/19/2022, 03:13:18,540
FROV00001,FrozenEngine,1172,12/19/2022, 04:14:38,540
FROV00001,FrozenEngine,1172,12/19/2022, 05:12:08,540
FROV00001,FrozenEngine,1172,12/19/2022, 06:15:42,540
FROV00001,FrozenEngine,1172,12/19/2022, 07:11:40,540
FROV00001,FrozenEngine,1172,12/19/2022, 08:15:45,540
FROV00001,FrozenEngine,1172,12/19/2022, 09:12:57,540
FROV00001,FrozenEngine,1172,12/19/2022, 10:14:50,540
FROV00001,FrozenEngine,1172,12/19/2022, 11:10:33,540
FROV00001,FrozenEngine,1172,12/19/2022, 12:22:24,540
FROV00001,FrozenEngine,1172,12/19/2022, 13:18:44,540
FROV00001,FrozenEngine,1172,12/19/2022, 14:12:03,540
FROV00001,FrozenEngine,1172,12/19/2022, 15:14:58,540
FROV00001,FrozenEngine,1172,12/19/2022, 16:18:29,540
FROV00001,FrozenEngine,1172,12/19/2022, 17:10:24,540
FROV00001,FrozenEngine,1172,12/19/2022, 18:15:22,540
FROV00001,FrozenEngine,1172,12/19/2022, 19:10:04,540
FROV00001,FrozenEngine,1172,12/19/2022, 20:13:26,540
FROV00001,FrozenEngine,1172,12/19/2022, 21:11:42,540
FROV00001,FrozenEngine,1172,12/19/2022, 22:11:48,540
FROV00001,FrozenEngine,1172,12/19/2022, 23:12:21,540
FROV00001,FrozenEngine,1172,12/20/2022, 00:59:29,540
FROV00001,FrozenEngine,1172,12/20/2022, 02:15:09,540
FROV00001,FrozenEngine,1172,12/20/2022, 03:13:24,540
FROV00001,FrozenEngine,1172,12/20/2022, 04:14:36,540
FROV00001,FrozenEngine,1172,12/20/2022, 05:11:47,540
FROV00001,FrozenEngine,1172,12/20/2022, 06:16:38,540
FROV00001,FrozenEngine,1172,12/20/2022, 07:11:26,540
FROV00001,FrozenEngine,1172,12/20/2022, 08:15:37,540
FROV00001,FrozenEngine,1172,12/20/2022, 09:12:41,540
FROV00001,FrozenEngine,1172,12/20/2022, 10:13:32,540
FROV00001,FrozenEngine,1172,12/20/2022, 11:10:26,540
FROV00001,FrozenEngine,1172,12/20/2022, 12:22:26,540
FROV00001,FrozenEngine,1172,12/20/2022, 13:18:08,540
FROV00001,FrozenEngine,1172,12/20/2022, 14:12:05,540
FROV00001,FrozenEngine,1172,12/20/2022, 15:13:43,540
FROV00001,FrozenEngine,1172,12/20/2022, 16:17:21,540
FROV00001,FrozenEngine,1172,12/20/2022, 17:11:21,540
FROV00001,FrozenEngine,1172,12/20/2022, 18:14:32,540
FROV00001,FrozenEngine,1172,12/20/2022, 19:10:03,540
FROV00001,FrozenEngine,1172,12/20/2022, 20:12:52,540
FROV00001,FrozenEngine,1172,12/20/2022, 21:11:16,540
FROV00001,FrozenEngine,1172,12/20/2022, 22:11:49,540
FROV00001,FrozenEngine,1172,12/20/2022, 23:12:29,540
FROV00001,FrozenEngine,1172,12/21/2022, 00:55:23,540
FROV00001,FrozenEngine,1172,12/21/2022, 02:08:49,540
FROV00001,FrozenEngine,1172,12/21/2022, 03:13:27,540
FROV00001,FrozenEngine,1172,12/21/2022, 04:14:38,540
FROV00001,FrozenEngine,1172,12/21/2022, 05:11:33,540
FROV00001,FrozenEngine,1172,12/21/2022, 06:15:23,540
FROV00001,FrozenEngine,1172,12/21/2022, 07:11:28,540
FROV00001,FrozenEngine,1172,12/21/2022, 08:15:47,540
FROV00001,FrozenEngine,1172,12/21/2022, 09:12:01,540
FROV00001,FrozenEngine,1172,12/21/2022, 10:13:34,540
FROV00001,FrozenEngine,1172,12/21/2022, 11:10:31,540
FROV00001,FrozenEngine,1172,12/21/2022, 12:22:22,540
FROV00001,FrozenEngine,1172,12/21/2022, 13:18:25,540
FROV00001,FrozenEngine,1172,12/21/2022, 14:11:42,540
FROV00001,FrozenEngine,1172,12/21/2022, 15:13:09,540
FROV00001,FrozenEngine,1172,12/21/2022, 16:17:17,540
FROV00001,FrozenEngine,1172,12/21/2022, 17:11:08,540
FROV00001,FrozenEngine,1172,12/21/2022, 18:14:46,540
FROV00001,FrozenEngine,1172,12/21/2022, 19:10:13,540
FROV00001,FrozenEngine,1172,12/21/2022, 20:12:49,540
FROV00001,FrozenEngine,1172,12/21/2022, 21:11:27,540
FROV00001,FrozenEngine,1172,12/21/2022, 22:11:47,540
FROV00001,FrozenEngine,1172,12/21/2022, 23:12:36,540
FROV00001,FrozenEngine,1172,12/22/2022, 00:58:15,540
FROV00001,FrozenEngine,1172,12/22/2022, 02:12:35,540
FROV00001,FrozenEngine,1172,12/22/2022, 03:13:20,540
FROV00001,FrozenEngine,1172,12/22/2022, 04:14:50,540
FROV00001,FrozenEngine,1172,12/22/2022, 05:11:27,540
FROV00001,FrozenEngine,1172,12/22/2022, 06:15:24,540
FROV00001,FrozenEngine,1172,12/22/2022, 07:11:11,540
FROV00001,FrozenEngine,1172,12/22/2022, 08:15:13,540
FROV00001,FrozenEngine,1172,12/22/2022, 09:11:54,540
FROV00001,FrozenEngine,1172,12/22/2022, 10:12:57,540
FROV00001,FrozenEngine,1172,12/22/2022, 11:10:38,540
FROV00001,FrozenEngine,1172,12/22/2022, 12:22:18,540
FROV00001,FrozenEngine,1172,12/22/2022, 13:18:53,540
FROV00001,FrozenEngine,1172,12/22/2022, 14:11:40,540
FROV00001,FrozenEngine,1172,12/22/2022, 15:13:13,540
FROV00001,FrozenEngine,1172,12/22/2022, 16:16:14,540
FROV00001,FrozenEngine,1172,12/22/2022, 17:11:01,540
FROV00001,FrozenEngine,1172,12/22/2022, 18:15:04,540
FROV00001,FrozenEngine,1172,12/22/2022, 19:09:54,540
FROV00001,FrozenEngine,1172,12/22/2022, 20:12:39,540
FROV00001,FrozenEngine,1172,12/22/2022, 21:11:11,540
FROV00001,FrozenEngine,1172,12/22/2022, 22:11:46,540
FROV00001,FrozenEngine,1172,12/22/2022, 23:13:35,540
FROV00001,FrozenEngine,1172,12/23/2022, 00:56:36,540
FROV00001,FrozenEngine,1172,12/23/2022, 02:10:58,540
FROV00001,FrozenEngine,1172,12/23/2022, 03:13:20,540
FROV00001,FrozenEngine,1172,12/23/2022, 04:14:28,540
FROV00001,FrozenEngine,1172,12/23/2022, 05:11:32,540
FROV00001,FrozenEngine,1172,12/23/2022, 06:15:53,540
FROV00001,FrozenEngine,1172,12/23/2022, 07:11:20,540
FROV00001,FrozenEngine,1172,12/23/2022, 08:15:07,540
FROV00001,FrozenEngine,1172,12/23/2022, 09:11:43,540
FROV00001,FrozenEngine,1172,12/23/2022, 10:13:13,540
FROV00001,FrozenEngine,1172,12/23/2022, 11:10:24,540
FROV00001,FrozenEngine,1172,12/23/2022, 12:21:14,540
FROV00001,FrozenEngine,1172,12/23/2022, 13:17:07,540
FROV00001,FrozenEngine,1172,12/23/2022, 14:10:55,540
FROV00001,FrozenEngine,1172,12/23/2022, 15:12:08,540
FROV00001,FrozenEngine,1172,12/23/2022, 16:15:50,540
FROV00001,FrozenEngine,1172,12/23/2022, 17:11:05,540
FROV00001,FrozenEngine,1172,12/23/2022, 18:14:26,540
FROV00001,FrozenEngine,1172,12/23/2022, 19:10:17,540
FROV00001,FrozenEngine,1172,12/23/2022, 20:12:31,540
FROV00001,FrozenEngine,1172,12/23/2022, 21:10:47,540
FROV00001,FrozenEngine,1172,12/23/2022, 22:11:24,540
FROV00001,FrozenEngine,1172,12/23/2022, 23:12:07,540
FROV00001,FrozenEngine,1172,12/24/2022, 00:52:54,540
FROV00001,FrozenEngine,1172,12/24/2022, 02:03:48,540
FROV00001,FrozenEngine,1172,12/24/2022, 03:12:49,540
FROV00001,FrozenEngine,1172,12/24/2022, 04:14:39,540
FROV00001,FrozenEngine,1172,12/24/2022, 05:10:58,540
FROV00001,FrozenEngine,1172,12/24/2022, 06:14:04,540
FROV00001,FrozenEngine,1172,12/24/2022, 07:10:34,540
FROV00001,FrozenEngine,1172,12/24/2022, 08:14:25,540
FROV00001,FrozenEngine,1172,12/24/2022, 09:11:09,540
FROV00001,FrozenEngine,1172,12/24/2022, 10:12:01,540
FROV00001,FrozenEngine,1172,12/24/2022, 11:09:36,540
FROV00001,FrozenEngine,1172,12/24/2022, 12:19:58,540
FROV00001,FrozenEngine,1173,12/24/2022, 13:14:33,540
FROV00001,FrozenEngine,1173,12/24/2022, 14:10:27,540
FROV00001,FrozenEngine,1173,12/24/2022, 15:11:14,540
FROV00001,FrozenEngine,1173,12/24/2022, 16:15:11,540
FROV00001,FrozenEngine,1173,12/24/2022, 17:10:18,540
FROV00001,FrozenEngine,1173,12/24/2022, 18:13:31,540
FROV00001,FrozenEngine,1173,12/24/2022, 19:09:13,540
FROV00001,FrozenEngine,1173,12/24/2022, 20:11:44,540
FROV00001,FrozenEngine,1173,12/24/2022, 21:10:23,540
FROV00001,FrozenEngine,1173,12/24/2022, 22:10:52,540
FROV00001,FrozenEngine,1173,12/24/2022, 23:11:32,540
FROV00001,FrozenEngine,1173,12/25/2022, 01:00:12,540
FROV00001,FrozenEngine,1173,12/25/2022, 02:17:07,540
FROV00001,FrozenEngine,1173,12/25/2022, 03:12:38,540
FROV00001,FrozenEngine,1173,12/25/2022, 04:14:10,540
FROV00001,FrozenEngine,1173,12/25/2022, 05:10:59,540
FROV00001,FrozenEngine,1173,12/25/2022, 06:14:31,540
FROV00001,FrozenEngine,1173,12/25/2022, 07:10:45,540
FROV00001,FrozenEngine,1173,12/25/2022, 08:14:29,540
FROV00001,FrozenEngine,1173,12/25/2022, 09:11:14,540
FROV00001,FrozenEngine,1173,12/25/2022, 10:12:00,540
FROV00001,FrozenEngine,1173,12/25/2022, 11:09:30,540
FROV00001,FrozenEngine,1173,12/25/2022, 12:20:07,540
FROV00001,FrozenEngine,1174,12/25/2022, 13:14:50,540
FROV00001,FrozenEngine,1174,12/25/2022, 14:10:16,540
FROV00001,FrozenEngine,1175,12/25/2022, 15:11:30,540
FROV00001,FrozenEngine,1175,12/25/2022, 16:15:20,540
FROV00001,FrozenEngine,1175,12/25/2022, 17:10:12,540
FROV00001,FrozenEngine,1175,12/25/2022, 18:13:39,540
FROV00001,FrozenEngine,1175,12/25/2022, 19:09:26,540
FROV00001,FrozenEngine,1175,12/25/2022, 20:12:10,540
FROV00001,FrozenEngine,1175,12/25/2022, 21:10:17,540
FROV00001,FrozenEngine,1175,12/25/2022, 22:10:55,540
FROV00001,FrozenEngine,1175,12/25/2022, 23:11:52,540
FROV00001,FrozenEngine,1175,12/26/2022, 00:57:44,540
FROV00001,FrozenEngine,1175,12/26/2022, 02:12:52,540
FROV00001,FrozenEngine,1175,12/26/2022, 03:13:40,540
FROV00001,FrozenEngine,1175,12/26/2022, 04:14:51,540
FROV00001,FrozenEngine,1175,12/26/2022, 05:11:34,540
FROV00001,FrozenEngine,1175,12/26/2022, 06:15:39,540
FROV00001,FrozenEngine,1175,12/26/2022, 07:11:22,540
FROV00001,FrozenEngine,1175,12/26/2022, 08:15:34,540
FROV00001,FrozenEngine,1175,12/26/2022, 09:12:11,540
FROV00001,FrozenEngine,1175,12/26/2022, 10:12:53,540
FROV00001,FrozenEngine,1175,12/26/2022, 11:10:13,540
FROV00001,FrozenEngine,1175,12/26/2022, 12:21:19,540
FROV00001,FrozenEngine,1175,12/26/2022, 13:16:35,540
FROV00001,FrozenEngine,1175,12/26/2022, 14:11:02,540
FROV00001,FrozenEngine,1175,12/26/2022, 15:12:07,540
FROV00001,FrozenEngine,1175,12/26/2022, 16:15:41,540
FROV00001,FrozenEngine,1175,12/26/2022, 17:10:50,540
FROV00001,FrozenEngine,1175,12/26/2022, 18:14:27,540
FROV00001,FrozenEngine,1175,12/26/2022, 19:09:41,540
FROV00001,FrozenEngine,1175,12/26/2022, 20:12:30,540
FROV00001,FrozenEngine,1175,12/26/2022, 21:10:54,540
FROV00001,FrozenEngine,1175,12/26/2022, 22:11:13,540
FROV00001,FrozenEngine,1175,12/26/2022, 23:12:03,540
FROV00001,FrozenEngine,1175,12/27/2022, 00:57:30,540
FROV00001,FrozenEngine,1175,12/27/2022, 02:09:29,540
FROV00001,FrozenEngine,1175,12/27/2022, 03:13:17,540
FROV00001,FrozenEngine,1175,12/27/2022, 04:14:49,540
FROV00001,FrozenEngine,1175,12/27/2022, 05:11:30,540
FROV00001,FrozenEngine,1175,12/27/2022, 06:15:17,540
FROV00001,FrozenEngine,1175,12/27/2022, 07:11:26,540
FROV00001,FrozenEngine,1175,12/27/2022, 08:15:16,540
FROV00001,FrozenEngine,1175,12/27/2022, 09:11:54,540
FROV00001,FrozenEngine,1175,12/27/2022, 10:12:45,540
FROV00001,FrozenEngine,1175,12/27/2022, 11:10:07,540
FROV00001,FrozenEngine,1175,12/27/2022, 12:21:27,540
FROV00001,FrozenEngine,1175,12/27/2022, 13:16:30,540
FROV00001,FrozenEngine,1175,12/27/2022, 14:10:58,540
FROV00001,FrozenEngine,1175,12/27/2022, 15:12:16,540
FROV00001,FrozenEngine,1175,12/27/2022, 16:16:00,540
FROV00001,FrozenEngine,1175,12/27/2022, 17:10:51,540
FROV00001,FrozenEngine,1175,12/27/2022, 18:14:48,540
FROV00001,FrozenEngine,1175,12/27/2022, 19:10:06,540
FROV00001,FrozenEngine,1175,12/27/2022, 20:12:25,540
FROV00001,FrozenEngine,1175,12/27/2022, 21:10:59,540
FROV00001,FrozenEngine,1175,12/27/2022, 22:11:46,540
FROV00001,FrozenEngine,1175,12/27/2022, 23:12:40,540
FROV00001,FrozenEngine,1175,12/28/2022, 00:57:06,540
FROV00001,FrozenEngine,1175,12/28/2022, 02:10:34,540
FROV00001,FrozenEngine,1175,12/28/2022, 03:13:27,540
FROV00001,FrozenEngine,1175,12/28/2022, 04:14:26,540
FROV00001,FrozenEngine,1175,12/28/2022, 05:11:46,540
FROV00001,FrozenEngine,1175,12/28/2022, 06:15:30,540
FROV00001,FrozenEngine,1175,12/28/2022, 07:11:26,540
FROV00001,FrozenEngine,1175,12/28/2022, 08:15:12,540
FROV00001,FrozenEngine,1175,12/28/2022, 09:11:45,540
FROV00001,FrozenEngine,1175,12/28/2022, 10:13:00,540
FROV00001,FrozenEngine,1175,12/28/2022, 11:10:08,540
FROV00001,FrozenEngine,1175,12/28/2022, 12:21:26,540
FROV00001,FrozenEngine,1175,12/28/2022, 13:16:46,540
FROV00001,FrozenEngine,1175,12/28/2022, 14:10:59,540
FROV00001,FrozenEngine,1175,12/28/2022, 15:12:14,540
FROV00001,FrozenEngine,1175,12/28/2022, 16:15:36,540
FROV00001,FrozenEngine,1175,12/28/2022, 17:10:53,540
FROV00001,FrozenEngine,1175,12/28/2022, 18:14:26,540
FROV00001,FrozenEngine,1175,12/28/2022, 19:10:11,540
FROV00001,FrozenEngine,1175,12/28/2022, 20:12:42,540
FROV00001,FrozenEngine,1175,12/28/2022, 21:10:53,540
FROV00001,FrozenEngine,1176,12/28/2022, 22:11:37,540
FROV00001,FrozenEngine,1176,12/28/2022, 23:12:06,540
FROV00001,FrozenEngine,1176,12/29/2022, 00:58:45,540
FROV00001,FrozenEngine,1176,12/29/2022, 02:14:04,540
FROV00001,FrozenEngine,1176,12/29/2022, 03:13:27,540
FROV00001,FrozenEngine,1176,12/29/2022, 04:15:00,540
FROV00001,FrozenEngine,1176,12/29/2022, 05:11:29,540
FROV00001,FrozenEngine,1176,12/29/2022, 06:15:16,540
FROV00001,FrozenEngine,1176,12/29/2022, 07:11:19,540
FROV00001,FrozenEngine,1176,12/29/2022, 08:15:19,540
FROV00001,FrozenEngine,1176,12/29/2022, 09:11:37,540
FROV00001,FrozenEngine,1176,12/29/2022, 10:12:54,540
FROV00001,FrozenEngine,1176,12/29/2022, 11:10:16,540
FROV00001,FrozenEngine,1176,12/29/2022, 12:21:14,540
FROV00001,FrozenEngine,1176,12/29/2022, 13:16:40,540
FROV00001,FrozenEngine,1176,12/29/2022, 14:11:00,540
FROV00001,FrozenEngine,1176,12/29/2022, 15:12:12,540
FROV00001,FrozenEngine,1176,12/29/2022, 16:15:59,540
FROV00001,FrozenEngine,1176,12/29/2022, 17:11:03,540
FROV00001,FrozenEngine,1176,12/29/2022, 18:14:27,540
FROV00001,FrozenEngine,1176,12/29/2022, 19:09:56,540
FROV00001,FrozenEngine,1176,12/29/2022, 20:12:46,540
FROV00001,FrozenEngine,1176,12/29/2022, 21:11:09,540
FROV00001,FrozenEngine,1176,12/29/2022, 22:11:39,540
FROV00001,FrozenEngine,1176,12/29/2022, 23:13:07,540
FROV00001,FrozenEngine,1176,12/30/2022, 00:58:43,540
FROV00001,FrozenEngine,1176,12/30/2022, 02:14:03,540
FROV00001,FrozenEngine,1176,12/30/2022, 03:13:21,540
FROV00001,FrozenEngine,1176,12/30/2022, 04:14:21,540
FROV00001,FrozenEngine,1176,12/30/2022, 05:11:43,540
FROV00001,FrozenEngine,1176,12/30/2022, 06:15:39,540
FROV00001,FrozenEngine,1176,12/30/2022, 07:11:08,540
FROV00001,FrozenEngine,1176,12/30/2022, 08:14:43,540
FROV00001,FrozenEngine,1176,12/30/2022, 09:11:41,540
FROV00001,FrozenEngine,1176,12/30/2022, 10:12:34,540
FROV00001,FrozenEngine,1176,12/30/2022, 11:10:11,540
FROV00001,FrozenEngine,1176,12/30/2022, 12:20:35,540
FROV00001,FrozenEngine,1176,12/30/2022, 13:16:33,540
FROV00001,FrozenEngine,1176,12/30/2022, 14:10:49,540
FROV00001,FrozenEngine,1176,12/30/2022, 15:12:12,540
FROV00001,FrozenEngine,1176,12/30/2022, 16:15:06,540
FROV00001,FrozenEngine,1176,12/30/2022, 17:10:45,540
FROV00001,FrozenEngine,1176,12/30/2022, 18:14:21,540
FROV00001,FrozenEngine,1176,12/30/2022, 19:09:53,540
FROV00001,FrozenEngine,1176,12/30/2022, 20:12:19,540
FROV00001,FrozenEngine,1176,12/30/2022, 21:10:34,540
FROV00001,FrozenEngine,1176,12/30/2022, 22:11:09,540
FROV00001,FrozenEngine,1176,12/30/2022, 23:11:45,540
FROV00001,FrozenEngine,1177,12/31/2022, 00:57:09,540
FROV00001,FrozenEngine,1177,12/31/2022, 02:09:04,540
FROV00001,FrozenEngine,1177,12/31/2022, 03:12:55,540
FROV00001,FrozenEngine,1177,12/31/2022, 04:14:12,540
FROV00001,FrozenEngine,1177,12/31/2022, 05:10:52,540
FROV00001,FrozenEngine,1177,12/31/2022, 06:14:50,540
FROV00001,FrozenEngine,1177,12/31/2022, 07:10:35,540
FROV00001,FrozenEngine,1177,12/31/2022, 08:14:41,540
FROV00001,FrozenEngine,1177,12/31/2022, 09:11:27,540
FROV00001,FrozenEngine,1177,12/31/2022, 10:11:38,540
FROV00001,FrozenEngine,1177,12/31/2022, 11:09:34,540
FROV00001,FrozenEngine,1177,12/31/2022, 12:19:43,540
FROV00001,FrozenEngine,1177,12/31/2022, 13:14:18,540
FROV00001,FrozenEngine,1177,12/31/2022, 14:10:28,540
FROV00001,FrozenEngine,1177,12/31/2022, 15:11:20,540
FROV00001,FrozenEngine,1177,12/31/2022, 16:15:04,540
FROV00001,FrozenEngine,1177,12/31/2022, 17:09:59,540
FROV00001,FrozenEngine,1177,12/31/2022, 18:13:31,540
FROV00001,FrozenEngine,1177,12/31/2022, 19:09:14,540
FROV00001,FrozenEngine,1177,12/31/2022, 20:11:41,540
FROV00001,FrozenEngine,1177,12/31/2022, 21:10:20,540
FROV00001,FrozenEngine,1177,12/31/2022, 22:10:43,540
FROV00001,FrozenEngine,1177,12/31/2022, 23:11:21,540
FROV00001,FrozenEngine,1177,01/01/2023, 01:06:19,540
FROV00001,FrozenEngine,1177,01/01/2023, 02:48:45,540
FROV00001,FrozenEngine,1177,01/01/2023, 03:17:58,540
FROV00001,FrozenEngine,1177,01/01/2023, 04:14:09,540
FROV00001,FrozenEngine,1177,01/01/2023, 05:11:19,540
FROV00001,FrozenEngine,1177,01/01/2023, 06:14:31,540
FROV00001,FrozenEngine,1177,01/01/2023, 07:10:57,540
FROV00001,FrozenEngine,1177,01/01/2023, 08:14:48,540
FROV00001,FrozenEngine,1177,01/01/2023, 09:11:26,540
FROV00001,FrozenEngine,1177,01/01/2023, 10:12:02,540
FROV00001,FrozenEngine,1177,01/01/2023, 11:09:40,540
FROV00001,FrozenEngine,1177,01/01/2023, 12:20:53,540
FROV00001,FrozenEngine,1177,01/01/2023, 13:15:19,540
FROV00001,FrozenEngine,1177,01/01/2023, 14:10:31,540
FROV00001,FrozenEngine,1177,01/01/2023, 15:11:26,540
FROV00001,FrozenEngine,1177,01/01/2023, 16:15:07,540
FROV00001,FrozenEngine,1177,01/01/2023, 17:10:19,540
FROV00001,FrozenEngine,1177,01/01/2023, 18:13:43,540
FROV00001,FrozenEngine,1177,01/01/2023, 19:09:43,540
FROV00001,FrozenEngine,1177,01/01/2023, 20:12:10,540
FROV00001,FrozenEngine,1177,01/01/2023, 21:10:28,540
FROV00001,FrozenEngine,1177,01/01/2023, 22:11:09,540
FROV00001,FrozenEngine,1177,01/01/2023, 23:11:54,540
FROV00001,FrozenEngine,1177,01/02/2023, 00:58:04,540
FROV00001,FrozenEngine,1177,01/02/2023, 02:13:12,540
FROV00001,FrozenEngine,1178,01/02/2023, 03:13:14,540
FROV00001,FrozenEngine,1178,01/02/2023, 04:14:35,540
FROV00001,FrozenEngine,1178,01/02/2023, 05:11:38,540
FROV00001,FrozenEngine,1178,01/02/2023, 06:15:59,540
FROV00001,FrozenEngine,1178,01/02/2023, 07:11:29,540
FROV00001,FrozenEngine,1178,01/02/2023, 08:15:59,540
FROV00001,FrozenEngine,1178,01/02/2023, 09:12:21,540
FROV00001,FrozenEngine,1178,01/02/2023, 10:13:08,540
FROV00001,FrozenEngine,1178,01/02/2023, 11:10:12,540
FROV00001,FrozenEngine,1178,01/02/2023, 12:22:01,540
FROV00001,FrozenEngine,1178,01/02/2023, 13:18:37,540
FROV00001,FrozenEngine,1178,01/02/2023, 14:11:00,540
FROV00001,FrozenEngine,1178,01/02/2023, 15:12:39,540
FROV00001,FrozenEngine,1178,01/02/2023, 16:15:49,540
FROV00001,FrozenEngine,1179,01/02/2023, 17:10:55,540
FROV00001,FrozenEngine,1179,01/02/2023, 18:14:27,540
FROV00001,FrozenEngine,1179,01/02/2023, 19:09:45,540
FROV00001,FrozenEngine,1179,01/02/2023, 20:12:36,540
FROV00001,FrozenEngine,1179,01/02/2023, 21:10:24,540
FROV00001,FrozenEngine,1179,01/02/2023, 22:11:15,540
FROV00001,FrozenEngine,1179,01/02/2023, 23:11:58,540
FROV00001,FrozenEngine,1179,01/03/2023, 00:57:29,540
FROV00001,FrozenEngine,1179,01/03/2023, 02:10:57,540
FROV00001,FrozenEngine,1179,01/03/2023, 03:13:32,540
FROV00001,FrozenEngine,1179,01/03/2023, 04:14:32,540
FROV00001,FrozenEngine,1179,01/03/2023, 05:11:27,540
FROV00001,FrozenEngine,1179,01/03/2023, 06:14:15,540
FROV00001,FrozenEngine,1179,01/03/2023, 07:11:19,540
FROV00001,FrozenEngine,1179,01/03/2023, 08:15:55,540
FROV00001,FrozenEngine,1179,01/03/2023, 09:12:23,540
FROV00001,FrozenEngine,1179,01/03/2023, 10:13:01,540
FROV00001,FrozenEngine,1179,01/03/2023, 11:10:24,540
FROV00001,FrozenEngine,1179,01/03/2023, 12:23:42,540
FROV00001,FrozenEngine,1179,01/03/2023, 13:19:19,540
FROV00001,FrozenEngine,1179,01/03/2023, 14:11:27,540
FROV00001,FrozenEngine,1179,01/03/2023, 15:13:24,540
FROV00001,FrozenEngine,1179,01/03/2023, 16:16:56,540
FROV00001,FrozenEngine,1179,01/03/2023, 17:10:46,540
FROV00001,FrozenEngine,1179,01/03/2023, 18:15:01,540
FROV00001,FrozenEngine,1179,01/03/2023, 19:10:19,540
FROV00001,FrozenEngine,1179,01/03/2023, 20:13:21,540
FROV00001,FrozenEngine,1179,01/03/2023, 21:11:48,540
FROV00001,FrozenEngine,1179,01/03/2023, 22:12:01,540
FROV00001,FrozenEngine,1179,01/03/2023, 23:12:44,540
FROV00001,FrozenEngine,1179,01/04/2023, 00:59:15,540
FROV00001,FrozenEngine,1179,01/04/2023, 02:17:10,540
FROV00001,FrozenEngine,1179,01/04/2023, 03:13:19,540
FROV00001,FrozenEngine,1179,01/04/2023, 04:14:46,540
FROV00001,FrozenEngine,1179,01/04/2023, 05:11:42,540
FROV00001,FrozenEngine,1179,01/04/2023, 06:15:37,540
FROV00001,FrozenEngine,1179,01/04/2023, 07:11:17,540
FROV00001,FrozenEngine,1179,01/04/2023, 08:15:47,540
FROV00001,FrozenEngine,1179,01/04/2023, 09:12:20,540
FROV00001,FrozenEngine,1179,01/04/2023, 10:13:58,540
FROV00001,FrozenEngine,1179,01/04/2023, 11:11:01,540
FROV00001,FrozenEngine,1179,01/04/2023, 12:23:01,540
FROV00001,FrozenEngine,1179,01/04/2023, 13:19:46,540
FROV00001,FrozenEngine,1179,01/04/2023, 14:12:56,540
FROV00001,FrozenEngine,1179,01/04/2023, 15:14:54,540
FROV00001,FrozenEngine,1179,01/04/2023, 16:21:33,540
FROV00001,FrozenEngine,1179,01/04/2023, 17:13:58,540
FROV00001,FrozenEngine,1179,01/04/2023, 18:15:39,540
FROV00001,FrozenEngine,1179,01/04/2023, 19:11:48,540
FROV00001,FrozenEngine,1179,01/04/2023, 20:13:01,540
FROV00001,FrozenEngine,1179,01/04/2023, 21:11:43,540
FROV00001,FrozenEngine,1179,01/04/2023, 22:11:59,540
FROV00001,FrozenEngine,1179,01/04/2023, 23:12:28,540
FROV00001,FrozenEngine,1179,01/05/2023, 01:00:52,540
FROV00001,FrozenEngine,1179,01/05/2023, 02:19:45,540
FROV00001,FrozenEngine,1179,01/05/2023, 03:13:01,540
FROV00001,FrozenEngine,1179,01/05/2023, 04:15:00,540
FROV00001,FrozenEngine,1179,01/05/2023, 05:11:50,540
FROV00001,FrozenEngine,1179,01/05/2023, 06:14:31,540
FROV00001,FrozenEngine,1179,01/05/2023, 07:11:26,540
FROV00001,FrozenEngine,1179,01/05/2023, 08:16:25,540
FROV00001,FrozenEngine,1179,01/05/2023, 09:12:54,540
FROV00001,FrozenEngine,1179,01/05/2023, 10:13:32,540
FROV00001,FrozenEngine,1179,01/05/2023, 11:11:19,540
FROV00001,FrozenEngine,1179,01/05/2023, 12:22:56,540
FROV00001,FrozenEngine,1179,01/05/2023, 13:22:03,540
FROV00001,FrozenEngine,1179,01/05/2023, 14:12:14,540
FROV00001,FrozenEngine,1179,01/05/2023, 15:14:06,540
FROV00001,FrozenEngine,1179,01/05/2023, 16:18:37,540
FROV00001,FrozenEngine,1179,01/05/2023, 17:11:32,540
FROV00001,FrozenEngine,1179,01/05/2023, 18:15:26,540
FROV00001,FrozenEngine,1179,01/05/2023, 19:10:22,540
FROV00001,FrozenEngine,1179,01/05/2023, 20:13:19,540
FROV00001,FrozenEngine,1179,01/05/2023, 21:11:32,540
FROV00001,FrozenEngine,1179,01/05/2023, 22:12:12,540
FROV00001,FrozenEngine,1179,01/05/2023, 23:13:40,540
FROV00001,FrozenEngine,1179,01/06/2023, 01:00:44,540
FROV00001,FrozenEngine,1179,01/06/2023, 02:22:23,540
FROV00001,FrozenEngine,1179,01/06/2023, 03:13:34,540
FROV00001,FrozenEngine,1179,01/06/2023, 04:14:42,540
FROV00001,FrozenEngine,1179,01/06/2023, 05:11:40,540
FROV00001,FrozenEngine,1179,01/06/2023, 06:15:57,540
FROV00001,FrozenEngine,1179,01/06/2023, 07:11:42,540
FROV00001,FrozenEngine,1179,01/06/2023, 08:15:23,540
FROV00001,FrozenEngine,1179,01/06/2023, 09:12:15,540
FROV00001,FrozenEngine,1179,01/06/2023, 10:13:07,540
FROV00001,FrozenEngine,1179,01/06/2023, 11:11:03,540
FROV00001,FrozenEngine,1179,01/06/2023, 12:22:31,540
FROV00001,FrozenEngine,1179,01/06/2023, 13:18:57,540
FROV00001,FrozenEngine,1179,01/06/2023, 14:11:27,540
FROV00001,FrozenEngine,1179,01/06/2023, 15:13:28,540
FROV00001,FrozenEngine,1179,01/06/2023, 16:17:01,540
FROV00001,FrozenEngine,1179,01/06/2023, 17:12:08,540
FROV00001,FrozenEngine,1179,01/06/2023, 18:14:46,540
FROV00001,FrozenEngine,1179,01/06/2023, 19:10:24,540
FROV00001,FrozenEngine,1179,01/06/2023, 20:13:19,540
FROV00001,FrozenEngine,1179,01/06/2023, 21:10:55,540
FROV00001,FrozenEngine,1179,01/06/2023, 22:11:45,540
FROV00001,FrozenEngine,1179,01/06/2023, 23:12:17,540
FROV00001,FrozenEngine,1179,01/07/2023, 00:57:56,540
FROV00001,FrozenEngine,1179,01/07/2023, 02:14:15,540
FROV00001,FrozenEngine,1179,01/07/2023, 03:13:15,540
FROV00001,FrozenEngine,1179,01/07/2023, 04:14:13,540
FROV00001,FrozenEngine,1179,01/07/2023, 05:11:00,540
FROV00001,FrozenEngine,1179,01/07/2023, 06:14:21,540
FROV00001,FrozenEngine,1179,01/07/2023, 07:11:08,540
FROV00001,FrozenEngine,1179,01/07/2023, 08:14:39,540
FROV00001,FrozenEngine,1179,01/07/2023, 09:11:20,540
FROV00001,FrozenEngine,1179,01/07/2023, 10:11:48,540
FROV00001,FrozenEngine,1179,01/07/2023, 11:09:46,540
FROV00001,FrozenEngine,1179,01/07/2023, 12:20:00,540
FROV00001,FrozenEngine,1179,01/07/2023, 13:14:56,540
FROV00001,FrozenEngine,1179,01/07/2023, 14:10:24,540
FROV00001,FrozenEngine,1179,01/07/2023, 15:11:28,540
FROV00001,FrozenEngine,1179,01/07/2023, 16:15:00,540
FROV00001,FrozenEngine,1179,01/07/2023, 17:10:19,540
FROV00001,FrozenEngine,1179,01/07/2023, 18:13:51,540
FROV00001,FrozenEngine,1179,01/07/2023, 19:09:24,540
FROV00001,FrozenEngine,1179,01/07/2023, 20:12:17,540
FROV00001,FrozenEngine,1179,01/07/2023, 21:10:15,540
FROV00001,FrozenEngine,1179,01/07/2023, 22:10:56,540
FROV00001,FrozenEngine,1179,01/07/2023, 23:11:38,540
FROV00001,FrozenEngine,1179,01/08/2023, 01:03:22,540
FROV00001,FrozenEngine,1179,01/08/2023, 02:42:09,540
FROV00001,FrozenEngine,1179,01/08/2023, 03:13:16,540
FROV00001,FrozenEngine,1179,01/08/2023, 04:14:43,540
FROV00001,FrozenEngine,1179,01/08/2023, 05:11:08,540
FROV00001,FrozenEngine,1179,01/08/2023, 06:14:31,540
FROV00001,FrozenEngine,1179,01/08/2023, 07:10:40,540
FROV00001,FrozenEngine,1179,01/08/2023, 08:14:45,540
FROV00001,FrozenEngine,1179,01/08/2023, 09:11:33,540
FROV00001,FrozenEngine,1179,01/08/2023, 10:12:32,540
FROV00001,FrozenEngine,1179,01/08/2023, 11:09:44,540
FROV00001,FrozenEngine,1179,01/08/2023, 12:20:43,540
FROV00001,FrozenEngine,1179,01/08/2023, 13:15:47,540
FROV00001,FrozenEngine,1179,01/08/2023, 14:10:30,540
FROV00001,FrozenEngine,1179,01/08/2023, 15:11:59,540
FROV00001,FrozenEngine,1179,01/08/2023, 16:15:42,540
FROV00001,FrozenEngine,1179,01/08/2023, 17:10:29,540
FROV00001,FrozenEngine,1179,01/08/2023, 18:13:54,540
FROV00001,FrozenEngine,1179,01/08/2023, 19:09:48,540
FROV00001,FrozenEngine,1179,01/08/2023, 20:12:16,540
FROV00001,FrozenEngine,1179,01/08/2023, 21:10:31,540
FROV00001,FrozenEngine,1179,01/08/2023, 22:11:18,540
FROV00001,FrozenEngine,1180,01/08/2023, 23:12:06,540
FROV00001,FrozenEngine,1180,01/09/2023, 00:58:39,540
FROV00001,FrozenEngine,1180,01/09/2023, 02:16:05,540
FROV00001,FrozenEngine,1180,01/09/2023, 03:13:21,540
FROV00001,FrozenEngine,1180,01/09/2023, 04:15:05,540
FROV00001,FrozenEngine,1180,01/09/2023, 05:11:47,540
FROV00001,FrozenEngine,1180,01/09/2023, 06:15:51,540
FROV00001,FrozenEngine,1180,01/09/2023, 07:12:17,540
FROV00001,FrozenEngine,1180,01/09/2023, 08:16:32,540
FROV00001,FrozenEngine,1180,01/09/2023, 09:13:14,540
FROV00001,FrozenEngine,1180,01/09/2023, 10:14:22,540
FROV00001,FrozenEngine,1180,01/09/2023, 11:11:11,540
FROV00001,FrozenEngine,1180,01/09/2023, 12:23:52,540
FROV00001,FrozenEngine,1180,01/09/2023, 13:21:12,540
FROV00001,FrozenEngine,1180,01/09/2023, 14:14:44,540
FROV00001,FrozenEngine,1180,01/09/2023, 15:18:15,540
FROV00001,FrozenEngine,1180,01/09/2023, 16:21:49,540
FROV00001,FrozenEngine,1180,01/09/2023, 17:13:35,540
FROV00001,FrozenEngine,1180,01/09/2023, 18:15:54,540
FROV00001,FrozenEngine,1180,01/09/2023, 19:10:42,540
FROV00001,FrozenEngine,1180,01/09/2023, 20:14:12,540
FROV00001,FrozenEngine,1180,01/09/2023, 21:11:55,540
FROV00001,FrozenEngine,1180,01/09/2023, 22:12:11,540
FROV00001,FrozenEngine,1180,01/09/2023, 23:12:41,540
FROV00001,FrozenEngine,1180,01/10/2023, 01:02:02,540
FROV00001,FrozenEngine,1180,01/10/2023, 02:42:57,540
FROV00001,FrozenEngine,1180,01/10/2023, 03:14:02,540
FROV00001,FrozenEngine,1180,01/10/2023, 04:15:05,540
FROV00001,FrozenEngine,1180,01/10/2023, 05:11:56,540
FROV00001,FrozenEngine,1180,01/10/2023, 06:16:58,540
FROV00001,FrozenEngine,1180,01/10/2023, 07:11:29,540
FROV00001,FrozenEngine,1180,01/10/2023, 08:16:15,540
FROV00001,FrozenEngine,1180,01/10/2023, 09:12:39,540
FROV00001,FrozenEngine,1180,01/10/2023, 10:13:22,540
FROV00001,FrozenEngine,1180,01/10/2023, 11:11:29,540
FROV00001,FrozenEngine,1180,01/10/2023, 12:23:51,540
FROV00001,FrozenEngine,1180,01/10/2023, 13:21:10,540
FROV00001,FrozenEngine,1180,01/10/2023, 15:18:19,540
FROV00001,FrozenEngine,1180,01/10/2023, 16:18:41,540
FROV00001,FrozenEngine,1180,01/10/2023, 17:12:36,540
FROV00001,FrozenEngine,1180,01/10/2023, 18:15:13,540
FROV00001,FrozenEngine,1180,01/10/2023, 19:10:55,540
FROV00001,FrozenEngine,1180,01/10/2023, 20:13:04,540
FROV00001,FrozenEngine,1180,01/10/2023, 21:11:46,540
FROV00001,FrozenEngine,1180,01/10/2023, 22:12:34,540
FROV00001,FrozenEngine,1180,01/10/2023, 23:12:38,540
FROV00001,FrozenEngine,1180,01/11/2023, 01:00:17,540
FROV00001,FrozenEngine,1180,01/11/2023, 02:20:12,540
FROV00001,FrozenEngine,1180,01/11/2023, 03:13:00,540
FROV00001,FrozenEngine,1180,01/11/2023, 04:15:20,540
FROV00001,FrozenEngine,1180,01/11/2023, 05:11:58,540
FROV00001,FrozenEngine,1180,01/11/2023, 06:15:42,540
FROV00001,FrozenEngine,1180,01/11/2023, 07:11:56,540
FROV00001,FrozenEngine,1180,01/11/2023, 08:16:36,540
FROV00001,FrozenEngine,1180,01/11/2023, 09:14:38,540
FROV00001,FrozenEngine,1180,01/11/2023, 10:16:10,540
FROV00001,FrozenEngine,1180,01/11/2023, 11:10:57,540
FROV00001,FrozenEngine,1180,01/11/2023, 12:23:42,540
FROV00001,FrozenEngine,1180,01/11/2023, 13:23:09,540
FROV00001,FrozenEngine,1180,01/11/2023, 14:15:22,540
FROV00001,FrozenEngine,1180,01/11/2023, 15:24:30,540
FROV00001,FrozenEngine,1180,01/11/2023, 16:22:57,540
FROV00001,FrozenEngine,1180,01/11/2023, 17:17:16,540
FROV00001,FrozenEngine,1180,01/11/2023, 18:18:11,540
FROV00001,FrozenEngine,1180,01/11/2023, 19:11:10,540
FROV00001,FrozenEngine,1180,01/11/2023, 20:12:58,540
FROV00001,FrozenEngine,1180,01/11/2023, 21:12:00,540
FROV00001,FrozenEngine,1180,01/11/2023, 22:13:11,540
FROV00001,FrozenEngine,1180,01/11/2023, 23:13:34,540
FROV00001,FrozenEngine,1180,01/12/2023, 01:01:08,540
FROV00001,FrozenEngine,1182,01/12/2023, 02:19:43,540
FROV00001,FrozenEngine,1182,01/12/2023, 03:13:16,540
FROV00001,FrozenEngine,1182,01/12/2023, 04:14:58,540
FROV00001,FrozenEngine,1182,01/12/2023, 05:11:53,540
FROV00001,FrozenEngine,1182,01/12/2023, 06:15:55,540
FROV00001,FrozenEngine,1182,01/12/2023, 07:11:55,540
FROV00001,FrozenEngine,1182,01/12/2023, 08:16:50,540
FROV00001,FrozenEngine,1182,01/12/2023, 09:14:13,540
FROV00001,FrozenEngine,1182,01/12/2023, 10:14:57,540
FROV00001,FrozenEngine,1182,01/12/2023, 11:14:57,540
FROV00001,FrozenEngine,1182,01/12/2023, 12:25:38,540
FROV00001,FrozenEngine,1182,01/12/2023, 13:26:33,540
FROV00001,FrozenEngine,1182,01/12/2023, 14:15:57,540
FROV00001,FrozenEngine,1182,01/12/2023, 15:20:11,540
FROV00001,FrozenEngine,1182,01/12/2023, 16:31:20,540
FROV00001,FrozenEngine,1182,01/12/2023, 17:24:42,540
FROV00001,FrozenEngine,1182,01/12/2023, 18:16:25,540
FROV00001,FrozenEngine,1182,01/12/2023, 19:10:51,540
FROV00001,FrozenEngine,1182,01/12/2023, 20:14:12,540
FROV00001,FrozenEngine,1182,01/12/2023, 21:11:51,540
FROV00001,FrozenEngine,1182,01/12/2023, 22:12:37,540
FROV00001,FrozenEngine,1182,01/12/2023, 23:13:27,540
FROV00001,FrozenEngine,1182,01/13/2023, 01:01:05,540
FROV00001,FrozenEngine,1182,01/13/2023, 02:24:54,540
FROV00001,FrozenEngine,1182,01/13/2023, 03:14:52,540
FROV00001,FrozenEngine,1182,01/13/2023, 04:15:20,540
FROV00001,FrozenEngine,1182,01/13/2023, 05:11:51,540
FROV00001,FrozenEngine,1182,01/13/2023, 06:16:04,540
FROV00001,FrozenEngine,1182,01/13/2023, 07:11:38,540
FROV00001,FrozenEngine,1182,01/13/2023, 08:16:08,540
FROV00001,FrozenEngine,1182,01/13/2023, 09:13:56,540
FROV00001,FrozenEngine,1182,01/13/2023, 10:14:35,540
FROV00001,FrozenEngine,1182,01/13/2023, 11:10:49,540
FROV00001,FrozenEngine,1182,01/13/2023, 12:22:49,540
FROV00001,FrozenEngine,1182,01/13/2023, 13:20:18,540
FROV00001,FrozenEngine,1182,01/13/2023, 14:12:36,540
FROV00001,FrozenEngine,1182,01/13/2023, 15:13:42,540
FROV00001,FrozenEngine,1182,01/13/2023, 16:19:39,540
FROV00001,FrozenEngine,1182,01/13/2023, 17:11:31,540
FROV00001,FrozenEngine,1182,01/13/2023, 18:14:54,540
FROV00001,FrozenEngine,1182,01/13/2023, 19:10:04,540
FROV00001,FrozenEngine,1182,01/13/2023, 20:13:13,540
FROV00001,FrozenEngine,1182,01/13/2023, 21:11:05,540
FROV00001,FrozenEngine,1182,01/13/2023, 22:11:01,540
FROV00001,FrozenEngine,1182,01/13/2023, 23:12:15,540
FROV00001,FrozenEngine,1182,01/14/2023, 00:56:58,540
FROV00001,FrozenEngine,1182,01/14/2023, 02:09:07,540
FROV00001,FrozenEngine,1182,01/14/2023, 03:13:09,540
FROV00001,FrozenEngine,1182,01/14/2023, 04:14:08,540
FROV00001,FrozenEngine,1182,01/14/2023, 05:10:56,540
FROV00001,FrozenEngine,1182,01/14/2023, 06:14:12,540
FROV00001,FrozenEngine,1182,01/14/2023, 07:10:46,540
FROV00001,FrozenEngine,1182,01/14/2023, 08:14:52,540
FROV00001,FrozenEngine,1182,01/14/2023, 09:11:21,540
FROV00001,FrozenEngine,1182,01/14/2023, 10:12:24,540
FROV00001,FrozenEngine,1182,01/14/2023, 11:09:32,540
FROV00001,FrozenEngine,1182,01/14/2023, 12:20:17,540
FROV00001,FrozenEngine,1182,01/14/2023, 13:14:47,540
FROV00001,FrozenEngine,1182,01/14/2023, 14:10:42,540
FROV00001,FrozenEngine,1182,01/14/2023, 15:11:28,540
FROV00001,FrozenEngine,1182,01/14/2023, 16:14:57,540
FROV00001,FrozenEngine,1182,01/14/2023, 17:10:32,540
FROV00001,FrozenEngine,1182,01/14/2023, 18:13:48,540
FROV00001,FrozenEngine,1182,01/14/2023, 19:09:25,540
FROV00001,FrozenEngine,1182,01/14/2023, 20:11:37,540
FROV00001,FrozenEngine,1182,01/14/2023, 21:10:17,540
FROV00001,FrozenEngine,1182,01/14/2023, 22:11:01,540
FROV00001,FrozenEngine,1182,01/14/2023, 23:11:42,540
FROV00001,FrozenEngine,1182,01/15/2023, 01:02:55,540
FROV00001,FrozenEngine,1182,01/15/2023, 02:41:02,540
FROV00001,FrozenEngine,1182,01/15/2023, 03:13:13,540
FROV00001,FrozenEngine,1182,01/15/2023, 04:14:17,540
FROV00001,FrozenEngine,1182,01/15/2023, 05:11:09,540
FROV00001,FrozenEngine,1182,01/15/2023, 06:14:37,540
FROV00001,FrozenEngine,1182,01/15/2023, 07:10:40,540
FROV00001,FrozenEngine,1182,01/15/2023, 08:14:49,540
FROV00001,FrozenEngine,1182,01/15/2023, 09:11:21,540
FROV00001,FrozenEngine,1182,01/15/2023, 10:12:08,540
FROV00001,FrozenEngine,1182,01/15/2023, 11:09:57,540
FROV00001,FrozenEngine,1182,01/15/2023, 12:20:10,540
FROV00001,FrozenEngine,1182,01/15/2023, 13:15:18,540
FROV00001,FrozenEngine,1182,01/15/2023, 14:10:46,540
FROV00001,FrozenEngine,1182,01/15/2023, 15:11:41,540
FROV00001,FrozenEngine,1182,01/15/2023, 16:14:59,540
FROV00001,FrozenEngine,1182,01/15/2023, 17:10:34,540
FROV00001,FrozenEngine,1182,01/15/2023, 18:13:54,540
FROV00001,FrozenEngine,1182,01/15/2023, 19:09:46,540
FROV00001,FrozenEngine,1182,01/15/2023, 20:12:08,540
FROV00001,FrozenEngine,1182,01/15/2023, 21:10:33,540
FROV00001,FrozenEngine,1182,01/15/2023, 22:11:12,540
FROV00001,FrozenEngine,1182,01/15/2023, 23:12:26,540
FROV00001,FrozenEngine,1182,01/16/2023, 00:59:12,540
FROV00001,FrozenEngine,1182,01/16/2023, 02:18:41,540
FROV00001,FrozenEngine,1182,01/16/2023, 03:13:04,540
FROV00001,FrozenEngine,1182,01/16/2023, 04:15:16,540
FROV00001,FrozenEngine,1182,01/16/2023, 05:11:47,540
FROV00001,FrozenEngine,1183,01/16/2023, 06:16:21,540
FROV00001,FrozenEngine,1183,01/16/2023, 07:12:03,540
FROV00001,FrozenEngine,1183,01/16/2023, 08:16:28,540
FROV00001,FrozenEngine,1183,01/16/2023, 09:12:54,540
FROV00001,FrozenEngine,1183,01/16/2023, 10:13:45,540
FROV00001,FrozenEngine,1183,01/16/2023, 11:10:49,540
FROV00001,FrozenEngine,1183,01/16/2023, 12:23:03,540
FROV00001,FrozenEngine,1183,01/16/2023, 13:21:19,540
FROV00001,FrozenEngine,1183,01/16/2023, 14:12:07,540
FROV00001,FrozenEngine,1183,01/16/2023, 15:13:07,540
FROV00001,FrozenEngine,1183,01/16/2023, 16:16:19,540
FROV00001,FrozenEngine,1183,01/16/2023, 17:11:26,540
FROV00001,FrozenEngine,1183,01/16/2023, 18:14:35,540
FROV00001,FrozenEngine,1183,01/16/2023, 19:10:04,540
FROV00001,FrozenEngine,1183,01/16/2023, 20:12:31,540
FROV00001,FrozenEngine,1183,01/16/2023, 21:10:59,540
FROV00001,FrozenEngine,1183,01/16/2023, 22:11:41,540
FROV00001,FrozenEngine,1183,01/16/2023, 23:12:13,540
FROV00001,FrozenEngine,1184,01/17/2023, 00:59:34,540
FROV00001,FrozenEngine,1184,01/17/2023, 02:17:53,540
FROV00001,FrozenEngine,1184,01/17/2023, 03:13:08,540
FROV00001,FrozenEngine,1184,01/17/2023, 04:14:51,540
FROV00001,FrozenEngine,1184,01/17/2023, 05:11:27,540
FROV00001,FrozenEngine,1184,01/17/2023, 06:15:29,540
FROV00001,FrozenEngine,1184,01/17/2023, 07:11:38,540
FROV00001,FrozenEngine,1184,01/17/2023, 08:16:18,540
FROV00001,FrozenEngine,1184,01/17/2023, 09:12:18,540
FROV00001,FrozenEngine,1184,01/17/2023, 10:13:30,540
FROV00001,FrozenEngine,1184,01/17/2023, 11:10:44,540
FROV00001,FrozenEngine,1184,01/17/2023, 12:25:56,540
FROV00001,FrozenEngine,1184,01/17/2023, 13:19:42,540
FROV00001,FrozenEngine,1184,01/17/2023, 14:11:23,540
FROV00001,FrozenEngine,1184,01/17/2023, 15:12:46,540
FROV00001,FrozenEngine,1184,01/17/2023, 16:16:08,540
FROV00001,FrozenEngine,1184,01/17/2023, 17:11:20,540
FROV00001,FrozenEngine,1184,01/17/2023, 18:15:04,540
FROV00001,FrozenEngine,1184,01/17/2023, 19:10:09,540
FROV00001,FrozenEngine,1184,01/17/2023, 20:12:11,540
FROV00001,FrozenEngine,1184,01/17/2023, 21:11:19,540
FROV00001,FrozenEngine,1184,01/17/2023, 22:12:15,540
FROV00001,FrozenEngine,1184,01/17/2023, 23:12:20,540
FROV00001,FrozenEngine,1184,01/18/2023, 01:02:12,540
FROV00001,FrozenEngine,1184,01/18/2023, 02:41:52,540
FROV00001,FrozenEngine,1184,01/18/2023, 03:14:15,540
FROV00001,FrozenEngine,1184,01/18/2023, 04:14:57,540
FROV00001,FrozenEngine,1184,01/18/2023, 05:12:01,540
FROV00001,FrozenEngine,1184,01/18/2023, 06:16:15,540
FROV00001,FrozenEngine,1184,01/18/2023, 07:11:51,540
FROV00001,FrozenEngine,1184,01/18/2023, 08:16:01,540
FROV00001,FrozenEngine,1184,01/18/2023, 09:12:41,540
FROV00001,FrozenEngine,1184,01/18/2023, 10:13:45,540
FROV00001,FrozenEngine,1184,01/18/2023, 11:10:56,540
FROV00001,FrozenEngine,1184,01/18/2023, 12:22:52,540
FROV00001,FrozenEngine,1184,01/18/2023, 13:19:20,540
FROV00001,FrozenEngine,1184,01/18/2023, 14:11:34,540
FROV00001,FrozenEngine,1184,01/18/2023, 15:12:58,540
FROV00001,FrozenEngine,1184,01/18/2023, 16:16:29,540
FROV00001,FrozenEngine,1184,01/18/2023, 17:11:09,540
FROV00001,FrozenEngine,1184,01/18/2023, 18:14:48,540
FROV00001,FrozenEngine,1184,01/18/2023, 19:10:10,540
FROV00001,FrozenEngine,1184,01/18/2023, 20:12:32,540
FROV00001,FrozenEngine,1184,01/18/2023, 21:13:06,540
FROV00001,FrozenEngine,1184,01/18/2023, 22:12:12,540
FROV00001,FrozenEngine,1184,01/18/2023, 23:12:49,540
FROV00001,FrozenEngine,1184,01/19/2023, 01:01:22,540
FROV00001,FrozenEngine,1184,01/19/2023, 02:24:55,540
FROV00001,FrozenEngine,1184,01/19/2023, 03:15:04,540
FROV00001,FrozenEngine,1184,01/19/2023, 04:15:33,540
FROV00001,FrozenEngine,1184,01/19/2023, 05:12:09,540
FROV00001,FrozenEngine,1184,01/19/2023, 06:15:43,540
FROV00001,FrozenEngine,1184,01/19/2023, 07:11:41,540
FROV00001,FrozenEngine,1184,01/19/2023, 08:16:03,540
FROV00001,FrozenEngine,1184,01/19/2023, 09:13:15,540
FROV00001,FrozenEngine,1184,01/19/2023, 10:13:52,540
FROV00001,FrozenEngine,1184,01/19/2023, 11:11:04,540
FROV00001,FrozenEngine,1184,01/19/2023, 12:23:41,540
FROV00001,FrozenEngine,1184,01/19/2023, 13:21:26,540
FROV00001,FrozenEngine,1184,01/19/2023, 14:12:25,540
FROV00001,FrozenEngine,1184,01/19/2023, 15:13:55,540
FROV00001,FrozenEngine,1184,01/19/2023, 16:16:58,540
FROV00001,FrozenEngine,1184,01/19/2023, 17:12:22,540
FROV00001,FrozenEngine,1184,01/19/2023, 18:15:34,540
FROV00001,FrozenEngine,1184,01/19/2023, 19:10:28,540
FROV00001,FrozenEngine,1184,01/19/2023, 20:13:10,540
FROV00001,FrozenEngine,1184,01/19/2023, 21:11:05,540
FROV00001,FrozenEngine,1184,01/19/2023, 22:12:13,540
FROV00001,FrozenEngine,1184,01/19/2023, 23:13:11,540
FROV00001,FrozenEngine,1184,01/20/2023, 01:01:16,540
FROV00001,FrozenEngine,1184,01/20/2023, 02:24:51,540
FROV00001,FrozenEngine,1184,01/20/2023, 03:15:40,540
FROV00001,FrozenEngine,1184,01/20/2023, 04:15:03,540
FROV00001,FrozenEngine,1184,01/20/2023, 05:12:04,540
FROV00001,FrozenEngine,1184,01/20/2023, 06:16:03,540
FROV00001,FrozenEngine,1184,01/20/2023, 07:11:43,540
FROV00001,FrozenEngine,1184,01/20/2023, 08:15:50,540
FROV00001,FrozenEngine,1184,01/20/2023, 09:12:45,540
FROV00001,FrozenEngine,1184,01/20/2023, 10:13:40,540
FROV00001,FrozenEngine,1184,01/20/2023, 11:10:52,540
FROV00001,FrozenEngine,1184,01/20/2023, 12:23:40,540
FROV00001,FrozenEngine,1185,01/20/2023, 13:20:20,540
FROV00001,FrozenEngine,1185,01/20/2023, 14:12:05,540
FROV00001,FrozenEngine,1185,01/20/2023, 15:13:15,540
FROV00001,FrozenEngine,1185,01/20/2023, 16:16:46,540
FROV00001,FrozenEngine,1185,01/20/2023, 17:11:56,540
FROV00001,FrozenEngine,1185,01/20/2023, 18:15:05,540
FROV00001,FrozenEngine,1185,01/20/2023, 19:10:12,540
FROV00001,FrozenEngine,1185,01/20/2023, 20:13:10,540
FROV00001,FrozenEngine,1185,01/20/2023, 21:11:04,540
FROV00001,FrozenEngine,1185,01/20/2023, 22:11:49,540
FROV00001,FrozenEngine,1185,01/20/2023, 23:12:00,540
FROV00001,FrozenEngine,1186,01/21/2023, 01:00:07,540
FROV00001,FrozenEngine,1186,01/21/2023, 02:17:11,540
FROV00001,FrozenEngine,1186,01/21/2023, 03:13:16,540
FROV00001,FrozenEngine,1186,01/21/2023, 04:14:21,540
FROV00001,FrozenEngine,1186,01/21/2023, 05:11:07,540
FROV00001,FrozenEngine,1186,01/21/2023, 06:14:25,540
FROV00001,FrozenEngine,1186,01/21/2023, 07:10:40,540
FROV00001,FrozenEngine,1186,01/21/2023, 08:14:39,540
FROV00001,FrozenEngine,1186,01/21/2023, 09:11:25,540
FROV00001,FrozenEngine,1186,01/21/2023, 10:11:49,540
FROV00001,FrozenEngine,1186,01/21/2023, 11:10:00,540
FROV00001,FrozenEngine,1186,01/21/2023, 12:20:17,540
FROV00001,FrozenEngine,1187,01/21/2023, 13:15:15,540
FROV00001,FrozenEngine,1187,01/21/2023, 14:10:25,540
FROV00001,FrozenEngine,1187,01/21/2023, 15:11:35,540
FROV00001,FrozenEngine,1187,01/21/2023, 16:15:02,540
FROV00001,FrozenEngine,1187,01/21/2023, 17:10:22,540
FROV00001,FrozenEngine,1187,01/21/2023, 18:13:42,540
FROV00001,FrozenEngine,1187,01/21/2023, 19:09:22,540
FROV00001,FrozenEngine,1187,01/21/2023, 20:12:04,540
FROV00001,FrozenEngine,1187,01/21/2023, 21:10:28,540
FROV00001,FrozenEngine,1187,01/21/2023, 22:10:53,540
FROV00001,FrozenEngine,1187,01/21/2023, 23:11:46,540
FROV00001,FrozenEngine,1187,01/22/2023, 01:02:56,540
FROV00001,FrozenEngine,1187,01/22/2023, 02:42:05,540
FROV00001,FrozenEngine,1187,01/22/2023, 03:13:21,540
FROV00001,FrozenEngine,1187,01/22/2023, 04:14:33,540
FROV00001,FrozenEngine,1187,01/22/2023, 05:11:19,540
FROV00001,FrozenEngine,1187,01/22/2023, 06:14:28,540
FROV00001,FrozenEngine,1187,01/22/2023, 07:10:45,540
FROV00001,FrozenEngine,1187,01/22/2023, 08:14:50,540
FROV00001,FrozenEngine,1187,01/22/2023, 09:11:12,540
FROV00001,FrozenEngine,1187,01/22/2023, 10:11:56,540
FROV00001,FrozenEngine,1187,01/22/2023, 11:10:17,540
FROV00001,FrozenEngine,1187,01/22/2023, 12:20:38,540
FROV00001,FrozenEngine,1187,01/22/2023, 13:15:46,540
FROV00001,FrozenEngine,1187,01/22/2023, 14:10:20,540
FROV00001,FrozenEngine,1187,01/22/2023, 15:11:27,540
FROV00001,FrozenEngine,1187,01/22/2023, 16:14:51,540
FROV00001,FrozenEngine,1187,01/22/2023, 17:10:51,540
FROV00001,FrozenEngine,1187,01/22/2023, 18:14:07,540
FROV00001,FrozenEngine,1187,01/22/2023, 19:09:31,540
FROV00001,FrozenEngine,1187,01/22/2023, 20:12:21,540
FROV00001,FrozenEngine,1187,01/22/2023, 22:11:06,540
FROV00001,FrozenEngine,1187,01/22/2023, 23:12:00,540
FROV00001,FrozenEngine,1187,01/23/2023, 00:58:35,540
FROV00001,FrozenEngine,1187,01/23/2023, 02:16:07,540
FROV00001,FrozenEngine,1187,01/23/2023, 03:13:20,540
FROV00001,FrozenEngine,1187,01/23/2023, 04:15:05,540
FROV00001,FrozenEngine,1187,01/23/2023, 05:11:49,540
FROV00001,FrozenEngine,1187,01/23/2023, 06:15:08,540
FROV00001,FrozenEngine,1187,01/23/2023, 07:11:41,540
FROV00001,FrozenEngine,1187,01/23/2023, 08:16:10,540
FROV00001,FrozenEngine,1187,01/23/2023, 09:12:52,540
FROV00001,FrozenEngine,1187,01/23/2023, 10:13:30,540
FROV00001,FrozenEngine,1187,01/23/2023, 11:10:52,540
FROV00001,FrozenEngine,1187,01/23/2023, 12:22:27,540
FROV00001,FrozenEngine,1187,01/23/2023, 13:20:26,540
FROV00001,FrozenEngine,1187,01/23/2023, 14:12:05,540
FROV00001,FrozenEngine,1187,01/23/2023, 15:13:22,540
FROV00001,FrozenEngine,1187,01/23/2023, 16:16:31,540
FROV00001,FrozenEngine,1187,01/23/2023, 17:12:15,540
FROV00001,FrozenEngine,1187,01/23/2023, 18:14:06,540
FROV00001,FrozenEngine,1187,01/23/2023, 19:10:14,540
FROV00001,FrozenEngine,1187,01/23/2023, 20:12:55,540
FROV00001,FrozenEngine,1187,01/23/2023, 21:11:13,540
FROV00001,FrozenEngine,1187,01/23/2023, 22:11:39,540
FROV00001,FrozenEngine,1187,01/23/2023, 23:12:04,540
FROV00001,FrozenEngine,1187,01/24/2023, 01:01:49,540
FROV00001,FrozenEngine,1187,01/24/2023, 02:36:31,540
FROV00001,FrozenEngine,1187,01/24/2023, 03:13:13,540
FROV00001,FrozenEngine,1187,01/24/2023, 04:15:02,540
FROV00001,FrozenEngine,1187,01/24/2023, 05:11:07,540
FROV00001,FrozenEngine,1187,01/24/2023, 06:15:03,540
FROV00001,FrozenEngine,1187,01/24/2023, 07:11:30,540
FROV00001,FrozenEngine,1187,01/24/2023, 08:15:46,540
FROV00001,FrozenEngine,1187,01/24/2023, 09:12:17,540
FROV00001,FrozenEngine,1187,01/24/2023, 10:12:48,540
FROV00001,FrozenEngine,1187,01/24/2023, 11:10:24,540
FROV00001,FrozenEngine,1187,01/24/2023, 12:24:28,540
FROV00001,FrozenEngine,1187,01/24/2023, 13:18:57,540
FROV00001,FrozenEngine,1187,01/24/2023, 14:11:37,540
FROV00001,FrozenEngine,1187,01/24/2023, 15:12:33,540
FROV00001,FrozenEngine,1187,01/24/2023, 16:16:37,540
FROV00001,FrozenEngine,1187,01/24/2023, 17:11:11,540
FROV00001,FrozenEngine,1187,01/24/2023, 18:14:41,540
FROV00001,FrozenEngine,1187,01/24/2023, 19:10:06,540
FROV00001,FrozenEngine,1187,01/24/2023, 20:12:48,540
FROV00001,FrozenEngine,1187,01/24/2023, 21:10:55,540
FROV00001,FrozenEngine,1187,01/24/2023, 22:11:28,540
FROV00001,FrozenEngine,1187,01/24/2023, 23:12:12,540
FROV00001,FrozenEngine,1187,01/25/2023, 00:58:18,540
FROV00001,FrozenEngine,1187,01/25/2023, 02:16:18,540
FROV00001,FrozenEngine,1187,01/25/2023, 03:13:17,540
FROV00001,FrozenEngine,1187,01/25/2023, 04:14:43,540
FROV00001,FrozenEngine,1187,01/25/2023, 05:11:33,540
FROV00001,FrozenEngine,1187,01/25/2023, 06:15:35,540
FROV00001,FrozenEngine,1187,01/25/2023, 07:16:08,540
FROV00001,FrozenEngine,1187,01/25/2023, 08:15:18,540
FROV00001,FrozenEngine,1187,01/25/2023, 09:12:02,540
FROV00001,FrozenEngine,1187,01/25/2023, 10:13:05,540
FROV00001,FrozenEngine,1187,01/25/2023, 11:10:33,540
FROV00001,FrozenEngine,1187,01/25/2023, 12:24:40,540
FROV00001,FrozenEngine,1187,01/25/2023, 13:19:05,540
FROV00001,FrozenEngine,1187,01/25/2023, 14:11:31,540
FROV00001,FrozenEngine,1187,01/25/2023, 15:12:48,540
FROV00001,FrozenEngine,1187,01/25/2023, 16:16:36,540
FROV00001,FrozenEngine,1187,01/25/2023, 17:11:12,540
FROV00001,FrozenEngine,1187,01/25/2023, 18:13:45,540
FROV00001,FrozenEngine,1187,01/25/2023, 19:10:01,540
FROV00001,FrozenEngine,1187,01/25/2023, 20:13:01,540
FROV00001,FrozenEngine,1187,01/25/2023, 21:09:31,540
FROV00001,FrozenEngine,1187,01/25/2023, 22:12:29,540
FROV00001,FrozenEngine,1187,01/25/2023, 23:12:34,540
FROV00001,FrozenEngine,1187,01/26/2023, 00:59:03,540
FROV00001,FrozenEngine,1187,01/26/2023, 02:16:55,540
FROV00001,FrozenEngine,1187,01/26/2023, 03:13:29,540
FROV00001,FrozenEngine,1187,01/26/2023, 04:14:53,540
FROV00001,FrozenEngine,1187,01/26/2023, 05:11:50,540
FROV00001,FrozenEngine,1187,01/26/2023, 06:15:36,540
FROV00001,FrozenEngine,1187,01/26/2023, 07:11:54,540
FROV00001,FrozenEngine,1187,01/26/2023, 08:15:34,540
FROV00001,FrozenEngine,1187,01/26/2023, 09:12:20,540
FROV00001,FrozenEngine,1187,01/26/2023, 10:13:26,540
FROV00001,FrozenEngine,1187,01/26/2023, 11:10:36,540
FROV00001,FrozenEngine,1187,01/26/2023, 12:24:35,540
FROV00001,FrozenEngine,1187,01/26/2023, 13:20:58,540
FROV00001,FrozenEngine,1187,01/26/2023, 14:11:18,540
FROV00001,FrozenEngine,1187,01/26/2023, 15:12:39,540
FROV00001,FrozenEngine,1187,01/26/2023, 16:15:14,540
FROV00001,FrozenEngine,1187,01/26/2023, 17:11:16,540
FROV00001,FrozenEngine,1187,01/26/2023, 18:14:40,540
FROV00001,FrozenEngine,1187,01/26/2023, 19:10:11,540
FROV00001,FrozenEngine,1187,01/26/2023, 20:12:13,540
FROV00001,FrozenEngine,1187,01/26/2023, 21:10:58,540
FROV00001,FrozenEngine,1187,01/26/2023, 22:11:50,540
FROV00001,FrozenEngine,1187,01/26/2023, 23:13:09,540
FROV00001,FrozenEngine,1188,01/27/2023, 01:01:39,540
FROV00001,FrozenEngine,1188,01/27/2023, 02:41:12,540
FROV00001,FrozenEngine,1188,01/27/2023, 03:13:18,540
FROV00001,FrozenEngine,1188,01/27/2023, 04:15:02,540
FROV00001,FrozenEngine,1188,01/27/2023, 05:11:27,540
FROV00001,FrozenEngine,1188,01/27/2023, 06:15:32,540
FROV00001,FrozenEngine,1188,01/27/2023, 07:11:40,540
FROV00001,FrozenEngine,1188,01/27/2023, 08:15:39,540
FROV00001,FrozenEngine,1188,01/27/2023, 09:12:20,540
FROV00001,FrozenEngine,1188,01/27/2023, 10:13:02,540
FROV00001,FrozenEngine,1189,01/27/2023, 11:10:51,540
FROV00001,FrozenEngine,1189,01/27/2023, 12:21:45,540
FROV00001,FrozenEngine,1189,01/27/2023, 13:18:32,540
FROV00001,FrozenEngine,1189,01/27/2023, 14:11:33,540
FROV00001,FrozenEngine,1189,01/27/2023, 15:12:48,540
FROV00001,FrozenEngine,1189,01/27/2023, 16:16:08,540
FROV00001,FrozenEngine,1189,01/27/2023, 17:11:31,540
FROV00001,FrozenEngine,1189,01/27/2023, 18:14:58,540
FROV00001,FrozenEngine,1189,01/27/2023, 19:10:08,540
FROV00001,FrozenEngine,1189,01/27/2023, 20:12:47,540
FROV00001,FrozenEngine,1189,01/27/2023, 21:10:50,540
FROV00001,FrozenEngine,1190,01/27/2023, 22:11:50,540
FROV00001,FrozenEngine,1190,01/27/2023, 23:12:08,540
FROV00001,FrozenEngine,1190,01/28/2023, 01:00:10,540
FROV00001,FrozenEngine,1190,01/28/2023, 02:20:51,540
FROV00001,FrozenEngine,1190,01/28/2023, 03:12:57,540
FROV00001,FrozenEngine,1190,01/28/2023, 04:14:28,540
FROV00001,FrozenEngine,1190,01/28/2023, 05:11:05,540
FROV00001,FrozenEngine,1190,01/28/2023, 06:14:29,540
FROV00001,FrozenEngine,1190,01/28/2023, 07:10:46,540
FROV00001,FrozenEngine,1190,01/28/2023, 08:14:33,540
FROV00001,FrozenEngine,1190,01/28/2023, 09:12:00,540
FROV00001,FrozenEngine,1190,01/28/2023, 10:12:29,540
FROV00001,FrozenEngine,1190,01/28/2023, 11:09:54,540
FROV00001,FrozenEngine,1190,01/28/2023, 12:20:35,540
FROV00001,FrozenEngine,1190,01/28/2023, 13:15:58,540
FROV00001,FrozenEngine,1190,01/28/2023, 14:10:43,540
FROV00001,FrozenEngine,1190,01/28/2023, 15:11:40,540
FROV00001,FrozenEngine,1190,01/28/2023, 16:14:52,540
FROV00001,FrozenEngine,1191,01/28/2023, 17:10:47,540
FROV00001,FrozenEngine,1191,01/28/2023, 18:13:44,540
FROV00001,FrozenEngine,1191,01/28/2023, 19:09:39,540
FROV00001,FrozenEngine,1191,01/28/2023, 20:11:54,540
FROV00001,FrozenEngine,1191,01/28/2023, 21:10:37,540
FROV00001,FrozenEngine,1191,01/28/2023, 22:11:03,540
FROV00001,FrozenEngine,1191,01/28/2023, 23:11:40,540
FROV00001,FrozenEngine,1191,01/29/2023, 01:05:05,540
FROV00001,FrozenEngine,1191,01/29/2023, 02:43:40,540
FROV00001,FrozenEngine,1191,01/29/2023, 03:14:01,540
FROV00001,FrozenEngine,1191,01/29/2023, 04:14:15,540
FROV00001,FrozenEngine,1191,01/29/2023, 05:11:19,540
FROV00001,FrozenEngine,1191,01/29/2023, 06:14:18,540
FROV00001,FrozenEngine,1191,01/29/2023, 07:10:47,540
FROV00001,FrozenEngine,1191,01/29/2023, 08:14:38,540
FROV00001,FrozenEngine,1191,01/29/2023, 09:11:17,540
FROV00001,FrozenEngine,1191,01/29/2023, 10:11:56,540
FROV00001,FrozenEngine,1191,01/29/2023, 11:10:01,540
FROV00001,FrozenEngine,1191,01/29/2023, 12:20:48,540
FROV00001,FrozenEngine,1191,01/29/2023, 13:15:23,540
FROV00001,FrozenEngine,1191,01/29/2023, 14:10:46,540
FROV00001,FrozenEngine,1191,01/29/2023, 15:11:49,540
FROV00001,FrozenEngine,1191,01/29/2023, 16:14:50,540
FROV00001,FrozenEngine,1191,01/29/2023, 17:10:48,540
FROV00001,FrozenEngine,1191,01/29/2023, 18:13:45,540
FROV00001,FrozenEngine,1191,01/29/2023, 19:09:54,540
FROV00001,FrozenEngine,1191,01/29/2023, 20:12:26,540
FROV00001,FrozenEngine,1191,01/29/2023, 21:10:25,540
FROV00001,FrozenEngine,1191,01/29/2023, 22:11:23,540
FROV00001,FrozenEngine,1191,01/29/2023, 23:12:25,540
FROV00001,FrozenEngine,1191,01/30/2023, 00:56:54,540
FROV00001,FrozenEngine,1191,01/30/2023, 02:12:47,540
FROV00001,FrozenEngine,1191,01/30/2023, 03:13:35,540
FROV00001,FrozenEngine,1191,01/30/2023, 04:14:51,540
FROV00001,FrozenEngine,1191,01/30/2023, 05:12:08,540
FROV00001,FrozenEngine,1191,01/30/2023, 06:16:20,540
FROV00001,FrozenEngine,1191,01/30/2023, 07:11:52,540
FROV00001,FrozenEngine,1191,01/30/2023, 08:16:20,540
FROV00001,FrozenEngine,1191,01/30/2023, 09:13:13,540
FROV00001,FrozenEngine,1191,01/30/2023, 10:13:38,540
FROV00001,FrozenEngine,1191,01/30/2023, 11:10:44,540
FROV00001,FrozenEngine,1191,01/30/2023, 12:22:57,540
FROV00001,FrozenEngine,1191,01/30/2023, 13:22:24,540
FROV00001,FrozenEngine,1191,01/30/2023, 14:11:53,540
FROV00001,FrozenEngine,1191,01/30/2023, 15:13:25,540
FROV00001,FrozenEngine,1191,01/30/2023, 16:16:40,540
FROV00001,FrozenEngine,1191,01/30/2023, 17:12:18,540
FROV00001,FrozenEngine,1191,01/30/2023, 18:15:16,540
FROV00001,FrozenEngine,1191,01/30/2023, 19:10:28,540
FROV00001,FrozenEngine,1191,01/30/2023, 20:12:55,540
FROV00001,FrozenEngine,1191,01/30/2023, 21:11:07,540
FROV00001,FrozenEngine,1191,01/30/2023, 22:11:43,540
FROV00001,FrozenEngine,1191,01/30/2023, 23:13:03,540
FROV00001,FrozenEngine,1191,01/31/2023, 01:02:45,540
FROV00001,FrozenEngine,1191,01/31/2023, 02:43:29,540
FROV00001,FrozenEngine,1191,01/31/2023, 03:14:45,540
FROV00001,FrozenEngine,1191,01/31/2023, 04:15:03,540
FROV00001,FrozenEngine,1191,01/31/2023, 05:11:33,540
FROV00001,FrozenEngine,1191,01/31/2023, 06:16:24,540
FROV00001,FrozenEngine,1191,01/31/2023, 07:11:29,540
FROV00001,FrozenEngine,1191,01/31/2023, 08:16:11,540
FROV00001,FrozenEngine,1191,01/31/2023, 09:12:45,540
FROV00001,FrozenEngine,1191,01/31/2023, 10:13:25,540
FROV00001,FrozenEngine,1191,01/31/2023, 11:10:38,540
FROV00001,FrozenEngine,1191,01/31/2023, 12:22:47,540
FROV00001,FrozenEngine,1191,01/31/2023, 13:23:38,540
FROV00001,FrozenEngine,1191,01/31/2023, 14:12:02,540
FROV00001,FrozenEngine,1191,01/31/2023, 15:13:14,540
FROV00001,FrozenEngine,1191,01/31/2023, 16:16:56,540
FROV00001,FrozenEngine,1191,01/31/2023, 17:11:49,540
FROV00001,FrozenEngine,1191,01/31/2023, 18:15:00,540
FROV00001,FrozenEngine,1191,01/31/2023, 19:10:25,540
FROV00001,FrozenEngine,1191,01/31/2023, 20:13:27,540
FROV00001,FrozenEngine,1191,01/31/2023, 21:11:15,540
FROV00001,FrozenEngine,1191,01/31/2023, 22:11:59,540
FROV00001,FrozenEngine,1191,01/31/2023, 23:12:59,540
FROV00001,FrozenEngine,1191,02/01/2023, 01:09:51,540
FROV00001,FrozenEngine,1191,02/01/2023, 02:53:17,540
FROV00001,FrozenEngine,1191,02/01/2023, 03:22:17,540
FROV00001,FrozenEngine,1191,02/01/2023, 04:15:16,540
FROV00001,FrozenEngine,1191,02/01/2023, 05:12:13,540
FROV00001,FrozenEngine,1192,02/01/2023, 06:16:20,540
FROV00001,FrozenEngine,1192,02/01/2023, 07:12:02,540
FROV00001,FrozenEngine,1192,02/01/2023, 08:15:52,540
FROV00001,FrozenEngine,1192,02/01/2023, 09:13:06,540
FROV00001,FrozenEngine,1192,02/01/2023, 10:14:04,540
FROV00001,FrozenEngine,1192,02/01/2023, 11:11:14,540
FROV00001,FrozenEngine,1192,02/01/2023, 12:24:42,540
FROV00001,FrozenEngine,1192,02/01/2023, 13:20:46,540
FROV00001,FrozenEngine,1192,02/01/2023, 14:12:03,540
FROV00001,FrozenEngine,1192,02/01/2023, 15:13:05,540
FROV00001,FrozenEngine,1192,02/01/2023, 16:15:34,540
FROV00001,FrozenEngine,1192,02/01/2023, 17:11:44,540
FROV00001,FrozenEngine,1192,02/01/2023, 18:15:22,540
FROV00001,FrozenEngine,1192,02/01/2023, 19:10:29,540
FROV00001,FrozenEngine,1192,02/01/2023, 20:13:08,540
FROV00001,FrozenEngine,1192,02/01/2023, 21:11:20,540
FROV00001,FrozenEngine,1192,02/01/2023, 22:12:18,540
FROV00001,FrozenEngine,1192,02/01/2023, 23:13:00,540
FROV00001,FrozenEngine,1192,02/02/2023, 01:00:57,540
FROV00001,FrozenEngine,1192,02/02/2023, 02:23:36,540
FROV00001,FrozenEngine,1192,02/02/2023, 03:14:08,540
FROV00001,FrozenEngine,1192,02/02/2023, 04:15:16,540
FROV00001,FrozenEngine,1192,02/02/2023, 05:11:52,540
FROV00001,FrozenEngine,1192,02/02/2023, 06:15:42,540
FROV00001,FrozenEngine,1192,02/02/2023, 07:11:35,540
FROV00001,FrozenEngine,1192,02/02/2023, 08:15:54,540
FROV00001,FrozenEngine,1192,02/02/2023, 09:12:43,540
FROV00001,FrozenEngine,1192,02/02/2023, 10:13:36,540
FROV00001,FrozenEngine,1192,02/02/2023, 11:10:53,540
FROV00001,FrozenEngine,1192,02/02/2023, 12:24:22,540
FROV00001,FrozenEngine,1192,02/02/2023, 13:21:10,540
FROV00001,FrozenEngine,1192,02/02/2023, 14:11:29,540
FROV00001,FrozenEngine,1192,02/02/2023, 15:13:00,540
FROV00001,FrozenEngine,1192,02/02/2023, 16:16:48,540
FROV00001,FrozenEngine,1192,02/02/2023, 17:11:43,540
FROV00001,FrozenEngine,1192,02/02/2023, 18:15:23,540
FROV00001,FrozenEngine,1193,02/02/2023, 19:09:17,540
FROV00001,FrozenEngine,1193,02/02/2023, 20:13:12,540
FROV00001,FrozenEngine,1193,02/02/2023, 21:10:59,540
FROV00001,FrozenEngine,1193,02/02/2023, 22:11:47,540
FROV00001,FrozenEngine,1193,02/02/2023, 23:13:03,540
FROV00001,FrozenEngine,1193,02/03/2023, 01:03:27,540
FROV00001,FrozenEngine,1193,02/03/2023, 02:45:44,540
FROV00001,FrozenEngine,1193,02/03/2023, 03:16:31,540
FROV00001,FrozenEngine,1193,02/03/2023, 04:15:03,540
FROV00001,FrozenEngine,1193,02/03/2023, 05:11:58,540
FROV00001,FrozenEngine,1193,02/03/2023, 06:16:02,540
FROV00001,FrozenEngine,1193,02/03/2023, 07:11:50,540
FROV00001,FrozenEngine,1193,02/03/2023, 08:15:42,540
FROV00001,FrozenEngine,1193,02/03/2023, 09:12:40,540
FROV00001,FrozenEngine,1193,02/03/2023, 10:13:26,540
FROV00001,FrozenEngine,1193,02/03/2023, 11:11:15,540
FROV00001,FrozenEngine,1193,02/03/2023, 12:22:41,540
FROV00001,FrozenEngine,1193,02/03/2023, 13:19:50,540
FROV00001,FrozenEngine,1193,02/03/2023, 14:11:47,540
FROV00001,FrozenEngine,1193,02/03/2023, 15:13:04,540
FROV00001,FrozenEngine,1193,02/03/2023, 16:16:21,540
FROV00001,FrozenEngine,1193,02/03/2023, 17:11:44,540
FROV00001,FrozenEngine,1193,02/03/2023, 19:10:35,540
FROV00001,FrozenEngine,1193,02/03/2023, 20:13:00,540
FROV00001,FrozenEngine,1193,02/03/2023, 21:10:49,540
FROV00001,FrozenEngine,1193,02/03/2023, 22:11:49,540
FROV00001,FrozenEngine,1193,02/03/2023, 23:12:24,540
FROV00001,FrozenEngine,1193,02/04/2023, 00:58:38,540
FROV00001,FrozenEngine,1193,02/04/2023, 02:13:53,540
FROV00001,FrozenEngine,1193,02/04/2023, 03:13:36,540
FROV00001,FrozenEngine,1193,02/04/2023, 04:14:26,540
FROV00001,FrozenEngine,1193,02/04/2023, 05:11:14,540
FROV00001,FrozenEngine,1193,02/04/2023, 06:14:45,540
FROV00001,FrozenEngine,1193,02/04/2023, 07:10:57,540
FROV00001,FrozenEngine,1193,02/04/2023, 08:14:41,540
FROV00001,FrozenEngine,1193,02/04/2023, 09:11:17,540
FROV00001,FrozenEngine,1193,02/04/2023, 10:12:13,540
FROV00001,FrozenEngine,1194,02/04/2023, 11:10:33,540
FROV00001,FrozenEngine,1194,02/04/2023, 12:20:42,540
FROV00001,FrozenEngine,1194,02/04/2023, 13:15:24,540
FROV00001,FrozenEngine,1194,02/04/2023, 14:10:38,540
FROV00001,FrozenEngine,1194,02/04/2023, 15:11:36,540
FROV00001,FrozenEngine,1194,02/04/2023, 16:15:24,540
FROV00001,FrozenEngine,1194,02/04/2023, 17:10:39,540
FROV00001,FrozenEngine,1194,02/04/2023, 18:13:54,540
FROV00001,FrozenEngine,1194,02/04/2023, 19:09:47,540
FROV00001,FrozenEngine,1194,02/04/2023, 20:12:07,540
FROV00001,FrozenEngine,1194,02/04/2023, 21:10:47,540
FROV00001,FrozenEngine,1194,02/04/2023, 22:11:03,540
FROV00001,FrozenEngine,1194,02/04/2023, 23:11:53,540
FROV00001,FrozenEngine,1194,02/05/2023, 01:05:12,540
FROV00001,FrozenEngine,1194,02/05/2023, 02:47:11,540
FROV00001,FrozenEngine,1194,02/05/2023, 03:16:50,540
FROV00001,FrozenEngine,1194,02/05/2023, 04:14:25,540
FROV00001,FrozenEngine,1194,02/05/2023, 05:11:23,540
FROV00001,FrozenEngine,1194,02/05/2023, 06:14:36,540
FROV00001,FrozenEngine,1194,02/05/2023, 07:10:46,540
FROV00001,FrozenEngine,1194,02/05/2023, 08:14:26,540
FROV00001,FrozenEngine,1194,02/05/2023, 09:11:32,540
FROV00001,FrozenEngine,1194,02/05/2023, 10:12:19,540
FROV00001,FrozenEngine,1194,02/05/2023, 11:09:58,540
FROV00001,FrozenEngine,1194,02/05/2023, 12:20:44,540
FROV00001,FrozenEngine,1194,02/05/2023, 13:15:44,540
FROV00001,FrozenEngine,1194,02/05/2023, 14:10:31,540
FROV00001,FrozenEngine,1194,02/05/2023, 15:11:44,540
FROV00001,FrozenEngine,1194,02/05/2023, 16:15:05,540
FROV00001,FrozenEngine,1194,02/05/2023, 17:10:30,540
FROV00001,FrozenEngine,1194,02/05/2023, 18:13:54,540
FROV00001,FrozenEngine,1194,02/05/2023, 19:09:41,540
FROV00001,FrozenEngine,1194,02/05/2023, 20:12:23,540
FROV00001,FrozenEngine,1194,02/05/2023, 21:10:39,540
FROV00001,FrozenEngine,1194,02/05/2023, 22:11:30,540
FROV00001,FrozenEngine,1194,02/05/2023, 23:12:30,540
FROV00001,FrozenEngine,1194,02/06/2023, 00:58:42,540
FROV00001,FrozenEngine,1194,02/06/2023, 02:15:21,540
FROV00001,FrozenEngine,1194,02/06/2023, 03:13:24,540
FROV00001,FrozenEngine,1194,02/06/2023, 04:15:25,540
FROV00001,FrozenEngine,1194,02/06/2023, 05:12:17,540
FROV00001,FrozenEngine,1194,02/06/2023, 06:16:02,540
FROV00001,FrozenEngine,1194,02/06/2023, 07:12:00,540
FROV00001,FrozenEngine,1194,02/06/2023, 08:16:26,540
FROV00001,FrozenEngine,1194,02/06/2023, 09:13:11,540
FROV00001,FrozenEngine,1194,02/06/2023, 10:13:56,540
FROV00001,FrozenEngine,1194,02/06/2023, 11:10:54,540
FROV00001,FrozenEngine,1194,02/06/2023, 12:23:23,540
FROV00001,FrozenEngine,1194,02/06/2023, 13:26:56,540
FROV00001,FrozenEngine,1194,02/06/2023, 14:12:02,540
FROV00001,FrozenEngine,1194,02/06/2023, 15:13:11,540
FROV00001,FrozenEngine,1194,02/06/2023, 16:16:42,540
FROV00001,FrozenEngine,1194,02/06/2023, 17:10:50,540
FROV00001,FrozenEngine,1194,02/06/2023, 18:15:07,540
FROV00001,FrozenEngine,1194,02/06/2023, 19:10:29,540
FROV00001,FrozenEngine,1194,02/06/2023, 20:13:31,540
FROV00001,FrozenEngine,1194,02/06/2023, 21:11:48,540
FROV00001,FrozenEngine,1194,02/06/2023, 22:11:43,540
FROV00001,FrozenEngine,1194,02/06/2023, 23:12:09,540
FROV00001,FrozenEngine,1195,02/07/2023, 01:00:03,540
FROV00001,FrozenEngine,1195,02/07/2023, 02:17:19,540
FROV00001,FrozenEngine,1195,02/07/2023, 03:13:32,540
FROV00001,FrozenEngine,1195,02/07/2023, 04:14:49,540
FROV00001,FrozenEngine,1195,02/07/2023, 05:11:52,540
FROV00001,FrozenEngine,1195,02/07/2023, 06:15:41,540
FROV00001,FrozenEngine,1195,02/07/2023, 07:11:46,540
FROV00001,FrozenEngine,1195,02/07/2023, 08:16:02,540
FROV00001,FrozenEngine,1195,02/07/2023, 09:12:42,540
FROV00001,FrozenEngine,1195,02/07/2023, 10:13:35,540
FROV00001,FrozenEngine,1195,02/07/2023, 11:10:44,540
FROV00001,FrozenEngine,1195,02/07/2023, 12:23:42,540
FROV00001,FrozenEngine,1195,02/07/2023, 13:20:13,540
FROV00001,FrozenEngine,1195,02/07/2023, 14:11:51,540
FROV00001,FrozenEngine,1195,02/07/2023, 15:13:01,540
FROV00001,FrozenEngine,1195,02/07/2023, 16:16:55,540
FROV00001,FrozenEngine,1195,02/07/2023, 17:12:13,540
FROV00001,FrozenEngine,1195,02/07/2023, 18:15:28,540
FROV00001,FrozenEngine,1196,02/07/2023, 19:11:01,540
FROV00001,FrozenEngine,1196,02/07/2023, 20:13:11,540
FROV00001,FrozenEngine,1196,02/07/2023, 21:11:28,540
FROV00001,FrozenEngine,1196,02/07/2023, 22:12:09,540
FROV00001,FrozenEngine,1196,02/07/2023, 23:12:28,540
FROV00001,FrozenEngine,1196,02/08/2023, 01:01:14,540
FROV00001,FrozenEngine,1196,02/08/2023, 02:25:32,540
FROV00001,FrozenEngine,1196,02/08/2023, 03:16:15,540
FROV00001,FrozenEngine,1196,02/08/2023, 04:15:27,540
FROV00001,FrozenEngine,1196,02/08/2023, 05:12:11,540
FROV00001,FrozenEngine,1196,02/08/2023, 06:16:06,540
FROV00001,FrozenEngine,1196,02/08/2023, 07:12:11,540
FROV00001,FrozenEngine,1196,02/08/2023, 08:16:40,540
FROV00001,FrozenEngine,1196,02/08/2023, 09:13:42,540
FROV00001,FrozenEngine,1196,02/08/2023, 10:15:10,540
FROV00001,FrozenEngine,1196,02/08/2023, 11:11:11,540
FROV00001,FrozenEngine,1196,02/08/2023, 12:23:24,540
FROV00001,FrozenEngine,1196,02/08/2023, 13:21:15,540
FROV00001,FrozenEngine,1196,02/08/2023, 14:12:02,540
FROV00001,FrozenEngine,1196,02/08/2023, 15:13:18,540
FROV00001,FrozenEngine,1196,02/08/2023, 16:17:10,540
FROV00001,FrozenEngine,1196,02/08/2023, 17:12:13,540
FROV00001,FrozenEngine,1196,02/08/2023, 18:15:57,540
FROV00001,FrozenEngine,1196,02/08/2023, 19:10:52,540
FROV00001,FrozenEngine,1196,02/08/2023, 20:13:33,540
FROV00001,FrozenEngine,1196,02/08/2023, 21:11:50,540
FROV00001,FrozenEngine,1196,02/08/2023, 22:12:12,540
FROV00001,FrozenEngine,1196,02/08/2023, 23:12:40,540
FROV00001,FrozenEngine,1196,02/09/2023, 01:00:03,540
FROV00001,FrozenEngine,1196,02/09/2023, 02:24:31,540
FROV00001,FrozenEngine,1196,02/09/2023, 03:16:06,540
FROV00001,FrozenEngine,1196,02/09/2023, 04:14:51,540
FROV00001,FrozenEngine,1196,02/09/2023, 05:12:06,540
FROV00001,FrozenEngine,1196,02/09/2023, 06:16:47,540
FROV00001,FrozenEngine,1196,02/09/2023, 07:12:10,540
FROV00001,FrozenEngine,1196,02/09/2023, 08:16:28,540
FROV00001,FrozenEngine,1196,02/09/2023, 09:13:02,540
FROV00001,FrozenEngine,1196,02/09/2023, 10:12:43,540
FROV00001,FrozenEngine,1196,02/09/2023, 11:11:21,540
FROV00001,FrozenEngine,1196,02/09/2023, 12:25:25,540
FROV00001,FrozenEngine,1196,02/09/2023, 13:22:38,540
FROV00001,FrozenEngine,1196,02/09/2023, 14:12:34,540
FROV00001,FrozenEngine,1196,02/09/2023, 15:13:34,540
FROV00001,FrozenEngine,1196,02/09/2023, 16:17:18,540
FROV00001,FrozenEngine,1196,02/09/2023, 17:12:11,540
FROV00001,FrozenEngine,1196,02/09/2023, 18:15:48,540
FROV00001,FrozenEngine,1196,02/09/2023, 19:10:40,540
FROV00001,FrozenEngine,1196,02/09/2023, 20:13:39,540
FROV00001,FrozenEngine,1196,02/09/2023, 21:11:48,540
FROV00001,FrozenEngine,1196,02/09/2023, 22:12:44,540
FROV00001,FrozenEngine,1196,02/09/2023, 23:14:00,540
FROV00001,FrozenEngine,1196,02/10/2023, 01:04:12,540
FROV00001,FrozenEngine,1196,02/10/2023, 02:50:05,540
FROV00001,FrozenEngine,1196,02/10/2023, 03:21:02,540
FROV00001,FrozenEngine,1196,02/10/2023, 04:15:31,540
FROV00001,FrozenEngine,1196,02/10/2023, 05:12:33,540
FROV00001,FrozenEngine,1196,02/10/2023, 06:16:52,540
FROV00001,FrozenEngine,1196,02/10/2023, 07:12:15,540
FROV00001,FrozenEngine,1196,02/10/2023, 08:16:17,540
FROV00001,FrozenEngine,1196,02/10/2023, 09:13:16,540
FROV00001,FrozenEngine,1196,02/10/2023, 10:14:09,540
FROV00001,FrozenEngine,1196,02/10/2023, 11:11:20,540
FROV00001,FrozenEngine,1196,02/10/2023, 12:22:47,540
FROV00001,FrozenEngine,1196,02/10/2023, 13:21:06,540
FROV00001,FrozenEngine,1196,02/10/2023, 14:12:09,540
FROV00001,FrozenEngine,1197,02/10/2023, 15:13:08,540
FROV00001,FrozenEngine,1197,02/10/2023, 16:16:54,540
FROV00001,FrozenEngine,1197,02/10/2023, 17:12:21,540
FROV00001,FrozenEngine,1197,02/10/2023, 18:15:54,540
FROV00001,FrozenEngine,1197,02/10/2023, 19:10:40,540
FROV00001,FrozenEngine,1197,02/10/2023, 20:13:29,540
FROV00001,FrozenEngine,1197,02/10/2023, 21:11:23,540
FROV00001,FrozenEngine,1197,02/10/2023, 22:12:26,540
FROV00001,FrozenEngine,1197,02/10/2023, 23:12:32,540
FROV00001,FrozenEngine,1197,02/11/2023, 00:56:17,540
FROV00001,FrozenEngine,1197,02/11/2023, 02:14:49,540
FROV00001,FrozenEngine,1197,02/11/2023, 03:13:16,540
FROV00001,FrozenEngine,1197,02/11/2023, 04:14:50,540
FROV00001,FrozenEngine,1197,02/11/2023, 05:11:32,540
FROV00001,FrozenEngine,1197,02/11/2023, 06:14:59,540
FROV00001,FrozenEngine,1197,02/11/2023, 07:11:17,540
FROV00001,FrozenEngine,1197,02/11/2023, 08:15:26,540
FROV00001,FrozenEngine,1197,02/11/2023, 09:11:59,540
FROV00001,FrozenEngine,1197,02/11/2023, 10:12:15,540
FROV00001,FrozenEngine,1197,02/11/2023, 11:10:07,540
FROV00001,FrozenEngine,1198,02/11/2023, 12:20:54,540
FROV00001,FrozenEngine,1198,02/11/2023, 13:16:41,540
FROV00001,FrozenEngine,1198,02/11/2023, 14:10:42,540
FROV00001,FrozenEngine,1198,02/11/2023, 15:11:58,540
FROV00001,FrozenEngine,1198,02/11/2023, 16:15:21,540
FROV00001,FrozenEngine,1198,02/11/2023, 17:10:39,540
FROV00001,FrozenEngine,1198,02/11/2023, 18:14:16,540
FROV00001,FrozenEngine,1198,02/11/2023, 19:09:56,540
FROV00001,FrozenEngine,1198,02/11/2023, 20:12:28,540
FROV00001,FrozenEngine,1198,02/11/2023, 21:10:40,540
FROV00001,FrozenEngine,1198,02/11/2023, 22:11:38,540
FROV00001,FrozenEngine,1198,02/11/2023, 23:11:53,540
FROV00001,FrozenEngine,1198,02/12/2023, 01:05:18,540
FROV00001,FrozenEngine,1198,02/12/2023, 02:44:45,540
FROV00001,FrozenEngine,1198,02/12/2023, 03:15:51,540
FROV00001,FrozenEngine,1198,02/12/2023, 04:14:37,540
FROV00001,FrozenEngine,1198,02/12/2023, 05:11:53,540
FROV00001,FrozenEngine,1198,02/12/2023, 06:14:54,540
FROV00001,FrozenEngine,1198,02/12/2023, 07:11:00,540
FROV00001,FrozenEngine,1198,02/12/2023, 08:15:04,540
FROV00001,FrozenEngine,1198,02/12/2023, 09:11:54,540
FROV00001,FrozenEngine,1198,02/12/2023, 10:12:26,540
FROV00001,FrozenEngine,1198,02/12/2023, 11:10:18,540
FROV00001,FrozenEngine,1198,02/12/2023, 12:21:40,540
FROV00001,FrozenEngine,1198,02/12/2023, 13:17:13,540
FROV00001,FrozenEngine,1198,02/12/2023, 14:10:52,540
FROV00001,FrozenEngine,1198,02/12/2023, 15:12:02,540
FROV00001,FrozenEngine,1198,02/12/2023, 16:15:27,540
FROV00001,FrozenEngine,1198,02/12/2023, 17:10:37,540
FROV00001,FrozenEngine,1198,02/12/2023, 18:14:20,540
FROV00001,FrozenEngine,1198,02/12/2023, 19:10:03,540
FROV00001,FrozenEngine,1199,02/12/2023, 20:12:44,540
FROV00001,FrozenEngine,1199,02/12/2023, 21:10:40,540
FROV00001,FrozenEngine,1199,02/12/2023, 22:11:35,540
FROV00001,FrozenEngine,1199,02/12/2023, 23:12:13,540
FROV00001,FrozenEngine,1199,02/13/2023, 01:02:51,540
FROV00001,FrozenEngine,1199,02/13/2023, 02:44:57,540
FROV00001,FrozenEngine,1199,02/13/2023, 03:18:16,540
FROV00001,FrozenEngine,1199,02/13/2023, 04:15:32,540
FROV00001,FrozenEngine,1199,02/13/2023, 05:12:29,540
FROV00001,FrozenEngine,1199,02/13/2023, 06:16:46,540
FROV00001,FrozenEngine,1199,02/13/2023, 07:12:28,540
FROV00001,FrozenEngine,1199,02/13/2023, 08:17:20,540
FROV00001,FrozenEngine,1199,02/13/2023, 09:13:47,540
FROV00001,FrozenEngine,1199,02/13/2023, 10:14:22,540
FROV00001,FrozenEngine,1199,02/13/2023, 11:11:21,540
FROV00001,FrozenEngine,1199,02/13/2023, 12:24:14,540
FROV00001,FrozenEngine,1199,02/13/2023, 13:21:59,540
FROV00001,FrozenEngine,1199,02/13/2023, 14:12:16,540
FROV00001,FrozenEngine,1199,02/13/2023, 15:13:51,540
FROV00001,FrozenEngine,1199,02/13/2023, 16:17:20,540
FROV00001,FrozenEngine,1199,02/13/2023, 17:12:23,540
FROV00001,FrozenEngine,1199,02/13/2023, 18:16:09,540
FROV00001,FrozenEngine,1199,02/13/2023, 19:10:32,540
FROV00001,FrozenEngine,1199,02/13/2023, 20:13:45,540
FROV00001,FrozenEngine,1199,02/13/2023, 21:12:11,540
FROV00001,FrozenEngine,1199,02/13/2023, 22:12:30,540
FROV00001,FrozenEngine,1199,02/13/2023, 23:13:08,540
FROV00001,FrozenEngine,1199,02/14/2023, 01:03:07,540
FROV00001,FrozenEngine,1199,02/14/2023, 02:45:58,540
FROV00001,FrozenEngine,1199,02/14/2023, 03:16:38,540
FROV00001,FrozenEngine,1199,02/14/2023, 04:15:33,540
FROV00001,FrozenEngine,1199,02/14/2023, 05:12:41,540
FROV00001,FrozenEngine,1199,02/14/2023, 06:16:49,540
FROV00001,FrozenEngine,1199,02/14/2023, 07:12:46,540
FROV00001,FrozenEngine,1199,02/14/2023, 08:16:47,540
FROV00001,FrozenEngine,1200,02/14/2023, 09:13:27,540
FROV00001,FrozenEngine,1200,02/14/2023, 10:14:25,540
FROV00001,FrozenEngine,1200,02/14/2023, 11:11:23,540
FROV00001,FrozenEngine,1200,02/14/2023, 12:25:16,540
FROV00001,FrozenEngine,1200,02/14/2023, 13:23:48,540
FROV00001,FrozenEngine,1200,02/14/2023, 14:12:19,540
FROV00001,FrozenEngine,1200,02/14/2023, 15:13:27,540
FROV00001,FrozenEngine,1200,02/14/2023, 16:18:06,540
FROV00001,FrozenEngine,1200,02/14/2023, 17:12:47,540
FROV00001,FrozenEngine,1200,02/14/2023, 18:15:56,540
FROV00001,FrozenEngine,1200,02/14/2023, 19:10:55,540
FROV00001,FrozenEngine,1200,02/14/2023, 20:13:36,540
FROV00001,FrozenEngine,1200,02/14/2023, 21:11:54,540
FROV00001,FrozenEngine,1200,02/14/2023, 22:12:26,540
FROV00001,FrozenEngine,1200,02/14/2023, 23:12:45,540
FROV00001,FrozenEngine,1200,02/15/2023, 01:03:20,540
FROV00001,FrozenEngine,1200,02/15/2023, 02:46:34,540
FROV00001,FrozenEngine,1200,02/15/2023, 03:18:00,540
FROV00001,FrozenEngine,1200,02/15/2023, 04:15:43,540
FROV00001,FrozenEngine,1200,02/15/2023, 05:12:57,540
FROV00001,FrozenEngine,1200,02/15/2023, 06:16:57,540
FROV00001,FrozenEngine,1200,02/15/2023, 07:12:12,540
FROV00001,FrozenEngine,1200,02/15/2023, 08:16:50,540
FROV00001,FrozenEngine,1200,02/15/2023, 09:13:21,540
FROV00001,FrozenEngine,1200,02/15/2023, 10:14:17,540
FROV00001,FrozenEngine,1200,02/15/2023, 11:11:20,540
FROV00001,FrozenEngine,1200,02/15/2023, 12:24:38,540
FROV00001,FrozenEngine,1200,02/15/2023, 13:22:54,540
FROV00001,FrozenEngine,1200,02/15/2023, 14:12:35,540
FROV00001,FrozenEngine,1200,02/15/2023, 15:13:47,540
FROV00001,FrozenEngine,1200,02/15/2023, 16:17:50,540
FROV00001,FrozenEngine,1200,02/15/2023, 17:12:36,540
FROV00001,FrozenEngine,1200,02/15/2023, 18:15:47,540
FROV00001,FrozenEngine,1200,02/15/2023, 19:11:12,540
FROV00001,FrozenEngine,1200,02/15/2023, 20:13:49,540
FROV00001,FrozenEngine,1200,02/15/2023, 21:11:55,540
FROV00001,FrozenEngine,1200,02/15/2023, 22:12:40,540
FROV00001,FrozenEngine,1200,02/15/2023, 23:13:15,540
FROV00001,FrozenEngine,1200,02/16/2023, 01:02:34,540
FROV00001,FrozenEngine,1200,02/16/2023, 02:44:56,540
FROV00001,FrozenEngine,1200,02/16/2023, 03:16:17,540
FROV00001,FrozenEngine,1200,02/16/2023, 04:15:36,540
FROV00001,FrozenEngine,1200,02/16/2023, 05:12:24,540
FROV00001,FrozenEngine,1200,02/16/2023, 06:16:12,540
FROV00001,FrozenEngine,1200,02/16/2023, 07:12:03,540
FROV00001,FrozenEngine,1200,02/16/2023, 08:16:28,540
FROV00001,FrozenEngine,1200,02/16/2023, 09:13:23,540
FROV00001,FrozenEngine,1200,02/16/2023, 10:13:59,540
FROV00001,FrozenEngine,1200,02/16/2023, 11:11:18,540
FROV00001,FrozenEngine,1200,02/16/2023, 12:24:24,540
FROV00001,FrozenEngine,1200,02/16/2023, 13:22:33,540
FROV00001,FrozenEngine,1200,02/16/2023, 14:12:17,540
FROV00001,FrozenEngine,1200,02/16/2023, 15:13:38,540
FROV00001,FrozenEngine,1200,02/16/2023, 16:17:40,540
FROV00001,FrozenEngine,1200,02/16/2023, 17:11:33,540
FROV00001,FrozenEngine,1200,02/16/2023, 18:15:03,540
FROV00001,FrozenEngine,1200,02/16/2023, 19:09:45,540
FROV00001,FrozenEngine,1200,02/16/2023, 20:13:36,540
FROV00001,FrozenEngine,1200,02/16/2023, 21:11:50,540
FROV00001,FrozenEngine,1200,02/16/2023, 22:12:31,540
FROV00001,FrozenEngine,1200,02/16/2023, 23:13:27,540
FROV00001,FrozenEngine,1200,02/17/2023, 01:05:52,540
FROV00001,FrozenEngine,1200,02/17/2023, 02:48:35,540
FROV00001,FrozenEngine,1200,02/17/2023, 03:19:05,540
FROV00001,FrozenEngine,1200,02/17/2023, 04:15:42,540
FROV00001,FrozenEngine,1200,02/17/2023, 05:12:21,540
FROV00001,FrozenEngine,1200,02/17/2023, 06:16:37,540
FROV00001,FrozenEngine,1200,02/17/2023, 07:12:00,540
FROV00001,FrozenEngine,1200,02/17/2023, 08:16:32,540
FROV00001,FrozenEngine,1200,02/17/2023, 09:13:10,540
FROV00001,FrozenEngine,1200,02/17/2023, 10:14:04,540
FROV00001,FrozenEngine,1200,02/17/2023, 11:11:04,540
FROV00001,FrozenEngine,1200,02/17/2023, 12:23:12,540
FROV00001,FrozenEngine,1200,02/17/2023, 13:20:52,540
FROV00001,FrozenEngine,1200,02/17/2023, 14:11:51,540
FROV00001,FrozenEngine,1200,02/17/2023, 15:13:18,540
FROV00001,FrozenEngine,1200,02/17/2023, 16:16:34,540
FROV00001,FrozenEngine,1200,02/17/2023, 17:12:03,540
FROV00001,FrozenEngine,1200,02/17/2023, 18:15:36,540
FROV00001,FrozenEngine,1200,02/17/2023, 19:10:51,540
FROV00001,FrozenEngine,1200,02/17/2023, 20:13:23,540
FROV00001,FrozenEngine,1200,02/17/2023, 21:11:16,540
FROV00001,FrozenEngine,1200,02/17/2023, 22:12:22,540
FROV00001,FrozenEngine,1200,02/17/2023, 23:12:50,540
FROV00001,FrozenEngine,1201,02/18/2023, 01:01:20,540
FROV00001,FrozenEngine,1201,02/18/2023, 02:21:57,540
FROV00001,FrozenEngine,1201,02/18/2023, 03:13:23,540
FROV00001,FrozenEngine,1201,02/18/2023, 05:11:27,540
FROV00001,FrozenEngine,1201,02/18/2023, 06:15:03,540
FROV00001,FrozenEngine,1201,02/18/2023, 07:11:13,540
FROV00001,FrozenEngine,1201,02/18/2023, 08:15:17,540
FROV00001,FrozenEngine,1201,02/18/2023, 09:11:57,540
FROV00001,FrozenEngine,1201,02/18/2023, 10:12:28,540
FROV00001,FrozenEngine,1201,02/18/2023, 11:11:11,540
FROV00001,FrozenEngine,1201,02/18/2023, 12:21:20,540
FROV00001,FrozenEngine,1201,02/18/2023, 13:16:56,540
FROV00001,FrozenEngine,1201,02/18/2023, 14:10:43,540
FROV00001,FrozenEngine,1201,02/18/2023, 15:12:00,540
FROV00001,FrozenEngine,1201,02/18/2023, 16:15:31,540
FROV00001,FrozenEngine,1201,02/18/2023, 17:11:17,540
FROV00001,FrozenEngine,1201,02/18/2023, 18:14:34,540
FROV00001,FrozenEngine,1201,02/18/2023, 19:09:51,540
FROV00001,FrozenEngine,1201,02/18/2023, 20:12:39,540
FROV00001,FrozenEngine,1201,02/18/2023, 21:10:49,540
FROV00001,FrozenEngine,1201,02/18/2023, 22:11:43,540
FROV00001,FrozenEngine,1202,02/18/2023, 23:12:09,540
FROV00001,FrozenEngine,1202,02/19/2023, 01:03:47,540
FROV00001,FrozenEngine,1202,02/19/2023, 02:45:52,540
FROV00001,FrozenEngine,1202,02/19/2023, 03:17:02,540
FROV00001,FrozenEngine,1202,02/19/2023, 04:14:58,540
FROV00001,FrozenEngine,1202,02/19/2023, 05:11:50,540
FROV00001,FrozenEngine,1202,02/19/2023, 06:15:25,540
FROV00001,FrozenEngine,1202,02/19/2023, 07:11:21,540
FROV00001,FrozenEngine,1202,02/19/2023, 08:15:10,540
FROV00001,FrozenEngine,1202,02/19/2023, 09:12:00,540
FROV00001,FrozenEngine,1202,02/19/2023, 10:12:44,540
FROV00001,FrozenEngine,1202,02/19/2023, 11:10:19,540
FROV00001,FrozenEngine,1202,02/19/2023, 12:21:58,540
FROV00001,FrozenEngine,1202,02/19/2023, 13:17:33,540
FROV00001,FrozenEngine,1202,02/19/2023, 14:10:54,540
FROV00001,FrozenEngine,1202,02/19/2023, 15:12:06,540
FROV00001,FrozenEngine,1202,02/19/2023, 16:15:25,540
FROV00001,FrozenEngine,1202,02/19/2023, 17:11:00,540
FROV00001,FrozenEngine,1202,02/19/2023, 18:14:29,540
FROV00001,FrozenEngine,1202,02/19/2023, 19:09:58,540
FROV00001,FrozenEngine,1202,02/19/2023, 20:12:50,540
FROV00001,FrozenEngine,1202,02/19/2023, 21:11:06,540
FROV00001,FrozenEngine,1202,02/19/2023, 22:11:39,540
FROV00001,FrozenEngine,1202,02/19/2023, 23:12:53,540
FROV00001,FrozenEngine,1202,02/20/2023, 01:03:56,540
FROV00001,FrozenEngine,1202,02/20/2023, 02:48:29,540
FROV00001,FrozenEngine,1202,02/20/2023, 03:18:45,540
FROV00001,FrozenEngine,1202,02/20/2023, 04:15:35,540
FROV00001,FrozenEngine,1202,02/20/2023, 05:12:21,540
FROV00001,FrozenEngine,1202,02/20/2023, 06:16:47,540
FROV00001,FrozenEngine,1202,02/20/2023, 07:12:35,540
FROV00001,FrozenEngine,1202,02/20/2023, 08:17:24,540
FROV00001,FrozenEngine,1202,02/20/2023, 09:13:41,540
FROV00001,FrozenEngine,1202,02/20/2023, 10:15:12,540
FROV00001,FrozenEngine,1202,02/20/2023, 11:11:06,540
FROV00001,FrozenEngine,1202,02/20/2023, 12:24:11,540
FROV00001,FrozenEngine,1202,02/20/2023, 13:21:37,540
FROV00001,FrozenEngine,1202,02/20/2023, 14:12:06,540
FROV00001,FrozenEngine,1202,02/20/2023, 15:13:31,540
FROV00001,FrozenEngine,1202,02/20/2023, 16:16:57,540
FROV00001,FrozenEngine,1202,02/20/2023, 17:11:53,540
FROV00001,FrozenEngine,1202,02/20/2023, 18:15:36,540
FROV00001,FrozenEngine,1202,02/20/2023, 19:10:30,540
FROV00001,FrozenEngine,1202,02/20/2023, 20:13:26,540
FROV00001,FrozenEngine,1202,02/20/2023, 21:11:41,540
FROV00001,FrozenEngine,1202,02/20/2023, 22:12:09,540
FROV00001,FrozenEngine,1202,02/20/2023, 23:12:36,540
FROV00001,FrozenEngine,1202,02/21/2023, 01:04:36,540
FROV00001,FrozenEngine,1202,02/21/2023, 02:47:43,540
FROV00001,FrozenEngine,1202,02/21/2023, 03:18:43,540
FROV00001,FrozenEngine,1202,02/21/2023, 04:15:43,540
FROV00001,FrozenEngine,1202,02/21/2023, 05:12:13,540
FROV00001,FrozenEngine,1202,02/21/2023, 06:16:22,540
FROV00001,FrozenEngine,1202,02/21/2023, 07:12:30,540
FROV00001,FrozenEngine,1202,02/21/2023, 08:16:29,540
FROV00001,FrozenEngine,1202,02/21/2023, 09:13:25,540
FROV00001,FrozenEngine,1202,02/21/2023, 10:13:53,540
FROV00001,FrozenEngine,1202,02/21/2023, 11:11:21,540
FROV00001,FrozenEngine,1202,02/21/2023, 12:24:12,540
FROV00001,FrozenEngine,1202,02/21/2023, 13:21:32,540
FROV00001,FrozenEngine,1202,02/21/2023, 14:12:12,540
FROV00001,FrozenEngine,1202,02/21/2023, 15:13:36,540
FROV00001,FrozenEngine,1202,02/21/2023, 16:15:57,540
FROV00001,FrozenEngine,1202,02/21/2023, 17:12:05,540
FROV00001,FrozenEngine,1202,02/21/2023, 18:15:59,540
FROV00001,FrozenEngine,1202,02/21/2023, 19:11:19,540
FROV00001,FrozenEngine,1202,02/21/2023, 20:14:04,540
FROV00001,FrozenEngine,1202,02/21/2023, 21:11:39,540
FROV00001,FrozenEngine,1202,02/21/2023, 22:12:44,540
FROV00001,FrozenEngine,1202,02/21/2023, 23:12:55,540
FROV00001,FrozenEngine,1203,02/22/2023, 01:00:36,540
FROV00001,FrozenEngine,1203,02/22/2023, 02:24:52,540
FROV00001,FrozenEngine,1203,02/22/2023, 03:16:55,540
FROV00001,FrozenEngine,1203,02/22/2023, 04:15:44,540
FROV00001,FrozenEngine,1203,02/22/2023, 05:12:36,540
FROV00001,FrozenEngine,1203,02/22/2023, 06:16:51,540
FROV00001,FrozenEngine,1203,02/22/2023, 07:12:04,540
FROV00001,FrozenEngine,1203,02/22/2023, 08:16:39,540
FROV00001,FrozenEngine,1203,02/22/2023, 09:13:28,540
FROV00001,FrozenEngine,1203,02/22/2023, 10:14:14,540
FROV00001,FrozenEngine,1203,02/22/2023, 11:11:18,540
FROV00001,FrozenEngine,1203,02/22/2023, 12:24:24,540
FROV00001,FrozenEngine,1203,02/22/2023, 13:22:32,540
FROV00001,FrozenEngine,1203,02/22/2023, 14:12:18,540
FROV00001,FrozenEngine,1203,02/22/2023, 15:13:50,540
FROV00001,FrozenEngine,1203,02/22/2023, 16:17:30,540
FROV00001,FrozenEngine,1203,02/22/2023, 17:12:09,540
FROV00001,FrozenEngine,1203,02/22/2023, 18:15:58,540
FROV00001,FrozenEngine,1203,02/22/2023, 19:10:56,540
FROV00001,FrozenEngine,1203,02/22/2023, 20:13:52,540
FROV00001,FrozenEngine,1203,02/22/2023, 21:11:46,540
FROV00001,FrozenEngine,1203,02/22/2023, 22:11:14,540
FROV00001,FrozenEngine,1203,02/22/2023, 23:11:41,540
FROV00001,FrozenEngine,1203,02/23/2023, 01:00:04,540
FROV00001,FrozenEngine,1203,02/23/2023, 02:22:25,540
FROV00001,FrozenEngine,1203,02/23/2023, 03:15:05,540
FROV00001,FrozenEngine,1203,02/23/2023, 04:15:39,540
FROV00001,FrozenEngine,1203,02/23/2023, 05:12:18,540
FROV00001,FrozenEngine,1203,02/23/2023, 06:16:19,540
FROV00001,FrozenEngine,1203,02/23/2023, 07:12:01,540
FROV00001,FrozenEngine,1203,02/23/2023, 08:16:26,540
FROV00001,FrozenEngine,1203,02/23/2023, 09:13:38,540
FROV00001,FrozenEngine,1203,02/23/2023, 10:14:01,540
FROV00001,FrozenEngine,1203,02/23/2023, 11:11:24,540
FROV00001,FrozenEngine,1203,02/23/2023, 12:25:55,540
FROV00001,FrozenEngine,1203,02/23/2023, 13:25:30,540
FROV00001,FrozenEngine,1203,02/23/2023, 14:13:11,540
FROV00001,FrozenEngine,1203,02/23/2023, 15:13:41,540
FROV00001,FrozenEngine,1203,02/23/2023, 16:17:54,540
FROV00001,FrozenEngine,1203,02/23/2023, 17:12:26,540
FROV00001,FrozenEngine,1203,02/23/2023, 18:16:33,540
FROV00001,FrozenEngine,1203,02/23/2023, 19:10:52,540
FROV00001,FrozenEngine,1203,02/23/2023, 20:13:55,540
FROV00001,FrozenEngine,1203,02/23/2023, 21:12:08,540
FROV00001,FrozenEngine,1203,02/23/2023, 22:12:47,540
FROV00001,FrozenEngine,1203,02/23/2023, 23:13:42,540
FROV00001,FrozenEngine,1203,02/24/2023, 01:02:14,540
FROV00001,FrozenEngine,1203,02/24/2023, 02:44:11,540
FROV00001,FrozenEngine,1203,02/24/2023, 03:16:24,540
FROV00001,FrozenEngine,1203,02/24/2023, 04:15:34,540
FROV00001,FrozenEngine,1203,02/24/2023, 05:12:28,540
FROV00001,FrozenEngine,1203,02/24/2023, 06:17:10,540
FROV00001,FrozenEngine,1203,02/24/2023, 07:12:12,540
FROV00001,FrozenEngine,1203,02/24/2023, 08:16:36,540
FROV00001,FrozenEngine,1203,02/24/2023, 09:13:17,540
FROV00001,FrozenEngine,1203,02/24/2023, 10:14:07,540
FROV00001,FrozenEngine,1203,02/24/2023, 11:11:27,540
FROV00001,FrozenEngine,1203,02/24/2023, 12:23:59,540
FROV00001,FrozenEngine,1203,02/24/2023, 13:21:58,540
FROV00001,FrozenEngine,1203,02/24/2023, 14:12:17,540
FROV00001,FrozenEngine,1203,02/24/2023, 15:11:54,540
FROV00001,FrozenEngine,1203,02/24/2023, 16:16:53,540
FROV00001,FrozenEngine,1203,02/24/2023, 17:12:37,540
FROV00001,FrozenEngine,1203,02/24/2023, 18:15:53,540
FROV00001,FrozenEngine,1203,02/24/2023, 19:10:50,540
FROV00001,FrozenEngine,1203,02/24/2023, 20:14:00,540
FROV00001,FrozenEngine,1203,02/24/2023, 21:10:14,540
FROV00001,FrozenEngine,1203,02/24/2023, 22:12:37,540
FROV00001,FrozenEngine,1203,02/24/2023, 23:12:46,540
FROV00001,FrozenEngine,1203,02/25/2023, 01:02:17,540
FROV00001,FrozenEngine,1203,02/25/2023, 02:45:51,540
FROV00001,FrozenEngine,1203,02/25/2023, 03:16:40,540
FROV00001,FrozenEngine,1203,02/25/2023, 04:15:18,540
FROV00001,FrozenEngine,1203,02/25/2023, 05:12:08,540
FROV00001,FrozenEngine,1204,02/25/2023, 06:15:21,540
FROV00001,FrozenEngine,1204,02/25/2023, 07:11:33,540
FROV00001,FrozenEngine,1204,02/25/2023, 08:15:17,540
FROV00001,FrozenEngine,1204,02/25/2023, 09:12:13,540
FROV00001,FrozenEngine,1204,02/25/2023, 10:12:36,540
FROV00001,FrozenEngine,1204,02/25/2023, 11:10:25,540
FROV00001,FrozenEngine,1204,02/25/2023, 12:21:27,540
FROV00001,FrozenEngine,1204,02/25/2023, 13:17:19,540
FROV00001,FrozenEngine,1204,02/25/2023, 14:10:55,540
FROV00001,FrozenEngine,1204,02/25/2023, 15:12:00,540
FROV00001,FrozenEngine,1204,02/25/2023, 16:15:28,540
FROV00001,FrozenEngine,1204,02/25/2023, 17:11:25,540
FROV00001,FrozenEngine,1204,02/25/2023, 18:14:56,540
FROV00001,FrozenEngine,1204,02/25/2023, 19:10:07,540
FROV00001,FrozenEngine,1204,02/25/2023, 20:12:55,540
FROV00001,FrozenEngine,1204,02/25/2023, 21:11:08,540
FROV00001,FrozenEngine,1204,02/25/2023, 22:11:49,540
FROV00001,FrozenEngine,1204,02/25/2023, 23:12:27,540
FROV00001,FrozenEngine,1204,02/26/2023, 01:09:22,540
FROV00001,FrozenEngine,1204,02/26/2023, 02:54:32,540
FROV00001,FrozenEngine,1204,02/26/2023, 03:24:18,540
FROV00001,FrozenEngine,1204,02/26/2023, 04:15:22,540
FROV00001,FrozenEngine,1204,02/26/2023, 05:11:55,540
FROV00001,FrozenEngine,1204,02/26/2023, 06:15:42,540
FROV00001,FrozenEngine,1204,02/26/2023, 07:11:48,540
FROV00001,FrozenEngine,1204,02/26/2023, 08:15:23,540
FROV00001,FrozenEngine,1204,02/26/2023, 09:12:25,540
FROV00001,FrozenEngine,1204,02/26/2023, 10:12:55,540
FROV00001,FrozenEngine,1204,02/26/2023, 11:10:29,540
FROV00001,FrozenEngine,1204,02/26/2023, 12:22:43,540
FROV00001,FrozenEngine,1204,02/26/2023, 13:18:57,540
FROV00001,FrozenEngine,1204,02/26/2023, 14:11:15,540
FROV00001,FrozenEngine,1204,02/26/2023, 15:12:17,540
FROV00001,FrozenEngine,1204,02/26/2023, 16:15:40,540
FROV00001,FrozenEngine,1204,02/26/2023, 17:11:02,540
FROV00001,FrozenEngine,1204,02/26/2023, 18:14:43,540
FROV00001,FrozenEngine,1204,02/26/2023, 19:10:19,540
FROV00001,FrozenEngine,1204,02/26/2023, 20:13:10,540
FROV00001,FrozenEngine,1204,02/26/2023, 21:10:40,540
FROV00001,FrozenEngine,1204,02/26/2023, 22:11:50,540
FROV00001,FrozenEngine,1204,02/26/2023, 23:12:36,540
FROV00001,FrozenEngine,1204,02/27/2023, 01:03:01,540
FROV00001,FrozenEngine,1204,02/27/2023, 02:47:05,540
FROV00001,FrozenEngine,1204,02/27/2023, 03:18:23,540
FROV00001,FrozenEngine,1204,02/27/2023, 04:15:56,540
FROV00001,FrozenEngine,1204,02/27/2023, 05:12:30,540
FROV00001,FrozenEngine,1204,02/27/2023, 06:17:21,540
FROV00001,FrozenEngine,1204,02/27/2023, 07:12:41,540
FROV00001,FrozenEngine,1204,02/27/2023, 08:17:38,540
FROV00001,FrozenEngine,1204,02/27/2023, 09:14:07,540
FROV00001,FrozenEngine,1204,02/27/2023, 10:14:54,540
FROV00001,FrozenEngine,1205,02/27/2023, 11:11:30,540
FROV00001,FrozenEngine,1205,02/27/2023, 12:25:35,540
FROV00001,FrozenEngine,1205,02/27/2023, 13:23:27,540
FROV00001,FrozenEngine,1205,02/27/2023, 14:12:30,540
FROV00001,FrozenEngine,1205,02/27/2023, 15:13:46,540
FROV00001,FrozenEngine,1205,02/27/2023, 16:17:46,540
FROV00001,FrozenEngine,1205,02/27/2023, 17:12:29,540
FROV00001,FrozenEngine,1205,02/27/2023, 18:16:24,540
FROV00001,FrozenEngine,1205,02/27/2023, 19:10:43,540
FROV00001,FrozenEngine,1205,02/27/2023, 20:14:00,540
FROV00001,FrozenEngine,1205,02/27/2023, 21:12:13,540
FROV00001,FrozenEngine,1205,02/27/2023, 22:12:51,540
FROV00001,FrozenEngine,1205,02/27/2023, 23:13:28,540
FROV00001,FrozenEngine,1205,02/28/2023, 01:02:38,540
FROV00001,FrozenEngine,1206,02/28/2023, 02:45:36,540
FROV00001,FrozenEngine,1206,02/28/2023, 03:17:23,540
FROV00001,FrozenEngine,1206,02/28/2023, 04:15:34,540
FROV00001,FrozenEngine,1206,02/28/2023, 05:12:39,540
FROV00001,FrozenEngine,1206,02/28/2023, 06:17:08,540
FROV00001,FrozenEngine,1206,02/28/2023, 07:12:33,540
FROV00001,FrozenEngine,1206,02/28/2023, 08:17:21,540
FROV00001,FrozenEngine,1206,02/28/2023, 09:13:40,540
FROV00001,FrozenEngine,1206,02/28/2023, 10:14:17,540
FROV00001,FrozenEngine,1206,02/28/2023, 11:11:24,540
FROV00001,FrozenEngine,1206,02/28/2023, 12:24:31,540
FROV00001,FrozenEngine,1206,02/28/2023, 13:23:14,540
FROV00001,FrozenEngine,1206,02/28/2023, 14:12:34,540
FROV00001,FrozenEngine,1206,02/28/2023, 15:13:33,540
FROV00001,FrozenEngine,1206,02/28/2023, 16:17:23,540
FROV00001,FrozenEngine,1206,02/28/2023, 17:12:27,540
FROV00001,FrozenEngine,1206,02/28/2023, 18:16:18,540
FROV00001,FrozenEngine,1206,02/28/2023, 19:10:57,540
FROV00001,FrozenEngine,1206,02/28/2023, 20:14:05,540
FROV00001,FrozenEngine,1206,02/28/2023, 21:12:04,540
FROV00001,FrozenEngine,1206,02/28/2023, 22:12:44,540
FROV00001,FrozenEngine,1206,02/28/2023, 23:12:58,540
FROV00001,FrozenEngine,1206,03/01/2023, 01:09:40,540
FROV00001,FrozenEngine,1206,03/01/2023, 02:57:01,540
FROV00001,FrozenEngine,1206,03/01/2023, 03:27:41,540
FROV00001,FrozenEngine,1206,03/01/2023, 04:15:42,540
FROV00001,FrozenEngine,1206,03/01/2023, 05:12:35,540
FROV00001,FrozenEngine,1206,03/01/2023, 06:17:37,540
FROV00001,FrozenEngine,1206,03/01/2023, 07:12:37,540
FROV00001,FrozenEngine,1206,03/01/2023, 08:17:28,540
FROV00001,FrozenEngine,1206,03/01/2023, 09:13:40,540
FROV00001,FrozenEngine,1206,03/01/2023, 10:14:20,540
FROV00001,FrozenEngine,1206,03/01/2023, 11:11:37,540
FROV00001,FrozenEngine,1206,03/01/2023, 12:25:29,540
FROV00001,FrozenEngine,1206,03/01/2023, 13:23:12,540
FROV00001,FrozenEngine,1206,03/01/2023, 14:12:21,540
FROV00001,FrozenEngine,1206,03/01/2023, 15:14:08,540
FROV00001,FrozenEngine,1206,03/01/2023, 16:18:03,540
FROV00001,FrozenEngine,1206,03/01/2023, 17:12:15,540
FROV00001,FrozenEngine,1206,03/01/2023, 18:16:12,540
FROV00001,FrozenEngine,1206,03/01/2023, 19:11:19,540
FROV00001,FrozenEngine,1206,03/01/2023, 20:13:56,540
FROV00001,FrozenEngine,1206,03/01/2023, 21:12:14,540
FROV00001,FrozenEngine,1206,03/01/2023, 22:12:22,540
FROV00001,FrozenEngine,1206,03/01/2023, 23:13:15,540
FROV00001,FrozenEngine,1206,03/02/2023, 01:07:16,540
FROV00001,FrozenEngine,1206,03/02/2023, 02:51:12,540
FROV00001,FrozenEngine,1206,03/02/2023, 03:21:44,540
FROV00001,FrozenEngine,1206,03/02/2023, 04:16:00,540
FROV00001,FrozenEngine,1206,03/02/2023, 05:12:39,540
FROV00001,FrozenEngine,1206,03/02/2023, 06:16:48,540
FROV00001,FrozenEngine,1206,03/02/2023, 07:12:38,540
FROV00001,FrozenEngine,1206,03/02/2023, 08:16:56,540
FROV00001,FrozenEngine,1207,03/02/2023, 09:13:22,540
FROV00001,FrozenEngine,1207,03/02/2023, 10:14:23,540
FROV00001,FrozenEngine,1207,03/02/2023, 11:11:29,540
FROV00001,FrozenEngine,1207,03/02/2023, 12:23:08,540
FROV00001,FrozenEngine,1207,03/02/2023, 13:24:15,540
FROV00001,FrozenEngine,1207,03/02/2023, 14:12:39,540
FROV00001,FrozenEngine,1207,03/02/2023, 15:13:35,540
FROV00001,FrozenEngine,1207,03/02/2023, 16:17:47,540
FROV00001,FrozenEngine,1207,03/02/2023, 17:12:22,540
FROV00001,FrozenEngine,1207,03/02/2023, 18:17:14,540
FROV00001,FrozenEngine,1207,03/02/2023, 19:10:24,540
FROV00001,FrozenEngine,1207,03/02/2023, 20:14:16,540
FROV00001,FrozenEngine,1207,03/02/2023, 21:11:49,540
FROV00001,FrozenEngine,1207,03/02/2023, 22:11:41,540
FROV00001,FrozenEngine,1207,03/02/2023, 23:13:40,540
FROV00001,FrozenEngine,1207,03/03/2023, 02:53:24,540
FROV00001,FrozenEngine,1207,03/03/2023, 04:28:07,540
FROV00001,FrozenEngine,1207,03/03/2023, 05:17:05,540
FROV00001,FrozenEngine,1207,03/03/2023, 06:16:29,540
FROV00001,FrozenEngine,1207,03/03/2023, 07:12:16,540
FROV00001,FrozenEngine,1207,03/03/2023, 08:16:23,540
FROV00001,FrozenEngine,1207,03/03/2023, 09:13:22,540
FROV00001,FrozenEngine,1207,03/03/2023, 10:13:59,540
FROV00001,FrozenEngine,1207,03/03/2023, 11:11:03,540
FROV00001,FrozenEngine,1207,03/03/2023, 12:23:20,540
FROV00001,FrozenEngine,1207,03/03/2023, 13:20:44,540
FROV00001,FrozenEngine,1207,03/03/2023, 14:11:52,540
FROV00001,FrozenEngine,1207,03/03/2023, 15:13:30,540
FROV00001,FrozenEngine,1207,03/03/2023, 16:17:00,540
FROV00001,FrozenEngine,1207,03/03/2023, 17:12:13,540
FROV00001,FrozenEngine,1207,03/03/2023, 18:16:21,540
FROV00001,FrozenEngine,1207,03/03/2023, 19:10:43,540
FROV00001,FrozenEngine,1207,03/03/2023, 20:13:45,540
FROV00001,FrozenEngine,1207,03/03/2023, 21:10:38,540
FROV00001,FrozenEngine,1207,03/03/2023, 22:12:33,540
FROV00001,FrozenEngine,1207,03/03/2023, 23:13:30,540
FROV00001,FrozenEngine,1207,03/04/2023, 01:00:39,540
FROV00001,FrozenEngine,1207,03/04/2023, 02:22:12,540
FROV00001,FrozenEngine,1207,03/04/2023, 03:14:22,540
FROV00001,FrozenEngine,1207,03/04/2023, 04:15:28,540
FROV00001,FrozenEngine,1207,03/04/2023, 05:11:39,540
FROV00001,FrozenEngine,1207,03/04/2023, 06:15:34,540
FROV00001,FrozenEngine,1207,03/04/2023, 07:11:46,540
FROV00001,FrozenEngine,1207,03/04/2023, 08:15:14,540
FROV00001,FrozenEngine,1207,03/04/2023, 09:12:00,540
FROV00001,FrozenEngine,1207,03/04/2023, 10:12:51,540
FROV00001,FrozenEngine,1207,03/04/2023, 11:10:14,540
FROV00001,FrozenEngine,1207,03/04/2023, 12:21:55,540
FROV00001,FrozenEngine,1207,03/04/2023, 13:17:20,540
FROV00001,FrozenEngine,1207,03/04/2023, 14:11:03,540
FROV00001,FrozenEngine,1207,03/04/2023, 15:12:10,540
FROV00001,FrozenEngine,1207,03/04/2023, 16:15:35,540
FROV00001,FrozenEngine,1207,03/04/2023, 17:10:48,540
FROV00001,FrozenEngine,1207,03/04/2023, 18:14:31,540
FROV00001,FrozenEngine,1207,03/04/2023, 19:10:29,540
FROV00001,FrozenEngine,1207,03/04/2023, 20:12:17,540
FROV00001,FrozenEngine,1207,03/04/2023, 21:10:54,540
FROV00001,FrozenEngine,1207,03/04/2023, 22:11:33,540
FROV00001,FrozenEngine,1207,03/04/2023, 23:12:14,540
FROV00001,FrozenEngine,1207,03/05/2023, 01:11:08,540
FROV00001,FrozenEngine,1207,03/05/2023, 02:57:50,540
FROV00001,FrozenEngine,1207,03/05/2023, 03:27:04,540
FROV00001,FrozenEngine,1207,03/05/2023, 04:14:59,540
FROV00001,FrozenEngine,1207,03/05/2023, 05:11:47,540
FROV00001,FrozenEngine,1207,03/05/2023, 06:15:13,540
FROV00001,FrozenEngine,1207,03/05/2023, 07:11:38,540
FROV00001,FrozenEngine,1207,03/05/2023, 08:15:03,540
FROV00001,FrozenEngine,1207,03/05/2023, 09:12:12,540
FROV00001,FrozenEngine,1207,03/05/2023, 10:12:55,540
FROV00001,FrozenEngine,1207,03/05/2023, 11:10:10,540
FROV00001,FrozenEngine,1207,03/05/2023, 12:22:06,540
FROV00001,FrozenEngine,1207,03/05/2023, 13:17:20,540
FROV00001,FrozenEngine,1207,03/05/2023, 14:11:09,540
FROV00001,FrozenEngine,1207,03/05/2023, 15:12:07,540
FROV00001,FrozenEngine,1207,03/05/2023, 16:15:24,540
FROV00001,FrozenEngine,1207,03/05/2023, 17:11:03,540
FROV00001,FrozenEngine,1207,03/05/2023, 18:14:41,540
FROV00001,FrozenEngine,1207,03/05/2023, 19:09:58,540
FROV00001,FrozenEngine,1207,03/05/2023, 20:12:48,540
FROV00001,FrozenEngine,1207,03/05/2023, 21:11:01,540
FROV00001,FrozenEngine,1207,03/05/2023, 22:11:58,540
FROV00001,FrozenEngine,1207,03/05/2023, 23:12:12,540
FROV00001,FrozenEngine,1207,03/06/2023, 01:03:08,540
FROV00001,FrozenEngine,1207,03/06/2023, 02:49:02,540
FROV00001,FrozenEngine,1207,03/06/2023, 03:19:24,540
FROV00001,FrozenEngine,1207,03/06/2023, 04:15:51,540
FROV00001,FrozenEngine,1207,03/06/2023, 05:12:27,540
FROV00001,FrozenEngine,1207,03/06/2023, 06:17:11,540
FROV00001,FrozenEngine,1207,03/06/2023, 07:12:31,540
FROV00001,FrozenEngine,1207,03/06/2023, 08:17:30,540
FROV00001,FrozenEngine,1207,03/06/2023, 09:14:06,540
FROV00001,FrozenEngine,1207,03/06/2023, 10:14:25,540
FROV00001,FrozenEngine,1207,03/06/2023, 11:11:27,540
FROV00001,FrozenEngine,1207,03/06/2023, 12:25:04,540
FROV00001,FrozenEngine,1207,03/06/2023, 13:22:44,540
FROV00001,FrozenEngine,1207,03/06/2023, 14:12:26,540
FROV00001,FrozenEngine,1207,03/06/2023, 15:13:46,540
FROV00001,FrozenEngine,1207,03/06/2023, 16:17:33,540
FROV00001,FrozenEngine,1207,03/06/2023, 17:12:43,540
FROV00001,FrozenEngine,1207,03/06/2023, 18:16:35,540
FROV00001,FrozenEngine,1207,03/06/2023, 19:10:55,540
FROV00001,FrozenEngine,1207,03/06/2023, 20:13:53,540
FROV00001,FrozenEngine,1207,03/06/2023, 21:12:13,540
FROV00001,FrozenEngine,1207,03/06/2023, 22:12:51,540
FROV00001,FrozenEngine,1207,03/06/2023, 23:13:13,540
FROV00001,FrozenEngine,1207,03/07/2023, 01:07:40,540
FROV00001,FrozenEngine,1207,03/07/2023, 02:56:38,540
FROV00001,FrozenEngine,1207,03/07/2023, 03:27:42,540
FROV00001,FrozenEngine,1207,03/07/2023, 04:15:53,540
FROV00001,FrozenEngine,1207,03/07/2023, 05:12:38,540
FROV00001,FrozenEngine,1207,03/07/2023, 06:16:30,540
FROV00001,FrozenEngine,1207,03/07/2023, 07:11:39,540
FROV00001,FrozenEngine,1207,03/07/2023, 08:17:54,540
FROV00001,FrozenEngine,1207,03/07/2023, 09:13:51,540
FROV00001,FrozenEngine,1207,03/07/2023, 10:14:25,540
FROV00001,FrozenEngine,1207,03/07/2023, 11:11:49,540
FROV00001,FrozenEngine,1207,03/07/2023, 12:24:46,540
FROV00001,FrozenEngine,1207,03/07/2023, 13:23:37,540
FROV00001,FrozenEngine,1207,03/07/2023, 14:12:47,540
FROV00001,FrozenEngine,1207,03/07/2023, 15:13:19,540
FROV00001,FrozenEngine,1207,03/07/2023, 16:17:32,540
FROV00001,FrozenEngine,1207,03/07/2023, 17:12:23,540
FROV00001,FrozenEngine,1207,03/07/2023, 18:16:11,540
FROV00001,FrozenEngine,1207,03/07/2023, 19:10:57,540
FROV00001,FrozenEngine,1207,03/07/2023, 20:14:00,540
FROV00001,FrozenEngine,1207,03/07/2023, 21:11:58,540
FROV00001,FrozenEngine,1207,03/07/2023, 22:12:40,540
FROV00001,FrozenEngine,1207,03/07/2023, 23:13:36,540
FROV00001,FrozenEngine,1207,03/08/2023, 01:05:49,540
FROV00001,FrozenEngine,1207,03/08/2023, 02:50:30,540
FROV00001,FrozenEngine,1207,03/08/2023, 03:21:01,540
FROV00001,FrozenEngine,1208,03/08/2023, 04:15:35,540
FROV00001,FrozenEngine,1208,03/08/2023, 05:12:38,540
FROV00001,FrozenEngine,1208,03/08/2023, 06:16:42,540
FROV00001,FrozenEngine,1208,03/08/2023, 07:12:43,540
FROV00001,FrozenEngine,1208,03/08/2023, 08:16:52,540
FROV00001,FrozenEngine,1208,03/08/2023, 09:13:24,540
FROV00001,FrozenEngine,1208,03/08/2023, 10:14:36,540
FROV00001,FrozenEngine,1208,03/08/2023, 11:11:08,540
FROV00001,FrozenEngine,1208,03/08/2023, 12:24:32,540
FROV00001,FrozenEngine,1208,03/08/2023, 13:22:51,540
FROV00001,FrozenEngine,1208,03/08/2023, 14:12:37,540
FROV00001,FrozenEngine,1208,03/08/2023, 15:13:51,540
FROV00001,FrozenEngine,1208,03/08/2023, 16:17:34,540
FROV00001,FrozenEngine,1208,03/08/2023, 17:12:14,540
FROV00001,FrozenEngine,1208,03/08/2023, 18:16:25,540
FROV00001,FrozenEngine,1208,03/08/2023, 19:10:58,540
FROV00001,FrozenEngine,1208,03/08/2023, 20:13:52,540
FROV00001,FrozenEngine,1208,03/08/2023, 21:12:06,540
FROV00001,FrozenEngine,1208,03/08/2023, 22:12:44,540
FROV00001,FrozenEngine,1208,03/08/2023, 23:13:23,540
FROV00001,FrozenEngine,1208,03/09/2023, 01:05:51,540
FROV00001,FrozenEngine,1208,03/09/2023, 02:50:16,540
FROV00001,FrozenEngine,1208,03/09/2023, 03:20:51,540
FROV00001,FrozenEngine,1208,03/09/2023, 04:15:45,540
FROV00001,FrozenEngine,1208,03/09/2023, 05:12:28,540
FROV00001,FrozenEngine,1209,03/09/2023, 06:17:13,540
FROV00001,FrozenEngine,1209,03/09/2023, 07:12:33,540
FROV00001,FrozenEngine,1209,03/09/2023, 08:16:47,540
FROV00001,FrozenEngine,1209,03/09/2023, 09:13:47,540
FROV00001,FrozenEngine,1209,03/09/2023, 10:14:21,540
FROV00001,FrozenEngine,1209,03/09/2023, 11:11:37,540
FROV00001,FrozenEngine,1209,03/09/2023, 12:26:02,540
FROV00001,FrozenEngine,1209,03/09/2023, 13:28:48,540
FROV00001,FrozenEngine,1209,03/09/2023, 14:12:43,540
FROV00001,FrozenEngine,1209,03/09/2023, 15:14:08,540
FROV00001,FrozenEngine,1209,03/09/2023, 16:17:58,540
FROV00001,FrozenEngine,1209,03/09/2023, 17:12:15,540
FROV00001,FrozenEngine,1209,03/09/2023, 18:16:03,540
FROV00001,FrozenEngine,1209,03/09/2023, 19:11:00,540
FROV00001,FrozenEngine,1209,03/09/2023, 20:13:58,540
FROV00001,FrozenEngine,1209,03/09/2023, 21:12:15,540
FROV00001,FrozenEngine,1209,03/09/2023, 22:13:04,540
FROV00001,FrozenEngine,1209,03/09/2023, 23:14:08,540
FROV00001,FrozenEngine,1209,03/10/2023, 01:05:05,540
FROV00001,FrozenEngine,1209,03/10/2023, 02:53:39,540
FROV00001,FrozenEngine,1209,03/10/2023, 03:23:59,540
FROV00001,FrozenEngine,1209,03/10/2023, 04:15:46,540
FROV00001,FrozenEngine,1210,03/10/2023, 05:12:32,540
FROV00001,FrozenEngine,1210,03/10/2023, 06:17:19,540
FROV00001,FrozenEngine,1210,03/10/2023, 07:12:28,540
FROV00001,FrozenEngine,1210,03/10/2023, 08:16:56,540
FROV00001,FrozenEngine,1210,03/10/2023, 09:13:37,540
FROV00001,FrozenEngine,1210,03/10/2023, 10:14:20,540
FROV00001,FrozenEngine,1210,03/10/2023, 11:11:26,540
FROV00001,FrozenEngine,1210,03/10/2023, 12:24:23,540
FROV00001,FrozenEngine,1210,03/10/2023, 13:23:06,540
FROV00001,FrozenEngine,1210,03/10/2023, 14:12:33,540
FROV00001,FrozenEngine,1210,03/10/2023, 15:12:27,540
FROV00001,FrozenEngine,1210,03/10/2023, 16:17:33,540
FROV00001,FrozenEngine,1210,03/10/2023, 17:11:28,540
FROV00001,FrozenEngine,1210,03/10/2023, 18:14:50,540
FROV00001,FrozenEngine,1210,03/10/2023, 19:10:15,540
FROV00001,FrozenEngine,1210,03/10/2023, 20:13:08,540
FROV00001,FrozenEngine,1210,03/10/2023, 21:11:04,540
FROV00001,FrozenEngine,1210,03/10/2023, 22:11:51,540
FROV00001,FrozenEngine,1210,03/10/2023, 23:12:18,540
FROV00001,FrozenEngine,1210,03/11/2023, 00:56:17,540
FROV00001,FrozenEngine,1210,03/11/2023, 02:08:45,540
FROV00001,FrozenEngine,1210,03/11/2023, 03:13:04,540
FROV00001,FrozenEngine,1210,03/11/2023, 04:14:29,540
FROV00001,FrozenEngine,1210,03/11/2023, 05:11:28,540
FROV00001,FrozenEngine,1210,03/11/2023, 06:14:58,540
FROV00001,FrozenEngine,1210,03/11/2023, 07:10:54,540
FROV00001,FrozenEngine,1210,03/11/2023, 08:14:50,540
FROV00001,FrozenEngine,1210,03/11/2023, 09:11:38,540
FROV00001,FrozenEngine,1210,03/11/2023, 10:12:17,540
FROV00001,FrozenEngine,1210,03/11/2023, 11:10:23,540
FROV00001,FrozenEngine,1210,03/11/2023, 12:20:49,540
FROV00001,FrozenEngine,1210,03/11/2023, 13:15:26,540
FROV00001,FrozenEngine,1210,03/11/2023, 14:10:24,540
FROV00001,FrozenEngine,1210,03/11/2023, 15:11:37,540
FROV00001,FrozenEngine,1210,03/11/2023, 16:15:04,540
FROV00001,FrozenEngine,1210,03/11/2023, 17:10:40,540
FROV00001,FrozenEngine,1210,03/11/2023, 18:14:10,540
FROV00001,FrozenEngine,1210,03/11/2023, 19:09:56,540
FROV00001,FrozenEngine,1210,03/11/2023, 20:12:11,540
FROV00001,FrozenEngine,1210,03/11/2023, 21:10:16,540
FROV00001,FrozenEngine,1210,03/11/2023, 22:11:06,540
FROV00001,FrozenEngine,1210,03/11/2023, 23:12:00,540
FROV00001,FrozenEngine,1210,03/12/2023, 01:04:20,540
FROV00001,FrozenEngine,1210,03/12/2023, 02:43:52,540
FROV00001,FrozenEngine,1210,03/12/2023, 03:14:13,540
FROV00001,FrozenEngine,1210,03/12/2023, 04:14:36,540
FROV00001,FrozenEngine,1210,03/12/2023, 05:11:08,540
FROV00001,FrozenEngine,1210,03/12/2023, 06:15:01,540
FROV00001,FrozenEngine,1210,03/12/2023, 07:10:40,540
FROV00001,FrozenEngine,1210,03/12/2023, 08:14:32,540
FROV00001,FrozenEngine,1210,03/12/2023, 09:11:23,540
FROV00001,FrozenEngine,1210,03/12/2023, 10:12:14,540
FROV00001,FrozenEngine,1210,03/12/2023, 11:09:50,540
FROV00001,FrozenEngine,1210,03/12/2023, 12:21:14,540
FROV00001,FrozenEngine,1210,03/12/2023, 13:16:00,540
FROV00001,FrozenEngine,1210,03/12/2023, 14:10:42,540
FROV00001,FrozenEngine,1210,03/12/2023, 15:11:43,540
FROV00001,FrozenEngine,1210,03/12/2023, 16:14:37,540
FROV00001,FrozenEngine,1210,03/12/2023, 17:10:35,540
FROV00001,FrozenEngine,1210,03/12/2023, 18:13:59,540
FROV00001,FrozenEngine,1210,03/12/2023, 19:09:43,540
FROV00001,FrozenEngine,1210,03/12/2023, 20:12:28,540
FROV00001,FrozenEngine,1210,03/12/2023, 21:10:35,540
FROV00001,FrozenEngine,1210,03/12/2023, 22:11:19,540
FROV00001,FrozenEngine,1210,03/12/2023, 23:11:48,540
FROV00001,FrozenEngine,1211,03/13/2023, 01:00:37,540
FROV00001,FrozenEngine,1211,03/13/2023, 02:16:36,540
FROV00001,FrozenEngine,1211,03/13/2023, 03:13:13,540
FROV00001,FrozenEngine,1211,03/13/2023, 04:15:11,540
FROV00001,FrozenEngine,1211,03/13/2023, 05:12:21,540
FROV00001,FrozenEngine,1211,03/13/2023, 06:16:39,540
FROV00001,FrozenEngine,1211,03/13/2023, 07:11:51,540
FROV00001,FrozenEngine,1211,03/13/2023, 08:16:41,540
FROV00001,FrozenEngine,1211,03/13/2023, 09:13:51,540
FROV00001,FrozenEngine,1211,03/13/2023, 10:14:17,540
FROV00001,FrozenEngine,1211,03/13/2023, 11:10:27,540
FROV00001,FrozenEngine,1211,03/13/2023, 12:24:38,540
FROV00001,FrozenEngine,1211,03/13/2023, 13:21:16,540
FROV00001,FrozenEngine,1211,03/13/2023, 14:12:16,540
FROV00001,FrozenEngine,1211,03/13/2023, 15:12:13,540
FROV00001,FrozenEngine,1211,03/13/2023, 16:16:54,540
FROV00001,FrozenEngine,1211,03/13/2023, 17:11:56,540
FROV00001,FrozenEngine,1212,03/13/2023, 18:14:47,540
FROV00001,FrozenEngine,1212,03/13/2023, 19:10:26,540
FROV00001,FrozenEngine,1212,03/13/2023, 20:13:27,540
FROV00001,FrozenEngine,1212,03/13/2023, 21:11:39,540
FROV00001,FrozenEngine,1212,03/13/2023, 22:12:26,540
FROV00001,FrozenEngine,1212,03/13/2023, 23:12:49,540
FROV00001,FrozenEngine,1212,03/14/2023, 00:53:38,540
FROV00001,FrozenEngine,1212,03/14/2023, 02:01:38,540
FROV00001,FrozenEngine,1212,03/14/2023, 03:13:39,540
FROV00001,FrozenEngine,1212,03/14/2023, 04:15:31,540
FROV00001,FrozenEngine,1212,03/14/2023, 05:12:22,540
FROV00001,FrozenEngine,1212,03/14/2023, 06:16:59,540
FROV00001,FrozenEngine,1212,03/14/2023, 07:13:03,540
FROV00001,FrozenEngine,1212,03/14/2023, 08:18:04,540
FROV00001,FrozenEngine,1212,03/14/2023, 09:14:20,540
FROV00001,FrozenEngine,1212,03/14/2023, 10:15:10,540
FROV00001,FrozenEngine,1212,03/14/2023, 11:12:13,540
FROV00001,FrozenEngine,1212,03/14/2023, 12:30:15,540
FROV00001,FrozenEngine,1212,03/14/2023, 13:30:48,540
FROV00001,FrozenEngine,1212,03/14/2023, 14:14:03,540
FROV00001,FrozenEngine,1212,03/14/2023, 15:16:07,540
FROV00001,FrozenEngine,1212,03/14/2023, 16:20:08,540
FROV00001,FrozenEngine,1212,03/14/2023, 17:16:50,540
FROV00001,FrozenEngine,1212,03/14/2023, 18:18:25,540
FROV00001,FrozenEngine,1212,03/14/2023, 19:12:27,540
FROV00001,FrozenEngine,1212,03/14/2023, 20:16:58,540
FROV00001,FrozenEngine,1212,03/14/2023, 21:11:24,540
FROV00001,FrozenEngine,1212,03/14/2023, 22:11:42,540
FROV00001,FrozenEngine,1212,03/14/2023, 23:12:32,540
FROV00001,FrozenEngine,1212,03/15/2023, 01:01:14,540
FROV00001,FrozenEngine,1212,03/15/2023, 02:16:02,540
FROV00001,FrozenEngine,1212,03/15/2023, 03:13:14,540
FROV00001,FrozenEngine,1212,03/15/2023, 04:15:10,540
FROV00001,FrozenEngine,1212,03/15/2023, 05:12:06,540
FROV00001,FrozenEngine,1212,03/15/2023, 06:16:22,540
FROV00001,FrozenEngine,1212,03/15/2023, 07:11:52,540
FROV00001,FrozenEngine,1212,03/15/2023, 08:16:22,540
FROV00001,FrozenEngine,1212,03/15/2023, 09:13:22,540
FROV00001,FrozenEngine,1212,03/15/2023, 10:13:58,540
FROV00001,FrozenEngine,1212,03/15/2023, 11:11:00,540
FROV00001,FrozenEngine,1212,03/15/2023, 12:23:34,540
FROV00001,FrozenEngine,1212,03/15/2023, 13:20:51,540
FROV00001,FrozenEngine,1212,03/15/2023, 14:11:53,540
FROV00001,FrozenEngine,1212,03/15/2023, 15:13:23,540
FROV00001,FrozenEngine,1212,03/15/2023, 16:17:31,540
FROV00001,FrozenEngine,1212,03/15/2023, 17:12:26,540
FROV00001,FrozenEngine,1212,03/15/2023, 18:15:45,540
FROV00001,FrozenEngine,1212,03/15/2023, 19:10:46,540
FROV00001,FrozenEngine,1212,03/15/2023, 20:13:27,540
FROV00001,FrozenEngine,1212,03/15/2023, 21:11:41,540
FROV00001,FrozenEngine,1212,03/15/2023, 22:12:01,540
FROV00001,FrozenEngine,1212,03/15/2023, 23:10:35,540
FROV00001,FrozenEngine,1212,03/16/2023, 01:02:37,540
FROV00001,FrozenEngine,1212,03/16/2023, 02:36:53,540
FROV00001,FrozenEngine,1212,03/16/2023, 03:13:23,540
FROV00001,FrozenEngine,1212,03/16/2023, 04:15:02,540
FROV00001,FrozenEngine,1212,03/16/2023, 05:12:12,540
FROV00001,FrozenEngine,1212,03/16/2023, 06:16:03,540
FROV00001,FrozenEngine,1212,03/16/2023, 07:12:11,540
FROV00001,FrozenEngine,1212,03/16/2023, 08:16:24,540
FROV00001,FrozenEngine,1212,03/16/2023, 09:13:49,540
FROV00001,FrozenEngine,1212,03/16/2023, 10:13:57,540
FROV00001,FrozenEngine,1212,03/16/2023, 11:11:04,540
FROV00001,FrozenEngine,1213,03/16/2023, 12:23:43,540
FROV00001,FrozenEngine,1213,03/16/2023, 13:21:38,540
FROV00001,FrozenEngine,1213,03/16/2023, 14:12:30,540
FROV00001,FrozenEngine,1213,03/16/2023, 15:13:43,540
FROV00001,FrozenEngine,1213,03/16/2023, 16:19:29,540
FROV00001,FrozenEngine,1213,03/16/2023, 17:12:08,540
FROV00001,FrozenEngine,1213,03/16/2023, 18:15:39,540
FROV00001,FrozenEngine,1213,03/16/2023, 19:10:26,540
FROV00001,FrozenEngine,1213,03/16/2023, 20:13:23,540
FROV00001,FrozenEngine,1213,03/16/2023, 21:11:20,540
FROV00001,FrozenEngine,1213,03/16/2023, 22:12:10,540
FROV00001,FrozenEngine,1214,03/16/2023, 23:12:45,540
FROV00001,FrozenEngine,1214,03/17/2023, 01:00:35,540
FROV00001,FrozenEngine,1214,03/17/2023, 02:13:48,540
FROV00001,FrozenEngine,1214,03/17/2023, 03:13:17,540
FROV00001,FrozenEngine,1214,03/17/2023, 04:15:02,540
FROV00001,FrozenEngine,1214,03/17/2023, 05:11:47,540
FROV00001,FrozenEngine,1214,03/17/2023, 06:14:32,540
FROV00001,FrozenEngine,1214,03/17/2023, 07:11:44,540
FROV00001,FrozenEngine,1214,03/17/2023, 08:15:53,540
FROV00001,FrozenEngine,1214,03/17/2023, 09:13:00,540
FROV00001,FrozenEngine,1214,03/17/2023, 10:13:34,540
FROV00001,FrozenEngine,1214,03/17/2023, 11:10:54,540
FROV00001,FrozenEngine,1214,03/17/2023, 12:23:22,540
FROV00001,FrozenEngine,1214,03/17/2023, 13:19:40,540
FROV00001,FrozenEngine,1214,03/17/2023, 14:12:08,540
FROV00001,FrozenEngine,1214,03/17/2023, 15:12:51,540
FROV00001,FrozenEngine,1214,03/17/2023, 16:16:26,540
FROV00001,FrozenEngine,1214,03/17/2023, 17:11:32,540
FROV00001,FrozenEngine,1214,03/17/2023, 18:14:36,540
FROV00001,FrozenEngine,1214,03/17/2023, 19:10:24,540
FROV00001,FrozenEngine,1214,03/17/2023, 20:13:27,540
FROV00001,FrozenEngine,1214,03/17/2023, 21:10:59,540
FROV00001,FrozenEngine,1214,03/17/2023, 22:11:44,540
FROV00001,FrozenEngine,1214,03/17/2023, 23:12:16,540
FROV00001,FrozenEngine,1214,03/18/2023, 00:59:32,540
FROV00001,FrozenEngine,1214,03/18/2023, 02:12:48,540
FROV00001,FrozenEngine,1214,03/18/2023, 03:13:02,540
FROV00001,FrozenEngine,1214,03/18/2023, 04:14:32,540
FROV00001,FrozenEngine,1214,03/18/2023, 05:11:11,540
FROV00001,FrozenEngine,1214,03/18/2023, 06:14:56,540
FROV00001,FrozenEngine,1214,03/18/2023, 07:11:07,540
FROV00001,FrozenEngine,1214,03/18/2023, 08:14:45,540
FROV00001,FrozenEngine,1214,03/18/2023, 09:11:29,540
FROV00001,FrozenEngine,1214,03/18/2023, 10:12:16,540
FROV00001,FrozenEngine,1214,03/18/2023, 11:10:16,540
FROV00001,FrozenEngine,1214,03/18/2023, 12:21:04,540
FROV00001,FrozenEngine,1214,03/18/2023, 13:15:50,540
FROV00001,FrozenEngine,1214,03/18/2023, 14:10:41,540
FROV00001,FrozenEngine,1214,03/18/2023, 15:11:59,540
FROV00001,FrozenEngine,1214,03/18/2023, 16:15:04,540
FROV00001,FrozenEngine,1214,03/18/2023, 17:10:28,540
FROV00001,FrozenEngine,1214,03/18/2023, 18:14:22,540
FROV00001,FrozenEngine,1214,03/18/2023, 19:09:38,540
FROV00001,FrozenEngine,1214,03/18/2023, 20:12:24,540
FROV00001,FrozenEngine,1214,03/18/2023, 21:10:59,540
FROV00001,FrozenEngine,1214,03/18/2023, 22:10:59,540
FROV00001,FrozenEngine,1214,03/18/2023, 23:11:56,540
FROV00001,FrozenEngine,1214,03/19/2023, 01:06:12,540
FROV00001,FrozenEngine,1214,03/19/2023, 02:43:58,540
FROV00001,FrozenEngine,1214,03/19/2023, 03:14:33,540
FROV00001,FrozenEngine,1214,03/19/2023, 04:14:25,540
FROV00001,FrozenEngine,1214,03/19/2023, 05:11:26,540
FROV00001,FrozenEngine,1214,03/19/2023, 06:16:14,540
FROV00001,FrozenEngine,1214,03/19/2023, 07:11:10,540
FROV00001,FrozenEngine,1214,03/19/2023, 08:14:46,540
FROV00001,FrozenEngine,1214,03/19/2023, 09:12:00,540
FROV00001,FrozenEngine,1214,03/19/2023, 10:12:35,540
FROV00001,FrozenEngine,1214,03/19/2023, 11:09:56,540
FROV00001,FrozenEngine,1214,03/19/2023, 12:21:38,540
FROV00001,FrozenEngine,1214,03/19/2023, 13:16:35,540
FROV00001,FrozenEngine,1214,03/19/2023, 14:10:36,540
FROV00001,FrozenEngine,1214,03/19/2023, 15:11:53,540
FROV00001,FrozenEngine,1214,03/19/2023, 16:15:00,540
FROV00001,FrozenEngine,1214,03/19/2023, 17:10:39,540
FROV00001,FrozenEngine,1214,03/19/2023, 18:14:25,540
FROV00001,FrozenEngine,1214,03/19/2023, 19:10:04,540
FROV00001,FrozenEngine,1214,03/19/2023, 20:12:40,540
FROV00001,FrozenEngine,1214,03/19/2023, 21:10:42,540
FROV00001,FrozenEngine,1214,03/19/2023, 22:11:38,540
FROV00001,FrozenEngine,1214,03/19/2023, 23:11:51,540
FROV00001,FrozenEngine,1214,03/20/2023, 01:02:39,540
FROV00001,FrozenEngine,1214,03/20/2023, 02:40:19,540
FROV00001,FrozenEngine,1214,03/20/2023, 03:12:49,540
FROV00001,FrozenEngine,1214,03/20/2023, 04:15:32,540
FROV00001,FrozenEngine,1214,03/20/2023, 05:12:20,540
FROV00001,FrozenEngine,1214,03/20/2023, 06:16:46,540
FROV00001,FrozenEngine,1214,03/20/2023, 07:12:24,540
FROV00001,FrozenEngine,1214,03/20/2023, 08:16:41,540
FROV00001,FrozenEngine,1214,03/20/2023, 09:13:36,540
FROV00001,FrozenEngine,1214,03/20/2023, 10:14:13,540
FROV00001,FrozenEngine,1214,03/20/2023, 11:11:16,540
FROV00001,FrozenEngine,1214,03/20/2023, 12:24:09,540
FROV00001,FrozenEngine,1214,03/20/2023, 13:22:00,540
FROV00001,FrozenEngine,1214,03/20/2023, 14:12:57,540
FROV00001,FrozenEngine,1214,03/20/2023, 15:13:28,540
FROV00001,FrozenEngine,1214,03/20/2023, 16:17:51,540
FROV00001,FrozenEngine,1214,03/20/2023, 17:11:54,540
FROV00001,FrozenEngine,1214,03/20/2023, 18:15:57,540
FROV00001,FrozenEngine,1214,03/20/2023, 19:10:22,540
FROV00001,FrozenEngine,1214,03/20/2023, 20:12:29,540
FROV00001,FrozenEngine,1214,03/20/2023, 21:10:35,540
FROV00001,FrozenEngine,1214,03/20/2023, 22:11:16,540
FROV00001,FrozenEngine,1214,03/20/2023, 23:11:51,540
FROV00001,FrozenEngine,1215,03/21/2023, 00:57:30,540
FROV00001,FrozenEngine,1215,03/21/2023, 02:03:59,540
FROV00001,FrozenEngine,1215,03/21/2023, 03:12:57,540
FROV00001,FrozenEngine,1215,03/21/2023, 04:13:42,540
FROV00001,FrozenEngine,1215,03/21/2023, 05:11:56,540
FROV00001,FrozenEngine,1215,03/21/2023, 06:15:19,540
FROV00001,FrozenEngine,1215,03/21/2023, 07:11:20,540
FROV00001,FrozenEngine,1215,03/21/2023, 08:15:45,540
FROV00001,FrozenEngine,1215,03/21/2023, 09:12:30,540
FROV00001,FrozenEngine,1215,03/21/2023, 10:12:58,540
FROV00001,FrozenEngine,1215,03/21/2023, 11:10:29,540
FROV00001,FrozenEngine,1215,03/21/2023, 12:21:58,540
FROV00001,FrozenEngine,1215,03/21/2023, 13:11:53,540
FROV00001,FrozenEngine,1215,03/21/2023, 14:10:02,540
FROV00001,FrozenEngine,1215,03/21/2023, 15:10:55,540
FROV00001,FrozenEngine,1215,03/21/2023, 16:13:53,540
FROV00001,FrozenEngine,1215,03/21/2023, 17:11:15,540
FROV00001,FrozenEngine,1215,03/21/2023, 18:14:44,540
FROV00001,FrozenEngine,1215,03/21/2023, 19:09:55,540
FROV00001,FrozenEngine,1215,03/21/2023, 20:12:38,540
FROV00001,FrozenEngine,1215,03/21/2023, 21:11:05,540
FROV00001,FrozenEngine,1215,03/21/2023, 22:10:22,540
FROV00001,FrozenEngine,1215,03/21/2023, 23:11:45,540
FROV00001,FrozenEngine,1215,03/22/2023, 00:57:02,540
FROV00001,FrozenEngine,1215,03/22/2023, 02:06:11,540
FROV00001,FrozenEngine,1215,03/22/2023, 03:12:25,540
FROV00001,FrozenEngine,1216,03/22/2023, 04:14:04,540
FROV00001,FrozenEngine,1216,03/22/2023, 05:12:23,540
FROV00001,FrozenEngine,1216,03/22/2023, 06:15:04,540
FROV00001,FrozenEngine,1216,03/22/2023, 07:11:26,540
FROV00001,FrozenEngine,1216,03/22/2023, 08:15:13,540
FROV00001,FrozenEngine,1216,03/22/2023, 09:12:08,540
FROV00001,FrozenEngine,1216,03/22/2023, 10:12:55,540
FROV00001,FrozenEngine,1216,03/22/2023, 11:10:24,540
FROV00001,FrozenEngine,1216,03/22/2023, 12:22:11,540
FROV00001,FrozenEngine,1216,03/22/2023, 13:17:12,540
FROV00001,FrozenEngine,1216,03/22/2023, 14:11:33,540
FROV00001,FrozenEngine,1216,03/22/2023, 15:12:57,540
FROV00001,FrozenEngine,1216,03/22/2023, 16:15:40,540
FROV00001,FrozenEngine,1216,03/22/2023, 17:10:55,540
FROV00001,FrozenEngine,1216,03/22/2023, 18:14:47,540
FROV00001,FrozenEngine,1216,03/22/2023, 19:10:07,540
FROV00001,FrozenEngine,1216,03/22/2023, 20:12:30,540
FROV00001,FrozenEngine,1216,03/22/2023, 21:10:31,540
FROV00001,FrozenEngine,1216,03/22/2023, 22:09:56,540
FROV00001,FrozenEngine,1216,03/22/2023, 23:10:00,540
FROV00001,FrozenEngine,1216,03/23/2023, 00:57:30,540
FROV00001,FrozenEngine,1216,03/23/2023, 02:05:46,540
FROV00001,FrozenEngine,1216,03/23/2023, 03:12:31,540
FROV00001,FrozenEngine,1216,03/23/2023, 04:14:12,540
FROV00001,FrozenEngine,1216,03/23/2023, 05:11:13,540
FROV00001,FrozenEngine,1216,03/23/2023, 06:15:07,540
FROV00001,FrozenEngine,1216,03/23/2023, 07:11:23,540
FROV00001,FrozenEngine,1216,03/23/2023, 08:15:21,540
FROV00001,FrozenEngine,1216,03/23/2023, 09:12:24,540
FROV00001,FrozenEngine,1216,03/23/2023, 10:13:10,540
FROV00001,FrozenEngine,1216,03/23/2023, 11:10:32,540
FROV00001,FrozenEngine,1216,03/23/2023, 12:23:03,540
FROV00001,FrozenEngine,1216,03/23/2023, 13:19:01,540
FROV00001,FrozenEngine,1216,03/23/2023, 14:11:57,540
FROV00001,FrozenEngine,1216,03/23/2023, 15:13:15,540
FROV00001,FrozenEngine,1216,03/23/2023, 16:16:38,540
FROV00001,FrozenEngine,1216,03/23/2023, 17:11:27,540
FROV00001,FrozenEngine,1216,03/23/2023, 18:14:58,540
FROV00001,FrozenEngine,1216,03/23/2023, 19:09:52,540
FROV00001,FrozenEngine,1216,03/23/2023, 20:12:37,540
FROV00001,FrozenEngine,1216,03/23/2023, 21:10:46,540
FROV00001,FrozenEngine,1216,03/23/2023, 22:11:36,540
FROV00001,FrozenEngine,1216,03/23/2023, 23:12:11,540
FROV00001,FrozenEngine,1216,03/24/2023, 00:57:33,540
FROV00001,FrozenEngine,1216,03/24/2023, 02:07:40,540
FROV00001,FrozenEngine,1216,03/24/2023, 03:12:47,540
FROV00001,FrozenEngine,1216,03/24/2023, 04:14:33,540
FROV00001,FrozenEngine,1216,03/24/2023, 05:11:33,540
FROV00001,FrozenEngine,1216,03/24/2023, 06:15:25,540
FROV00001,FrozenEngine,1216,03/24/2023, 07:11:03,540
FROV00001,FrozenEngine,1216,03/24/2023, 08:14:10,540
FROV00001,FrozenEngine,1216,03/24/2023, 09:12:15,540
FROV00001,FrozenEngine,1216,03/24/2023, 10:13:05,540
FROV00001,FrozenEngine,1216,03/24/2023, 11:10:16,540
FROV00001,FrozenEngine,1216,03/24/2023, 12:20:52,540
FROV00001,FrozenEngine,1216,03/24/2023, 13:16:28,540
FROV00001,FrozenEngine,1216,03/24/2023, 14:11:38,540
FROV00001,FrozenEngine,1216,03/24/2023, 15:13:02,540
FROV00001,FrozenEngine,1216,03/24/2023, 16:16:09,540
FROV00001,FrozenEngine,1216,03/24/2023, 17:11:31,540
FROV00001,FrozenEngine,1216,03/24/2023, 18:14:53,540
FROV00001,FrozenEngine,1216,03/24/2023, 19:10:00,540
FROV00001,FrozenEngine,1216,03/24/2023, 20:12:42,540
FROV00001,FrozenEngine,1216,03/24/2023, 21:10:32,540
FROV00001,FrozenEngine,1216,03/24/2023, 22:11:29,540
FROV00001,FrozenEngine,1216,03/24/2023, 23:11:37,540
FROV00001,FrozenEngine,1216,03/25/2023, 00:56:20,540
FROV00001,FrozenEngine,1216,03/25/2023, 02:03:51,540
FROV00001,FrozenEngine,1216,03/25/2023, 03:12:17,540
FROV00001,FrozenEngine,1216,03/25/2023, 04:14:01,540
FROV00001,FrozenEngine,1216,03/25/2023, 05:11:08,540
FROV00001,FrozenEngine,1216,03/25/2023, 06:14:21,540
FROV00001,FrozenEngine,1216,03/25/2023, 07:10:25,540
FROV00001,FrozenEngine,1216,03/25/2023, 08:14:05,540
FROV00001,FrozenEngine,1216,03/25/2023, 09:10:54,540
FROV00001,FrozenEngine,1216,03/25/2023, 10:11:43,540
FROV00001,FrozenEngine,1216,03/25/2023, 11:09:16,540
FROV00001,FrozenEngine,1216,03/25/2023, 12:19:54,540
FROV00001,FrozenEngine,1216,03/25/2023, 13:13:48,540
FROV00001,FrozenEngine,1216,03/25/2023, 14:10:11,540
FROV00001,FrozenEngine,1216,03/25/2023, 15:11:01,540
FROV00001,FrozenEngine,1216,03/25/2023, 16:14:17,540
FROV00001,FrozenEngine,1216,03/25/2023, 17:10:25,540
FROV00001,FrozenEngine,1216,03/25/2023, 18:13:27,540
FROV00001,FrozenEngine,1216,03/25/2023, 19:09:33,540
FROV00001,FrozenEngine,1216,03/25/2023, 20:11:48,540
FROV00001,FrozenEngine,1216,03/25/2023, 21:09:56,540
FROV00001,FrozenEngine,1216,03/25/2023, 22:11:33,540
FROV00001,FrozenEngine,1216,03/25/2023, 23:10:59,540
FROV00001,FrozenEngine,1216,03/26/2023, 01:02:11,540
FROV00001,FrozenEngine,1216,03/26/2023, 02:35:16,540
FROV00001,FrozenEngine,1216,03/26/2023, 03:14:03,540
FROV00001,FrozenEngine,1216,03/26/2023, 04:14:14,540
FROV00001,FrozenEngine,1216,03/26/2023, 05:11:08,540
FROV00001,FrozenEngine,1216,03/26/2023, 06:14:15,540
FROV00001,FrozenEngine,1216,03/26/2023, 07:10:44,540
FROV00001,FrozenEngine,1216,03/26/2023, 08:14:07,540
FROV00001,FrozenEngine,1216,03/26/2023, 09:11:05,540
FROV00001,FrozenEngine,1216,03/26/2023, 10:11:42,540
FROV00001,FrozenEngine,1216,03/26/2023, 11:09:40,540
FROV00001,FrozenEngine,1216,03/26/2023, 12:20:14,540
FROV00001,FrozenEngine,1216,03/26/2023, 13:14:04,540
FROV00001,FrozenEngine,1216,03/26/2023, 14:10:12,540
FROV00001,FrozenEngine,1216,03/26/2023, 15:11:03,540
FROV00001,FrozenEngine,1216,03/26/2023, 16:14:24,540
FROV00001,FrozenEngine,1216,03/26/2023, 17:10:04,540
FROV00001,FrozenEngine,1216,03/26/2023, 18:13:47,540
FROV00001,FrozenEngine,1216,03/26/2023, 19:09:25,540
FROV00001,FrozenEngine,1216,03/26/2023, 20:12:08,540
FROV00001,FrozenEngine,1216,03/26/2023, 21:10:11,540
FROV00001,FrozenEngine,1216,03/26/2023, 22:10:58,540
FROV00001,FrozenEngine,1216,03/26/2023, 23:11:33,540
FROV00001,FrozenEngine,1216,03/27/2023, 00:56:36,540
FROV00001,FrozenEngine,1216,03/27/2023, 02:04:42,540
FROV00001,FrozenEngine,1216,03/27/2023, 03:13:15,540
FROV00001,FrozenEngine,1216,03/27/2023, 04:14:47,540
FROV00001,FrozenEngine,1216,03/27/2023, 05:12:35,540
FROV00001,FrozenEngine,1216,03/27/2023, 06:15:52,540
FROV00001,FrozenEngine,1216,03/27/2023, 07:11:55,540
FROV00001,FrozenEngine,1216,03/27/2023, 08:16:06,540
FROV00001,FrozenEngine,1216,03/27/2023, 09:13:25,540
FROV00001,FrozenEngine,1216,03/27/2023, 10:13:38,540
FROV00001,FrozenEngine,1216,03/27/2023, 11:10:41,540
FROV00001,FrozenEngine,1216,03/27/2023, 13:22:15,540
FROV00001,FrozenEngine,1216,03/27/2023, 14:23:29,540
FROV00001,FrozenEngine,1216,03/27/2023, 15:13:39,540
FROV00001,FrozenEngine,1216,03/27/2023, 16:16:13,540
FROV00001,FrozenEngine,1216,03/27/2023, 17:11:21,540
FROV00001,FrozenEngine,1216,03/27/2023, 18:16:47,540
FROV00001,FrozenEngine,1216,03/27/2023, 19:10:15,540
FROV00001,FrozenEngine,1216,03/27/2023, 20:14:27,540
FROV00001,FrozenEngine,1216,03/27/2023, 21:11:00,540
FROV00001,FrozenEngine,1216,03/27/2023, 22:11:48,540
FROV00001,FrozenEngine,1216,03/27/2023, 23:12:23,540
FROV00001,FrozenEngine,1216,03/28/2023, 01:00:06,540
FROV00001,FrozenEngine,1216,03/28/2023, 02:11:41,540
FROV00001,FrozenEngine,1216,03/28/2023, 03:13:05,540
FROV00001,FrozenEngine,1216,03/28/2023, 04:14:40,540
FROV00001,FrozenEngine,1216,03/28/2023, 05:11:52,540
FROV00001,FrozenEngine,1216,03/28/2023, 06:15:52,540
FROV00001,FrozenEngine,1216,03/28/2023, 07:11:34,540
FROV00001,FrozenEngine,1216,03/28/2023, 08:16:33,540
FROV00001,FrozenEngine,1216,03/28/2023, 09:12:55,540
FROV00001,FrozenEngine,1216,03/28/2023, 10:13:27,540
FROV00001,FrozenEngine,1216,03/28/2023, 11:10:53,540
FROV00001,FrozenEngine,1216,03/28/2023, 12:24:01,540
FROV00001,FrozenEngine,1216,03/28/2023, 13:20:30,540
FROV00001,FrozenEngine,1216,03/28/2023, 14:12:35,540
FROV00001,FrozenEngine,1216,03/28/2023, 15:13:26,540
FROV00001,FrozenEngine,1216,03/28/2023, 16:21:29,540
FROV00001,FrozenEngine,1216,03/28/2023, 17:10:57,540
FROV00001,FrozenEngine,1216,03/28/2023, 18:15:14,540
FROV00001,FrozenEngine,1216,03/28/2023, 19:09:55,540
FROV00001,FrozenEngine,1216,03/28/2023, 20:13:08,540
FROV00001,FrozenEngine,1216,03/28/2023, 21:10:52,540
FROV00001,FrozenEngine,1216,03/28/2023, 22:11:26,540
FROV00001,FrozenEngine,1216,03/28/2023, 23:11:51,540
FROV00001,FrozenEngine,1216,03/29/2023, 01:04:07,540
FROV00001,FrozenEngine,1216,03/29/2023, 02:40:00,540
FROV00001,FrozenEngine,1216,03/29/2023, 03:12:40,540
FROV00001,FrozenEngine,1216,03/29/2023, 04:14:53,540
FROV00001,FrozenEngine,1216,03/29/2023, 05:11:39,540
FROV00001,FrozenEngine,1216,03/29/2023, 06:16:03,540
FROV00001,FrozenEngine,1216,03/29/2023, 07:11:39,540
FROV00001,FrozenEngine,1216,03/29/2023, 08:15:59,540
FROV00001,FrozenEngine,1216,03/29/2023, 09:12:55,540
FROV00001,FrozenEngine,1216,03/29/2023, 10:13:42,540
FROV00001,FrozenEngine,1216,03/29/2023, 11:10:41,540
FROV00001,FrozenEngine,1216,03/29/2023, 12:25:09,540
FROV00001,FrozenEngine,1216,03/29/2023, 13:20:52,540
FROV00001,FrozenEngine,1216,03/29/2023, 14:12:42,540
FROV00001,FrozenEngine,1216,03/29/2023, 15:23:28,540
FROV00001,FrozenEngine,1216,03/29/2023, 17:39:37,540
FROV00001,FrozenEngine,1216,03/29/2023, 18:21:22,540
FROV00001,FrozenEngine,1216,03/29/2023, 19:10:40,540
FROV00001,FrozenEngine,1216,03/29/2023, 20:12:50,540
FROV00001,FrozenEngine,1216,03/29/2023, 21:11:18,540
FROV00001,FrozenEngine,1216,03/29/2023, 22:12:18,540
FROV00001,FrozenEngine,1216,03/29/2023, 23:12:22,540
FROV00001,FrozenEngine,1216,03/30/2023, 00:59:38,540
FROV00001,FrozenEngine,1216,03/30/2023, 02:11:54,540
FROV00001,FrozenEngine,1216,03/30/2023, 03:13:14,540
FROV00001,FrozenEngine,1216,03/30/2023, 04:14:16,540
FROV00001,FrozenEngine,1216,03/30/2023, 05:12:00,540
FROV00001,FrozenEngine,1216,03/30/2023, 06:15:35,540
FROV00001,FrozenEngine,1216,03/30/2023, 07:11:51,540
FROV00001,FrozenEngine,1216,03/30/2023, 08:15:28,540
FROV00001,FrozenEngine,1216,03/30/2023, 09:13:26,540
FROV00001,FrozenEngine,1216,03/30/2023, 10:13:16,540
FROV00001,FrozenEngine,1216,03/30/2023, 11:10:28,540
FROV00001,FrozenEngine,1216,03/30/2023, 12:23:14,540
FROV00001,FrozenEngine,1216,03/30/2023, 13:18:54,540
FROV00001,FrozenEngine,1216,03/30/2023, 14:11:44,540
FROV00001,FrozenEngine,1216,03/30/2023, 15:12:46,540
FROV00001,FrozenEngine,1216,03/30/2023, 16:15:56,540
FROV00001,FrozenEngine,1216,03/30/2023, 17:10:52,540
FROV00001,FrozenEngine,1216,03/30/2023, 18:13:56,540
FROV00001,FrozenEngine,1216,03/30/2023, 19:09:05,540
FROV00001,FrozenEngine,1217,03/30/2023, 20:12:39,540
FROV00001,FrozenEngine,1217,03/30/2023, 21:11:41,540
FROV00001,FrozenEngine,1217,03/30/2023, 22:11:10,540
FROV00001,FrozenEngine,1217,03/30/2023, 23:12:21,540
FROV00001,FrozenEngine,1217,03/31/2023, 00:59:39,540
FROV00001,FrozenEngine,1217,03/31/2023, 02:11:22,540
FROV00001,FrozenEngine,1217,03/31/2023, 03:13:05,540
FROV00001,FrozenEngine,1217,03/31/2023, 04:14:21,540
FROV00001,FrozenEngine,1217,03/31/2023, 05:11:24,540
FROV00001,FrozenEngine,1217,03/31/2023, 06:15:37,540
FROV00001,FrozenEngine,1217,03/31/2023, 07:11:19,540
FROV00001,FrozenEngine,1217,03/31/2023, 08:15:09,540
FROV00001,FrozenEngine,1217,03/31/2023, 09:12:22,540
FROV00001,FrozenEngine,1217,03/31/2023, 10:13:16,540
FROV00001,FrozenEngine,1217,03/31/2023, 11:10:15,540
FROV00001,FrozenEngine,1217,03/31/2023, 12:21:57,540
FROV00001,FrozenEngine,1217,03/31/2023, 13:16:51,540
FROV00001,FrozenEngine,1217,03/31/2023, 14:11:26,540
FROV00001,FrozenEngine,1217,03/31/2023, 15:12:22,540
FROV00001,FrozenEngine,1217,03/31/2023, 16:14:17,540
FROV00001,FrozenEngine,1217,03/31/2023, 17:10:40,540
FROV00001,FrozenEngine,1217,03/31/2023, 18:13:15,540
FROV00001,FrozenEngine,1217,03/31/2023, 19:09:24,540
FROV00001,FrozenEngine,1217,03/31/2023, 20:11:49,540
FROV00001,FrozenEngine,1217,03/31/2023, 21:09:06,540
FROV00001,FrozenEngine,1217,03/31/2023, 22:10:46,540
FROV00001,FrozenEngine,1217,03/31/2023, 23:11:05,540
FROV00001,FrozenEngine,1217,04/01/2023, 00:58:16,540
FROV00001,FrozenEngine,1217,04/01/2023, 02:05:14,540
FROV00001,FrozenEngine,1217,04/01/2023, 03:12:09,540
FROV00001,FrozenEngine,1217,04/01/2023, 04:13:45,540
FROV00001,FrozenEngine,1217,04/01/2023, 05:10:43,540
FROV00001,FrozenEngine,1217,04/01/2023, 06:14:07,540
FROV00001,FrozenEngine,1217,04/01/2023, 07:10:15,540
FROV00001,FrozenEngine,1217,04/01/2023, 08:13:36,540
FROV00001,FrozenEngine,1217,04/01/2023, 09:10:47,540
FROV00001,FrozenEngine,1217,04/01/2023, 10:11:24,540
FROV00001,FrozenEngine,1217,04/01/2023, 11:09:14,540
FROV00001,FrozenEngine,1217,04/01/2023, 12:19:09,540
FROV00001,FrozenEngine,1218,04/01/2023, 13:12:22,540
FROV00001,FrozenEngine,1218,04/01/2023, 14:09:41,540
FROV00001,FrozenEngine,1218,04/01/2023, 15:10:33,540
FROV00001,FrozenEngine,1218,04/01/2023, 16:13:36,540
FROV00001,FrozenEngine,1218,04/01/2023, 17:09:43,540
FROV00001,FrozenEngine,1218,04/01/2023, 18:12:59,540
FROV00001,FrozenEngine,1218,04/01/2023, 19:08:58,540
FROV00001,FrozenEngine,1218,04/01/2023, 20:11:39,540
FROV00001,FrozenEngine,1218,04/01/2023, 21:10:16,540
FROV00001,FrozenEngine,1218,04/01/2023, 22:10:10,540
FROV00001,FrozenEngine,1218,04/01/2023, 23:10:55,540
FROV00001,FrozenEngine,1218,04/02/2023, 00:59:23,540
FROV00001,FrozenEngine,1218,04/02/2023, 02:06:47,540
FROV00001,FrozenEngine,1218,04/02/2023, 03:11:37,540
FROV00001,FrozenEngine,1218,04/02/2023, 04:13:36,540
FROV00001,FrozenEngine,1218,04/02/2023, 05:10:43,540
FROV00001,FrozenEngine,1218,04/02/2023, 06:13:59,540
FROV00001,FrozenEngine,1218,04/02/2023, 07:10:14,540
FROV00001,FrozenEngine,1218,04/02/2023, 08:14:00,540
FROV00001,FrozenEngine,1218,04/02/2023, 09:10:44,540
FROV00001,FrozenEngine,1218,04/02/2023, 10:11:18,540
FROV00001,FrozenEngine,1218,04/02/2023, 11:09:15,540
FROV00001,FrozenEngine,1218,04/02/2023, 12:19:46,540
FROV00001,FrozenEngine,1218,04/02/2023, 13:12:37,540
FROV00001,FrozenEngine,1218,04/02/2023, 14:10:00,540
FROV00001,FrozenEngine,1218,04/02/2023, 15:10:53,540
FROV00001,FrozenEngine,1218,04/02/2023, 16:13:32,540
FROV00001,FrozenEngine,1218,04/02/2023, 17:09:43,540
FROV00001,FrozenEngine,1218,04/02/2023, 18:12:58,540
FROV00001,FrozenEngine,1218,04/02/2023, 19:09:26,540
FROV00001,FrozenEngine,1219,04/02/2023, 20:12:04,540
FROV00001,FrozenEngine,1219,04/02/2023, 21:09:48,540
FROV00001,FrozenEngine,1219,04/02/2023, 22:10:23,540
FROV00001,FrozenEngine,1219,04/02/2023, 23:10:52,540
FROV00001,FrozenEngine,1219,04/03/2023, 00:55:09,540
FROV00001,FrozenEngine,1219,04/03/2023, 02:00:13,540
FROV00001,FrozenEngine,1219,04/03/2023, 02:31:52,540
FROV00001,FrozenEngine,1220,04/03/2023, 03:12:19,540
FROV00001,FrozenEngine,1220,04/03/2023, 04:14:00,540
FROV00001,FrozenEngine,1220,04/03/2023, 05:11:19,540
FROV00001,FrozenEngine,1220,04/03/2023, 06:15:17,540
FROV00001,FrozenEngine,1220,04/03/2023, 07:11:13,540
FROV00001,FrozenEngine,1220,04/03/2023, 08:15:28,540
FROV00001,FrozenEngine,1220,04/03/2023, 09:12:15,540
FROV00001,FrozenEngine,1220,04/03/2023, 10:12:49,540
FROV00001,FrozenEngine,1220,04/03/2023, 11:10:14,540
FROV00001,FrozenEngine,1220,04/03/2023, 12:21:58,540
FROV00001,FrozenEngine,1220,04/03/2023, 13:15:21,540
FROV00001,FrozenEngine,1220,04/03/2023, 14:11:20,540
FROV00001,FrozenEngine,1220,04/03/2023, 15:12:11,540
FROV00001,FrozenEngine,1220,04/03/2023, 16:14:57,540
FROV00001,FrozenEngine,1220,04/03/2023, 17:10:53,540
FROV00001,FrozenEngine,1220,04/03/2023, 18:14:02,540
FROV00001,FrozenEngine,1220,04/03/2023, 19:09:42,540
FROV00001,FrozenEngine,1220,04/03/2023, 20:12:12,540
FROV00001,FrozenEngine,1220,04/03/2023, 21:10:14,540
FROV00001,FrozenEngine,1220,04/03/2023, 22:10:46,540
FROV00001,FrozenEngine,1220,04/03/2023, 23:11:38,540
FROV00001,FrozenEngine,1220,04/04/2023, 00:56:14,540
FROV00001,FrozenEngine,1220,04/04/2023, 02:05:04,540
FROV00001,FrozenEngine,1220,04/04/2023, 03:12:06,540
FROV00001,FrozenEngine,1220,04/04/2023, 04:13:55,540
FROV00001,FrozenEngine,1220,04/04/2023, 05:11:08,540
FROV00001,FrozenEngine,1220,04/04/2023, 06:14:58,540
FROV00001,FrozenEngine,1220,04/04/2023, 07:10:53,540
FROV00001,FrozenEngine,1220,04/04/2023, 08:15:23,540
FROV00001,FrozenEngine,1220,04/04/2023, 09:11:51,540
FROV00001,FrozenEngine,1220,04/04/2023, 10:12:25,540
FROV00001,FrozenEngine,1220,04/04/2023, 11:09:43,540
FROV00001,FrozenEngine,1220,04/04/2023, 12:21:21,540
FROV00001,FrozenEngine,1220,04/04/2023, 13:15:33,540
FROV00001,FrozenEngine,1220,04/04/2023, 14:12:04,540
FROV00001,FrozenEngine,1220,04/04/2023, 15:12:12,540
FROV00001,FrozenEngine,1220,04/04/2023, 16:15:10,540
FROV00001,FrozenEngine,1220,04/04/2023, 17:09:33,540
FROV00001,FrozenEngine,1220,04/04/2023, 18:12:24,540
FROV00001,FrozenEngine,1220,04/04/2023, 19:09:33,540
FROV00001,FrozenEngine,1220,04/04/2023, 20:12:33,540
FROV00001,FrozenEngine,1220,04/04/2023, 21:10:23,540
FROV00001,FrozenEngine,1220,04/04/2023, 22:12:03,540
FROV00001,FrozenEngine,1220,04/04/2023, 23:11:08,540
FROV00001,FrozenEngine,1220,04/05/2023, 00:47:19,540
FROV00001,FrozenEngine,1220,04/05/2023, 01:47:47,540
FROV00001,FrozenEngine,1220,04/05/2023, 02:18:41,540
FROV00001,FrozenEngine,1220,04/05/2023, 03:12:51,540
FROV00001,FrozenEngine,1220,04/05/2023, 04:14:03,540
FROV00001,FrozenEngine,1220,04/05/2023, 05:11:12,540
FROV00001,FrozenEngine,1220,04/05/2023, 06:15:33,540
FROV00001,FrozenEngine,1220,04/05/2023, 07:11:37,540
FROV00001,FrozenEngine,1220,04/05/2023, 08:16:03,540
FROV00001,FrozenEngine,1220,04/05/2023, 09:13:04,540
FROV00001,FrozenEngine,1220,04/05/2023, 10:14:06,540
FROV00001,FrozenEngine,1220,04/05/2023, 11:10:48,540
FROV00001,FrozenEngine,1220,04/05/2023, 12:26:56,540
FROV00001,FrozenEngine,1220,04/05/2023, 13:23:57,540
FROV00001,FrozenEngine,1220,04/05/2023, 14:12:24,540
FROV00001,FrozenEngine,1220,04/05/2023, 15:13:53,540
FROV00001,FrozenEngine,1220,04/05/2023, 16:18:20,540
FROV00001,FrozenEngine,1220,04/05/2023, 17:11:51,540
FROV00001,FrozenEngine,1220,04/05/2023, 18:16:31,540
FROV00001,FrozenEngine,1220,04/05/2023, 19:10:56,540
FROV00001,FrozenEngine,1220,04/05/2023, 20:13:24,540
FROV00001,FrozenEngine,1220,04/05/2023, 21:11:40,540
FROV00001,FrozenEngine,1220,04/05/2023, 22:10:57,540
FROV00001,FrozenEngine,1220,04/05/2023, 23:09:48,540
FROV00001,FrozenEngine,1222,04/06/2023, 00:53:48,540
FROV00001,FrozenEngine,1222,04/06/2023, 02:02:09,540
FROV00001,FrozenEngine,1222,04/06/2023, 03:12:10,540
FROV00001,FrozenEngine,1222,04/06/2023, 04:13:52,540
FROV00001,FrozenEngine,1222,04/06/2023, 05:11:06,540
FROV00001,FrozenEngine,1222,04/06/2023, 06:14:42,540
FROV00001,FrozenEngine,1222,04/06/2023, 07:10:53,540
FROV00001,FrozenEngine,1222,04/06/2023, 08:14:28,540
FROV00001,FrozenEngine,1222,04/06/2023, 09:11:50,540
FROV00001,FrozenEngine,1222,04/06/2023, 10:12:01,540
FROV00001,FrozenEngine,1222,04/06/2023, 11:09:41,540
FROV00001,FrozenEngine,1222,04/06/2023, 12:21:02,540
FROV00001,FrozenEngine,1222,04/06/2023, 13:14:17,540
FROV00001,FrozenEngine,1222,04/06/2023, 14:10:54,540
FROV00001,FrozenEngine,1222,04/06/2023, 15:11:08,540
FROV00001,FrozenEngine,1222,04/06/2023, 16:14:55,540
FROV00001,FrozenEngine,1222,04/06/2023, 17:10:20,540
FROV00001,FrozenEngine,1222,04/06/2023, 18:13:48,540
FROV00001,FrozenEngine,1222,04/06/2023, 19:09:24,540
FROV00001,FrozenEngine,1222,04/06/2023, 20:11:59,540
FROV00001,FrozenEngine,1222,04/06/2023, 21:09:46,540
FROV00001,FrozenEngine,1222,04/06/2023, 22:10:50,540
FROV00001,FrozenEngine,1222,04/06/2023, 23:11:38,540
FROV00001,FrozenEngine,1222,04/07/2023, 00:51:25,540
FROV00001,FrozenEngine,1222,04/07/2023, 01:58:41,540
FROV00001,FrozenEngine,1222,04/07/2023, 02:29:24,540
FROV00001,FrozenEngine,1222,04/07/2023, 03:12:08,540
FROV00001,FrozenEngine,1222,04/07/2023, 04:13:55,540
FROV00001,FrozenEngine,1222,04/07/2023, 05:11:06,540
FROV00001,FrozenEngine,1222,04/07/2023, 06:14:56,540
FROV00001,FrozenEngine,1222,04/07/2023, 07:10:45,540
FROV00001,FrozenEngine,1222,04/07/2023, 08:14:24,540
FROV00001,FrozenEngine,1222,04/07/2023, 09:11:31,540
FROV00001,FrozenEngine,1222,04/07/2023, 10:12:05,540
FROV00001,FrozenEngine,1222,04/07/2023, 11:09:46,540
FROV00001,FrozenEngine,1222,04/07/2023, 12:20:38,540
FROV00001,FrozenEngine,1222,04/07/2023, 13:14:11,540
FROV00001,FrozenEngine,1222,04/07/2023, 14:10:33,540
FROV00001,FrozenEngine,1222,04/07/2023, 15:11:32,540
FROV00001,FrozenEngine,1222,04/07/2023, 16:14:31,540
FROV00001,FrozenEngine,1222,04/07/2023, 17:10:17,540
FROV00001,FrozenEngine,1222,04/07/2023, 18:13:29,540
FROV00001,FrozenEngine,1222,04/07/2023, 19:09:12,540
FROV00001,FrozenEngine,1222,04/07/2023, 20:11:59,540
FROV00001,FrozenEngine,1222,04/07/2023, 21:09:54,540
FROV00001,FrozenEngine,1222,04/07/2023, 22:10:29,540
FROV00001,FrozenEngine,1222,04/07/2023, 23:11:06,540
FROV00001,FrozenEngine,1223,04/08/2023, 00:53:26,540
FROV00001,FrozenEngine,1223,04/08/2023, 01:56:56,540
FROV00001,FrozenEngine,1223,04/08/2023, 02:24:20,540
FROV00001,FrozenEngine,1223,04/08/2023, 03:12:14,540
FROV00001,FrozenEngine,1223,04/08/2023, 04:13:16,540
FROV00001,FrozenEngine,1223,04/08/2023, 05:10:29,540
FROV00001,FrozenEngine,1223,04/08/2023, 06:14:07,540
FROV00001,FrozenEngine,1223,04/08/2023, 07:10:01,540
FROV00001,FrozenEngine,1223,04/08/2023, 08:13:25,540
FROV00001,FrozenEngine,1223,04/08/2023, 09:10:34,540
FROV00001,FrozenEngine,1223,04/08/2023, 10:11:04,540
FROV00001,FrozenEngine,1223,04/08/2023, 11:09:06,540
FROV00001,FrozenEngine,1223,04/08/2023, 12:19:21,540
FROV00001,FrozenEngine,1223,04/08/2023, 13:12:06,540
FROV00001,FrozenEngine,1223,04/08/2023, 14:09:52,540
FROV00001,FrozenEngine,1223,04/08/2023, 15:10:41,540
FROV00001,FrozenEngine,1223,04/08/2023, 16:13:35,540
FROV00001,FrozenEngine,1223,04/08/2023, 17:09:52,540
FROV00001,FrozenEngine,1223,04/08/2023, 18:12:59,540
FROV00001,FrozenEngine,1223,04/08/2023, 19:09:04,540
FROV00001,FrozenEngine,1223,04/08/2023, 20:11:19,540
FROV00001,FrozenEngine,1223,04/08/2023, 21:09:57,540
FROV00001,FrozenEngine,1223,04/08/2023, 22:10:22,540
FROV00001,FrozenEngine,1223,04/08/2023, 23:10:46,540
FROV00001,FrozenEngine,1223,04/09/2023, 00:57:01,540
FROV00001,FrozenEngine,1223,04/09/2023, 02:03:59,540
FROV00001,FrozenEngine,1223,04/09/2023, 03:11:48,540
FROV00001,FrozenEngine,1223,04/09/2023, 04:13:26,540
FROV00001,FrozenEngine,1223,04/09/2023, 05:10:40,540
FROV00001,FrozenEngine,1223,04/09/2023, 06:13:52,540
FROV00001,FrozenEngine,1223,04/09/2023, 07:09:50,540
FROV00001,FrozenEngine,1223,04/09/2023, 08:13:20,540
FROV00001,FrozenEngine,1223,04/09/2023, 09:10:40,540
FROV00001,FrozenEngine,1223,04/09/2023, 10:11:22,540
FROV00001,FrozenEngine,1223,04/09/2023, 11:09:33,540
FROV00001,FrozenEngine,1223,04/09/2023, 12:19:28,540
FROV00001,FrozenEngine,1223,04/09/2023, 13:12:28,540
FROV00001,FrozenEngine,1223,04/09/2023, 14:09:41,540
FROV00001,FrozenEngine,1223,04/09/2023, 15:10:51,540
FROV00001,FrozenEngine,1223,04/09/2023, 16:13:33,540
FROV00001,FrozenEngine,1223,04/09/2023, 17:09:53,540
FROV00001,FrozenEngine,1223,04/09/2023, 18:13:06,540
FROV00001,FrozenEngine,1223,04/09/2023, 19:09:00,540
FROV00001,FrozenEngine,1223,04/09/2023, 20:11:30,540
FROV00001,FrozenEngine,1223,04/09/2023, 21:09:45,540
FROV00001,FrozenEngine,1223,04/09/2023, 22:10:33,540
FROV00001,FrozenEngine,1223,04/09/2023, 23:10:47,540
FROV00001,FrozenEngine,1223,04/10/2023, 00:55:54,540
FROV00001,FrozenEngine,1223,04/10/2023, 01:59:53,540
FROV00001,FrozenEngine,1223,04/10/2023, 02:32:03,540
FROV00001,FrozenEngine,1223,04/10/2023, 03:12:12,540
FROV00001,FrozenEngine,1223,04/10/2023, 04:14:05,540
FROV00001,FrozenEngine,1223,04/10/2023, 05:11:44,540
FROV00001,FrozenEngine,1223,04/10/2023, 06:15:20,540
FROV00001,FrozenEngine,1223,04/10/2023, 07:11:09,540
FROV00001,FrozenEngine,1223,04/10/2023, 08:14:52,540
FROV00001,FrozenEngine,1223,04/10/2023, 09:11:55,540
FROV00001,FrozenEngine,1223,04/10/2023, 10:12:43,540
FROV00001,FrozenEngine,1223,04/10/2023, 11:09:58,540
FROV00001,FrozenEngine,1223,04/10/2023, 12:20:52,540
FROV00001,FrozenEngine,1223,04/10/2023, 13:14:24,540
FROV00001,FrozenEngine,1223,04/10/2023, 14:10:50,540
FROV00001,FrozenEngine,1223,04/10/2023, 15:10:35,540
FROV00001,FrozenEngine,1223,04/10/2023, 16:14:43,540
FROV00001,FrozenEngine,1223,04/10/2023, 17:10:37,540
FROV00001,FrozenEngine,1223,04/10/2023, 18:14:02,540
FROV00001,FrozenEngine,1223,04/10/2023, 19:09:35,540
FROV00001,FrozenEngine,1223,04/10/2023, 20:12:38,540
FROV00001,FrozenEngine,1223,04/10/2023, 21:10:49,540
FROV00001,FrozenEngine,1223,04/10/2023, 22:11:06,540
FROV00001,FrozenEngine,1223,04/10/2023, 23:11:42,540
FROV00001,FrozenEngine,1223,04/11/2023, 00:55:49,540
FROV00001,FrozenEngine,1223,04/11/2023, 02:02:02,540
FROV00001,FrozenEngine,1223,04/11/2023, 03:12:29,540
FROV00001,FrozenEngine,1223,04/11/2023, 04:13:52,540
FROV00001,FrozenEngine,1223,04/11/2023, 05:11:09,540
FROV00001,FrozenEngine,1223,04/11/2023, 06:15:03,540
FROV00001,FrozenEngine,1223,04/11/2023, 07:11:22,540
FROV00001,FrozenEngine,1223,04/11/2023, 08:15:01,540
FROV00001,FrozenEngine,1223,04/11/2023, 09:12:11,540
FROV00001,FrozenEngine,1223,04/11/2023, 10:12:54,540
FROV00001,FrozenEngine,1223,04/11/2023, 11:10:06,540
FROV00001,FrozenEngine,1223,04/11/2023, 12:21:34,540
FROV00001,FrozenEngine,1223,04/11/2023, 13:15:26,540
FROV00001,FrozenEngine,1223,04/11/2023, 14:11:33,540
FROV00001,FrozenEngine,1223,04/11/2023, 15:12:17,540
FROV00001,FrozenEngine,1223,04/11/2023, 16:15:19,540
FROV00001,FrozenEngine,1223,04/11/2023, 17:10:25,540
FROV00001,FrozenEngine,1223,04/11/2023, 18:13:21,540
FROV00001,FrozenEngine,1223,04/11/2023, 19:09:25,540
FROV00001,FrozenEngine,1223,04/11/2023, 20:12:08,540
FROV00001,FrozenEngine,1223,04/11/2023, 21:10:19,540
FROV00001,FrozenEngine,1223,04/11/2023, 22:10:59,540
FROV00001,FrozenEngine,1223,04/11/2023, 23:11:43,540
FROV00001,FrozenEngine,1223,04/12/2023, 00:55:41,540
FROV00001,FrozenEngine,1224,04/12/2023, 02:02:40,540
FROV00001,FrozenEngine,1224,04/12/2023, 03:12:21,540
FROV00001,FrozenEngine,1224,04/12/2023, 04:14:00,540
FROV00001,FrozenEngine,1224,04/12/2023, 05:11:25,540
FROV00001,FrozenEngine,1224,04/12/2023, 06:15:04,540
FROV00001,FrozenEngine,1224,04/12/2023, 07:10:51,540
FROV00001,FrozenEngine,1224,04/12/2023, 08:14:38,540
FROV00001,FrozenEngine,1224,04/12/2023, 09:11:57,540
FROV00001,FrozenEngine,1224,04/12/2023, 10:12:49,540
FROV00001,FrozenEngine,1224,04/12/2023, 11:10:02,540
FROV00001,FrozenEngine,1224,04/12/2023, 12:21:39,540
FROV00001,FrozenEngine,1224,04/12/2023, 13:15:20,540
FROV00001,FrozenEngine,1224,04/12/2023, 14:10:48,540
FROV00001,FrozenEngine,1224,04/12/2023, 15:12:24,540
FROV00001,FrozenEngine,1224,04/12/2023, 16:14:56,540
FROV00001,FrozenEngine,1224,04/12/2023, 17:10:32,540
FROV00001,FrozenEngine,1224,04/12/2023, 18:14:55,540
FROV00001,FrozenEngine,1224,04/12/2023, 19:09:40,540
FROV00001,FrozenEngine,1224,04/12/2023, 20:12:24,540
FROV00001,FrozenEngine,1224,04/12/2023, 21:10:23,540
FROV00001,FrozenEngine,1224,04/12/2023, 22:11:08,540
FROV00001,FrozenEngine,1224,04/12/2023, 23:11:22,540
FROV00001,FrozenEngine,1224,04/13/2023, 00:54:36,540
FROV00001,FrozenEngine,1224,04/13/2023, 02:01:28,540
FROV00001,FrozenEngine,1224,04/13/2023, 02:34:36,540
FROV00001,FrozenEngine,1224,04/13/2023, 03:12:09,540
FROV00001,FrozenEngine,1224,04/13/2023, 04:14:04,540
FROV00001,FrozenEngine,1224,04/13/2023, 05:11:01,540
FROV00001,FrozenEngine,1224,04/13/2023, 06:14:48,540
FROV00001,FrozenEngine,1224,04/13/2023, 07:11:25,540
FROV00001,FrozenEngine,1224,04/13/2023, 08:14:45,540
FROV00001,FrozenEngine,1224,04/13/2023, 09:12:09,540
FROV00001,FrozenEngine,1224,04/13/2023, 10:12:31,540
FROV00001,FrozenEngine,1224,04/13/2023, 11:10:09,540
FROV00001,FrozenEngine,1224,04/13/2023, 12:22:11,540
FROV00001,FrozenEngine,1224,04/13/2023, 13:15:15,540
FROV00001,FrozenEngine,1224,04/13/2023, 14:11:23,540
FROV00001,FrozenEngine,1224,04/13/2023, 15:12:18,540
FROV00001,FrozenEngine,1224,04/13/2023, 16:14:02,540
FROV00001,FrozenEngine,1224,04/13/2023, 17:10:11,540
FROV00001,FrozenEngine,1224,04/13/2023, 18:14:29,540
FROV00001,FrozenEngine,1224,04/13/2023, 19:10:01,540
FROV00001,FrozenEngine,1224,04/13/2023, 20:12:16,540
FROV00001,FrozenEngine,1224,04/13/2023, 21:10:26,540
FROV00001,FrozenEngine,1224,04/13/2023, 22:11:08,540
FROV00001,FrozenEngine,1225,04/13/2023, 23:11:56,540
FROV00001,FrozenEngine,1225,04/14/2023, 00:54:46,540
FROV00001,FrozenEngine,1225,04/14/2023, 02:00:34,540
FROV00001,FrozenEngine,1225,04/14/2023, 02:33:25,540
FROV00001,FrozenEngine,1225,04/14/2023, 03:12:18,540
FROV00001,FrozenEngine,1225,04/14/2023, 04:13:49,540
FROV00001,FrozenEngine,1225,04/14/2023, 05:11:14,540
FROV00001,FrozenEngine,1225,04/14/2023, 06:14:55,540
FROV00001,FrozenEngine,1225,04/14/2023, 07:11:14,540
FROV00001,FrozenEngine,1225,04/14/2023, 08:14:27,540
FROV00001,FrozenEngine,1225,04/14/2023, 09:11:49,540
FROV00001,FrozenEngine,1225,04/14/2023, 10:12:34,540
FROV00001,FrozenEngine,1225,04/14/2023, 11:10:16,540
FROV00001,FrozenEngine,1225,04/14/2023, 12:21:11,540
FROV00001,FrozenEngine,1225,04/14/2023, 13:14:30,540
FROV00001,FrozenEngine,1225,04/14/2023, 14:11:00,540
FROV00001,FrozenEngine,1225,04/14/2023, 15:11:58,540
FROV00001,FrozenEngine,1225,04/14/2023, 16:14:55,540
FROV00001,FrozenEngine,1225,04/14/2023, 17:09:50,540
FROV00001,FrozenEngine,1225,04/14/2023, 18:13:55,540
FROV00001,FrozenEngine,1225,04/14/2023, 19:09:17,540
FROV00001,FrozenEngine,1225,04/14/2023, 20:12:12,540
FROV00001,FrozenEngine,1225,04/14/2023, 21:10:18,540
FROV00001,FrozenEngine,1225,04/14/2023, 22:10:53,540
FROV00001,FrozenEngine,1225,04/14/2023, 23:11:36,540
FROV00001,FrozenEngine,1225,04/15/2023, 00:57:19,540
FROV00001,FrozenEngine,1225,04/15/2023, 02:04:13,540
FROV00001,FrozenEngine,1225,04/15/2023, 03:11:48,540
FROV00001,FrozenEngine,1226,04/15/2023, 04:13:32,540
FROV00001,FrozenEngine,1226,04/15/2023, 05:10:53,540
FROV00001,FrozenEngine,1226,04/15/2023, 06:14:12,540
FROV00001,FrozenEngine,1226,04/15/2023, 07:10:21,540
FROV00001,FrozenEngine,1226,04/15/2023, 08:13:40,540
FROV00001,FrozenEngine,1226,04/15/2023, 09:11:00,540
FROV00001,FrozenEngine,1226,04/15/2023, 10:11:27,540
FROV00001,FrozenEngine,1226,04/15/2023, 11:09:16,540
FROV00001,FrozenEngine,1226,04/15/2023, 12:19:26,540
FROV00001,FrozenEngine,1226,04/15/2023, 13:12:44,540
FROV00001,FrozenEngine,1226,04/15/2023, 14:09:51,540
FROV00001,FrozenEngine,1226,04/15/2023, 15:11:11,540
FROV00001,FrozenEngine,1226,04/15/2023, 16:14:02,540
FROV00001,FrozenEngine,1226,04/15/2023, 17:09:57,540
FROV00001,FrozenEngine,1226,04/15/2023, 18:13:09,540
FROV00001,FrozenEngine,1226,04/15/2023, 19:09:04,540
FROV00001,FrozenEngine,1226,04/15/2023, 20:11:43,540
FROV00001,FrozenEngine,1226,04/15/2023, 21:10:05,540
FROV00001,FrozenEngine,1226,04/15/2023, 22:10:42,540
FROV00001,FrozenEngine,1226,04/15/2023, 23:11:17,540
FROV00001,FrozenEngine,1226,04/16/2023, 00:58:07,540
FROV00001,FrozenEngine,1226,04/16/2023, 02:10:17,540
FROV00001,FrozenEngine,1226,04/16/2023, 03:12:19,540
FROV00001,FrozenEngine,1226,04/16/2023, 04:13:34,540
FROV00001,FrozenEngine,1226,04/16/2023, 05:10:55,540
FROV00001,FrozenEngine,1226,04/16/2023, 06:14:13,540
FROV00001,FrozenEngine,1226,04/16/2023, 07:10:20,540
FROV00001,FrozenEngine,1226,04/16/2023, 08:13:41,540
FROV00001,FrozenEngine,1226,04/16/2023, 09:10:46,540
FROV00001,FrozenEngine,1226,04/16/2023, 10:11:24,540
FROV00001,FrozenEngine,1226,04/16/2023, 11:09:32,540
FROV00001,FrozenEngine,1226,04/16/2023, 12:19:50,540
FROV00001,FrozenEngine,1226,04/16/2023, 13:13:17,540
FROV00001,FrozenEngine,1226,04/16/2023, 14:09:50,540
FROV00001,FrozenEngine,1226,04/16/2023, 15:11:06,540
FROV00001,FrozenEngine,1226,04/16/2023, 16:14:00,540
FROV00001,FrozenEngine,1226,04/16/2023, 17:10:02,540
FROV00001,FrozenEngine,1226,04/16/2023, 18:13:29,540
FROV00001,FrozenEngine,1226,04/16/2023, 19:09:18,540
FROV00001,FrozenEngine,1226,04/16/2023, 20:11:38,540
FROV00001,FrozenEngine,1226,04/16/2023, 21:09:55,540
FROV00001,FrozenEngine,1226,04/16/2023, 22:10:32,540
FROV00001,FrozenEngine,1226,04/16/2023, 23:11:12,540
FROV00001,FrozenEngine,1226,04/17/2023, 00:56:59,540
FROV00001,FrozenEngine,1226,04/17/2023, 02:04:12,540
FROV00001,FrozenEngine,1226,04/17/2023, 03:12:26,540
FROV00001,FrozenEngine,1226,04/17/2023, 04:14:23,540
FROV00001,FrozenEngine,1226,04/17/2023, 05:11:40,540
FROV00001,FrozenEngine,1226,04/17/2023, 06:15:30,540
FROV00001,FrozenEngine,1226,04/17/2023, 07:11:44,540
FROV00001,FrozenEngine,1226,04/17/2023, 08:15:50,540
FROV00001,FrozenEngine,1226,04/17/2023, 09:12:52,540
FROV00001,FrozenEngine,1226,04/17/2023, 10:13:19,540
FROV00001,FrozenEngine,1226,04/17/2023, 11:10:32,540
FROV00001,FrozenEngine,1226,04/17/2023, 12:22:42,540
FROV00001,FrozenEngine,1226,04/17/2023, 13:15:50,540
FROV00001,FrozenEngine,1226,04/17/2023, 14:11:40,540
FROV00001,FrozenEngine,1226,04/17/2023, 15:12:46,540
FROV00001,FrozenEngine,1226,04/17/2023, 16:15:29,540
FROV00001,FrozenEngine,1226,04/17/2023, 17:10:53,540
FROV00001,FrozenEngine,1226,04/17/2023, 18:14:44,540
FROV00001,FrozenEngine,1226,04/17/2023, 19:08:48,540
FROV00001,FrozenEngine,1226,04/17/2023, 20:12:18,540
FROV00001,FrozenEngine,1226,04/17/2023, 21:10:48,540
FROV00001,FrozenEngine,1226,04/17/2023, 22:11:09,540
FROV00001,FrozenEngine,1226,04/17/2023, 23:11:41,540
FROV00001,FrozenEngine,1226,04/18/2023, 00:54:45,540
FROV00001,FrozenEngine,1226,04/18/2023, 02:01:21,540
FROV00001,FrozenEngine,1226,04/18/2023, 02:34:58,540
FROV00001,FrozenEngine,1226,04/18/2023, 03:12:23,540
FROV00001,FrozenEngine,1226,04/18/2023, 04:14:22,540
FROV00001,FrozenEngine,1226,04/18/2023, 05:11:35,540
FROV00001,FrozenEngine,1226,04/18/2023, 06:15:11,540
FROV00001,FrozenEngine,1226,04/18/2023, 07:11:17,540
FROV00001,FrozenEngine,1226,04/18/2023, 08:15:12,540
FROV00001,FrozenEngine,1226,04/18/2023, 09:12:07,540
FROV00001,FrozenEngine,1226,04/18/2023, 10:12:49,540
FROV00001,FrozenEngine,1226,04/18/2023, 11:10:17,540
FROV00001,FrozenEngine,1226,04/18/2023, 12:22:11,540
FROV00001,FrozenEngine,1226,04/18/2023, 13:16:33,540
FROV00001,FrozenEngine,1226,04/18/2023, 14:12:44,540
FROV00001,FrozenEngine,1226,04/18/2023, 15:13:44,540
FROV00001,FrozenEngine,1226,04/18/2023, 16:13:17,540
FROV00001,FrozenEngine,1226,04/18/2023, 17:09:21,540
FROV00001,FrozenEngine,1226,04/18/2023, 18:14:39,540
FROV00001,FrozenEngine,1226,04/18/2023, 19:09:54,540
FROV00001,FrozenEngine,1226,04/18/2023, 20:12:41,540
FROV00001,FrozenEngine,1226,04/18/2023, 21:11:09,540
FROV00001,FrozenEngine,1226,04/18/2023, 22:11:17,540
FROV00001,FrozenEngine,1226,04/18/2023, 23:11:54,540
FROV00001,FrozenEngine,1226,04/19/2023, 00:57:49,540
FROV00001,FrozenEngine,1226,04/19/2023, 02:06:36,540
FROV00001,FrozenEngine,1226,04/19/2023, 03:12:34,540
FROV00001,FrozenEngine,1226,04/19/2023, 04:14:33,540
FROV00001,FrozenEngine,1226,04/19/2023, 05:11:51,540
FROV00001,FrozenEngine,1226,04/19/2023, 06:15:29,540
FROV00001,FrozenEngine,1226,04/19/2023, 07:11:24,540
FROV00001,FrozenEngine,1226,04/19/2023, 08:15:06,540
FROV00001,FrozenEngine,1226,04/19/2023, 09:12:05,540
FROV00001,FrozenEngine,1226,04/19/2023, 10:12:43,540
FROV00001,FrozenEngine,1226,04/19/2023, 11:10:25,540
FROV00001,FrozenEngine,1226,04/19/2023, 12:21:45,540
FROV00001,FrozenEngine,1226,04/19/2023, 13:15:45,540
FROV00001,FrozenEngine,1226,04/19/2023, 14:11:25,540
FROV00001,FrozenEngine,1226,04/19/2023, 15:12:22,540
FROV00001,FrozenEngine,1226,04/19/2023, 16:15:17,540
FROV00001,FrozenEngine,1226,04/19/2023, 17:11:02,540
FROV00001,FrozenEngine,1226,04/19/2023, 18:14:34,540
FROV00001,FrozenEngine,1226,04/19/2023, 19:10:09,540
FROV00001,FrozenEngine,1226,04/19/2023, 20:12:45,540
FROV00001,FrozenEngine,1226,04/19/2023, 21:10:47,540
FROV00001,FrozenEngine,1226,04/19/2023, 22:11:08,540
FROV00001,FrozenEngine,1226,04/19/2023, 23:11:58,540
FROV00001,FrozenEngine,1226,04/20/2023, 00:55:41,540
FROV00001,FrozenEngine,1226,04/20/2023, 02:01:47,540
FROV00001,FrozenEngine,1226,04/20/2023, 03:12:28,540
FROV00001,FrozenEngine,1226,04/20/2023, 04:14:10,540
FROV00001,FrozenEngine,1226,04/20/2023, 05:11:39,540
FROV00001,FrozenEngine,1226,04/20/2023, 06:15:27,540
FROV00001,FrozenEngine,1226,04/20/2023, 07:11:20,540
FROV00001,FrozenEngine,1226,04/20/2023, 08:15:01,540
FROV00001,FrozenEngine,1226,04/20/2023, 09:12:02,540
FROV00001,FrozenEngine,1226,04/20/2023, 10:12:36,540
FROV00001,FrozenEngine,1226,04/20/2023, 11:10:20,540
FROV00001,FrozenEngine,1226,04/20/2023, 12:21:30,540
FROV00001,FrozenEngine,1226,04/20/2023, 13:15:28,540
FROV00001,FrozenEngine,1226,04/20/2023, 14:11:20,540
FROV00001,FrozenEngine,1226,04/20/2023, 15:12:19,540
FROV00001,FrozenEngine,1226,04/20/2023, 16:14:57,540
FROV00001,FrozenEngine,1226,04/20/2023, 17:10:32,540
FROV00001,FrozenEngine,1226,04/20/2023, 18:14:14,540
FROV00001,FrozenEngine,1226,04/20/2023, 19:10:07,540
FROV00001,FrozenEngine,1226,04/20/2023, 20:12:15,540
FROV00001,FrozenEngine,1226,04/20/2023, 21:10:36,540
FROV00001,FrozenEngine,1226,04/20/2023, 22:10:53,540
FROV00001,FrozenEngine,1226,04/20/2023, 23:11:57,540
FROV00001,FrozenEngine,1226,04/21/2023, 00:55:56,540
FROV00001,FrozenEngine,1226,04/21/2023, 02:03:00,540
FROV00001,FrozenEngine,1226,04/21/2023, 03:12:44,540
FROV00001,FrozenEngine,1226,04/21/2023, 05:11:44,540
FROV00001,FrozenEngine,1226,04/21/2023, 06:15:29,540
FROV00001,FrozenEngine,1226,04/21/2023, 07:11:12,540
FROV00001,FrozenEngine,1226,04/21/2023, 08:14:36,540
FROV00001,FrozenEngine,1226,04/21/2023, 09:11:52,540
FROV00001,FrozenEngine,1226,04/21/2023, 10:12:26,540
FROV00001,FrozenEngine,1226,04/21/2023, 11:10:11,540
FROV00001,FrozenEngine,1226,04/21/2023, 12:20:48,540
FROV00001,FrozenEngine,1226,04/21/2023, 13:14:21,540
FROV00001,FrozenEngine,1226,04/21/2023, 14:10:54,540
FROV00001,FrozenEngine,1226,04/21/2023, 15:12:01,540
FROV00001,FrozenEngine,1226,04/21/2023, 16:14:55,540
FROV00001,FrozenEngine,1226,04/21/2023, 17:10:47,540
FROV00001,FrozenEngine,1226,04/21/2023, 18:14:18,540
FROV00001,FrozenEngine,1226,04/21/2023, 19:09:44,540
FROV00001,FrozenEngine,1226,04/21/2023, 20:12:12,540
FROV00001,FrozenEngine,1226,04/21/2023, 21:10:21,540
FROV00001,FrozenEngine,1226,04/21/2023, 22:10:50,540
FROV00001,FrozenEngine,1226,04/21/2023, 23:11:28,540
FROV00001,FrozenEngine,1226,04/22/2023, 00:56:33,540
FROV00001,FrozenEngine,1226,04/22/2023, 02:04:08,540
FROV00001,FrozenEngine,1226,04/22/2023, 03:12:17,540
FROV00001,FrozenEngine,1226,04/22/2023, 04:13:38,540
FROV00001,FrozenEngine,1226,04/22/2023, 05:10:49,540
FROV00001,FrozenEngine,1226,04/22/2023, 06:14:23,540
FROV00001,FrozenEngine,1226,04/22/2023, 07:10:19,540
FROV00001,FrozenEngine,1226,04/22/2023, 08:14:02,540
FROV00001,FrozenEngine,1226,04/22/2023, 09:10:52,540
FROV00001,FrozenEngine,1226,04/22/2023, 10:11:37,540
FROV00001,FrozenEngine,1226,04/22/2023, 11:10:03,540
FROV00001,FrozenEngine,1226,04/22/2023, 12:19:54,540
FROV00001,FrozenEngine,1226,04/22/2023, 13:13:08,540
FROV00001,FrozenEngine,1226,04/22/2023, 14:09:44,540
FROV00001,FrozenEngine,1226,04/22/2023, 15:11:16,540
FROV00001,FrozenEngine,1226,04/22/2023, 16:14:00,540
FROV00001,FrozenEngine,1226,04/22/2023, 17:10:02,540
FROV00001,FrozenEngine,1226,04/22/2023, 18:13:24,540
FROV00001,FrozenEngine,1226,04/22/2023, 19:09:18,540
FROV00001,FrozenEngine,1226,04/22/2023, 20:11:57,540
FROV00001,FrozenEngine,1226,04/22/2023, 21:10:11,540
FROV00001,FrozenEngine,1226,04/22/2023, 22:10:42,540
FROV00001,FrozenEngine,1226,04/22/2023, 23:11:27,540
FROV00001,FrozenEngine,1226,04/23/2023, 01:01:01,540
FROV00001,FrozenEngine,1226,04/23/2023, 02:17:00,540
FROV00001,FrozenEngine,1226,04/23/2023, 03:12:24,540
FROV00001,FrozenEngine,1226,04/23/2023, 04:14:16,540
FROV00001,FrozenEngine,1226,04/23/2023, 05:11:02,540
FROV00001,FrozenEngine,1226,04/23/2023, 06:14:16,540
FROV00001,FrozenEngine,1226,04/23/2023, 07:10:40,540
FROV00001,FrozenEngine,1227,04/23/2023, 08:14:04,540
FROV00001,FrozenEngine,1227,04/23/2023, 09:10:53,540
FROV00001,FrozenEngine,1227,04/23/2023, 10:11:40,540
FROV00001,FrozenEngine,1227,04/23/2023, 11:09:27,540
FROV00001,FrozenEngine,1227,04/23/2023, 12:20:37,540
FROV00001,FrozenEngine,1227,04/23/2023, 13:12:59,540
FROV00001,FrozenEngine,1227,04/23/2023, 14:09:46,540
FROV00001,FrozenEngine,1227,04/23/2023, 15:11:05,540
FROV00001,FrozenEngine,1227,04/23/2023, 16:13:55,540
FROV00001,FrozenEngine,1227,04/23/2023, 17:10:01,540
FROV00001,FrozenEngine,1227,04/23/2023, 18:13:44,540
FROV00001,FrozenEngine,1227,04/23/2023, 19:09:22,540
FROV00001,FrozenEngine,1227,04/23/2023, 20:11:53,540
FROV00001,FrozenEngine,1227,04/23/2023, 21:09:55,540
FROV00001,FrozenEngine,1227,04/23/2023, 22:10:58,540
FROV00001,FrozenEngine,1227,04/23/2023, 23:11:24,540
FROV00001,FrozenEngine,1227,04/24/2023, 00:57:32,540
FROV00001,FrozenEngine,1227,04/24/2023, 02:06:39,540
FROV00001,FrozenEngine,1227,04/24/2023, 03:12:52,540
FROV00001,FrozenEngine,1227,04/24/2023, 04:14:18,540
FROV00001,FrozenEngine,1227,04/24/2023, 05:11:50,540
FROV00001,FrozenEngine,1227,04/24/2023, 06:15:41,540
FROV00001,FrozenEngine,1227,04/24/2023, 07:11:48,540
FROV00001,FrozenEngine,1227,04/24/2023, 08:15:57,540
FROV00001,FrozenEngine,1227,04/24/2023, 09:12:25,540
FROV00001,FrozenEngine,1227,04/24/2023, 10:12:49,540
FROV00001,FrozenEngine,1227,04/24/2023, 11:10:22,540
FROV00001,FrozenEngine,1227,04/24/2023, 12:21:41,540
FROV00001,FrozenEngine,1227,04/24/2023, 13:15:16,540
FROV00001,FrozenEngine,1227,04/24/2023, 14:11:23,540
FROV00001,FrozenEngine,1227,04/24/2023, 15:12:27,540
FROV00001,FrozenEngine,1227,04/24/2023, 16:15:01,540
FROV00001,FrozenEngine,1227,04/24/2023, 17:10:49,540
FROV00001,FrozenEngine,1227,04/24/2023, 18:14:29,540
FROV00001,FrozenEngine,1227,04/24/2023, 19:09:44,540
FROV00001,FrozenEngine,1227,04/24/2023, 20:12:07,540
FROV00001,FrozenEngine,1227,04/24/2023, 21:10:37,540
FROV00001,FrozenEngine,1227,04/24/2023, 22:10:53,540
FROV00001,FrozenEngine,1227,04/24/2023, 23:11:46,540
FROV00001,FrozenEngine,1227,04/25/2023, 00:57:13,540
FROV00001,FrozenEngine,1227,04/25/2023, 02:05:12,540
FROV00001,FrozenEngine,1228,04/25/2023, 03:12:28,540
FROV00001,FrozenEngine,1228,04/25/2023, 05:11:34,540
FROV00001,FrozenEngine,1228,04/25/2023, 06:15:18,540
FROV00001,FrozenEngine,1228,04/25/2023, 07:11:21,540
FROV00001,FrozenEngine,1228,04/25/2023, 08:14:44,540
FROV00001,FrozenEngine,1228,04/25/2023, 09:12:12,540
FROV00001,FrozenEngine,1228,04/25/2023, 10:12:45,540
FROV00001,FrozenEngine,1228,04/25/2023, 11:10:11,540
FROV00001,FrozenEngine,1228,04/25/2023, 12:21:52,540
FROV00001,FrozenEngine,1228,04/25/2023, 13:15:27,540
FROV00001,FrozenEngine,1228,04/25/2023, 14:11:25,540
FROV00001,FrozenEngine,1228,04/25/2023, 15:12:36,540
FROV00001,FrozenEngine,1228,04/25/2023, 16:14:47,540
FROV00001,FrozenEngine,1228,04/25/2023, 17:10:50,540
FROV00001,FrozenEngine,1228,04/25/2023, 18:14:24,540
FROV00001,FrozenEngine,1228,04/25/2023, 19:09:36,540
FROV00001,FrozenEngine,1228,04/25/2023, 20:12:20,540
FROV00001,FrozenEngine,1228,04/25/2023, 21:10:41,540
FROV00001,FrozenEngine,1228,04/25/2023, 22:11:00,540
FROV00001,FrozenEngine,1228,04/25/2023, 23:11:47,540
FROV00001,FrozenEngine,1228,04/26/2023, 00:56:32,540
FROV00001,FrozenEngine,1228,04/26/2023, 02:04:25,540
FROV00001,FrozenEngine,1229,04/26/2023, 03:12:19,540
FROV00001,FrozenEngine,1229,04/26/2023, 04:14:00,540
FROV00001,FrozenEngine,1229,04/26/2023, 05:11:42,540
FROV00001,FrozenEngine,1229,04/26/2023, 06:15:25,540
FROV00001,FrozenEngine,1229,04/26/2023, 07:11:15,540
FROV00001,FrozenEngine,1229,04/26/2023, 08:15:04,540
FROV00001,FrozenEngine,1229,04/26/2023, 09:12:04,540
FROV00001,FrozenEngine,1229,04/26/2023, 10:12:37,540
FROV00001,FrozenEngine,1229,04/26/2023, 11:10:11,540
FROV00001,FrozenEngine,1229,04/26/2023, 12:21:50,540
FROV00001,FrozenEngine,1229,04/26/2023, 13:15:27,540
FROV00001,FrozenEngine,1229,04/26/2023, 14:11:33,540
FROV00001,FrozenEngine,1229,04/26/2023, 15:12:15,540
FROV00001,FrozenEngine,1229,04/26/2023, 16:15:45,540
FROV00001,FrozenEngine,1229,04/26/2023, 17:10:56,540
FROV00001,FrozenEngine,1229,04/26/2023, 18:14:39,540
FROV00001,FrozenEngine,1229,04/26/2023, 19:10:03,540
FROV00001,FrozenEngine,1229,04/26/2023, 20:11:17,540
FROV00001,FrozenEngine,1229,04/26/2023, 21:10:40,540
FROV00001,FrozenEngine,1229,04/26/2023, 22:10:56,540
FROV00001,FrozenEngine,1229,04/26/2023, 23:12:05,540
FROV00001,FrozenEngine,1229,04/27/2023, 00:58:58,540
FROV00001,FrozenEngine,1229,04/27/2023, 02:06:02,540
FROV00001,FrozenEngine,1229,04/27/2023, 03:12:44,540
FROV00001,FrozenEngine,1229,04/27/2023, 04:14:06,540
FROV00001,FrozenEngine,1229,04/27/2023, 05:11:37,540
FROV00001,FrozenEngine,1229,04/27/2023, 06:15:32,540
FROV00001,FrozenEngine,1229,04/27/2023, 07:11:34,540
FROV00001,FrozenEngine,1229,04/27/2023, 08:14:31,540
FROV00001,FrozenEngine,1229,04/27/2023, 09:11:31,540
FROV00001,FrozenEngine,1229,04/27/2023, 10:12:51,540
FROV00001,FrozenEngine,1229,04/27/2023, 11:10:05,540
FROV00001,FrozenEngine,1229,04/27/2023, 12:20:50,540
FROV00001,FrozenEngine,1229,04/27/2023, 13:14:59,540
FROV00001,FrozenEngine,1229,04/27/2023, 14:11:07,540
FROV00001,FrozenEngine,1229,04/27/2023, 15:11:06,540
FROV00001,FrozenEngine,1229,04/27/2023, 16:13:37,540
FROV00001,FrozenEngine,1229,04/27/2023, 17:10:52,540
FROV00001,FrozenEngine,1229,04/27/2023, 18:14:15,540
FROV00001,FrozenEngine,1229,04/27/2023, 19:09:50,540
FROV00001,FrozenEngine,1229,04/27/2023, 20:12:28,540
FROV00001,FrozenEngine,1229,04/27/2023, 21:10:37,540
FROV00001,FrozenEngine,1229,04/27/2023, 22:10:16,540
FROV00001,FrozenEngine,1229,04/27/2023, 23:12:05,540
FROV00001,FrozenEngine,1229,04/28/2023, 00:57:46,540
FROV00001,FrozenEngine,1229,04/28/2023, 02:05:48,540
FROV00001,FrozenEngine,1229,04/28/2023, 03:12:28,540
FROV00001,FrozenEngine,1229,04/28/2023, 04:13:45,540
FROV00001,FrozenEngine,1229,04/28/2023, 05:11:11,540
FROV00001,FrozenEngine,1229,04/28/2023, 06:15:19,540
FROV00001,FrozenEngine,1229,04/28/2023, 07:11:14,540
FROV00001,FrozenEngine,1229,04/28/2023, 08:14:47,540
FROV00001,FrozenEngine,1229,04/28/2023, 09:11:44,540
FROV00001,FrozenEngine,1229,04/28/2023, 10:12:28,540
FROV00001,FrozenEngine,1229,04/28/2023, 11:09:52,540
FROV00001,FrozenEngine,1229,04/28/2023, 12:20:55,540
FROV00001,FrozenEngine,1229,04/28/2023, 13:13:58,540
FROV00001,FrozenEngine,1229,04/28/2023, 15:11:45,540
FROV00001,FrozenEngine,1229,04/28/2023, 16:14:30,540
FROV00001,FrozenEngine,1229,04/28/2023, 17:10:41,540
FROV00001,FrozenEngine,1229,04/28/2023, 18:13:49,540
FROV00001,FrozenEngine,1229,04/28/2023, 19:09:56,540
FROV00001,FrozenEngine,1229,04/28/2023, 20:12:07,540
FROV00001,FrozenEngine,1229,04/28/2023, 21:10:08,540
FROV00001,FrozenEngine,1229,04/28/2023, 22:10:48,540
FROV00001,FrozenEngine,1229,04/28/2023, 23:11:34,540
FROV00001,FrozenEngine,1229,04/29/2023, 00:54:47,540
FROV00001,FrozenEngine,1229,04/29/2023, 02:03:23,540
FROV00001,FrozenEngine,1229,04/29/2023, 03:12:17,540
FROV00001,FrozenEngine,1229,04/29/2023, 04:13:39,540
FROV00001,FrozenEngine,1229,04/29/2023, 05:10:55,540
FROV00001,FrozenEngine,1229,04/29/2023, 06:13:55,540
FROV00001,FrozenEngine,1229,04/29/2023, 07:11:26,540
FROV00001,FrozenEngine,1230,04/29/2023, 08:13:34,540
FROV00001,FrozenEngine,1230,04/29/2023, 09:11:00,540
FROV00001,FrozenEngine,1230,04/29/2023, 10:11:20,540
FROV00001,FrozenEngine,1230,04/29/2023, 11:09:33,540
FROV00001,FrozenEngine,1230,04/29/2023, 12:19:23,540
FROV00001,FrozenEngine,1230,04/29/2023, 13:12:18,540
FROV00001,FrozenEngine,1230,04/29/2023, 14:09:44,540
FROV00001,FrozenEngine,1230,04/29/2023, 15:10:56,540
FROV00001,FrozenEngine,1230,04/29/2023, 16:13:29,540
FROV00001,FrozenEngine,1230,04/29/2023, 17:09:48,540
FROV00001,FrozenEngine,1230,04/29/2023, 18:13:27,540
FROV00001,FrozenEngine,1230,04/29/2023, 19:09:04,540
FROV00001,FrozenEngine,1230,04/29/2023, 20:11:40,540
FROV00001,FrozenEngine,1230,04/29/2023, 21:09:40,540
FROV00001,FrozenEngine,1230,04/29/2023, 22:10:20,540
FROV00001,FrozenEngine,1230,04/29/2023, 23:11:20,540
FROV00001,FrozenEngine,1230,04/30/2023, 01:01:35,540
FROV00001,FrozenEngine,1230,04/30/2023, 02:28:53,540
FROV00001,FrozenEngine,1230,04/30/2023, 03:12:04,540
FROV00001,FrozenEngine,1230,04/30/2023, 04:13:32,540
FROV00001,FrozenEngine,1230,04/30/2023, 05:10:56,540
FROV00001,FrozenEngine,1230,04/30/2023, 06:14:22,540
FROV00001,FrozenEngine,1230,04/30/2023, 07:10:05,540
FROV00001,FrozenEngine,1230,04/30/2023, 08:13:29,540
FROV00001,FrozenEngine,1230,04/30/2023, 09:10:47,540
FROV00001,FrozenEngine,1230,04/30/2023, 10:11:35,540
FROV00001,FrozenEngine,1230,04/30/2023, 11:09:18,540
FROV00001,FrozenEngine,1230,04/30/2023, 12:19:39,540
FROV00001,FrozenEngine,1230,04/30/2023, 13:12:16,540
FROV00001,FrozenEngine,1230,04/30/2023, 14:09:41,540
FROV00001,FrozenEngine,1230,04/30/2023, 15:10:44,540
FROV00001,FrozenEngine,1230,04/30/2023, 16:13:31,540
FROV00001,FrozenEngine,1230,04/30/2023, 17:10:06,540
FROV00001,FrozenEngine,1230,04/30/2023, 18:13:09,540
FROV00001,FrozenEngine,1230,04/30/2023, 19:08:58,540
FROV00001,FrozenEngine,1230,04/30/2023, 20:11:47,540
FROV00001,FrozenEngine,1230,04/30/2023, 21:10:14,540
FROV00001,FrozenEngine,1230,04/30/2023, 22:10:12,540
FROV00001,FrozenEngine,1230,04/30/2023, 23:11:08,540
FROV00001,FrozenEngine,1230,05/01/2023, 00:59:48,540
FROV00001,FrozenEngine,1230,05/01/2023, 02:07:40,540
FROV00001,FrozenEngine,1230,05/01/2023, 03:12:25,540
FROV00001,FrozenEngine,1230,05/01/2023, 04:14:19,540
FROV00001,FrozenEngine,1230,05/01/2023, 05:11:35,540
FROV00001,FrozenEngine,1230,05/01/2023, 06:15:16,540
FROV00001,FrozenEngine,1230,05/01/2023, 07:12:01,540
FROV00001,FrozenEngine,1230,05/01/2023, 08:14:42,540
FROV00001,FrozenEngine,1230,05/01/2023, 09:12:12,540
FROV00001,FrozenEngine,1230,05/01/2023, 11:10:00,540
FROV00001,FrozenEngine,1230,05/01/2023, 12:20:59,540
FROV00001,FrozenEngine,1230,05/01/2023, 13:14:01,540
FROV00001,FrozenEngine,1230,05/01/2023, 14:10:50,540
FROV00001,FrozenEngine,1230,05/01/2023, 15:11:53,540
FROV00001,FrozenEngine,1230,05/01/2023, 16:15:32,540
FROV00001,FrozenEngine,1230,05/01/2023, 17:10:42,540
FROV00001,FrozenEngine,1230,05/01/2023, 18:13:55,540
FROV00001,FrozenEngine,1230,05/01/2023, 19:09:52,540
FROV00001,FrozenEngine,1230,05/01/2023, 20:12:24,540
FROV00001,FrozenEngine,1230,05/01/2023, 21:10:23,540
FROV00001,FrozenEngine,1230,05/01/2023, 22:11:21,540
FROV00001,FrozenEngine,1230,05/01/2023, 23:12:48,540
FROV00001,FrozenEngine,1230,05/02/2023, 00:57:52,540
FROV00001,FrozenEngine,1230,05/02/2023, 02:03:38,540
FROV00001,FrozenEngine,1230,05/02/2023, 03:12:28,540
FROV00001,FrozenEngine,1230,05/02/2023, 04:13:40,540
FROV00001,FrozenEngine,1230,05/02/2023, 05:11:14,540
FROV00001,FrozenEngine,1230,05/02/2023, 06:15:01,540
FROV00001,FrozenEngine,1230,05/02/2023, 07:11:05,540
FROV00001,FrozenEngine,1230,05/02/2023, 08:14:34,540
FROV00001,FrozenEngine,1230,05/02/2023, 09:11:41,540
FROV00001,FrozenEngine,1230,05/02/2023, 10:12:26,540
FROV00001,FrozenEngine,1231,05/02/2023, 11:10:20,540
FROV00001,FrozenEngine,1231,05/02/2023, 12:21:45,540
FROV00001,FrozenEngine,1231,05/02/2023, 13:15:00,540
FROV00001,FrozenEngine,1231,05/02/2023, 14:11:08,540
FROV00001,FrozenEngine,1231,05/02/2023, 15:13:31,540
FROV00001,FrozenEngine,1231,05/02/2023, 16:14:24,540
FROV00001,FrozenEngine,1231,05/02/2023, 17:11:03,540
FROV00001,FrozenEngine,1231,05/02/2023, 18:13:54,540
FROV00001,FrozenEngine,1231,05/02/2023, 19:09:55,540
FROV00001,FrozenEngine,1231,05/02/2023, 20:11:59,540
FROV00001,FrozenEngine,1231,05/02/2023, 21:10:47,540
FROV00001,FrozenEngine,1231,05/02/2023, 22:10:35,540
FROV00001,FrozenEngine,1231,05/02/2023, 23:11:15,540
FROV00001,FrozenEngine,1231,05/03/2023, 00:57:11,540
FROV00001,FrozenEngine,1231,05/03/2023, 02:02:14,540
FROV00001,FrozenEngine,1231,05/03/2023, 03:12:27,540
FROV00001,FrozenEngine,1231,05/03/2023, 04:13:43,540
FROV00001,FrozenEngine,1231,05/03/2023, 05:11:40,540
FROV00001,FrozenEngine,1231,05/03/2023, 06:14:41,540
FROV00001,FrozenEngine,1231,05/03/2023, 07:11:18,540
FROV00001,FrozenEngine,1231,05/03/2023, 08:14:20,540
FROV00001,FrozenEngine,1231,05/03/2023, 09:11:20,540
FROV00001,FrozenEngine,1231,05/03/2023, 10:12:16,540
FROV00001,FrozenEngine,1231,05/03/2023, 11:10:00,540
FROV00001,FrozenEngine,1231,05/03/2023, 12:21:38,540
FROV00001,FrozenEngine,1232,05/03/2023, 13:14:21,540
FROV00001,FrozenEngine,1232,05/03/2023, 14:10:47,540
FROV00001,FrozenEngine,1232,05/03/2023, 15:11:54,540
FROV00001,FrozenEngine,1232,05/03/2023, 16:14:36,540
FROV00001,FrozenEngine,1232,05/03/2023, 17:10:45,540
FROV00001,FrozenEngine,1232,05/03/2023, 18:13:56,540
FROV00001,FrozenEngine,1232,05/03/2023, 19:09:41,540
FROV00001,FrozenEngine,1232,05/03/2023, 20:11:59,540
FROV00001,FrozenEngine,1232,05/03/2023, 21:10:41,540
FROV00001,FrozenEngine,1232,05/03/2023, 22:11:48,540
FROV00001,FrozenEngine,1232,05/03/2023, 23:11:20,540
FROV00001,FrozenEngine,1232,05/04/2023, 00:56:23,540
FROV00001,FrozenEngine,1232,05/04/2023, 02:01:20,540
FROV00001,FrozenEngine,1232,05/04/2023, 02:35:24,540
FROV00001,FrozenEngine,1232,05/04/2023, 03:12:15,540
FROV00001,FrozenEngine,1232,05/04/2023, 04:13:51,540
FROV00001,FrozenEngine,1232,05/04/2023, 05:11:17,540
FROV00001,FrozenEngine,1232,05/04/2023, 06:14:43,540
FROV00001,FrozenEngine,1232,05/04/2023, 07:11:23,540
FROV00001,FrozenEngine,1232,05/04/2023, 08:14:33,540
FROV00001,FrozenEngine,1232,05/04/2023, 09:11:47,540
FROV00001,FrozenEngine,1232,05/04/2023, 10:12:26,540
FROV00001,FrozenEngine,1232,05/04/2023, 11:10:44,540
FROV00001,FrozenEngine,1232,05/04/2023, 13:14:47,540
FROV00001,FrozenEngine,1232,05/04/2023, 14:10:58,540
FROV00001,FrozenEngine,1232,05/04/2023, 15:12:21,540
FROV00001,FrozenEngine,1232,05/04/2023, 16:24:29,540
FROV00001,FrozenEngine,1232,05/04/2023, 17:10:21,540
FROV00001,FrozenEngine,1232,05/04/2023, 18:14:05,540
FROV00001,FrozenEngine,1232,05/04/2023, 19:09:30,540
FROV00001,FrozenEngine,1232,05/04/2023, 20:11:55,540
FROV00001,FrozenEngine,1232,05/04/2023, 21:10:32,540
FROV00001,FrozenEngine,1232,05/04/2023, 22:11:20,540
FROV00001,FrozenEngine,1232,05/04/2023, 23:12:16,540
FROV00001,FrozenEngine,1232,05/05/2023, 00:52:33,540
FROV00001,FrozenEngine,1232,05/05/2023, 01:58:50,540
FROV00001,FrozenEngine,1232,05/05/2023, 02:29:58,540
FROV00001,FrozenEngine,1232,05/05/2023, 03:12:24,540
FROV00001,FrozenEngine,1232,05/05/2023, 04:13:53,540
FROV00001,FrozenEngine,1232,05/05/2023, 05:11:10,540
FROV00001,FrozenEngine,1232,05/05/2023, 06:15:04,540
FROV00001,FrozenEngine,1232,05/05/2023, 07:11:00,540
FROV00001,FrozenEngine,1232,05/05/2023, 08:14:24,540
FROV00001,FrozenEngine,1232,05/05/2023, 09:11:30,540
FROV00001,FrozenEngine,1232,05/05/2023, 10:12:20,540
FROV00001,FrozenEngine,1232,05/05/2023, 11:10:05,540
FROV00001,FrozenEngine,1232,05/05/2023, 12:20:31,540
FROV00001,FrozenEngine,1232,05/05/2023, 13:14:16,540
FROV00001,FrozenEngine,1232,05/05/2023, 14:10:54,540
FROV00001,FrozenEngine,1232,05/05/2023, 15:11:45,540
FROV00001,FrozenEngine,1232,05/05/2023, 17:10:17,540
FROV00001,FrozenEngine,1232,05/05/2023, 18:13:46,540
FROV00001,FrozenEngine,1232,05/05/2023, 19:09:40,540
FROV00001,FrozenEngine,1232,05/05/2023, 20:11:53,540
FROV00001,FrozenEngine,1232,05/05/2023, 21:10:09,540
FROV00001,FrozenEngine,1232,05/05/2023, 22:11:03,540
FROV00001,FrozenEngine,1232,05/05/2023, 23:11:36,540
FROV00001,FrozenEngine,1232,05/06/2023, 00:53:00,540
FROV00001,FrozenEngine,1232,05/06/2023, 01:57:40,540
FROV00001,FrozenEngine,1232,05/06/2023, 02:26:41,540
FROV00001,FrozenEngine,1232,05/06/2023, 03:11:47,540
FROV00001,FrozenEngine,1232,05/06/2023, 04:13:18,540
FROV00001,FrozenEngine,1232,05/06/2023, 05:10:24,540
FROV00001,FrozenEngine,1232,05/06/2023, 06:14:14,540
FROV00001,FrozenEngine,1232,05/06/2023, 07:11:16,540
FROV00001,FrozenEngine,1232,05/06/2023, 08:13:24,540
FROV00001,FrozenEngine,1232,05/06/2023, 09:10:53,540
FROV00001,FrozenEngine,1232,05/06/2023, 10:11:41,540
FROV00001,FrozenEngine,1233,05/06/2023, 11:09:48,540
FROV00001,FrozenEngine,1233,05/06/2023, 12:19:46,540
FROV00001,FrozenEngine,1233,05/06/2023, 13:11:59,540
FROV00001,FrozenEngine,1233,05/06/2023, 14:09:40,540
FROV00001,FrozenEngine,1233,05/06/2023, 15:10:48,540
FROV00001,FrozenEngine,1233,05/06/2023, 16:13:37,540
FROV00001,FrozenEngine,1233,05/06/2023, 17:09:57,540
FROV00001,FrozenEngine,1233,05/06/2023, 18:13:16,540
FROV00001,FrozenEngine,1233,05/06/2023, 19:09:06,540
FROV00001,FrozenEngine,1233,05/06/2023, 20:11:22,540
FROV00001,FrozenEngine,1233,05/06/2023, 21:10:32,540
FROV00001,FrozenEngine,1233,05/06/2023, 22:10:12,540
FROV00001,FrozenEngine,1233,05/06/2023, 23:11:15,540
FROV00001,FrozenEngine,1233,05/07/2023, 01:00:02,540
FROV00001,FrozenEngine,1233,05/07/2023, 02:12:38,540
FROV00001,FrozenEngine,1233,05/07/2023, 03:12:26,540
FROV00001,FrozenEngine,1233,05/07/2023, 04:13:42,540
FROV00001,FrozenEngine,1233,05/07/2023, 05:11:32,540
FROV00001,FrozenEngine,1233,05/07/2023, 06:14:17,540
FROV00001,FrozenEngine,1233,05/07/2023, 07:10:17,540
FROV00001,FrozenEngine,1233,05/07/2023, 08:13:10,540
FROV00001,FrozenEngine,1234,05/07/2023, 09:10:39,540
FROV00001,FrozenEngine,1234,05/07/2023, 10:11:39,540
FROV00001,FrozenEngine,1234,05/07/2023, 11:09:17,540
FROV00001,FrozenEngine,1234,05/07/2023, 12:19:39,540
FROV00001,FrozenEngine,1234,05/07/2023, 13:12:10,540
FROV00001,FrozenEngine,1234,05/07/2023, 14:09:52,540
FROV00001,FrozenEngine,1234,05/07/2023, 15:11:17,540
FROV00001,FrozenEngine,1234,05/07/2023, 16:13:37,540
FROV00001,FrozenEngine,1234,05/07/2023, 17:09:53,540
FROV00001,FrozenEngine,1234,05/07/2023, 18:13:06,540
FROV00001,FrozenEngine,1234,05/07/2023, 19:09:19,540
FROV00001,FrozenEngine,1234,05/07/2023, 20:11:28,540
FROV00001,FrozenEngine,1234,05/07/2023, 21:10:52,540
FROV00001,FrozenEngine,1234,05/07/2023, 22:10:22,540
FROV00001,FrozenEngine,1234,05/07/2023, 23:11:02,540
FROV00001,FrozenEngine,1234,05/08/2023, 00:55:03,540
FROV00001,FrozenEngine,1234,05/08/2023, 02:04:37,540
FROV00001,FrozenEngine,1234,05/08/2023, 03:12:20,540
FROV00001,FrozenEngine,1234,05/08/2023, 04:14:19,540
FROV00001,FrozenEngine,1234,05/08/2023, 05:11:27,540
FROV00001,FrozenEngine,1234,05/08/2023, 06:15:05,540
FROV00001,FrozenEngine,1234,05/08/2023, 07:11:16,540
FROV00001,FrozenEngine,1234,05/08/2023, 08:15:10,540
FROV00001,FrozenEngine,1234,05/08/2023, 09:12:15,540
FROV00001,FrozenEngine,1234,05/08/2023, 10:12:30,540
FROV00001,FrozenEngine,1234,05/08/2023, 11:10:36,540
FROV00001,FrozenEngine,1234,05/08/2023, 12:22:09,540
FROV00001,FrozenEngine,1234,05/08/2023, 13:14:36,540
FROV00001,FrozenEngine,1234,05/08/2023, 14:11:16,540
FROV00001,FrozenEngine,1234,05/08/2023, 15:12:11,540
FROV00001,FrozenEngine,1234,05/08/2023, 16:15:04,540
FROV00001,FrozenEngine,1234,05/08/2023, 17:10:53,540
FROV00001,FrozenEngine,1235,05/08/2023, 18:14:22,540
FROV00001,FrozenEngine,1235,05/08/2023, 19:09:51,540
FROV00001,FrozenEngine,1235,05/08/2023, 20:11:38,540
FROV00001,FrozenEngine,1235,05/08/2023, 21:10:35,540
FROV00001,FrozenEngine,1235,05/08/2023, 22:10:54,540
FROV00001,FrozenEngine,1236,05/08/2023, 23:12:11,540
FROV00001,FrozenEngine,1236,05/09/2023, 00:57:26,540
FROV00001,FrozenEngine,1236,05/09/2023, 02:05:19,540
FROV00001,FrozenEngine,1236,05/09/2023, 03:13:02,540
FROV00001,FrozenEngine,1236,05/09/2023, 04:13:30,540
FROV00001,FrozenEngine,1236,05/09/2023, 05:11:10,540
FROV00001,FrozenEngine,1236,05/09/2023, 06:15:07,540
FROV00001,FrozenEngine,1236,05/09/2023, 07:11:03,540
FROV00001,FrozenEngine,1236,05/09/2023, 08:14:32,540
FROV00001,FrozenEngine,1236,05/09/2023, 09:11:44,540
FROV00001,FrozenEngine,1236,05/09/2023, 10:12:48,540
FROV00001,FrozenEngine,1236,05/09/2023, 11:10:05,540
FROV00001,FrozenEngine,1236,05/09/2023, 12:58:42,540
FROV00001,FrozenEngine,1236,05/09/2023, 13:37:34,540
FROV00001,FrozenEngine,1236,05/09/2023, 14:12:00,540
FROV00001,FrozenEngine,1236,05/09/2023, 15:12:53,540
FROV00001,FrozenEngine,1236,05/09/2023, 16:15:08,540
FROV00001,FrozenEngine,1236,05/09/2023, 17:10:40,540
FROV00001,FrozenEngine,1236,05/09/2023, 18:14:29,540
FROV00001,FrozenEngine,1236,05/09/2023, 19:09:45,540
FROV00001,FrozenEngine,1236,05/09/2023, 20:12:54,540
FROV00001,FrozenEngine,1236,05/09/2023, 21:10:55,540
FROV00001,FrozenEngine,1236,05/09/2023, 22:10:38,540
FROV00001,FrozenEngine,1236,05/09/2023, 23:11:13,540
FROV00001,FrozenEngine,1236,05/10/2023, 00:56:07,540
FROV00001,FrozenEngine,1236,05/10/2023, 02:01:29,540
FROV00001,FrozenEngine,1236,05/10/2023, 02:35:19,540
FROV00001,FrozenEngine,1236,05/10/2023, 03:12:22,540
FROV00001,FrozenEngine,1236,05/10/2023, 04:13:37,540
FROV00001,FrozenEngine,1236,05/10/2023, 05:11:10,540
FROV00001,FrozenEngine,1236,05/10/2023, 06:15:01,540
FROV00001,FrozenEngine,1236,05/10/2023, 07:11:03,540
FROV00001,FrozenEngine,1236,05/10/2023, 08:14:19,540
FROV00001,FrozenEngine,1236,05/10/2023, 09:11:56,540
FROV00001,FrozenEngine,1236,05/10/2023, 10:12:34,540
FROV00001,FrozenEngine,1236,05/10/2023, 11:09:52,540
FROV00001,FrozenEngine,1236,05/10/2023, 12:21:40,540
FROV00001,FrozenEngine,1236,05/10/2023, 14:11:54,540
FROV00001,FrozenEngine,1236,05/10/2023, 15:11:47,540
FROV00001,FrozenEngine,1236,05/10/2023, 17:13:46,540
FROV00001,FrozenEngine,1236,05/10/2023, 20:15:18,540
FROV00001,FrozenEngine,1236,05/10/2023, 21:17:10,540
FROV00001,FrozenEngine,1236,05/10/2023, 22:13:32,540
FROV00001,FrozenEngine,1236,05/10/2023, 23:12:27,540
FROV00001,FrozenEngine,1236,05/11/2023, 00:56:42,540
FROV00001,FrozenEngine,1236,05/11/2023, 02:02:30,540
FROV00001,FrozenEngine,1236,05/11/2023, 03:12:08,540
FROV00001,FrozenEngine,1236,05/11/2023, 04:13:32,540
FROV00001,FrozenEngine,1236,05/11/2023, 05:10:58,540
FROV00001,FrozenEngine,1236,05/11/2023, 06:14:50,540
FROV00001,FrozenEngine,1236,05/11/2023, 07:11:01,540
FROV00001,FrozenEngine,1236,05/11/2023, 08:14:28,540
FROV00001,FrozenEngine,1236,05/11/2023, 09:11:54,540
FROV00001,FrozenEngine,1236,05/11/2023, 10:12:50,540
FROV00001,FrozenEngine,1236,05/11/2023, 11:09:45,540
FROV00001,FrozenEngine,1236,05/11/2023, 12:21:50,540
FROV00001,FrozenEngine,1236,05/11/2023, 13:14:37,540
FROV00001,FrozenEngine,1236,05/11/2023, 14:11:06,540
FROV00001,FrozenEngine,1236,05/11/2023, 15:12:07,540
FROV00001,FrozenEngine,1236,05/11/2023, 16:14:45,540
FROV00001,FrozenEngine,1236,05/11/2023, 17:10:39,540
FROV00001,FrozenEngine,1236,05/11/2023, 18:13:43,540
FROV00001,FrozenEngine,1236,05/11/2023, 19:09:11,540
FROV00001,FrozenEngine,1236,05/11/2023, 20:11:50,540
FROV00001,FrozenEngine,1236,05/11/2023, 21:10:25,540
FROV00001,FrozenEngine,1236,05/11/2023, 22:10:34,540
FROV00001,FrozenEngine,1236,05/11/2023, 23:12:09,540
FROV00001,FrozenEngine,1236,05/12/2023, 00:56:00,540
FROV00001,FrozenEngine,1236,05/12/2023, 02:00:18,540
FROV00001,FrozenEngine,1236,05/12/2023, 02:33:15,540
FROV00001,FrozenEngine,1236,05/12/2023, 03:12:28,540
FROV00001,FrozenEngine,1237,05/12/2023, 05:11:15,540
FROV00001,FrozenEngine,1237,05/12/2023, 06:14:39,540
FROV00001,FrozenEngine,1237,05/12/2023, 07:10:51,540
FROV00001,FrozenEngine,1237,05/12/2023, 08:14:00,540
FROV00001,FrozenEngine,1237,05/12/2023, 09:11:20,540
FROV00001,FrozenEngine,1237,05/12/2023, 10:11:59,540
FROV00001,FrozenEngine,1237,05/12/2023, 11:09:27,540
FROV00001,FrozenEngine,1237,05/12/2023, 12:20:32,540
FROV00001,FrozenEngine,1237,05/12/2023, 13:13:42,540
FROV00001,FrozenEngine,1237,05/12/2023, 14:10:38,540
FROV00001,FrozenEngine,1237,05/12/2023, 15:11:29,540
FROV00001,FrozenEngine,1237,05/12/2023, 16:14:04,540
FROV00001,FrozenEngine,1237,05/12/2023, 17:10:32,540
FROV00001,FrozenEngine,1237,05/12/2023, 18:13:42,540
FROV00001,FrozenEngine,1237,05/12/2023, 19:09:26,540
FROV00001,FrozenEngine,1237,05/12/2023, 20:11:37,540
FROV00001,FrozenEngine,1237,05/12/2023, 21:09:59,540
FROV00001,FrozenEngine,1237,05/12/2023, 22:11:09,540
FROV00001,FrozenEngine,1237,05/12/2023, 23:10:52,540
FROV00001,FrozenEngine,1237,05/13/2023, 00:56:57,540
FROV00001,FrozenEngine,1237,05/13/2023, 02:00:47,540
FROV00001,FrozenEngine,1237,05/13/2023, 02:33:11,540
FROV00001,FrozenEngine,1237,05/13/2023, 03:11:54,540
FROV00001,FrozenEngine,1237,05/13/2023, 04:13:16,540
FROV00001,FrozenEngine,1237,05/13/2023, 05:10:52,540
FROV00001,FrozenEngine,1237,05/13/2023, 06:14:12,540
FROV00001,FrozenEngine,1237,05/13/2023, 07:10:34,540
FROV00001,FrozenEngine,1237,05/13/2023, 08:13:03,540
FROV00001,FrozenEngine,1237,05/13/2023, 09:10:23,540
FROV00001,FrozenEngine,1237,05/13/2023, 10:11:24,540
FROV00001,FrozenEngine,1237,05/13/2023, 11:09:43,540
FROV00001,FrozenEngine,1237,05/13/2023, 12:19:08,540
FROV00001,FrozenEngine,1237,05/13/2023, 13:11:56,540
FROV00001,FrozenEngine,1237,05/13/2023, 14:09:42,540
FROV00001,FrozenEngine,1237,05/13/2023, 15:10:53,540
FROV00001,FrozenEngine,1237,05/13/2023, 16:13:24,540
FROV00001,FrozenEngine,1237,05/13/2023, 17:11:13,540
FROV00001,FrozenEngine,1237,05/13/2023, 18:13:33,540
FROV00001,FrozenEngine,1237,05/13/2023, 19:09:13,540
FROV00001,FrozenEngine,1237,05/13/2023, 20:11:27,540
FROV00001,FrozenEngine,1237,05/13/2023, 21:09:54,540
FROV00001,FrozenEngine,1237,05/13/2023, 22:10:27,540
FROV00001,FrozenEngine,1237,05/13/2023, 23:10:40,540
FROV00001,FrozenEngine,1237,05/14/2023, 00:59:53,540
FROV00001,FrozenEngine,1237,05/14/2023, 02:09:30,540
FROV00001,FrozenEngine,1237,05/14/2023, 03:11:51,540
FROV00001,FrozenEngine,1237,05/14/2023, 04:13:24,540
FROV00001,FrozenEngine,1237,05/14/2023, 05:10:36,540
FROV00001,FrozenEngine,1237,05/14/2023, 06:13:52,540
FROV00001,FrozenEngine,1237,05/14/2023, 07:11:09,540
FROV00001,FrozenEngine,1237,05/14/2023, 08:13:29,540
FROV00001,FrozenEngine,1237,05/14/2023, 09:10:21,540
FROV00001,FrozenEngine,1237,05/14/2023, 10:11:08,540
FROV00001,FrozenEngine,1237,05/14/2023, 11:09:07,540
FROV00001,FrozenEngine,1237,05/14/2023, 12:19:57,540
FROV00001,FrozenEngine,1237,05/14/2023, 13:11:46,540
FROV00001,FrozenEngine,1237,05/14/2023, 14:09:50,540
FROV00001,FrozenEngine,1237,05/14/2023, 15:10:57,540
FROV00001,FrozenEngine,1237,05/14/2023, 16:13:31,540
FROV00001,FrozenEngine,1237,05/14/2023, 17:09:48,540
FROV00001,FrozenEngine,1237,05/14/2023, 18:13:07,540
FROV00001,FrozenEngine,1237,05/14/2023, 19:09:03,540
FROV00001,FrozenEngine,1237,05/14/2023, 20:11:17,540
FROV00001,FrozenEngine,1237,05/14/2023, 21:10:52,540
FROV00001,FrozenEngine,1237,05/14/2023, 22:10:22,540
FROV00001,FrozenEngine,1237,05/14/2023, 23:11:01,540
FROV00001,FrozenEngine,1237,05/15/2023, 00:58:56,540
FROV00001,FrozenEngine,1237,05/15/2023, 02:07:58,540
FROV00001,FrozenEngine,1237,05/15/2023, 03:12:13,540
FROV00001,FrozenEngine,1237,05/15/2023, 04:13:33,540
FROV00001,FrozenEngine,1237,05/15/2023, 05:11:17,540
FROV00001,FrozenEngine,1237,05/15/2023, 06:15:30,540
FROV00001,FrozenEngine,1237,05/15/2023, 07:11:46,540
FROV00001,FrozenEngine,1237,05/15/2023, 08:14:45,540
FROV00001,FrozenEngine,1237,05/15/2023, 09:12:18,540
FROV00001,FrozenEngine,1237,05/15/2023, 10:12:50,540
FROV00001,FrozenEngine,1237,05/15/2023, 11:10:06,540
FROV00001,FrozenEngine,1237,05/15/2023, 12:21:56,540
FROV00001,FrozenEngine,1237,05/15/2023, 13:15:07,540
FROV00001,FrozenEngine,1237,05/15/2023, 14:11:07,540
FROV00001,FrozenEngine,1237,05/15/2023, 15:12:09,540
FROV00001,FrozenEngine,1237,05/15/2023, 16:14:19,540
FROV00001,FrozenEngine,1237,05/15/2023, 17:10:37,540
FROV00001,FrozenEngine,1237,05/15/2023, 18:14:07,540
FROV00001,FrozenEngine,1237,05/15/2023, 19:09:18,540
FROV00001,FrozenEngine,1237,05/15/2023, 20:11:47,540
FROV00001,FrozenEngine,1237,05/15/2023, 21:10:20,540
FROV00001,FrozenEngine,1237,05/15/2023, 22:10:38,540
FROV00001,FrozenEngine,1237,05/15/2023, 23:11:16,540
FROV00001,FrozenEngine,1237,05/16/2023, 00:57:27,540
FROV00001,FrozenEngine,1237,05/16/2023, 02:06:34,540
FROV00001,FrozenEngine,1237,05/16/2023, 03:12:42,540
FROV00001,FrozenEngine,1237,05/16/2023, 04:14:00,540
FROV00001,FrozenEngine,1237,05/16/2023, 05:11:11,540
FROV00001,FrozenEngine,1237,05/16/2023, 06:15:03,540
FROV00001,FrozenEngine,1237,05/16/2023, 07:11:03,540
FROV00001,FrozenEngine,1237,05/16/2023, 08:14:51,540
FROV00001,FrozenEngine,1237,05/16/2023, 09:11:32,540
FROV00001,FrozenEngine,1237,05/16/2023, 10:12:11,540
FROV00001,FrozenEngine,1237,05/16/2023, 11:09:50,540
FROV00001,FrozenEngine,1237,05/16/2023, 12:23:43,540
FROV00001,FrozenEngine,1237,05/16/2023, 13:15:09,540
FROV00001,FrozenEngine,1237,05/16/2023, 14:10:52,540
FROV00001,FrozenEngine,1237,05/16/2023, 15:11:59,540
FROV00001,FrozenEngine,1237,05/16/2023, 16:14:46,540
FROV00001,FrozenEngine,1237,05/16/2023, 17:10:36,540
FROV00001,FrozenEngine,1237,05/16/2023, 18:13:54,540
FROV00001,FrozenEngine,1237,05/16/2023, 19:09:43,540
FROV00001,FrozenEngine,1237,05/16/2023, 20:12:03,540
FROV00001,FrozenEngine,1237,05/16/2023, 22:11:07,540
FROV00001,FrozenEngine,1237,05/16/2023, 23:11:10,540
FROV00001,FrozenEngine,1237,05/17/2023, 00:59:25,540
FROV00001,FrozenEngine,1237,05/17/2023, 02:08:16,540
FROV00001,FrozenEngine,1237,05/17/2023, 03:12:40,540
FROV00001,FrozenEngine,1237,05/17/2023, 04:13:34,540
FROV00001,FrozenEngine,1237,05/17/2023, 05:11:11,540
FROV00001,FrozenEngine,1237,05/17/2023, 06:14:28,540
FROV00001,FrozenEngine,1237,05/17/2023, 07:10:59,540
FROV00001,FrozenEngine,1237,05/17/2023, 08:14:28,540
FROV00001,FrozenEngine,1237,05/17/2023, 09:11:56,540
FROV00001,FrozenEngine,1237,05/17/2023, 10:12:30,540
FROV00001,FrozenEngine,1237,05/17/2023, 11:09:50,540
FROV00001,FrozenEngine,1237,05/17/2023, 12:21:03,540
FROV00001,FrozenEngine,1237,05/17/2023, 13:14:14,540
FROV00001,FrozenEngine,1237,05/17/2023, 14:10:59,540
FROV00001,FrozenEngine,1237,05/17/2023, 15:11:58,540
FROV00001,FrozenEngine,1237,05/17/2023, 16:14:26,540
FROV00001,FrozenEngine,1237,05/17/2023, 17:10:15,540
FROV00001,FrozenEngine,1237,05/17/2023, 18:13:55,540
FROV00001,FrozenEngine,1237,05/17/2023, 19:09:35,540
FROV00001,FrozenEngine,1237,05/17/2023, 20:11:49,540
FROV00001,FrozenEngine,1237,05/17/2023, 21:10:11,540
FROV00001,FrozenEngine,1237,05/17/2023, 22:11:06,540
FROV00001,FrozenEngine,1237,05/17/2023, 23:11:01,540
FROV00001,FrozenEngine,1237,05/18/2023, 00:56:27,540
FROV00001,FrozenEngine,1237,05/18/2023, 02:03:46,540
FROV00001,FrozenEngine,1237,05/18/2023, 03:12:04,540
FROV00001,FrozenEngine,1237,05/18/2023, 04:13:34,540
FROV00001,FrozenEngine,1237,05/18/2023, 05:11:14,540
FROV00001,FrozenEngine,1237,05/18/2023, 06:15:19,540
FROV00001,FrozenEngine,1237,05/18/2023, 07:10:49,540
FROV00001,FrozenEngine,1237,05/18/2023, 08:14:13,540
FROV00001,FrozenEngine,1237,05/18/2023, 09:11:17,540
FROV00001,FrozenEngine,1237,05/18/2023, 10:12:01,540
FROV00001,FrozenEngine,1237,05/18/2023, 11:09:53,540
FROV00001,FrozenEngine,1237,05/18/2023, 12:21:41,540
FROV00001,FrozenEngine,1237,05/18/2023, 13:14:00,540
FROV00001,FrozenEngine,1237,05/18/2023, 14:10:45,540
FROV00001,FrozenEngine,1237,05/18/2023, 15:11:28,540
FROV00001,FrozenEngine,1237,05/18/2023, 16:14:35,540
FROV00001,FrozenEngine,1237,05/18/2023, 17:10:32,540
FROV00001,FrozenEngine,1237,05/18/2023, 18:14:08,540
FROV00001,FrozenEngine,1237,05/18/2023, 19:09:31,540
FROV00001,FrozenEngine,1237,05/18/2023, 20:11:52,540
FROV00001,FrozenEngine,1237,05/18/2023, 21:10:16,540
FROV00001,FrozenEngine,1237,05/18/2023, 22:10:48,540
FROV00001,FrozenEngine,1237,05/18/2023, 23:11:28,540
FROV00001,FrozenEngine,1237,05/19/2023, 00:57:26,540
FROV00001,FrozenEngine,1237,05/19/2023, 02:05:13,540
FROV00001,FrozenEngine,1237,05/19/2023, 03:11:56,540
FROV00001,FrozenEngine,1237,05/19/2023, 04:13:33,540
FROV00001,FrozenEngine,1237,05/19/2023, 05:11:23,540
FROV00001,FrozenEngine,1237,05/19/2023, 06:14:44,540
FROV00001,FrozenEngine,1237,05/19/2023, 07:10:54,540
FROV00001,FrozenEngine,1237,05/19/2023, 08:14:40,540
FROV00001,FrozenEngine,1237,05/19/2023, 09:11:19,540
FROV00001,FrozenEngine,1237,05/19/2023, 10:12:14,540
FROV00001,FrozenEngine,1237,05/19/2023, 11:09:48,540
FROV00001,FrozenEngine,1237,05/19/2023, 12:20:07,540
FROV00001,FrozenEngine,1237,05/19/2023, 13:13:49,540
FROV00001,FrozenEngine,1237,05/19/2023, 14:10:47,540
FROV00001,FrozenEngine,1237,05/19/2023, 15:11:25,540
FROV00001,FrozenEngine,1237,05/19/2023, 16:14:17,540
FROV00001,FrozenEngine,1237,05/19/2023, 17:10:20,540
FROV00001,FrozenEngine,1237,05/19/2023, 18:13:42,540
FROV00001,FrozenEngine,1237,05/19/2023, 19:09:32,540
FROV00001,FrozenEngine,1237,05/19/2023, 20:12:07,540
FROV00001,FrozenEngine,1237,05/19/2023, 21:10:01,540
FROV00001,FrozenEngine,1237,05/19/2023, 22:10:36,540
FROV00001,FrozenEngine,1237,05/19/2023, 23:11:42,540
FROV00001,FrozenEngine,1237,05/20/2023, 00:55:02,540
FROV00001,FrozenEngine,1237,05/20/2023, 02:01:33,540
FROV00001,FrozenEngine,1237,05/20/2023, 02:34:48,540
FROV00001,FrozenEngine,1237,05/20/2023, 03:11:51,540
FROV00001,FrozenEngine,1237,05/20/2023, 04:13:04,540
FROV00001,FrozenEngine,1237,05/20/2023, 05:10:40,540
FROV00001,FrozenEngine,1237,05/20/2023, 06:13:56,540
FROV00001,FrozenEngine,1237,05/20/2023, 07:10:12,540
FROV00001,FrozenEngine,1237,05/20/2023, 08:13:18,540
FROV00001,FrozenEngine,1237,05/20/2023, 09:10:26,540
FROV00001,FrozenEngine,1237,05/20/2023, 10:11:20,540
FROV00001,FrozenEngine,1237,05/20/2023, 11:09:31,540
FROV00001,FrozenEngine,1237,05/20/2023, 12:19:16,540
FROV00001,FrozenEngine,1237,05/20/2023, 13:12:01,540
FROV00001,FrozenEngine,1237,05/20/2023, 14:10:25,540
FROV00001,FrozenEngine,1237,05/20/2023, 15:10:42,540
FROV00001,FrozenEngine,1237,05/20/2023, 16:13:17,540
FROV00001,FrozenEngine,1237,05/20/2023, 17:09:44,540
FROV00001,FrozenEngine,1237,05/20/2023, 18:12:53,540
FROV00001,FrozenEngine,1237,05/20/2023, 19:08:52,540
FROV00001,FrozenEngine,1237,05/20/2023, 20:11:34,540
FROV00001,FrozenEngine,1237,05/20/2023, 21:09:43,540
FROV00001,FrozenEngine,1237,05/20/2023, 22:10:18,540
FROV00001,FrozenEngine,1237,05/20/2023, 23:10:58,540
FROV00001,FrozenEngine,1237,05/21/2023, 01:00:14,540
FROV00001,FrozenEngine,1237,05/21/2023, 02:13:26,540
FROV00001,FrozenEngine,1237,05/21/2023, 03:12:18,540
FROV00001,FrozenEngine,1237,05/21/2023, 04:13:36,540
FROV00001,FrozenEngine,1237,05/21/2023, 05:10:46,540
FROV00001,FrozenEngine,1237,05/21/2023, 06:13:48,540
FROV00001,FrozenEngine,1237,05/21/2023, 07:10:02,540
FROV00001,FrozenEngine,1237,05/21/2023, 08:13:25,540
FROV00001,FrozenEngine,1237,05/21/2023, 09:10:31,540
FROV00001,FrozenEngine,1237,05/21/2023, 10:11:02,540
FROV00001,FrozenEngine,1237,05/21/2023, 11:09:17,540
FROV00001,FrozenEngine,1237,05/21/2023, 12:19:25,540
FROV00001,FrozenEngine,1237,05/21/2023, 13:12:04,540
FROV00001,FrozenEngine,1237,05/21/2023, 14:10:04,540
FROV00001,FrozenEngine,1237,05/21/2023, 15:10:47,540
FROV00001,FrozenEngine,1237,05/21/2023, 16:13:27,540
FROV00001,FrozenEngine,1237,05/21/2023, 17:09:33,540
FROV00001,FrozenEngine,1238,05/21/2023, 18:13:32,540
FROV00001,FrozenEngine,1238,05/21/2023, 19:08:59,540
FROV00001,FrozenEngine,1239,05/21/2023, 20:11:28,540
FROV00001,FrozenEngine,1239,05/21/2023, 21:10:01,540
FROV00001,FrozenEngine,1239,05/21/2023, 22:10:39,540
FROV00001,FrozenEngine,1239,05/21/2023, 23:11:38,540
FROV00001,FrozenEngine,1239,05/22/2023, 01:00:04,540
FROV00001,FrozenEngine,1239,05/22/2023, 02:12:55,540
FROV00001,FrozenEngine,1239,05/22/2023, 03:13:06,540
FROV00001,FrozenEngine,1239,05/22/2023, 04:13:42,540
FROV00001,FrozenEngine,1239,05/22/2023, 05:11:59,540
FROV00001,FrozenEngine,1239,05/22/2023, 06:15:34,540
FROV00001,FrozenEngine,1239,05/22/2023, 07:11:48,540
FROV00001,FrozenEngine,1239,05/22/2023, 08:14:56,540
FROV00001,FrozenEngine,1239,05/22/2023, 09:12:08,540
FROV00001,FrozenEngine,1239,05/22/2023, 10:12:45,540
FROV00001,FrozenEngine,1239,05/22/2023, 11:09:56,540
FROV00001,FrozenEngine,1239,05/22/2023, 12:21:12,540
FROV00001,FrozenEngine,1239,05/22/2023, 13:14:35,540
FROV00001,FrozenEngine,1239,05/22/2023, 14:10:50,540
FROV00001,FrozenEngine,1239,05/22/2023, 15:12:11,540
FROV00001,FrozenEngine,1239,05/22/2023, 16:14:32,540
FROV00001,FrozenEngine,1239,05/22/2023, 17:10:38,540
FROV00001,FrozenEngine,1239,05/22/2023, 18:13:55,540
FROV00001,FrozenEngine,1239,05/22/2023, 19:09:26,540
FROV00001,FrozenEngine,1239,05/22/2023, 20:11:54,540
FROV00001,FrozenEngine,1239,05/22/2023, 21:10:39,540
FROV00001,FrozenEngine,1239,05/22/2023, 22:10:50,540
FROV00001,FrozenEngine,1239,05/22/2023, 23:11:36,540
FROV00001,FrozenEngine,1239,05/23/2023, 00:57:29,540
FROV00001,FrozenEngine,1239,05/23/2023, 02:06:00,540
FROV00001,FrozenEngine,1239,05/23/2023, 03:12:12,540
FROV00001,FrozenEngine,1239,05/23/2023, 04:13:28,540
FROV00001,FrozenEngine,1239,05/23/2023, 05:11:20,540
FROV00001,FrozenEngine,1239,05/23/2023, 06:14:58,540
FROV00001,FrozenEngine,1239,05/23/2023, 07:10:56,540
FROV00001,FrozenEngine,1239,05/23/2023, 08:14:39,540
FROV00001,FrozenEngine,1239,05/23/2023, 09:11:51,540
FROV00001,FrozenEngine,1239,05/23/2023, 10:12:29,540
FROV00001,FrozenEngine,1239,05/23/2023, 11:09:51,540
FROV00001,FrozenEngine,1239,05/23/2023, 12:21:29,540
FROV00001,FrozenEngine,1239,05/23/2023, 13:15:13,540
FROV00001,FrozenEngine,1239,05/23/2023, 14:11:29,540
FROV00001,FrozenEngine,1239,05/23/2023, 15:12:45,540
FROV00001,FrozenEngine,1239,05/23/2023, 16:14:59,540
FROV00001,FrozenEngine,1239,05/23/2023, 17:10:34,540
FROV00001,FrozenEngine,1239,05/23/2023, 18:13:50,540
FROV00001,FrozenEngine,1239,05/23/2023, 19:10:30,540
FROV00001,FrozenEngine,1239,05/23/2023, 20:11:59,540
FROV00001,FrozenEngine,1239,05/23/2023, 21:10:25,540
FROV00001,FrozenEngine,1239,05/23/2023, 22:11:05,540
FROV00001,FrozenEngine,1239,05/23/2023, 23:11:35,540
FROV00001,FrozenEngine,1239,05/24/2023, 00:58:28,540
FROV00001,FrozenEngine,1239,05/24/2023, 02:09:58,540
FROV00001,FrozenEngine,1239,05/24/2023, 03:12:53,540
FROV00001,FrozenEngine,1239,05/24/2023, 04:13:58,540
FROV00001,FrozenEngine,1239,05/24/2023, 05:10:55,540
FROV00001,FrozenEngine,1239,05/24/2023, 06:14:40,540
FROV00001,FrozenEngine,1239,05/24/2023, 07:10:42,540
FROV00001,FrozenEngine,1239,05/24/2023, 08:14:44,540
FROV00001,FrozenEngine,1239,05/24/2023, 09:11:56,540
FROV00001,FrozenEngine,1239,05/24/2023, 10:12:35,540
FROV00001,FrozenEngine,1239,05/24/2023, 11:10:03,540
FROV00001,FrozenEngine,1239,05/24/2023, 12:21:17,540
FROV00001,FrozenEngine,1239,05/24/2023, 13:15:12,540
FROV00001,FrozenEngine,1239,05/24/2023, 14:11:11,540
FROV00001,FrozenEngine,1239,05/24/2023, 15:12:06,540
FROV00001,FrozenEngine,1239,05/24/2023, 16:14:43,540
FROV00001,FrozenEngine,1239,05/24/2023, 17:10:38,540
FROV00001,FrozenEngine,1239,05/24/2023, 18:13:55,540
FROV00001,FrozenEngine,1239,05/24/2023, 19:09:30,540
FROV00001,FrozenEngine,1239,05/24/2023, 20:11:56,540
FROV00001,FrozenEngine,1239,05/24/2023, 21:08:58,540
FROV00001,FrozenEngine,1239,05/24/2023, 22:10:43,540
FROV00001,FrozenEngine,1239,05/24/2023, 23:11:40,540
FROV00001,FrozenEngine,1239,05/25/2023, 00:58:00,540
FROV00001,FrozenEngine,1239,05/25/2023, 02:05:28,540
FROV00001,FrozenEngine,1239,05/25/2023, 03:12:26,540
FROV00001,FrozenEngine,1239,05/25/2023, 04:13:29,540
FROV00001,FrozenEngine,1239,05/25/2023, 05:11:09,540
FROV00001,FrozenEngine,1239,05/25/2023, 07:10:58,540
FROV00001,FrozenEngine,1239,05/25/2023, 08:14:20,540
FROV00001,FrozenEngine,1239,05/25/2023, 09:11:34,540
FROV00001,FrozenEngine,1239,05/25/2023, 10:12:34,540
FROV00001,FrozenEngine,1239,05/25/2023, 11:09:56,540
FROV00001,FrozenEngine,1239,05/25/2023, 12:21:16,540
FROV00001,FrozenEngine,1239,05/25/2023, 13:15:38,540
FROV00001,FrozenEngine,1239,05/25/2023, 14:11:09,540
FROV00001,FrozenEngine,1239,05/25/2023, 15:11:41,540
FROV00001,FrozenEngine,1239,05/25/2023, 16:14:50,540
FROV00001,FrozenEngine,1239,05/25/2023, 17:10:30,540
FROV00001,FrozenEngine,1239,05/25/2023, 18:14:17,540
FROV00001,FrozenEngine,1239,05/25/2023, 19:09:37,540
FROV00001,FrozenEngine,1239,05/25/2023, 20:12:05,540
FROV00001,FrozenEngine,1239,05/25/2023, 21:10:23,540
FROV00001,FrozenEngine,1239,05/25/2023, 22:10:45,540
FROV00001,FrozenEngine,1239,05/25/2023, 23:11:24,540
FROV00001,FrozenEngine,1239,05/26/2023, 00:57:17,540
FROV00001,FrozenEngine,1240,05/26/2023, 02:04:35,540
FROV00001,FrozenEngine,1240,05/26/2023, 03:12:04,540
FROV00001,FrozenEngine,1240,05/26/2023, 04:13:41,540
FROV00001,FrozenEngine,1240,05/26/2023, 05:11:11,540
FROV00001,FrozenEngine,1240,05/26/2023, 06:14:39,540
FROV00001,FrozenEngine,1240,05/26/2023, 07:11:38,540
FROV00001,FrozenEngine,1240,05/26/2023, 08:14:29,540
FROV00001,FrozenEngine,1240,05/26/2023, 09:11:35,540
FROV00001,FrozenEngine,1240,05/26/2023, 10:12:12,540
FROV00001,FrozenEngine,1240,05/26/2023, 11:10:56,540
FROV00001,FrozenEngine,1240,05/26/2023, 12:20:40,540
FROV00001,FrozenEngine,1240,05/26/2023, 13:13:51,540
FROV00001,FrozenEngine,1240,05/26/2023, 14:10:17,540
FROV00001,FrozenEngine,1240,05/26/2023, 15:11:27,540
FROV00001,FrozenEngine,1240,05/26/2023, 16:14:33,540
FROV00001,FrozenEngine,1240,05/26/2023, 17:11:23,540
FROV00001,FrozenEngine,1240,05/26/2023, 18:13:48,540
FROV00001,FrozenEngine,1240,05/26/2023, 19:09:32,540
FROV00001,FrozenEngine,1240,05/26/2023, 20:11:49,540
FROV00001,FrozenEngine,1240,05/26/2023, 21:10:18,540
FROV00001,FrozenEngine,1240,05/26/2023, 22:10:49,540
FROV00001,FrozenEngine,1240,05/26/2023, 23:11:41,540
FROV00001,FrozenEngine,1240,05/27/2023, 01:00:00,540
FROV00001,FrozenEngine,1240,05/27/2023, 02:04:56,540
FROV00001,FrozenEngine,1240,05/27/2023, 03:11:57,540
FROV00001,FrozenEngine,1240,05/27/2023, 04:13:01,540
FROV00001,FrozenEngine,1240,05/27/2023, 05:10:26,540
FROV00001,FrozenEngine,1240,05/27/2023, 06:13:47,540
FROV00001,FrozenEngine,1240,05/27/2023, 08:13:20,540
FROV00001,FrozenEngine,1240,05/27/2023, 09:10:26,540
FROV00001,FrozenEngine,1240,05/27/2023, 10:11:02,540
FROV00001,FrozenEngine,1240,05/27/2023, 11:09:10,540
FROV00001,FrozenEngine,1240,05/27/2023, 12:19:55,540
FROV00001,FrozenEngine,1240,05/27/2023, 13:12:04,540
FROV00001,FrozenEngine,1240,05/27/2023, 14:10:13,540
FROV00001,FrozenEngine,1240,05/27/2023, 15:10:41,540
FROV00001,FrozenEngine,1240,05/27/2023, 16:13:58,540
FROV00001,FrozenEngine,1240,05/27/2023, 18:12:55,540
FROV00001,FrozenEngine,1240,05/27/2023, 19:09:13,540
FROV00001,FrozenEngine,1240,05/27/2023, 20:11:38,540
FROV00001,FrozenEngine,1240,05/27/2023, 21:09:35,540
FROV00001,FrozenEngine,1240,05/27/2023, 22:10:13,540
FROV00001,FrozenEngine,1240,05/27/2023, 23:11:43,540
FROV00001,FrozenEngine,1240,05/28/2023, 01:03:02,540
FROV00001,FrozenEngine,1240,05/28/2023, 02:39:51,540
FROV00001,FrozenEngine,1240,05/28/2023, 03:12:33,540
FROV00001,FrozenEngine,1240,05/28/2023, 04:13:13,540
FROV00001,FrozenEngine,1240,05/28/2023, 05:10:46,540
FROV00001,FrozenEngine,1240,05/28/2023, 06:14:01,540
FROV00001,FrozenEngine,1240,05/28/2023, 07:10:15,540
FROV00001,FrozenEngine,1240,05/28/2023, 08:13:05,540
FROV00001,FrozenEngine,1240,05/28/2023, 09:11:48,540
FROV00001,FrozenEngine,1240,05/28/2023, 10:11:08,540
FROV00001,FrozenEngine,1240,05/28/2023, 11:09:06,540
FROV00001,FrozenEngine,1240,05/28/2023, 12:19:15,540
FROV00001,FrozenEngine,1240,05/28/2023, 13:12:05,540
FROV00001,FrozenEngine,1240,05/28/2023, 14:09:39,540
FROV00001,FrozenEngine,1240,05/28/2023, 15:11:16,540
FROV00001,FrozenEngine,1240,05/28/2023, 16:13:17,540
FROV00001,FrozenEngine,1241,05/28/2023, 17:09:47,540
FROV00001,FrozenEngine,1241,05/28/2023, 18:12:57,540
FROV00001,FrozenEngine,1241,05/28/2023, 19:09:03,540
FROV00001,FrozenEngine,1241,05/28/2023, 20:11:10,540
FROV00001,FrozenEngine,1241,05/28/2023, 21:09:56,540
FROV00001,FrozenEngine,1241,05/28/2023, 22:10:25,540
FROV00001,FrozenEngine,1241,05/28/2023, 23:11:27,540
FROV00001,FrozenEngine,1241,05/29/2023, 00:59:44,540
FROV00001,FrozenEngine,1241,05/29/2023, 02:13:25,540
FROV00001,FrozenEngine,1241,05/29/2023, 03:12:39,540
FROV00001,FrozenEngine,1241,05/29/2023, 04:14:16,540
FROV00001,FrozenEngine,1241,05/29/2023, 05:11:30,540
FROV00001,FrozenEngine,1241,05/29/2023, 06:15:27,540
FROV00001,FrozenEngine,1241,05/29/2023, 07:11:14,540
FROV00001,FrozenEngine,1241,05/29/2023, 08:14:43,540
FROV00001,FrozenEngine,1241,05/29/2023, 09:12:06,540
FROV00001,FrozenEngine,1241,05/29/2023, 10:12:30,540
FROV00001,FrozenEngine,1241,05/29/2023, 11:09:52,540
FROV00001,FrozenEngine,1241,05/29/2023, 12:20:55,540
FROV00001,FrozenEngine,1241,05/29/2023, 13:14:22,540
FROV00001,FrozenEngine,1241,05/29/2023, 14:10:47,540
FROV00001,FrozenEngine,1241,05/29/2023, 15:11:43,540
FROV00001,FrozenEngine,1241,05/29/2023, 16:14:32,540
FROV00001,FrozenEngine,1241,05/29/2023, 17:10:53,540
FROV00001,FrozenEngine,1241,05/29/2023, 18:13:38,540
FROV00001,FrozenEngine,1241,05/29/2023, 19:10:08,540
FROV00001,FrozenEngine,1241,05/29/2023, 20:11:48,540
FROV00001,FrozenEngine,1241,05/29/2023, 21:10:29,540
FROV00001,FrozenEngine,1241,05/29/2023, 22:10:49,540
FROV00001,FrozenEngine,1241,05/29/2023, 23:11:19,540
FROV00001,FrozenEngine,1241,05/30/2023, 00:59:42,540
FROV00001,FrozenEngine,1241,05/30/2023, 02:13:39,540
FROV00001,FrozenEngine,1241,05/30/2023, 03:12:20,540
FROV00001,FrozenEngine,1241,05/30/2023, 04:13:44,540
FROV00001,FrozenEngine,1241,05/30/2023, 05:11:12,540
FROV00001,FrozenEngine,1241,05/30/2023, 06:14:42,540
FROV00001,FrozenEngine,1241,05/30/2023, 07:10:44,540
FROV00001,FrozenEngine,1241,05/30/2023, 08:14:35,540
FROV00001,FrozenEngine,1241,05/30/2023, 09:11:45,540
FROV00001,FrozenEngine,1241,05/30/2023, 10:12:24,540
FROV00001,FrozenEngine,1241,05/30/2023, 11:09:57,540
FROV00001,FrozenEngine,1241,05/30/2023, 12:23:38,540
FROV00001,FrozenEngine,1241,05/30/2023, 13:14:55,540
FROV00001,FrozenEngine,1241,05/30/2023, 14:10:52,540
FROV00001,FrozenEngine,1241,05/30/2023, 15:11:54,540
FROV00001,FrozenEngine,1241,05/30/2023, 16:13:45,540
FROV00001,FrozenEngine,1241,05/30/2023, 17:08:56,540
FROV00001,FrozenEngine,1241,05/30/2023, 18:13:58,540
FROV00001,FrozenEngine,1241,05/30/2023, 19:09:33,540
FROV00001,FrozenEngine,1241,05/30/2023, 20:11:56,540
FROV00001,FrozenEngine,1241,05/30/2023, 21:10:27,540
FROV00001,FrozenEngine,1241,05/30/2023, 22:11:19,540
FROV00001,FrozenEngine,1241,05/30/2023, 23:11:11,540
FROV00001,FrozenEngine,1241,05/31/2023, 01:04:44,540
FROV00001,FrozenEngine,1241,05/31/2023, 02:50:54,540
FROV00001,FrozenEngine,1241,05/31/2023, 03:15:37,540
FROV00001,FrozenEngine,1241,05/31/2023, 04:13:17,540
FROV00001,FrozenEngine,1241,05/31/2023, 05:10:46,540
FROV00001,FrozenEngine,1241,05/31/2023, 06:15:38,540
FROV00001,FrozenEngine,1241,05/31/2023, 07:11:35,540
FROV00001,FrozenEngine,1241,05/31/2023, 08:14:13,540
FROV00001,FrozenEngine,1241,05/31/2023, 09:12:44,540
FROV00001,FrozenEngine,1241,05/31/2023, 10:12:24,540
FROV00001,FrozenEngine,1241,05/31/2023, 11:09:54,540
FROV00001,FrozenEngine,1241,05/31/2023, 12:22:35,540
FROV00001,FrozenEngine,1241,05/31/2023, 13:14:39,540
FROV00001,FrozenEngine,1241,05/31/2023, 14:10:25,540
FROV00001,FrozenEngine,1241,05/31/2023, 15:12:05,540
FROV00001,FrozenEngine,1241,05/31/2023, 16:14:24,540
FROV00001,FrozenEngine,1241,05/31/2023, 17:10:46,540
FROV00001,FrozenEngine,1241,05/31/2023, 18:14:08,540
FROV00001,FrozenEngine,1241,05/31/2023, 19:09:34,540
FROV00001,FrozenEngine,1241,05/31/2023, 20:12:02,540
FROV00001,FrozenEngine,1241,05/31/2023, 21:10:41,540
FROV00001,FrozenEngine,1242,05/31/2023, 22:10:35,540
FROV00001,FrozenEngine,1242,05/31/2023, 23:11:28,540
FROV00001,FrozenEngine,1242,06/01/2023, 01:17:47,540
FROV00001,FrozenEngine,1242,06/01/2023, 03:08:57,540
FROV00001,FrozenEngine,1242,06/01/2023, 04:14:46,540
FROV00001,FrozenEngine,1242,06/01/2023, 05:11:24,540
FROV00001,FrozenEngine,1242,06/01/2023, 06:15:00,540
FROV00001,FrozenEngine,1242,06/01/2023, 07:11:30,540
FROV00001,FrozenEngine,1242,06/01/2023, 08:14:35,540
FROV00001,FrozenEngine,1242,06/01/2023, 09:11:57,540
FROV00001,FrozenEngine,1242,06/01/2023, 10:14:29,540
FROV00001,FrozenEngine,1242,06/01/2023, 11:09:39,540
FROV00001,FrozenEngine,1242,06/01/2023, 12:22:14,540
FROV00001,FrozenEngine,1242,06/01/2023, 13:15:22,540
FROV00001,FrozenEngine,1243,06/01/2023, 14:10:56,540
FROV00001,FrozenEngine,1243,06/01/2023, 15:11:31,540
FROV00001,FrozenEngine,1243,06/01/2023, 16:14:55,540
FROV00001,FrozenEngine,1243,06/01/2023, 17:10:26,540
FROV00001,FrozenEngine,1243,06/01/2023, 18:14:51,540
FROV00001,FrozenEngine,1243,06/01/2023, 19:09:31,540
FROV00001,FrozenEngine,1243,06/01/2023, 20:12:03,540
FROV00001,FrozenEngine,1243,06/01/2023, 21:10:07,540
FROV00001,FrozenEngine,1243,06/01/2023, 22:10:56,540
FROV00001,FrozenEngine,1243,06/01/2023, 23:11:59,540
FROV00001,FrozenEngine,1243,06/02/2023, 01:05:36,540
FROV00001,FrozenEngine,1243,06/02/2023, 02:46:17,540
FROV00001,FrozenEngine,1243,06/02/2023, 03:12:59,540
FROV00001,FrozenEngine,1243,06/02/2023, 04:13:31,540
FROV00001,FrozenEngine,1243,06/02/2023, 05:11:02,540
FROV00001,FrozenEngine,1243,06/02/2023, 06:14:34,540
FROV00001,FrozenEngine,1243,06/02/2023, 07:10:44,540
FROV00001,FrozenEngine,1243,06/02/2023, 08:13:59,540
FROV00001,FrozenEngine,1243,06/02/2023, 09:11:35,540
FROV00001,FrozenEngine,1243,06/02/2023, 10:12:16,540
FROV00001,FrozenEngine,1243,06/02/2023, 11:10:03,540
FROV00001,FrozenEngine,1243,06/02/2023, 12:22:20,540
FROV00001,FrozenEngine,1243,06/02/2023, 13:18:45,540
FROV00001,FrozenEngine,1243,06/02/2023, 14:10:22,540
FROV00001,FrozenEngine,1243,06/02/2023, 15:11:48,540
FROV00001,FrozenEngine,1243,06/02/2023, 16:14:23,540
FROV00001,FrozenEngine,1243,06/02/2023, 17:10:33,540
FROV00001,FrozenEngine,1243,06/02/2023, 18:13:41,540
FROV00001,FrozenEngine,1243,06/02/2023, 19:09:15,540
FROV00001,FrozenEngine,1243,06/02/2023, 20:11:44,540
FROV00001,FrozenEngine,1243,06/02/2023, 21:10:41,540
FROV00001,FrozenEngine,1243,06/02/2023, 22:10:23,540
FROV00001,FrozenEngine,1243,06/02/2023, 23:12:17,540
FROV00001,FrozenEngine,1243,06/03/2023, 01:02:52,540
FROV00001,FrozenEngine,1243,06/03/2023, 02:43:06,540
FROV00001,FrozenEngine,1243,06/03/2023, 03:11:32,540
FROV00001,FrozenEngine,1243,06/03/2023, 04:12:58,540
FROV00001,FrozenEngine,1243,06/03/2023, 05:10:38,540
FROV00001,FrozenEngine,1243,06/03/2023, 06:14:06,540
FROV00001,FrozenEngine,1243,06/03/2023, 07:10:20,540
FROV00001,FrozenEngine,1243,06/03/2023, 08:13:32,540
FROV00001,FrozenEngine,1243,06/03/2023, 09:10:20,540
FROV00001,FrozenEngine,1243,06/03/2023, 10:11:17,540
FROV00001,FrozenEngine,1243,06/03/2023, 11:10:03,540
FROV00001,FrozenEngine,1243,06/03/2023, 12:19:48,540
FROV00001,FrozenEngine,1243,06/03/2023, 13:12:31,540
FROV00001,FrozenEngine,1244,06/03/2023, 14:09:30,540
FROV00001,FrozenEngine,1244,06/03/2023, 15:10:31,540
FROV00001,FrozenEngine,1244,06/03/2023, 16:14:01,540
FROV00001,FrozenEngine,1244,06/03/2023, 17:09:32,540
FROV00001,FrozenEngine,1244,06/03/2023, 18:13:11,540
FROV00001,FrozenEngine,1244,06/03/2023, 19:10:15,540
FROV00001,FrozenEngine,1244,06/03/2023, 20:12:30,540
FROV00001,FrozenEngine,1244,06/03/2023, 21:09:45,540
FROV00001,FrozenEngine,1244,06/03/2023, 22:10:05,540
FROV00001,FrozenEngine,1244,06/03/2023, 23:11:15,540
FROV00001,FrozenEngine,1244,06/04/2023, 01:14:09,540
FROV00001,FrozenEngine,1244,06/04/2023, 03:04:21,540
FROV00001,FrozenEngine,1244,06/04/2023, 04:13:03,540
FROV00001,FrozenEngine,1244,06/04/2023, 05:10:53,540
FROV00001,FrozenEngine,1244,06/04/2023, 06:13:33,540
FROV00001,FrozenEngine,1244,06/04/2023, 07:10:54,540
FROV00001,FrozenEngine,1244,06/04/2023, 08:13:21,540
FROV00001,FrozenEngine,1244,06/04/2023, 09:11:56,540
FROV00001,FrozenEngine,1244,06/04/2023, 10:11:30,540
FROV00001,FrozenEngine,1244,06/04/2023, 11:09:50,540
FROV00001,FrozenEngine,1244,06/04/2023, 12:20:20,540
FROV00001,FrozenEngine,1244,06/04/2023, 13:12:16,540
FROV00001,FrozenEngine,1244,06/04/2023, 14:09:41,540
FROV00001,FrozenEngine,1244,06/04/2023, 15:10:32,540
FROV00001,FrozenEngine,1244,06/04/2023, 16:13:46,540
FROV00001,FrozenEngine,1244,06/04/2023, 17:09:35,540
FROV00001,FrozenEngine,1244,06/04/2023, 18:13:27,540
FROV00001,FrozenEngine,1244,06/04/2023, 19:09:02,540
FROV00001,FrozenEngine,1244,06/04/2023, 20:11:57,540
FROV00001,FrozenEngine,1244,06/04/2023, 21:09:57,540
FROV00001,FrozenEngine,1245,06/04/2023, 22:10:23,540
FROV00001,FrozenEngine,1245,06/04/2023, 23:11:19,540
FROV00001,FrozenEngine,1245,06/05/2023, 01:04:40,540
FROV00001,FrozenEngine,1245,06/05/2023, 02:48:29,540
FROV00001,FrozenEngine,1245,06/05/2023, 03:14:12,540
FROV00001,FrozenEngine,1245,06/05/2023, 04:13:55,540
FROV00001,FrozenEngine,1245,06/05/2023, 05:11:35,540
FROV00001,FrozenEngine,1245,06/05/2023, 06:15:18,540
FROV00001,FrozenEngine,1245,06/05/2023, 07:11:49,540
FROV00001,FrozenEngine,1245,06/05/2023, 08:14:37,540
FROV00001,FrozenEngine,1245,06/05/2023, 09:12:06,540
FROV00001,FrozenEngine,1245,06/05/2023, 10:12:32,540
FROV00001,FrozenEngine,1245,06/05/2023, 11:10:11,540
FROV00001,FrozenEngine,1245,06/05/2023, 12:23:27,540
FROV00001,FrozenEngine,1245,06/05/2023, 13:15:36,540
FROV00001,FrozenEngine,1245,06/05/2023, 14:10:55,540
FROV00001,FrozenEngine,1245,06/05/2023, 15:11:51,540
FROV00001,FrozenEngine,1245,06/05/2023, 16:15:01,540
FROV00001,FrozenEngine,1245,06/05/2023, 17:10:29,540
FROV00001,FrozenEngine,1245,06/05/2023, 18:13:36,540
FROV00001,FrozenEngine,1245,06/05/2023, 19:09:33,540
FROV00001,FrozenEngine,1245,06/05/2023, 20:11:52,540
FROV00001,FrozenEngine,1245,06/05/2023, 21:10:08,540
FROV00001,FrozenEngine,1245,06/05/2023, 22:10:57,540
FROV00001,FrozenEngine,1245,06/05/2023, 23:11:32,540
FROV00001,FrozenEngine,1245,06/06/2023, 01:05:59,540
FROV00001,FrozenEngine,1245,06/06/2023, 02:52:54,540
FROV00001,FrozenEngine,1245,06/06/2023, 03:17:38,540
FROV00001,FrozenEngine,1246,06/06/2023, 04:13:22,540
FROV00001,FrozenEngine,1246,06/06/2023, 05:12:00,540
FROV00001,FrozenEngine,1246,06/06/2023, 06:14:46,540
FROV00001,FrozenEngine,1246,06/06/2023, 07:11:16,540
FROV00001,FrozenEngine,1246,06/06/2023, 08:14:18,540
FROV00001,FrozenEngine,1246,06/06/2023, 09:11:59,540
FROV00001,FrozenEngine,1246,06/06/2023, 10:12:23,540
FROV00001,FrozenEngine,1246,06/06/2023, 11:09:51,540
FROV00001,FrozenEngine,1246,06/06/2023, 12:22:26,540
FROV00001,FrozenEngine,1246,06/06/2023, 13:15:21,540
FROV00001,FrozenEngine,1246,06/06/2023, 14:10:41,540
FROV00001,FrozenEngine,1246,06/06/2023, 15:11:49,540
FROV00001,FrozenEngine,1246,06/06/2023, 16:14:50,540
FROV00001,FrozenEngine,1246,06/06/2023, 17:11:02,540
FROV00001,FrozenEngine,1246,06/06/2023, 18:14:07,540
FROV00001,FrozenEngine,1246,06/06/2023, 19:09:50,540
FROV00001,FrozenEngine,1246,06/06/2023, 20:11:52,540
FROV00001,FrozenEngine,1246,06/06/2023, 21:11:27,540
FROV00001,FrozenEngine,1246,06/06/2023, 22:10:52,540
FROV00001,FrozenEngine,1246,06/06/2023, 23:11:16,540
FROV00001,FrozenEngine,1246,06/07/2023, 01:07:49,540
FROV00001,FrozenEngine,1246,06/07/2023, 02:51:25,540
FROV00001,FrozenEngine,1246,06/07/2023, 03:16:35,540
FROV00001,FrozenEngine,1247,06/07/2023, 04:13:42,540
FROV00001,FrozenEngine,1247,06/07/2023, 05:10:50,540
FROV00001,FrozenEngine,1247,06/07/2023, 06:14:46,540
FROV00001,FrozenEngine,1247,06/07/2023, 07:11:08,540
FROV00001,FrozenEngine,1247,06/07/2023, 08:15:29,540
FROV00001,FrozenEngine,1247,06/07/2023, 09:11:29,540
FROV00001,FrozenEngine,1247,06/07/2023, 10:12:50,540
FROV00001,FrozenEngine,1247,06/07/2023, 11:10:00,540
FROV00001,FrozenEngine,1247,06/07/2023, 12:22:32,540
FROV00001,FrozenEngine,1247,06/07/2023, 13:15:30,540
FROV00001,FrozenEngine,1247,06/07/2023, 14:10:44,540
FROV00001,FrozenEngine,1247,06/07/2023, 15:12:06,540
FROV00001,FrozenEngine,1247,06/07/2023, 16:15:00,540
FROV00001,FrozenEngine,1247,06/07/2023, 17:10:17,540
FROV00001,FrozenEngine,1247,06/07/2023, 18:14:20,540
FROV00001,FrozenEngine,1247,06/07/2023, 19:10:10,540
FROV00001,FrozenEngine,1247,06/07/2023, 20:12:22,540
FROV00001,FrozenEngine,1247,06/07/2023, 21:10:28,540
FROV00001,FrozenEngine,1247,06/07/2023, 22:10:43,540
FROV00001,FrozenEngine,1247,06/07/2023, 23:12:01,540
FROV00001,FrozenEngine,1247,06/08/2023, 01:05:21,540
FROV00001,FrozenEngine,1247,06/08/2023, 02:50:35,540
FROV00001,FrozenEngine,1247,06/08/2023, 03:15:54,540
FROV00001,FrozenEngine,1247,06/08/2023, 04:13:59,540
FROV00001,FrozenEngine,1247,06/08/2023, 05:11:22,540
FROV00001,FrozenEngine,1247,06/08/2023, 06:14:55,540
FROV00001,FrozenEngine,1247,06/08/2023, 07:11:00,540
FROV00001,FrozenEngine,1247,06/08/2023, 08:14:17,540
FROV00001,FrozenEngine,1247,06/08/2023, 09:11:23,540
FROV00001,FrozenEngine,1247,06/08/2023, 10:12:25,540
FROV00001,FrozenEngine,1247,06/08/2023, 11:10:23,540
FROV00001,FrozenEngine,1247,06/08/2023, 12:20:55,540
FROV00001,FrozenEngine,1247,06/08/2023, 13:15:48,540
FROV00001,FrozenEngine,1247,06/08/2023, 14:10:36,540
FROV00001,FrozenEngine,1247,06/08/2023, 15:11:30,540
FROV00001,FrozenEngine,1247,06/08/2023, 16:14:53,540
FROV00001,FrozenEngine,1247,06/08/2023, 17:11:18,540
FROV00001,FrozenEngine,1247,06/08/2023, 18:13:50,540
FROV00001,FrozenEngine,1247,06/08/2023, 19:10:53,540
FROV00001,FrozenEngine,1247,06/08/2023, 20:11:43,540
FROV00001,FrozenEngine,1247,06/08/2023, 21:11:59,540
FROV00001,FrozenEngine,1247,06/08/2023, 22:10:53,540
FROV00001,FrozenEngine,1247,06/08/2023, 23:12:11,540
FROV00001,FrozenEngine,1247,06/09/2023, 01:13:53,540
FROV00001,FrozenEngine,1247,06/09/2023, 02:53:35,540
FROV00001,FrozenEngine,1247,06/09/2023, 03:19:01,540
FROV00001,FrozenEngine,1247,06/09/2023, 04:13:45,540
FROV00001,FrozenEngine,1247,06/09/2023, 05:11:24,540
FROV00001,FrozenEngine,1247,06/09/2023, 06:14:55,540
FROV00001,FrozenEngine,1247,06/09/2023, 07:11:20,540
FROV00001,FrozenEngine,1247,06/09/2023, 08:14:09,540
FROV00001,FrozenEngine,1247,06/09/2023, 09:11:24,540
FROV00001,FrozenEngine,1247,06/09/2023, 10:12:38,540
FROV00001,FrozenEngine,1247,06/09/2023, 11:09:57,540
FROV00001,FrozenEngine,1247,06/09/2023, 12:21:20,540
FROV00001,FrozenEngine,1247,06/09/2023, 13:14:19,540
FROV00001,FrozenEngine,1247,06/09/2023, 14:11:11,540
FROV00001,FrozenEngine,1247,06/09/2023, 15:11:32,540
FROV00001,FrozenEngine,1247,06/09/2023, 16:14:16,540
FROV00001,FrozenEngine,1247,06/09/2023, 17:11:11,540
FROV00001,FrozenEngine,1247,06/09/2023, 18:14:03,540
FROV00001,FrozenEngine,1247,06/09/2023, 19:09:42,540
FROV00001,FrozenEngine,1247,06/09/2023, 20:11:54,540
FROV00001,FrozenEngine,1247,06/09/2023, 21:10:21,540
FROV00001,FrozenEngine,1247,06/09/2023, 22:10:58,540
FROV00001,FrozenEngine,1247,06/09/2023, 23:11:40,540
FROV00001,FrozenEngine,1247,06/10/2023, 01:01:58,540
FROV00001,FrozenEngine,1247,06/10/2023, 02:41:50,540
FROV00001,FrozenEngine,1247,06/10/2023, 03:11:37,540
FROV00001,FrozenEngine,1247,06/10/2023, 04:13:07,540
FROV00001,FrozenEngine,1247,06/10/2023, 05:10:43,540
FROV00001,FrozenEngine,1247,06/10/2023, 06:13:50,540
FROV00001,FrozenEngine,1247,06/10/2023, 07:10:10,540
FROV00001,FrozenEngine,1247,06/10/2023, 08:13:33,540
FROV00001,FrozenEngine,1247,06/10/2023, 09:11:08,540
FROV00001,FrozenEngine,1247,06/10/2023, 10:11:17,540
FROV00001,FrozenEngine,1247,06/10/2023, 11:09:10,540
FROV00001,FrozenEngine,1247,06/10/2023, 12:19:01,540
FROV00001,FrozenEngine,1247,06/10/2023, 13:12:09,540
FROV00001,FrozenEngine,1248,06/10/2023, 14:09:48,540
FROV00001,FrozenEngine,1248,06/10/2023, 15:10:59,540
FROV00001,FrozenEngine,1248,06/10/2023, 16:13:56,540
FROV00001,FrozenEngine,1248,06/10/2023, 17:10:00,540
FROV00001,FrozenEngine,1248,06/10/2023, 18:13:08,540
FROV00001,FrozenEngine,1248,06/10/2023, 19:09:22,540
FROV00001,FrozenEngine,1248,06/10/2023, 20:12:17,540
FROV00001,FrozenEngine,1248,06/10/2023, 21:09:43,540
FROV00001,FrozenEngine,1248,06/10/2023, 22:10:11,540
FROV00001,FrozenEngine,1248,06/10/2023, 23:11:07,540
FROV00001,FrozenEngine,1248,06/11/2023, 01:11:17,540
FROV00001,FrozenEngine,1248,06/11/2023, 02:59:44,540
FROV00001,FrozenEngine,1248,06/11/2023, 03:26:24,540
FROV00001,FrozenEngine,1248,06/11/2023, 04:13:18,540
FROV00001,FrozenEngine,1248,06/11/2023, 05:11:02,540
FROV00001,FrozenEngine,1248,06/11/2023, 06:13:52,540
FROV00001,FrozenEngine,1248,06/11/2023, 07:10:25,540
FROV00001,FrozenEngine,1248,06/11/2023, 08:13:24,540
FROV00001,FrozenEngine,1248,06/11/2023, 09:10:46,540
FROV00001,FrozenEngine,1248,06/11/2023, 10:11:24,540
FROV00001,FrozenEngine,1248,06/11/2023, 11:09:11,540
FROV00001,FrozenEngine,1248,06/11/2023, 12:20:12,540
FROV00001,FrozenEngine,1248,06/11/2023, 13:12:52,540
FROV00001,FrozenEngine,1248,06/11/2023, 14:09:59,540
FROV00001,FrozenEngine,1248,06/11/2023, 15:10:54,540
FROV00001,FrozenEngine,1248,06/11/2023, 16:13:19,540
FROV00001,FrozenEngine,1248,06/11/2023, 17:09:45,540
FROV00001,FrozenEngine,1248,06/11/2023, 18:13:19,540
FROV00001,FrozenEngine,1248,06/11/2023, 19:09:09,540
FROV00001,FrozenEngine,1248,06/11/2023, 20:11:32,540
FROV00001,FrozenEngine,1248,06/11/2023, 21:10:14,540
FROV00001,FrozenEngine,1248,06/11/2023, 22:10:40,540
FROV00001,FrozenEngine,1248,06/11/2023, 23:11:32,540
FROV00001,FrozenEngine,1248,06/12/2023, 01:07:16,540
FROV00001,FrozenEngine,1248,06/12/2023, 02:51:04,540
FROV00001,FrozenEngine,1248,06/12/2023, 03:18:07,540
FROV00001,FrozenEngine,1248,06/12/2023, 04:13:52,540
FROV00001,FrozenEngine,1248,06/12/2023, 05:11:58,540
FROV00001,FrozenEngine,1248,06/12/2023, 06:15:18,540
FROV00001,FrozenEngine,1248,06/12/2023, 07:11:42,540
FROV00001,FrozenEngine,1248,06/12/2023, 08:14:37,540
FROV00001,FrozenEngine,1248,06/12/2023, 09:12:15,540
FROV00001,FrozenEngine,1248,06/12/2023, 10:12:28,540
FROV00001,FrozenEngine,1248,06/12/2023, 11:10:34,540
FROV00001,FrozenEngine,1248,06/12/2023, 12:21:31,540
FROV00001,FrozenEngine,1248,06/12/2023, 13:15:04,540
FROV00001,FrozenEngine,1248,06/12/2023, 14:10:52,540
FROV00001,FrozenEngine,1248,06/12/2023, 15:12:03,540
FROV00001,FrozenEngine,1248,06/12/2023, 16:14:15,540
FROV00001,FrozenEngine,1248,06/12/2023, 17:10:29,540
FROV00001,FrozenEngine,1248,06/12/2023, 18:13:54,540
FROV00001,FrozenEngine,1248,06/12/2023, 19:08:39,540
FROV00001,FrozenEngine,1248,06/12/2023, 20:12:07,540
FROV00001,FrozenEngine,1248,06/12/2023, 21:10:34,540
FROV00001,FrozenEngine,1248,06/12/2023, 22:10:49,540
FROV00001,FrozenEngine,1248,06/12/2023, 23:11:20,540
FROV00001,FrozenEngine,1248,06/13/2023, 01:04:06,540
FROV00001,FrozenEngine,1248,06/13/2023, 02:38:53,540
FROV00001,FrozenEngine,1248,06/13/2023, 03:12:32,540
FROV00001,FrozenEngine,1248,06/13/2023, 04:13:46,540
FROV00001,FrozenEngine,1248,06/13/2023, 05:11:31,540
FROV00001,FrozenEngine,1248,06/13/2023, 06:14:51,540
FROV00001,FrozenEngine,1248,06/13/2023, 07:11:23,540
FROV00001,FrozenEngine,1248,06/13/2023, 08:14:51,540
FROV00001,FrozenEngine,1248,06/13/2023, 09:11:44,540
FROV00001,FrozenEngine,1248,06/13/2023, 10:12:20,540
FROV00001,FrozenEngine,1248,06/13/2023, 11:10:05,540
FROV00001,FrozenEngine,1248,06/13/2023, 12:22:28,540
FROV00001,FrozenEngine,1248,06/13/2023, 13:14:37,540
FROV00001,FrozenEngine,1248,06/13/2023, 14:10:40,540
FROV00001,FrozenEngine,1248,06/13/2023, 15:11:55,540
FROV00001,FrozenEngine,1248,06/13/2023, 16:14:57,540
FROV00001,FrozenEngine,1248,06/13/2023, 17:11:01,540
FROV00001,FrozenEngine,1248,06/13/2023, 18:14:03,540
FROV00001,FrozenEngine,1248,06/13/2023, 19:09:46,540
FROV00001,FrozenEngine,1248,06/13/2023, 20:12:07,540
FROV00001,FrozenEngine,1248,06/13/2023, 21:10:24,540
FROV00001,FrozenEngine,1248,06/13/2023, 22:11:35,540
FROV00001,FrozenEngine,1248,06/13/2023, 23:10:43,540
FROV00001,FrozenEngine,1248,06/14/2023, 01:02:41,540
FROV00001,FrozenEngine,1248,06/14/2023, 02:38:07,540
FROV00001,FrozenEngine,1248,06/14/2023, 03:12:30,540
FROV00001,FrozenEngine,1248,06/14/2023, 04:13:43,540
FROV00001,FrozenEngine,1248,06/14/2023, 05:11:10,540
FROV00001,FrozenEngine,1248,06/14/2023, 06:14:45,540
FROV00001,FrozenEngine,1248,06/14/2023, 07:11:04,540
FROV00001,FrozenEngine,1248,06/14/2023, 08:14:36,540
FROV00001,FrozenEngine,1248,06/14/2023, 09:11:27,540
FROV00001,FrozenEngine,1248,06/14/2023, 10:12:09,540
FROV00001,FrozenEngine,1248,06/14/2023, 11:09:48,540
FROV00001,FrozenEngine,1248,06/14/2023, 12:22:22,540
FROV00001,FrozenEngine,1248,06/14/2023, 13:14:27,540
FROV00001,FrozenEngine,1248,06/14/2023, 14:10:47,540
FROV00001,FrozenEngine,1248,06/14/2023, 15:11:38,540
FROV00001,FrozenEngine,1248,06/14/2023, 16:15:18,540
FROV00001,FrozenEngine,1248,06/14/2023, 17:10:30,540
FROV00001,FrozenEngine,1248,06/14/2023, 18:13:55,540
FROV00001,FrozenEngine,1248,06/14/2023, 19:09:42,540
FROV00001,FrozenEngine,1248,06/14/2023, 20:12:01,540
FROV00001,FrozenEngine,1248,06/14/2023, 21:10:23,540
FROV00001,FrozenEngine,1248,06/14/2023, 22:11:02,540
FROV00001,FrozenEngine,1248,06/14/2023, 23:12:32,540
FROV00001,FrozenEngine,1248,06/15/2023, 01:02:45,540
FROV00001,FrozenEngine,1248,06/15/2023, 02:37:19,540
FROV00001,FrozenEngine,1248,06/15/2023, 03:12:24,540
FROV00001,FrozenEngine,1248,06/15/2023, 04:13:41,540
FROV00001,FrozenEngine,1248,06/15/2023, 05:11:21,540
FROV00001,FrozenEngine,1248,06/15/2023, 06:15:15,540
FROV00001,FrozenEngine,1248,06/15/2023, 07:11:52,540
FROV00001,FrozenEngine,1248,06/15/2023, 08:14:37,540
FROV00001,FrozenEngine,1248,06/15/2023, 09:11:30,540
FROV00001,FrozenEngine,1248,06/15/2023, 10:12:40,540
FROV00001,FrozenEngine,1248,06/15/2023, 11:09:49,540
FROV00001,FrozenEngine,1248,06/15/2023, 12:22:03,540
FROV00001,FrozenEngine,1248,06/15/2023, 13:15:46,540
FROV00001,FrozenEngine,1248,06/15/2023, 14:10:56,540
FROV00001,FrozenEngine,1248,06/15/2023, 15:11:49,540
FROV00001,FrozenEngine,1248,06/15/2023, 16:14:28,540
FROV00001,FrozenEngine,1248,06/15/2023, 17:10:52,540
FROV00001,FrozenEngine,1248,06/15/2023, 18:13:49,540
FROV00001,FrozenEngine,1248,06/15/2023, 19:09:26,540
FROV00001,FrozenEngine,1248,06/15/2023, 20:11:59,540
FROV00001,FrozenEngine,1248,06/15/2023, 21:10:33,540
FROV00001,FrozenEngine,1248,06/15/2023, 22:10:54,540
FROV00001,FrozenEngine,1248,06/15/2023, 23:12:05,540
FROV00001,FrozenEngine,1248,06/16/2023, 01:03:39,540
FROV00001,FrozenEngine,1248,06/16/2023, 02:38:18,540
FROV00001,FrozenEngine,1248,06/16/2023, 03:12:40,540
FROV00001,FrozenEngine,1248,06/16/2023, 04:13:42,540
FROV00001,FrozenEngine,1248,06/16/2023, 05:11:16,540
FROV00001,FrozenEngine,1248,06/16/2023, 06:14:58,540
FROV00001,FrozenEngine,1248,06/16/2023, 07:11:00,540
FROV00001,FrozenEngine,1248,06/16/2023, 08:14:27,540
FROV00001,FrozenEngine,1248,06/16/2023, 09:11:17,540
FROV00001,FrozenEngine,1248,06/16/2023, 10:12:15,540
FROV00001,FrozenEngine,1248,06/16/2023, 11:09:45,540
FROV00001,FrozenEngine,1248,06/16/2023, 12:20:55,540
FROV00001,FrozenEngine,1248,06/16/2023, 13:14:23,540
FROV00001,FrozenEngine,1248,06/16/2023, 14:10:38,540
FROV00001,FrozenEngine,1248,06/16/2023, 15:11:42,540
FROV00001,FrozenEngine,1248,06/16/2023, 16:14:19,540
FROV00001,FrozenEngine,1248,06/16/2023, 17:10:08,540
FROV00001,FrozenEngine,1248,06/16/2023, 18:13:44,540
FROV00001,FrozenEngine,1248,06/16/2023, 19:09:33,540
FROV00001,FrozenEngine,1248,06/16/2023, 20:12:24,540
FROV00001,FrozenEngine,1248,06/16/2023, 21:10:15,540
FROV00001,FrozenEngine,1248,06/16/2023, 22:10:51,540
FROV00001,FrozenEngine,1248,06/16/2023, 23:11:44,540
FROV00001,FrozenEngine,1248,06/17/2023, 01:00:17,540
FROV00001,FrozenEngine,1248,06/17/2023, 02:12:05,540
FROV00001,FrozenEngine,1248,06/17/2023, 03:12:58,540
FROV00001,FrozenEngine,1248,06/17/2023, 04:13:16,540
FROV00001,FrozenEngine,1248,06/17/2023, 05:11:16,540
FROV00001,FrozenEngine,1248,06/17/2023, 06:13:48,540
FROV00001,FrozenEngine,1248,06/17/2023, 07:10:30,540
FROV00001,FrozenEngine,1248,06/17/2023, 08:13:36,540
FROV00001,FrozenEngine,1248,06/17/2023, 09:10:46,540
FROV00001,FrozenEngine,1248,06/17/2023, 10:11:16,540
FROV00001,FrozenEngine,1248,06/17/2023, 11:10:18,540
FROV00001,FrozenEngine,1248,06/17/2023, 12:19:40,540
FROV00001,FrozenEngine,1248,06/17/2023, 13:12:14,540
FROV00001,FrozenEngine,1248,06/17/2023, 14:09:50,540
FROV00001,FrozenEngine,1248,06/17/2023, 15:10:49,540
FROV00001,FrozenEngine,1248,06/17/2023, 16:13:22,540
FROV00001,FrozenEngine,1248,06/17/2023, 17:09:59,540
FROV00001,FrozenEngine,1248,06/17/2023, 19:09:03,540
FROV00001,FrozenEngine,1248,06/17/2023, 20:11:44,540
FROV00001,FrozenEngine,1248,06/17/2023, 21:10:05,540
FROV00001,FrozenEngine,1248,06/17/2023, 22:10:31,540
FROV00001,FrozenEngine,1248,06/17/2023, 23:11:22,540
FROV00001,FrozenEngine,1248,06/18/2023, 01:10:31,540
FROV00001,FrozenEngine,1248,06/18/2023, 02:50:35,540
FROV00001,FrozenEngine,1248,06/18/2023, 03:16:08,540
FROV00001,FrozenEngine,1248,06/18/2023, 04:13:24,540
FROV00001,FrozenEngine,1248,06/18/2023, 05:11:43,540
FROV00001,FrozenEngine,1248,06/18/2023, 06:13:53,540
FROV00001,FrozenEngine,1248,06/18/2023, 07:10:45,540
FROV00001,FrozenEngine,1248,06/18/2023, 08:13:31,540
FROV00001,FrozenEngine,1248,06/18/2023, 09:10:56,540
FROV00001,FrozenEngine,1248,06/18/2023, 10:11:28,540
FROV00001,FrozenEngine,1248,06/18/2023, 11:09:23,540
FROV00001,FrozenEngine,1248,06/18/2023, 12:20:14,540
FROV00001,FrozenEngine,1248,06/18/2023, 13:12:42,540
FROV00001,FrozenEngine,1248,06/18/2023, 14:10:00,540
FROV00001,FrozenEngine,1248,06/18/2023, 15:10:49,540
FROV00001,FrozenEngine,1248,06/18/2023, 16:13:44,540
FROV00001,FrozenEngine,1248,06/18/2023, 17:09:50,540
FROV00001,FrozenEngine,1248,06/18/2023, 18:13:26,540
FROV00001,FrozenEngine,1248,06/18/2023, 19:09:05,540
FROV00001,FrozenEngine,1248,06/18/2023, 20:11:42,540
FROV00001,FrozenEngine,1249,06/18/2023, 21:09:44,540
FROV00001,FrozenEngine,1249,06/18/2023, 22:10:26,540
FROV00001,FrozenEngine,1249,06/18/2023, 23:11:43,540
FROV00001,FrozenEngine,1249,06/19/2023, 01:03:55,540
FROV00001,FrozenEngine,1249,06/19/2023, 02:40:19,540
FROV00001,FrozenEngine,1249,06/19/2023, 03:12:31,540
FROV00001,FrozenEngine,1249,06/19/2023, 04:14:07,540
FROV00001,FrozenEngine,1249,06/19/2023, 05:11:33,540
FROV00001,FrozenEngine,1249,06/19/2023, 06:15:47,540
FROV00001,FrozenEngine,1249,06/19/2023, 07:11:58,540
FROV00001,FrozenEngine,1249,06/19/2023, 08:15:38,540
FROV00001,FrozenEngine,1249,06/19/2023, 09:12:34,540
FROV00001,FrozenEngine,1249,06/19/2023, 10:12:48,540
FROV00001,FrozenEngine,1249,06/19/2023, 11:10:43,540
FROV00001,FrozenEngine,1249,06/19/2023, 12:23:34,540
FROV00001,FrozenEngine,1249,06/19/2023, 13:15:47,540
FROV00001,FrozenEngine,1249,06/19/2023, 14:11:32,540
FROV00001,FrozenEngine,1249,06/19/2023, 15:12:27,540
FROV00001,FrozenEngine,1249,06/19/2023, 16:14:32,540
FROV00001,FrozenEngine,1249,06/19/2023, 17:10:22,540
FROV00001,FrozenEngine,1249,06/19/2023, 18:14:33,540
FROV00001,FrozenEngine,1249,06/19/2023, 19:09:38,540
FROV00001,FrozenEngine,1249,06/19/2023, 20:11:59,540
FROV00001,FrozenEngine,1249,06/19/2023, 21:11:29,540
FROV00001,FrozenEngine,1249,06/19/2023, 22:11:26,540
FROV00001,FrozenEngine,1249,06/19/2023, 23:11:41,540
FROV00001,FrozenEngine,1249,06/20/2023, 01:01:31,540
FROV00001,FrozenEngine,1249,06/20/2023, 02:13:04,540
FROV00001,FrozenEngine,1249,06/20/2023, 03:12:46,540
FROV00001,FrozenEngine,1249,06/20/2023, 04:13:52,540
FROV00001,FrozenEngine,1249,06/20/2023, 05:11:59,540
FROV00001,FrozenEngine,1249,06/20/2023, 06:15:39,540
FROV00001,FrozenEngine,1249,06/20/2023, 07:11:19,540
FROV00001,FrozenEngine,1249,06/20/2023, 08:14:40,540
FROV00001,FrozenEngine,1249,06/20/2023, 09:11:48,540
FROV00001,FrozenEngine,1249,06/20/2023, 10:12:18,540
FROV00001,FrozenEngine,1249,06/20/2023, 11:10:11,540
FROV00001,FrozenEngine,1249,06/20/2023, 12:22:27,540
FROV00001,FrozenEngine,1249,06/20/2023, 13:15:10,540
FROV00001,FrozenEngine,1249,06/20/2023, 14:10:45,540
FROV00001,FrozenEngine,1249,06/20/2023, 15:11:36,540
FROV00001,FrozenEngine,1249,06/20/2023, 16:14:17,540
FROV00001,FrozenEngine,1249,06/20/2023, 17:11:03,540
FROV00001,FrozenEngine,1249,06/20/2023, 18:13:05,540
FROV00001,FrozenEngine,1249,06/20/2023, 19:09:36,540
FROV00001,FrozenEngine,1249,06/20/2023, 20:12:23,540
FROV00001,FrozenEngine,1249,06/20/2023, 21:09:59,540
FROV00001,FrozenEngine,1249,06/20/2023, 22:10:50,540
FROV00001,FrozenEngine,1249,06/20/2023, 23:12:27,540
FROV00001,FrozenEngine,1249,06/21/2023, 01:03:11,540
FROV00001,FrozenEngine,1249,06/21/2023, 02:34:38,540
FROV00001,FrozenEngine,1250,06/21/2023, 03:12:30,540
FROV00001,FrozenEngine,1250,06/21/2023, 04:14:01,540
FROV00001,FrozenEngine,1250,06/21/2023, 06:15:02,540
FROV00001,FrozenEngine,1250,06/21/2023, 07:11:14,540
FROV00001,FrozenEngine,1250,06/21/2023, 08:14:45,540
FROV00001,FrozenEngine,1250,06/21/2023, 09:11:47,540
FROV00001,FrozenEngine,1250,06/21/2023, 10:12:16,540
FROV00001,FrozenEngine,1250,06/21/2023, 11:10:11,540
FROV00001,FrozenEngine,1250,06/21/2023, 12:22:38,540
FROV00001,FrozenEngine,1250,06/21/2023, 13:14:43,540
FROV00001,FrozenEngine,1250,06/21/2023, 14:10:58,540
FROV00001,FrozenEngine,1250,06/21/2023, 15:11:43,540
FROV00001,FrozenEngine,1250,06/21/2023, 16:14:35,540
FROV00001,FrozenEngine,1250,06/21/2023, 17:10:37,540
FROV00001,FrozenEngine,1250,06/21/2023, 18:14:03,540
FROV00001,FrozenEngine,1250,06/21/2023, 19:09:49,540
FROV00001,FrozenEngine,1250,06/21/2023, 20:12:02,540
FROV00001,FrozenEngine,1250,06/21/2023, 21:11:22,540
FROV00001,FrozenEngine,1250,06/21/2023, 22:10:47,540
FROV00001,FrozenEngine,1251,06/21/2023, 23:11:52,540
FROV00001,FrozenEngine,1251,06/22/2023, 01:04:10,540
FROV00001,FrozenEngine,1251,06/22/2023, 02:39:17,540
FROV00001,FrozenEngine,1251,06/22/2023, 03:12:24,540
FROV00001,FrozenEngine,1251,06/22/2023, 04:13:34,540
FROV00001,FrozenEngine,1251,06/22/2023, 05:11:15,540
FROV00001,FrozenEngine,1251,06/22/2023, 06:15:20,540
FROV00001,FrozenEngine,1251,06/22/2023, 07:10:52,540
FROV00001,FrozenEngine,1251,06/22/2023, 08:14:17,540
FROV00001,FrozenEngine,1251,06/22/2023, 09:11:20,540
FROV00001,FrozenEngine,1251,06/22/2023, 10:12:32,540
FROV00001,FrozenEngine,1251,06/22/2023, 11:10:24,540
FROV00001,FrozenEngine,1251,06/22/2023, 12:22:32,540
FROV00001,FrozenEngine,1251,06/22/2023, 13:14:14,540
FROV00001,FrozenEngine,1251,06/22/2023, 14:10:41,540
FROV00001,FrozenEngine,1251,06/22/2023, 15:11:44,540
FROV00001,FrozenEngine,1251,06/22/2023, 16:14:17,540
FROV00001,FrozenEngine,1251,06/22/2023, 17:10:27,540
FROV00001,FrozenEngine,1251,06/22/2023, 18:13:56,540
FROV00001,FrozenEngine,1251,06/22/2023, 19:11:09,540
FROV00001,FrozenEngine,1251,06/22/2023, 20:13:48,540
FROV00001,FrozenEngine,1251,06/22/2023, 21:11:44,540
FROV00001,FrozenEngine,1251,06/22/2023, 22:12:45,540
FROV00001,FrozenEngine,1251,06/22/2023, 23:14:02,540
FROV00001,FrozenEngine,1251,06/23/2023, 01:10:21,540
FROV00001,FrozenEngine,1251,06/23/2023, 02:56:32,540
FROV00001,FrozenEngine,1251,06/23/2023, 03:27:47,540
FROV00001,FrozenEngine,1251,06/23/2023, 04:15:37,540
FROV00001,FrozenEngine,1251,06/23/2023, 05:12:45,540
FROV00001,FrozenEngine,1251,06/23/2023, 06:17:22,540
FROV00001,FrozenEngine,1251,06/23/2023, 07:12:41,540
FROV00001,FrozenEngine,1251,06/23/2023, 08:16:04,540
FROV00001,FrozenEngine,1251,06/23/2023, 09:12:47,540
FROV00001,FrozenEngine,1251,06/23/2023, 10:14:04,540
FROV00001,FrozenEngine,1251,06/23/2023, 11:12:02,540
FROV00001,FrozenEngine,1251,06/23/2023, 12:24:25,540
FROV00001,FrozenEngine,1251,06/23/2023, 13:21:56,540
FROV00001,FrozenEngine,1251,06/23/2023, 14:12:27,540
FROV00001,FrozenEngine,1251,06/23/2023, 15:13:31,540
FROV00001,FrozenEngine,1251,06/23/2023, 16:16:41,540
FROV00001,FrozenEngine,1251,06/23/2023, 17:12:12,540
FROV00001,FrozenEngine,1251,06/23/2023, 18:15:51,540
FROV00001,FrozenEngine,1251,06/23/2023, 19:10:33,540
FROV00001,FrozenEngine,1251,06/23/2023, 20:13:27,540
FROV00001,FrozenEngine,1251,06/23/2023, 21:11:31,540
FROV00001,FrozenEngine,1251,06/23/2023, 22:12:39,540
FROV00001,FrozenEngine,1251,06/23/2023, 23:12:47,540
FROV00001,FrozenEngine,1251,06/24/2023, 01:10:32,540
FROV00001,FrozenEngine,1251,06/24/2023, 02:56:05,540
FROV00001,FrozenEngine,1251,06/24/2023, 03:25:30,540
FROV00001,FrozenEngine,1251,06/24/2023, 04:15:16,540
FROV00001,FrozenEngine,1251,06/24/2023, 05:12:05,540
FROV00001,FrozenEngine,1251,06/24/2023, 06:15:46,540
FROV00001,FrozenEngine,1251,06/24/2023, 07:11:52,540
FROV00001,FrozenEngine,1251,06/24/2023, 08:15:11,540
FROV00001,FrozenEngine,1251,06/24/2023, 09:12:17,540
FROV00001,FrozenEngine,1251,06/24/2023, 10:13:08,540
FROV00001,FrozenEngine,1251,06/24/2023, 11:10:42,540
FROV00001,FrozenEngine,1251,06/24/2023, 12:22:59,540
FROV00001,FrozenEngine,1251,06/24/2023, 13:18:32,540
FROV00001,FrozenEngine,1251,06/24/2023, 14:11:40,540
FROV00001,FrozenEngine,1251,06/24/2023, 15:12:14,540
FROV00001,FrozenEngine,1251,06/24/2023, 16:15:38,540
FROV00001,FrozenEngine,1251,06/24/2023, 17:11:22,540
FROV00001,FrozenEngine,1251,06/24/2023, 18:15:07,540
FROV00001,FrozenEngine,1251,06/24/2023, 19:10:22,540
FROV00001,FrozenEngine,1251,06/24/2023, 20:13:22,540
FROV00001,FrozenEngine,1251,06/24/2023, 21:11:27,540
FROV00001,FrozenEngine,1251,06/24/2023, 22:12:06,540
FROV00001,FrozenEngine,1251,06/24/2023, 23:12:23,540
FROV00001,FrozenEngine,1251,06/25/2023, 01:17:03,540
FROV00001,FrozenEngine,1251,06/25/2023, 03:09:08,540
FROV00001,FrozenEngine,1251,06/25/2023, 04:15:12,540
FROV00001,FrozenEngine,1251,06/25/2023, 05:12:10,540
FROV00001,FrozenEngine,1251,06/25/2023, 06:16:09,540
FROV00001,FrozenEngine,1251,06/25/2023, 07:12:06,540
FROV00001,FrozenEngine,1251,06/25/2023, 08:15:17,540
FROV00001,FrozenEngine,1251,06/25/2023, 09:12:27,540
FROV00001,FrozenEngine,1251,06/25/2023, 10:13:23,540
FROV00001,FrozenEngine,1251,06/25/2023, 11:11:30,540
FROV00001,FrozenEngine,1251,06/25/2023, 12:23:24,540
FROV00001,FrozenEngine,1251,06/25/2023, 13:19:45,540
FROV00001,FrozenEngine,1251,06/25/2023, 14:11:19,540
FROV00001,FrozenEngine,1251,06/25/2023, 15:12:22,540
FROV00001,FrozenEngine,1251,06/25/2023, 16:15:36,540
FROV00001,FrozenEngine,1251,06/25/2023, 17:11:17,540
FROV00001,FrozenEngine,1251,06/25/2023, 18:15:06,540
FROV00001,FrozenEngine,1251,06/25/2023, 19:10:30,540
FROV00001,FrozenEngine,1251,06/25/2023, 20:13:25,540
FROV00001,FrozenEngine,1251,06/25/2023, 21:11:15,540
FROV00001,FrozenEngine,1251,06/25/2023, 22:12:11,540
FROV00001,FrozenEngine,1251,06/25/2023, 23:12:44,540
FROV00001,FrozenEngine,1251,06/26/2023, 01:12:30,540
FROV00001,FrozenEngine,1251,06/26/2023, 03:01:41,540
FROV00001,FrozenEngine,1251,06/26/2023, 04:16:03,540
FROV00001,FrozenEngine,1251,06/26/2023, 05:13:20,540
FROV00001,FrozenEngine,1251,06/26/2023, 06:17:57,540
FROV00001,FrozenEngine,1251,06/26/2023, 07:13:34,540
FROV00001,FrozenEngine,1251,06/26/2023, 08:20:50,540
FROV00001,FrozenEngine,1251,06/26/2023, 09:13:55,540
FROV00001,FrozenEngine,1251,06/26/2023, 10:14:33,540
FROV00001,FrozenEngine,1251,06/26/2023, 11:11:34,540
FROV00001,FrozenEngine,1251,06/26/2023, 12:25:00,540
FROV00001,FrozenEngine,1251,06/26/2023, 13:22:22,540
FROV00001,FrozenEngine,1251,06/26/2023, 14:12:56,540
FROV00001,FrozenEngine,1251,06/26/2023, 15:12:55,540
FROV00001,FrozenEngine,1251,06/26/2023, 16:16:15,540
FROV00001,FrozenEngine,1251,06/26/2023, 17:11:36,540
FROV00001,FrozenEngine,1251,06/26/2023, 18:16:13,540
FROV00001,FrozenEngine,1251,06/26/2023, 19:10:49,540
FROV00001,FrozenEngine,1251,06/26/2023, 20:13:50,540
FROV00001,FrozenEngine,1251,06/26/2023, 21:11:40,540
FROV00001,FrozenEngine,1251,06/26/2023, 22:12:35,540
FROV00001,FrozenEngine,1251,06/26/2023, 23:13:02,540
FROV00001,FrozenEngine,1251,06/27/2023, 01:11:40,540
FROV00001,FrozenEngine,1251,06/27/2023, 02:57:37,540
FROV00001,FrozenEngine,1251,06/27/2023, 03:28:02,540
FROV00001,FrozenEngine,1251,06/27/2023, 04:15:46,540
FROV00001,FrozenEngine,1251,06/27/2023, 05:12:47,540
FROV00001,FrozenEngine,1251,06/27/2023, 06:17:03,540
FROV00001,FrozenEngine,1251,06/27/2023, 07:12:38,540
FROV00001,FrozenEngine,1251,06/27/2023, 08:16:18,540
FROV00001,FrozenEngine,1251,06/27/2023, 09:13:21,540
FROV00001,FrozenEngine,1251,06/27/2023, 10:14:09,540
FROV00001,FrozenEngine,1251,06/27/2023, 11:10:59,540
FROV00001,FrozenEngine,1251,06/27/2023, 12:25:53,540
FROV00001,FrozenEngine,1251,06/27/2023, 13:22:05,540
FROV00001,FrozenEngine,1251,06/27/2023, 14:12:07,540
FROV00001,FrozenEngine,1251,06/27/2023, 15:13:41,540
FROV00001,FrozenEngine,1251,06/27/2023, 16:16:39,540
FROV00001,FrozenEngine,1251,06/27/2023, 17:11:35,540
FROV00001,FrozenEngine,1251,06/27/2023, 18:15:54,540
FROV00001,FrozenEngine,1251,06/27/2023, 19:10:40,540
FROV00001,FrozenEngine,1251,06/27/2023, 20:13:41,540
FROV00001,FrozenEngine,1252,06/27/2023, 21:11:43,540
FROV00001,FrozenEngine,1252,06/27/2023, 22:12:28,540
FROV00001,FrozenEngine,1252,06/27/2023, 23:12:39,540
FROV00001,FrozenEngine,1252,06/28/2023, 01:13:18,540
FROV00001,FrozenEngine,1252,06/28/2023, 02:55:27,540
FROV00001,FrozenEngine,1252,06/28/2023, 03:24:20,540
FROV00001,FrozenEngine,1252,06/28/2023, 04:16:04,540
FROV00001,FrozenEngine,1252,06/28/2023, 05:12:52,540
FROV00001,FrozenEngine,1252,06/28/2023, 06:17:04,540
FROV00001,FrozenEngine,1252,06/28/2023, 07:12:28,540
FROV00001,FrozenEngine,1252,06/28/2023, 08:16:12,540
FROV00001,FrozenEngine,1252,06/28/2023, 09:13:18,540
FROV00001,FrozenEngine,1252,06/28/2023, 10:15:03,540
FROV00001,FrozenEngine,1254,06/28/2023, 11:10:51,540
FROV00001,FrozenEngine,1254,06/28/2023, 12:25:53,540
FROV00001,FrozenEngine,1254,06/28/2023, 13:22:39,540
FROV00001,FrozenEngine,1254,06/28/2023, 14:11:50,540
FROV00001,FrozenEngine,1254,06/28/2023, 16:15:54,540
FROV00001,FrozenEngine,1254,06/28/2023, 17:11:27,540
FROV00001,FrozenEngine,1254,06/28/2023, 18:15:35,540
FROV00001,FrozenEngine,1254,06/28/2023, 19:10:52,540
FROV00001,FrozenEngine,1254,06/28/2023, 21:11:34,540
FROV00001,FrozenEngine,1254,06/28/2023, 22:12:27,540
FROV00001,FrozenEngine,1254,06/28/2023, 23:13:14,540
FROV00001,FrozenEngine,1254,06/29/2023, 01:08:55,540
FROV00001,FrozenEngine,1254,06/29/2023, 02:52:31,540
FROV00001,FrozenEngine,1254,06/29/2023, 03:21:15,540
FROV00001,FrozenEngine,1254,06/29/2023, 04:15:36,540
FROV00001,FrozenEngine,1254,06/29/2023, 05:12:53,540
FROV00001,FrozenEngine,1254,06/29/2023, 06:17:15,540
FROV00001,FrozenEngine,1254,06/29/2023, 07:12:23,540
FROV00001,FrozenEngine,1254,06/29/2023, 08:16:17,540
FROV00001,FrozenEngine,1254,06/29/2023, 09:13:10,540
FROV00001,FrozenEngine,1254,06/29/2023, 10:13:41,540
FROV00001,FrozenEngine,1254,06/29/2023, 11:10:31,540
FROV00001,FrozenEngine,1254,06/29/2023, 12:24:45,540
FROV00001,FrozenEngine,1254,06/29/2023, 13:20:21,540
FROV00001,FrozenEngine,1254,06/29/2023, 14:11:19,540
FROV00001,FrozenEngine,1254,06/29/2023, 15:13:01,540
FROV00001,FrozenEngine,1254,06/29/2023, 16:15:43,540
FROV00001,FrozenEngine,1254,06/29/2023, 17:11:23,540
FROV00001,FrozenEngine,1254,06/29/2023, 18:17:28,540
FROV00001,FrozenEngine,1254,06/29/2023, 19:10:32,540
FROV00001,FrozenEngine,1254,06/29/2023, 20:12:59,540
FROV00001,FrozenEngine,1254,06/29/2023, 21:11:18,540
FROV00001,FrozenEngine,1254,06/29/2023, 22:11:46,540
FROV00001,FrozenEngine,1254,06/29/2023, 23:13:06,540
FROV00001,FrozenEngine,1254,06/30/2023, 01:07:08,540
FROV00001,FrozenEngine,1254,06/30/2023, 02:49:03,540
FROV00001,FrozenEngine,1255,06/30/2023, 03:18:10,540
FROV00001,FrozenEngine,1255,06/30/2023, 04:14:57,540
FROV00001,FrozenEngine,1255,06/30/2023, 05:12:16,540
FROV00001,FrozenEngine,1255,06/30/2023, 06:16:30,540
FROV00001,FrozenEngine,1255,06/30/2023, 07:12:00,540
FROV00001,FrozenEngine,1255,06/30/2023, 08:15:37,540
FROV00001,FrozenEngine,1255,06/30/2023, 09:12:21,540
FROV00001,FrozenEngine,1255,06/30/2023, 10:13:00,540
FROV00001,FrozenEngine,1255,06/30/2023, 11:10:35,540
FROV00001,FrozenEngine,1255,06/30/2023, 12:23:39,540
FROV00001,FrozenEngine,1255,06/30/2023, 13:19:27,540
FROV00001,FrozenEngine,1255,06/30/2023, 14:11:24,540
FROV00001,FrozenEngine,1255,06/30/2023, 15:12:44,540
FROV00001,FrozenEngine,1255,06/30/2023, 16:15:33,540
FROV00001,FrozenEngine,1256,06/30/2023, 17:11:27,540
FROV00001,FrozenEngine,1256,06/30/2023, 18:15:17,540
FROV00001,FrozenEngine,1256,06/30/2023, 19:10:21,540
FROV00001,FrozenEngine,1256,06/30/2023, 20:13:04,540
FROV00001,FrozenEngine,1256,06/30/2023, 21:11:00,540
FROV00001,FrozenEngine,1256,06/30/2023, 22:11:54,540
FROV00001,FrozenEngine,1256,06/30/2023, 23:12:07,540
FROV00001,FrozenEngine,1256,07/01/2023, 01:16:54,540
FROV00001,FrozenEngine,1256,07/01/2023, 03:04:03,540
FROV00001,FrozenEngine,1256,07/01/2023, 04:14:33,540
FROV00001,FrozenEngine,1256,07/01/2023, 05:11:58,540
FROV00001,FrozenEngine,1256,07/01/2023, 06:15:37,540
FROV00001,FrozenEngine,1256,07/01/2023, 07:11:12,540
FROV00001,FrozenEngine,1256,07/01/2023, 08:14:33,540
FROV00001,FrozenEngine,1256,07/01/2023, 09:11:46,540
FROV00001,FrozenEngine,1256,07/01/2023, 10:13:02,540
FROV00001,FrozenEngine,1256,07/01/2023, 11:10:21,540
FROV00001,FrozenEngine,1256,07/01/2023, 12:22:23,540
FROV00001,FrozenEngine,1256,07/01/2023, 13:16:52,540
FROV00001,FrozenEngine,1256,07/01/2023, 14:10:43,540
FROV00001,FrozenEngine,1256,07/01/2023, 15:12:01,540
FROV00001,FrozenEngine,1256,07/01/2023, 16:14:59,540
FROV00001,FrozenEngine,1256,07/01/2023, 17:11:13,540
FROV00001,FrozenEngine,1256,07/01/2023, 18:14:35,540
FROV00001,FrozenEngine,1256,07/01/2023, 19:09:42,540
FROV00001,FrozenEngine,1257,07/01/2023, 20:12:25,540
FROV00001,FrozenEngine,1257,07/01/2023, 21:11:01,540
FROV00001,FrozenEngine,1257,07/01/2023, 22:11:19,540
FROV00001,FrozenEngine,1257,07/01/2023, 23:12:06,540
FROV00001,FrozenEngine,1257,07/02/2023, 01:14:15,540
FROV00001,FrozenEngine,1257,07/02/2023, 03:00:31,540
FROV00001,FrozenEngine,1257,07/02/2023, 03:29:18,540
FROV00001,FrozenEngine,1257,07/02/2023, 04:14:19,540
FROV00001,FrozenEngine,1257,07/02/2023, 05:12:13,540
FROV00001,FrozenEngine,1257,07/02/2023, 06:15:17,540
FROV00001,FrozenEngine,1257,07/02/2023, 07:11:06,540
FROV00001,FrozenEngine,1257,07/02/2023, 08:15:30,540
FROV00001,FrozenEngine,1257,07/02/2023, 09:11:51,540
FROV00001,FrozenEngine,1257,07/02/2023, 10:12:32,540
FROV00001,FrozenEngine,1257,07/02/2023, 11:10:23,540
FROV00001,FrozenEngine,1257,07/02/2023, 12:22:41,540
FROV00001,FrozenEngine,1258,07/02/2023, 13:16:13,540
FROV00001,FrozenEngine,1258,07/02/2023, 14:10:57,540
FROV00001,FrozenEngine,1258,07/02/2023, 15:11:55,540
FROV00001,FrozenEngine,1258,07/02/2023, 16:14:29,540
FROV00001,FrozenEngine,1258,07/02/2023, 17:10:41,540
FROV00001,FrozenEngine,1258,07/02/2023, 18:14:29,540
FROV00001,FrozenEngine,1258,07/02/2023, 19:10:00,540
FROV00001,FrozenEngine,1258,07/02/2023, 20:12:22,540
FROV00001,FrozenEngine,1258,07/02/2023, 21:10:46,540
FROV00001,FrozenEngine,1258,07/02/2023, 22:11:21,540
FROV00001,FrozenEngine,1258,07/02/2023, 23:12:26,540
FROV00001,FrozenEngine,1258,07/03/2023, 01:12:58,540
FROV00001,FrozenEngine,1258,07/03/2023, 02:55:27,540
FROV00001,FrozenEngine,1258,07/03/2023, 03:23:06,540
FROV00001,FrozenEngine,1258,07/03/2023, 04:15:19,540
FROV00001,FrozenEngine,1258,07/03/2023, 05:13:11,540
FROV00001,FrozenEngine,1258,07/03/2023, 06:17:01,540
FROV00001,FrozenEngine,1258,07/03/2023, 08:16:18,540
FROV00001,FrozenEngine,1258,07/03/2023, 09:13:22,540
FROV00001,FrozenEngine,1258,07/03/2023, 10:13:53,540
FROV00001,FrozenEngine,1258,07/03/2023, 11:10:51,540
FROV00001,FrozenEngine,1258,07/03/2023, 12:26:40,540
FROV00001,FrozenEngine,1258,07/03/2023, 13:23:05,540
FROV00001,FrozenEngine,1258,07/03/2023, 14:11:55,540
FROV00001,FrozenEngine,1258,07/03/2023, 15:13:13,540
FROV00001,FrozenEngine,1258,07/03/2023, 16:15:39,540
FROV00001,FrozenEngine,1258,07/03/2023, 17:11:21,540
FROV00001,FrozenEngine,1258,07/03/2023, 18:15:34,540
FROV00001,FrozenEngine,1258,07/03/2023, 19:10:45,540
FROV00001,FrozenEngine,1258,07/03/2023, 20:13:55,540
FROV00001,FrozenEngine,1258,07/03/2023, 21:11:49,540
FROV00001,FrozenEngine,1258,07/03/2023, 22:12:27,540
FROV00001,FrozenEngine,1258,07/03/2023, 23:13:41,540
FROV00001,FrozenEngine,1258,07/04/2023, 01:12:04,540
FROV00001,FrozenEngine,1258,07/04/2023, 02:57:16,540
FROV00001,FrozenEngine,1258,07/04/2023, 03:27:24,540
FROV00001,FrozenEngine,1258,07/04/2023, 04:16:05,540
FROV00001,FrozenEngine,1258,07/04/2023, 05:12:55,540
FROV00001,FrozenEngine,1258,07/04/2023, 06:17:25,540
FROV00001,FrozenEngine,1258,07/04/2023, 07:12:43,540
FROV00001,FrozenEngine,1258,07/04/2023, 08:16:54,540
FROV00001,FrozenEngine,1258,07/04/2023, 09:13:41,540
FROV00001,FrozenEngine,1258,07/04/2023, 10:14:32,540
FROV00001,FrozenEngine,1258,07/04/2023, 11:11:28,540
FROV00001,FrozenEngine,1258,07/04/2023, 12:25:24,540
FROV00001,FrozenEngine,1258,07/04/2023, 13:23:06,540
FROV00001,FrozenEngine,1258,07/04/2023, 14:12:19,540
FROV00001,FrozenEngine,1258,07/04/2023, 15:13:38,540
FROV00001,FrozenEngine,1258,07/04/2023, 16:16:45,540
FROV00001,FrozenEngine,1258,07/04/2023, 17:11:53,540
FROV00001,FrozenEngine,1258,07/04/2023, 18:16:21,540
FROV00001,FrozenEngine,1258,07/04/2023, 19:10:45,540
FROV00001,FrozenEngine,1258,07/04/2023, 20:13:51,540
FROV00001,FrozenEngine,1258,07/04/2023, 21:12:03,540
FROV00001,FrozenEngine,1258,07/04/2023, 22:12:26,540
FROV00001,FrozenEngine,1258,07/04/2023, 23:12:45,540
FROV00001,FrozenEngine,1258,07/05/2023, 01:13:15,540
FROV00001,FrozenEngine,1258,07/05/2023, 02:56:35,540
FROV00001,FrozenEngine,1258,07/05/2023, 03:26:14,540
FROV00001,FrozenEngine,1258,07/05/2023, 04:16:26,540
FROV00001,FrozenEngine,1258,07/05/2023, 05:13:43,540
FROV00001,FrozenEngine,1258,07/05/2023, 06:17:38,540
FROV00001,FrozenEngine,1258,07/05/2023, 07:13:07,540
FROV00001,FrozenEngine,1258,07/05/2023, 08:17:38,540
FROV00001,FrozenEngine,1258,07/05/2023, 09:13:50,540
FROV00001,FrozenEngine,1258,07/05/2023, 10:14:27,540
FROV00001,FrozenEngine,1258,07/05/2023, 11:11:26,540
FROV00001,FrozenEngine,1258,07/05/2023, 12:28:00,540
FROV00001,FrozenEngine,1258,07/05/2023, 13:25:09,540
FROV00001,FrozenEngine,1258,07/05/2023, 14:13:09,540
FROV00001,FrozenEngine,1258,07/05/2023, 15:14:10,540
FROV00001,FrozenEngine,1258,07/05/2023, 16:17:31,540
FROV00001,FrozenEngine,1258,07/05/2023, 17:12:17,540
FROV00001,FrozenEngine,1258,07/05/2023, 18:16:52,540
FROV00001,FrozenEngine,1258,07/05/2023, 19:11:08,540
FROV00001,FrozenEngine,1258,07/05/2023, 20:14:15,540
FROV00001,FrozenEngine,1258,07/05/2023, 21:12:13,540
FROV00001,FrozenEngine,1258,07/05/2023, 22:13:03,540
FROV00001,FrozenEngine,1258,07/05/2023, 23:13:35,540
FROV00001,FrozenEngine,1258,07/06/2023, 01:13:26,540
FROV00001,FrozenEngine,1258,07/06/2023, 02:58:19,540
FROV00001,FrozenEngine,1258,07/06/2023, 03:29:32,540
FROV00001,FrozenEngine,1258,07/06/2023, 04:16:18,540
FROV00001,FrozenEngine,1258,07/06/2023, 05:13:29,540
FROV00001,FrozenEngine,1258,07/06/2023, 06:17:37,540
FROV00001,FrozenEngine,1258,07/06/2023, 07:13:08,540
FROV00001,FrozenEngine,1258,07/06/2023, 08:16:57,540
FROV00001,FrozenEngine,1258,07/06/2023, 09:13:53,540
FROV00001,FrozenEngine,1258,07/06/2023, 10:14:30,540
FROV00001,FrozenEngine,1258,07/06/2023, 11:11:52,540
FROV00001,FrozenEngine,1258,07/06/2023, 12:26:34,540
FROV00001,FrozenEngine,1258,07/06/2023, 13:29:34,540
FROV00001,FrozenEngine,1258,07/06/2023, 14:12:32,540
FROV00001,FrozenEngine,1258,07/06/2023, 15:14:02,540
FROV00001,FrozenEngine,1258,07/06/2023, 16:17:30,540
FROV00001,FrozenEngine,1258,07/06/2023, 17:12:14,540
FROV00001,FrozenEngine,1258,07/06/2023, 18:15:44,540
FROV00001,FrozenEngine,1258,07/06/2023, 20:13:36,540
FROV00001,FrozenEngine,1258,07/06/2023, 21:12:00,540
FROV00001,FrozenEngine,1259,07/06/2023, 22:12:27,540
FROV00001,FrozenEngine,1259,07/06/2023, 23:13:45,540
FROV00001,FrozenEngine,1259,07/07/2023, 01:13:32,540
FROV00001,FrozenEngine,1259,07/07/2023, 02:55:18,540
FROV00001,FrozenEngine,1259,07/07/2023, 03:24:41,540
FROV00001,FrozenEngine,1259,07/07/2023, 04:15:37,540
FROV00001,FrozenEngine,1259,07/07/2023, 05:12:50,540
FROV00001,FrozenEngine,1259,07/07/2023, 06:17:08,540
FROV00001,FrozenEngine,1259,07/07/2023, 07:12:29,540
FROV00001,FrozenEngine,1259,07/07/2023, 08:16:25,540
FROV00001,FrozenEngine,1259,07/07/2023, 10:14:04,540
FROV00001,FrozenEngine,1259,07/07/2023, 11:10:51,540
FROV00001,FrozenEngine,1259,07/07/2023, 12:25:36,540
FROV00001,FrozenEngine,1259,07/07/2023, 13:21:00,540
FROV00001,FrozenEngine,1259,07/07/2023, 14:11:49,540
FROV00001,FrozenEngine,1259,07/07/2023, 15:13:32,540
FROV00001,FrozenEngine,1259,07/07/2023, 16:16:35,540
FROV00001,FrozenEngine,1259,07/07/2023, 17:11:54,540
FROV00001,FrozenEngine,1259,07/07/2023, 18:15:43,540
FROV00001,FrozenEngine,1259,07/07/2023, 19:09:58,540
FROV00001,FrozenEngine,1259,07/07/2023, 20:13:35,540
FROV00001,FrozenEngine,1260,07/07/2023, 21:11:19,540
FROV00001,FrozenEngine,1260,07/07/2023, 22:12:14,540
FROV00001,FrozenEngine,1260,07/07/2023, 23:12:39,540
FROV00001,FrozenEngine,1260,07/08/2023, 01:12:50,540
FROV00001,FrozenEngine,1260,07/08/2023, 02:55:58,540
FROV00001,FrozenEngine,1260,07/08/2023, 03:26:29,540
FROV00001,FrozenEngine,1260,07/08/2023, 04:14:55,540
FROV00001,FrozenEngine,1260,07/08/2023, 05:11:41,540
FROV00001,FrozenEngine,1260,07/08/2023, 06:15:21,540
FROV00001,FrozenEngine,1260,07/08/2023, 07:11:27,540
FROV00001,FrozenEngine,1260,07/08/2023, 08:14:49,540
FROV00001,FrozenEngine,1260,07/08/2023, 09:11:47,540
FROV00001,FrozenEngine,1260,07/08/2023, 10:12:59,540
FROV00001,FrozenEngine,1260,07/08/2023, 11:10:16,540
FROV00001,FrozenEngine,1260,07/08/2023, 12:22:22,540
FROV00001,FrozenEngine,1260,07/08/2023, 13:16:53,540
FROV00001,FrozenEngine,1260,07/08/2023, 14:10:43,540
FROV00001,FrozenEngine,1260,07/08/2023, 15:12:03,540
FROV00001,FrozenEngine,1260,07/08/2023, 16:14:48,540
FROV00001,FrozenEngine,1260,07/08/2023, 17:10:43,540
FROV00001,FrozenEngine,1260,07/08/2023, 18:14:47,540
FROV00001,FrozenEngine,1260,07/08/2023, 19:09:58,540
FROV00001,FrozenEngine,1260,07/08/2023, 20:12:26,540
FROV00001,FrozenEngine,1260,07/08/2023, 21:10:53,540
FROV00001,FrozenEngine,1260,07/08/2023, 22:11:31,540
FROV00001,FrozenEngine,1260,07/08/2023, 23:12:11,540
FROV00001,FrozenEngine,1260,07/09/2023, 01:16:06,540
FROV00001,FrozenEngine,1260,07/09/2023, 03:04:03,540
FROV00001,FrozenEngine,1260,07/09/2023, 04:14:48,540
FROV00001,FrozenEngine,1260,07/09/2023, 05:12:13,540
FROV00001,FrozenEngine,1260,07/09/2023, 06:15:46,540
FROV00001,FrozenEngine,1260,07/09/2023, 07:11:31,540
FROV00001,FrozenEngine,1260,07/09/2023, 08:14:47,540
FROV00001,FrozenEngine,1260,07/09/2023, 09:12:00,540
FROV00001,FrozenEngine,1260,07/09/2023, 10:12:37,540
FROV00001,FrozenEngine,1260,07/09/2023, 11:10:29,540
FROV00001,FrozenEngine,1260,07/09/2023, 12:22:32,540
FROV00001,FrozenEngine,1260,07/09/2023, 13:17:09,540
FROV00001,FrozenEngine,1260,07/09/2023, 14:10:58,540
FROV00001,FrozenEngine,1260,07/09/2023, 15:12:14,540
FROV00001,FrozenEngine,1260,07/09/2023, 16:15:06,540
FROV00001,FrozenEngine,1260,07/09/2023, 17:10:46,540
FROV00001,FrozenEngine,1260,07/09/2023, 18:14:54,540
FROV00001,FrozenEngine,1260,07/09/2023, 19:10:06,540
FROV00001,FrozenEngine,1260,07/09/2023, 20:12:41,540
FROV00001,FrozenEngine,1260,07/09/2023, 21:11:25,540
FROV00001,FrozenEngine,1260,07/09/2023, 22:11:44,540
FROV00001,FrozenEngine,1260,07/09/2023, 23:12:26,540
FROV00001,FrozenEngine,1260,07/10/2023, 01:10:43,540
FROV00001,FrozenEngine,1260,07/10/2023, 02:59:01,540
FROV00001,FrozenEngine,1260,07/10/2023, 03:29:44,540
FROV00001,FrozenEngine,1260,07/10/2023, 04:15:39,540
FROV00001,FrozenEngine,1260,07/10/2023, 05:13:02,540
FROV00001,FrozenEngine,1260,07/10/2023, 06:17:30,540
FROV00001,FrozenEngine,1261,07/10/2023, 07:13:20,540
FROV00001,FrozenEngine,1261,07/10/2023, 08:17:33,540
FROV00001,FrozenEngine,1261,07/10/2023, 10:14:31,540
FROV00001,FrozenEngine,1261,07/10/2023, 11:11:09,540
FROV00001,FrozenEngine,1261,07/10/2023, 12:25:13,540
FROV00001,FrozenEngine,1261,07/10/2023, 13:22:51,540
FROV00001,FrozenEngine,1261,07/10/2023, 14:12:26,540
FROV00001,FrozenEngine,1261,07/10/2023, 15:13:32,540
FROV00001,FrozenEngine,1261,07/10/2023, 16:17:07,540
FROV00001,FrozenEngine,1261,07/10/2023, 17:11:51,540
FROV00001,FrozenEngine,1261,07/10/2023, 18:15:58,540
FROV00001,FrozenEngine,1261,07/10/2023, 19:10:41,540
FROV00001,FrozenEngine,1261,07/10/2023, 20:13:35,540
FROV00001,FrozenEngine,1261,07/10/2023, 21:11:38,540
FROV00001,FrozenEngine,1261,07/10/2023, 22:12:28,540
FROV00001,FrozenEngine,1261,07/10/2023, 23:12:56,540
FROV00001,FrozenEngine,1261,07/11/2023, 01:04:24,540
FROV00001,FrozenEngine,1261,07/11/2023, 02:48:24,540
FROV00001,FrozenEngine,1261,07/11/2023, 03:18:11,540
FROV00001,FrozenEngine,1261,07/11/2023, 04:15:25,540
FROV00001,FrozenEngine,1261,07/11/2023, 05:12:37,540
FROV00001,FrozenEngine,1261,07/11/2023, 06:16:44,540
FROV00001,FrozenEngine,1261,07/11/2023, 07:12:37,540
FROV00001,FrozenEngine,1261,07/11/2023, 08:16:33,540
FROV00001,FrozenEngine,1261,07/11/2023, 09:13:15,540
FROV00001,FrozenEngine,1261,07/11/2023, 10:14:10,540
FROV00001,FrozenEngine,1261,07/11/2023, 11:10:53,540
FROV00001,FrozenEngine,1261,07/11/2023, 12:26:09,540
FROV00001,FrozenEngine,1261,07/11/2023, 13:22:13,540
FROV00001,FrozenEngine,1261,07/11/2023, 14:12:07,540
FROV00001,FrozenEngine,1261,07/11/2023, 15:13:35,540
FROV00001,FrozenEngine,1261,07/11/2023, 16:16:36,540
FROV00001,FrozenEngine,1261,07/11/2023, 17:11:40,540
FROV00001,FrozenEngine,1261,07/11/2023, 18:15:46,540
FROV00001,FrozenEngine,1261,07/11/2023, 19:10:40,540
FROV00001,FrozenEngine,1261,07/11/2023, 20:13:31,540
FROV00001,FrozenEngine,1261,07/11/2023, 21:11:35,540
FROV00001,FrozenEngine,1261,07/11/2023, 22:12:17,540
FROV00001,FrozenEngine,1261,07/11/2023, 23:12:31,540
FROV00001,FrozenEngine,1261,07/12/2023, 01:10:41,540
FROV00001,FrozenEngine,1261,07/12/2023, 02:54:12,540
FROV00001,FrozenEngine,1261,07/12/2023, 03:22:27,540
FROV00001,FrozenEngine,1261,07/12/2023, 04:15:15,540
FROV00001,FrozenEngine,1261,07/12/2023, 05:12:22,540
FROV00001,FrozenEngine,1261,07/12/2023, 06:16:37,540
FROV00001,FrozenEngine,1261,07/12/2023, 07:12:23,540
FROV00001,FrozenEngine,1261,07/12/2023, 08:16:33,540
FROV00001,FrozenEngine,1261,07/12/2023, 09:12:56,540
FROV00001,FrozenEngine,1261,07/12/2023, 10:13:39,540
FROV00001,FrozenEngine,1261,07/12/2023, 11:10:41,540
FROV00001,FrozenEngine,1261,07/12/2023, 12:25:47,540
FROV00001,FrozenEngine,1261,07/12/2023, 13:23:23,540
FROV00001,FrozenEngine,1261,07/12/2023, 14:12:07,540
FROV00001,FrozenEngine,1261,07/12/2023, 15:13:34,540
FROV00001,FrozenEngine,1261,07/12/2023, 16:16:31,540
FROV00001,FrozenEngine,1261,07/12/2023, 17:11:48,540
FROV00001,FrozenEngine,1261,07/12/2023, 18:15:44,540
FROV00001,FrozenEngine,1261,07/12/2023, 19:10:50,540
FROV00001,FrozenEngine,1261,07/12/2023, 20:13:18,540
FROV00001,FrozenEngine,1261,07/12/2023, 21:11:28,540
FROV00001,FrozenEngine,1261,07/12/2023, 22:12:03,540
FROV00001,FrozenEngine,1261,07/12/2023, 23:12:33,540
FROV00001,FrozenEngine,1261,07/13/2023, 01:12:41,540
FROV00001,FrozenEngine,1261,07/13/2023, 02:57:36,540
FROV00001,FrozenEngine,1261,07/13/2023, 03:26:26,540
FROV00001,FrozenEngine,1261,07/13/2023, 04:15:33,540
FROV00001,FrozenEngine,1261,07/13/2023, 05:12:54,540
FROV00001,FrozenEngine,1261,07/13/2023, 06:16:57,540
FROV00001,FrozenEngine,1261,07/13/2023, 07:12:20,540
FROV00001,FrozenEngine,1261,07/13/2023, 08:16:05,540
FROV00001,FrozenEngine,1261,07/13/2023, 09:13:03,540
FROV00001,FrozenEngine,1261,07/13/2023, 10:13:47,540
FROV00001,FrozenEngine,1261,07/13/2023, 11:11:05,540
FROV00001,FrozenEngine,1261,07/13/2023, 12:26:19,540
FROV00001,FrozenEngine,1261,07/13/2023, 13:24:12,540
FROV00001,FrozenEngine,1261,07/13/2023, 14:11:58,540
FROV00001,FrozenEngine,1261,07/13/2023, 15:13:26,540
FROV00001,FrozenEngine,1261,07/13/2023, 16:16:28,540
FROV00001,FrozenEngine,1261,07/13/2023, 17:11:37,540
FROV00001,FrozenEngine,1261,07/13/2023, 18:15:49,540
FROV00001,FrozenEngine,1261,07/13/2023, 19:09:10,540
FROV00001,FrozenEngine,1261,07/13/2023, 20:13:42,540
FROV00001,FrozenEngine,1262,07/13/2023, 21:11:39,540
FROV00001,FrozenEngine,1262,07/13/2023, 22:12:26,540
FROV00001,FrozenEngine,1262,07/13/2023, 23:13:19,540
FROV00001,FrozenEngine,1262,07/14/2023, 01:12:46,540
FROV00001,FrozenEngine,1262,07/14/2023, 02:56:55,540
FROV00001,FrozenEngine,1262,07/14/2023, 03:24:51,540
FROV00001,FrozenEngine,1262,07/14/2023, 04:15:20,540
FROV00001,FrozenEngine,1262,07/14/2023, 05:12:34,540
FROV00001,FrozenEngine,1262,07/14/2023, 06:17:10,540
FROV00001,FrozenEngine,1262,07/14/2023, 07:12:31,540
FROV00001,FrozenEngine,1262,07/14/2023, 08:15:56,540
FROV00001,FrozenEngine,1262,07/14/2023, 09:12:27,540
FROV00001,FrozenEngine,1262,07/14/2023, 10:13:34,540
FROV00001,FrozenEngine,1262,07/14/2023, 11:10:41,540
FROV00001,FrozenEngine,1262,07/14/2023, 12:24:15,540
FROV00001,FrozenEngine,1262,07/14/2023, 13:20:54,540
FROV00001,FrozenEngine,1262,07/14/2023, 14:11:46,540
FROV00001,FrozenEngine,1262,07/14/2023, 15:13:03,540
FROV00001,FrozenEngine,1262,07/14/2023, 16:15:44,540
FROV00001,FrozenEngine,1262,07/14/2023, 17:10:52,540
FROV00001,FrozenEngine,1262,07/14/2023, 18:15:06,540
FROV00001,FrozenEngine,1262,07/14/2023, 19:10:30,540
FROV00001,FrozenEngine,1262,07/14/2023, 20:13:35,540
FROV00001,FrozenEngine,1262,07/14/2023, 21:11:21,540
FROV00001,FrozenEngine,1262,07/14/2023, 22:12:01,540
FROV00001,FrozenEngine,1262,07/14/2023, 23:12:32,540
FROV00001,FrozenEngine,1262,07/15/2023, 01:10:46,540
FROV00001,FrozenEngine,1262,07/15/2023, 02:59:00,540
FROV00001,FrozenEngine,1262,07/15/2023, 03:30:19,540
FROV00001,FrozenEngine,1262,07/15/2023, 04:14:30,540
FROV00001,FrozenEngine,1262,07/15/2023, 05:12:14,540
FROV00001,FrozenEngine,1262,07/15/2023, 06:15:40,540
FROV00001,FrozenEngine,1262,07/15/2023, 07:11:30,540
FROV00001,FrozenEngine,1262,07/15/2023, 08:14:42,540
FROV00001,FrozenEngine,1262,07/15/2023, 09:11:45,540
FROV00001,FrozenEngine,1262,07/15/2023, 10:12:44,540
FROV00001,FrozenEngine,1262,07/15/2023, 11:10:09,540
FROV00001,FrozenEngine,1262,07/15/2023, 12:22:14,540
FROV00001,FrozenEngine,1262,07/15/2023, 13:17:05,540
FROV00001,FrozenEngine,1262,07/15/2023, 14:10:45,540
FROV00001,FrozenEngine,1262,07/15/2023, 15:12:00,540
FROV00001,FrozenEngine,1262,07/15/2023, 16:14:57,540
FROV00001,FrozenEngine,1262,07/15/2023, 17:10:44,540
FROV00001,FrozenEngine,1262,07/15/2023, 18:14:31,540
FROV00001,FrozenEngine,1263,07/15/2023, 19:09:39,540
FROV00001,FrozenEngine,1263,07/15/2023, 20:12:40,540
FROV00001,FrozenEngine,1263,07/15/2023, 21:10:59,540
FROV00001,FrozenEngine,1263,07/15/2023, 22:11:16,540
FROV00001,FrozenEngine,1263,07/15/2023, 23:11:56,540
FROV00001,FrozenEngine,1263,07/16/2023, 01:19:30,540
FROV00001,FrozenEngine,1263,07/16/2023, 03:07:13,540
FROV00001,FrozenEngine,1263,07/16/2023, 04:14:38,540
FROV00001,FrozenEngine,1263,07/16/2023, 05:11:57,540
FROV00001,FrozenEngine,1263,07/16/2023, 06:15:43,540
FROV00001,FrozenEngine,1263,07/16/2023, 07:11:25,540
FROV00001,FrozenEngine,1263,07/16/2023, 08:14:37,540
FROV00001,FrozenEngine,1263,07/16/2023, 09:11:44,540
FROV00001,FrozenEngine,1263,07/16/2023, 10:12:52,540
FROV00001,FrozenEngine,1263,07/16/2023, 11:10:14,540
FROV00001,FrozenEngine,1263,07/16/2023, 12:21:56,540
FROV00001,FrozenEngine,1263,07/16/2023, 13:16:53,540
FROV00001,FrozenEngine,1263,07/16/2023, 14:10:56,540
FROV00001,FrozenEngine,1263,07/16/2023, 15:12:03,540
FROV00001,FrozenEngine,1263,07/16/2023, 16:14:41,540
FROV00001,FrozenEngine,1263,07/16/2023, 17:10:55,540
FROV00001,FrozenEngine,1263,07/16/2023, 18:14:32,540
FROV00001,FrozenEngine,1263,07/16/2023, 19:10:22,540
FROV00001,FrozenEngine,1263,07/16/2023, 20:12:40,540
FROV00001,FrozenEngine,1263,07/16/2023, 21:10:59,540
FROV00001,FrozenEngine,1263,07/16/2023, 22:11:24,540
FROV00001,FrozenEngine,1263,07/17/2023, 01:14:15,540
FROV00001,FrozenEngine,1263,07/17/2023, 03:01:17,540
FROV00001,FrozenEngine,1263,07/17/2023, 03:32:33,540
FROV00001,FrozenEngine,1263,07/17/2023, 04:15:51,540
FROV00001,FrozenEngine,1263,07/17/2023, 05:12:53,540
FROV00001,FrozenEngine,1263,07/17/2023, 06:17:36,540
FROV00001,FrozenEngine,1263,07/17/2023, 07:12:38,540
FROV00001,FrozenEngine,1263,07/17/2023, 08:17:16,540
FROV00001,FrozenEngine,1263,07/17/2023, 09:13:58,540
FROV00001,FrozenEngine,1263,07/17/2023, 10:14:33,540
FROV00001,FrozenEngine,1263,07/17/2023, 11:11:09,540
FROV00001,FrozenEngine,1263,07/17/2023, 12:27:43,540
FROV00001,FrozenEngine,1263,07/17/2023, 13:23:30,540
FROV00001,FrozenEngine,1263,07/17/2023, 14:12:32,540
FROV00001,FrozenEngine,1263,07/17/2023, 15:13:34,540
FROV00001,FrozenEngine,1263,07/17/2023, 16:16:27,540
FROV00001,FrozenEngine,1263,07/17/2023, 17:11:45,540
FROV00001,FrozenEngine,1263,07/17/2023, 18:16:22,540
FROV00001,FrozenEngine,1263,07/17/2023, 19:10:23,540
FROV00001,FrozenEngine,1263,07/17/2023, 20:13:50,540
FROV00001,FrozenEngine,1263,07/17/2023, 21:11:20,540
FROV00001,FrozenEngine,1263,07/17/2023, 22:11:30,540
FROV00001,FrozenEngine,1263,07/17/2023, 23:12:25,540
FROV00001,FrozenEngine,1264,07/18/2023, 01:26:40,540
FROV00001,FrozenEngine,1264,07/18/2023, 02:57:38,540
FROV00001,FrozenEngine,1264,07/18/2023, 03:22:59,540
FROV00001,FrozenEngine,1264,07/18/2023, 04:14:28,540
FROV00001,FrozenEngine,1264,07/18/2023, 05:11:50,540
FROV00001,FrozenEngine,1264,07/18/2023, 06:15:46,540
FROV00001,FrozenEngine,1264,07/18/2023, 07:12:02,540
FROV00001,FrozenEngine,1264,07/18/2023, 08:15:27,540
FROV00001,FrozenEngine,1264,07/18/2023, 09:12:28,540
FROV00001,FrozenEngine,1264,07/18/2023, 10:13:04,540
FROV00001,FrozenEngine,1264,07/18/2023, 11:10:35,540
FROV00001,FrozenEngine,1264,07/18/2023, 12:24:00,540
FROV00001,FrozenEngine,1264,07/18/2023, 13:19:14,540
FROV00001,FrozenEngine,1264,07/18/2023, 14:11:56,540
FROV00001,FrozenEngine,1264,07/18/2023, 15:12:47,540
FROV00001,FrozenEngine,1264,07/18/2023, 16:16:47,540
FROV00001,FrozenEngine,1264,07/18/2023, 17:11:12,540
FROV00001,FrozenEngine,1265,07/18/2023, 18:15:28,540
FROV00001,FrozenEngine,1265,07/18/2023, 19:09:56,540
FROV00001,FrozenEngine,1265,07/18/2023, 20:13:04,540
FROV00001,FrozenEngine,1265,07/18/2023, 21:10:48,540
FROV00001,FrozenEngine,1265,07/18/2023, 22:10:46,540
FROV00001,FrozenEngine,1265,07/18/2023, 23:11:23,540
FROV00001,FrozenEngine,1265,07/19/2023, 02:06:52,540
FROV00001,FrozenEngine,1265,07/19/2023, 03:52:28,540
FROV00001,FrozenEngine,1265,07/19/2023, 04:19:05,540
FROV00001,FrozenEngine,1265,07/19/2023, 05:11:23,540
FROV00001,FrozenEngine,1265,07/19/2023, 06:15:03,540
FROV00001,FrozenEngine,1265,07/19/2023, 07:11:27,540
FROV00001,FrozenEngine,1266,07/19/2023, 08:14:41,540
FROV00001,FrozenEngine,1266,07/19/2023, 09:11:46,540
FROV00001,FrozenEngine,1266,07/19/2023, 10:12:25,540
FROV00001,FrozenEngine,1266,07/19/2023, 11:10:09,540
FROV00001,FrozenEngine,1266,07/19/2023, 12:21:58,540
FROV00001,FrozenEngine,1266,07/19/2023, 13:16:20,540
FROV00001,FrozenEngine,1266,07/19/2023, 14:11:42,540
FROV00001,FrozenEngine,1266,07/19/2023, 15:12:08,540
FROV00001,FrozenEngine,1266,07/19/2023, 16:14:54,540
FROV00001,FrozenEngine,1266,07/19/2023, 17:10:55,540
FROV00001,FrozenEngine,1266,07/19/2023, 18:14:10,540
FROV00001,FrozenEngine,1266,07/19/2023, 19:09:44,540
FROV00001,FrozenEngine,1266,07/19/2023, 20:11:57,540
FROV00001,FrozenEngine,1266,07/19/2023, 21:10:19,540
FROV00001,FrozenEngine,1266,07/19/2023, 22:10:52,540
FROV00001,FrozenEngine,1266,07/19/2023, 23:11:25,540
FROV00001,FrozenEngine,1266,07/20/2023, 01:02:09,540
FROV00001,FrozenEngine,1266,07/20/2023, 02:30:29,540
FROV00001,FrozenEngine,1266,07/20/2023, 03:11:56,540
FROV00001,FrozenEngine,1266,07/20/2023, 04:13:57,540
FROV00001,FrozenEngine,1266,07/20/2023, 05:11:39,540
FROV00001,FrozenEngine,1266,07/20/2023, 06:15:09,540
FROV00001,FrozenEngine,1266,07/20/2023, 07:11:11,540
FROV00001,FrozenEngine,1266,07/20/2023, 08:14:43,540
FROV00001,FrozenEngine,1266,07/20/2023, 09:11:51,540
FROV00001,FrozenEngine,1266,07/20/2023, 10:13:00,540
FROV00001,FrozenEngine,1266,07/20/2023, 11:10:01,540
FROV00001,FrozenEngine,1266,07/20/2023, 12:23:26,540
FROV00001,FrozenEngine,1266,07/20/2023, 13:16:10,540
FROV00001,FrozenEngine,1266,07/20/2023, 14:11:21,540
FROV00001,FrozenEngine,1266,07/20/2023, 15:12:02,540
FROV00001,FrozenEngine,1266,07/20/2023, 16:14:34,540
FROV00001,FrozenEngine,1266,07/20/2023, 17:10:40,540
FROV00001,FrozenEngine,1266,07/20/2023, 18:14:59,540
FROV00001,FrozenEngine,1266,07/20/2023, 19:09:48,540
FROV00001,FrozenEngine,1266,07/20/2023, 20:12:14,540
FROV00001,FrozenEngine,1266,07/20/2023, 21:10:28,540
FROV00001,FrozenEngine,1266,07/20/2023, 22:10:57,540
FROV00001,FrozenEngine,1266,07/20/2023, 23:11:38,540
FROV00001,FrozenEngine,1266,07/21/2023, 01:02:16,540
FROV00001,FrozenEngine,1266,07/21/2023, 02:32:41,540
FROV00001,FrozenEngine,1266,07/21/2023, 03:11:53,540
FROV00001,FrozenEngine,1266,07/21/2023, 04:13:44,540
FROV00001,FrozenEngine,1266,07/21/2023, 05:11:28,540
FROV00001,FrozenEngine,1266,07/21/2023, 06:15:15,540
FROV00001,FrozenEngine,1266,07/21/2023, 07:11:02,540
FROV00001,FrozenEngine,1266,07/21/2023, 08:14:36,540
FROV00001,FrozenEngine,1266,07/21/2023, 09:11:41,540
FROV00001,FrozenEngine,1266,07/21/2023, 10:12:23,540
FROV00001,FrozenEngine,1266,07/21/2023, 11:09:44,540
FROV00001,FrozenEngine,1266,07/21/2023, 12:21:56,540
FROV00001,FrozenEngine,1266,07/21/2023, 13:20:19,540
FROV00001,FrozenEngine,1266,07/21/2023, 14:11:04,540
FROV00001,FrozenEngine,1266,07/21/2023, 15:12:00,540
FROV00001,FrozenEngine,1266,07/21/2023, 16:14:41,540
FROV00001,FrozenEngine,1266,07/21/2023, 17:10:47,540
FROV00001,FrozenEngine,1266,07/21/2023, 18:14:55,540
FROV00001,FrozenEngine,1266,07/21/2023, 19:09:11,540
FROV00001,FrozenEngine,1266,07/21/2023, 20:11:53,540
FROV00001,FrozenEngine,1266,07/21/2023, 21:10:33,540
FROV00001,FrozenEngine,1266,07/21/2023, 22:10:39,540
FROV00001,FrozenEngine,1266,07/21/2023, 23:11:17,540
FROV00001,FrozenEngine,1266,07/22/2023, 01:02:00,540
FROV00001,FrozenEngine,1266,07/22/2023, 02:29:02,540
FROV00001,FrozenEngine,1266,07/22/2023, 03:11:49,540
FROV00001,FrozenEngine,1266,07/22/2023, 04:13:09,540
FROV00001,FrozenEngine,1266,07/22/2023, 05:10:53,540
FROV00001,FrozenEngine,1266,07/22/2023, 06:14:05,540
FROV00001,FrozenEngine,1266,07/22/2023, 07:10:16,540
FROV00001,FrozenEngine,1266,07/22/2023, 08:13:30,540
FROV00001,FrozenEngine,1266,07/22/2023, 09:11:00,540
FROV00001,FrozenEngine,1266,07/22/2023, 10:11:03,540
FROV00001,FrozenEngine,1266,07/22/2023, 11:09:48,540
FROV00001,FrozenEngine,1266,07/22/2023, 12:20:23,540
FROV00001,FrozenEngine,1266,07/22/2023, 13:12:47,540
FROV00001,FrozenEngine,1266,07/22/2023, 14:09:46,540
FROV00001,FrozenEngine,1266,07/22/2023, 15:10:51,540
FROV00001,FrozenEngine,1266,07/22/2023, 16:13:43,540
FROV00001,FrozenEngine,1266,07/22/2023, 17:09:44,540
FROV00001,FrozenEngine,1266,07/22/2023, 18:13:25,540
FROV00001,FrozenEngine,1266,07/22/2023, 19:09:10,540
FROV00001,FrozenEngine,1266,07/22/2023, 20:11:39,540
FROV00001,FrozenEngine,1266,07/22/2023, 21:09:45,540
FROV00001,FrozenEngine,1267,07/22/2023, 22:10:33,540
FROV00001,FrozenEngine,1267,07/22/2023, 23:10:50,540
FROV00001,FrozenEngine,1267,07/23/2023, 01:06:05,540
FROV00001,FrozenEngine,1267,07/23/2023, 02:35:33,540
FROV00001,FrozenEngine,1267,07/23/2023, 03:12:18,540
FROV00001,FrozenEngine,1267,07/23/2023, 04:13:23,540
FROV00001,FrozenEngine,1267,07/23/2023, 05:11:12,540
FROV00001,FrozenEngine,1267,07/23/2023, 06:14:28,540
FROV00001,FrozenEngine,1267,07/23/2023, 07:10:34,540
FROV00001,FrozenEngine,1267,07/23/2023, 08:13:49,540
FROV00001,FrozenEngine,1267,07/23/2023, 09:10:31,540
FROV00001,FrozenEngine,1267,07/23/2023, 10:11:18,540
FROV00001,FrozenEngine,1267,07/23/2023, 11:09:20,540
FROV00001,FrozenEngine,1267,07/23/2023, 12:20:03,540
FROV00001,FrozenEngine,1267,07/23/2023, 13:12:43,540
FROV00001,FrozenEngine,1267,07/23/2023, 14:09:49,540
FROV00001,FrozenEngine,1267,07/23/2023, 15:11:04,540
FROV00001,FrozenEngine,1267,07/23/2023, 16:13:33,540
FROV00001,FrozenEngine,1267,07/23/2023, 17:09:52,540
FROV00001,FrozenEngine,1267,07/23/2023, 18:13:28,540
FROV00001,FrozenEngine,1267,07/23/2023, 19:09:17,540
FROV00001,FrozenEngine,1267,07/23/2023, 20:11:38,540
FROV00001,FrozenEngine,1267,07/23/2023, 21:10:49,540
FROV00001,FrozenEngine,1267,07/23/2023, 22:10:17,540
FROV00001,FrozenEngine,1267,07/23/2023, 23:11:27,540
FROV00001,FrozenEngine,1267,07/24/2023, 01:02:38,540
FROV00001,FrozenEngine,1267,07/24/2023, 02:32:37,540
FROV00001,FrozenEngine,1267,07/24/2023, 03:12:41,540
FROV00001,FrozenEngine,1267,07/24/2023, 04:14:04,540
FROV00001,FrozenEngine,1267,07/24/2023, 05:11:49,540
FROV00001,FrozenEngine,1267,07/24/2023, 06:15:43,540
FROV00001,FrozenEngine,1267,07/24/2023, 07:11:42,540
FROV00001,FrozenEngine,1267,07/24/2023, 08:15:35,540
FROV00001,FrozenEngine,1267,07/24/2023, 09:12:42,540
FROV00001,FrozenEngine,1267,07/24/2023, 10:12:58,540
FROV00001,FrozenEngine,1267,07/24/2023, 11:10:04,540
FROV00001,FrozenEngine,1267,07/24/2023, 12:22:30,540
FROV00001,FrozenEngine,1267,07/24/2023, 13:16:34,540
FROV00001,FrozenEngine,1267,07/24/2023, 14:11:47,540
FROV00001,FrozenEngine,1267,07/24/2023, 15:12:53,540
FROV00001,FrozenEngine,1267,07/24/2023, 16:14:52,540
FROV00001,FrozenEngine,1267,07/24/2023, 17:11:10,540
FROV00001,FrozenEngine,1267,07/24/2023, 18:16:04,540
FROV00001,FrozenEngine,1267,07/24/2023, 19:10:03,540
FROV00001,FrozenEngine,1267,07/24/2023, 20:11:24,540
FROV00001,FrozenEngine,1267,07/24/2023, 21:11:26,540
FROV00001,FrozenEngine,1267,07/24/2023, 22:11:23,540
FROV00001,FrozenEngine,1267,07/24/2023, 23:11:27,540
FROV00001,FrozenEngine,1267,07/25/2023, 01:08:10,540
FROV00001,FrozenEngine,1267,07/25/2023, 02:43:57,540
FROV00001,FrozenEngine,1267,07/25/2023, 03:12:40,540
FROV00001,FrozenEngine,1267,07/25/2023, 04:13:49,540
FROV00001,FrozenEngine,1267,07/25/2023, 05:11:33,540
FROV00001,FrozenEngine,1267,07/25/2023, 06:15:20,540
FROV00001,FrozenEngine,1267,07/25/2023, 07:11:40,540
FROV00001,FrozenEngine,1267,07/25/2023, 08:15:20,540
FROV00001,FrozenEngine,1267,07/25/2023, 09:12:15,540
FROV00001,FrozenEngine,1267,07/25/2023, 10:12:56,540
FROV00001,FrozenEngine,1267,07/25/2023, 11:10:18,540
FROV00001,FrozenEngine,1267,07/25/2023, 12:23:26,540
FROV00001,FrozenEngine,1267,07/25/2023, 13:18:12,540
FROV00001,FrozenEngine,1267,07/25/2023, 14:11:15,540
FROV00001,FrozenEngine,1267,07/25/2023, 15:12:27,540
FROV00001,FrozenEngine,1267,07/25/2023, 16:14:50,540
FROV00001,FrozenEngine,1267,07/25/2023, 17:10:50,540
FROV00001,FrozenEngine,1267,07/25/2023, 18:13:43,540
FROV00001,FrozenEngine,1267,07/25/2023, 19:08:20,540
FROV00001,FrozenEngine,1267,07/25/2023, 20:11:54,540
FROV00001,FrozenEngine,1267,07/25/2023, 21:10:13,540
FROV00001,FrozenEngine,1267,07/25/2023, 22:10:31,540
FROV00001,FrozenEngine,1267,07/25/2023, 23:09:31,540
FROV00001,FrozenEngine,1267,07/26/2023, 01:01:44,540
FROV00001,FrozenEngine,1267,07/26/2023, 02:33:59,540
FROV00001,FrozenEngine,1267,07/26/2023, 03:12:05,540
FROV00001,FrozenEngine,1267,07/26/2023, 04:13:37,540
FROV00001,FrozenEngine,1267,07/26/2023, 05:11:06,540
FROV00001,FrozenEngine,1267,07/26/2023, 06:14:31,540
FROV00001,FrozenEngine,1267,07/26/2023, 07:11:18,540
FROV00001,FrozenEngine,1267,07/26/2023, 08:14:39,540
FROV00001,FrozenEngine,1267,07/26/2023, 09:11:41,540
FROV00001,FrozenEngine,1267,07/26/2023, 10:12:15,540
FROV00001,FrozenEngine,1267,07/26/2023, 11:09:30,540
FROV00001,FrozenEngine,1267,07/26/2023, 12:21:11,540
FROV00001,FrozenEngine,1267,07/26/2023, 13:15:02,540
FROV00001,FrozenEngine,1267,07/26/2023, 14:10:40,540
FROV00001,FrozenEngine,1267,07/26/2023, 15:11:49,540
FROV00001,FrozenEngine,1267,07/26/2023, 16:14:14,540
FROV00001,FrozenEngine,1267,07/26/2023, 17:10:26,540
FROV00001,FrozenEngine,1267,07/26/2023, 18:14:01,540
FROV00001,FrozenEngine,1267,07/26/2023, 19:09:44,540
FROV00001,FrozenEngine,1267,07/26/2023, 20:11:41,540
FROV00001,FrozenEngine,1267,07/26/2023, 21:10:30,540
FROV00001,FrozenEngine,1267,07/26/2023, 22:10:38,540
FROV00001,FrozenEngine,1267,07/26/2023, 23:11:03,540
FROV00001,FrozenEngine,1267,07/27/2023, 00:55:27,540
FROV00001,FrozenEngine,1267,07/27/2023, 01:56:51,540
FROV00001,FrozenEngine,1267,07/27/2023, 02:24:36,540
FROV00001,FrozenEngine,1267,07/27/2023, 03:11:52,540
FROV00001,FrozenEngine,1267,07/27/2023, 04:13:20,540
FROV00001,FrozenEngine,1267,07/27/2023, 05:10:58,540
FROV00001,FrozenEngine,1267,07/27/2023, 06:14:59,540
FROV00001,FrozenEngine,1267,07/27/2023, 07:11:09,540
FROV00001,FrozenEngine,1267,07/27/2023, 08:14:17,540
FROV00001,FrozenEngine,1267,07/27/2023, 09:11:54,540
FROV00001,FrozenEngine,1267,07/27/2023, 10:12:13,540
FROV00001,FrozenEngine,1267,07/27/2023, 11:09:32,540
FROV00001,FrozenEngine,1267,07/27/2023, 12:22:33,540
FROV00001,FrozenEngine,1267,07/27/2023, 13:14:55,540
FROV00001,FrozenEngine,1267,07/27/2023, 14:10:40,540
FROV00001,FrozenEngine,1267,07/27/2023, 15:11:54,540
FROV00001,FrozenEngine,1267,07/27/2023, 16:14:45,540
FROV00001,FrozenEngine,1267,07/27/2023, 17:10:26,540
FROV00001,FrozenEngine,1267,07/27/2023, 18:13:48,540
FROV00001,FrozenEngine,1267,07/27/2023, 19:09:33,540
FROV00001,FrozenEngine,1267,07/27/2023, 20:11:42,540
FROV00001,FrozenEngine,1267,07/27/2023, 21:09:14,540
FROV00001,FrozenEngine,1267,07/27/2023, 22:10:21,540
FROV00001,FrozenEngine,1267,07/27/2023, 23:11:28,540
FROV00001,FrozenEngine,1267,07/28/2023, 00:56:23,540
FROV00001,FrozenEngine,1267,07/28/2023, 02:01:53,540
FROV00001,FrozenEngine,1267,07/28/2023, 03:11:40,540
FROV00001,FrozenEngine,1267,07/28/2023, 04:13:35,540
FROV00001,FrozenEngine,1267,07/28/2023, 05:11:00,540
FROV00001,FrozenEngine,1267,07/28/2023, 06:14:53,540
FROV00001,FrozenEngine,1267,07/28/2023, 07:11:03,540
FROV00001,FrozenEngine,1267,07/28/2023, 08:14:13,540
FROV00001,FrozenEngine,1267,07/28/2023, 09:11:34,540
FROV00001,FrozenEngine,1267,07/28/2023, 10:12:00,540
FROV00001,FrozenEngine,1267,07/28/2023, 11:09:44,540
FROV00001,FrozenEngine,1267,07/28/2023, 12:21:46,540
FROV00001,FrozenEngine,1267,07/28/2023, 13:14:51,540
FROV00001,FrozenEngine,1267,07/28/2023, 14:10:42,540
FROV00001,FrozenEngine,1267,07/28/2023, 15:11:55,540
FROV00001,FrozenEngine,1267,07/28/2023, 16:14:23,540
FROV00001,FrozenEngine,1267,07/28/2023, 17:10:02,540
FROV00001,FrozenEngine,1267,07/28/2023, 18:13:02,540
FROV00001,FrozenEngine,1267,07/28/2023, 19:09:34,540
FROV00001,FrozenEngine,1267,07/28/2023, 20:11:58,540
FROV00001,FrozenEngine,1267,07/28/2023, 21:10:00,540
FROV00001,FrozenEngine,1267,07/28/2023, 22:10:31,540
FROV00001,FrozenEngine,1267,07/28/2023, 23:11:01,540
FROV00001,FrozenEngine,1267,07/29/2023, 00:56:14,540
FROV00001,FrozenEngine,1267,07/29/2023, 01:57:22,540
FROV00001,FrozenEngine,1267,07/29/2023, 02:25:03,540
FROV00001,FrozenEngine,1267,07/29/2023, 03:11:45,540
FROV00001,FrozenEngine,1267,07/29/2023, 04:12:57,540
FROV00001,FrozenEngine,1267,07/29/2023, 05:10:20,540
FROV00001,FrozenEngine,1267,07/29/2023, 06:13:34,540
FROV00001,FrozenEngine,1267,07/29/2023, 07:09:49,540
FROV00001,FrozenEngine,1267,07/29/2023, 08:12:55,540
FROV00001,FrozenEngine,1267,07/29/2023, 09:10:01,540
FROV00001,FrozenEngine,1267,07/29/2023, 10:10:50,540
FROV00001,FrozenEngine,1267,07/29/2023, 11:09:12,540
FROV00001,FrozenEngine,1267,07/29/2023, 12:19:45,540
FROV00001,FrozenEngine,1267,07/29/2023, 13:11:45,540
FROV00001,FrozenEngine,1267,07/29/2023, 14:09:33,540
FROV00001,FrozenEngine,1267,07/29/2023, 15:10:26,540
FROV00001,FrozenEngine,1267,07/29/2023, 16:13:13,540
FROV00001,FrozenEngine,1267,07/29/2023, 17:09:40,540
FROV00001,FrozenEngine,1267,07/29/2023, 18:12:43,540
FROV00001,FrozenEngine,1267,07/29/2023, 19:09:00,540
FROV00001,FrozenEngine,1267,07/29/2023, 20:10:55,540
FROV00001,FrozenEngine,1267,07/29/2023, 21:09:15,540
FROV00001,FrozenEngine,1267,07/29/2023, 22:10:00,540
FROV00001,FrozenEngine,1267,07/29/2023, 23:10:42,540
FROV00001,FrozenEngine,1267,07/30/2023, 00:59:16,540
FROV00001,FrozenEngine,1267,07/30/2023, 02:02:36,540
FROV00001,FrozenEngine,1267,07/30/2023, 03:11:36,540
FROV00001,FrozenEngine,1267,07/30/2023, 04:12:33,540
FROV00001,FrozenEngine,1267,07/30/2023, 05:10:20,540
FROV00001,FrozenEngine,1267,07/30/2023, 06:13:36,540
FROV00001,FrozenEngine,1267,07/30/2023, 07:09:54,540
FROV00001,FrozenEngine,1267,07/30/2023, 08:12:58,540
FROV00001,FrozenEngine,1267,07/30/2023, 09:10:06,540
FROV00001,FrozenEngine,1267,07/30/2023, 10:11:01,540
FROV00001,FrozenEngine,1267,07/30/2023, 11:09:11,540
FROV00001,FrozenEngine,1267,07/30/2023, 12:20:11,540
FROV00001,FrozenEngine,1267,07/30/2023, 13:12:15,540
FROV00001,FrozenEngine,1267,07/30/2023, 14:09:50,540
FROV00001,FrozenEngine,1267,07/30/2023, 15:10:46,540
FROV00001,FrozenEngine,1267,07/30/2023, 16:13:16,540
FROV00001,FrozenEngine,1267,07/30/2023, 17:09:23,540
FROV00001,FrozenEngine,1267,07/30/2023, 18:13:02,540
FROV00001,FrozenEngine,1267,07/30/2023, 19:09:13,540
FROV00001,FrozenEngine,1267,07/30/2023, 20:11:07,540
FROV00001,FrozenEngine,1267,07/30/2023, 21:09:28,540
FROV00001,FrozenEngine,1267,07/30/2023, 22:10:26,540
FROV00001,FrozenEngine,1267,07/30/2023, 23:11:04,540
FROV00001,FrozenEngine,1267,07/31/2023, 00:58:24,540
FROV00001,FrozenEngine,1267,07/31/2023, 02:04:54,540
FROV00001,FrozenEngine,1267,07/31/2023, 03:12:18,540
FROV00001,FrozenEngine,1267,07/31/2023, 04:13:48,540
FROV00001,FrozenEngine,1267,07/31/2023, 05:11:30,540
FROV00001,FrozenEngine,1267,07/31/2023, 06:15:03,540
FROV00001,FrozenEngine,1267,07/31/2023, 07:11:47,540
FROV00001,FrozenEngine,1267,07/31/2023, 08:15:58,540
FROV00001,FrozenEngine,1267,07/31/2023, 09:12:40,540
FROV00001,FrozenEngine,1267,07/31/2023, 10:12:57,540
FROV00001,FrozenEngine,1267,07/31/2023, 11:10:17,540
FROV00001,FrozenEngine,1267,07/31/2023, 12:23:19,540
FROV00001,FrozenEngine,1267,07/31/2023, 13:17:03,540
FROV00001,FrozenEngine,1267,07/31/2023, 14:11:28,540
FROV00001,FrozenEngine,1267,07/31/2023, 15:13:06,540
FROV00001,FrozenEngine,1267,07/31/2023, 16:15:34,540
FROV00001,FrozenEngine,1267,07/31/2023, 17:10:56,540
FROV00001,FrozenEngine,1267,07/31/2023, 18:14:04,540
FROV00001,FrozenEngine,1267,07/31/2023, 19:09:45,540
FROV00001,FrozenEngine,1267,07/31/2023, 20:11:48,540
FROV00001,FrozenEngine,1267,07/31/2023, 21:10:27,540
FROV00001,FrozenEngine,1267,07/31/2023, 22:10:47,540
FROV00001,FrozenEngine,1267,07/31/2023, 23:11:24,540
FROV00001,FrozenEngine,1267,08/01/2023, 01:03:07,540
FROV00001,FrozenEngine,1267,08/01/2023, 02:34:32,540
FROV00001,FrozenEngine,1267,08/01/2023, 03:12:42,540
FROV00001,FrozenEngine,1267,08/01/2023, 04:13:57,540
FROV00001,FrozenEngine,1267,08/01/2023, 05:11:34,540
FROV00001,FrozenEngine,1267,08/01/2023, 06:15:48,540
FROV00001,FrozenEngine,1268,08/01/2023, 07:11:52,540
FROV00001,FrozenEngine,1268,08/01/2023, 08:14:59,540
FROV00001,FrozenEngine,1268,08/01/2023, 09:12:02,540
FROV00001,FrozenEngine,1268,08/01/2023, 10:12:35,540
FROV00001,FrozenEngine,1268,08/01/2023, 11:09:45,540
FROV00001,FrozenEngine,1268,08/01/2023, 12:22:20,540
FROV00001,FrozenEngine,1268,08/01/2023, 13:14:47,540
FROV00001,FrozenEngine,1268,08/01/2023, 14:10:52,540
FROV00001,FrozenEngine,1268,08/01/2023, 15:12:13,540
FROV00001,FrozenEngine,1268,08/01/2023, 16:14:35,540
FROV00001,FrozenEngine,1268,08/01/2023, 17:10:27,540
FROV00001,FrozenEngine,1268,08/01/2023, 18:14:11,540
FROV00001,FrozenEngine,1268,08/01/2023, 19:09:17,540
FROV00001,FrozenEngine,1268,08/01/2023, 20:12:12,540
FROV00001,FrozenEngine,1268,08/01/2023, 21:10:36,540
FROV00001,FrozenEngine,1268,08/01/2023, 22:10:48,540
FROV00001,FrozenEngine,1268,08/01/2023, 23:11:23,540
FROV00001,FrozenEngine,1268,08/02/2023, 00:55:40,540
FROV00001,FrozenEngine,1268,08/02/2023, 01:56:33,540
FROV00001,FrozenEngine,1268,08/02/2023, 02:24:19,540
FROV00001,FrozenEngine,1268,08/02/2023, 03:11:43,540
FROV00001,FrozenEngine,1268,08/02/2023, 04:13:17,540
FROV00001,FrozenEngine,1268,08/02/2023, 05:11:01,540
FROV00001,FrozenEngine,1268,08/02/2023, 06:14:58,540
FROV00001,FrozenEngine,1268,08/02/2023, 07:11:18,540
FROV00001,FrozenEngine,1268,08/02/2023, 08:14:16,540
FROV00001,FrozenEngine,1268,08/02/2023, 09:11:44,540
FROV00001,FrozenEngine,1268,08/02/2023, 10:12:32,540
FROV00001,FrozenEngine,1268,08/02/2023, 11:09:39,540
FROV00001,FrozenEngine,1268,08/02/2023, 12:21:34,540
FROV00001,FrozenEngine,1268,08/02/2023, 13:14:57,540
FROV00001,FrozenEngine,1268,08/02/2023, 14:11:04,540
FROV00001,FrozenEngine,1268,08/02/2023, 15:11:19,540
FROV00001,FrozenEngine,1268,08/02/2023, 16:14:56,540
FROV00001,FrozenEngine,1268,08/02/2023, 17:10:01,540
FROV00001,FrozenEngine,1268,08/02/2023, 18:13:48,540
FROV00001,FrozenEngine,1268,08/02/2023, 19:09:26,540
FROV00001,FrozenEngine,1268,08/02/2023, 20:11:46,540
FROV00001,FrozenEngine,1268,08/02/2023, 21:10:00,540
FROV00001,FrozenEngine,1268,08/02/2023, 22:10:17,540
FROV00001,FrozenEngine,1268,08/02/2023, 23:10:27,540
FROV00001,FrozenEngine,1268,08/03/2023, 00:58:43,540
FROV00001,FrozenEngine,1268,08/03/2023, 02:00:37,540
FROV00001,FrozenEngine,1268,08/03/2023, 02:30:53,540
FROV00001,FrozenEngine,1268,08/03/2023, 03:11:43,540
FROV00001,FrozenEngine,1268,08/03/2023, 04:13:28,540
FROV00001,FrozenEngine,1268,08/03/2023, 05:11:00,540
FROV00001,FrozenEngine,1268,08/03/2023, 06:14:52,540
FROV00001,FrozenEngine,1268,08/03/2023, 07:11:16,540
FROV00001,FrozenEngine,1268,08/03/2023, 08:14:19,540
FROV00001,FrozenEngine,1268,08/03/2023, 09:11:21,540
FROV00001,FrozenEngine,1268,08/03/2023, 10:12:05,540
FROV00001,FrozenEngine,1268,08/03/2023, 11:10:14,540
FROV00001,FrozenEngine,1268,08/03/2023, 12:21:46,540
FROV00001,FrozenEngine,1268,08/03/2023, 13:14:44,540
FROV00001,FrozenEngine,1268,08/03/2023, 14:10:45,540
FROV00001,FrozenEngine,1268,08/03/2023, 15:11:55,540
FROV00001,FrozenEngine,1268,08/03/2023, 16:13:25,540
FROV00001,FrozenEngine,1268,08/03/2023, 17:10:11,540
FROV00001,FrozenEngine,1268,08/03/2023, 18:13:56,540
FROV00001,FrozenEngine,1269,08/03/2023, 19:09:21,540
FROV00001,FrozenEngine,1269,08/03/2023, 20:11:38,540
FROV00001,FrozenEngine,1269,08/03/2023, 21:09:45,540
FROV00001,FrozenEngine,1269,08/03/2023, 22:10:27,540
FROV00001,FrozenEngine,1270,08/03/2023, 23:10:56,540
FROV00001,FrozenEngine,1270,08/04/2023, 00:58:57,540
FROV00001,FrozenEngine,1270,08/04/2023, 02:01:50,540
FROV00001,FrozenEngine,1270,08/04/2023, 03:11:46,540
FROV00001,FrozenEngine,1270,08/04/2023, 04:13:12,540
FROV00001,FrozenEngine,1270,08/04/2023, 05:11:06,540
FROV00001,FrozenEngine,1270,08/04/2023, 06:14:34,540
FROV00001,FrozenEngine,1270,08/04/2023, 07:10:36,540
FROV00001,FrozenEngine,1270,08/04/2023, 08:14:02,540
FROV00001,FrozenEngine,1270,08/04/2023, 09:11:21,540
FROV00001,FrozenEngine,1270,08/04/2023, 10:11:55,540
FROV00001,FrozenEngine,1270,08/04/2023, 11:09:36,540
FROV00001,FrozenEngine,1270,08/04/2023, 12:21:04,540
FROV00001,FrozenEngine,1270,08/04/2023, 13:13:41,540
FROV00001,FrozenEngine,1270,08/04/2023, 14:10:29,540
FROV00001,FrozenEngine,1270,08/04/2023, 15:11:29,540
FROV00001,FrozenEngine,1270,08/04/2023, 16:14:11,540
FROV00001,FrozenEngine,1270,08/04/2023, 17:10:04,540
FROV00001,FrozenEngine,1270,08/04/2023, 18:13:41,540
FROV00001,FrozenEngine,1270,08/04/2023, 19:09:26,540
FROV00001,FrozenEngine,1270,08/04/2023, 20:11:26,540
FROV00001,FrozenEngine,1270,08/04/2023, 21:09:38,540
FROV00001,FrozenEngine,1270,08/04/2023, 22:10:26,540
FROV00001,FrozenEngine,1270,08/04/2023, 23:10:35,540
FROV00001,FrozenEngine,1270,08/05/2023, 00:55:39,540
FROV00001,FrozenEngine,1270,08/05/2023, 01:57:17,540
FROV00001,FrozenEngine,1270,08/05/2023, 02:24:26,540
FROV00001,FrozenEngine,1270,08/05/2023, 03:11:18,540
FROV00001,FrozenEngine,1270,08/05/2023, 04:13:11,540
FROV00001,FrozenEngine,1270,08/05/2023, 05:10:17,540
FROV00001,FrozenEngine,1270,08/05/2023, 06:13:21,540
FROV00001,FrozenEngine,1270,08/05/2023, 07:09:36,540
FROV00001,FrozenEngine,1270,08/05/2023, 08:12:59,540
FROV00001,FrozenEngine,1270,08/05/2023, 09:10:04,540
FROV00001,FrozenEngine,1270,08/05/2023, 10:10:38,540
FROV00001,FrozenEngine,1270,08/05/2023, 11:08:50,540
FROV00001,FrozenEngine,1270,08/05/2023, 12:19:14,540
FROV00001,FrozenEngine,1270,08/05/2023, 13:11:37,540
FROV00001,FrozenEngine,1270,08/05/2023, 14:09:16,540
FROV00001,FrozenEngine,1270,08/05/2023, 15:10:38,540
FROV00001,FrozenEngine,1270,08/05/2023, 16:13:07,540
FROV00001,FrozenEngine,1270,08/05/2023, 17:09:26,540
FROV00001,FrozenEngine,1270,08/05/2023, 18:12:28,540
FROV00001,FrozenEngine,1270,08/05/2023, 19:08:46,540
FROV00001,FrozenEngine,1270,08/05/2023, 20:10:45,540
FROV00001,FrozenEngine,1270,08/05/2023, 21:09:15,540
FROV00001,FrozenEngine,1270,08/05/2023, 22:09:56,540
FROV00001,FrozenEngine,1270,08/05/2023, 23:10:50,540
FROV00001,FrozenEngine,1270,08/06/2023, 00:53:16,540
FROV00001,FrozenEngine,1270,08/06/2023, 01:52:18,540
FROV00001,FrozenEngine,1270,08/06/2023, 02:20:18,540
FROV00001,FrozenEngine,1270,08/06/2023, 03:11:39,540
FROV00001,FrozenEngine,1270,08/06/2023, 04:12:56,540
FROV00001,FrozenEngine,1270,08/06/2023, 05:10:29,540
FROV00001,FrozenEngine,1270,08/06/2023, 06:13:37,540
FROV00001,FrozenEngine,1270,08/06/2023, 07:10:08,540
FROV00001,FrozenEngine,1270,08/06/2023, 08:13:09,540
FROV00001,FrozenEngine,1270,08/06/2023, 09:10:02,540
FROV00001,FrozenEngine,1271,08/06/2023, 10:11:06,540
FROV00001,FrozenEngine,1271,08/06/2023, 11:09:28,540
FROV00001,FrozenEngine,1271,08/06/2023, 12:18:39,540
FROV00001,FrozenEngine,1271,08/06/2023, 13:12:29,540
FROV00001,FrozenEngine,1271,08/06/2023, 14:09:38,540
FROV00001,FrozenEngine,1271,08/06/2023, 15:10:53,540
FROV00001,FrozenEngine,1271,08/06/2023, 16:14:02,540
FROV00001,FrozenEngine,1271,08/06/2023, 17:09:25,540
FROV00001,FrozenEngine,1271,08/06/2023, 18:12:34,540
FROV00001,FrozenEngine,1271,08/06/2023, 19:08:44,540
FROV00001,FrozenEngine,1271,08/06/2023, 20:11:03,540
FROV00001,FrozenEngine,1271,08/06/2023, 21:09:22,540
FROV00001,FrozenEngine,1271,08/06/2023, 22:09:58,540
FROV00001,FrozenEngine,1271,08/06/2023, 23:10:53,540
FROV00001,FrozenEngine,1271,08/07/2023, 00:58:10,540
FROV00001,FrozenEngine,1271,08/07/2023, 02:02:47,540
FROV00001,FrozenEngine,1271,08/07/2023, 03:11:57,540
FROV00001,FrozenEngine,1271,08/07/2023, 04:13:10,540
FROV00001,FrozenEngine,1271,08/07/2023, 05:10:55,540
FROV00001,FrozenEngine,1271,08/07/2023, 06:14:46,540
FROV00001,FrozenEngine,1271,08/07/2023, 07:11:12,540
FROV00001,FrozenEngine,1271,08/07/2023, 08:14:43,540
FROV00001,FrozenEngine,1271,08/07/2023, 09:12:12,540
FROV00001,FrozenEngine,1271,08/07/2023, 10:12:17,540
FROV00001,FrozenEngine,1271,08/07/2023, 11:09:55,540
FROV00001,FrozenEngine,1271,08/07/2023, 12:22:11,540
FROV00001,FrozenEngine,1271,08/07/2023, 13:14:42,540
FROV00001,FrozenEngine,1271,08/07/2023, 14:10:59,540
FROV00001,FrozenEngine,1271,08/07/2023, 15:12:15,540
FROV00001,FrozenEngine,1271,08/07/2023, 16:14:18,540
FROV00001,FrozenEngine,1271,08/07/2023, 17:10:10,540
FROV00001,FrozenEngine,1271,08/07/2023, 18:13:43,540
FROV00001,FrozenEngine,1271,08/07/2023, 19:09:31,540
FROV00001,FrozenEngine,1271,08/07/2023, 20:11:58,540
FROV00001,FrozenEngine,1271,08/07/2023, 21:10:06,540
FROV00001,FrozenEngine,1271,08/07/2023, 22:10:49,540
FROV00001,FrozenEngine,1271,08/07/2023, 23:10:42,540
FROV00001,FrozenEngine,1271,08/08/2023, 00:56:53,540
FROV00001,FrozenEngine,1271,08/08/2023, 01:59:57,540
FROV00001,FrozenEngine,1271,08/08/2023, 02:31:34,540
FROV00001,FrozenEngine,1271,08/08/2023, 03:11:52,540
FROV00001,FrozenEngine,1271,08/08/2023, 04:13:18,540
FROV00001,FrozenEngine,1271,08/08/2023, 05:10:52,540
FROV00001,FrozenEngine,1271,08/08/2023, 06:14:27,540
FROV00001,FrozenEngine,1271,08/08/2023, 07:10:41,540
FROV00001,FrozenEngine,1271,08/08/2023, 08:14:15,540
FROV00001,FrozenEngine,1271,08/08/2023, 09:11:01,540
FROV00001,FrozenEngine,1271,08/08/2023, 10:12:25,540
FROV00001,FrozenEngine,1271,08/08/2023, 11:09:51,540
FROV00001,FrozenEngine,1272,08/08/2023, 12:21:25,540
FROV00001,FrozenEngine,1272,08/08/2023, 13:14:15,540
FROV00001,FrozenEngine,1272,08/08/2023, 14:10:30,540
FROV00001,FrozenEngine,1272,08/08/2023, 15:12:11,540
FROV00001,FrozenEngine,1272,08/08/2023, 16:14:43,540
FROV00001,FrozenEngine,1272,08/08/2023, 17:11:10,540
FROV00001,FrozenEngine,1272,08/08/2023, 18:14:55,540
FROV00001,FrozenEngine,1272,08/08/2023, 19:09:50,540
FROV00001,FrozenEngine,1272,08/08/2023, 20:12:24,540
FROV00001,FrozenEngine,1272,08/08/2023, 21:10:29,540
FROV00001,FrozenEngine,1272,08/08/2023, 22:10:59,540
FROV00001,FrozenEngine,1272,08/08/2023, 23:11:11,540
FROV00001,FrozenEngine,1272,08/09/2023, 00:57:25,540
FROV00001,FrozenEngine,1272,08/09/2023, 02:00:45,540
FROV00001,FrozenEngine,1272,08/09/2023, 02:32:39,540
FROV00001,FrozenEngine,1272,08/09/2023, 03:11:48,540
FROV00001,FrozenEngine,1272,08/09/2023, 04:13:33,540
FROV00001,FrozenEngine,1272,08/09/2023, 05:10:47,540
FROV00001,FrozenEngine,1272,08/09/2023, 06:15:02,540
FROV00001,FrozenEngine,1272,08/09/2023, 07:11:25,540
FROV00001,FrozenEngine,1272,08/09/2023, 08:15:23,540
FROV00001,FrozenEngine,1273,08/09/2023, 09:12:28,540
FROV00001,FrozenEngine,1273,08/09/2023, 10:12:50,540
FROV00001,FrozenEngine,1273,08/09/2023, 11:10:01,540
FROV00001,FrozenEngine,1273,08/09/2023, 12:23:20,540
FROV00001,FrozenEngine,1273,08/09/2023, 13:16:11,540
FROV00001,FrozenEngine,1273,08/09/2023, 14:11:45,540
FROV00001,FrozenEngine,1273,08/09/2023, 15:13:10,540
FROV00001,FrozenEngine,1273,08/09/2023, 16:16:37,540
FROV00001,FrozenEngine,1273,08/09/2023, 17:11:00,540
FROV00001,FrozenEngine,1273,08/09/2023, 18:14:55,540
FROV00001,FrozenEngine,1273,08/09/2023, 19:09:53,540
FROV00001,FrozenEngine,1273,08/09/2023, 20:12:42,540
FROV00001,FrozenEngine,1273,08/09/2023, 21:10:38,540
FROV00001,FrozenEngine,1273,08/09/2023, 22:10:58,540
FROV00001,FrozenEngine,1273,08/09/2023, 23:11:00,540
FROV00001,FrozenEngine,1273,08/10/2023, 00:58:42,540
FROV00001,FrozenEngine,1273,08/10/2023, 02:06:40,540
FROV00001,FrozenEngine,1273,08/10/2023, 03:11:44,540
FROV00001,FrozenEngine,1273,08/10/2023, 04:13:47,540
FROV00001,FrozenEngine,1273,08/10/2023, 05:11:15,540
FROV00001,FrozenEngine,1273,08/10/2023, 06:15:05,540
FROV00001,FrozenEngine,1273,08/10/2023, 07:11:22,540
FROV00001,FrozenEngine,1273,08/10/2023, 08:15:00,540
FROV00001,FrozenEngine,1273,08/10/2023, 09:12:04,540
FROV00001,FrozenEngine,1273,08/10/2023, 10:12:42,540
FROV00001,FrozenEngine,1273,08/10/2023, 11:10:16,540
FROV00001,FrozenEngine,1273,08/10/2023, 12:22:58,540
FROV00001,FrozenEngine,1273,08/10/2023, 13:16:48,540
FROV00001,FrozenEngine,1273,08/10/2023, 14:11:27,540
FROV00001,FrozenEngine,1273,08/10/2023, 15:12:27,540
FROV00001,FrozenEngine,1273,08/10/2023, 16:14:53,540
FROV00001,FrozenEngine,1273,08/10/2023, 17:10:23,540
FROV00001,FrozenEngine,1273,08/10/2023, 18:14:01,540
FROV00001,FrozenEngine,1273,08/10/2023, 19:09:19,540
FROV00001,FrozenEngine,1273,08/10/2023, 20:11:39,540
FROV00001,FrozenEngine,1273,08/10/2023, 21:10:03,540
FROV00001,FrozenEngine,1273,08/10/2023, 22:10:05,540
FROV00001,FrozenEngine,1273,08/10/2023, 23:10:42,540
FROV00001,FrozenEngine,1273,08/11/2023, 00:45:58,540
FROV00001,FrozenEngine,1273,08/11/2023, 01:41:32,540
FROV00001,FrozenEngine,1273,08/11/2023, 02:15:00,540
FROV00001,FrozenEngine,1273,08/11/2023, 03:11:03,540
FROV00001,FrozenEngine,1273,08/11/2023, 04:13:25,540
FROV00001,FrozenEngine,1273,08/11/2023, 05:10:35,540
FROV00001,FrozenEngine,1273,08/11/2023, 06:14:01,540
FROV00001,FrozenEngine,1273,08/11/2023, 07:10:26,540
FROV00001,FrozenEngine,1273,08/11/2023, 08:13:28,540
FROV00001,FrozenEngine,1273,08/11/2023, 09:10:56,540
FROV00001,FrozenEngine,1273,08/11/2023, 10:11:40,540
FROV00001,FrozenEngine,1273,08/11/2023, 11:09:22,540
FROV00001,FrozenEngine,1273,08/11/2023, 12:19:24,540
FROV00001,FrozenEngine,1273,08/11/2023, 13:12:48,540
FROV00001,FrozenEngine,1273,08/11/2023, 14:09:50,540
FROV00001,FrozenEngine,1273,08/11/2023, 15:11:06,540
FROV00001,FrozenEngine,1273,08/11/2023, 16:12:47,540
FROV00001,FrozenEngine,1273,08/11/2023, 17:09:51,540
FROV00001,FrozenEngine,1273,08/11/2023, 18:13:11,540
FROV00001,FrozenEngine,1273,08/11/2023, 19:08:47,540
FROV00001,FrozenEngine,1273,08/11/2023, 20:11:27,540
FROV00001,FrozenEngine,1273,08/11/2023, 21:09:24,540
FROV00001,FrozenEngine,1273,08/11/2023, 22:10:29,540
FROV00001,FrozenEngine,1273,08/11/2023, 23:10:18,540
FROV00001,FrozenEngine,1273,08/12/2023, 00:44:51,540
FROV00001,FrozenEngine,1273,08/12/2023, 01:40:10,540
FROV00001,FrozenEngine,1273,08/12/2023, 02:13:37,540
FROV00001,FrozenEngine,1273,08/12/2023, 03:11:05,540
FROV00001,FrozenEngine,1273,08/12/2023, 04:12:29,540
FROV00001,FrozenEngine,1273,08/12/2023, 05:09:56,540
FROV00001,FrozenEngine,1273,08/12/2023, 06:12:51,540
FROV00001,FrozenEngine,1273,08/12/2023, 07:09:28,540
FROV00001,FrozenEngine,1273,08/12/2023, 08:12:37,540
FROV00001,FrozenEngine,1273,08/12/2023, 09:09:32,540
FROV00001,FrozenEngine,1273,08/12/2023, 10:10:19,540
FROV00001,FrozenEngine,1273,08/12/2023, 11:08:38,540
FROV00001,FrozenEngine,1273,08/12/2023, 12:18:04,540
FROV00001,FrozenEngine,1273,08/12/2023, 13:11:31,540
FROV00001,FrozenEngine,1273,08/12/2023, 14:09:02,540
FROV00001,FrozenEngine,1273,08/12/2023, 15:09:55,540
FROV00001,FrozenEngine,1273,08/12/2023, 16:12:30,540
FROV00001,FrozenEngine,1273,08/12/2023, 17:09:01,540
FROV00001,FrozenEngine,1273,08/12/2023, 18:12:05,540
FROV00001,FrozenEngine,1273,08/12/2023, 19:08:17,540
FROV00001,FrozenEngine,1273,08/12/2023, 20:10:15,540
FROV00001,FrozenEngine,1273,08/12/2023, 21:08:45,540
FROV00001,FrozenEngine,1273,08/12/2023, 22:09:25,540
FROV00001,FrozenEngine,1273,08/12/2023, 23:10:25,540
FROV00001,FrozenEngine,1273,08/13/2023, 00:49:14,540
FROV00001,FrozenEngine,1273,08/13/2023, 01:44:22,540
FROV00001,FrozenEngine,1273,08/13/2023, 02:15:40,540
FROV00001,FrozenEngine,1273,08/13/2023, 03:10:51,540
FROV00001,FrozenEngine,1273,08/13/2023, 04:12:21,540
FROV00001,FrozenEngine,1273,08/13/2023, 05:10:13,540
FROV00001,FrozenEngine,1273,08/13/2023, 06:12:43,540
FROV00001,FrozenEngine,1273,08/13/2023, 07:09:36,540
FROV00001,FrozenEngine,1273,08/13/2023, 08:12:26,540
FROV00001,FrozenEngine,1273,08/13/2023, 09:10:02,540
FROV00001,FrozenEngine,1273,08/13/2023, 10:10:28,540
FROV00001,FrozenEngine,1273,08/13/2023, 11:08:30,540
FROV00001,FrozenEngine,1273,08/13/2023, 12:17:51,540
FROV00001,FrozenEngine,1273,08/13/2023, 13:11:25,540
FROV00001,FrozenEngine,1273,08/13/2023, 14:09:11,540
FROV00001,FrozenEngine,1273,08/13/2023, 15:10:00,540
FROV00001,FrozenEngine,1273,08/13/2023, 16:12:51,540
FROV00001,FrozenEngine,1274,08/13/2023, 17:09:30,540
FROV00001,FrozenEngine,1274,08/13/2023, 18:12:15,540
FROV00001,FrozenEngine,1274,08/13/2023, 19:08:28,540
FROV00001,FrozenEngine,1274,08/13/2023, 20:10:30,540
FROV00001,FrozenEngine,1274,08/13/2023, 21:09:12,540
FROV00001,FrozenEngine,1274,08/13/2023, 22:09:27,540
FROV00001,FrozenEngine,1274,08/13/2023, 23:10:18,540
FROV00001,FrozenEngine,1274,08/14/2023, 00:47:29,540
FROV00001,FrozenEngine,1274,08/14/2023, 01:43:12,540
FROV00001,FrozenEngine,1274,08/14/2023, 02:16:15,540
FROV00001,FrozenEngine,1274,08/14/2023, 03:11:40,540
FROV00001,FrozenEngine,1274,08/14/2023, 04:13:02,540
FROV00001,FrozenEngine,1274,08/14/2023, 05:10:51,540
FROV00001,FrozenEngine,1274,08/14/2023, 06:14:43,540
FROV00001,FrozenEngine,1274,08/14/2023, 07:10:40,540
FROV00001,FrozenEngine,1274,08/14/2023, 08:14:07,540
FROV00001,FrozenEngine,1274,08/14/2023, 09:11:29,540
FROV00001,FrozenEngine,1274,08/14/2023, 10:11:43,540
FROV00001,FrozenEngine,1274,08/14/2023, 11:09:32,540
FROV00001,FrozenEngine,1274,08/14/2023, 12:20:16,540
FROV00001,FrozenEngine,1274,08/14/2023, 13:13:46,540
FROV00001,FrozenEngine,1274,08/14/2023, 14:10:20,540
FROV00001,FrozenEngine,1274,08/14/2023, 15:10:44,540
FROV00001,FrozenEngine,1274,08/14/2023, 16:12:42,540
FROV00001,FrozenEngine,1274,08/14/2023, 17:09:55,540
FROV00001,FrozenEngine,1274,08/14/2023, 18:13:24,540
FROV00001,FrozenEngine,1274,08/14/2023, 19:09:01,540
FROV00001,FrozenEngine,1274,08/14/2023, 20:11:57,540
FROV00001,FrozenEngine,1274,08/14/2023, 21:10:05,540
FROV00001,FrozenEngine,1274,08/14/2023, 22:10:27,540
FROV00001,FrozenEngine,1274,08/14/2023, 23:10:23,540
FROV00001,FrozenEngine,1274,08/15/2023, 00:46:35,540
FROV00001,FrozenEngine,1274,08/15/2023, 01:42:25,540
FROV00001,FrozenEngine,1274,08/15/2023, 02:15:30,540
FROV00001,FrozenEngine,1274,08/15/2023, 03:11:39,540
FROV00001,FrozenEngine,1274,08/15/2023, 04:13:04,540
FROV00001,FrozenEngine,1274,08/15/2023, 05:10:28,540
FROV00001,FrozenEngine,1274,08/15/2023, 06:14:03,540
FROV00001,FrozenEngine,1274,08/15/2023, 07:10:30,540
FROV00001,FrozenEngine,1274,08/15/2023, 08:14:08,540
FROV00001,FrozenEngine,1274,08/15/2023, 09:11:20,540
FROV00001,FrozenEngine,1274,08/15/2023, 10:11:20,540
FROV00001,FrozenEngine,1274,08/15/2023, 11:09:05,540
FROV00001,FrozenEngine,1274,08/15/2023, 12:19:40,540
FROV00001,FrozenEngine,1274,08/15/2023, 13:12:49,540
FROV00001,FrozenEngine,1274,08/15/2023, 14:09:56,540
FROV00001,FrozenEngine,1274,08/15/2023, 15:11:12,540
FROV00001,FrozenEngine,1274,08/15/2023, 16:14:04,540
FROV00001,FrozenEngine,1274,08/15/2023, 17:10:03,540
FROV00001,FrozenEngine,1274,08/15/2023, 18:13:10,540
FROV00001,FrozenEngine,1274,08/15/2023, 19:08:56,540
FROV00001,FrozenEngine,1274,08/15/2023, 20:11:43,540
FROV00001,FrozenEngine,1274,08/15/2023, 21:09:51,540
FROV00001,FrozenEngine,1274,08/15/2023, 22:10:14,540
FROV00001,FrozenEngine,1274,08/15/2023, 23:10:23,540
FROV00001,FrozenEngine,1274,08/16/2023, 00:46:10,540
FROV00001,FrozenEngine,1274,08/16/2023, 01:41:58,540
FROV00001,FrozenEngine,1274,08/16/2023, 02:15:40,540
FROV00001,FrozenEngine,1274,08/16/2023, 03:11:55,540
FROV00001,FrozenEngine,1274,08/16/2023, 04:13:11,540
FROV00001,FrozenEngine,1274,08/16/2023, 05:10:45,540
FROV00001,FrozenEngine,1274,08/16/2023, 06:14:17,540
FROV00001,FrozenEngine,1274,08/16/2023, 07:10:30,540
FROV00001,FrozenEngine,1274,08/16/2023, 08:14:10,540
FROV00001,FrozenEngine,1274,08/16/2023, 09:11:02,540
FROV00001,FrozenEngine,1274,08/16/2023, 10:11:35,540
FROV00001,FrozenEngine,1274,08/16/2023, 11:09:36,540
FROV00001,FrozenEngine,1274,08/16/2023, 12:19:43,540
FROV00001,FrozenEngine,1274,08/16/2023, 13:13:29,540
FROV00001,FrozenEngine,1274,08/16/2023, 14:10:08,540
FROV00001,FrozenEngine,1274,08/16/2023, 15:11:21,540
FROV00001,FrozenEngine,1274,08/16/2023, 16:14:04,540
FROV00001,FrozenEngine,1274,08/16/2023, 17:09:47,540
FROV00001,FrozenEngine,1274,08/16/2023, 18:13:10,540
FROV00001,FrozenEngine,1274,08/16/2023, 19:09:02,540
FROV00001,FrozenEngine,1274,08/16/2023, 20:11:35,540
FROV00001,FrozenEngine,1274,08/16/2023, 21:09:38,540
FROV00001,FrozenEngine,1274,08/16/2023, 22:10:41,540
FROV00001,FrozenEngine,1274,08/16/2023, 23:10:38,540
FROV00001,FrozenEngine,1274,08/17/2023, 00:45:20,540
FROV00001,FrozenEngine,1274,08/17/2023, 01:40:22,540
FROV00001,FrozenEngine,1274,08/17/2023, 02:14:27,540
FROV00001,FrozenEngine,1274,08/17/2023, 03:11:21,540
FROV00001,FrozenEngine,1274,08/17/2023, 04:12:56,540
FROV00001,FrozenEngine,1274,08/17/2023, 05:10:21,540
FROV00001,FrozenEngine,1274,08/17/2023, 06:14:10,540
FROV00001,FrozenEngine,1274,08/17/2023, 07:10:31,540
FROV00001,FrozenEngine,1274,08/17/2023, 08:14:05,540
FROV00001,FrozenEngine,1274,08/17/2023, 09:10:49,540
FROV00001,FrozenEngine,1274,08/17/2023, 10:11:19,540
FROV00001,FrozenEngine,1274,08/17/2023, 11:09:29,540
FROV00001,FrozenEngine,1274,08/17/2023, 12:19:23,540
FROV00001,FrozenEngine,1275,08/17/2023, 13:12:33,540
FROV00001,FrozenEngine,1275,08/17/2023, 14:10:12,540
FROV00001,FrozenEngine,1275,08/17/2023, 15:10:51,540
FROV00001,FrozenEngine,1275,08/17/2023, 16:14:03,540
FROV00001,FrozenEngine,1275,08/17/2023, 17:09:50,540
FROV00001,FrozenEngine,1275,08/17/2023, 18:13:40,540
FROV00001,FrozenEngine,1275,08/17/2023, 19:09:01,540
FROV00001,FrozenEngine,1275,08/17/2023, 20:11:45,540
FROV00001,FrozenEngine,1275,08/17/2023, 21:09:36,540
FROV00001,FrozenEngine,1275,08/17/2023, 22:10:20,540
FROV00001,FrozenEngine,1275,08/17/2023, 23:11:01,540
FROV00001,FrozenEngine,1275,08/18/2023, 00:45:59,540
FROV00001,FrozenEngine,1275,08/18/2023, 01:41:32,540
FROV00001,FrozenEngine,1275,08/18/2023, 02:15:27,540
FROV00001,FrozenEngine,1275,08/18/2023, 03:11:35,540
FROV00001,FrozenEngine,1275,08/18/2023, 04:13:17,540
FROV00001,FrozenEngine,1275,08/18/2023, 05:10:29,540
FROV00001,FrozenEngine,1275,08/18/2023, 06:13:55,540
FROV00001,FrozenEngine,1275,08/18/2023, 07:10:14,540
FROV00001,FrozenEngine,1275,08/18/2023, 08:13:53,540
FROV00001,FrozenEngine,1275,08/18/2023, 09:10:43,540
FROV00001,FrozenEngine,1275,08/18/2023, 10:11:37,540
FROV00001,FrozenEngine,1275,08/18/2023, 11:09:22,540
FROV00001,FrozenEngine,1275,08/18/2023, 12:19:33,540
FROV00001,FrozenEngine,1275,08/18/2023, 13:13:00,540
FROV00001,FrozenEngine,1275,08/18/2023, 14:09:59,540
FROV00001,FrozenEngine,1275,08/18/2023, 15:11:08,540
FROV00001,FrozenEngine,1275,08/18/2023, 16:14:04,540
FROV00001,FrozenEngine,1275,08/18/2023, 17:09:49,540
FROV00001,FrozenEngine,1275,08/18/2023, 18:13:17,540
FROV00001,FrozenEngine,1275,08/18/2023, 19:09:00,540
FROV00001,FrozenEngine,1275,08/18/2023, 20:11:12,540
FROV00001,FrozenEngine,1275,08/18/2023, 21:09:19,540
FROV00001,FrozenEngine,1275,08/18/2023, 22:10:11,540
FROV00001,FrozenEngine,1275,08/18/2023, 23:10:21,540
FROV00001,FrozenEngine,1275,08/19/2023, 00:44:22,540
FROV00001,FrozenEngine,1275,08/19/2023, 01:38:49,540
FROV00001,FrozenEngine,1275,08/19/2023, 02:12:47,540
FROV00001,FrozenEngine,1275,08/19/2023, 03:11:27,540
FROV00001,FrozenEngine,1275,08/19/2023, 04:12:16,540
FROV00001,FrozenEngine,1275,08/19/2023, 05:10:00,540
FROV00001,FrozenEngine,1275,08/19/2023, 06:12:31,540
FROV00001,FrozenEngine,1275,08/19/2023, 07:09:39,540
FROV00001,FrozenEngine,1275,08/19/2023, 08:12:41,540
FROV00001,FrozenEngine,1276,08/19/2023, 09:09:46,540
FROV00001,FrozenEngine,1276,08/19/2023, 10:10:32,540
FROV00001,FrozenEngine,1276,08/19/2023, 11:08:41,540
FROV00001,FrozenEngine,1276,08/19/2023, 12:17:30,540
FROV00001,FrozenEngine,1276,08/19/2023, 13:11:50,540
FROV00001,FrozenEngine,1276,08/19/2023, 14:09:01,540
FROV00001,FrozenEngine,1276,08/19/2023, 15:10:01,540
FROV00001,FrozenEngine,1276,08/19/2023, 16:12:30,540
FROV00001,FrozenEngine,1276,08/19/2023, 17:09:11,540
FROV00001,FrozenEngine,1276,08/19/2023, 18:12:14,540
FROV00001,FrozenEngine,1276,08/19/2023, 19:08:15,540
FROV00001,FrozenEngine,1276,08/19/2023, 20:10:29,540
FROV00001,FrozenEngine,1276,08/19/2023, 21:09:07,540
FROV00001,FrozenEngine,1276,08/19/2023, 22:09:17,540
FROV00001,FrozenEngine,1276,08/19/2023, 23:10:16,540
FROV00001,FrozenEngine,1276,08/20/2023, 01:43:43,540
FROV00001,FrozenEngine,1276,08/20/2023, 02:15:20,540
FROV00001,FrozenEngine,1276,08/20/2023, 03:11:01,540
FROV00001,FrozenEngine,1276,08/20/2023, 04:12:34,540
FROV00001,FrozenEngine,1276,08/20/2023, 05:09:55,540
FROV00001,FrozenEngine,1276,08/20/2023, 06:13:07,540
FROV00001,FrozenEngine,1276,08/20/2023, 07:09:24,540
FROV00001,FrozenEngine,1276,08/20/2023, 08:12:45,540
FROV00001,FrozenEngine,1276,08/20/2023, 10:10:19,540
FROV00001,FrozenEngine,1276,08/20/2023, 11:08:39,540
FROV00001,FrozenEngine,1276,08/20/2023, 12:17:34,540
FROV00001,FrozenEngine,1276,08/20/2023, 13:11:30,540
FROV00001,FrozenEngine,1276,08/20/2023, 14:09:06,540
FROV00001,FrozenEngine,1277,08/20/2023, 15:10:00,540
FROV00001,FrozenEngine,1277,08/20/2023, 16:12:40,540
FROV00001,FrozenEngine,1277,08/20/2023, 17:08:59,540
FROV00001,FrozenEngine,1277,08/20/2023, 18:12:12,540
FROV00001,FrozenEngine,1277,08/20/2023, 19:09:32,540
FROV00001,FrozenEngine,1277,08/20/2023, 20:10:41,540
FROV00001,FrozenEngine,1277,08/20/2023, 21:09:16,540
FROV00001,FrozenEngine,1277,08/20/2023, 22:09:40,540
FROV00001,FrozenEngine,1277,08/20/2023, 23:10:19,540
FROV00001,FrozenEngine,1277,08/21/2023, 00:46:45,540
FROV00001,FrozenEngine,1277,08/21/2023, 01:42:16,540
FROV00001,FrozenEngine,1277,08/21/2023, 02:15:27,540
FROV00001,FrozenEngine,1277,08/21/2023, 03:11:46,540
FROV00001,FrozenEngine,1277,08/21/2023, 04:13:16,540
FROV00001,FrozenEngine,1277,08/21/2023, 05:10:51,540
FROV00001,FrozenEngine,1277,08/21/2023, 06:14:37,540
FROV00001,FrozenEngine,1277,08/21/2023, 07:10:40,540
FROV00001,FrozenEngine,1277,08/21/2023, 08:14:17,540
FROV00001,FrozenEngine,1277,08/21/2023, 09:11:35,540
FROV00001,FrozenEngine,1277,08/21/2023, 10:11:47,540
FROV00001,FrozenEngine,1277,08/21/2023, 11:09:28,540
FROV00001,FrozenEngine,1277,08/21/2023, 12:20:18,540
FROV00001,FrozenEngine,1277,08/21/2023, 13:14:15,540
FROV00001,FrozenEngine,1277,08/21/2023, 14:10:50,540
FROV00001,FrozenEngine,1277,08/21/2023, 15:11:24,540
FROV00001,FrozenEngine,1277,08/21/2023, 16:14:04,540
FROV00001,FrozenEngine,1277,08/21/2023, 17:10:24,540
FROV00001,FrozenEngine,1277,08/21/2023, 18:12:32,540
FROV00001,FrozenEngine,1277,08/21/2023, 19:09:00,540
FROV00001,FrozenEngine,1277,08/21/2023, 20:11:33,540
FROV00001,FrozenEngine,1277,08/21/2023, 21:09:51,540
FROV00001,FrozenEngine,1277,08/21/2023, 22:10:20,540
FROV00001,FrozenEngine,1277,08/21/2023, 23:10:36,540
FROV00001,FrozenEngine,1277,08/22/2023, 00:47:32,540
FROV00001,FrozenEngine,1277,08/22/2023, 01:43:25,540
FROV00001,FrozenEngine,1277,08/22/2023, 02:16:07,540
FROV00001,FrozenEngine,1277,08/22/2023, 03:11:42,540
FROV00001,FrozenEngine,1277,08/22/2023, 04:12:59,540
FROV00001,FrozenEngine,1277,08/22/2023, 05:10:37,540
FROV00001,FrozenEngine,1277,08/22/2023, 06:14:02,540
FROV00001,FrozenEngine,1277,08/22/2023, 07:10:39,540
FROV00001,FrozenEngine,1277,08/22/2023, 08:14:18,540
FROV00001,FrozenEngine,1277,08/22/2023, 09:11:29,540
FROV00001,FrozenEngine,1277,08/22/2023, 10:11:54,540
FROV00001,FrozenEngine,1277,08/22/2023, 11:09:37,540
FROV00001,FrozenEngine,1277,08/22/2023, 12:20:09,540
FROV00001,FrozenEngine,1277,08/22/2023, 13:13:31,540
FROV00001,FrozenEngine,1277,08/22/2023, 14:10:22,540
FROV00001,FrozenEngine,1277,08/22/2023, 15:11:37,540
FROV00001,FrozenEngine,1277,08/22/2023, 16:13:55,540
FROV00001,FrozenEngine,1277,08/22/2023, 17:10:14,540
FROV00001,FrozenEngine,1277,08/22/2023, 18:13:44,540
FROV00001,FrozenEngine,1278,08/22/2023, 19:09:10,540
FROV00001,FrozenEngine,1278,08/22/2023, 20:11:38,540
FROV00001,FrozenEngine,1278,08/22/2023, 21:09:41,540
FROV00001,FrozenEngine,1278,08/22/2023, 22:10:21,540
FROV00001,FrozenEngine,1278,08/22/2023, 23:10:31,540
FROV00001,FrozenEngine,1278,08/23/2023, 00:46:45,540
FROV00001,FrozenEngine,1278,08/23/2023, 01:42:11,540
FROV00001,FrozenEngine,1278,08/23/2023, 02:15:18,540
FROV00001,FrozenEngine,1278,08/23/2023, 03:11:44,540
FROV00001,FrozenEngine,1278,08/23/2023, 04:12:39,540
FROV00001,FrozenEngine,1278,08/23/2023, 05:10:17,540
FROV00001,FrozenEngine,1278,08/23/2023, 06:14:31,540
FROV00001,FrozenEngine,1278,08/23/2023, 07:10:29,540
FROV00001,FrozenEngine,1278,08/23/2023, 08:14:02,540
FROV00001,FrozenEngine,1278,08/23/2023, 09:11:20,540
FROV00001,FrozenEngine,1278,08/23/2023, 10:11:46,540
FROV00001,FrozenEngine,1278,08/23/2023, 11:09:34,540
FROV00001,FrozenEngine,1278,08/23/2023, 12:20:18,540
FROV00001,FrozenEngine,1278,08/23/2023, 13:13:30,540
FROV00001,FrozenEngine,1278,08/23/2023, 14:10:19,540
FROV00001,FrozenEngine,1278,08/23/2023, 15:11:36,540
FROV00001,FrozenEngine,1278,08/23/2023, 16:14:01,540
FROV00001,FrozenEngine,1278,08/23/2023, 17:09:27,540
FROV00001,FrozenEngine,1278,08/23/2023, 18:11:50,540
FROV00001,FrozenEngine,1278,08/23/2023, 19:09:06,540
FROV00001,FrozenEngine,1278,08/23/2023, 20:11:16,540
FROV00001,FrozenEngine,1278,08/23/2023, 21:09:51,540
FROV00001,FrozenEngine,1278,08/23/2023, 22:10:10,540
FROV00001,FrozenEngine,1278,08/23/2023, 23:10:42,540
FROV00001,FrozenEngine,1278,08/24/2023, 00:46:41,540
FROV00001,FrozenEngine,1278,08/24/2023, 01:42:08,540
FROV00001,FrozenEngine,1278,08/24/2023, 02:16:00,540
FROV00001,FrozenEngine,1278,08/24/2023, 03:11:45,540
FROV00001,FrozenEngine,1278,08/24/2023, 04:12:43,540
FROV00001,FrozenEngine,1278,08/24/2023, 05:10:32,540
FROV00001,FrozenEngine,1278,08/24/2023, 06:14:26,540
FROV00001,FrozenEngine,1278,08/24/2023, 07:10:29,540
FROV00001,FrozenEngine,1278,08/24/2023, 08:14:07,540
FROV00001,FrozenEngine,1278,08/24/2023, 09:11:06,540
FROV00001,FrozenEngine,1278,08/24/2023, 10:11:43,540
FROV00001,FrozenEngine,1278,08/24/2023, 11:09:40,540
FROV00001,FrozenEngine,1278,08/24/2023, 12:20:05,540
FROV00001,FrozenEngine,1278,08/24/2023, 13:13:55,540
FROV00001,FrozenEngine,1278,08/24/2023, 14:10:18,540
FROV00001,FrozenEngine,1278,08/24/2023, 15:11:35,540
FROV00001,FrozenEngine,1278,08/24/2023, 16:14:16,540
FROV00001,FrozenEngine,1278,08/24/2023, 17:10:15,540
FROV00001,FrozenEngine,1278,08/24/2023, 18:13:36,540
FROV00001,FrozenEngine,1278,08/24/2023, 19:09:05,540
FROV00001,FrozenEngine,1278,08/24/2023, 20:11:44,540
FROV00001,FrozenEngine,1278,08/24/2023, 21:09:47,540
FROV00001,FrozenEngine,1278,08/24/2023, 22:10:26,540
FROV00001,FrozenEngine,1278,08/24/2023, 23:10:50,540
FROV00001,FrozenEngine,1278,08/25/2023, 00:47:45,540
FROV00001,FrozenEngine,1278,08/25/2023, 01:44:16,540
FROV00001,FrozenEngine,1278,08/25/2023, 02:17:31,540
FROV00001,FrozenEngine,1278,08/25/2023, 03:11:51,540
FROV00001,FrozenEngine,1278,08/25/2023, 04:13:02,540
FROV00001,FrozenEngine,1278,08/25/2023, 05:10:23,540
FROV00001,FrozenEngine,1278,08/25/2023, 06:14:29,540
FROV00001,FrozenEngine,1278,08/25/2023, 07:10:32,540
FROV00001,FrozenEngine,1278,08/25/2023, 08:14:09,540
FROV00001,FrozenEngine,1278,08/25/2023, 09:10:47,540
FROV00001,FrozenEngine,1278,08/25/2023, 10:11:38,540
FROV00001,FrozenEngine,1278,08/25/2023, 11:09:28,540
FROV00001,FrozenEngine,1278,08/25/2023, 12:19:52,540
FROV00001,FrozenEngine,1278,08/25/2023, 13:13:27,540
FROV00001,FrozenEngine,1278,08/25/2023, 14:10:14,540
FROV00001,FrozenEngine,1278,08/25/2023, 15:11:21,540
FROV00001,FrozenEngine,1278,08/25/2023, 16:13:57,540
FROV00001,FrozenEngine,1278,08/25/2023, 17:09:58,540
FROV00001,FrozenEngine,1278,08/25/2023, 18:13:33,540
FROV00001,FrozenEngine,1278,08/25/2023, 19:08:53,540
FROV00001,FrozenEngine,1278,08/25/2023, 20:11:29,540
FROV00001,FrozenEngine,1278,08/25/2023, 21:09:31,540
FROV00001,FrozenEngine,1278,08/25/2023, 22:10:36,540
FROV00001,FrozenEngine,1278,08/25/2023, 23:11:29,540
FROV00001,FrozenEngine,1278,08/26/2023, 00:45:09,540
FROV00001,FrozenEngine,1278,08/26/2023, 01:40:38,540
FROV00001,FrozenEngine,1278,08/26/2023, 02:14:12,540
FROV00001,FrozenEngine,1278,08/26/2023, 03:10:52,540
FROV00001,FrozenEngine,1278,08/26/2023, 04:12:21,540
FROV00001,FrozenEngine,1278,08/26/2023, 05:10:11,540
FROV00001,FrozenEngine,1278,08/26/2023, 06:13:34,540
FROV00001,FrozenEngine,1278,08/26/2023, 07:09:27,540
FROV00001,FrozenEngine,1278,08/26/2023, 08:12:27,540
FROV00001,FrozenEngine,1278,08/26/2023, 09:09:57,540
FROV00001,FrozenEngine,1278,08/26/2023, 10:11:08,540
FROV00001,FrozenEngine,1278,08/26/2023, 11:08:32,540
FROV00001,FrozenEngine,1278,08/26/2023, 12:17:48,540
FROV00001,FrozenEngine,1278,08/26/2023, 13:11:36,540
FROV00001,FrozenEngine,1278,08/26/2023, 14:09:20,540
FROV00001,FrozenEngine,1279,08/26/2023, 15:10:12,540
FROV00001,FrozenEngine,1279,08/26/2023, 16:12:39,540
FROV00001,FrozenEngine,1279,08/26/2023, 17:09:17,540
FROV00001,FrozenEngine,1279,08/26/2023, 18:12:45,540
FROV00001,FrozenEngine,1279,08/26/2023, 19:08:37,540
FROV00001,FrozenEngine,1279,08/26/2023, 20:10:31,540
FROV00001,FrozenEngine,1279,08/26/2023, 21:09:20,540
FROV00001,FrozenEngine,1279,08/26/2023, 22:09:34,540
FROV00001,FrozenEngine,1279,08/26/2023, 23:10:33,540
FROV00001,FrozenEngine,1280,08/27/2023, 00:50:40,540
FROV00001,FrozenEngine,1280,08/27/2023, 01:47:16,540
FROV00001,FrozenEngine,1280,08/27/2023, 02:17:31,540
FROV00001,FrozenEngine,1280,08/27/2023, 03:11:16,540
FROV00001,FrozenEngine,1280,08/27/2023, 04:12:32,540
FROV00001,FrozenEngine,1280,08/27/2023, 05:10:05,540
FROV00001,FrozenEngine,1280,08/27/2023, 06:13:37,540
FROV00001,FrozenEngine,1280,08/27/2023, 07:09:39,540
FROV00001,FrozenEngine,1280,08/27/2023, 08:12:56,540
FROV00001,FrozenEngine,1280,08/27/2023, 09:10:23,540
FROV00001,FrozenEngine,1280,08/27/2023, 10:10:36,540
FROV00001,FrozenEngine,1280,08/27/2023, 11:08:37,540
FROV00001,FrozenEngine,1280,08/27/2023, 12:18:24,540
FROV00001,FrozenEngine,1280,08/27/2023, 13:11:24,540
FROV00001,FrozenEngine,1280,08/27/2023, 14:09:21,540
FROV00001,FrozenEngine,1280,08/27/2023, 15:09:57,540
FROV00001,FrozenEngine,1280,08/27/2023, 16:12:37,540
FROV00001,FrozenEngine,1280,08/27/2023, 17:09:15,540
FROV00001,FrozenEngine,1280,08/27/2023, 18:12:30,540
FROV00001,FrozenEngine,1280,08/27/2023, 19:08:30,540
FROV00001,FrozenEngine,1280,08/27/2023, 20:10:45,540
FROV00001,FrozenEngine,1280,08/27/2023, 21:09:01,540
FROV00001,FrozenEngine,1280,08/27/2023, 22:09:48,540
FROV00001,FrozenEngine,1280,08/27/2023, 23:10:26,540
FROV00001,FrozenEngine,1280,08/28/2023, 00:48:31,540
FROV00001,FrozenEngine,1280,08/28/2023, 01:44:29,540
FROV00001,FrozenEngine,1280,08/28/2023, 02:17:28,540
FROV00001,FrozenEngine,1280,08/28/2023, 03:12:01,540
FROV00001,FrozenEngine,1280,08/28/2023, 04:13:25,540
FROV00001,FrozenEngine,1280,08/28/2023, 05:11:09,540
FROV00001,FrozenEngine,1280,08/28/2023, 06:14:46,540
FROV00001,FrozenEngine,1280,08/28/2023, 07:11:07,540
FROV00001,FrozenEngine,1280,08/28/2023, 08:15:07,540
FROV00001,FrozenEngine,1280,08/28/2023, 09:11:49,540
FROV00001,FrozenEngine,1280,08/28/2023, 10:12:31,540
FROV00001,FrozenEngine,1280,08/28/2023, 11:09:35,540
FROV00001,FrozenEngine,1280,08/28/2023, 12:20:53,540
FROV00001,FrozenEngine,1280,08/28/2023, 13:14:08,540
FROV00001,FrozenEngine,1280,08/28/2023, 14:09:57,540
FROV00001,FrozenEngine,1280,08/28/2023, 15:11:52,540
FROV00001,FrozenEngine,1280,08/28/2023, 16:14:17,540
FROV00001,FrozenEngine,1280,08/28/2023, 17:10:15,540
FROV00001,FrozenEngine,1280,08/28/2023, 18:13:55,540
FROV00001,FrozenEngine,1280,08/28/2023, 19:09:12,540
FROV00001,FrozenEngine,1280,08/28/2023, 20:11:42,540
FROV00001,FrozenEngine,1280,08/28/2023, 21:09:46,540
FROV00001,FrozenEngine,1280,08/28/2023, 22:10:27,540
FROV00001,FrozenEngine,1280,08/28/2023, 23:10:42,540
FROV00001,FrozenEngine,1280,08/29/2023, 00:48:00,540
FROV00001,FrozenEngine,1280,08/29/2023, 01:44:25,540
FROV00001,FrozenEngine,1280,08/29/2023, 02:46:51,540
FROV00001,FrozenEngine,1280,08/29/2023, 03:12:36,540
FROV00001,FrozenEngine,1280,08/29/2023, 04:12:59,540
FROV00001,FrozenEngine,1280,08/29/2023, 05:11:11,540
FROV00001,FrozenEngine,1280,08/29/2023, 06:14:40,540
FROV00001,FrozenEngine,1280,08/29/2023, 07:10:34,540
FROV00001,FrozenEngine,1280,08/29/2023, 08:14:39,540
FROV00001,FrozenEngine,1280,08/29/2023, 09:11:43,540
FROV00001,FrozenEngine,1280,08/29/2023, 10:11:50,540
FROV00001,FrozenEngine,1280,08/29/2023, 11:09:41,540
FROV00001,FrozenEngine,1280,08/29/2023, 12:20:46,540
FROV00001,FrozenEngine,1280,08/29/2023, 13:14:31,540
FROV00001,FrozenEngine,1280,08/29/2023, 14:10:47,540
FROV00001,FrozenEngine,1280,08/29/2023, 15:11:41,540
FROV00001,FrozenEngine,1280,08/29/2023, 16:14:16,540
FROV00001,FrozenEngine,1280,08/29/2023, 17:10:26,540
FROV00001,FrozenEngine,1280,08/29/2023, 18:14:04,540
FROV00001,FrozenEngine,1280,08/29/2023, 19:09:13,540
FROV00001,FrozenEngine,1280,08/29/2023, 20:12:07,540
FROV00001,FrozenEngine,1280,08/29/2023, 21:10:01,540
FROV00001,FrozenEngine,1281,08/29/2023, 22:10:20,540
FROV00001,FrozenEngine,1281,08/29/2023, 23:09:41,540
FROV00001,FrozenEngine,1281,08/30/2023, 00:47:48,540
FROV00001,FrozenEngine,1281,08/30/2023, 01:44:05,540
FROV00001,FrozenEngine,1281,08/30/2023, 02:16:44,540
FROV00001,FrozenEngine,1281,08/30/2023, 03:11:49,540
FROV00001,FrozenEngine,1281,08/30/2023, 04:13:09,540
FROV00001,FrozenEngine,1281,08/30/2023, 05:10:57,540
FROV00001,FrozenEngine,1281,08/30/2023, 06:14:31,540
FROV00001,FrozenEngine,1281,08/30/2023, 07:10:45,540
FROV00001,FrozenEngine,1281,08/30/2023, 08:14:22,540
FROV00001,FrozenEngine,1281,08/30/2023, 09:11:26,540
FROV00001,FrozenEngine,1281,08/30/2023, 10:11:57,540
FROV00001,FrozenEngine,1281,08/30/2023, 11:09:46,540
FROV00001,FrozenEngine,1281,08/30/2023, 12:20:32,540
FROV00001,FrozenEngine,1281,08/30/2023, 13:14:02,540
FROV00001,FrozenEngine,1281,08/30/2023, 14:10:21,540
FROV00001,FrozenEngine,1281,08/30/2023, 15:11:54,540
FROV00001,FrozenEngine,1281,08/30/2023, 16:14:11,540
FROV00001,FrozenEngine,1281,08/30/2023, 17:10:16,540
FROV00001,FrozenEngine,1281,08/30/2023, 18:14:06,540
FROV00001,FrozenEngine,1281,08/30/2023, 19:09:10,540
FROV00001,FrozenEngine,1281,08/30/2023, 20:12:06,540
FROV00001,FrozenEngine,1281,08/30/2023, 21:11:22,540
FROV00001,FrozenEngine,1281,08/30/2023, 22:10:28,540
FROV00001,FrozenEngine,1281,08/30/2023, 23:10:44,540
FROV00001,FrozenEngine,1281,08/31/2023, 00:48:17,540
FROV00001,FrozenEngine,1281,08/31/2023, 01:44:18,540
FROV00001,FrozenEngine,1281,08/31/2023, 02:17:26,540
FROV00001,FrozenEngine,1281,08/31/2023, 03:11:46,540
FROV00001,FrozenEngine,1281,08/31/2023, 04:13:31,540
FROV00001,FrozenEngine,1281,08/31/2023, 05:10:43,540
FROV00001,FrozenEngine,1281,08/31/2023, 06:14:34,540
FROV00001,FrozenEngine,1281,08/31/2023, 07:10:39,540
FROV00001,FrozenEngine,1281,08/31/2023, 08:14:32,540
FROV00001,FrozenEngine,1281,08/31/2023, 09:11:42,540
FROV00001,FrozenEngine,1281,08/31/2023, 10:11:49,540
FROV00001,FrozenEngine,1281,08/31/2023, 11:09:27,540
FROV00001,FrozenEngine,1281,08/31/2023, 12:20:32,540
FROV00001,FrozenEngine,1281,08/31/2023, 13:14:05,540
FROV00001,FrozenEngine,1281,08/31/2023, 14:10:58,540
FROV00001,FrozenEngine,1281,08/31/2023, 15:11:55,540
FROV00001,FrozenEngine,1281,08/31/2023, 16:14:21,540
FROV00001,FrozenEngine,1281,08/31/2023, 17:10:15,540
FROV00001,FrozenEngine,1281,08/31/2023, 18:13:53,540
FROV00001,FrozenEngine,1281,08/31/2023, 19:08:25,540
FROV00001,FrozenEngine,1281,08/31/2023, 20:11:55,540
FROV00001,FrozenEngine,1281,08/31/2023, 21:10:16,540
FROV00001,FrozenEngine,1281,08/31/2023, 22:10:22,540
FROV00001,FrozenEngine,1281,08/31/2023, 23:11:24,540
FROV00001,FrozenEngine,1281,09/01/2023, 00:51:48,540
FROV00001,FrozenEngine,1281,09/01/2023, 01:52:10,540
FROV00001,FrozenEngine,1281,09/01/2023, 02:21:43,540
FROV00001,FrozenEngine,1281,09/01/2023, 03:11:53,540
FROV00001,FrozenEngine,1281,09/01/2023, 04:13:32,540
FROV00001,FrozenEngine,1281,09/01/2023, 05:11:03,540
FROV00001,FrozenEngine,1281,09/01/2023, 06:14:44,540
FROV00001,FrozenEngine,1281,09/01/2023, 07:10:40,540
FROV00001,FrozenEngine,1281,09/01/2023, 08:14:13,540
FROV00001,FrozenEngine,1281,09/01/2023, 09:11:35,540
FROV00001,FrozenEngine,1281,09/01/2023, 10:12:09,540
FROV00001,FrozenEngine,1281,09/01/2023, 11:09:44,540
FROV00001,FrozenEngine,1281,09/01/2023, 12:20:15,540
FROV00001,FrozenEngine,1281,09/01/2023, 13:13:36,540
FROV00001,FrozenEngine,1281,09/01/2023, 14:10:58,540
FROV00001,FrozenEngine,1281,09/01/2023, 15:11:31,540
FROV00001,FrozenEngine,1281,09/01/2023, 16:14:06,540
FROV00001,FrozenEngine,1281,09/01/2023, 17:10:30,540
FROV00001,FrozenEngine,1281,09/01/2023, 18:12:19,540
FROV00001,FrozenEngine,1281,09/01/2023, 19:08:58,540
FROV00001,FrozenEngine,1281,09/01/2023, 20:11:32,540
FROV00001,FrozenEngine,1281,09/01/2023, 21:09:50,540
FROV00001,FrozenEngine,1281,09/01/2023, 22:10:19,540
FROV00001,FrozenEngine,1281,09/01/2023, 23:10:48,540
FROV00001,FrozenEngine,1281,09/02/2023, 00:45:51,540
FROV00001,FrozenEngine,1281,09/02/2023, 01:40:54,540
FROV00001,FrozenEngine,1281,09/02/2023, 02:14:19,540
FROV00001,FrozenEngine,1281,09/02/2023, 03:11:11,540
FROV00001,FrozenEngine,1281,09/02/2023, 04:12:31,540
FROV00001,FrozenEngine,1281,09/02/2023, 05:10:13,540
FROV00001,FrozenEngine,1281,09/02/2023, 06:13:17,540
FROV00001,FrozenEngine,1281,09/02/2023, 07:09:37,540
FROV00001,FrozenEngine,1282,09/02/2023, 08:12:42,540
FROV00001,FrozenEngine,1282,09/02/2023, 09:10:05,540
FROV00001,FrozenEngine,1282,09/02/2023, 10:10:24,540
FROV00001,FrozenEngine,1282,09/02/2023, 11:08:46,540
FROV00001,FrozenEngine,1282,09/02/2023, 12:18:28,540
FROV00001,FrozenEngine,1282,09/02/2023, 13:11:25,540
FROV00001,FrozenEngine,1282,09/02/2023, 14:09:23,540
FROV00001,FrozenEngine,1282,09/02/2023, 15:10:02,540
FROV00001,FrozenEngine,1282,09/02/2023, 16:12:40,540
FROV00001,FrozenEngine,1282,09/02/2023, 17:09:14,540
FROV00001,FrozenEngine,1282,09/02/2023, 18:12:33,540
FROV00001,FrozenEngine,1282,09/02/2023, 19:08:26,540
FROV00001,FrozenEngine,1282,09/02/2023, 20:10:42,540
FROV00001,FrozenEngine,1282,09/02/2023, 21:09:17,540
FROV00001,FrozenEngine,1282,09/02/2023, 22:09:35,540
FROV00001,FrozenEngine,1282,09/02/2023, 23:10:18,540
FROV00001,FrozenEngine,1282,09/03/2023, 00:51:01,540
FROV00001,FrozenEngine,1282,09/03/2023, 01:48:09,540
FROV00001,FrozenEngine,1282,09/03/2023, 02:18:01,540
FROV00001,FrozenEngine,1282,09/03/2023, 03:11:25,540
FROV00001,FrozenEngine,1282,09/03/2023, 04:12:28,540
FROV00001,FrozenEngine,1282,09/03/2023, 05:10:41,540
FROV00001,FrozenEngine,1282,09/03/2023, 06:13:33,540
FROV00001,FrozenEngine,1282,09/03/2023, 07:09:54,540
FROV00001,FrozenEngine,1282,09/03/2023, 08:12:42,540
FROV00001,FrozenEngine,1282,09/03/2023, 09:10:09,540
FROV00001,FrozenEngine,1282,09/03/2023, 10:10:52,540
FROV00001,FrozenEngine,1282,09/03/2023, 11:08:33,540
FROV00001,FrozenEngine,1282,09/03/2023, 12:18:27,540
FROV00001,FrozenEngine,1282,09/03/2023, 13:11:47,540
FROV00001,FrozenEngine,1282,09/03/2023, 14:09:22,540
FROV00001,FrozenEngine,1282,09/03/2023, 15:10:44,540
FROV00001,FrozenEngine,1282,09/03/2023, 16:12:45,540
FROV00001,FrozenEngine,1282,09/03/2023, 17:10:13,540
FROV00001,FrozenEngine,1282,09/03/2023, 18:12:38,540
FROV00001,FrozenEngine,1282,09/03/2023, 19:08:25,540
FROV00001,FrozenEngine,1282,09/03/2023, 20:10:58,540
FROV00001,FrozenEngine,1282,09/03/2023, 21:09:12,540
FROV00001,FrozenEngine,1282,09/03/2023, 22:10:08,540
FROV00001,FrozenEngine,1282,09/03/2023, 23:10:51,540
FROV00001,FrozenEngine,1282,09/04/2023, 00:48:57,540
FROV00001,FrozenEngine,1282,09/04/2023, 01:45:18,540
FROV00001,FrozenEngine,1282,09/04/2023, 02:18:03,540
FROV00001,FrozenEngine,1282,09/04/2023, 03:11:49,540
FROV00001,FrozenEngine,1282,09/04/2023, 04:13:19,540
FROV00001,FrozenEngine,1282,09/04/2023, 05:11:07,540
FROV00001,FrozenEngine,1282,09/04/2023, 06:15:05,540
FROV00001,FrozenEngine,1282,09/04/2023, 07:11:49,540
FROV00001,FrozenEngine,1282,09/04/2023, 08:14:47,540
FROV00001,FrozenEngine,1282,09/04/2023, 09:12:07,540
FROV00001,FrozenEngine,1282,09/04/2023, 10:12:23,540
FROV00001,FrozenEngine,1282,09/04/2023, 11:09:36,540
FROV00001,FrozenEngine,1282,09/04/2023, 12:20:40,540
FROV00001,FrozenEngine,1282,09/04/2023, 13:14:02,540
FROV00001,FrozenEngine,1282,09/04/2023, 14:10:49,540
FROV00001,FrozenEngine,1282,09/04/2023, 15:11:33,540
FROV00001,FrozenEngine,1282,09/04/2023, 16:13:38,540
FROV00001,FrozenEngine,1282,09/04/2023, 17:10:06,540
FROV00001,FrozenEngine,1282,09/04/2023, 18:13:28,540
FROV00001,FrozenEngine,1282,09/04/2023, 19:08:46,540
FROV00001,FrozenEngine,1282,09/04/2023, 20:11:27,540
FROV00001,FrozenEngine,1283,09/04/2023, 21:09:36,540
FROV00001,FrozenEngine,1283,09/04/2023, 22:10:34,540
FROV00001,FrozenEngine,1283,09/04/2023, 23:11:44,540
FROV00001,FrozenEngine,1283,09/05/2023, 00:47:21,540
FROV00001,FrozenEngine,1283,09/05/2023, 01:42:49,540
FROV00001,FrozenEngine,1283,09/05/2023, 02:16:19,540
FROV00001,FrozenEngine,1283,09/05/2023, 03:12:11,540
FROV00001,FrozenEngine,1283,09/05/2023, 05:11:00,540
FROV00001,FrozenEngine,1283,09/05/2023, 06:14:18,540
FROV00001,FrozenEngine,1283,09/05/2023, 07:10:31,540
FROV00001,FrozenEngine,1283,09/05/2023, 08:14:34,540
FROV00001,FrozenEngine,1283,09/05/2023, 09:11:42,540
FROV00001,FrozenEngine,1283,09/05/2023, 10:11:56,540
FROV00001,FrozenEngine,1283,09/05/2023, 11:09:55,540
FROV00001,FrozenEngine,1283,09/05/2023, 12:20:37,540
FROV00001,FrozenEngine,1283,09/05/2023, 13:14:21,540
FROV00001,FrozenEngine,1283,09/05/2023, 14:10:52,540
FROV00001,FrozenEngine,1283,09/05/2023, 15:11:47,540
FROV00001,FrozenEngine,1283,09/05/2023, 16:14:26,540
FROV00001,FrozenEngine,1283,09/05/2023, 17:10:18,540
FROV00001,FrozenEngine,1283,09/05/2023, 18:13:57,540
FROV00001,FrozenEngine,1283,09/05/2023, 19:09:15,540
FROV00001,FrozenEngine,1283,09/05/2023, 20:11:50,540
FROV00001,FrozenEngine,1283,09/05/2023, 21:10:02,540
FROV00001,FrozenEngine,1283,09/05/2023, 22:10:30,540
FROV00001,FrozenEngine,1283,09/05/2023, 23:11:01,540
FROV00001,FrozenEngine,1283,09/06/2023, 00:48:09,540
FROV00001,FrozenEngine,1283,09/06/2023, 01:44:11,540
FROV00001,FrozenEngine,1283,09/06/2023, 02:17:10,540
FROV00001,FrozenEngine,1283,09/06/2023, 03:11:51,540
FROV00001,FrozenEngine,1283,09/06/2023, 04:13:43,540
FROV00001,FrozenEngine,1283,09/06/2023, 05:10:55,540
FROV00001,FrozenEngine,1283,09/06/2023, 06:14:42,540
FROV00001,FrozenEngine,1283,09/06/2023, 07:10:41,540
FROV00001,FrozenEngine,1283,09/06/2023, 08:14:23,540
FROV00001,FrozenEngine,1283,09/06/2023, 09:11:31,540
FROV00001,FrozenEngine,1283,09/06/2023, 10:11:46,540
FROV00001,FrozenEngine,1283,09/06/2023, 11:09:45,540
FROV00001,FrozenEngine,1283,09/06/2023, 12:20:46,540
FROV00001,FrozenEngine,1283,09/06/2023, 13:14:38,540
FROV00001,FrozenEngine,1283,09/06/2023, 14:10:53,540
FROV00001,FrozenEngine,1283,09/06/2023, 15:12:38,540
FROV00001,FrozenEngine,1283,09/06/2023, 16:14:33,540
FROV00001,FrozenEngine,1283,09/06/2023, 17:10:17,540
FROV00001,FrozenEngine,1283,09/06/2023, 18:14:05,540
FROV00001,FrozenEngine,1283,09/06/2023, 19:09:20,540
FROV00001,FrozenEngine,1283,09/06/2023, 20:11:43,540
FROV00001,FrozenEngine,1283,09/06/2023, 21:09:53,540
FROV00001,FrozenEngine,1283,09/06/2023, 22:10:15,540
FROV00001,FrozenEngine,1283,09/06/2023, 23:10:41,540
FROV00001,FrozenEngine,1283,09/07/2023, 00:47:23,540
FROV00001,FrozenEngine,1283,09/07/2023, 01:44:13,540
FROV00001,FrozenEngine,1283,09/07/2023, 02:17:09,540
FROV00001,FrozenEngine,1283,09/07/2023, 03:11:39,540
FROV00001,FrozenEngine,1283,09/07/2023, 04:13:33,540
FROV00001,FrozenEngine,1283,09/07/2023, 05:10:56,540
FROV00001,FrozenEngine,1283,09/07/2023, 06:14:19,540
FROV00001,FrozenEngine,1283,09/07/2023, 07:10:28,540
FROV00001,FrozenEngine,1283,09/07/2023, 08:14:25,540
FROV00001,FrozenEngine,1283,09/07/2023, 09:11:42,540
FROV00001,FrozenEngine,1283,09/07/2023, 10:11:58,540
FROV00001,FrozenEngine,1283,09/07/2023, 11:09:44,540
FROV00001,FrozenEngine,1283,09/07/2023, 12:20:36,540
FROV00001,FrozenEngine,1283,09/07/2023, 13:13:57,540
FROV00001,FrozenEngine,1283,09/07/2023, 14:10:42,540
FROV00001,FrozenEngine,1283,09/07/2023, 15:11:44,540
FROV00001,FrozenEngine,1283,09/07/2023, 16:14:36,540
FROV00001,FrozenEngine,1283,09/07/2023, 17:10:14,540
FROV00001,FrozenEngine,1283,09/07/2023, 18:13:59,540
FROV00001,FrozenEngine,1284,09/07/2023, 19:09:18,540
FROV00001,FrozenEngine,1284,09/07/2023, 20:11:39,540
FROV00001,FrozenEngine,1284,09/07/2023, 21:10:11,540
FROV00001,FrozenEngine,1284,09/07/2023, 22:10:37,540
FROV00001,FrozenEngine,1284,09/07/2023, 23:11:27,540
FROV00001,FrozenEngine,1284,09/08/2023, 00:47:42,540
FROV00001,FrozenEngine,1284,09/08/2023, 01:44:37,540
FROV00001,FrozenEngine,1284,09/08/2023, 02:17:33,540
FROV00001,FrozenEngine,1284,09/08/2023, 03:11:33,540
FROV00001,FrozenEngine,1284,09/08/2023, 04:13:27,540
FROV00001,FrozenEngine,1284,09/08/2023, 05:10:54,540
FROV00001,FrozenEngine,1284,09/08/2023, 06:14:33,540
FROV00001,FrozenEngine,1284,09/08/2023, 07:11:01,540
FROV00001,FrozenEngine,1284,09/08/2023, 08:14:02,540
FROV00001,FrozenEngine,1284,09/08/2023, 09:11:14,540
FROV00001,FrozenEngine,1284,09/08/2023, 10:11:47,540
FROV00001,FrozenEngine,1284,09/08/2023, 11:09:44,540
FROV00001,FrozenEngine,1284,09/08/2023, 12:20:13,540
FROV00001,FrozenEngine,1284,09/08/2023, 13:13:52,540
FROV00001,FrozenEngine,1284,09/08/2023, 14:10:20,540
FROV00001,FrozenEngine,1284,09/08/2023, 15:09:55,540
FROV00001,FrozenEngine,1284,09/08/2023, 16:13:57,540
FROV00001,FrozenEngine,1284,09/08/2023, 17:10:02,540
FROV00001,FrozenEngine,1284,09/08/2023, 18:13:57,540
FROV00001,FrozenEngine,1284,09/08/2023, 19:09:03,540
FROV00001,FrozenEngine,1284,09/08/2023, 20:11:40,540
FROV00001,FrozenEngine,1284,09/08/2023, 21:09:39,540
FROV00001,FrozenEngine,1284,09/08/2023, 22:10:35,540
FROV00001,FrozenEngine,1284,09/08/2023, 23:10:51,540
FROV00001,FrozenEngine,1284,09/09/2023, 00:46:22,540
FROV00001,FrozenEngine,1284,09/09/2023, 01:41:18,540
FROV00001,FrozenEngine,1284,09/09/2023, 02:14:48,540
FROV00001,FrozenEngine,1284,09/09/2023, 03:11:24,540
FROV00001,FrozenEngine,1284,09/09/2023, 04:12:44,540
FROV00001,FrozenEngine,1284,09/09/2023, 05:10:05,540
FROV00001,FrozenEngine,1284,09/09/2023, 06:13:01,540
FROV00001,FrozenEngine,1284,09/09/2023, 07:09:51,540
FROV00001,FrozenEngine,1284,09/09/2023, 08:12:46,540
FROV00001,FrozenEngine,1284,09/09/2023, 09:09:56,540
FROV00001,FrozenEngine,1284,09/09/2023, 10:10:47,540
FROV00001,FrozenEngine,1284,09/09/2023, 11:08:37,540
FROV00001,FrozenEngine,1284,09/09/2023, 12:18:17,540
FROV00001,FrozenEngine,1284,09/09/2023, 13:11:19,540
FROV00001,FrozenEngine,1284,09/09/2023, 14:09:25,540
FROV00001,FrozenEngine,1284,09/09/2023, 15:10:03,540
FROV00001,FrozenEngine,1284,09/09/2023, 16:12:37,540
FROV00001,FrozenEngine,1284,09/09/2023, 17:09:23,540
FROV00001,FrozenEngine,1284,09/09/2023, 18:12:21,540
FROV00001,FrozenEngine,1284,09/09/2023, 19:08:36,540
FROV00001,FrozenEngine,1284,09/09/2023, 20:10:48,540
FROV00001,FrozenEngine,1284,09/09/2023, 21:09:02,540
FROV00001,FrozenEngine,1284,09/09/2023, 22:09:48,540
FROV00001,FrozenEngine,1284,09/09/2023, 23:10:15,540
FROV00001,FrozenEngine,1284,09/10/2023, 00:51:28,540
FROV00001,FrozenEngine,1284,09/10/2023, 01:49:06,540
FROV00001,FrozenEngine,1284,09/10/2023, 02:18:45,540
FROV00001,FrozenEngine,1284,09/10/2023, 03:11:32,540
FROV00001,FrozenEngine,1284,09/10/2023, 04:12:35,540
FROV00001,FrozenEngine,1284,09/10/2023, 05:10:03,540
FROV00001,FrozenEngine,1284,09/10/2023, 06:13:18,540
FROV00001,FrozenEngine,1284,09/10/2023, 07:09:46,540
FROV00001,FrozenEngine,1284,09/10/2023, 08:12:42,540
FROV00001,FrozenEngine,1284,09/10/2023, 09:10:30,540
FROV00001,FrozenEngine,1284,09/10/2023, 10:10:52,540
FROV00001,FrozenEngine,1284,09/10/2023, 11:08:39,540
FROV00001,FrozenEngine,1284,09/10/2023, 12:18:21,540
FROV00001,FrozenEngine,1284,09/10/2023, 13:11:46,540
FROV00001,FrozenEngine,1284,09/10/2023, 14:09:12,540
FROV00001,FrozenEngine,1284,09/10/2023, 15:10:16,540
FROV00001,FrozenEngine,1284,09/10/2023, 16:13:43,540
FROV00001,FrozenEngine,1284,09/10/2023, 17:09:34,540
FROV00001,FrozenEngine,1284,09/10/2023, 18:12:31,540
FROV00001,FrozenEngine,1284,09/10/2023, 19:08:39,540
FROV00001,FrozenEngine,1284,09/10/2023, 20:10:53,540
FROV00001,FrozenEngine,1284,09/10/2023, 21:09:20,540
FROV00001,FrozenEngine,1284,09/10/2023, 22:09:50,540
FROV00001,FrozenEngine,1284,09/10/2023, 23:10:27,540
FROV00001,FrozenEngine,1284,09/11/2023, 00:48:32,540
FROV00001,FrozenEngine,1284,09/11/2023, 01:46:15,540
FROV00001,FrozenEngine,1284,09/11/2023, 02:18:20,540
FROV00001,FrozenEngine,1284,09/11/2023, 03:11:54,540
FROV00001,FrozenEngine,1284,09/11/2023, 04:13:39,540
FROV00001,FrozenEngine,1284,09/11/2023, 05:11:16,540
FROV00001,FrozenEngine,1284,09/11/2023, 06:15:08,540
FROV00001,FrozenEngine,1284,09/11/2023, 07:11:26,540
FROV00001,FrozenEngine,1284,09/11/2023, 08:14:55,540
FROV00001,FrozenEngine,1284,09/11/2023, 09:12:37,540
FROV00001,FrozenEngine,1284,09/11/2023, 10:12:18,540
FROV00001,FrozenEngine,1284,09/11/2023, 11:09:48,540
FROV00001,FrozenEngine,1284,09/11/2023, 12:21:04,540
FROV00001,FrozenEngine,1284,09/11/2023, 13:14:36,540
FROV00001,FrozenEngine,1284,09/11/2023, 14:11:04,540
FROV00001,FrozenEngine,1284,09/11/2023, 15:11:54,540
FROV00001,FrozenEngine,1284,09/11/2023, 16:14:17,540
FROV00001,FrozenEngine,1284,09/11/2023, 17:10:50,540
FROV00001,FrozenEngine,1284,09/11/2023, 18:14:07,540
FROV00001,FrozenEngine,1284,09/11/2023, 19:09:26,540
FROV00001,FrozenEngine,1284,09/11/2023, 20:10:52,540
FROV00001,FrozenEngine,1284,09/11/2023, 21:10:02,540
FROV00001,FrozenEngine,1284,09/11/2023, 22:10:26,540
FROV00001,FrozenEngine,1284,09/11/2023, 23:10:55,540
FROV00001,FrozenEngine,1284,09/12/2023, 00:46:23,540
FROV00001,FrozenEngine,1284,09/12/2023, 01:42:46,540
FROV00001,FrozenEngine,1284,09/12/2023, 02:16:31,540
FROV00001,FrozenEngine,1284,09/12/2023, 03:11:54,540
FROV00001,FrozenEngine,1284,09/12/2023, 04:13:28,540
FROV00001,FrozenEngine,1284,09/12/2023, 05:10:54,540
FROV00001,FrozenEngine,1284,09/12/2023, 06:14:21,540
FROV00001,FrozenEngine,1284,09/12/2023, 07:10:52,540
FROV00001,FrozenEngine,1284,09/12/2023, 08:14:24,540
FROV00001,FrozenEngine,1284,09/12/2023, 09:11:37,540
FROV00001,FrozenEngine,1284,09/12/2023, 10:12:33,540
FROV00001,FrozenEngine,1284,09/12/2023, 11:09:43,540
FROV00001,FrozenEngine,1284,09/12/2023, 12:20:34,540
FROV00001,FrozenEngine,1284,09/12/2023, 13:14:24,540
FROV00001,FrozenEngine,1284,09/12/2023, 14:11:46,540
FROV00001,FrozenEngine,1284,09/12/2023, 15:11:52,540
FROV00001,FrozenEngine,1284,09/12/2023, 16:14:11,540
FROV00001,FrozenEngine,1284,09/12/2023, 17:10:36,540
FROV00001,FrozenEngine,1284,09/12/2023, 18:13:55,540
FROV00001,FrozenEngine,1284,09/12/2023, 19:09:29,540
FROV00001,FrozenEngine,1284,09/12/2023, 20:12:12,540
FROV00001,FrozenEngine,1284,09/12/2023, 21:09:54,540
FROV00001,FrozenEngine,1284,09/12/2023, 22:10:01,540
FROV00001,FrozenEngine,1284,09/12/2023, 23:11:03,540
FROV00001,FrozenEngine,1284,09/13/2023, 00:49:46,540
FROV00001,FrozenEngine,1284,09/13/2023, 01:45:52,540
FROV00001,FrozenEngine,1284,09/13/2023, 02:17:49,540
FROV00001,FrozenEngine,1284,09/13/2023, 03:11:52,540
FROV00001,FrozenEngine,1284,09/13/2023, 04:13:27,540
FROV00001,FrozenEngine,1284,09/13/2023, 05:10:58,540
FROV00001,FrozenEngine,1284,09/13/2023, 06:14:50,540
FROV00001,FrozenEngine,1284,09/13/2023, 07:10:52,540
FROV00001,FrozenEngine,1284,09/13/2023, 08:14:30,540
FROV00001,FrozenEngine,1284,09/13/2023, 09:11:36,540
FROV00001,FrozenEngine,1284,09/13/2023, 10:12:21,540
FROV00001,FrozenEngine,1284,09/13/2023, 11:09:49,540
FROV00001,FrozenEngine,1284,09/13/2023, 12:20:56,540
FROV00001,FrozenEngine,1284,09/13/2023, 13:15:10,540
FROV00001,FrozenEngine,1284,09/13/2023, 14:10:58,540
FROV00001,FrozenEngine,1284,09/13/2023, 15:11:55,540
FROV00001,FrozenEngine,1284,09/13/2023, 16:14:14,540
FROV00001,FrozenEngine,1284,09/13/2023, 17:10:19,540
FROV00001,FrozenEngine,1284,09/13/2023, 18:13:58,540
FROV00001,FrozenEngine,1284,09/13/2023, 19:09:28,540
FROV00001,FrozenEngine,1284,09/13/2023, 20:10:21,540
FROV00001,FrozenEngine,1284,09/13/2023, 21:08:24,540
FROV00001,FrozenEngine,1284,09/13/2023, 22:10:21,540
FROV00001,FrozenEngine,1284,09/13/2023, 23:11:03,540
FROV00001,FrozenEngine,1284,09/14/2023, 00:48:04,540
FROV00001,FrozenEngine,1284,09/14/2023, 01:43:54,540
FROV00001,FrozenEngine,1284,09/14/2023, 02:17:22,540
FROV00001,FrozenEngine,1284,09/14/2023, 03:11:44,540
FROV00001,FrozenEngine,1284,09/14/2023, 04:13:16,540
FROV00001,FrozenEngine,1284,09/14/2023, 05:10:57,540
FROV00001,FrozenEngine,1284,09/14/2023, 06:14:54,540
FROV00001,FrozenEngine,1284,09/14/2023, 07:10:46,540
FROV00001,FrozenEngine,1284,09/14/2023, 08:14:18,540
FROV00001,FrozenEngine,1284,09/14/2023, 09:11:31,540
FROV00001,FrozenEngine,1284,09/14/2023, 10:12:25,540
FROV00001,FrozenEngine,1284,09/14/2023, 11:09:52,540
FROV00001,FrozenEngine,1284,09/14/2023, 12:20:48,540
FROV00001,FrozenEngine,1284,09/14/2023, 13:14:37,540
FROV00001,FrozenEngine,1284,09/14/2023, 14:11:12,540
FROV00001,FrozenEngine,1284,09/14/2023, 15:11:55,540
FROV00001,FrozenEngine,1284,09/14/2023, 16:14:22,540
FROV00001,FrozenEngine,1284,09/14/2023, 17:10:30,540
FROV00001,FrozenEngine,1284,09/14/2023, 18:14:18,540
FROV00001,FrozenEngine,1284,09/14/2023, 19:08:04,540
FROV00001,FrozenEngine,1284,09/14/2023, 20:11:52,540
FROV00001,FrozenEngine,1284,09/14/2023, 21:10:16,540
FROV00001,FrozenEngine,1284,09/14/2023, 22:10:35,540
FROV00001,FrozenEngine,1284,09/14/2023, 23:11:17,540
FROV00001,FrozenEngine,1284,09/15/2023, 00:49:12,540
FROV00001,FrozenEngine,1284,09/15/2023, 01:46:43,540
FROV00001,FrozenEngine,1284,09/15/2023, 02:19:02,540
FROV00001,FrozenEngine,1284,09/15/2023, 03:11:41,540
FROV00001,FrozenEngine,1284,09/15/2023, 04:13:20,540
FROV00001,FrozenEngine,1284,09/15/2023, 05:11:02,540
FROV00001,FrozenEngine,1284,09/15/2023, 06:14:37,540
FROV00001,FrozenEngine,1284,09/15/2023, 07:10:41,540
FROV00001,FrozenEngine,1284,09/15/2023, 08:14:24,540
FROV00001,FrozenEngine,1284,09/15/2023, 09:11:31,540
FROV00001,FrozenEngine,1284,09/15/2023, 10:12:13,540
FROV00001,FrozenEngine,1284,09/15/2023, 11:09:43,540
FROV00001,FrozenEngine,1284,09/15/2023, 12:20:40,540
FROV00001,FrozenEngine,1284,09/15/2023, 13:13:55,540
FROV00001,FrozenEngine,1284,09/15/2023, 14:10:28,540
FROV00001,FrozenEngine,1284,09/15/2023, 15:11:28,540
FROV00001,FrozenEngine,1284,09/15/2023, 16:14:02,540
FROV00001,FrozenEngine,1284,09/15/2023, 17:10:36,540
FROV00001,FrozenEngine,1284,09/15/2023, 18:13:49,540
FROV00001,FrozenEngine,1284,09/15/2023, 19:09:29,540
FROV00001,FrozenEngine,1284,09/15/2023, 20:11:42,540
FROV00001,FrozenEngine,1284,09/15/2023, 21:09:32,540
FROV00001,FrozenEngine,1284,09/15/2023, 22:10:10,540
FROV00001,FrozenEngine,1284,09/15/2023, 23:10:42,540
FROV00001,FrozenEngine,1284,09/16/2023, 00:47:08,540
FROV00001,FrozenEngine,1284,09/16/2023, 01:42:06,540
FROV00001,FrozenEngine,1284,09/16/2023, 02:15:04,540
FROV00001,FrozenEngine,1284,09/16/2023, 03:11:34,540
FROV00001,FrozenEngine,1284,09/16/2023, 04:12:45,540
FROV00001,FrozenEngine,1284,09/16/2023, 05:10:02,540
FROV00001,FrozenEngine,1284,09/16/2023, 06:13:15,540
FROV00001,FrozenEngine,1284,09/16/2023, 07:09:47,540
FROV00001,FrozenEngine,1284,09/16/2023, 08:12:55,540
FROV00001,FrozenEngine,1284,09/16/2023, 09:10:33,540
FROV00001,FrozenEngine,1284,09/16/2023, 10:10:39,540
FROV00001,FrozenEngine,1284,09/16/2023, 11:08:30,540
FROV00001,FrozenEngine,1284,09/16/2023, 12:18:11,540
FROV00001,FrozenEngine,1284,09/16/2023, 13:11:29,540
FROV00001,FrozenEngine,1284,09/16/2023, 14:09:25,540
FROV00001,FrozenEngine,1284,09/16/2023, 15:10:11,540
FROV00001,FrozenEngine,1284,09/16/2023, 16:12:38,540
FROV00001,FrozenEngine,1284,09/16/2023, 17:09:08,540
FROV00001,FrozenEngine,1284,09/16/2023, 18:12:56,540
FROV00001,FrozenEngine,1284,09/16/2023, 19:08:56,540
FROV00001,FrozenEngine,1284,09/16/2023, 20:10:52,540
FROV00001,FrozenEngine,1284,09/16/2023, 21:09:16,540
FROV00001,FrozenEngine,1284,09/16/2023, 22:10:00,540
FROV00001,FrozenEngine,1284,09/16/2023, 23:10:25,540
FROV00001,FrozenEngine,1284,09/17/2023, 00:51:44,540
FROV00001,FrozenEngine,1284,09/17/2023, 01:49:57,540
FROV00001,FrozenEngine,1284,09/17/2023, 02:18:52,540
FROV00001,FrozenEngine,1284,09/17/2023, 03:11:20,540
FROV00001,FrozenEngine,1284,09/17/2023, 04:12:51,540
FROV00001,FrozenEngine,1284,09/17/2023, 05:11:08,540
FROV00001,FrozenEngine,1284,09/17/2023, 06:13:32,540
FROV00001,FrozenEngine,1284,09/17/2023, 07:10:09,540
FROV00001,FrozenEngine,1284,09/17/2023, 08:12:37,540
FROV00001,FrozenEngine,1284,09/17/2023, 09:10:37,540
FROV00001,FrozenEngine,1284,09/17/2023, 10:10:50,540
FROV00001,FrozenEngine,1284,09/17/2023, 11:08:33,540
FROV00001,FrozenEngine,1284,09/17/2023, 12:18:31,540
FROV00001,FrozenEngine,1284,09/17/2023, 13:11:22,540
FROV00001,FrozenEngine,1284,09/17/2023, 14:09:21,540
FROV00001,FrozenEngine,1284,09/17/2023, 15:10:12,540
FROV00001,FrozenEngine,1284,09/17/2023, 16:12:38,540
FROV00001,FrozenEngine,1284,09/17/2023, 17:09:25,540
FROV00001,FrozenEngine,1284,09/17/2023, 18:13:07,540
FROV00001,FrozenEngine,1284,09/17/2023, 19:08:50,540
FROV00001,FrozenEngine,1284,09/17/2023, 20:11:00,540
FROV00001,FrozenEngine,1284,09/17/2023, 21:09:13,540
FROV00001,FrozenEngine,1284,09/17/2023, 22:10:09,540
FROV00001,FrozenEngine,1284,09/17/2023, 23:10:32,540
FROV00001,FrozenEngine,1284,09/18/2023, 00:48:51,540
FROV00001,FrozenEngine,1284,09/18/2023, 01:45:17,540
FROV00001,FrozenEngine,1284,09/18/2023, 02:18:09,540
FROV00001,FrozenEngine,1284,09/18/2023, 03:11:56,540
FROV00001,FrozenEngine,1284,09/18/2023, 04:13:32,540
FROV00001,FrozenEngine,1284,09/18/2023, 05:11:10,540
FROV00001,FrozenEngine,1284,09/18/2023, 06:14:46,540
FROV00001,FrozenEngine,1284,09/18/2023, 07:11:24,540
FROV00001,FrozenEngine,1284,09/18/2023, 08:15:32,540
FROV00001,FrozenEngine,1284,09/18/2023, 09:12:20,540
FROV00001,FrozenEngine,1284,09/18/2023, 10:12:18,540
FROV00001,FrozenEngine,1284,09/18/2023, 11:09:38,540
FROV00001,FrozenEngine,1284,09/18/2023, 12:21:24,540
FROV00001,FrozenEngine,1284,09/18/2023, 13:13:09,540
FROV00001,FrozenEngine,1284,09/18/2023, 14:11:16,540
FROV00001,FrozenEngine,1284,09/18/2023, 15:12:29,540
FROV00001,FrozenEngine,1284,09/18/2023, 16:14:25,540
FROV00001,FrozenEngine,1284,09/18/2023, 17:10:45,540
FROV00001,FrozenEngine,1284,09/18/2023, 18:14:29,540
FROV00001,FrozenEngine,1284,09/18/2023, 19:09:27,540
FROV00001,FrozenEngine,1284,09/18/2023, 20:11:48,540
FROV00001,FrozenEngine,1284,09/18/2023, 21:10:11,540
FROV00001,FrozenEngine,1284,09/18/2023, 22:10:28,540
FROV00001,FrozenEngine,1284,09/18/2023, 23:11:03,540
FROV00001,FrozenEngine,1284,09/19/2023, 00:49:02,540
FROV00001,FrozenEngine,1284,09/19/2023, 01:47:55,540
FROV00001,FrozenEngine,1284,09/19/2023, 02:19:02,540
FROV00001,FrozenEngine,1284,09/19/2023, 03:11:57,540
FROV00001,FrozenEngine,1284,09/19/2023, 04:13:25,540
FROV00001,FrozenEngine,1284,09/19/2023, 05:10:53,540
FROV00001,FrozenEngine,1284,09/19/2023, 06:15:14,540
FROV00001,FrozenEngine,1284,09/19/2023, 07:10:49,540
FROV00001,FrozenEngine,1284,09/19/2023, 08:15:09,540
FROV00001,FrozenEngine,1284,09/19/2023, 09:11:49,540
FROV00001,FrozenEngine,1284,09/19/2023, 10:12:20,540
FROV00001,FrozenEngine,1284,09/19/2023, 11:09:41,540
FROV00001,FrozenEngine,1284,09/19/2023, 12:21:39,540
FROV00001,FrozenEngine,1284,09/19/2023, 13:14:00,540
FROV00001,FrozenEngine,1284,09/19/2023, 14:10:49,540
FROV00001,FrozenEngine,1284,09/19/2023, 15:12:04,540
FROV00001,FrozenEngine,1284,09/19/2023, 16:14:28,540
FROV00001,FrozenEngine,1284,09/19/2023, 17:10:15,540
FROV00001,FrozenEngine,1284,09/19/2023, 18:13:57,540
FROV00001,FrozenEngine,1284,09/19/2023, 19:09:09,540
FROV00001,FrozenEngine,1284,09/19/2023, 20:11:31,540
FROV00001,FrozenEngine,1284,09/19/2023, 21:10:29,540
FROV00001,FrozenEngine,1284,09/19/2023, 22:10:17,540
FROV00001,FrozenEngine,1284,09/19/2023, 23:10:48,540
FROV00001,FrozenEngine,1284,09/20/2023, 00:48:57,540
FROV00001,FrozenEngine,1284,09/20/2023, 01:45:21,540
FROV00001,FrozenEngine,1284,09/20/2023, 02:17:59,540
FROV00001,FrozenEngine,1284,09/20/2023, 03:11:45,540
FROV00001,FrozenEngine,1284,09/20/2023, 04:13:30,540
FROV00001,FrozenEngine,1284,09/20/2023, 05:10:54,540
FROV00001,FrozenEngine,1284,09/20/2023, 06:14:41,540
FROV00001,FrozenEngine,1284,09/20/2023, 07:10:32,540
FROV00001,FrozenEngine,1284,09/20/2023, 08:14:39,540
FROV00001,FrozenEngine,1284,09/20/2023, 09:11:24,540
FROV00001,FrozenEngine,1284,09/20/2023, 10:12:37,540
FROV00001,FrozenEngine,1284,09/20/2023, 11:09:42,540
FROV00001,FrozenEngine,1284,09/20/2023, 12:21:19,540
FROV00001,FrozenEngine,1284,09/20/2023, 13:15:00,540
FROV00001,FrozenEngine,1284,09/20/2023, 14:11:38,540
FROV00001,FrozenEngine,1284,09/20/2023, 15:11:50,540
FROV00001,FrozenEngine,1284,09/20/2023, 16:14:19,540
FROV00001,FrozenEngine,1284,09/20/2023, 17:10:24,540
FROV00001,FrozenEngine,1284,09/20/2023, 18:14:30,540
FROV00001,FrozenEngine,1284,09/20/2023, 19:09:23,540
FROV00001,FrozenEngine,1284,09/20/2023, 20:11:58,540
FROV00001,FrozenEngine,1284,09/20/2023, 21:10:04,540
FROV00001,FrozenEngine,1284,09/20/2023, 22:10:27,540
FROV00001,FrozenEngine,1284,09/20/2023, 23:10:57,540
FROV00001,FrozenEngine,1284,09/21/2023, 00:48:24,540
FROV00001,FrozenEngine,1284,09/21/2023, 01:44:06,540
FROV00001,FrozenEngine,1284,09/21/2023, 02:17:14,540
FROV00001,FrozenEngine,1284,09/21/2023, 03:11:48,540
FROV00001,FrozenEngine,1284,09/21/2023, 04:13:26,540
FROV00001,FrozenEngine,1284,09/21/2023, 05:11:02,540
FROV00001,FrozenEngine,1284,09/21/2023, 06:14:46,540
FROV00001,FrozenEngine,1284,09/21/2023, 07:10:59,540
FROV00001,FrozenEngine,1284,09/21/2023, 08:14:29,540
FROV00001,FrozenEngine,1284,09/21/2023, 09:11:50,540
FROV00001,FrozenEngine,1284,09/21/2023, 10:12:46,540
FROV00001,FrozenEngine,1284,09/21/2023, 11:09:40,540
FROV00001,FrozenEngine,1284,09/21/2023, 12:20:57,540
FROV00001,FrozenEngine,1284,09/21/2023, 13:14:40,540
FROV00001,FrozenEngine,1284,09/21/2023, 14:11:03,540
FROV00001,FrozenEngine,1284,09/21/2023, 15:10:42,540
FROV00001,FrozenEngine,1284,09/21/2023, 16:13:46,540
FROV00001,FrozenEngine,1284,09/21/2023, 17:10:48,540
FROV00001,FrozenEngine,1284,09/21/2023, 18:14:49,540
FROV00001,FrozenEngine,1284,09/21/2023, 19:09:29,540
FROV00001,FrozenEngine,1284,09/21/2023, 20:10:46,540
FROV00001,FrozenEngine,1284,09/21/2023, 21:10:16,540
FROV00001,FrozenEngine,1284,09/21/2023, 22:10:27,540
FROV00001,FrozenEngine,1284,09/21/2023, 23:11:17,540
FROV00001,FrozenEngine,1284,09/22/2023, 00:48:54,540
FROV00001,FrozenEngine,1284,09/22/2023, 01:45:00,540
FROV00001,FrozenEngine,1284,09/22/2023, 02:18:13,540
FROV00001,FrozenEngine,1284,09/22/2023, 03:11:44,540
FROV00001,FrozenEngine,1284,09/22/2023, 04:13:09,540
FROV00001,FrozenEngine,1284,09/22/2023, 05:10:54,540
FROV00001,FrozenEngine,1284,09/22/2023, 06:15:09,540
FROV00001,FrozenEngine,1284,09/22/2023, 07:10:29,540
FROV00001,FrozenEngine,1284,09/22/2023, 08:14:47,540
FROV00001,FrozenEngine,1284,09/22/2023, 09:11:29,540
FROV00001,FrozenEngine,1284,09/22/2023, 10:12:27,540
FROV00001,FrozenEngine,1285,09/22/2023, 11:09:43,540
FROV00001,FrozenEngine,1285,09/22/2023, 12:20:36,540
FROV00001,FrozenEngine,1285,09/22/2023, 13:13:54,540
FROV00001,FrozenEngine,1285,09/22/2023, 14:10:41,540
FROV00001,FrozenEngine,1285,09/22/2023, 15:11:37,540
FROV00001,FrozenEngine,1285,09/22/2023, 16:13:52,540
FROV00001,FrozenEngine,1285,09/22/2023, 17:10:06,540
FROV00001,FrozenEngine,1285,09/22/2023, 18:14:18,540
FROV00001,FrozenEngine,1285,09/22/2023, 19:09:04,540
FROV00001,FrozenEngine,1285,09/22/2023, 20:11:32,540
FROV00001,FrozenEngine,1285,09/22/2023, 21:09:54,540
FROV00001,FrozenEngine,1285,09/22/2023, 22:10:14,540
FROV00001,FrozenEngine,1285,09/22/2023, 23:10:43,540
FROV00001,FrozenEngine,1285,09/23/2023, 00:47:03,540
FROV00001,FrozenEngine,1285,09/23/2023, 01:42:00,540
FROV00001,FrozenEngine,1285,09/23/2023, 02:15:07,540
FROV00001,FrozenEngine,1285,09/23/2023, 03:11:25,540
FROV00001,FrozenEngine,1286,09/23/2023, 04:12:32,540
FROV00001,FrozenEngine,1286,09/23/2023, 05:10:10,540
FROV00001,FrozenEngine,1286,09/23/2023, 06:13:45,540
FROV00001,FrozenEngine,1286,09/23/2023, 07:09:47,540
FROV00001,FrozenEngine,1286,09/23/2023, 08:13:03,540
FROV00001,FrozenEngine,1286,09/23/2023, 09:09:51,540
FROV00001,FrozenEngine,1286,09/23/2023, 10:10:45,540
FROV00001,FrozenEngine,1286,09/23/2023, 11:08:42,540
FROV00001,FrozenEngine,1286,09/23/2023, 12:18:41,540
FROV00001,FrozenEngine,1286,09/23/2023, 13:11:20,540
FROV00001,FrozenEngine,1286,09/23/2023, 14:08:53,540
FROV00001,FrozenEngine,1286,09/23/2023, 15:10:08,540
FROV00001,FrozenEngine,1286,09/23/2023, 16:12:41,540
FROV00001,FrozenEngine,1286,09/23/2023, 17:09:32,540
FROV00001,FrozenEngine,1286,09/23/2023, 18:12:48,540
FROV00001,FrozenEngine,1286,09/23/2023, 19:08:22,540
FROV00001,FrozenEngine,1286,09/23/2023, 20:10:47,540
FROV00001,FrozenEngine,1286,09/23/2023, 21:09:01,540
FROV00001,FrozenEngine,1286,09/23/2023, 22:09:51,540
FROV00001,FrozenEngine,1286,09/23/2023, 23:10:18,540
FROV00001,FrozenEngine,1286,09/24/2023, 00:51:40,540
FROV00001,FrozenEngine,1286,09/24/2023, 01:51:03,540
FROV00001,FrozenEngine,1286,09/24/2023, 02:19:27,540
FROV00001,FrozenEngine,1286,09/24/2023, 03:11:14,540
FROV00001,FrozenEngine,1286,09/24/2023, 04:12:37,540
FROV00001,FrozenEngine,1286,09/24/2023, 05:10:38,540
FROV00001,FrozenEngine,1286,09/24/2023, 06:13:17,540
FROV00001,FrozenEngine,1286,09/24/2023, 07:09:59,540
FROV00001,FrozenEngine,1286,09/24/2023, 08:12:40,540
FROV00001,FrozenEngine,1286,09/24/2023, 09:10:08,540
FROV00001,FrozenEngine,1286,09/24/2023, 10:10:46,540
FROV00001,FrozenEngine,1286,09/24/2023, 11:09:10,540
FROV00001,FrozenEngine,1286,09/24/2023, 12:18:50,540
FROV00001,FrozenEngine,1286,09/24/2023, 13:11:26,540
FROV00001,FrozenEngine,1286,09/24/2023, 14:09:18,540
FROV00001,FrozenEngine,1286,09/24/2023, 15:10:04,540
FROV00001,FrozenEngine,1286,09/24/2023, 16:12:36,540
FROV00001,FrozenEngine,1286,09/24/2023, 17:09:31,540
FROV00001,FrozenEngine,1286,09/24/2023, 18:12:47,540
FROV00001,FrozenEngine,1286,09/24/2023, 19:08:22,540
FROV00001,FrozenEngine,1286,09/24/2023, 20:10:41,540
FROV00001,FrozenEngine,1286,09/24/2023, 21:09:04,540
FROV00001,FrozenEngine,1286,09/24/2023, 22:09:55,540
FROV00001,FrozenEngine,1286,09/24/2023, 23:10:49,540
FROV00001,FrozenEngine,1286,09/25/2023, 00:49:09,540
FROV00001,FrozenEngine,1286,09/25/2023, 01:47:41,540
FROV00001,FrozenEngine,1286,09/25/2023, 02:19:14,540
FROV00001,FrozenEngine,1286,09/25/2023, 03:11:46,540
FROV00001,FrozenEngine,1286,09/25/2023, 04:13:36,540
FROV00001,FrozenEngine,1286,09/25/2023, 05:10:59,540
FROV00001,FrozenEngine,1286,09/25/2023, 06:15:05,540
FROV00001,FrozenEngine,1286,09/25/2023, 07:11:33,540
FROV00001,FrozenEngine,1286,09/25/2023, 08:15:04,540
FROV00001,FrozenEngine,1286,09/25/2023, 09:12:15,540
FROV00001,FrozenEngine,1286,09/25/2023, 10:12:07,540
FROV00001,FrozenEngine,1286,09/25/2023, 11:09:44,540
FROV00001,FrozenEngine,1286,09/25/2023, 12:21:34,540
FROV00001,FrozenEngine,1286,09/25/2023, 13:14:36,540
FROV00001,FrozenEngine,1286,09/25/2023, 14:10:53,540
FROV00001,FrozenEngine,1286,09/25/2023, 15:12:04,540
FROV00001,FrozenEngine,1286,09/25/2023, 16:14:28,540
FROV00001,FrozenEngine,1286,09/25/2023, 17:10:40,540
FROV00001,FrozenEngine,1286,09/25/2023, 18:14:50,540
FROV00001,FrozenEngine,1286,09/25/2023, 19:09:29,540
FROV00001,FrozenEngine,1286,09/25/2023, 20:11:47,540
FROV00001,FrozenEngine,1286,09/25/2023, 21:09:57,540
FROV00001,FrozenEngine,1286,09/25/2023, 22:10:27,540
FROV00001,FrozenEngine,1286,09/25/2023, 23:10:50,540
FROV00001,FrozenEngine,1286,09/26/2023, 00:49:35,540
FROV00001,FrozenEngine,1286,09/26/2023, 01:47:08,540
FROV00001,FrozenEngine,1286,09/26/2023, 02:18:58,540
FROV00001,FrozenEngine,1286,09/26/2023, 03:11:46,540
FROV00001,FrozenEngine,1286,09/26/2023, 04:13:40,540
FROV00001,FrozenEngine,1286,09/26/2023, 05:11:01,540
FROV00001,FrozenEngine,1286,09/26/2023, 06:15:22,540
FROV00001,FrozenEngine,1286,09/26/2023, 07:10:47,540
FROV00001,FrozenEngine,1286,09/26/2023, 08:15:09,540
FROV00001,FrozenEngine,1286,09/26/2023, 09:11:44,540
FROV00001,FrozenEngine,1286,09/26/2023, 10:12:24,540
FROV00001,FrozenEngine,1286,09/26/2023, 11:09:38,540
FROV00001,FrozenEngine,1286,09/26/2023, 12:21:31,540
FROV00001,FrozenEngine,1286,09/26/2023, 13:14:51,540
FROV00001,FrozenEngine,1286,09/26/2023, 14:11:40,540
FROV00001,FrozenEngine,1286,09/26/2023, 15:11:50,540
FROV00001,FrozenEngine,1286,09/26/2023, 16:14:24,540
FROV00001,FrozenEngine,1286,09/26/2023, 17:10:48,540
FROV00001,FrozenEngine,1286,09/26/2023, 18:14:30,540
FROV00001,FrozenEngine,1286,09/26/2023, 19:09:11,540
FROV00001,FrozenEngine,1286,09/26/2023, 20:12:05,540
FROV00001,FrozenEngine,1286,09/26/2023, 21:10:20,540
FROV00001,FrozenEngine,1286,09/26/2023, 22:10:31,540
FROV00001,FrozenEngine,1286,09/26/2023, 23:10:54,540
FROV00001,FrozenEngine,1287,09/27/2023, 00:49:48,540
FROV00001,FrozenEngine,1287,09/27/2023, 01:46:51,540
FROV00001,FrozenEngine,1287,09/27/2023, 02:18:27,540
FROV00001,FrozenEngine,1287,09/27/2023, 03:12:01,540
FROV00001,FrozenEngine,1287,09/27/2023, 04:13:34,540
FROV00001,FrozenEngine,1287,09/27/2023, 05:10:44,540
FROV00001,FrozenEngine,1287,09/27/2023, 06:15:17,540
FROV00001,FrozenEngine,1287,09/27/2023, 07:10:26,540
FROV00001,FrozenEngine,1287,09/27/2023, 08:14:54,540
FROV00001,FrozenEngine,1287,09/27/2023, 09:11:36,540
FROV00001,FrozenEngine,1287,09/27/2023, 10:12:33,540
FROV00001,FrozenEngine,1287,09/27/2023, 11:09:31,540
FROV00001,FrozenEngine,1287,09/27/2023, 12:21:19,540
FROV00001,FrozenEngine,1287,09/27/2023, 13:14:29,540
FROV00001,FrozenEngine,1287,09/27/2023, 14:10:58,540
FROV00001,FrozenEngine,1287,09/27/2023, 15:11:51,540
FROV00001,FrozenEngine,1287,09/27/2023, 16:14:16,540
FROV00001,FrozenEngine,1287,09/27/2023, 17:10:27,540
FROV00001,FrozenEngine,1287,09/27/2023, 18:14:30,540
FROV00001,FrozenEngine,1287,09/27/2023, 19:09:17,540
FROV00001,FrozenEngine,1287,09/27/2023, 20:11:41,540
FROV00001,FrozenEngine,1287,09/27/2023, 21:10:21,540
FROV00001,FrozenEngine,1287,09/27/2023, 22:10:21,540
FROV00001,FrozenEngine,1287,09/27/2023, 23:11:05,540
FROV00001,FrozenEngine,1287,09/28/2023, 00:48:48,540
FROV00001,FrozenEngine,1287,09/28/2023, 01:45:39,540
FROV00001,FrozenEngine,1287,09/28/2023, 02:18:02,540
FROV00001,FrozenEngine,1287,09/28/2023, 03:11:42,540
FROV00001,FrozenEngine,1287,09/28/2023, 04:13:17,540
FROV00001,FrozenEngine,1287,09/28/2023, 05:11:07,540
FROV00001,FrozenEngine,1287,09/28/2023, 06:16:03,540
FROV00001,FrozenEngine,1287,09/28/2023, 07:11:22,540
FROV00001,FrozenEngine,1287,09/28/2023, 08:15:00,540
FROV00001,FrozenEngine,1287,09/28/2023, 09:11:33,540
FROV00001,FrozenEngine,1287,09/28/2023, 10:11:55,540
FROV00001,FrozenEngine,1287,09/28/2023, 11:09:44,540
FROV00001,FrozenEngine,1287,09/28/2023, 12:21:00,540
FROV00001,FrozenEngine,1287,09/28/2023, 13:14:20,540
FROV00001,FrozenEngine,1287,09/28/2023, 14:11:12,540
FROV00001,FrozenEngine,1287,09/28/2023, 15:11:59,540
FROV00001,FrozenEngine,1287,09/28/2023, 16:14:20,540
FROV00001,FrozenEngine,1287,09/28/2023, 17:10:34,540
FROV00001,FrozenEngine,1287,09/28/2023, 18:14:17,540
FROV00001,FrozenEngine,1287,09/28/2023, 19:09:44,540
FROV00001,FrozenEngine,1287,09/28/2023, 20:10:55,540
FROV00001,FrozenEngine,1287,09/28/2023, 22:11:00,540
FROV00001,FrozenEngine,1287,09/28/2023, 23:11:11,540
FROV00001,FrozenEngine,1287,09/29/2023, 00:49:11,540
FROV00001,FrozenEngine,1287,09/29/2023, 01:45:35,540
FROV00001,FrozenEngine,1287,09/29/2023, 02:18:06,540
FROV00001,FrozenEngine,1287,09/29/2023, 03:11:50,540
FROV00001,FrozenEngine,1287,09/29/2023, 04:13:39,540
FROV00001,FrozenEngine,1287,09/29/2023, 05:11:08,540
FROV00001,FrozenEngine,1287,09/29/2023, 06:14:34,540
FROV00001,FrozenEngine,1287,09/29/2023, 07:10:36,540
FROV00001,FrozenEngine,1287,09/29/2023, 08:14:23,540
FROV00001,FrozenEngine,1287,09/29/2023, 09:11:29,540
FROV00001,FrozenEngine,1287,09/29/2023, 10:12:14,540
FROV00001,FrozenEngine,1287,09/29/2023, 11:09:44,540
FROV00001,FrozenEngine,1287,09/29/2023, 12:20:52,540
FROV00001,FrozenEngine,1287,09/29/2023, 13:13:40,540
FROV00001,FrozenEngine,1287,09/29/2023, 14:09:34,540
FROV00001,FrozenEngine,1287,09/29/2023, 15:12:05,540
FROV00001,FrozenEngine,1287,09/29/2023, 16:14:14,540
FROV00001,FrozenEngine,1287,09/29/2023, 17:10:26,540
FROV00001,FrozenEngine,1287,09/29/2023, 18:14:27,540
FROV00001,FrozenEngine,1287,09/29/2023, 19:09:25,540
FROV00001,FrozenEngine,1287,09/29/2023, 20:11:49,540
FROV00001,FrozenEngine,1287,09/29/2023, 21:09:42,540
FROV00001,FrozenEngine,1287,09/29/2023, 22:10:26,540
FROV00001,FrozenEngine,1287,09/29/2023, 23:10:39,540
FROV00001,FrozenEngine,1287,09/30/2023, 00:47:28,540
FROV00001,FrozenEngine,1287,09/30/2023, 01:42:58,540
FROV00001,FrozenEngine,1287,09/30/2023, 02:15:45,540
FROV00001,FrozenEngine,1287,09/30/2023, 03:11:26,540
FROV00001,FrozenEngine,1287,09/30/2023, 04:12:52,540
FROV00001,FrozenEngine,1287,09/30/2023, 05:10:23,540
FROV00001,FrozenEngine,1287,09/30/2023, 06:13:36,540
FROV00001,FrozenEngine,1287,09/30/2023, 07:09:25,540
FROV00001,FrozenEngine,1287,09/30/2023, 08:12:43,540
FROV00001,FrozenEngine,1287,09/30/2023, 09:09:57,540
FROV00001,FrozenEngine,1287,09/30/2023, 10:10:28,540
FROV00001,FrozenEngine,1287,09/30/2023, 11:08:32,540
FROV00001,FrozenEngine,1287,09/30/2023, 12:18:50,540
FROV00001,FrozenEngine,1287,09/30/2023, 13:11:37,540
FROV00001,FrozenEngine,1287,09/30/2023, 14:09:22,540
FROV00001,FrozenEngine,1287,09/30/2023, 15:09:57,540
FROV00001,FrozenEngine,1287,09/30/2023, 16:12:55,540
FROV00001,FrozenEngine,1287,09/30/2023, 17:09:22,540
FROV00001,FrozenEngine,1288,09/30/2023, 18:13:17,540
FROV00001,FrozenEngine,1288,09/30/2023, 19:08:17,540
FROV00001,FrozenEngine,1288,09/30/2023, 20:10:36,540
FROV00001,FrozenEngine,1288,09/30/2023, 21:09:26,540
FROV00001,FrozenEngine,1288,09/30/2023, 22:09:57,540
FROV00001,FrozenEngine,1288,09/30/2023, 23:10:26,540
FROV00001,FrozenEngine,1288,10/01/2023, 00:56:00,540
FROV00001,FrozenEngine,1288,10/01/2023, 01:56:46,540
FROV00001,FrozenEngine,1288,10/01/2023, 02:25:03,540
FROV00001,FrozenEngine,1288,10/01/2023, 03:11:48,540
FROV00001,FrozenEngine,1288,10/01/2023, 04:13:21,540
FROV00001,FrozenEngine,1288,10/01/2023, 05:10:31,540
FROV00001,FrozenEngine,1288,10/01/2023, 06:13:54,540
FROV00001,FrozenEngine,1288,10/01/2023, 07:10:17,540
FROV00001,FrozenEngine,1288,10/01/2023, 08:13:18,540
FROV00001,FrozenEngine,1288,10/01/2023, 09:10:29,540
FROV00001,FrozenEngine,1288,10/01/2023, 10:10:51,540
FROV00001,FrozenEngine,1288,10/01/2023, 11:08:54,540
FROV00001,FrozenEngine,1288,10/01/2023, 12:19:01,540
FROV00001,FrozenEngine,1288,10/01/2023, 13:11:21,540
FROV00001,FrozenEngine,1288,10/01/2023, 14:09:27,540
FROV00001,FrozenEngine,1288,10/01/2023, 15:10:05,540
FROV00001,FrozenEngine,1288,10/01/2023, 16:12:50,540
FROV00001,FrozenEngine,1288,10/01/2023, 17:09:48,540
FROV00001,FrozenEngine,1288,10/01/2023, 18:13:06,540
FROV00001,FrozenEngine,1288,10/01/2023, 19:08:48,540
FROV00001,FrozenEngine,1288,10/01/2023, 20:10:50,540
FROV00001,FrozenEngine,1288,10/01/2023, 21:09:35,540
FROV00001,FrozenEngine,1288,10/01/2023, 22:09:43,540
FROV00001,FrozenEngine,1288,10/01/2023, 23:10:45,540
FROV00001,FrozenEngine,1288,10/02/2023, 00:49:58,540
FROV00001,FrozenEngine,1288,10/02/2023, 01:48:06,540
FROV00001,FrozenEngine,1288,10/02/2023, 02:19:25,540
FROV00001,FrozenEngine,1288,10/02/2023, 03:12:21,540
FROV00001,FrozenEngine,1288,10/02/2023, 04:13:18,540
FROV00001,FrozenEngine,1288,10/02/2023, 05:10:43,540
FROV00001,FrozenEngine,1288,10/02/2023, 06:15:32,540
FROV00001,FrozenEngine,1288,10/02/2023, 07:11:11,540
FROV00001,FrozenEngine,1288,10/02/2023, 08:14:38,540
FROV00001,FrozenEngine,1288,10/02/2023, 09:12:13,540
FROV00001,FrozenEngine,1288,10/02/2023, 10:12:15,540
FROV00001,FrozenEngine,1288,10/02/2023, 11:09:41,540
FROV00001,FrozenEngine,1288,10/02/2023, 12:21:15,540
FROV00001,FrozenEngine,1288,10/02/2023, 13:14:49,540
FROV00001,FrozenEngine,1288,10/02/2023, 14:11:13,540
FROV00001,FrozenEngine,1288,10/02/2023, 15:12:14,540
FROV00001,FrozenEngine,1288,10/02/2023, 16:14:19,540
FROV00001,FrozenEngine,1288,10/02/2023, 17:10:23,540
FROV00001,FrozenEngine,1288,10/02/2023, 18:14:39,540
FROV00001,FrozenEngine,1288,10/02/2023, 19:09:16,540
FROV00001,FrozenEngine,1288,10/02/2023, 20:12:04,540
FROV00001,FrozenEngine,1288,10/02/2023, 21:10:21,540
FROV00001,FrozenEngine,1288,10/02/2023, 22:10:30,540
FROV00001,FrozenEngine,1288,10/02/2023, 23:11:32,540
FROV00001,FrozenEngine,1288,10/03/2023, 00:50:07,540
FROV00001,FrozenEngine,1288,10/03/2023, 01:47:36,540
FROV00001,FrozenEngine,1288,10/03/2023, 02:19:09,540
FROV00001,FrozenEngine,1288,10/03/2023, 03:11:51,540
FROV00001,FrozenEngine,1288,10/03/2023, 04:13:11,540
FROV00001,FrozenEngine,1288,10/03/2023, 05:10:51,540
FROV00001,FrozenEngine,1288,10/03/2023, 06:15:10,540
FROV00001,FrozenEngine,1288,10/03/2023, 07:10:57,540
FROV00001,FrozenEngine,1288,10/03/2023, 08:14:33,540
FROV00001,FrozenEngine,1288,10/03/2023, 09:11:24,540
FROV00001,FrozenEngine,1288,10/03/2023, 10:12:43,540
FROV00001,FrozenEngine,1288,10/03/2023, 11:10:12,540
FROV00001,FrozenEngine,1288,10/03/2023, 12:21:12,540
FROV00001,FrozenEngine,1288,10/03/2023, 13:15:07,540
FROV00001,FrozenEngine,1288,10/03/2023, 14:11:04,540
FROV00001,FrozenEngine,1288,10/03/2023, 15:12:16,540
FROV00001,FrozenEngine,1288,10/03/2023, 16:14:41,540
FROV00001,FrozenEngine,1288,10/03/2023, 17:10:31,540
FROV00001,FrozenEngine,1288,10/03/2023, 18:14:41,540
FROV00001,FrozenEngine,1288,10/03/2023, 19:09:43,540
FROV00001,FrozenEngine,1288,10/03/2023, 20:12:00,540
FROV00001,FrozenEngine,1288,10/03/2023, 21:10:21,540
FROV00001,FrozenEngine,1288,10/03/2023, 22:10:28,540
FROV00001,FrozenEngine,1288,10/03/2023, 23:10:50,540
FROV00001,FrozenEngine,1288,10/04/2023, 00:50:26,540
FROV00001,FrozenEngine,1288,10/04/2023, 01:49:52,540
FROV00001,FrozenEngine,1288,10/04/2023, 02:19:51,540
FROV00001,FrozenEngine,1288,10/04/2023, 03:12:10,540
FROV00001,FrozenEngine,1288,10/04/2023, 04:13:45,540
FROV00001,FrozenEngine,1288,10/04/2023, 05:11:12,540
FROV00001,FrozenEngine,1288,10/04/2023, 06:15:22,540
FROV00001,FrozenEngine,1288,10/04/2023, 07:11:17,540
FROV00001,FrozenEngine,1288,10/04/2023, 08:15:12,540
FROV00001,FrozenEngine,1288,10/04/2023, 09:11:36,540
FROV00001,FrozenEngine,1288,10/04/2023, 10:12:36,540
FROV00001,FrozenEngine,1288,10/04/2023, 11:09:43,540
FROV00001,FrozenEngine,1288,10/04/2023, 12:21:57,540
FROV00001,FrozenEngine,1288,10/04/2023, 13:15:53,540
FROV00001,FrozenEngine,1288,10/04/2023, 14:11:33,540
FROV00001,FrozenEngine,1288,10/04/2023, 15:12:04,540
FROV00001,FrozenEngine,1288,10/04/2023, 16:15:08,540
FROV00001,FrozenEngine,1288,10/04/2023, 17:10:51,540
FROV00001,FrozenEngine,1288,10/04/2023, 18:15:07,540
FROV00001,FrozenEngine,1288,10/04/2023, 19:09:15,540
FROV00001,FrozenEngine,1288,10/04/2023, 20:11:47,540
FROV00001,FrozenEngine,1288,10/04/2023, 21:11:22,540
FROV00001,FrozenEngine,1288,10/04/2023, 22:11:37,540
FROV00001,FrozenEngine,1288,10/04/2023, 23:11:39,540
FROV00001,FrozenEngine,1288,10/05/2023, 00:49:18,540
FROV00001,FrozenEngine,1288,10/05/2023, 01:51:39,540
FROV00001,FrozenEngine,1288,10/05/2023, 02:21:12,540
FROV00001,FrozenEngine,1288,10/05/2023, 03:11:26,540
FROV00001,FrozenEngine,1288,10/05/2023, 04:13:31,540
FROV00001,FrozenEngine,1288,10/05/2023, 05:11:18,540
FROV00001,FrozenEngine,1288,10/05/2023, 06:15:22,540
FROV00001,FrozenEngine,1288,10/05/2023, 07:10:33,540
FROV00001,FrozenEngine,1288,10/05/2023, 08:15:39,540
FROV00001,FrozenEngine,1288,10/05/2023, 09:11:55,540
FROV00001,FrozenEngine,1288,10/05/2023, 10:13:03,540
FROV00001,FrozenEngine,1288,10/05/2023, 11:09:48,540
FROV00001,FrozenEngine,1288,10/05/2023, 12:22:20,540
FROV00001,FrozenEngine,1289,10/05/2023, 13:16:31,540
FROV00001,FrozenEngine,1289,10/05/2023, 14:10:50,540
FROV00001,FrozenEngine,1289,10/05/2023, 15:12:12,540
FROV00001,FrozenEngine,1289,10/05/2023, 16:15:28,540
FROV00001,FrozenEngine,1289,10/05/2023, 17:10:57,540
FROV00001,FrozenEngine,1289,10/05/2023, 18:14:59,540
FROV00001,FrozenEngine,1290,10/05/2023, 19:09:21,540
FROV00001,FrozenEngine,1290,10/05/2023, 20:11:59,540
FROV00001,FrozenEngine,1290,10/05/2023, 21:10:32,540
FROV00001,FrozenEngine,1290,10/05/2023, 22:10:15,540
FROV00001,FrozenEngine,1290,10/05/2023, 23:11:31,540
FROV00001,FrozenEngine,1290,10/06/2023, 00:49:15,540
FROV00001,FrozenEngine,1290,10/06/2023, 01:46:52,540
FROV00001,FrozenEngine,1290,10/06/2023, 02:19:01,540
FROV00001,FrozenEngine,1290,10/06/2023, 03:11:46,540
FROV00001,FrozenEngine,1290,10/06/2023, 04:13:08,540
FROV00001,FrozenEngine,1290,10/06/2023, 05:11:20,540
FROV00001,FrozenEngine,1291,10/06/2023, 06:15:13,540
FROV00001,FrozenEngine,1291,10/06/2023, 07:10:48,540
FROV00001,FrozenEngine,1291,10/06/2023, 08:14:50,540
FROV00001,FrozenEngine,1291,10/06/2023, 09:11:17,540
FROV00001,FrozenEngine,1291,10/06/2023, 10:12:18,540
FROV00001,FrozenEngine,1291,10/06/2023, 11:10:02,540
FROV00001,FrozenEngine,1291,10/06/2023, 12:21:42,540
FROV00001,FrozenEngine,1291,10/06/2023, 13:14:43,540
FROV00001,FrozenEngine,1291,10/06/2023, 14:11:17,540
FROV00001,FrozenEngine,1291,10/06/2023, 15:12:29,540
FROV00001,FrozenEngine,1291,10/06/2023, 16:14:36,540
FROV00001,FrozenEngine,1291,10/06/2023, 17:10:41,540
FROV00001,FrozenEngine,1291,10/06/2023, 18:14:14,540
FROV00001,FrozenEngine,1291,10/06/2023, 19:09:26,540
FROV00001,FrozenEngine,1291,10/06/2023, 20:12:18,540
FROV00001,FrozenEngine,1291,10/06/2023, 21:10:10,540
FROV00001,FrozenEngine,1291,10/06/2023, 22:10:24,540
FROV00001,FrozenEngine,1291,10/06/2023, 23:10:56,540
FROV00001,FrozenEngine,1291,10/07/2023, 00:48:27,540
FROV00001,FrozenEngine,1291,10/07/2023, 01:43:53,540
FROV00001,FrozenEngine,1291,10/07/2023, 02:17:11,540
FROV00001,FrozenEngine,1291,10/07/2023, 03:11:36,540
FROV00001,FrozenEngine,1291,10/07/2023, 04:13:25,540
FROV00001,FrozenEngine,1291,10/07/2023, 05:10:09,540
FROV00001,FrozenEngine,1291,10/07/2023, 06:14:11,540
FROV00001,FrozenEngine,1291,10/07/2023, 07:10:11,540
FROV00001,FrozenEngine,1291,10/07/2023, 08:12:58,540
FROV00001,FrozenEngine,1291,10/07/2023, 09:10:15,540
FROV00001,FrozenEngine,1291,10/07/2023, 10:10:56,540
FROV00001,FrozenEngine,1291,10/07/2023, 11:09:10,540
FROV00001,FrozenEngine,1291,10/07/2023, 12:19:00,540
FROV00001,FrozenEngine,1291,10/07/2023, 13:11:31,540
FROV00001,FrozenEngine,1291,10/07/2023, 14:09:22,540
FROV00001,FrozenEngine,1292,10/07/2023, 15:10:16,540
FROV00001,FrozenEngine,1292,10/07/2023, 16:12:50,540
FROV00001,FrozenEngine,1292,10/07/2023, 17:09:42,540
FROV00001,FrozenEngine,1292,10/07/2023, 18:13:20,540
FROV00001,FrozenEngine,1292,10/07/2023, 19:08:44,540
FROV00001,FrozenEngine,1292,10/07/2023, 20:11:02,540
FROV00001,FrozenEngine,1292,10/07/2023, 21:09:19,540
FROV00001,FrozenEngine,1292,10/07/2023, 22:10:03,540
FROV00001,FrozenEngine,1292,10/07/2023, 23:10:31,540
FROV00001,FrozenEngine,1292,10/08/2023, 00:53:09,540
FROV00001,FrozenEngine,1292,10/08/2023, 01:52:31,540
FROV00001,FrozenEngine,1292,10/08/2023, 02:21:15,540
FROV00001,FrozenEngine,1292,10/08/2023, 03:11:17,540
FROV00001,FrozenEngine,1292,10/08/2023, 04:12:52,540
FROV00001,FrozenEngine,1292,10/08/2023, 05:10:10,540
FROV00001,FrozenEngine,1292,10/08/2023, 06:14:27,540
FROV00001,FrozenEngine,1292,10/08/2023, 07:09:54,540
FROV00001,FrozenEngine,1292,10/08/2023, 08:13:13,540
FROV00001,FrozenEngine,1293,10/08/2023, 09:09:49,540
FROV00001,FrozenEngine,1293,10/08/2023, 10:10:26,540
FROV00001,FrozenEngine,1293,10/08/2023, 11:09:05,540
FROV00001,FrozenEngine,1294,10/08/2023, 12:19:18,540
FROV00001,FrozenEngine,1294,10/08/2023, 13:11:43,540
FROV00001,FrozenEngine,1294,10/08/2023, 14:09:30,540
FROV00001,FrozenEngine,1294,10/08/2023, 15:10:20,540
FROV00001,FrozenEngine,1294,10/08/2023, 16:13:06,540
FROV00001,FrozenEngine,1294,10/08/2023, 17:09:31,540
FROV00001,FrozenEngine,1294,10/08/2023, 18:13:23,540
FROV00001,FrozenEngine,1294,10/08/2023, 19:08:41,540
FROV00001,FrozenEngine,1294,10/08/2023, 20:11:06,540
FROV00001,FrozenEngine,1294,10/08/2023, 21:09:40,540
FROV00001,FrozenEngine,1294,10/08/2023, 22:10:05,540
FROV00001,FrozenEngine,1294,10/08/2023, 23:11:00,540
FROV00001,FrozenEngine,1294,10/09/2023, 03:11:50,540
FROV00001,FrozenEngine,1294,10/09/2023, 04:14:02,540
FROV00001,FrozenEngine,1294,10/09/2023, 05:11:05,540
FROV00001,FrozenEngine,1294,10/09/2023, 06:15:41,540
FROV00001,FrozenEngine,1294,10/09/2023, 07:11:19,540
FROV00001,FrozenEngine,1294,10/09/2023, 08:15:25,540
FROV00001,FrozenEngine,1294,10/09/2023, 09:12:38,540
FROV00001,FrozenEngine,1294,10/09/2023, 10:12:51,540
FROV00001,FrozenEngine,1294,10/09/2023, 11:10:11,540
FROV00001,FrozenEngine,1294,10/09/2023, 12:23:03,540
FROV00001,FrozenEngine,1294,10/09/2023, 13:16:56,540
FROV00001,FrozenEngine,1294,10/09/2023, 14:11:39,540
FROV00001,FrozenEngine,1294,10/09/2023, 15:12:27,540
FROV00001,FrozenEngine,1294,10/09/2023, 16:14:51,540
FROV00001,FrozenEngine,1294,10/09/2023, 17:10:43,540
FROV00001,FrozenEngine,1294,10/09/2023, 18:14:17,540
FROV00001,FrozenEngine,1295,10/09/2023, 19:09:10,540
FROV00001,FrozenEngine,1295,10/09/2023, 20:11:25,540
FROV00001,FrozenEngine,1295,10/09/2023, 21:10:20,540
FROV00001,FrozenEngine,1295,10/09/2023, 22:10:24,540
FROV00001,FrozenEngine,1295,10/09/2023, 23:11:10,540
FROV00001,FrozenEngine,1295,10/10/2023, 00:49:11,540
FROV00001,FrozenEngine,1295,10/10/2023, 01:45:39,540
FROV00001,FrozenEngine,1295,10/10/2023, 02:18:41,540
FROV00001,FrozenEngine,1295,10/10/2023, 03:11:52,540
FROV00001,FrozenEngine,1295,10/10/2023, 04:13:26,540
FROV00001,FrozenEngine,1295,10/10/2023, 05:11:18,540
FROV00001,FrozenEngine,1295,10/10/2023, 06:15:48,540
FROV00001,FrozenEngine,1295,10/10/2023, 07:10:53,540
FROV00001,FrozenEngine,1295,10/10/2023, 08:15:09,540
FROV00001,FrozenEngine,1295,10/10/2023, 09:12:05,540
FROV00001,FrozenEngine,1295,10/10/2023, 10:12:31,540
FROV00001,FrozenEngine,1295,10/10/2023, 11:09:53,540
FROV00001,FrozenEngine,1295,10/10/2023, 12:21:16,540
FROV00001,FrozenEngine,1295,10/10/2023, 13:15:02,540
FROV00001,FrozenEngine,1295,10/10/2023, 14:10:57,540
FROV00001,FrozenEngine,1295,10/10/2023, 15:12:21,540
FROV00001,FrozenEngine,1295,10/10/2023, 16:14:54,540
FROV00001,FrozenEngine,1295,10/10/2023, 17:10:16,540
FROV00001,FrozenEngine,1295,10/10/2023, 18:15:04,540
FROV00001,FrozenEngine,1295,10/10/2023, 19:08:48,540
FROV00001,FrozenEngine,1296,10/10/2023, 20:10:51,540
FROV00001,FrozenEngine,1296,10/10/2023, 21:10:52,540
FROV00001,FrozenEngine,1296,10/10/2023, 22:10:33,540
FROV00001,FrozenEngine,1296,10/10/2023, 23:10:46,540
FROV00001,FrozenEngine,1296,10/11/2023, 00:51:29,540
FROV00001,FrozenEngine,1296,10/11/2023, 01:46:11,540
FROV00001,FrozenEngine,1296,10/11/2023, 02:18:39,540
FROV00001,FrozenEngine,1296,10/11/2023, 03:11:46,540
FROV00001,FrozenEngine,1296,10/11/2023, 04:13:33,540
FROV00001,FrozenEngine,1296,10/11/2023, 05:10:59,540
FROV00001,FrozenEngine,1296,10/11/2023, 06:16:12,540
FROV00001,FrozenEngine,1296,10/11/2023, 07:11:02,540
FROV00001,FrozenEngine,1296,10/11/2023, 08:15:15,540
FROV00001,FrozenEngine,1296,10/11/2023, 09:11:48,540
FROV00001,FrozenEngine,1296,10/11/2023, 10:12:43,540
FROV00001,FrozenEngine,1296,10/11/2023, 11:10:16,540
FROV00001,FrozenEngine,1296,10/11/2023, 12:22:03,540
FROV00001,FrozenEngine,1296,10/11/2023, 13:15:26,540
FROV00001,FrozenEngine,1296,10/11/2023, 14:11:44,540
FROV00001,FrozenEngine,1296,10/11/2023, 15:11:20,540
FROV00001,FrozenEngine,1296,10/11/2023, 16:14:41,540
FROV00001,FrozenEngine,1296,10/11/2023, 17:10:54,540
FROV00001,FrozenEngine,1296,10/11/2023, 18:15:07,540
FROV00001,FrozenEngine,1296,10/11/2023, 19:09:45,540
FROV00001,FrozenEngine,1296,10/11/2023, 20:12:08,540
FROV00001,FrozenEngine,1296,10/11/2023, 21:10:48,540
FROV00001,FrozenEngine,1296,10/11/2023, 22:10:36,540
FROV00001,FrozenEngine,1296,10/11/2023, 23:11:20,540
FROV00001,FrozenEngine,1296,10/12/2023, 00:46:49,540
FROV00001,FrozenEngine,1296,10/12/2023, 01:43:58,540
FROV00001,FrozenEngine,1296,10/12/2023, 02:16:59,540
FROV00001,FrozenEngine,1296,10/12/2023, 03:12:06,540
FROV00001,FrozenEngine,1296,10/12/2023, 04:13:16,540
FROV00001,FrozenEngine,1296,10/12/2023, 05:11:16,540
FROV00001,FrozenEngine,1296,10/12/2023, 06:15:11,540
FROV00001,FrozenEngine,1296,10/12/2023, 07:11:38,540
FROV00001,FrozenEngine,1296,10/12/2023, 08:14:56,540
FROV00001,FrozenEngine,1296,10/12/2023, 09:11:30,540
FROV00001,FrozenEngine,1296,10/12/2023, 10:12:03,540
FROV00001,FrozenEngine,1296,10/12/2023, 11:10:07,540
FROV00001,FrozenEngine,1296,10/12/2023, 12:21:42,540
FROV00001,FrozenEngine,1296,10/12/2023, 13:15:06,540
FROV00001,FrozenEngine,1296,10/12/2023, 14:10:51,540
FROV00001,FrozenEngine,1296,10/12/2023, 15:12:05,540
FROV00001,FrozenEngine,1296,10/12/2023, 16:15:07,540
FROV00001,FrozenEngine,1296,10/12/2023, 17:10:56,540
FROV00001,FrozenEngine,1296,10/12/2023, 18:14:37,540
FROV00001,FrozenEngine,1296,10/12/2023, 19:09:20,540
FROV00001,FrozenEngine,1296,10/12/2023, 20:11:10,540
FROV00001,FrozenEngine,1296,10/12/2023, 21:10:14,540
FROV00001,FrozenEngine,1296,10/12/2023, 22:10:47,540
FROV00001,FrozenEngine,1296,10/12/2023, 23:11:53,540
FROV00001,FrozenEngine,1296,10/13/2023, 00:50:45,540
FROV00001,FrozenEngine,1296,10/13/2023, 01:52:16,540
FROV00001,FrozenEngine,1296,10/13/2023, 02:22:23,540
FROV00001,FrozenEngine,1296,10/13/2023, 03:12:11,540
FROV00001,FrozenEngine,1296,10/13/2023, 04:13:24,540
FROV00001,FrozenEngine,1296,10/13/2023, 05:11:15,540
FROV00001,FrozenEngine,1296,10/13/2023, 06:15:30,540
FROV00001,FrozenEngine,1296,10/13/2023, 07:10:56,540
FROV00001,FrozenEngine,1296,10/13/2023, 08:15:17,540
FROV00001,FrozenEngine,1296,10/13/2023, 09:11:30,540
FROV00001,FrozenEngine,1296,10/13/2023, 10:12:35,540
FROV00001,FrozenEngine,1296,10/13/2023, 11:09:40,540
FROV00001,FrozenEngine,1296,10/13/2023, 12:21:42,540
FROV00001,FrozenEngine,1296,10/13/2023, 13:15:26,540
FROV00001,FrozenEngine,1296,10/13/2023, 14:11:03,540
FROV00001,FrozenEngine,1296,10/13/2023, 15:11:56,540
FROV00001,FrozenEngine,1296,10/13/2023, 16:14:17,540
FROV00001,FrozenEngine,1296,10/13/2023, 17:10:32,540
FROV00001,FrozenEngine,1296,10/13/2023, 18:14:56,540
FROV00001,FrozenEngine,1296,10/13/2023, 19:09:32,540
FROV00001,FrozenEngine,1296,10/13/2023, 20:12:38,540
FROV00001,FrozenEngine,1296,10/13/2023, 21:10:11,540
FROV00001,FrozenEngine,1296,10/13/2023, 22:10:44,540
FROV00001,FrozenEngine,1296,10/13/2023, 23:10:53,540
FROV00001,FrozenEngine,1296,10/14/2023, 00:47:45,540
FROV00001,FrozenEngine,1296,10/14/2023, 01:43:03,540
FROV00001,FrozenEngine,1296,10/14/2023, 02:15:39,540
FROV00001,FrozenEngine,1296,10/14/2023, 03:11:43,540
FROV00001,FrozenEngine,1296,10/14/2023, 04:13:01,540
FROV00001,FrozenEngine,1296,10/14/2023, 05:10:31,540
FROV00001,FrozenEngine,1296,10/14/2023, 06:13:58,540
FROV00001,FrozenEngine,1296,10/14/2023, 07:10:01,540
FROV00001,FrozenEngine,1296,10/14/2023, 08:13:00,540
FROV00001,FrozenEngine,1296,10/14/2023, 09:10:11,540
FROV00001,FrozenEngine,1296,10/14/2023, 10:10:41,540
FROV00001,FrozenEngine,1296,10/14/2023, 11:09:13,540
FROV00001,FrozenEngine,1296,10/14/2023, 12:18:51,540
FROV00001,FrozenEngine,1296,10/14/2023, 13:11:49,540
FROV00001,FrozenEngine,1296,10/14/2023, 14:09:26,540
FROV00001,FrozenEngine,1296,10/14/2023, 15:10:43,540
FROV00001,FrozenEngine,1296,10/14/2023, 16:12:44,540
FROV00001,FrozenEngine,1296,10/14/2023, 17:09:22,540
FROV00001,FrozenEngine,1296,10/14/2023, 18:13:33,540
FROV00001,FrozenEngine,1296,10/14/2023, 19:08:30,540
FROV00001,FrozenEngine,1296,10/14/2023, 20:11:21,540
FROV00001,FrozenEngine,1296,10/14/2023, 21:09:22,540
FROV00001,FrozenEngine,1296,10/14/2023, 22:09:51,540
FROV00001,FrozenEngine,1296,10/14/2023, 23:10:53,540
FROV00001,FrozenEngine,1296,10/15/2023, 00:52:58,540
FROV00001,FrozenEngine,1296,10/15/2023, 01:53:12,540
FROV00001,FrozenEngine,1296,10/15/2023, 02:21:34,540
FROV00001,FrozenEngine,1296,10/15/2023, 03:11:29,540
FROV00001,FrozenEngine,1296,10/15/2023, 04:13:07,540
FROV00001,FrozenEngine,1296,10/15/2023, 05:10:51,540
FROV00001,FrozenEngine,1296,10/15/2023, 06:14:18,540
FROV00001,FrozenEngine,1296,10/15/2023, 07:10:04,540
FROV00001,FrozenEngine,1296,10/15/2023, 08:13:15,540
FROV00001,FrozenEngine,1296,10/15/2023, 09:10:00,540
FROV00001,FrozenEngine,1296,10/15/2023, 10:11:07,540
FROV00001,FrozenEngine,1296,10/15/2023, 11:08:48,540
FROV00001,FrozenEngine,1296,10/15/2023, 12:19:31,540
FROV00001,FrozenEngine,1296,10/15/2023, 13:11:25,540
FROV00001,FrozenEngine,1296,10/15/2023, 14:09:59,540
FROV00001,FrozenEngine,1296,10/15/2023, 15:10:37,540
FROV00001,FrozenEngine,1296,10/15/2023, 16:15:26,540
FROV00001,FrozenEngine,1296,10/15/2023, 17:09:22,540
FROV00001,FrozenEngine,1296,10/15/2023, 18:13:44,540
FROV00001,FrozenEngine,1296,10/15/2023, 19:09:05,540
FROV00001,FrozenEngine,1296,10/15/2023, 20:11:06,540
FROV00001,FrozenEngine,1296,10/15/2023, 21:09:37,540
FROV00001,FrozenEngine,1296,10/15/2023, 22:10:17,540
FROV00001,FrozenEngine,1296,10/15/2023, 23:10:49,540
FROV00001,FrozenEngine,1296,10/16/2023, 00:50:42,540
FROV00001,FrozenEngine,1296,10/16/2023, 01:51:12,540
FROV00001,FrozenEngine,1296,10/16/2023, 02:21:06,540
FROV00001,FrozenEngine,1296,10/16/2023, 03:12:32,540
FROV00001,FrozenEngine,1296,10/16/2023, 04:13:40,540
FROV00001,FrozenEngine,1296,10/16/2023, 05:11:40,540
FROV00001,FrozenEngine,1296,10/16/2023, 06:15:36,540
FROV00001,FrozenEngine,1296,10/16/2023, 07:11:28,540
FROV00001,FrozenEngine,1296,10/16/2023, 08:15:56,540
FROV00001,FrozenEngine,1296,10/16/2023, 09:12:45,540
FROV00001,FrozenEngine,1296,10/16/2023, 10:13:08,540
FROV00001,FrozenEngine,1296,10/16/2023, 11:10:18,540
FROV00001,FrozenEngine,1296,10/16/2023, 12:22:14,540
FROV00001,FrozenEngine,1296,10/16/2023, 13:15:58,540
FROV00001,FrozenEngine,1296,10/16/2023, 14:12:02,540
FROV00001,FrozenEngine,1296,10/16/2023, 15:11:54,540
FROV00001,FrozenEngine,1296,10/16/2023, 16:15:11,540
FROV00001,FrozenEngine,1296,10/16/2023, 17:10:56,540
FROV00001,FrozenEngine,1296,10/16/2023, 18:15:33,540
FROV00001,FrozenEngine,1296,10/16/2023, 19:09:43,540
FROV00001,FrozenEngine,1296,10/16/2023, 20:13:05,540
FROV00001,FrozenEngine,1296,10/16/2023, 21:10:46,540
FROV00001,FrozenEngine,1296,10/16/2023, 22:10:52,540
FROV00001,FrozenEngine,1296,10/16/2023, 23:10:59,540
FROV00001,FrozenEngine,1296,10/17/2023, 00:50:10,540
FROV00001,FrozenEngine,1296,10/17/2023, 01:48:51,540
FROV00001,FrozenEngine,1296,10/17/2023, 02:19:28,540
FROV00001,FrozenEngine,1296,10/17/2023, 03:12:24,540
FROV00001,FrozenEngine,1296,10/17/2023, 04:13:28,540
FROV00001,FrozenEngine,1296,10/17/2023, 05:11:20,540
FROV00001,FrozenEngine,1296,10/17/2023, 06:15:50,540
FROV00001,FrozenEngine,1296,10/17/2023, 07:11:37,540
FROV00001,FrozenEngine,1296,10/17/2023, 08:15:12,540
FROV00001,FrozenEngine,1296,10/17/2023, 09:11:54,540
FROV00001,FrozenEngine,1296,10/17/2023, 10:12:51,540
FROV00001,FrozenEngine,1296,10/17/2023, 11:09:43,540
FROV00001,FrozenEngine,1296,10/17/2023, 12:22:07,540
FROV00001,FrozenEngine,1296,10/17/2023, 13:15:19,540
FROV00001,FrozenEngine,1296,10/17/2023, 14:11:10,540
FROV00001,FrozenEngine,1296,10/17/2023, 15:12:00,540
FROV00001,FrozenEngine,1296,10/17/2023, 16:15:15,540
FROV00001,FrozenEngine,1296,10/17/2023, 17:10:51,540
FROV00001,FrozenEngine,1296,10/17/2023, 18:15:25,540
FROV00001,FrozenEngine,1296,10/17/2023, 19:09:34,540
FROV00001,FrozenEngine,1296,10/17/2023, 20:12:01,540
FROV00001,FrozenEngine,1296,10/17/2023, 21:10:34,540
FROV00001,FrozenEngine,1296,10/17/2023, 22:10:39,540
FROV00001,FrozenEngine,1296,10/17/2023, 23:11:19,540
FROV00001,FrozenEngine,1296,10/18/2023, 00:49:38,540
FROV00001,FrozenEngine,1296,10/18/2023, 01:48:49,540
FROV00001,FrozenEngine,1296,10/18/2023, 02:19:23,540
FROV00001,FrozenEngine,1296,10/18/2023, 03:12:24,540
FROV00001,FrozenEngine,1296,10/18/2023, 04:13:47,540
FROV00001,FrozenEngine,1296,10/18/2023, 05:11:15,540
FROV00001,FrozenEngine,1296,10/18/2023, 06:15:22,540
FROV00001,FrozenEngine,1296,10/18/2023, 07:11:15,540
FROV00001,FrozenEngine,1296,10/18/2023, 08:14:42,540
FROV00001,FrozenEngine,1296,10/18/2023, 09:12:18,540
FROV00001,FrozenEngine,1296,10/18/2023, 10:12:14,540
FROV00001,FrozenEngine,1296,10/18/2023, 11:09:44,540
FROV00001,FrozenEngine,1296,10/18/2023, 12:21:51,540
FROV00001,FrozenEngine,1296,10/18/2023, 13:14:53,540
FROV00001,FrozenEngine,1296,10/18/2023, 14:10:57,540
FROV00001,FrozenEngine,1296,10/18/2023, 15:12:18,540
FROV00001,FrozenEngine,1296,10/18/2023, 16:14:47,540
FROV00001,FrozenEngine,1296,10/18/2023, 17:11:25,540
FROV00001,FrozenEngine,1296,10/18/2023, 18:15:19,540
FROV00001,FrozenEngine,1296,10/18/2023, 19:10:14,540
FROV00001,FrozenEngine,1296,10/18/2023, 20:12:07,540
FROV00001,FrozenEngine,1296,10/18/2023, 21:10:10,540
FROV00001,FrozenEngine,1296,10/18/2023, 22:11:07,540
FROV00001,FrozenEngine,1296,10/18/2023, 23:11:15,540
FROV00001,FrozenEngine,1296,10/19/2023, 00:49:13,540
FROV00001,FrozenEngine,1296,10/19/2023, 01:47:29,540
FROV00001,FrozenEngine,1296,10/19/2023, 02:19:02,540
FROV00001,FrozenEngine,1296,10/19/2023, 03:12:15,540
FROV00001,FrozenEngine,1296,10/19/2023, 04:13:32,540
FROV00001,FrozenEngine,1296,10/19/2023, 05:11:16,540
FROV00001,FrozenEngine,1296,10/19/2023, 06:15:43,540
FROV00001,FrozenEngine,1296,10/19/2023, 07:11:08,540
FROV00001,FrozenEngine,1296,10/19/2023, 08:14:57,540
FROV00001,FrozenEngine,1296,10/19/2023, 09:11:35,540
FROV00001,FrozenEngine,1296,10/19/2023, 10:12:29,540
FROV00001,FrozenEngine,1296,10/19/2023, 11:09:44,540
FROV00001,FrozenEngine,1296,10/19/2023, 12:21:46,540
FROV00001,FrozenEngine,1296,10/19/2023, 13:14:57,540
FROV00001,FrozenEngine,1296,10/19/2023, 14:11:16,540
FROV00001,FrozenEngine,1296,10/19/2023, 15:11:48,540
FROV00001,FrozenEngine,1296,10/19/2023, 16:15:00,540
FROV00001,FrozenEngine,1296,10/19/2023, 17:10:16,540
FROV00001,FrozenEngine,1296,10/19/2023, 18:14:33,540
FROV00001,FrozenEngine,1296,10/19/2023, 19:09:41,540
FROV00001,FrozenEngine,1296,10/19/2023, 20:12:28,540
FROV00001,FrozenEngine,1296,10/19/2023, 21:09:39,540
FROV00001,FrozenEngine,1296,10/19/2023, 22:10:27,540
FROV00001,FrozenEngine,1296,10/19/2023, 23:11:32,540
FROV00001,FrozenEngine,1296,10/20/2023, 00:49:36,540
FROV00001,FrozenEngine,1296,10/20/2023, 01:46:50,540
FROV00001,FrozenEngine,1296,10/20/2023, 02:19:00,540
FROV00001,FrozenEngine,1296,10/20/2023, 03:12:04,540
FROV00001,FrozenEngine,1296,10/20/2023, 04:13:46,540
FROV00001,FrozenEngine,1296,10/20/2023, 05:10:52,540
FROV00001,FrozenEngine,1296,10/20/2023, 06:15:06,540
FROV00001,FrozenEngine,1296,10/20/2023, 07:11:20,540
FROV00001,FrozenEngine,1297,10/20/2023, 08:14:53,540
FROV00001,FrozenEngine,1297,10/20/2023, 09:11:35,540
FROV00001,FrozenEngine,1297,10/20/2023, 10:12:26,540
FROV00001,FrozenEngine,1297,10/20/2023, 11:10:03,540
FROV00001,FrozenEngine,1297,10/20/2023, 12:21:02,540
FROV00001,FrozenEngine,1297,10/20/2023, 13:14:23,540
FROV00001,FrozenEngine,1297,10/20/2023, 14:10:50,540
FROV00001,FrozenEngine,1297,10/20/2023, 15:10:29,540
FROV00001,FrozenEngine,1297,10/20/2023, 16:14:15,540
FROV00001,FrozenEngine,1297,10/20/2023, 17:10:22,540
FROV00001,FrozenEngine,1297,10/20/2023, 18:13:47,540
FROV00001,FrozenEngine,1297,10/20/2023, 19:09:08,540
FROV00001,FrozenEngine,1297,10/20/2023, 20:11:51,540
FROV00001,FrozenEngine,1297,10/20/2023, 21:09:51,540
FROV00001,FrozenEngine,1297,10/20/2023, 22:10:29,540
FROV00001,FrozenEngine,1297,10/20/2023, 23:10:53,540
FROV00001,FrozenEngine,1297,10/21/2023, 00:47:27,540
FROV00001,FrozenEngine,1297,10/21/2023, 01:42:53,540
FROV00001,FrozenEngine,1297,10/21/2023, 02:16:06,540
FROV00001,FrozenEngine,1297,10/21/2023, 03:11:41,540
FROV00001,FrozenEngine,1297,10/21/2023, 04:13:20,540
FROV00001,FrozenEngine,1297,10/21/2023, 05:11:31,540
FROV00001,FrozenEngine,1297,10/21/2023, 06:13:59,540
FROV00001,FrozenEngine,1297,10/21/2023, 07:09:59,540
FROV00001,FrozenEngine,1297,10/21/2023, 08:13:08,540
FROV00001,FrozenEngine,1297,10/21/2023, 09:10:06,540
FROV00001,FrozenEngine,1297,10/21/2023, 10:10:41,540
FROV00001,FrozenEngine,1297,10/21/2023, 11:09:19,540
FROV00001,FrozenEngine,1297,10/21/2023, 12:18:46,540
FROV00001,FrozenEngine,1298,10/21/2023, 13:11:29,540
FROV00001,FrozenEngine,1298,10/21/2023, 14:09:13,540
FROV00001,FrozenEngine,1298,10/21/2023, 15:10:35,540
FROV00001,FrozenEngine,1298,10/21/2023, 16:13:26,540
FROV00001,FrozenEngine,1298,10/21/2023, 17:09:38,540
FROV00001,FrozenEngine,1298,10/21/2023, 18:13:01,540
FROV00001,FrozenEngine,1298,10/21/2023, 19:08:46,540
FROV00001,FrozenEngine,1298,10/21/2023, 20:11:12,540
FROV00001,FrozenEngine,1298,10/21/2023, 21:09:27,540
FROV00001,FrozenEngine,1298,10/21/2023, 22:10:17,540
FROV00001,FrozenEngine,1298,10/21/2023, 23:10:39,540
FROV00001,FrozenEngine,1298,10/22/2023, 00:53:17,540
FROV00001,FrozenEngine,1298,10/22/2023, 01:53:24,540
FROV00001,FrozenEngine,1298,10/22/2023, 02:21:28,540
FROV00001,FrozenEngine,1298,10/22/2023, 03:11:44,540
FROV00001,FrozenEngine,1298,10/22/2023, 04:13:21,540
FROV00001,FrozenEngine,1298,10/22/2023, 05:11:16,540
FROV00001,FrozenEngine,1298,10/22/2023, 06:14:25,540
FROV00001,FrozenEngine,1298,10/22/2023, 07:09:55,540
FROV00001,FrozenEngine,1298,10/22/2023, 08:12:59,540
FROV00001,FrozenEngine,1298,10/22/2023, 09:10:21,540
FROV00001,FrozenEngine,1298,10/22/2023, 10:11:24,540
FROV00001,FrozenEngine,1298,10/22/2023, 11:09:15,540
FROV00001,FrozenEngine,1298,10/22/2023, 12:19:26,540
FROV00001,FrozenEngine,1298,10/22/2023, 13:12:01,540
FROV00001,FrozenEngine,1298,10/22/2023, 14:10:04,540
FROV00001,FrozenEngine,1298,10/22/2023, 15:10:17,540
FROV00001,FrozenEngine,1298,10/22/2023, 16:13:42,540
FROV00001,FrozenEngine,1298,10/22/2023, 17:10:19,540
FROV00001,FrozenEngine,1298,10/22/2023, 18:12:54,540
FROV00001,FrozenEngine,1298,10/22/2023, 19:10:12,540
FROV00001,FrozenEngine,1298,10/22/2023, 20:11:02,540
FROV00001,FrozenEngine,1298,10/22/2023, 21:09:39,540
FROV00001,FrozenEngine,1298,10/22/2023, 22:09:54,540
FROV00001,FrozenEngine,1298,10/22/2023, 23:10:45,540
FROV00001,FrozenEngine,1298,10/23/2023, 00:50:06,540
FROV00001,FrozenEngine,1298,10/23/2023, 01:48:42,540
FROV00001,FrozenEngine,1298,10/23/2023, 02:19:56,540
FROV00001,FrozenEngine,1298,10/23/2023, 03:12:32,540
FROV00001,FrozenEngine,1298,10/23/2023, 04:13:52,540
FROV00001,FrozenEngine,1298,10/23/2023, 05:11:38,540
FROV00001,FrozenEngine,1298,10/23/2023, 06:15:52,540
FROV00001,FrozenEngine,1298,10/23/2023, 07:11:25,540
FROV00001,FrozenEngine,1298,10/23/2023, 08:15:35,540
FROV00001,FrozenEngine,1298,10/23/2023, 09:12:39,540
FROV00001,FrozenEngine,1298,10/23/2023, 10:13:12,540
FROV00001,FrozenEngine,1298,10/23/2023, 11:09:41,540
FROV00001,FrozenEngine,1298,10/23/2023, 12:21:42,540
FROV00001,FrozenEngine,1298,10/23/2023, 13:15:18,540
FROV00001,FrozenEngine,1298,10/23/2023, 14:11:19,540
FROV00001,FrozenEngine,1298,10/23/2023, 15:12:30,540
FROV00001,FrozenEngine,1298,10/23/2023, 16:14:50,540
FROV00001,FrozenEngine,1298,10/23/2023, 17:10:01,540
FROV00001,FrozenEngine,1298,10/23/2023, 18:13:42,540
FROV00001,FrozenEngine,1298,10/23/2023, 19:09:48,540
FROV00001,FrozenEngine,1298,10/23/2023, 20:11:16,540
FROV00001,FrozenEngine,1298,10/23/2023, 21:10:27,540
FROV00001,FrozenEngine,1298,10/23/2023, 22:11:19,540
FROV00001,FrozenEngine,1298,10/23/2023, 23:11:27,540
FROV00001,FrozenEngine,1298,10/24/2023, 00:49:29,540
FROV00001,FrozenEngine,1298,10/24/2023, 01:46:41,540
FROV00001,FrozenEngine,1298,10/24/2023, 02:19:17,540
FROV00001,FrozenEngine,1298,10/24/2023, 03:12:57,540
FROV00001,FrozenEngine,1298,10/24/2023, 04:13:03,540
FROV00001,FrozenEngine,1298,10/24/2023, 05:11:01,540
FROV00001,FrozenEngine,1298,10/24/2023, 06:14:51,540
FROV00001,FrozenEngine,1298,10/24/2023, 07:11:11,540
FROV00001,FrozenEngine,1298,10/24/2023, 08:14:59,540
FROV00001,FrozenEngine,1298,10/24/2023, 09:11:50,540
FROV00001,FrozenEngine,1298,10/24/2023, 10:12:37,540
FROV00001,FrozenEngine,1298,10/24/2023, 11:09:17,540
FROV00001,FrozenEngine,1298,10/24/2023, 12:20:44,540
FROV00001,FrozenEngine,1298,10/24/2023, 13:14:20,540
FROV00001,FrozenEngine,1298,10/24/2023, 14:10:01,540
FROV00001,FrozenEngine,1298,10/24/2023, 15:12:55,540
FROV00001,FrozenEngine,1298,10/24/2023, 16:15:09,540
FROV00001,FrozenEngine,1298,10/24/2023, 17:10:56,540
FROV00001,FrozenEngine,1298,10/24/2023, 18:14:47,540
FROV00001,FrozenEngine,1298,10/24/2023, 19:09:19,540
FROV00001,FrozenEngine,1298,10/24/2023, 20:12:19,540
FROV00001,FrozenEngine,1298,10/24/2023, 21:10:18,540
FROV00001,FrozenEngine,1298,10/24/2023, 22:10:36,540
FROV00001,FrozenEngine,1298,10/24/2023, 23:11:11,540
FROV00001,FrozenEngine,1298,10/25/2023, 00:49:31,540
FROV00001,FrozenEngine,1298,10/25/2023, 01:46:18,540
FROV00001,FrozenEngine,1298,10/25/2023, 02:18:45,540
FROV00001,FrozenEngine,1298,10/25/2023, 03:12:19,540
FROV00001,FrozenEngine,1298,10/25/2023, 04:14:00,540
FROV00001,FrozenEngine,1298,10/25/2023, 05:11:09,540
FROV00001,FrozenEngine,1298,10/25/2023, 06:15:04,540
FROV00001,FrozenEngine,1298,10/25/2023, 07:11:44,540
FROV00001,FrozenEngine,1298,10/25/2023, 08:15:10,540
FROV00001,FrozenEngine,1298,10/25/2023, 09:12:21,540
FROV00001,FrozenEngine,1298,10/25/2023, 10:12:32,540
FROV00001,FrozenEngine,1298,10/25/2023, 11:10:02,540
FROV00001,FrozenEngine,1298,10/25/2023, 12:21:04,540
FROV00001,FrozenEngine,1298,10/25/2023, 13:14:12,540
FROV00001,FrozenEngine,1298,10/25/2023, 14:10:39,540
FROV00001,FrozenEngine,1298,10/25/2023, 15:11:30,540
FROV00001,FrozenEngine,1298,10/25/2023, 16:14:26,540
FROV00001,FrozenEngine,1298,10/25/2023, 17:09:38,540
FROV00001,FrozenEngine,1298,10/25/2023, 18:14:29,540
FROV00001,FrozenEngine,1298,10/25/2023, 19:09:06,540
FROV00001,FrozenEngine,1298,10/25/2023, 20:11:44,540
FROV00001,FrozenEngine,1298,10/25/2023, 21:10:23,540
FROV00001,FrozenEngine,1298,10/25/2023, 22:10:30,540
FROV00001,FrozenEngine,1298,10/25/2023, 23:11:47,540
FROV00001,FrozenEngine,1298,10/26/2023, 00:48:36,540
FROV00001,FrozenEngine,1298,10/26/2023, 01:43:56,540
FROV00001,FrozenEngine,1298,10/26/2023, 02:17:43,540
FROV00001,FrozenEngine,1298,10/26/2023, 03:12:02,540
FROV00001,FrozenEngine,1298,10/26/2023, 04:13:20,540
FROV00001,FrozenEngine,1298,10/26/2023, 05:11:09,540
FROV00001,FrozenEngine,1298,10/26/2023, 06:14:47,540
FROV00001,FrozenEngine,1298,10/26/2023, 07:11:16,540
FROV00001,FrozenEngine,1298,10/26/2023, 08:14:36,540
FROV00001,FrozenEngine,1298,10/26/2023, 09:11:37,540
FROV00001,FrozenEngine,1298,10/26/2023, 10:12:07,540
FROV00001,FrozenEngine,1298,10/26/2023, 11:09:35,540
FROV00001,FrozenEngine,1298,10/26/2023, 15:11:43,540
FROV00001,FrozenEngine,1298,10/26/2023, 16:14:03,540
FROV00001,FrozenEngine,1298,10/26/2023, 17:10:35,540
FROV00001,FrozenEngine,1298,10/26/2023, 18:14:43,540
FROV00001,FrozenEngine,1298,10/26/2023, 19:09:29,540
FROV00001,FrozenEngine,1298,10/26/2023, 20:12:13,540
FROV00001,FrozenEngine,1298,10/26/2023, 21:10:35,540
FROV00001,FrozenEngine,1298,10/26/2023, 22:10:52,540
FROV00001,FrozenEngine,1298,10/26/2023, 23:11:47,540
FROV00001,FrozenEngine,1298,10/27/2023, 00:48:22,540
FROV00001,FrozenEngine,1298,10/27/2023, 01:44:29,540
FROV00001,FrozenEngine,1298,10/27/2023, 02:17:30,540
FROV00001,FrozenEngine,1298,10/27/2023, 03:12:12,540
FROV00001,FrozenEngine,1298,10/27/2023, 04:13:49,540
FROV00001,FrozenEngine,1298,10/27/2023, 05:11:08,540
FROV00001,FrozenEngine,1298,10/27/2023, 06:15:10,540
FROV00001,FrozenEngine,1298,10/27/2023, 07:10:58,540
FROV00001,FrozenEngine,1298,10/27/2023, 08:14:24,540
FROV00001,FrozenEngine,1298,10/27/2023, 09:10:58,540
FROV00001,FrozenEngine,1298,10/27/2023, 10:12:11,540
FROV00001,FrozenEngine,1298,10/27/2023, 11:09:37,540
FROV00001,FrozenEngine,1298,10/27/2023, 12:20:25,540
FROV00001,FrozenEngine,1298,10/27/2023, 13:13:41,540
FROV00001,FrozenEngine,1298,10/27/2023, 14:10:35,540
FROV00001,FrozenEngine,1298,10/27/2023, 15:11:40,540
FROV00001,FrozenEngine,1298,10/27/2023, 16:13:56,540
FROV00001,FrozenEngine,1298,10/27/2023, 17:08:56,540
FROV00001,FrozenEngine,1298,10/27/2023, 18:14:16,540
FROV00001,FrozenEngine,1298,10/27/2023, 19:08:36,540
FROV00001,FrozenEngine,1298,10/27/2023, 20:11:35,540
FROV00001,FrozenEngine,1298,10/27/2023, 21:10:04,540
FROV00001,FrozenEngine,1298,10/27/2023, 22:11:04,540
FROV00001,FrozenEngine,1298,10/27/2023, 23:10:55,540
FROV00001,FrozenEngine,1298,10/28/2023, 00:46:56,540
FROV00001,FrozenEngine,1298,10/28/2023, 01:42:19,540
FROV00001,FrozenEngine,1298,10/28/2023, 02:15:55,540
FROV00001,FrozenEngine,1298,10/28/2023, 03:11:48,540
FROV00001,FrozenEngine,1298,10/28/2023, 04:13:10,540
FROV00001,FrozenEngine,1298,10/28/2023, 05:10:23,540
FROV00001,FrozenEngine,1298,10/28/2023, 06:13:57,540
FROV00001,FrozenEngine,1298,10/28/2023, 07:10:38,540
FROV00001,FrozenEngine,1298,10/28/2023, 08:13:11,540
FROV00001,FrozenEngine,1298,10/28/2023, 09:10:25,540
FROV00001,FrozenEngine,1298,10/28/2023, 10:11:07,540
FROV00001,FrozenEngine,1298,10/28/2023, 11:09:18,540
FROV00001,FrozenEngine,1298,10/28/2023, 12:18:46,540
FROV00001,FrozenEngine,1298,10/28/2023, 13:11:39,540
FROV00001,FrozenEngine,1298,10/28/2023, 14:09:44,540
FROV00001,FrozenEngine,1298,10/28/2023, 15:11:38,540
FROV00001,FrozenEngine,1298,10/28/2023, 16:13:07,540
FROV00001,FrozenEngine,1298,10/28/2023, 17:09:46,540
FROV00001,FrozenEngine,1298,10/28/2023, 18:13:10,540
FROV00001,FrozenEngine,1298,10/28/2023, 19:08:54,540
FROV00001,FrozenEngine,1298,10/28/2023, 20:10:38,540
FROV00001,FrozenEngine,1298,10/28/2023, 21:09:26,540
FROV00001,FrozenEngine,1298,10/28/2023, 22:09:55,540
FROV00001,FrozenEngine,1298,10/28/2023, 23:10:15,540
FROV00001,FrozenEngine,1298,10/29/2023, 00:53:23,540
FROV00001,FrozenEngine,1298,10/29/2023, 01:51:51,540
FROV00001,FrozenEngine,1298,10/29/2023, 02:20:20,540
FROV00001,FrozenEngine,1298,10/29/2023, 03:11:52,540
FROV00001,FrozenEngine,1298,10/29/2023, 04:12:56,540
FROV00001,FrozenEngine,1298,10/29/2023, 05:10:37,540
FROV00001,FrozenEngine,1298,10/29/2023, 06:13:26,540
FROV00001,FrozenEngine,1298,10/29/2023, 07:10:14,540
FROV00001,FrozenEngine,1299,10/29/2023, 08:12:53,540
FROV00001,FrozenEngine,1299,10/29/2023, 09:10:49,540
FROV00001,FrozenEngine,1299,10/29/2023, 10:10:48,540
FROV00001,FrozenEngine,1299,10/29/2023, 11:09:18,540
FROV00001,FrozenEngine,1299,10/29/2023, 12:18:37,540
FROV00001,FrozenEngine,1299,10/29/2023, 13:12:11,540
FROV00001,FrozenEngine,1299,10/29/2023, 14:10:00,540
FROV00001,FrozenEngine,1299,10/29/2023, 15:10:38,540
FROV00001,FrozenEngine,1299,10/29/2023, 16:14:05,540
FROV00001,FrozenEngine,1299,10/29/2023, 17:09:18,540
FROV00001,FrozenEngine,1299,10/29/2023, 18:13:40,540
FROV00001,FrozenEngine,1299,10/29/2023, 19:09:03,540
FROV00001,FrozenEngine,1300,10/29/2023, 20:11:08,540
FROV00001,FrozenEngine,1300,10/29/2023, 21:09:48,540
FROV00001,FrozenEngine,1300,10/29/2023, 22:10:21,540
FROV00001,FrozenEngine,1300,10/29/2023, 23:10:58,540
FROV00001,FrozenEngine,1300,10/30/2023, 00:50:18,540
FROV00001,FrozenEngine,1300,10/30/2023, 01:49:47,540
FROV00001,FrozenEngine,1300,10/30/2023, 02:20:36,540
FROV00001,FrozenEngine,1300,10/30/2023, 03:12:19,540
FROV00001,FrozenEngine,1300,10/30/2023, 04:13:50,540
FROV00001,FrozenEngine,1300,10/30/2023, 05:11:46,540
FROV00001,FrozenEngine,1300,10/30/2023, 06:15:03,540
FROV00001,FrozenEngine,1300,10/30/2023, 07:11:12,540
FROV00001,FrozenEngine,1300,10/30/2023, 08:14:56,540
FROV00001,FrozenEngine,1300,10/30/2023, 09:12:10,540
FROV00001,FrozenEngine,1300,10/30/2023, 10:12:49,540
FROV00001,FrozenEngine,1300,10/30/2023, 11:09:36,540
FROV00001,FrozenEngine,1300,10/30/2023, 12:21:07,540
FROV00001,FrozenEngine,1300,10/30/2023, 13:14:15,540
FROV00001,FrozenEngine,1300,10/30/2023, 14:11:21,540
FROV00001,FrozenEngine,1300,10/30/2023, 15:12:30,540
FROV00001,FrozenEngine,1300,10/30/2023, 16:14:50,540
FROV00001,FrozenEngine,1300,10/30/2023, 17:10:34,540
FROV00001,FrozenEngine,1300,10/30/2023, 18:14:22,540
FROV00001,FrozenEngine,1300,10/30/2023, 19:09:37,540
FROV00001,FrozenEngine,1300,10/30/2023, 20:12:12,540
FROV00001,FrozenEngine,1300,10/30/2023, 21:09:32,540
FROV00001,FrozenEngine,1300,10/30/2023, 22:11:02,540
FROV00001,FrozenEngine,1300,10/30/2023, 23:11:24,540
FROV00001,FrozenEngine,1300,10/31/2023, 00:50:19,540
FROV00001,FrozenEngine,1300,10/31/2023, 01:48:47,540
FROV00001,FrozenEngine,1300,10/31/2023, 02:19:56,540
FROV00001,FrozenEngine,1300,10/31/2023, 03:11:55,540
FROV00001,FrozenEngine,1300,10/31/2023, 04:13:38,540
FROV00001,FrozenEngine,1300,10/31/2023, 05:11:14,540
FROV00001,FrozenEngine,1300,10/31/2023, 06:15:11,540
FROV00001,FrozenEngine,1300,10/31/2023, 07:11:09,540
FROV00001,FrozenEngine,1300,10/31/2023, 08:14:20,540
FROV00001,FrozenEngine,1300,10/31/2023, 09:11:54,540
FROV00001,FrozenEngine,1300,10/31/2023, 10:12:34,540
FROV00001,FrozenEngine,1300,10/31/2023, 11:09:57,540
FROV00001,FrozenEngine,1300,10/31/2023, 12:20:54,540
FROV00001,FrozenEngine,1300,10/31/2023, 13:13:43,540
FROV00001,FrozenEngine,1300,10/31/2023, 14:11:17,540
FROV00001,FrozenEngine,1300,10/31/2023, 15:12:27,540
FROV00001,FrozenEngine,1300,10/31/2023, 16:15:08,540
FROV00001,FrozenEngine,1300,10/31/2023, 17:10:50,540
FROV00001,FrozenEngine,1300,10/31/2023, 18:14:39,540
FROV00001,FrozenEngine,1300,10/31/2023, 19:10:34,540
FROV00001,FrozenEngine,1300,10/31/2023, 20:12:16,540
FROV00001,FrozenEngine,1300,10/31/2023, 21:09:54,540
FROV00001,FrozenEngine,1300,10/31/2023, 22:10:39,540
FROV00001,FrozenEngine,1300,10/31/2023, 23:10:57,540
FROV00001,FrozenEngine,1300,11/01/2023, 00:53:12,540
FROV00001,FrozenEngine,1300,11/01/2023, 01:53:58,540
FROV00001,FrozenEngine,1300,11/01/2023, 02:23:11,540
FROV00001,FrozenEngine,1300,11/01/2023, 03:12:31,540
FROV00001,FrozenEngine,1300,11/01/2023, 04:14:04,540
FROV00001,FrozenEngine,1300,11/01/2023, 05:11:28,540
FROV00001,FrozenEngine,1300,11/01/2023, 06:15:43,540
FROV00001,FrozenEngine,1300,11/01/2023, 07:11:31,540
FROV00001,FrozenEngine,1300,11/01/2023, 08:14:43,540
FROV00001,FrozenEngine,1300,11/01/2023, 09:11:43,540
FROV00001,FrozenEngine,1300,11/01/2023, 10:11:59,540
FROV00001,FrozenEngine,1300,11/01/2023, 11:10:03,540
FROV00001,FrozenEngine,1300,11/01/2023, 12:21:25,540
FROV00001,FrozenEngine,1300,11/01/2023, 13:14:04,540
FROV00001,FrozenEngine,1300,11/01/2023, 14:10:49,540
FROV00001,FrozenEngine,1300,11/01/2023, 15:11:46,540
FROV00001,FrozenEngine,1300,11/01/2023, 16:14:55,540
FROV00001,FrozenEngine,1300,11/01/2023, 17:10:39,540
FROV00001,FrozenEngine,1300,11/01/2023, 18:14:15,540
FROV00001,FrozenEngine,1300,11/01/2023, 19:09:11,540
FROV00001,FrozenEngine,1300,11/01/2023, 20:12:21,540
FROV00001,FrozenEngine,1300,11/01/2023, 21:10:01,540
FROV00001,FrozenEngine,1300,11/01/2023, 22:11:03,540
FROV00001,FrozenEngine,1300,11/01/2023, 23:11:32,540
FROV00001,FrozenEngine,1300,11/02/2023, 00:49:29,540
FROV00001,FrozenEngine,1300,11/02/2023, 01:46:58,540
FROV00001,FrozenEngine,1300,11/02/2023, 02:18:48,540
FROV00001,FrozenEngine,1300,11/02/2023, 03:12:30,540
FROV00001,FrozenEngine,1300,11/02/2023, 04:13:31,540
FROV00001,FrozenEngine,1300,11/02/2023, 05:11:38,540
FROV00001,FrozenEngine,1300,11/02/2023, 06:14:56,540
FROV00001,FrozenEngine,1300,11/02/2023, 07:11:47,540
FROV00001,FrozenEngine,1300,11/02/2023, 08:14:04,540
FROV00001,FrozenEngine,1300,11/02/2023, 09:11:49,540
FROV00001,FrozenEngine,1300,11/02/2023, 10:12:37,540
FROV00001,FrozenEngine,1300,11/02/2023, 11:10:25,540
FROV00001,FrozenEngine,1301,11/02/2023, 12:21:07,540
FROV00001,FrozenEngine,1301,11/02/2023, 13:14:07,540
FROV00001,FrozenEngine,1301,11/02/2023, 14:11:14,540
FROV00001,FrozenEngine,1301,11/02/2023, 15:11:56,540
FROV00001,FrozenEngine,1301,11/02/2023, 16:15:26,540
FROV00001,FrozenEngine,1301,11/02/2023, 17:11:02,540
FROV00001,FrozenEngine,1301,11/02/2023, 18:14:20,540
FROV00001,FrozenEngine,1301,11/02/2023, 19:09:35,540
FROV00001,FrozenEngine,1301,11/02/2023, 20:12:16,540
FROV00001,FrozenEngine,1301,11/02/2023, 21:10:06,540
FROV00001,FrozenEngine,1301,11/02/2023, 22:10:00,540
FROV00001,FrozenEngine,1301,11/02/2023, 23:11:27,540
FROV00001,FrozenEngine,1301,11/03/2023, 00:50:33,540
FROV00001,FrozenEngine,1301,11/03/2023, 01:49:20,540
FROV00001,FrozenEngine,1301,11/03/2023, 02:20:29,540
FROV00001,FrozenEngine,1301,11/03/2023, 03:11:58,540
FROV00001,FrozenEngine,1301,11/03/2023, 04:13:43,540
FROV00001,FrozenEngine,1301,11/03/2023, 05:11:21,540
FROV00001,FrozenEngine,1301,11/03/2023, 06:14:58,540
FROV00001,FrozenEngine,1301,11/03/2023, 07:10:46,540
FROV00001,FrozenEngine,1301,11/03/2023, 08:14:25,540
FROV00001,FrozenEngine,1301,11/03/2023, 09:12:04,540
FROV00001,FrozenEngine,1301,11/03/2023, 10:12:42,540
FROV00001,FrozenEngine,1301,11/03/2023, 11:10:03,540
FROV00001,FrozenEngine,1301,11/03/2023, 12:21:24,540
FROV00001,FrozenEngine,1301,11/03/2023, 13:14:38,540
FROV00001,FrozenEngine,1301,11/03/2023, 14:11:09,540
FROV00001,FrozenEngine,1301,11/03/2023, 15:12:22,540
FROV00001,FrozenEngine,1301,11/03/2023, 16:14:58,540
FROV00001,FrozenEngine,1301,11/03/2023, 17:10:58,540
FROV00001,FrozenEngine,1301,11/03/2023, 18:14:41,540
FROV00001,FrozenEngine,1301,11/03/2023, 19:09:46,540
FROV00001,FrozenEngine,1301,11/03/2023, 20:12:35,540
FROV00001,FrozenEngine,1301,11/03/2023, 21:09:13,540
FROV00001,FrozenEngine,1301,11/03/2023, 22:11:14,540
FROV00001,FrozenEngine,1301,11/03/2023, 23:11:38,540
FROV00001,FrozenEngine,1301,11/04/2023, 00:49:34,540
FROV00001,FrozenEngine,1301,11/04/2023, 01:45:53,540
FROV00001,FrozenEngine,1301,11/04/2023, 02:18:11,540
FROV00001,FrozenEngine,1301,11/04/2023, 03:11:43,540
FROV00001,FrozenEngine,1301,11/04/2023, 04:13:31,540
FROV00001,FrozenEngine,1301,11/04/2023, 05:11:12,540
FROV00001,FrozenEngine,1301,11/04/2023, 06:13:31,540
FROV00001,FrozenEngine,1301,11/04/2023, 07:10:46,540
FROV00001,FrozenEngine,1302,11/04/2023, 08:13:31,540
FROV00001,FrozenEngine,1302,11/04/2023, 09:10:34,540
FROV00001,FrozenEngine,1302,11/04/2023, 10:11:39,540
FROV00001,FrozenEngine,1302,11/04/2023, 11:10:05,540
FROV00001,FrozenEngine,1302,11/04/2023, 12:18:38,540
FROV00001,FrozenEngine,1302,11/04/2023, 13:11:53,540
FROV00001,FrozenEngine,1302,11/04/2023, 14:10:02,540
FROV00001,FrozenEngine,1302,11/04/2023, 15:10:42,540
FROV00001,FrozenEngine,1302,11/04/2023, 16:13:33,540
FROV00001,FrozenEngine,1302,11/04/2023, 17:09:50,540
FROV00001,FrozenEngine,1302,11/04/2023, 18:13:29,540
FROV00001,FrozenEngine,1302,11/04/2023, 19:08:54,540
FROV00001,FrozenEngine,1302,11/04/2023, 20:11:30,540
FROV00001,FrozenEngine,1302,11/04/2023, 21:09:46,540
FROV00001,FrozenEngine,1302,11/04/2023, 22:10:52,540
FROV00001,FrozenEngine,1302,11/04/2023, 23:10:56,540
FROV00001,FrozenEngine,1302,11/05/2023, 00:53:31,540
FROV00001,FrozenEngine,1302,11/05/2023, 01:53:54,540
FROV00001,FrozenEngine,1302,11/05/2023, 02:23:10,540
FROV00001,FrozenEngine,1302,11/05/2023, 03:12:45,540
FROV00001,FrozenEngine,1302,11/05/2023, 04:13:02,540
FROV00001,FrozenEngine,1302,11/05/2023, 05:10:59,540
FROV00001,FrozenEngine,1302,11/05/2023, 06:13:31,540
FROV00001,FrozenEngine,1302,11/05/2023, 07:10:11,540
FROV00001,FrozenEngine,1302,11/05/2023, 08:13:19,540
FROV00001,FrozenEngine,1302,11/05/2023, 09:10:42,540
FROV00001,FrozenEngine,1302,11/05/2023, 10:11:06,540
FROV00001,FrozenEngine,1302,11/05/2023, 11:08:54,540
FROV00001,FrozenEngine,1302,11/05/2023, 12:19:04,540
FROV00001,FrozenEngine,1302,11/05/2023, 13:11:40,540
FROV00001,FrozenEngine,1302,11/05/2023, 14:09:36,540
FROV00001,FrozenEngine,1302,11/05/2023, 15:10:37,540
FROV00001,FrozenEngine,1302,11/05/2023, 16:13:30,540
FROV00001,FrozenEngine,1302,11/05/2023, 17:09:39,540
FROV00001,FrozenEngine,1302,11/05/2023, 18:13:17,540
FROV00001,FrozenEngine,1302,11/05/2023, 19:09:19,540
FROV00001,FrozenEngine,1302,11/05/2023, 20:11:16,540
FROV00001,FrozenEngine,1302,11/05/2023, 21:09:56,540
FROV00001,FrozenEngine,1302,11/05/2023, 22:10:13,540
FROV00001,FrozenEngine,1302,11/05/2023, 23:10:40,540
FROV00001,FrozenEngine,1302,11/06/2023, 00:51:29,540
FROV00001,FrozenEngine,1302,11/06/2023, 01:53:16,540
FROV00001,FrozenEngine,1302,11/06/2023, 02:23:47,540
FROV00001,FrozenEngine,1302,11/06/2023, 03:12:22,540
FROV00001,FrozenEngine,1302,11/06/2023, 04:14:27,540
FROV00001,FrozenEngine,1302,11/06/2023, 05:12:02,540
FROV00001,FrozenEngine,1302,11/06/2023, 06:15:31,540
FROV00001,FrozenEngine,1302,11/06/2023, 07:11:15,540
FROV00001,FrozenEngine,1302,11/06/2023, 08:15:55,540
FROV00001,FrozenEngine,1302,11/06/2023, 09:12:30,540
FROV00001,FrozenEngine,1302,11/06/2023, 10:13:36,540
FROV00001,FrozenEngine,1302,11/06/2023, 11:10:42,540
FROV00001,FrozenEngine,1302,11/06/2023, 12:22:17,540
FROV00001,FrozenEngine,1302,11/06/2023, 13:16:00,540
FROV00001,FrozenEngine,1302,11/06/2023, 14:12:00,540
FROV00001,FrozenEngine,1302,11/06/2023, 15:12:53,540
FROV00001,FrozenEngine,1302,11/06/2023, 16:15:04,540
FROV00001,FrozenEngine,1302,11/06/2023, 17:10:50,540
FROV00001,FrozenEngine,1302,11/06/2023, 18:14:47,540
FROV00001,FrozenEngine,1302,11/06/2023, 19:09:44,540
FROV00001,FrozenEngine,1302,11/06/2023, 20:12:34,540
FROV00001,FrozenEngine,1302,11/06/2023, 21:10:06,540
FROV00001,FrozenEngine,1302,11/06/2023, 22:11:17,540
FROV00001,FrozenEngine,1302,11/06/2023, 23:11:34,540
FROV00001,FrozenEngine,1302,11/07/2023, 00:51:30,540
FROV00001,FrozenEngine,1302,11/07/2023, 01:51:47,540
FROV00001,FrozenEngine,1302,11/07/2023, 02:22:01,540
FROV00001,FrozenEngine,1302,11/07/2023, 03:11:46,540
FROV00001,FrozenEngine,1302,11/07/2023, 04:14:02,540
FROV00001,FrozenEngine,1302,11/07/2023, 05:11:20,540
FROV00001,FrozenEngine,1302,11/07/2023, 06:14:54,540
FROV00001,FrozenEngine,1302,11/07/2023, 07:10:58,540
FROV00001,FrozenEngine,1302,11/07/2023, 08:14:44,540
FROV00001,FrozenEngine,1302,11/07/2023, 09:11:31,540
FROV00001,FrozenEngine,1302,11/07/2023, 10:12:34,540
FROV00001,FrozenEngine,1302,11/07/2023, 11:09:55,540
FROV00001,FrozenEngine,1302,11/07/2023, 12:21:00,540
FROV00001,FrozenEngine,1302,11/07/2023, 13:13:52,540
FROV00001,FrozenEngine,1302,11/07/2023, 14:11:07,540
FROV00001,FrozenEngine,1302,11/07/2023, 15:12:06,540
FROV00001,FrozenEngine,1302,11/07/2023, 16:14:41,540
FROV00001,FrozenEngine,1302,11/07/2023, 17:10:30,540
FROV00001,FrozenEngine,1302,11/07/2023, 18:14:22,540
FROV00001,FrozenEngine,1302,11/07/2023, 19:09:28,540
FROV00001,FrozenEngine,1302,11/07/2023, 20:12:01,540
FROV00001,FrozenEngine,1302,11/07/2023, 21:10:02,540
FROV00001,FrozenEngine,1302,11/07/2023, 22:11:08,540
FROV00001,FrozenEngine,1302,11/07/2023, 23:12:01,540
FROV00001,FrozenEngine,1302,11/08/2023, 00:50:46,540
FROV00001,FrozenEngine,1302,11/08/2023, 01:50:25,540
FROV00001,FrozenEngine,1302,11/08/2023, 02:21:07,540
FROV00001,FrozenEngine,1302,11/08/2023, 03:12:00,540
FROV00001,FrozenEngine,1302,11/08/2023, 04:13:50,540
FROV00001,FrozenEngine,1302,11/08/2023, 05:11:16,540
FROV00001,FrozenEngine,1302,11/08/2023, 06:15:11,540
FROV00001,FrozenEngine,1302,11/08/2023, 07:10:50,540
FROV00001,FrozenEngine,1302,11/08/2023, 08:14:30,540
FROV00001,FrozenEngine,1302,11/08/2023, 09:11:39,540
FROV00001,FrozenEngine,1302,11/08/2023, 10:12:04,540
FROV00001,FrozenEngine,1302,11/08/2023, 11:10:08,540
FROV00001,FrozenEngine,1302,11/08/2023, 12:20:45,540
FROV00001,FrozenEngine,1302,11/08/2023, 13:14:16,540
FROV00001,FrozenEngine,1302,11/08/2023, 14:11:10,540
FROV00001,FrozenEngine,1302,11/08/2023, 15:12:28,540
FROV00001,FrozenEngine,1302,11/08/2023, 16:15:02,540
FROV00001,FrozenEngine,1302,11/08/2023, 17:10:30,540
FROV00001,FrozenEngine,1302,11/08/2023, 18:14:36,540
FROV00001,FrozenEngine,1302,11/08/2023, 19:09:22,540
FROV00001,FrozenEngine,1302,11/08/2023, 20:12:04,540
FROV00001,FrozenEngine,1302,11/08/2023, 21:10:31,540
FROV00001,FrozenEngine,1302,11/08/2023, 22:10:57,540
FROV00001,FrozenEngine,1302,11/08/2023, 23:11:59,540
FROV00001,FrozenEngine,1302,11/09/2023, 00:51:07,540
FROV00001,FrozenEngine,1302,11/09/2023, 01:50:55,540
FROV00001,FrozenEngine,1302,11/09/2023, 02:21:03,540
FROV00001,FrozenEngine,1302,11/09/2023, 03:12:32,540
FROV00001,FrozenEngine,1302,11/09/2023, 04:13:41,540
FROV00001,FrozenEngine,1302,11/09/2023, 05:11:23,540
FROV00001,FrozenEngine,1302,11/09/2023, 06:15:05,540
FROV00001,FrozenEngine,1302,11/09/2023, 07:10:40,540
FROV00001,FrozenEngine,1302,11/09/2023, 08:14:31,540
FROV00001,FrozenEngine,1302,11/09/2023, 09:11:33,540
FROV00001,FrozenEngine,1302,11/09/2023, 10:12:35,540
FROV00001,FrozenEngine,1302,11/09/2023, 11:10:04,540
FROV00001,FrozenEngine,1302,11/09/2023, 12:21:04,540
FROV00001,FrozenEngine,1302,11/09/2023, 13:13:48,540
FROV00001,FrozenEngine,1302,11/09/2023, 14:10:53,540
FROV00001,FrozenEngine,1302,11/09/2023, 15:11:43,540
FROV00001,FrozenEngine,1302,11/09/2023, 16:14:33,540
FROV00001,FrozenEngine,1302,11/09/2023, 17:10:39,540
FROV00001,FrozenEngine,1302,11/09/2023, 18:14:27,540
FROV00001,FrozenEngine,1302,11/09/2023, 19:09:25,540
FROV00001,FrozenEngine,1302,11/09/2023, 20:12:15,540
FROV00001,FrozenEngine,1302,11/09/2023, 21:10:36,540
FROV00001,FrozenEngine,1302,11/09/2023, 22:10:54,540
FROV00001,FrozenEngine,1302,11/09/2023, 23:11:37,540
FROV00001,FrozenEngine,1302,11/10/2023, 00:50:38,540
FROV00001,FrozenEngine,1302,11/10/2023, 01:50:13,540
FROV00001,FrozenEngine,1302,11/10/2023, 02:21:13,540
FROV00001,FrozenEngine,1302,11/10/2023, 03:12:16,540
FROV00001,FrozenEngine,1302,11/10/2023, 04:14:14,540
FROV00001,FrozenEngine,1302,11/10/2023, 05:11:14,540
FROV00001,FrozenEngine,1302,11/10/2023, 06:15:03,540
FROV00001,FrozenEngine,1302,11/10/2023, 07:11:01,540
FROV00001,FrozenEngine,1302,11/10/2023, 08:14:09,540
FROV00001,FrozenEngine,1302,11/10/2023, 09:11:25,540
FROV00001,FrozenEngine,1302,11/10/2023, 10:12:25,540
FROV00001,FrozenEngine,1302,11/10/2023, 11:09:56,540
FROV00001,FrozenEngine,1302,11/10/2023, 12:20:37,540
FROV00001,FrozenEngine,1302,11/10/2023, 13:14:16,540
FROV00001,FrozenEngine,1302,11/10/2023, 14:10:44,540
FROV00001,FrozenEngine,1302,11/10/2023, 15:11:36,540
FROV00001,FrozenEngine,1302,11/10/2023, 16:14:22,540
FROV00001,FrozenEngine,1302,11/10/2023, 17:10:46,540
FROV00001,FrozenEngine,1302,11/10/2023, 18:14:09,540
FROV00001,FrozenEngine,1302,11/10/2023, 19:09:10,540
FROV00001,FrozenEngine,1302,11/10/2023, 20:11:51,540
FROV00001,FrozenEngine,1302,11/10/2023, 21:10:01,540
FROV00001,FrozenEngine,1302,11/10/2023, 22:10:37,540
FROV00001,FrozenEngine,1302,11/10/2023, 23:10:53,540
FROV00001,FrozenEngine,1302,11/11/2023, 00:49:58,540
FROV00001,FrozenEngine,1302,11/11/2023, 01:45:56,540
FROV00001,FrozenEngine,1302,11/11/2023, 02:50:38,540
FROV00001,FrozenEngine,1302,11/11/2023, 03:14:31,540
FROV00001,FrozenEngine,1302,11/11/2023, 04:13:21,540
FROV00001,FrozenEngine,1302,11/11/2023, 05:10:35,540
FROV00001,FrozenEngine,1302,11/11/2023, 06:13:56,540
FROV00001,FrozenEngine,1302,11/11/2023, 07:09:45,540
FROV00001,FrozenEngine,1302,11/11/2023, 08:13:22,540
FROV00001,FrozenEngine,1302,11/11/2023, 09:10:35,540
FROV00001,FrozenEngine,1302,11/11/2023, 10:10:50,540
FROV00001,FrozenEngine,1302,11/11/2023, 11:08:58,540
FROV00001,FrozenEngine,1302,11/11/2023, 12:18:54,540
FROV00001,FrozenEngine,1302,11/11/2023, 13:11:54,540
FROV00001,FrozenEngine,1302,11/11/2023, 14:09:40,540
FROV00001,FrozenEngine,1302,11/11/2023, 15:10:30,540
FROV00001,FrozenEngine,1302,11/11/2023, 16:14:24,540
FROV00001,FrozenEngine,1302,11/11/2023, 17:09:54,540
FROV00001,FrozenEngine,1302,11/11/2023, 18:12:52,540
FROV00001,FrozenEngine,1302,11/11/2023, 19:09:03,540
FROV00001,FrozenEngine,1302,11/11/2023, 20:11:01,540
FROV00001,FrozenEngine,1302,11/11/2023, 21:09:37,540
FROV00001,FrozenEngine,1302,11/11/2023, 22:10:08,540
FROV00001,FrozenEngine,1302,11/11/2023, 23:11:08,540
FROV00001,FrozenEngine,1302,11/12/2023, 00:54:32,540
FROV00001,FrozenEngine,1302,11/12/2023, 01:55:06,540
FROV00001,FrozenEngine,1302,11/12/2023, 02:24:06,540
FROV00001,FrozenEngine,1302,11/12/2023, 03:11:41,540
FROV00001,FrozenEngine,1302,11/12/2023, 04:13:37,540
FROV00001,FrozenEngine,1302,11/12/2023, 05:10:45,540
FROV00001,FrozenEngine,1302,11/12/2023, 06:14:12,540
FROV00001,FrozenEngine,1302,11/12/2023, 07:11:45,540
FROV00001,FrozenEngine,1303,11/12/2023, 08:13:31,540
FROV00001,FrozenEngine,1303,11/12/2023, 09:10:49,540
FROV00001,FrozenEngine,1303,11/12/2023, 10:11:08,540
FROV00001,FrozenEngine,1303,11/12/2023, 11:09:18,540
FROV00001,FrozenEngine,1303,11/12/2023, 12:19:27,540
FROV00001,FrozenEngine,1303,11/12/2023, 13:12:00,540
FROV00001,FrozenEngine,1303,11/12/2023, 14:09:49,540
FROV00001,FrozenEngine,1303,11/12/2023, 15:10:31,540
FROV00001,FrozenEngine,1303,11/12/2023, 16:13:01,540
FROV00001,FrozenEngine,1303,11/12/2023, 17:09:25,540
FROV00001,FrozenEngine,1303,11/12/2023, 18:13:22,540
FROV00001,FrozenEngine,1303,11/12/2023, 19:08:48,540
FROV00001,FrozenEngine,1303,11/12/2023, 20:11:23,540
FROV00001,FrozenEngine,1303,11/12/2023, 21:09:42,540
FROV00001,FrozenEngine,1303,11/12/2023, 22:10:29,540
FROV00001,FrozenEngine,1303,11/12/2023, 23:11:14,540
FROV00001,FrozenEngine,1303,11/13/2023, 00:52:07,540
FROV00001,FrozenEngine,1303,11/13/2023, 01:53:32,540
FROV00001,FrozenEngine,1303,11/13/2023, 02:23:49,540
FROV00001,FrozenEngine,1303,11/13/2023, 03:12:34,540
FROV00001,FrozenEngine,1303,11/13/2023, 04:14:02,540
FROV00001,FrozenEngine,1303,11/13/2023, 05:11:26,540
FROV00001,FrozenEngine,1303,11/13/2023, 06:15:52,540
FROV00001,FrozenEngine,1303,11/13/2023, 07:11:54,540
FROV00001,FrozenEngine,1303,11/13/2023, 08:15:34,540
FROV00001,FrozenEngine,1303,11/13/2023, 09:12:37,540
FROV00001,FrozenEngine,1303,11/13/2023, 10:13:17,540
FROV00001,FrozenEngine,1303,11/13/2023, 11:10:38,540
FROV00001,FrozenEngine,1303,11/13/2023, 12:21:30,540
FROV00001,FrozenEngine,1303,11/13/2023, 13:14:18,540
FROV00001,FrozenEngine,1303,11/13/2023, 14:11:34,540
FROV00001,FrozenEngine,1303,11/13/2023, 15:12:29,540
FROV00001,FrozenEngine,1303,11/13/2023, 16:14:54,540
FROV00001,FrozenEngine,1303,11/13/2023, 17:11:04,540
FROV00001,FrozenEngine,1303,11/13/2023, 18:14:27,540
FROV00001,FrozenEngine,1303,11/13/2023, 19:09:42,540
FROV00001,FrozenEngine,1303,11/13/2023, 20:10:32,540
FROV00001,FrozenEngine,1303,11/13/2023, 21:11:24,540
FROV00001,FrozenEngine,1303,11/13/2023, 22:11:01,540
FROV00001,FrozenEngine,1303,11/13/2023, 23:11:54,540
FROV00001,FrozenEngine,1303,11/14/2023, 00:51:23,540
FROV00001,FrozenEngine,1303,11/14/2023, 02:22:02,540
FROV00001,FrozenEngine,1303,11/14/2023, 03:12:12,540
FROV00001,FrozenEngine,1303,11/14/2023, 04:13:35,540
FROV00001,FrozenEngine,1303,11/14/2023, 05:11:20,540
FROV00001,FrozenEngine,1303,11/14/2023, 06:15:30,540
FROV00001,FrozenEngine,1304,11/14/2023, 07:11:02,540
FROV00001,FrozenEngine,1304,11/14/2023, 08:14:45,540
FROV00001,FrozenEngine,1304,11/14/2023, 09:11:33,540
FROV00001,FrozenEngine,1304,11/14/2023, 10:12:57,540
FROV00001,FrozenEngine,1304,11/14/2023, 11:10:16,540
FROV00001,FrozenEngine,1304,11/14/2023, 12:21:16,540
FROV00001,FrozenEngine,1304,11/14/2023, 13:14:43,540
FROV00001,FrozenEngine,1304,11/14/2023, 14:11:06,540
FROV00001,FrozenEngine,1304,11/14/2023, 15:12:50,540
FROV00001,FrozenEngine,1304,11/14/2023, 16:12:40,540
FROV00001,FrozenEngine,1304,11/14/2023, 17:09:17,540
FROV00001,FrozenEngine,1304,11/14/2023, 18:13:16,540
FROV00001,FrozenEngine,1304,11/14/2023, 19:08:10,540
FROV00001,FrozenEngine,1304,11/14/2023, 20:11:33,540
FROV00001,FrozenEngine,1304,11/14/2023, 21:09:02,540
FROV00001,FrozenEngine,1304,11/14/2023, 22:11:12,540
FROV00001,FrozenEngine,1304,11/14/2023, 23:11:55,540
FROV00001,FrozenEngine,1304,11/15/2023, 00:51:46,540
FROV00001,FrozenEngine,1304,11/15/2023, 01:54:17,540
FROV00001,FrozenEngine,1304,11/15/2023, 02:24:56,540
FROV00001,FrozenEngine,1304,11/15/2023, 03:12:45,540
FROV00001,FrozenEngine,1304,11/15/2023, 04:14:04,540
FROV00001,FrozenEngine,1304,11/15/2023, 05:11:24,540
FROV00001,FrozenEngine,1304,11/15/2023, 06:15:39,540
FROV00001,FrozenEngine,1304,11/15/2023, 07:11:26,540
FROV00001,FrozenEngine,1304,11/15/2023, 08:14:50,540
FROV00001,FrozenEngine,1304,11/15/2023, 09:12:24,540
FROV00001,FrozenEngine,1304,11/15/2023, 10:13:22,540
FROV00001,FrozenEngine,1304,11/15/2023, 11:10:43,540
FROV00001,FrozenEngine,1304,11/15/2023, 12:21:29,540
FROV00001,FrozenEngine,1304,11/15/2023, 13:15:18,540
FROV00001,FrozenEngine,1304,11/15/2023, 14:11:31,540
FROV00001,FrozenEngine,1304,11/15/2023, 15:12:20,540
FROV00001,FrozenEngine,1304,11/15/2023, 16:15:07,540
FROV00001,FrozenEngine,1304,11/15/2023, 17:11:18,540
FROV00001,FrozenEngine,1304,11/15/2023, 18:14:38,540
FROV00001,FrozenEngine,1304,11/15/2023, 19:09:51,540
FROV00001,FrozenEngine,1304,11/15/2023, 20:12:30,540
FROV00001,FrozenEngine,1305,11/15/2023, 21:10:47,540
FROV00001,FrozenEngine,1305,11/15/2023, 22:11:15,540
FROV00001,FrozenEngine,1305,11/15/2023, 23:11:53,540
FROV00001,FrozenEngine,1305,11/16/2023, 00:52:52,540
FROV00001,FrozenEngine,1305,11/16/2023, 01:54:29,540
FROV00001,FrozenEngine,1305,11/16/2023, 02:25:39,540
FROV00001,FrozenEngine,1305,11/16/2023, 03:12:24,540
FROV00001,FrozenEngine,1305,11/16/2023, 04:14:11,540
FROV00001,FrozenEngine,1305,11/16/2023, 05:11:57,540
FROV00001,FrozenEngine,1305,11/16/2023, 06:15:57,540
FROV00001,FrozenEngine,1305,11/16/2023, 07:11:13,540
FROV00001,FrozenEngine,1305,11/16/2023, 08:14:56,540
FROV00001,FrozenEngine,1305,11/16/2023, 09:12:16,540
FROV00001,FrozenEngine,1305,11/16/2023, 10:12:42,540
FROV00001,FrozenEngine,1305,11/16/2023, 11:10:19,540
FROV00001,FrozenEngine,1305,11/16/2023, 12:22:02,540
FROV00001,FrozenEngine,1305,11/16/2023, 13:15:07,540
FROV00001,FrozenEngine,1305,11/16/2023, 14:11:24,540
FROV00001,FrozenEngine,1305,11/16/2023, 15:12:57,540
FROV00001,FrozenEngine,1305,11/16/2023, 16:15:41,540
FROV00001,FrozenEngine,1305,11/16/2023, 17:10:43,540
FROV00001,FrozenEngine,1305,11/16/2023, 18:15:00,540
FROV00001,FrozenEngine,1305,11/16/2023, 19:08:24,540
FROV00001,FrozenEngine,1305,11/16/2023, 20:12:41,540
FROV00001,FrozenEngine,1305,11/16/2023, 21:10:45,540
FROV00001,FrozenEngine,1305,11/16/2023, 22:11:22,540
FROV00001,FrozenEngine,1305,11/16/2023, 23:11:57,540
FROV00001,FrozenEngine,1305,11/17/2023, 00:52:32,540
FROV00001,FrozenEngine,1305,11/17/2023, 01:54:23,540
FROV00001,FrozenEngine,1305,11/17/2023, 02:25:09,540
FROV00001,FrozenEngine,1305,11/17/2023, 03:12:40,540
FROV00001,FrozenEngine,1305,11/17/2023, 04:14:03,540
FROV00001,FrozenEngine,1305,11/17/2023, 05:11:39,540
FROV00001,FrozenEngine,1305,11/17/2023, 06:15:46,540
FROV00001,FrozenEngine,1305,11/17/2023, 07:10:55,540
FROV00001,FrozenEngine,1305,11/17/2023, 08:14:55,540
FROV00001,FrozenEngine,1305,11/17/2023, 09:12:09,540
FROV00001,FrozenEngine,1305,11/17/2023, 10:12:39,540
FROV00001,FrozenEngine,1305,11/17/2023, 11:10:06,540
FROV00001,FrozenEngine,1305,11/17/2023, 12:21:09,540
FROV00001,FrozenEngine,1305,11/17/2023, 13:14:50,540
FROV00001,FrozenEngine,1305,11/17/2023, 14:11:16,540
FROV00001,FrozenEngine,1305,11/17/2023, 15:12:21,540
FROV00001,FrozenEngine,1305,11/17/2023, 16:16:21,540
FROV00001,FrozenEngine,1305,11/17/2023, 17:10:41,540
FROV00001,FrozenEngine,1305,11/17/2023, 18:14:55,540
FROV00001,FrozenEngine,1306,11/17/2023, 19:10:00,540
FROV00001,FrozenEngine,1306,11/17/2023, 20:12:56,540
FROV00001,FrozenEngine,1306,11/17/2023, 21:10:34,540
FROV00001,FrozenEngine,1306,11/17/2023, 22:11:19,540
FROV00001,FrozenEngine,1306,11/17/2023, 23:11:46,540
FROV00001,FrozenEngine,1306,11/18/2023, 00:51:43,540
FROV00001,FrozenEngine,1306,11/18/2023, 01:52:33,540
FROV00001,FrozenEngine,1306,11/18/2023, 02:23:07,540
FROV00001,FrozenEngine,1306,11/18/2023, 03:12:19,540
FROV00001,FrozenEngine,1306,11/18/2023, 04:14:00,540
FROV00001,FrozenEngine,1306,11/18/2023, 05:10:49,540
FROV00001,FrozenEngine,1306,11/18/2023, 06:13:53,540
FROV00001,FrozenEngine,1306,11/18/2023, 07:10:36,540
FROV00001,FrozenEngine,1306,11/18/2023, 08:13:40,540
FROV00001,FrozenEngine,1306,11/18/2023, 09:10:28,540
FROV00001,FrozenEngine,1306,11/18/2023, 10:11:17,540
FROV00001,FrozenEngine,1306,11/18/2023, 11:09:12,540
FROV00001,FrozenEngine,1306,11/18/2023, 12:19:11,540
FROV00001,FrozenEngine,1306,11/18/2023, 13:12:19,540
FROV00001,FrozenEngine,1306,11/18/2023, 14:09:42,540
FROV00001,FrozenEngine,1306,11/18/2023, 15:10:48,540
FROV00001,FrozenEngine,1306,11/18/2023, 16:13:19,540
FROV00001,FrozenEngine,1306,11/18/2023, 17:10:09,540
FROV00001,FrozenEngine,1306,11/18/2023, 18:13:07,540
FROV00001,FrozenEngine,1306,11/18/2023, 19:09:00,540
FROV00001,FrozenEngine,1306,11/18/2023, 20:11:38,540
FROV00001,FrozenEngine,1306,11/18/2023, 21:10:07,540
FROV00001,FrozenEngine,1306,11/18/2023, 22:10:29,540
FROV00001,FrozenEngine,1306,11/18/2023, 23:10:59,540
FROV00001,FrozenEngine,1306,11/19/2023, 00:56:06,540
FROV00001,FrozenEngine,1306,11/19/2023, 01:57:49,540
FROV00001,FrozenEngine,1306,11/19/2023, 02:28:51,540
FROV00001,FrozenEngine,1306,11/19/2023, 03:12:17,540
FROV00001,FrozenEngine,1306,11/19/2023, 04:13:43,540
FROV00001,FrozenEngine,1306,11/19/2023, 05:10:57,540
FROV00001,FrozenEngine,1306,11/19/2023, 06:14:14,540
FROV00001,FrozenEngine,1306,11/19/2023, 07:11:07,540
FROV00001,FrozenEngine,1306,11/19/2023, 08:14:05,540
FROV00001,FrozenEngine,1306,11/19/2023, 09:10:53,540
FROV00001,FrozenEngine,1306,11/19/2023, 10:11:59,540
FROV00001,FrozenEngine,1306,11/19/2023, 11:09:26,540
FROV00001,FrozenEngine,1307,11/19/2023, 12:19:48,540
FROV00001,FrozenEngine,1307,11/19/2023, 13:12:33,540
FROV00001,FrozenEngine,1307,11/19/2023, 14:09:52,540
FROV00001,FrozenEngine,1307,11/19/2023, 15:11:06,540
FROV00001,FrozenEngine,1307,11/19/2023, 16:13:23,540
FROV00001,FrozenEngine,1307,11/19/2023, 17:10:14,540
FROV00001,FrozenEngine,1307,11/19/2023, 18:13:13,540
FROV00001,FrozenEngine,1307,11/19/2023, 19:09:03,540
FROV00001,FrozenEngine,1307,11/19/2023, 20:12:06,540
FROV00001,FrozenEngine,1307,11/19/2023, 21:10:10,540
FROV00001,FrozenEngine,1307,11/19/2023, 22:10:37,540
FROV00001,FrozenEngine,1307,11/19/2023, 23:11:44,540
FROV00001,FrozenEngine,1307,11/20/2023, 00:53:13,540
FROV00001,FrozenEngine,1307,11/20/2023, 01:55:16,540
FROV00001,FrozenEngine,1307,11/20/2023, 02:26:24,540
FROV00001,FrozenEngine,1307,11/20/2023, 03:12:57,540
FROV00001,FrozenEngine,1307,11/20/2023, 04:14:36,540
FROV00001,FrozenEngine,1307,11/20/2023, 05:11:47,540
FROV00001,FrozenEngine,1307,11/20/2023, 06:16:11,540
FROV00001,FrozenEngine,1307,11/20/2023, 07:11:43,540
FROV00001,FrozenEngine,1307,11/20/2023, 08:16:05,540
FROV00001,FrozenEngine,1307,11/20/2023, 09:13:07,540
FROV00001,FrozenEngine,1307,11/20/2023, 10:13:36,540
FROV00001,FrozenEngine,1307,11/20/2023, 11:10:20,540
FROV00001,FrozenEngine,1307,11/20/2023, 12:22:41,540
FROV00001,FrozenEngine,1307,11/20/2023, 13:16:41,540
FROV00001,FrozenEngine,1307,11/20/2023, 14:12:01,540
FROV00001,FrozenEngine,1307,11/20/2023, 15:12:50,540
FROV00001,FrozenEngine,1307,11/20/2023, 16:16:36,540
FROV00001,FrozenEngine,1307,11/20/2023, 17:09:19,540
FROV00001,FrozenEngine,1307,11/20/2023, 18:15:01,540
FROV00001,FrozenEngine,1307,11/20/2023, 19:10:07,540
FROV00001,FrozenEngine,1307,11/20/2023, 20:12:45,540
FROV00001,FrozenEngine,1307,11/20/2023, 21:11:13,540
FROV00001,FrozenEngine,1307,11/20/2023, 22:12:11,540
FROV00001,FrozenEngine,1307,11/20/2023, 23:12:17,540
FROV00001,FrozenEngine,1307,11/21/2023, 00:53:18,540
FROV00001,FrozenEngine,1307,11/21/2023, 01:58:15,540
FROV00001,FrozenEngine,1307,11/21/2023, 02:29:46,540
FROV00001,FrozenEngine,1307,11/21/2023, 03:12:57,540
FROV00001,FrozenEngine,1307,11/21/2023, 04:14:18,540
FROV00001,FrozenEngine,1307,11/21/2023, 05:11:41,540
FROV00001,FrozenEngine,1307,11/21/2023, 06:15:34,540
FROV00001,FrozenEngine,1307,11/21/2023, 07:10:55,540
FROV00001,FrozenEngine,1307,11/21/2023, 08:15:27,540
FROV00001,FrozenEngine,1307,11/21/2023, 09:12:38,540
FROV00001,FrozenEngine,1307,11/21/2023, 10:18:41,540
FROV00001,FrozenEngine,1307,11/21/2023, 11:10:40,540
FROV00001,FrozenEngine,1307,11/21/2023, 12:22:28,540
FROV00001,FrozenEngine,1307,11/21/2023, 13:15:57,540
FROV00001,FrozenEngine,1307,11/21/2023, 14:11:54,540
FROV00001,FrozenEngine,1307,11/21/2023, 15:12:14,540
FROV00001,FrozenEngine,1307,11/21/2023, 16:15:59,540
FROV00001,FrozenEngine,1307,11/21/2023, 17:12:13,540
FROV00001,FrozenEngine,1307,11/21/2023, 18:15:35,540
FROV00001,FrozenEngine,1307,11/21/2023, 19:10:04,540
FROV00001,FrozenEngine,1307,11/21/2023, 20:11:26,540
FROV00001,FrozenEngine,1307,11/21/2023, 21:11:17,540
FROV00001,FrozenEngine,1307,11/21/2023, 22:11:10,540
FROV00001,FrozenEngine,1307,11/21/2023, 23:12:31,540
FROV00001,FrozenEngine,1307,11/22/2023, 00:54:39,540
FROV00001,FrozenEngine,1308,11/22/2023, 01:56:36,540
FROV00001,FrozenEngine,1308,11/22/2023, 02:28:23,540
FROV00001,FrozenEngine,1308,11/22/2023, 03:13:07,540
FROV00001,FrozenEngine,1308,11/22/2023, 04:14:22,540
FROV00001,FrozenEngine,1308,11/22/2023, 05:11:47,540
FROV00001,FrozenEngine,1308,11/22/2023, 06:15:46,540
FROV00001,FrozenEngine,1308,11/22/2023, 07:11:25,540
FROV00001,FrozenEngine,1308,11/22/2023, 08:15:48,540
FROV00001,FrozenEngine,1308,11/22/2023, 09:12:25,540
FROV00001,FrozenEngine,1308,11/22/2023, 10:13:55,540
FROV00001,FrozenEngine,1308,11/22/2023, 11:10:22,540
FROV00001,FrozenEngine,1308,11/22/2023, 12:22:16,540
FROV00001,FrozenEngine,1308,11/22/2023, 13:16:24,540
FROV00001,FrozenEngine,1308,11/22/2023, 14:11:40,540
FROV00001,FrozenEngine,1308,11/22/2023, 15:12:28,540
FROV00001,FrozenEngine,1308,11/22/2023, 16:15:14,540
FROV00001,FrozenEngine,1308,11/22/2023, 17:11:44,540
FROV00001,FrozenEngine,1308,11/22/2023, 18:14:50,540
FROV00001,FrozenEngine,1308,11/22/2023, 19:09:42,540
FROV00001,FrozenEngine,1308,11/22/2023, 20:12:12,540
FROV00001,FrozenEngine,1308,11/22/2023, 21:10:30,540
FROV00001,FrozenEngine,1308,11/22/2023, 22:09:49,540
FROV00001,FrozenEngine,1308,11/22/2023, 23:11:41,540
FROV00001,FrozenEngine,1308,11/23/2023, 00:52:09,540
FROV00001,FrozenEngine,1308,11/23/2023, 01:53:56,540
FROV00001,FrozenEngine,1308,11/23/2023, 02:24:05,540
FROV00001,FrozenEngine,1308,11/23/2023, 03:12:22,540
FROV00001,FrozenEngine,1308,11/23/2023, 04:14:16,540
FROV00001,FrozenEngine,1308,11/23/2023, 05:11:40,540
FROV00001,FrozenEngine,1308,11/23/2023, 06:15:09,540
FROV00001,FrozenEngine,1308,11/23/2023, 07:11:31,540
FROV00001,FrozenEngine,1308,11/23/2023, 08:14:37,540
FROV00001,FrozenEngine,1308,11/23/2023, 09:11:56,540
FROV00001,FrozenEngine,1308,11/23/2023, 10:12:48,540
FROV00001,FrozenEngine,1308,11/23/2023, 11:10:24,540
FROV00001,FrozenEngine,1308,11/23/2023, 12:21:30,540
FROV00001,FrozenEngine,1308,11/23/2023, 13:15:09,540
FROV00001,FrozenEngine,1308,11/23/2023, 14:11:20,540
FROV00001,FrozenEngine,1308,11/23/2023, 15:12:34,540
FROV00001,FrozenEngine,1308,11/23/2023, 16:14:54,540
FROV00001,FrozenEngine,1308,11/23/2023, 17:11:05,540
FROV00001,FrozenEngine,1308,11/23/2023, 18:14:34,540
FROV00001,FrozenEngine,1308,11/23/2023, 19:09:30,540
FROV00001,FrozenEngine,1308,11/23/2023, 20:11:54,540
FROV00001,FrozenEngine,1308,11/23/2023, 21:10:30,540
FROV00001,FrozenEngine,1308,11/23/2023, 22:11:36,540
FROV00001,FrozenEngine,1308,11/23/2023, 23:12:15,540
FROV00001,FrozenEngine,1308,11/24/2023, 00:50:53,540
FROV00001,FrozenEngine,1308,11/24/2023, 01:51:40,540
FROV00001,FrozenEngine,1308,11/24/2023, 02:22:30,540
FROV00001,FrozenEngine,1308,11/24/2023, 03:12:12,540
FROV00001,FrozenEngine,1308,11/24/2023, 04:14:19,540
FROV00001,FrozenEngine,1308,11/24/2023, 05:11:17,540
FROV00001,FrozenEngine,1308,11/24/2023, 06:15:07,540
FROV00001,FrozenEngine,1308,11/24/2023, 07:10:56,540
FROV00001,FrozenEngine,1308,11/24/2023, 08:14:30,540
FROV00001,FrozenEngine,1308,11/24/2023, 09:11:49,540
FROV00001,FrozenEngine,1308,11/24/2023, 10:13:18,540
FROV00001,FrozenEngine,1308,11/24/2023, 11:10:30,540
FROV00001,FrozenEngine,1308,11/24/2023, 12:21:02,540
FROV00001,FrozenEngine,1308,11/24/2023, 13:14:22,540
FROV00001,FrozenEngine,1308,11/24/2023, 14:11:16,540
FROV00001,FrozenEngine,1308,11/24/2023, 15:11:50,540
FROV00001,FrozenEngine,1308,11/24/2023, 16:14:38,540
FROV00001,FrozenEngine,1308,11/24/2023, 17:11:02,540
FROV00001,FrozenEngine,1308,11/24/2023, 18:14:08,540
FROV00001,FrozenEngine,1308,11/24/2023, 19:09:31,540
FROV00001,FrozenEngine,1308,11/24/2023, 20:12:16,540
FROV00001,FrozenEngine,1308,11/24/2023, 21:10:07,540
FROV00001,FrozenEngine,1308,11/24/2023, 22:10:49,540
FROV00001,FrozenEngine,1308,11/24/2023, 23:11:41,540
FROV00001,FrozenEngine,1308,11/25/2023, 00:49:56,540
FROV00001,FrozenEngine,1308,11/25/2023, 01:48:30,540
FROV00001,FrozenEngine,1308,11/25/2023, 02:20:24,540
FROV00001,FrozenEngine,1308,11/25/2023, 03:12:42,540
FROV00001,FrozenEngine,1308,11/25/2023, 04:13:45,540
FROV00001,FrozenEngine,1308,11/25/2023, 05:11:01,540
FROV00001,FrozenEngine,1308,11/25/2023, 06:14:07,540
FROV00001,FrozenEngine,1308,11/25/2023, 07:09:47,540
FROV00001,FrozenEngine,1308,11/25/2023, 08:13:08,540
FROV00001,FrozenEngine,1308,11/25/2023, 09:10:17,540
FROV00001,FrozenEngine,1308,11/25/2023, 10:11:09,540
FROV00001,FrozenEngine,1308,11/25/2023, 11:09:25,540
FROV00001,FrozenEngine,1308,11/25/2023, 12:19:32,540
FROV00001,FrozenEngine,1308,11/25/2023, 13:12:06,540
FROV00001,FrozenEngine,1308,11/25/2023, 14:10:05,540
FROV00001,FrozenEngine,1308,11/25/2023, 15:10:58,540
FROV00001,FrozenEngine,1308,11/25/2023, 16:13:08,540
FROV00001,FrozenEngine,1308,11/25/2023, 17:09:53,540
FROV00001,FrozenEngine,1308,11/25/2023, 18:13:28,540
FROV00001,FrozenEngine,1308,11/25/2023, 19:08:44,540
FROV00001,FrozenEngine,1308,11/25/2023, 20:11:17,540
FROV00001,FrozenEngine,1308,11/25/2023, 21:09:35,540
FROV00001,FrozenEngine,1308,11/25/2023, 22:10:02,540
FROV00001,FrozenEngine,1308,11/25/2023, 23:10:51,540
FROV00001,FrozenEngine,1308,11/26/2023, 00:55:15,540
FROV00001,FrozenEngine,1308,11/26/2023, 01:56:43,540
FROV00001,FrozenEngine,1308,11/26/2023, 02:25:59,540
FROV00001,FrozenEngine,1308,11/26/2023, 03:12:27,540
FROV00001,FrozenEngine,1308,11/26/2023, 04:13:50,540
FROV00001,FrozenEngine,1308,11/26/2023, 05:10:55,540
FROV00001,FrozenEngine,1308,11/26/2023, 06:13:59,540
FROV00001,FrozenEngine,1308,11/26/2023, 07:10:59,540
FROV00001,FrozenEngine,1308,11/26/2023, 08:13:41,540
FROV00001,FrozenEngine,1308,11/26/2023, 09:10:25,540
FROV00001,FrozenEngine,1308,11/26/2023, 10:11:53,540
FROV00001,FrozenEngine,1308,11/26/2023, 11:09:05,540
FROV00001,FrozenEngine,1308,11/26/2023, 12:19:44,540
FROV00001,FrozenEngine,1308,11/26/2023, 13:12:48,540
FROV00001,FrozenEngine,1308,11/26/2023, 14:10:01,540
FROV00001,FrozenEngine,1308,11/26/2023, 15:10:41,540
FROV00001,FrozenEngine,1308,11/26/2023, 16:13:29,540
FROV00001,FrozenEngine,1308,11/26/2023, 17:09:51,540
FROV00001,FrozenEngine,1308,11/26/2023, 18:13:07,540
FROV00001,FrozenEngine,1308,11/26/2023, 19:09:19,540
FROV00001,FrozenEngine,1308,11/26/2023, 20:11:34,540
FROV00001,FrozenEngine,1308,11/26/2023, 21:11:02,540
FROV00001,FrozenEngine,1308,11/26/2023, 22:10:18,540
FROV00001,FrozenEngine,1308,11/26/2023, 23:11:36,540
FROV00001,FrozenEngine,1308,11/27/2023, 00:52:51,540
FROV00001,FrozenEngine,1308,11/27/2023, 01:54:31,540
FROV00001,FrozenEngine,1308,11/27/2023, 02:25:20,540
FROV00001,FrozenEngine,1308,11/27/2023, 03:12:49,540
FROV00001,FrozenEngine,1308,11/27/2023, 04:14:21,540
FROV00001,FrozenEngine,1308,11/27/2023, 05:11:46,540
FROV00001,FrozenEngine,1308,11/27/2023, 06:15:51,540
FROV00001,FrozenEngine,1308,11/27/2023, 07:11:51,540
FROV00001,FrozenEngine,1308,11/27/2023, 08:16:06,540
FROV00001,FrozenEngine,1308,11/27/2023, 09:13:13,540
FROV00001,FrozenEngine,1308,11/27/2023, 10:13:08,540
FROV00001,FrozenEngine,1308,11/27/2023, 11:10:35,540
FROV00001,FrozenEngine,1308,11/27/2023, 12:22:06,540
FROV00001,FrozenEngine,1308,11/27/2023, 13:15:16,540
FROV00001,FrozenEngine,1308,11/27/2023, 14:11:31,540
FROV00001,FrozenEngine,1308,11/27/2023, 15:12:22,540
FROV00001,FrozenEngine,1308,11/27/2023, 16:15:14,540
FROV00001,FrozenEngine,1308,11/27/2023, 17:11:00,540
FROV00001,FrozenEngine,1308,11/27/2023, 18:14:45,540
FROV00001,FrozenEngine,1308,11/27/2023, 19:09:43,540
FROV00001,FrozenEngine,1308,11/27/2023, 20:11:50,540
FROV00001,FrozenEngine,1308,11/27/2023, 21:10:52,540
FROV00001,FrozenEngine,1308,11/27/2023, 22:09:57,540
FROV00001,FrozenEngine,1308,11/27/2023, 23:12:08,540
FROV00001,FrozenEngine,1308,11/28/2023, 00:53:11,540
FROV00001,FrozenEngine,1308,11/28/2023, 01:55:19,540
FROV00001,FrozenEngine,1308,11/28/2023, 02:26:45,540
FROV00001,FrozenEngine,1308,11/28/2023, 03:12:27,540
FROV00001,FrozenEngine,1308,11/28/2023, 04:14:07,540
FROV00001,FrozenEngine,1308,11/28/2023, 05:11:54,540
FROV00001,FrozenEngine,1308,11/28/2023, 06:15:52,540
FROV00001,FrozenEngine,1308,11/28/2023, 07:11:34,540
FROV00001,FrozenEngine,1308,11/28/2023, 08:15:24,540
FROV00001,FrozenEngine,1308,11/28/2023, 09:12:33,540
FROV00001,FrozenEngine,1308,11/28/2023, 10:13:06,540
FROV00001,FrozenEngine,1308,11/28/2023, 11:10:44,540
FROV00001,FrozenEngine,1308,11/28/2023, 12:21:38,540
FROV00001,FrozenEngine,1308,11/28/2023, 13:14:42,540
FROV00001,FrozenEngine,1308,11/28/2023, 14:11:23,540
FROV00001,FrozenEngine,1308,11/28/2023, 15:13:10,540
FROV00001,FrozenEngine,1308,11/28/2023, 16:15:28,540
FROV00001,FrozenEngine,1308,11/28/2023, 17:10:52,540
FROV00001,FrozenEngine,1308,11/28/2023, 18:14:57,540
FROV00001,FrozenEngine,1308,11/28/2023, 19:09:55,540
FROV00001,FrozenEngine,1308,11/28/2023, 20:12:30,540
FROV00001,FrozenEngine,1308,11/28/2023, 21:10:26,540
FROV00001,FrozenEngine,1308,11/28/2023, 22:11:15,540
FROV00001,FrozenEngine,1308,11/28/2023, 23:12:04,540
FROV00001,FrozenEngine,1308,11/29/2023, 00:53:09,540
FROV00001,FrozenEngine,1308,11/29/2023, 01:54:40,540
FROV00001,FrozenEngine,1308,11/29/2023, 02:25:05,540
FROV00001,FrozenEngine,1308,11/29/2023, 03:12:43,540
FROV00001,FrozenEngine,1308,11/29/2023, 04:14:26,540
FROV00001,FrozenEngine,1308,11/29/2023, 05:25:29,540
FROV00001,FrozenEngine,1308,11/29/2023, 06:15:33,540
FROV00001,FrozenEngine,1308,11/29/2023, 07:11:33,540
FROV00001,FrozenEngine,1308,11/29/2023, 08:15:31,540
FROV00001,FrozenEngine,1308,11/29/2023, 09:12:23,540
FROV00001,FrozenEngine,1308,11/29/2023, 10:13:15,540
FROV00001,FrozenEngine,1308,11/29/2023, 11:10:18,540
FROV00001,FrozenEngine,1308,11/29/2023, 12:21:52,540
FROV00001,FrozenEngine,1308,11/29/2023, 13:14:55,540
FROV00001,FrozenEngine,1308,11/29/2023, 14:11:17,540
FROV00001,FrozenEngine,1308,11/29/2023, 15:12:27,540
FROV00001,FrozenEngine,1308,11/29/2023, 16:14:57,540
FROV00001,FrozenEngine,1308,11/29/2023, 17:11:28,540
FROV00001,FrozenEngine,1308,11/29/2023, 18:14:42,540
FROV00001,FrozenEngine,1308,11/29/2023, 19:10:16,540
FROV00001,FrozenEngine,1308,11/29/2023, 20:12:47,540
FROV00001,FrozenEngine,1308,11/29/2023, 21:10:48,540
FROV00001,FrozenEngine,1308,11/29/2023, 22:11:27,540
FROV00001,FrozenEngine,1308,11/29/2023, 23:11:53,540
FROV00001,FrozenEngine,1308,11/30/2023, 00:52:26,540
FROV00001,FrozenEngine,1308,11/30/2023, 01:54:06,540
FROV00001,FrozenEngine,1308,11/30/2023, 02:25:32,540
FROV00001,FrozenEngine,1308,11/30/2023, 03:12:09,540
FROV00001,FrozenEngine,1308,11/30/2023, 04:14:17,540
FROV00001,FrozenEngine,1308,11/30/2023, 05:11:54,540
FROV00001,FrozenEngine,1308,11/30/2023, 06:15:16,540
FROV00001,FrozenEngine,1308,11/30/2023, 07:11:20,540
FROV00001,FrozenEngine,1308,11/30/2023, 08:15:29,540
FROV00001,FrozenEngine,1308,11/30/2023, 09:11:55,540
FROV00001,FrozenEngine,1308,11/30/2023, 10:12:52,540
FROV00001,FrozenEngine,1308,11/30/2023, 11:10:26,540
FROV00001,FrozenEngine,1308,11/30/2023, 12:21:51,540
FROV00001,FrozenEngine,1308,11/30/2023, 13:15:06,540
FROV00001,FrozenEngine,1308,11/30/2023, 14:11:40,540
FROV00001,FrozenEngine,1308,11/30/2023, 15:11:12,540
FROV00001,FrozenEngine,1308,11/30/2023, 16:15:24,540
FROV00001,FrozenEngine,1308,11/30/2023, 17:11:23,540
FROV00001,FrozenEngine,1308,11/30/2023, 18:15:19,540
FROV00001,FrozenEngine,1308,11/30/2023, 19:08:44,540
FROV00001,FrozenEngine,1308,11/30/2023, 20:12:50,540
FROV00001,FrozenEngine,1308,11/30/2023, 21:11:10,540
FROV00001,FrozenEngine,1308,11/30/2023, 22:11:19,540
FROV00001,FrozenEngine,1308,11/30/2023, 23:12:13,540
FROV00001,FrozenEngine,1308,12/01/2023, 00:57:06,540
FROV00001,FrozenEngine,1308,12/01/2023, 02:01:25,540
FROV00001,FrozenEngine,1308,12/01/2023, 02:37:14,540
FROV00001,FrozenEngine,1308,12/01/2023, 03:13:02,540
FROV00001,FrozenEngine,1308,12/01/2023, 04:14:33,540
FROV00001,FrozenEngine,1308,12/01/2023, 05:11:52,540
FROV00001,FrozenEngine,1308,12/01/2023, 06:16:00,540
FROV00001,FrozenEngine,1308,12/01/2023, 07:11:23,540
FROV00001,FrozenEngine,1308,12/01/2023, 08:15:21,540
FROV00001,FrozenEngine,1308,12/01/2023, 09:12:07,540
FROV00001,FrozenEngine,1308,12/01/2023, 10:12:58,540
FROV00001,FrozenEngine,1308,12/01/2023, 11:10:09,540
FROV00001,FrozenEngine,1308,12/01/2023, 12:21:38,540
FROV00001,FrozenEngine,1308,12/01/2023, 13:15:39,540
FROV00001,FrozenEngine,1308,12/01/2023, 14:11:32,540
FROV00001,FrozenEngine,1308,12/01/2023, 15:12:27,540
FROV00001,FrozenEngine,1308,12/01/2023, 16:14:45,540
FROV00001,FrozenEngine,1308,12/01/2023, 17:11:12,540
FROV00001,FrozenEngine,1308,12/01/2023, 18:14:27,540
FROV00001,FrozenEngine,1308,12/01/2023, 19:09:46,540
FROV00001,FrozenEngine,1308,12/01/2023, 20:12:39,540
FROV00001,FrozenEngine,1308,12/01/2023, 21:10:41,540
FROV00001,FrozenEngine,1308,12/01/2023, 22:10:50,540
FROV00001,FrozenEngine,1308,12/01/2023, 23:11:53,540
FROV00001,FrozenEngine,1308,12/02/2023, 00:51:34,540
FROV00001,FrozenEngine,1308,12/02/2023, 01:48:39,540
FROV00001,FrozenEngine,1308,12/02/2023, 02:20:54,540
FROV00001,FrozenEngine,1308,12/02/2023, 03:12:13,540
FROV00001,FrozenEngine,1308,12/02/2023, 04:13:40,540
FROV00001,FrozenEngine,1308,12/02/2023, 05:11:01,540
FROV00001,FrozenEngine,1308,12/02/2023, 06:14:27,540
FROV00001,FrozenEngine,1308,12/02/2023, 07:10:22,540
FROV00001,FrozenEngine,1308,12/02/2023, 08:13:43,540
FROV00001,FrozenEngine,1308,12/02/2023, 09:10:41,540
FROV00001,FrozenEngine,1309,12/02/2023, 10:11:11,540
FROV00001,FrozenEngine,1309,12/02/2023, 11:09:52,540
FROV00001,FrozenEngine,1309,12/02/2023, 12:19:18,540
FROV00001,FrozenEngine,1309,12/02/2023, 13:11:54,540
FROV00001,FrozenEngine,1309,12/02/2023, 14:09:43,540
FROV00001,FrozenEngine,1309,12/02/2023, 15:10:36,540
FROV00001,FrozenEngine,1309,12/02/2023, 16:13:34,540
FROV00001,FrozenEngine,1309,12/02/2023, 17:09:57,540
FROV00001,FrozenEngine,1309,12/02/2023, 18:13:16,540
FROV00001,FrozenEngine,1309,12/02/2023, 19:10:00,540
FROV00001,FrozenEngine,1309,12/02/2023, 20:11:23,540
FROV00001,FrozenEngine,1309,12/02/2023, 21:09:42,540
FROV00001,FrozenEngine,1309,12/02/2023, 22:10:21,540
FROV00001,FrozenEngine,1309,12/02/2023, 23:11:16,540
FROV00001,FrozenEngine,1309,12/03/2023, 00:55:22,540
FROV00001,FrozenEngine,1309,12/03/2023, 01:56:41,540
FROV00001,FrozenEngine,1309,12/03/2023, 02:25:46,540
FROV00001,FrozenEngine,1309,12/03/2023, 03:12:17,540
FROV00001,FrozenEngine,1309,12/03/2023, 04:13:44,540
FROV00001,FrozenEngine,1309,12/03/2023, 05:10:48,540
FROV00001,FrozenEngine,1309,12/03/2023, 06:14:04,540
FROV00001,FrozenEngine,1309,12/03/2023, 07:10:18,540
FROV00001,FrozenEngine,1309,12/03/2023, 08:14:09,540
FROV00001,FrozenEngine,1309,12/03/2023, 09:10:48,540
FROV00001,FrozenEngine,1309,12/03/2023, 10:11:26,540
FROV00001,FrozenEngine,1309,12/03/2023, 11:09:11,540
FROV00001,FrozenEngine,1309,12/03/2023, 12:19:58,540
FROV00001,FrozenEngine,1309,12/03/2023, 13:12:51,540
FROV00001,FrozenEngine,1309,12/03/2023, 14:09:49,540
FROV00001,FrozenEngine,1309,12/03/2023, 15:10:39,540
FROV00001,FrozenEngine,1309,12/03/2023, 16:14:01,540
FROV00001,FrozenEngine,1309,12/03/2023, 17:09:49,540
FROV00001,FrozenEngine,1309,12/03/2023, 18:13:20,540
FROV00001,FrozenEngine,1309,12/03/2023, 19:09:42,540
FROV00001,FrozenEngine,1309,12/03/2023, 20:11:56,540
FROV00001,FrozenEngine,1309,12/03/2023, 21:09:55,540
FROV00001,FrozenEngine,1309,12/03/2023, 22:10:39,540
FROV00001,FrozenEngine,1309,12/03/2023, 23:12:05,540
FROV00001,FrozenEngine,1309,12/04/2023, 00:53:27,540
FROV00001,FrozenEngine,1309,12/04/2023, 01:55:27,540
FROV00001,FrozenEngine,1309,12/04/2023, 02:26:52,540
FROV00001,FrozenEngine,1309,12/04/2023, 03:13:01,540
FROV00001,FrozenEngine,1309,12/04/2023, 04:14:15,540
FROV00001,FrozenEngine,1309,12/04/2023, 05:12:02,540
FROV00001,FrozenEngine,1309,12/04/2023, 06:16:12,540
FROV00001,FrozenEngine,1309,12/04/2023, 07:11:37,540
FROV00001,FrozenEngine,1309,12/04/2023, 08:16:00,540
FROV00001,FrozenEngine,1309,12/04/2023, 09:12:53,540
FROV00001,FrozenEngine,1309,12/04/2023, 10:13:48,540
FROV00001,FrozenEngine,1309,12/04/2023, 11:10:25,540
FROV00001,FrozenEngine,1309,12/04/2023, 12:21:30,540
FROV00001,FrozenEngine,1309,12/04/2023, 13:15:39,540
FROV00001,FrozenEngine,1309,12/04/2023, 14:11:49,540
FROV00001,FrozenEngine,1309,12/04/2023, 15:12:39,540
FROV00001,FrozenEngine,1309,12/04/2023, 16:15:46,540
FROV00001,FrozenEngine,1309,12/04/2023, 17:11:21,540
FROV00001,FrozenEngine,1309,12/04/2023, 18:15:30,540
FROV00001,FrozenEngine,1309,12/04/2023, 19:10:17,540
FROV00001,FrozenEngine,1309,12/04/2023, 20:12:38,540
FROV00001,FrozenEngine,1309,12/04/2023, 21:09:48,540
FROV00001,FrozenEngine,1309,12/04/2023, 22:11:16,540
FROV00001,FrozenEngine,1309,12/04/2023, 23:12:15,540
FROV00001,FrozenEngine,1309,12/05/2023, 00:53:41,540
FROV00001,FrozenEngine,1309,12/05/2023, 01:56:10,540
FROV00001,FrozenEngine,1309,12/05/2023, 02:27:14,540
FROV00001,FrozenEngine,1309,12/05/2023, 03:12:50,540
FROV00001,FrozenEngine,1309,12/05/2023, 04:13:54,540
FROV00001,FrozenEngine,1309,12/05/2023, 05:11:29,540
FROV00001,FrozenEngine,1309,12/05/2023, 06:16:09,540
FROV00001,FrozenEngine,1309,12/05/2023, 07:11:30,540
FROV00001,FrozenEngine,1309,12/05/2023, 08:15:13,540
FROV00001,FrozenEngine,1309,12/05/2023, 09:12:54,540
FROV00001,FrozenEngine,1309,12/05/2023, 10:13:30,540
FROV00001,FrozenEngine,1309,12/05/2023, 11:10:15,540
FROV00001,FrozenEngine,1309,12/05/2023, 12:21:45,540
FROV00001,FrozenEngine,1309,12/05/2023, 13:15:39,540
FROV00001,FrozenEngine,1309,12/05/2023, 14:11:35,540
FROV00001,FrozenEngine,1309,12/05/2023, 15:12:57,540
FROV00001,FrozenEngine,1309,12/05/2023, 16:15:43,540
FROV00001,FrozenEngine,1309,12/05/2023, 17:11:28,540
FROV00001,FrozenEngine,1309,12/05/2023, 18:15:02,540
FROV00001,FrozenEngine,1309,12/05/2023, 19:08:59,540
FROV00001,FrozenEngine,1309,12/05/2023, 20:12:37,540
FROV00001,FrozenEngine,1309,12/05/2023, 21:11:13,540
FROV00001,FrozenEngine,1309,12/05/2023, 22:11:46,540
FROV00001,FrozenEngine,1309,12/05/2023, 23:12:21,540
FROV00001,FrozenEngine,1309,12/06/2023, 00:53:25,540
FROV00001,FrozenEngine,1309,12/06/2023, 01:55:16,540
FROV00001,FrozenEngine,1309,12/06/2023, 02:25:48,540
FROV00001,FrozenEngine,1309,12/06/2023, 03:12:28,540
FROV00001,FrozenEngine,1309,12/06/2023, 04:14:27,540
FROV00001,FrozenEngine,1309,12/06/2023, 05:11:57,540
FROV00001,FrozenEngine,1309,12/06/2023, 06:15:55,540
FROV00001,FrozenEngine,1309,12/06/2023, 07:11:25,540
FROV00001,FrozenEngine,1309,12/06/2023, 08:15:13,540
FROV00001,FrozenEngine,1309,12/06/2023, 09:12:01,540
FROV00001,FrozenEngine,1309,12/06/2023, 10:12:54,540
FROV00001,FrozenEngine,1309,12/06/2023, 11:10:39,540
FROV00001,FrozenEngine,1309,12/06/2023, 12:22:13,540
FROV00001,FrozenEngine,1309,12/06/2023, 13:15:29,540
FROV00001,FrozenEngine,1309,12/06/2023, 14:11:17,540
FROV00001,FrozenEngine,1309,12/06/2023, 15:13:11,540
FROV00001,FrozenEngine,1309,12/06/2023, 16:15:58,540
FROV00001,FrozenEngine,1309,12/06/2023, 17:11:23,540
FROV00001,FrozenEngine,1309,12/06/2023, 18:14:49,540
FROV00001,FrozenEngine,1309,12/06/2023, 19:10:13,540
FROV00001,FrozenEngine,1309,12/06/2023, 20:12:38,540
FROV00001,FrozenEngine,1309,12/06/2023, 21:10:57,540
FROV00001,FrozenEngine,1309,12/06/2023, 22:11:35,540
FROV00001,FrozenEngine,1309,12/06/2023, 23:12:14,540
FROV00001,FrozenEngine,1309,12/07/2023, 00:52:44,540
FROV00001,FrozenEngine,1309,12/07/2023, 01:55:08,540
FROV00001,FrozenEngine,1309,12/07/2023, 02:26:12,540
FROV00001,FrozenEngine,1309,12/07/2023, 03:12:29,540
FROV00001,FrozenEngine,1309,12/07/2023, 04:14:28,540
FROV00001,FrozenEngine,1309,12/07/2023, 05:11:42,540
FROV00001,FrozenEngine,1309,12/07/2023, 06:15:41,540
FROV00001,FrozenEngine,1309,12/07/2023, 07:11:39,540
FROV00001,FrozenEngine,1309,12/07/2023, 08:15:29,540
FROV00001,FrozenEngine,1309,12/07/2023, 09:12:04,540
FROV00001,FrozenEngine,1309,12/07/2023, 10:13:05,540
FROV00001,FrozenEngine,1309,12/07/2023, 11:10:47,540
FROV00001,FrozenEngine,1309,12/07/2023, 12:21:55,540
FROV00001,FrozenEngine,1309,12/07/2023, 13:15:04,540
FROV00001,FrozenEngine,1309,12/07/2023, 14:11:29,540
FROV00001,FrozenEngine,1309,12/07/2023, 15:12:36,540
FROV00001,FrozenEngine,1309,12/07/2023, 16:15:33,540
FROV00001,FrozenEngine,1309,12/07/2023, 17:11:24,540
FROV00001,FrozenEngine,1309,12/07/2023, 18:15:02,540
FROV00001,FrozenEngine,1309,12/07/2023, 19:10:01,540
FROV00001,FrozenEngine,1309,12/07/2023, 20:13:05,540
FROV00001,FrozenEngine,1309,12/07/2023, 21:11:22,540
FROV00001,FrozenEngine,1309,12/07/2023, 22:11:15,540
FROV00001,FrozenEngine,1309,12/07/2023, 23:11:57,540
FROV00001,FrozenEngine,1309,12/08/2023, 00:53:34,540
FROV00001,FrozenEngine,1309,12/08/2023, 01:55:28,540
FROV00001,FrozenEngine,1309,12/08/2023, 02:26:16,540
FROV00001,FrozenEngine,1309,12/08/2023, 03:12:33,540
FROV00001,FrozenEngine,1309,12/08/2023, 04:14:28,540
FROV00001,FrozenEngine,1309,12/08/2023, 05:11:41,540
FROV00001,FrozenEngine,1309,12/08/2023, 06:15:32,540
FROV00001,FrozenEngine,1309,12/08/2023, 07:11:20,540
FROV00001,FrozenEngine,1309,12/08/2023, 08:15:22,540
FROV00001,FrozenEngine,1309,12/08/2023, 09:12:16,540
FROV00001,FrozenEngine,1309,12/08/2023, 10:12:32,540
FROV00001,FrozenEngine,1309,12/08/2023, 11:10:34,540
FROV00001,FrozenEngine,1309,12/08/2023, 12:21:36,540
FROV00001,FrozenEngine,1309,12/08/2023, 13:14:45,540
FROV00001,FrozenEngine,1309,12/08/2023, 14:11:23,540
FROV00001,FrozenEngine,1309,12/08/2023, 15:12:16,540
FROV00001,FrozenEngine,1309,12/08/2023, 16:14:48,540
FROV00001,FrozenEngine,1309,12/08/2023, 17:11:03,540
FROV00001,FrozenEngine,1309,12/08/2023, 18:14:49,540
FROV00001,FrozenEngine,1309,12/08/2023, 19:09:36,540
FROV00001,FrozenEngine,1309,12/08/2023, 20:12:32,540
FROV00001,FrozenEngine,1309,12/08/2023, 21:10:31,540
FROV00001,FrozenEngine,1309,12/08/2023, 22:11:10,540
FROV00001,FrozenEngine,1309,12/08/2023, 23:12:02,540
FROV00001,FrozenEngine,1309,12/09/2023, 00:52:03,540
FROV00001,FrozenEngine,1309,12/09/2023, 01:51:52,540
FROV00001,FrozenEngine,1309,12/09/2023, 02:22:28,540
FROV00001,FrozenEngine,1309,12/09/2023, 03:12:16,540
FROV00001,FrozenEngine,1309,12/09/2023, 04:14:07,540
FROV00001,FrozenEngine,1309,12/09/2023, 05:10:54,540
FROV00001,FrozenEngine,1309,12/09/2023, 06:14:10,540
FROV00001,FrozenEngine,1309,12/09/2023, 07:10:42,540
FROV00001,FrozenEngine,1309,12/09/2023, 08:14:07,540
FROV00001,FrozenEngine,1309,12/09/2023, 09:10:49,540
FROV00001,FrozenEngine,1309,12/09/2023, 10:11:28,540
FROV00001,FrozenEngine,1309,12/09/2023, 11:09:33,540
FROV00001,FrozenEngine,1309,12/09/2023, 12:19:48,540
FROV00001,FrozenEngine,1309,12/09/2023, 13:12:06,540
FROV00001,FrozenEngine,1309,12/09/2023, 14:10:09,540
FROV00001,FrozenEngine,1309,12/09/2023, 15:10:35,540
FROV00001,FrozenEngine,1309,12/09/2023, 16:13:46,540
FROV00001,FrozenEngine,1309,12/09/2023, 17:09:57,540
FROV00001,FrozenEngine,1309,12/09/2023, 18:13:44,540
FROV00001,FrozenEngine,1309,12/09/2023, 19:08:56,540
FROV00001,FrozenEngine,1309,12/09/2023, 20:11:33,540
FROV00001,FrozenEngine,1309,12/09/2023, 21:09:56,540
FROV00001,FrozenEngine,1310,12/09/2023, 22:10:46,540
FROV00001,FrozenEngine,1310,12/09/2023, 23:11:14,540
FROV00001,FrozenEngine,1310,12/10/2023, 00:56:19,540
FROV00001,FrozenEngine,1310,12/10/2023, 01:58:20,540
FROV00001,FrozenEngine,1310,12/10/2023, 02:29:19,540
FROV00001,FrozenEngine,1310,12/10/2023, 03:12:45,540
FROV00001,FrozenEngine,1310,12/10/2023, 04:14:28,540
FROV00001,FrozenEngine,1310,12/10/2023, 05:10:55,540
FROV00001,FrozenEngine,1310,12/10/2023, 06:14:10,540
FROV00001,FrozenEngine,1310,12/10/2023, 07:10:34,540
FROV00001,FrozenEngine,1310,12/10/2023, 08:14:26,540
FROV00001,FrozenEngine,1310,12/10/2023, 09:10:47,540
FROV00001,FrozenEngine,1310,12/10/2023, 10:11:21,540
FROV00001,FrozenEngine,1310,12/10/2023, 11:09:53,540
FROV00001,FrozenEngine,1310,12/10/2023, 12:19:32,540
FROV00001,FrozenEngine,1310,12/10/2023, 13:12:16,540
FROV00001,FrozenEngine,1310,12/10/2023, 14:10:25,540
FROV00001,FrozenEngine,1310,12/10/2023, 15:10:58,540
FROV00001,FrozenEngine,1310,12/10/2023, 16:14:01,540
FROV00001,FrozenEngine,1310,12/10/2023, 17:09:46,540
FROV00001,FrozenEngine,1310,12/10/2023, 18:13:36,540
FROV00001,FrozenEngine,1310,12/10/2023, 19:09:22,540
FROV00001,FrozenEngine,1310,12/10/2023, 20:11:51,540
FROV00001,FrozenEngine,1310,12/10/2023, 21:09:56,540
FROV00001,FrozenEngine,1310,12/10/2023, 22:10:30,540
FROV00001,FrozenEngine,1310,12/10/2023, 23:11:10,540
FROV00001,FrozenEngine,1310,12/11/2023, 00:53:48,540
FROV00001,FrozenEngine,1310,12/11/2023, 01:55:40,540
FROV00001,FrozenEngine,1310,12/11/2023, 02:26:31,540
FROV00001,FrozenEngine,1310,12/11/2023, 03:13:12,540
FROV00001,FrozenEngine,1310,12/11/2023, 04:14:45,540
FROV00001,FrozenEngine,1310,12/11/2023, 05:12:32,540
FROV00001,FrozenEngine,1310,12/11/2023, 06:16:02,540
FROV00001,FrozenEngine,1310,12/11/2023, 07:11:38,540
FROV00001,FrozenEngine,1310,12/11/2023, 08:15:57,540
FROV00001,FrozenEngine,1310,12/11/2023, 09:13:11,540
FROV00001,FrozenEngine,1311,12/11/2023, 10:13:45,540
FROV00001,FrozenEngine,1311,12/11/2023, 11:11:01,540
FROV00001,FrozenEngine,1311,12/11/2023, 12:22:19,540
FROV00001,FrozenEngine,1311,12/11/2023, 13:15:53,540
FROV00001,FrozenEngine,1311,12/11/2023, 14:12:15,540
FROV00001,FrozenEngine,1311,12/11/2023, 15:13:00,540
FROV00001,FrozenEngine,1311,12/11/2023, 16:15:53,540
FROV00001,FrozenEngine,1311,12/11/2023, 17:11:27,540
FROV00001,FrozenEngine,1311,12/11/2023, 18:15:09,540
FROV00001,FrozenEngine,1311,12/11/2023, 19:10:04,540
FROV00001,FrozenEngine,1311,12/11/2023, 20:13:07,540
FROV00001,FrozenEngine,1311,12/11/2023, 21:11:24,540
FROV00001,FrozenEngine,1311,12/11/2023, 22:11:17,540
FROV00001,FrozenEngine,1311,12/11/2023, 23:12:07,540
FROV00001,FrozenEngine,1311,12/12/2023, 00:53:18,540
FROV00001,FrozenEngine,1312,12/12/2023, 01:55:59,540
FROV00001,FrozenEngine,1312,12/12/2023, 02:27:10,540
FROV00001,FrozenEngine,1312,12/12/2023, 03:13:00,540
FROV00001,FrozenEngine,1312,12/12/2023, 04:14:24,540
FROV00001,FrozenEngine,1312,12/12/2023, 05:11:53,540
FROV00001,FrozenEngine,1312,12/12/2023, 06:15:33,540
FROV00001,FrozenEngine,1312,12/12/2023, 07:11:33,540
FROV00001,FrozenEngine,1312,12/12/2023, 08:15:19,540
FROV00001,FrozenEngine,1312,12/12/2023, 09:12:13,540
FROV00001,FrozenEngine,1312,12/12/2023, 10:13:11,540
FROV00001,FrozenEngine,1312,12/12/2023, 11:10:34,540
FROV00001,FrozenEngine,1312,12/12/2023, 12:21:51,540
FROV00001,FrozenEngine,1312,12/12/2023, 13:15:02,540
FROV00001,FrozenEngine,1312,12/12/2023, 14:11:27,540
FROV00001,FrozenEngine,1312,12/12/2023, 15:12:15,540
FROV00001,FrozenEngine,1312,12/12/2023, 16:14:18,540
FROV00001,FrozenEngine,1312,12/12/2023, 17:11:16,540
FROV00001,FrozenEngine,1312,12/12/2023, 18:14:53,540
FROV00001,FrozenEngine,1312,12/12/2023, 19:10:19,540
FROV00001,FrozenEngine,1312,12/12/2023, 20:12:36,540
FROV00001,FrozenEngine,1312,12/12/2023, 21:10:53,540
FROV00001,FrozenEngine,1312,12/12/2023, 22:11:22,540
FROV00001,FrozenEngine,1312,12/12/2023, 23:11:38,540
FROV00001,FrozenEngine,1312,12/13/2023, 00:52:38,540
FROV00001,FrozenEngine,1312,12/13/2023, 01:55:49,540
FROV00001,FrozenEngine,1312,12/13/2023, 02:26:36,540
FROV00001,FrozenEngine,1312,12/13/2023, 03:13:08,540
FROV00001,FrozenEngine,1312,12/13/2023, 04:15:00,540
FROV00001,FrozenEngine,1312,12/13/2023, 05:11:32,540
FROV00001,FrozenEngine,1312,12/13/2023, 06:15:43,540
FROV00001,FrozenEngine,1312,12/13/2023, 07:11:37,540
FROV00001,FrozenEngine,1312,12/13/2023, 08:15:21,540
FROV00001,FrozenEngine,1312,12/13/2023, 09:12:05,540
FROV00001,FrozenEngine,1312,12/13/2023, 10:12:52,540
FROV00001,FrozenEngine,1312,12/13/2023, 11:10:22,540
FROV00001,FrozenEngine,1312,12/13/2023, 12:21:29,540
FROV00001,FrozenEngine,1312,12/13/2023, 13:15:35,540
FROV00001,FrozenEngine,1312,12/13/2023, 14:11:58,540
FROV00001,FrozenEngine,1312,12/13/2023, 15:12:54,540
FROV00001,FrozenEngine,1312,12/13/2023, 16:14:16,540
FROV00001,FrozenEngine,1312,12/13/2023, 17:11:21,540
FROV00001,FrozenEngine,1313,12/13/2023, 18:13:02,540
FROV00001,FrozenEngine,1313,12/13/2023, 19:10:11,540
FROV00001,FrozenEngine,1313,12/13/2023, 20:12:53,540
FROV00001,FrozenEngine,1313,12/13/2023, 21:10:53,540
FROV00001,FrozenEngine,1313,12/13/2023, 22:11:24,540
FROV00001,FrozenEngine,1313,12/13/2023, 23:12:17,540
FROV00001,FrozenEngine,1313,12/14/2023, 00:52:34,540
FROV00001,FrozenEngine,1314,12/14/2023, 01:53:38,540
FROV00001,FrozenEngine,1314,12/14/2023, 02:24:34,540
FROV00001,FrozenEngine,1314,12/14/2023, 03:12:51,540
FROV00001,FrozenEngine,1314,12/14/2023, 04:15:05,540
FROV00001,FrozenEngine,1314,12/14/2023, 05:11:47,540
FROV00001,FrozenEngine,1314,12/14/2023, 06:16:01,540
FROV00001,FrozenEngine,1314,12/14/2023, 07:11:22,540
FROV00001,FrozenEngine,1314,12/14/2023, 08:15:20,540
FROV00001,FrozenEngine,1314,12/14/2023, 09:11:56,540
FROV00001,FrozenEngine,1314,12/14/2023, 10:14:13,540
FROV00001,FrozenEngine,1314,12/14/2023, 11:10:43,540
FROV00001,FrozenEngine,1314,12/14/2023, 12:21:27,540
FROV00001,FrozenEngine,1314,12/14/2023, 13:15:09,540
FROV00001,FrozenEngine,1314,12/14/2023, 14:11:41,540
FROV00001,FrozenEngine,1314,12/14/2023, 15:12:36,540
FROV00001,FrozenEngine,1314,12/14/2023, 16:13:11,540
FROV00001,FrozenEngine,1314,12/14/2023, 17:11:40,540
FROV00001,FrozenEngine,1314,12/14/2023, 18:14:59,540
FROV00001,FrozenEngine,1314,12/14/2023, 19:09:49,540
FROV00001,FrozenEngine,1314,12/14/2023, 20:12:52,540
FROV00001,FrozenEngine,1314,12/14/2023, 21:10:50,540
FROV00001,FrozenEngine,1314,12/14/2023, 22:11:27,540
FROV00001,FrozenEngine,1314,12/14/2023, 23:12:04,540
FROV00001,FrozenEngine,1314,12/15/2023, 00:53:22,540
FROV00001,FrozenEngine,1314,12/15/2023, 01:55:30,540
FROV00001,FrozenEngine,1314,12/15/2023, 02:26:49,540
FROV00001,FrozenEngine,1314,12/15/2023, 03:13:09,540
FROV00001,FrozenEngine,1314,12/15/2023, 04:14:23,540
FROV00001,FrozenEngine,1315,12/15/2023, 05:11:47,540
FROV00001,FrozenEngine,1315,12/15/2023, 06:15:50,540
FROV00001,FrozenEngine,1315,12/15/2023, 07:11:42,540
FROV00001,FrozenEngine,1315,12/15/2023, 08:15:24,540
FROV00001,FrozenEngine,1315,12/15/2023, 09:12:23,540
FROV00001,FrozenEngine,1315,12/15/2023, 10:13:03,540
FROV00001,FrozenEngine,1315,12/15/2023, 11:10:28,540
FROV00001,FrozenEngine,1315,12/15/2023, 12:21:38,540
FROV00001,FrozenEngine,1315,12/15/2023, 13:14:50,540
FROV00001,FrozenEngine,1315,12/15/2023, 14:11:15,540
FROV00001,FrozenEngine,1315,12/15/2023, 15:12:12,540
FROV00001,FrozenEngine,1315,12/15/2023, 16:15:05,540
FROV00001,FrozenEngine,1315,12/15/2023, 17:11:19,540
FROV00001,FrozenEngine,1315,12/15/2023, 18:14:47,540
FROV00001,FrozenEngine,1315,12/15/2023, 19:10:04,540
FROV00001,FrozenEngine,1315,12/15/2023, 20:12:51,540
FROV00001,FrozenEngine,1315,12/15/2023, 21:10:49,540
FROV00001,FrozenEngine,1315,12/15/2023, 22:10:57,540
FROV00001,FrozenEngine,1315,12/15/2023, 23:12:04,540
FROV00001,FrozenEngine,1315,12/16/2023, 00:52:13,540
FROV00001,FrozenEngine,1315,12/16/2023, 01:52:36,540
FROV00001,FrozenEngine,1315,12/16/2023, 02:23:17,540
FROV00001,FrozenEngine,1315,12/16/2023, 03:12:47,540
FROV00001,FrozenEngine,1315,12/16/2023, 04:14:18,540
FROV00001,FrozenEngine,1315,12/16/2023, 05:11:22,540
FROV00001,FrozenEngine,1315,12/16/2023, 06:14:41,540
FROV00001,FrozenEngine,1315,12/16/2023, 07:10:43,540
FROV00001,FrozenEngine,1315,12/16/2023, 08:14:02,540
FROV00001,FrozenEngine,1315,12/16/2023, 09:11:25,540
FROV00001,FrozenEngine,1315,12/16/2023, 10:11:32,540
FROV00001,FrozenEngine,1315,12/16/2023, 11:09:46,540
FROV00001,FrozenEngine,1315,12/16/2023, 12:19:53,540
FROV00001,FrozenEngine,1315,12/16/2023, 13:12:40,540
FROV00001,FrozenEngine,1315,12/16/2023, 14:11:13,540
FROV00001,FrozenEngine,1315,12/16/2023, 15:11:04,540
FROV00001,FrozenEngine,1315,12/16/2023, 16:13:46,540
FROV00001,FrozenEngine,1315,12/16/2023, 17:10:10,540
FROV00001,FrozenEngine,1315,12/16/2023, 18:13:59,540
FROV00001,FrozenEngine,1315,12/16/2023, 19:08:58,540
FROV00001,FrozenEngine,1315,12/16/2023, 20:11:46,540
FROV00001,FrozenEngine,1315,12/16/2023, 21:10:08,540
FROV00001,FrozenEngine,1315,12/16/2023, 22:10:50,540
FROV00001,FrozenEngine,1315,12/16/2023, 23:11:35,540
FROV00001,FrozenEngine,1315,12/17/2023, 00:56:10,540
FROV00001,FrozenEngine,1315,12/17/2023, 01:57:52,540
FROV00001,FrozenEngine,1315,12/17/2023, 02:29:04,540
FROV00001,FrozenEngine,1315,12/17/2023, 03:12:29,540
FROV00001,FrozenEngine,1315,12/17/2023, 04:14:05,540
FROV00001,FrozenEngine,1315,12/17/2023, 05:11:28,540
FROV00001,FrozenEngine,1315,12/17/2023, 06:14:26,540
FROV00001,FrozenEngine,1315,12/17/2023, 07:10:57,540
FROV00001,FrozenEngine,1315,12/17/2023, 08:13:59,540
FROV00001,FrozenEngine,1315,12/17/2023, 09:11:35,540
FROV00001,FrozenEngine,1315,12/17/2023, 10:11:51,540
FROV00001,FrozenEngine,1315,12/17/2023, 11:09:45,540
FROV00001,FrozenEngine,1315,12/17/2023, 12:19:50,540
FROV00001,FrozenEngine,1315,12/17/2023, 13:12:44,540
FROV00001,FrozenEngine,1315,12/17/2023, 14:09:55,540
FROV00001,FrozenEngine,1315,12/17/2023, 15:11:00,540
FROV00001,FrozenEngine,1315,12/17/2023, 16:13:42,540
FROV00001,FrozenEngine,1315,12/17/2023, 17:10:05,540
FROV00001,FrozenEngine,1315,12/17/2023, 18:13:58,540
FROV00001,FrozenEngine,1315,12/17/2023, 19:09:22,540
FROV00001,FrozenEngine,1315,12/17/2023, 20:12:04,540
FROV00001,FrozenEngine,1315,12/17/2023, 21:10:23,540
FROV00001,FrozenEngine,1316,12/17/2023, 22:10:43,540
FROV00001,FrozenEngine,1316,12/17/2023, 23:11:33,540
FROV00001,FrozenEngine,1316,12/18/2023, 00:53:37,540
FROV00001,FrozenEngine,1316,12/18/2023, 01:55:23,540
FROV00001,FrozenEngine,1316,12/18/2023, 02:26:13,540
FROV00001,FrozenEngine,1316,12/18/2023, 03:13:21,540
FROV00001,FrozenEngine,1316,12/18/2023, 04:14:58,540
FROV00001,FrozenEngine,1316,12/18/2023, 05:12:33,540
FROV00001,FrozenEngine,1316,12/18/2023, 06:16:20,540
FROV00001,FrozenEngine,1316,12/18/2023, 07:11:25,540
FROV00001,FrozenEngine,1316,12/18/2023, 08:16:25,540
FROV00001,FrozenEngine,1316,12/18/2023, 09:12:40,540
FROV00001,FrozenEngine,1316,12/18/2023, 10:13:37,540
FROV00001,FrozenEngine,1316,12/18/2023, 11:10:35,540
FROV00001,FrozenEngine,1316,12/18/2023, 12:21:56,540
FROV00001,FrozenEngine,1316,12/18/2023, 13:15:45,540
FROV00001,FrozenEngine,1316,12/18/2023, 14:11:46,540
FROV00001,FrozenEngine,1316,12/18/2023, 15:12:44,540
FROV00001,FrozenEngine,1316,12/18/2023, 16:14:54,540
FROV00001,FrozenEngine,1316,12/18/2023, 17:11:29,540
FROV00001,FrozenEngine,1316,12/18/2023, 18:15:01,540
FROV00001,FrozenEngine,1316,12/18/2023, 19:09:55,540
FROV00001,FrozenEngine,1316,12/18/2023, 20:12:58,540
FROV00001,FrozenEngine,1316,12/18/2023, 21:10:59,540
FROV00001,FrozenEngine,1316,12/18/2023, 22:11:45,540
FROV00001,FrozenEngine,1316,12/18/2023, 23:11:55,540
FROV00001,FrozenEngine,1316,12/19/2023, 00:52:39,540
FROV00001,FrozenEngine,1316,12/19/2023, 01:54:46,540
FROV00001,FrozenEngine,1316,12/19/2023, 02:25:37,540
FROV00001,FrozenEngine,1316,12/19/2023, 03:12:48,540
FROV00001,FrozenEngine,1316,12/19/2023, 04:14:23,540
FROV00001,FrozenEngine,1316,12/19/2023, 05:11:50,540
FROV00001,FrozenEngine,1316,12/19/2023, 06:15:43,540
FROV00001,FrozenEngine,1316,12/19/2023, 07:11:54,540
FROV00001,FrozenEngine,1316,12/19/2023, 08:15:22,540
FROV00001,FrozenEngine,1316,12/19/2023, 09:12:20,540
FROV00001,FrozenEngine,1316,12/19/2023, 10:12:25,540
FROV00001,FrozenEngine,1316,12/19/2023, 11:10:17,540
FROV00001,FrozenEngine,1316,12/19/2023, 12:21:22,540
FROV00001,FrozenEngine,1317,12/19/2023, 13:14:33,540
FROV00001,FrozenEngine,1317,12/19/2023, 14:11:30,540
FROV00001,FrozenEngine,1317,12/19/2023, 15:12:00,540
FROV00001,FrozenEngine,1317,12/19/2023, 16:13:54,540
FROV00001,FrozenEngine,1317,12/19/2023, 17:09:28,540
FROV00001,FrozenEngine,1317,12/19/2023, 18:12:33,540
FROV00001,FrozenEngine,1317,12/19/2023, 19:08:28,540
FROV00001,FrozenEngine,1317,12/19/2023, 20:11:26,540
FROV00001,FrozenEngine,1317,12/19/2023, 21:09:33,540
FROV00001,FrozenEngine,1317,12/19/2023, 22:10:00,540
FROV00001,FrozenEngine,1317,12/19/2023, 23:09:56,540
FROV00001,FrozenEngine,1317,12/20/2023, 00:42:15,540
FROV00001,FrozenEngine,1317,12/20/2023, 01:32:53,540
FROV00001,FrozenEngine,1317,12/20/2023, 02:10:50,540
FROV00001,FrozenEngine,1317,12/20/2023, 03:10:33,540
FROV00001,FrozenEngine,1317,12/20/2023, 04:11:57,540
FROV00001,FrozenEngine,1317,12/20/2023, 05:09:43,540
FROV00001,FrozenEngine,1317,12/20/2023, 06:13:11,540
FROV00001,FrozenEngine,1317,12/20/2023, 07:09:30,540
FROV00001,FrozenEngine,1317,12/20/2023, 08:13:03,540
FROV00001,FrozenEngine,1317,12/20/2023, 09:10:13,540
FROV00001,FrozenEngine,1317,12/20/2023, 10:10:43,540
FROV00001,FrozenEngine,1317,12/20/2023, 11:09:50,540
FROV00001,FrozenEngine,1317,12/20/2023, 12:17:54,540
FROV00001,FrozenEngine,1317,12/20/2023, 13:11:36,540
FROV00001,FrozenEngine,1317,12/20/2023, 14:09:40,540
FROV00001,FrozenEngine,1317,12/20/2023, 15:10:11,540
FROV00001,FrozenEngine,1317,12/20/2023, 16:13:41,540
FROV00001,FrozenEngine,1317,12/20/2023, 17:09:56,540
FROV00001,FrozenEngine,1317,12/20/2023, 18:14:50,540
FROV00001,FrozenEngine,1317,12/20/2023, 19:08:24,540
FROV00001,FrozenEngine,1317,12/20/2023, 20:12:44,540
FROV00001,FrozenEngine,1317,12/20/2023, 21:10:24,540
FROV00001,FrozenEngine,1317,12/20/2023, 22:11:03,540
FROV00001,FrozenEngine,1317,12/20/2023, 23:12:20,540
FROV00001,FrozenEngine,1317,12/21/2023, 00:52:09,540
FROV00001,FrozenEngine,1317,12/21/2023, 01:53:13,540
FROV00001,FrozenEngine,1317,12/21/2023, 02:24:10,540
FROV00001,FrozenEngine,1317,12/21/2023, 03:12:29,540
FROV00001,FrozenEngine,1317,12/21/2023, 04:14:09,540
FROV00001,FrozenEngine,1317,12/21/2023, 05:11:37,540
FROV00001,FrozenEngine,1317,12/21/2023, 06:15:21,540
FROV00001,FrozenEngine,1317,12/21/2023, 07:11:29,540
FROV00001,FrozenEngine,1317,12/21/2023, 08:14:43,540
FROV00001,FrozenEngine,1317,12/21/2023, 09:11:51,540
FROV00001,FrozenEngine,1317,12/21/2023, 10:12:33,540
FROV00001,FrozenEngine,1317,12/21/2023, 11:10:22,540
FROV00001,FrozenEngine,1317,12/21/2023, 12:20:51,540
FROV00001,FrozenEngine,1317,12/21/2023, 13:14:17,540
FROV00001,FrozenEngine,1317,12/21/2023, 14:10:54,540
FROV00001,FrozenEngine,1317,12/21/2023, 15:12:26,540
FROV00001,FrozenEngine,1317,12/21/2023, 16:15:01,540
FROV00001,FrozenEngine,1317,12/21/2023, 17:11:15,540
FROV00001,FrozenEngine,1317,12/21/2023, 18:13:17,540
FROV00001,FrozenEngine,1317,12/21/2023, 19:08:17,540
FROV00001,FrozenEngine,1317,12/21/2023, 20:12:10,540
FROV00001,FrozenEngine,1317,12/21/2023, 21:12:10,540
FROV00001,FrozenEngine,1317,12/21/2023, 22:10:35,540
FROV00001,FrozenEngine,1317,12/21/2023, 23:12:34,540
FROV00001,FrozenEngine,1317,12/22/2023, 00:51:56,540
FROV00001,FrozenEngine,1317,12/22/2023, 01:52:14,540
FROV00001,FrozenEngine,1317,12/22/2023, 02:23:07,540
FROV00001,FrozenEngine,1317,12/22/2023, 03:12:38,540
FROV00001,FrozenEngine,1317,12/22/2023, 04:14:21,540
FROV00001,FrozenEngine,1317,12/22/2023, 05:11:48,540
FROV00001,FrozenEngine,1317,12/22/2023, 06:15:40,540
FROV00001,FrozenEngine,1317,12/22/2023, 07:11:01,540
FROV00001,FrozenEngine,1317,12/22/2023, 08:14:56,540
FROV00001,FrozenEngine,1317,12/22/2023, 09:11:50,540
FROV00001,FrozenEngine,1317,12/22/2023, 10:12:46,540
FROV00001,FrozenEngine,1317,12/22/2023, 11:10:23,540
FROV00001,FrozenEngine,1317,12/22/2023, 12:20:45,540
FROV00001,FrozenEngine,1317,12/22/2023, 13:13:26,540
FROV00001,FrozenEngine,1317,12/22/2023, 14:11:16,540
FROV00001,FrozenEngine,1317,12/22/2023, 15:11:42,540
FROV00001,FrozenEngine,1317,12/22/2023, 16:14:33,540
FROV00001,FrozenEngine,1317,12/22/2023, 17:10:42,540
FROV00001,FrozenEngine,1317,12/22/2023, 18:14:35,540
FROV00001,FrozenEngine,1317,12/22/2023, 19:09:24,540
FROV00001,FrozenEngine,1317,12/22/2023, 20:12:26,540
FROV00001,FrozenEngine,1317,12/22/2023, 21:10:22,540
FROV00001,FrozenEngine,1317,12/22/2023, 22:11:00,540
FROV00001,FrozenEngine,1317,12/22/2023, 23:12:09,540
FROV00001,FrozenEngine,1317,12/23/2023, 00:49:36,540
FROV00001,FrozenEngine,1317,12/23/2023, 01:45:38,540
FROV00001,FrozenEngine,1317,12/23/2023, 02:19:50,540
FROV00001,FrozenEngine,1317,12/23/2023, 03:12:21,540
FROV00001,FrozenEngine,1317,12/23/2023, 04:13:40,540
FROV00001,FrozenEngine,1317,12/23/2023, 05:11:13,540
FROV00001,FrozenEngine,1317,12/23/2023, 06:14:20,540
FROV00001,FrozenEngine,1317,12/23/2023, 07:10:17,540
FROV00001,FrozenEngine,1317,12/23/2023, 08:13:42,540
FROV00001,FrozenEngine,1317,12/23/2023, 09:11:07,540
FROV00001,FrozenEngine,1317,12/23/2023, 10:11:21,540
FROV00001,FrozenEngine,1317,12/23/2023, 11:09:46,540
FROV00001,FrozenEngine,1317,12/23/2023, 12:18:56,540
FROV00001,FrozenEngine,1317,12/23/2023, 13:12:26,540
FROV00001,FrozenEngine,1317,12/23/2023, 14:10:07,540
FROV00001,FrozenEngine,1317,12/23/2023, 15:10:51,540
FROV00001,FrozenEngine,1317,12/23/2023, 16:13:39,540
FROV00001,FrozenEngine,1317,12/23/2023, 17:10:18,540
FROV00001,FrozenEngine,1317,12/23/2023, 18:13:27,540
FROV00001,FrozenEngine,1317,12/23/2023, 19:08:54,540
FROV00001,FrozenEngine,1317,12/23/2023, 20:11:17,540
FROV00001,FrozenEngine,1317,12/23/2023, 21:09:31,540
FROV00001,FrozenEngine,1317,12/23/2023, 22:10:13,540
FROV00001,FrozenEngine,1317,12/23/2023, 23:11:41,540
FROV00001,FrozenEngine,1317,12/24/2023, 00:55:31,540
FROV00001,FrozenEngine,1317,12/24/2023, 01:56:02,540
FROV00001,FrozenEngine,1317,12/24/2023, 02:25:28,540
FROV00001,FrozenEngine,1317,12/24/2023, 03:12:02,540
FROV00001,FrozenEngine,1317,12/24/2023, 04:13:42,540
FROV00001,FrozenEngine,1317,12/24/2023, 05:11:11,540
FROV00001,FrozenEngine,1317,12/24/2023, 06:14:15,540
FROV00001,FrozenEngine,1317,12/24/2023, 07:10:41,540
FROV00001,FrozenEngine,1317,12/24/2023, 08:13:31,540
FROV00001,FrozenEngine,1317,12/24/2023, 09:11:54,540
FROV00001,FrozenEngine,1317,12/24/2023, 10:11:51,540
FROV00001,FrozenEngine,1317,12/24/2023, 11:09:24,540
FROV00001,FrozenEngine,1317,12/24/2023, 12:18:59,540
FROV00001,FrozenEngine,1317,12/24/2023, 13:12:18,540
FROV00001,FrozenEngine,1317,12/24/2023, 14:10:24,540
FROV00001,FrozenEngine,1317,12/24/2023, 15:10:46,540
FROV00001,FrozenEngine,1317,12/24/2023, 16:13:36,540
FROV00001,FrozenEngine,1317,12/24/2023, 17:10:08,540
FROV00001,FrozenEngine,1317,12/24/2023, 18:13:16,540
FROV00001,FrozenEngine,1317,12/24/2023, 19:09:16,540
FROV00001,FrozenEngine,1317,12/24/2023, 20:11:28,540
FROV00001,FrozenEngine,1317,12/24/2023, 21:09:48,540
FROV00001,FrozenEngine,1317,12/24/2023, 22:10:24,540
FROV00001,FrozenEngine,1317,12/24/2023, 23:11:23,540
FROV00001,FrozenEngine,1317,12/25/2023, 00:52:56,540
FROV00001,FrozenEngine,1317,12/25/2023, 01:54:07,540
FROV00001,FrozenEngine,1317,12/25/2023, 02:25:13,540
FROV00001,FrozenEngine,1317,12/25/2023, 03:12:46,540
FROV00001,FrozenEngine,1317,12/25/2023, 04:14:16,540
FROV00001,FrozenEngine,1317,12/25/2023, 05:12:33,540
FROV00001,FrozenEngine,1317,12/25/2023, 06:15:57,540
FROV00001,FrozenEngine,1317,12/25/2023, 07:11:13,540
FROV00001,FrozenEngine,1317,12/25/2023, 08:15:02,540
FROV00001,FrozenEngine,1317,12/25/2023, 09:12:08,540
FROV00001,FrozenEngine,1317,12/25/2023, 10:12:37,540
FROV00001,FrozenEngine,1317,12/25/2023, 11:10:08,540
FROV00001,FrozenEngine,1317,12/25/2023, 12:20:41,540
FROV00001,FrozenEngine,1317,12/25/2023, 13:13:07,540
FROV00001,FrozenEngine,1317,12/25/2023, 14:10:46,540
FROV00001,FrozenEngine,1317,12/25/2023, 15:12:49,540
FROV00001,FrozenEngine,1317,12/25/2023, 16:14:05,540
FROV00001,FrozenEngine,1317,12/25/2023, 17:10:25,540
FROV00001,FrozenEngine,1317,12/25/2023, 18:13:59,540
FROV00001,FrozenEngine,1317,12/25/2023, 19:10:30,540
FROV00001,FrozenEngine,1317,12/25/2023, 20:12:13,540
FROV00001,FrozenEngine,1317,12/25/2023, 21:10:36,540
FROV00001,FrozenEngine,1317,12/25/2023, 22:10:47,540
FROV00001,FrozenEngine,1317,12/25/2023, 23:11:37,540
FROV00001,FrozenEngine,1317,12/26/2023, 00:50:41,540
FROV00001,FrozenEngine,1317,12/26/2023, 01:49:58,540
FROV00001,FrozenEngine,1317,12/26/2023, 02:21:30,540
FROV00001,FrozenEngine,1317,12/26/2023, 03:12:44,540
FROV00001,FrozenEngine,1317,12/26/2023, 04:14:20,540
FROV00001,FrozenEngine,1317,12/26/2023, 05:11:53,540
FROV00001,FrozenEngine,1317,12/26/2023, 06:15:15,540
FROV00001,FrozenEngine,1317,12/26/2023, 07:10:51,540
FROV00001,FrozenEngine,1317,12/26/2023, 08:14:35,540
FROV00001,FrozenEngine,1317,12/26/2023, 09:11:37,540
FROV00001,FrozenEngine,1317,12/26/2023, 10:12:08,540
FROV00001,FrozenEngine,1317,12/26/2023, 11:10:05,540
FROV00001,FrozenEngine,1317,12/26/2023, 12:19:53,540
FROV00001,FrozenEngine,1317,12/26/2023, 13:12:58,540
FROV00001,FrozenEngine,1317,12/26/2023, 14:10:48,540
FROV00001,FrozenEngine,1317,12/26/2023, 15:11:22,540
FROV00001,FrozenEngine,1317,12/26/2023, 16:14:27,540
FROV00001,FrozenEngine,1317,12/26/2023, 17:10:43,540
FROV00001,FrozenEngine,1317,12/26/2023, 18:14:00,540
FROV00001,FrozenEngine,1317,12/26/2023, 19:09:42,540
FROV00001,FrozenEngine,1317,12/26/2023, 20:12:06,540
FROV00001,FrozenEngine,1317,12/26/2023, 21:10:11,540
FROV00001,FrozenEngine,1317,12/26/2023, 22:10:39,540
FROV00001,FrozenEngine,1317,12/26/2023, 23:12:21,540
FROV00001,FrozenEngine,1317,12/27/2023, 00:50:55,540
FROV00001,FrozenEngine,1317,12/27/2023, 01:51:18,540
FROV00001,FrozenEngine,1317,12/27/2023, 02:22:02,540
FROV00001,FrozenEngine,1317,12/27/2023, 03:12:42,540
FROV00001,FrozenEngine,1317,12/27/2023, 04:14:34,540
FROV00001,FrozenEngine,1317,12/27/2023, 05:11:22,540
FROV00001,FrozenEngine,1317,12/27/2023, 06:15:36,540
FROV00001,FrozenEngine,1317,12/27/2023, 07:11:08,540
FROV00001,FrozenEngine,1317,12/27/2023, 08:14:44,540
FROV00001,FrozenEngine,1317,12/27/2023, 09:11:32,540
FROV00001,FrozenEngine,1317,12/27/2023, 10:12:16,540
FROV00001,FrozenEngine,1317,12/27/2023, 11:10:00,540
FROV00001,FrozenEngine,1317,12/27/2023, 12:20:31,540
FROV00001,FrozenEngine,1317,12/27/2023, 13:13:32,540
FROV00001,FrozenEngine,1317,12/27/2023, 14:10:33,540
FROV00001,FrozenEngine,1317,12/27/2023, 15:11:55,540
FROV00001,FrozenEngine,1318,12/27/2023, 16:14:05,540
FROV00001,FrozenEngine,1318,12/27/2023, 17:10:06,540
FROV00001,FrozenEngine,1318,12/27/2023, 18:14:19,540
FROV00001,FrozenEngine,1318,12/27/2023, 19:09:47,540
FROV00001,FrozenEngine,1318,12/27/2023, 20:11:58,540
FROV00001,FrozenEngine,1318,12/27/2023, 21:10:57,540
FROV00001,FrozenEngine,1318,12/27/2023, 22:10:48,540
FROV00001,FrozenEngine,1318,12/27/2023, 23:11:45,540
FROV00001,FrozenEngine,1318,12/28/2023, 00:50:47,540
FROV00001,FrozenEngine,1318,12/28/2023, 01:50:32,540
FROV00001,FrozenEngine,1318,12/28/2023, 02:21:43,540
FROV00001,FrozenEngine,1318,12/28/2023, 03:12:17,540
FROV00001,FrozenEngine,1318,12/28/2023, 04:14:17,540
FROV00001,FrozenEngine,1318,12/28/2023, 05:11:49,540
FROV00001,FrozenEngine,1318,12/28/2023, 06:15:06,540
FROV00001,FrozenEngine,1318,12/28/2023, 07:11:12,540
FROV00001,FrozenEngine,1318,12/28/2023, 08:14:50,540
FROV00001,FrozenEngine,1318,12/28/2023, 09:12:15,540
FROV00001,FrozenEngine,1318,12/28/2023, 10:12:40,540
FROV00001,FrozenEngine,1318,12/28/2023, 11:10:10,540
FROV00001,FrozenEngine,1318,12/28/2023, 12:21:06,540
FROV00001,FrozenEngine,1318,12/28/2023, 13:13:14,540
FROV00001,FrozenEngine,1318,12/28/2023, 14:10:57,540
FROV00001,FrozenEngine,1318,12/28/2023, 15:11:38,540
FROV00001,FrozenEngine,1318,12/28/2023, 16:14:30,540
FROV00001,FrozenEngine,1318,12/28/2023, 17:10:47,540
FROV00001,FrozenEngine,1318,12/28/2023, 18:14:16,540
FROV00001,FrozenEngine,1318,12/28/2023, 19:09:27,540
FROV00001,FrozenEngine,1318,12/28/2023, 20:11:24,540
FROV00001,FrozenEngine,1318,12/28/2023, 21:10:26,540
FROV00001,FrozenEngine,1318,12/28/2023, 22:10:38,540
FROV00001,FrozenEngine,1318,12/28/2023, 23:12:29,540
FROV00001,FrozenEngine,1318,12/29/2023, 00:41:53,540
FROV00001,FrozenEngine,1318,12/29/2023, 01:40:19,540
FROV00001,FrozenEngine,1318,12/29/2023, 02:18:18,540
FROV00001,FrozenEngine,1318,12/29/2023, 03:13:03,540
FROV00001,FrozenEngine,1318,12/29/2023, 04:14:39,540
FROV00001,FrozenEngine,1318,12/29/2023, 05:11:31,540
FROV00001,FrozenEngine,1318,12/29/2023, 06:15:38,540
FROV00001,FrozenEngine,1318,12/29/2023, 07:11:01,540
FROV00001,FrozenEngine,1318,12/29/2023, 08:14:23,540
FROV00001,FrozenEngine,1318,12/29/2023, 09:12:00,540
FROV00001,FrozenEngine,1318,12/29/2023, 10:12:37,540
FROV00001,FrozenEngine,1318,12/29/2023, 11:10:51,540
FROV00001,FrozenEngine,1318,12/29/2023, 12:18:09,540
FROV00001,FrozenEngine,1318,12/29/2023, 13:13:31,540
FROV00001,FrozenEngine,1318,12/29/2023, 14:10:40,540
FROV00001,FrozenEngine,1318,12/29/2023, 15:11:18,540
FROV00001,FrozenEngine,1318,12/29/2023, 16:15:42,540
FROV00001,FrozenEngine,1318,12/29/2023, 17:11:25,540
FROV00001,FrozenEngine,1318,12/29/2023, 18:14:06,540
FROV00001,FrozenEngine,1318,12/29/2023, 19:09:44,540
FROV00001,FrozenEngine,1318,12/29/2023, 20:12:02,540
FROV00001,FrozenEngine,1318,12/29/2023, 21:10:20,540
FROV00001,FrozenEngine,1318,12/29/2023, 22:10:59,540
FROV00001,FrozenEngine,1318,12/29/2023, 23:11:34,540
FROV00001,FrozenEngine,1318,12/30/2023, 00:50:31,540
FROV00001,FrozenEngine,1318,12/30/2023, 01:47:48,540
FROV00001,FrozenEngine,1318,12/30/2023, 02:21:34,540
FROV00001,FrozenEngine,1318,12/30/2023, 03:12:32,540
FROV00001,FrozenEngine,1318,12/30/2023, 04:14:24,540
FROV00001,FrozenEngine,1318,12/30/2023, 05:10:56,540
FROV00001,FrozenEngine,1318,12/30/2023, 06:14:00,540
FROV00001,FrozenEngine,1318,12/30/2023, 07:10:16,540
FROV00001,FrozenEngine,1318,12/30/2023, 08:14:04,540
FROV00001,FrozenEngine,1318,12/30/2023, 09:10:52,540
FROV00001,FrozenEngine,1318,12/30/2023, 10:11:24,540
FROV00001,FrozenEngine,1318,12/30/2023, 11:09:42,540
FROV00001,FrozenEngine,1318,12/30/2023, 12:19:12,540
FROV00001,FrozenEngine,1318,12/30/2023, 13:12:16,540
FROV00001,FrozenEngine,1318,12/30/2023, 14:10:06,540
FROV00001,FrozenEngine,1318,12/30/2023, 15:10:53,540
FROV00001,FrozenEngine,1318,12/30/2023, 16:13:33,540
FROV00001,FrozenEngine,1318,12/30/2023, 17:09:58,540
FROV00001,FrozenEngine,1318,12/30/2023, 18:14:13,540
FROV00001,FrozenEngine,1318,12/30/2023, 19:09:10,540
FROV00001,FrozenEngine,1318,12/30/2023, 20:11:48,540
FROV00001,FrozenEngine,1318,12/30/2023, 21:10:12,540
FROV00001,FrozenEngine,1318,12/30/2023, 22:10:22,540
FROV00001,FrozenEngine,1318,12/30/2023, 23:11:02,540
FROV00001,FrozenEngine,1318,12/31/2023, 00:55:47,540
FROV00001,FrozenEngine,1318,12/31/2023, 01:56:43,540
FROV00001,FrozenEngine,1318,12/31/2023, 02:26:09,540
FROV00001,FrozenEngine,1318,12/31/2023, 03:12:29,540
FROV00001,FrozenEngine,1318,12/31/2023, 04:13:43,540
FROV00001,FrozenEngine,1318,12/31/2023, 05:11:12,540
FROV00001,FrozenEngine,1318,12/31/2023, 06:14:09,540
FROV00001,FrozenEngine,1318,12/31/2023, 07:10:38,540
FROV00001,FrozenEngine,1318,12/31/2023, 08:13:51,540
FROV00001,FrozenEngine,1318,12/31/2023, 09:11:07,540
FROV00001,FrozenEngine,1318,12/31/2023, 10:11:43,540
FROV00001,FrozenEngine,1318,12/31/2023, 11:09:37,540
FROV00001,FrozenEngine,1319,12/31/2023, 12:19:39,540
FROV00001,FrozenEngine,1319,12/31/2023, 13:12:09,540
FROV00001,FrozenEngine,1319,12/31/2023, 14:10:07,540
FROV00001,FrozenEngine,1319,12/31/2023, 15:10:46,540
FROV00001,FrozenEngine,1319,12/31/2023, 16:13:29,540
FROV00001,FrozenEngine,1319,12/31/2023, 17:09:52,540
FROV00001,FrozenEngine,1319,12/31/2023, 18:13:17,540
FROV00001,FrozenEngine,1319,12/31/2023, 19:09:15,540
FROV00001,FrozenEngine,1319,12/31/2023, 20:11:41,540
FROV00001,FrozenEngine,1319,12/31/2023, 21:10:16,540
FROV00001,FrozenEngine,1319,12/31/2023, 22:10:33,540
FROV00001,FrozenEngine,1319,12/31/2023, 23:11:43,540
FROV00001,FrozenEngine,1319,01/01/2024, 00:57:27,540
FROV00001,FrozenEngine,1319,01/01/2024, 02:01:08,540
FROV00001,FrozenEngine,1319,01/01/2024, 02:36:38,540
FROV00001,FrozenEngine,1319,01/01/2024, 03:13:30,540
FROV00001,FrozenEngine,1319,01/01/2024, 04:14:30,540
FROV00001,FrozenEngine,1319,01/01/2024, 05:12:39,540
FROV00001,FrozenEngine,1319,01/01/2024, 06:16:21,540
FROV00001,FrozenEngine,1319,01/01/2024, 07:11:10,540
FROV00001,FrozenEngine,1319,01/01/2024, 08:15:15,540
FROV00001,FrozenEngine,1319,01/01/2024, 09:12:36,540
FROV00001,FrozenEngine,1319,01/01/2024, 10:13:05,540
FROV00001,FrozenEngine,1319,01/01/2024, 11:10:21,540
FROV00001,FrozenEngine,1319,01/01/2024, 12:20:51,540
FROV00001,FrozenEngine,1319,01/01/2024, 13:13:58,540
FROV00001,FrozenEngine,1319,01/01/2024, 14:11:07,540
FROV00001,FrozenEngine,1319,01/01/2024, 15:11:59,540
FROV00001,FrozenEngine,1319,01/01/2024, 16:14:09,540
FROV00001,FrozenEngine,1319,01/01/2024, 17:10:43,540
FROV00001,FrozenEngine,1319,01/01/2024, 18:14:59,540
FROV00001,FrozenEngine,1319,01/01/2024, 19:09:41,540
FROV00001,FrozenEngine,1319,01/01/2024, 20:12:01,540
FROV00001,FrozenEngine,1319,01/01/2024, 21:10:40,540
FROV00001,FrozenEngine,1319,01/01/2024, 22:11:32,540
FROV00001,FrozenEngine,1319,01/01/2024, 23:11:55,540
FROV00001,FrozenEngine,1319,01/02/2024, 00:51:25,540
FROV00001,FrozenEngine,1319,01/02/2024, 01:55:11,540
FROV00001,FrozenEngine,1319,01/02/2024, 02:25:31,540
FROV00001,FrozenEngine,1319,01/02/2024, 03:12:35,540
FROV00001,FrozenEngine,1319,01/02/2024, 04:14:24,540
FROV00001,FrozenEngine,1319,01/02/2024, 05:11:53,540
FROV00001,FrozenEngine,1319,01/02/2024, 06:15:16,540
FROV00001,FrozenEngine,1319,01/02/2024, 07:11:19,540
FROV00001,FrozenEngine,1319,01/02/2024, 08:14:56,540
FROV00001,FrozenEngine,1319,01/02/2024, 09:12:05,540
FROV00001,FrozenEngine,1319,01/02/2024, 10:12:51,540
FROV00001,FrozenEngine,1319,01/02/2024, 11:10:01,540
FROV00001,FrozenEngine,1319,01/02/2024, 12:20:30,540
FROV00001,FrozenEngine,1319,01/02/2024, 13:13:56,540
FROV00001,FrozenEngine,1319,01/02/2024, 14:11:24,540
FROV00001,FrozenEngine,1319,01/02/2024, 15:11:57,540
FROV00001,FrozenEngine,1319,01/02/2024, 16:13:24,540
FROV00001,FrozenEngine,1319,01/02/2024, 17:11:10,540
FROV00001,FrozenEngine,1319,01/02/2024, 18:14:55,540
FROV00001,FrozenEngine,1319,01/02/2024, 19:09:48,540
FROV00001,FrozenEngine,1319,01/02/2024, 20:12:19,540
FROV00001,FrozenEngine,1319,01/02/2024, 21:10:28,540
FROV00001,FrozenEngine,1319,01/02/2024, 22:11:08,540
FROV00001,FrozenEngine,1319,01/02/2024, 23:11:30,540
FROV00001,FrozenEngine,1319,01/03/2024, 00:52:35,540
FROV00001,FrozenEngine,1319,01/03/2024, 01:52:52,540
FROV00001,FrozenEngine,1319,01/03/2024, 02:23:45,540
FROV00001,FrozenEngine,1319,01/03/2024, 03:12:57,540
FROV00001,FrozenEngine,1319,01/03/2024, 04:14:09,540
FROV00001,FrozenEngine,1319,01/03/2024, 05:11:39,540
FROV00001,FrozenEngine,1319,01/03/2024, 06:15:16,540
FROV00001,FrozenEngine,1319,01/03/2024, 07:11:30,540
FROV00001,FrozenEngine,1319,01/03/2024, 08:14:41,540
FROV00001,FrozenEngine,1319,01/03/2024, 09:13:16,540
FROV00001,FrozenEngine,1319,01/03/2024, 10:12:37,540
FROV00001,FrozenEngine,1319,01/03/2024, 11:10:42,540
FROV00001,FrozenEngine,1319,01/03/2024, 12:20:45,540
FROV00001,FrozenEngine,1319,01/03/2024, 13:14:18,540
FROV00001,FrozenEngine,1319,01/03/2024, 14:11:02,540
FROV00001,FrozenEngine,1319,01/03/2024, 15:11:52,540
FROV00001,FrozenEngine,1319,01/03/2024, 16:14:42,540
FROV00001,FrozenEngine,1319,01/03/2024, 17:11:02,540
FROV00001,FrozenEngine,1319,01/03/2024, 18:14:47,540
FROV00001,FrozenEngine,1319,01/03/2024, 19:10:09,540
FROV00001,FrozenEngine,1319,01/03/2024, 20:12:48,540
FROV00001,FrozenEngine,1319,01/03/2024, 21:10:50,540
FROV00001,FrozenEngine,1319,01/03/2024, 22:11:38,540
FROV00001,FrozenEngine,1319,01/03/2024, 23:13:15,540
FROV00001,FrozenEngine,1319,01/04/2024, 00:52:43,540
FROV00001,FrozenEngine,1319,01/04/2024, 01:52:55,540
FROV00001,FrozenEngine,1319,01/04/2024, 02:24:12,540
FROV00001,FrozenEngine,1319,01/04/2024, 03:13:02,540
FROV00001,FrozenEngine,1319,01/04/2024, 04:14:25,540
FROV00001,FrozenEngine,1319,01/04/2024, 05:11:31,540
FROV00001,FrozenEngine,1319,01/04/2024, 06:15:19,540
FROV00001,FrozenEngine,1319,01/04/2024, 07:11:49,540
FROV00001,FrozenEngine,1319,01/04/2024, 08:14:41,540
FROV00001,FrozenEngine,1319,01/04/2024, 09:12:15,540
FROV00001,FrozenEngine,1319,01/04/2024, 10:12:45,540
FROV00001,FrozenEngine,1319,01/04/2024, 11:10:30,540
FROV00001,FrozenEngine,1319,01/04/2024, 12:20:46,540
FROV00001,FrozenEngine,1319,01/04/2024, 13:14:09,540
FROV00001,FrozenEngine,1319,01/04/2024, 14:11:10,540
FROV00001,FrozenEngine,1319,01/04/2024, 15:13:22,540
FROV00001,FrozenEngine,1319,01/04/2024, 16:14:42,540
FROV00001,FrozenEngine,1319,01/04/2024, 17:11:08,540
FROV00001,FrozenEngine,1319,01/04/2024, 18:14:49,540
FROV00001,FrozenEngine,1319,01/04/2024, 19:09:49,540
FROV00001,FrozenEngine,1319,01/04/2024, 20:12:42,540
FROV00001,FrozenEngine,1319,01/04/2024, 21:11:15,540
FROV00001,FrozenEngine,1319,01/04/2024, 22:11:55,540
FROV00001,FrozenEngine,1319,01/04/2024, 23:12:46,540
FROV00001,FrozenEngine,1319,01/05/2024, 00:52:31,540
FROV00001,FrozenEngine,1319,01/05/2024, 01:54:27,540
FROV00001,FrozenEngine,1319,01/05/2024, 02:25:25,540
FROV00001,FrozenEngine,1319,01/05/2024, 03:12:50,540
FROV00001,FrozenEngine,1319,01/05/2024, 04:14:37,540
FROV00001,FrozenEngine,1319,01/05/2024, 05:11:49,540
FROV00001,FrozenEngine,1319,01/05/2024, 06:15:28,540
FROV00001,FrozenEngine,1320,01/05/2024, 07:11:22,540
FROV00001,FrozenEngine,1320,01/05/2024, 08:15:05,540
FROV00001,FrozenEngine,1320,01/05/2024, 09:12:06,540
FROV00001,FrozenEngine,1320,01/05/2024, 10:13:01,540
FROV00001,FrozenEngine,1320,01/05/2024, 11:10:39,540
FROV00001,FrozenEngine,1320,01/05/2024, 12:21:06,540
FROV00001,FrozenEngine,1320,01/05/2024, 13:14:26,540
FROV00001,FrozenEngine,1320,01/05/2024, 14:11:15,540
FROV00001,FrozenEngine,1320,01/05/2024, 15:11:54,540
FROV00001,FrozenEngine,1320,01/05/2024, 16:13:26,540
FROV00001,FrozenEngine,1320,01/05/2024, 17:11:18,540
FROV00001,FrozenEngine,1320,01/05/2024, 18:14:22,540
FROV00001,FrozenEngine,1320,01/05/2024, 19:09:58,540
FROV00001,FrozenEngine,1320,01/05/2024, 20:12:30,540
FROV00001,FrozenEngine,1320,01/05/2024, 21:10:39,540
FROV00001,FrozenEngine,1320,01/05/2024, 22:11:26,540
FROV00001,FrozenEngine,1320,01/05/2024, 23:11:49,540
FROV00001,FrozenEngine,1320,01/06/2024, 00:51:49,540
FROV00001,FrozenEngine,1320,01/06/2024, 01:52:40,540
FROV00001,FrozenEngine,1320,01/06/2024, 02:23:01,540
FROV00001,FrozenEngine,1320,01/06/2024, 03:12:22,540
FROV00001,FrozenEngine,1320,01/06/2024, 04:13:58,540
FROV00001,FrozenEngine,1320,01/06/2024, 05:11:06,540
FROV00001,FrozenEngine,1320,01/06/2024, 06:14:05,540
FROV00001,FrozenEngine,1320,01/06/2024, 07:10:47,540
FROV00001,FrozenEngine,1320,01/06/2024, 08:14:13,540
FROV00001,FrozenEngine,1320,01/06/2024, 09:10:55,540
FROV00001,FrozenEngine,1320,01/06/2024, 10:11:38,540
FROV00001,FrozenEngine,1320,01/06/2024, 11:09:46,540
FROV00001,FrozenEngine,1320,01/06/2024, 12:19:37,540
FROV00001,FrozenEngine,1320,01/06/2024, 13:13:19,540
FROV00001,FrozenEngine,1320,01/06/2024, 14:10:34,540
FROV00001,FrozenEngine,1320,01/06/2024, 15:11:11,540
FROV00001,FrozenEngine,1320,01/06/2024, 16:14:00,540
FROV00001,FrozenEngine,1320,01/06/2024, 17:10:07,540
FROV00001,FrozenEngine,1320,01/06/2024, 18:13:42,540
FROV00001,FrozenEngine,1320,01/06/2024, 19:09:16,540
FROV00001,FrozenEngine,1320,01/06/2024, 20:11:58,540
FROV00001,FrozenEngine,1320,01/06/2024, 21:10:39,540
FROV00001,FrozenEngine,1320,01/06/2024, 22:10:39,540
FROV00001,FrozenEngine,1320,01/06/2024, 23:11:35,540
FROV00001,FrozenEngine,1320,01/07/2024, 00:57:25,540
FROV00001,FrozenEngine,1320,01/07/2024, 02:00:42,540
FROV00001,FrozenEngine,1320,01/07/2024, 02:34:20,540
FROV00001,FrozenEngine,1320,01/07/2024, 03:12:24,540
FROV00001,FrozenEngine,1320,01/07/2024, 04:13:50,540
FROV00001,FrozenEngine,1320,01/07/2024, 05:11:51,540
FROV00001,FrozenEngine,1320,01/07/2024, 06:14:48,540
FROV00001,FrozenEngine,1320,01/07/2024, 07:10:41,540
FROV00001,FrozenEngine,1320,01/07/2024, 08:14:15,540
FROV00001,FrozenEngine,1320,01/07/2024, 09:11:27,540
FROV00001,FrozenEngine,1320,01/07/2024, 10:11:49,540
FROV00001,FrozenEngine,1320,01/07/2024, 11:10:10,540
FROV00001,FrozenEngine,1320,01/07/2024, 12:19:48,540
FROV00001,FrozenEngine,1320,01/07/2024, 13:13:16,540
FROV00001,FrozenEngine,1320,01/07/2024, 14:10:30,540
FROV00001,FrozenEngine,1320,01/07/2024, 15:11:24,540
FROV00001,FrozenEngine,1320,01/07/2024, 16:13:31,540
FROV00001,FrozenEngine,1321,01/07/2024, 17:10:33,540
FROV00001,FrozenEngine,1321,01/07/2024, 18:13:51,540
FROV00001,FrozenEngine,1321,01/07/2024, 19:09:39,540
FROV00001,FrozenEngine,1321,01/07/2024, 20:11:55,540
FROV00001,FrozenEngine,1321,01/07/2024, 21:10:08,540
FROV00001,FrozenEngine,1321,01/07/2024, 22:11:02,540
FROV00001,FrozenEngine,1321,01/07/2024, 23:11:28,540
FROV00001,FrozenEngine,1321,01/08/2024, 00:54:10,540
FROV00001,FrozenEngine,1321,01/08/2024, 01:55:53,540
FROV00001,FrozenEngine,1321,01/08/2024, 02:27:07,540
FROV00001,FrozenEngine,1321,01/08/2024, 03:12:52,540
FROV00001,FrozenEngine,1321,01/08/2024, 04:14:59,540
FROV00001,FrozenEngine,1321,01/08/2024, 05:12:13,540
FROV00001,FrozenEngine,1321,01/08/2024, 06:15:59,540
FROV00001,FrozenEngine,1321,01/08/2024, 07:11:42,540
FROV00001,FrozenEngine,1321,01/08/2024, 08:16:06,540
FROV00001,FrozenEngine,1321,01/08/2024, 09:12:51,540
FROV00001,FrozenEngine,1321,01/08/2024, 10:13:52,540
FROV00001,FrozenEngine,1321,01/08/2024, 11:10:51,540
FROV00001,FrozenEngine,1321,01/08/2024, 12:21:47,540
FROV00001,FrozenEngine,1321,01/08/2024, 13:15:13,540
FROV00001,FrozenEngine,1321,01/08/2024, 14:11:56,540
FROV00001,FrozenEngine,1321,01/08/2024, 15:12:26,540
FROV00001,FrozenEngine,1321,01/08/2024, 16:15:01,540
FROV00001,FrozenEngine,1321,01/08/2024, 17:11:07,540
FROV00001,FrozenEngine,1321,01/08/2024, 18:15:35,540
FROV00001,FrozenEngine,1321,01/08/2024, 19:10:23,540
FROV00001,FrozenEngine,1321,01/08/2024, 20:12:57,540
FROV00001,FrozenEngine,1321,01/08/2024, 21:09:50,540
FROV00001,FrozenEngine,1321,01/08/2024, 22:10:46,540
FROV00001,FrozenEngine,1321,01/08/2024, 23:12:29,540
FROV00001,FrozenEngine,1321,01/09/2024, 00:53:42,540
FROV00001,FrozenEngine,1321,01/09/2024, 01:55:58,540
FROV00001,FrozenEngine,1321,01/09/2024, 02:27:27,540
FROV00001,FrozenEngine,1321,01/09/2024, 03:13:06,540
FROV00001,FrozenEngine,1321,01/09/2024, 04:14:39,540
FROV00001,FrozenEngine,1321,01/09/2024, 05:12:10,540
FROV00001,FrozenEngine,1321,01/09/2024, 06:15:41,540
FROV00001,FrozenEngine,1321,01/09/2024, 07:13:32,540
FROV00001,FrozenEngine,1321,01/09/2024, 08:15:29,540
FROV00001,FrozenEngine,1321,01/09/2024, 09:12:11,540
FROV00001,FrozenEngine,1321,01/09/2024, 10:13:07,540
FROV00001,FrozenEngine,1321,01/09/2024, 11:11:03,540
FROV00001,FrozenEngine,1321,01/09/2024, 12:21:58,540
FROV00001,FrozenEngine,1321,01/09/2024, 13:21:19,540
FROV00001,FrozenEngine,1321,01/09/2024, 14:11:59,540
FROV00001,FrozenEngine,1321,01/09/2024, 15:12:32,540
FROV00001,FrozenEngine,1321,01/09/2024, 16:15:23,540
FROV00001,FrozenEngine,1321,01/09/2024, 17:11:25,540
FROV00001,FrozenEngine,1321,01/09/2024, 18:12:39,540
FROV00001,FrozenEngine,1321,01/09/2024, 19:09:59,540
FROV00001,FrozenEngine,1321,01/09/2024, 20:13:13,540
FROV00001,FrozenEngine,1321,01/09/2024, 21:10:57,540
FROV00001,FrozenEngine,1321,01/09/2024, 22:11:36,540
FROV00001,FrozenEngine,1321,01/09/2024, 23:11:43,540
FROV00001,FrozenEngine,1321,01/10/2024, 00:53:38,540
FROV00001,FrozenEngine,1321,01/10/2024, 01:56:35,540
FROV00001,FrozenEngine,1321,01/10/2024, 02:26:10,540
FROV00001,FrozenEngine,1321,01/10/2024, 03:13:03,540
FROV00001,FrozenEngine,1321,01/10/2024, 04:14:47,540
FROV00001,FrozenEngine,1321,01/10/2024, 05:12:05,540
FROV00001,FrozenEngine,1321,01/10/2024, 06:15:43,540
FROV00001,FrozenEngine,1321,01/10/2024, 07:11:20,540
FROV00001,FrozenEngine,1321,01/10/2024, 08:15:23,540
FROV00001,FrozenEngine,1321,01/10/2024, 09:12:39,540
FROV00001,FrozenEngine,1321,01/10/2024, 10:12:56,540
FROV00001,FrozenEngine,1321,01/10/2024, 11:10:23,540
FROV00001,FrozenEngine,1321,01/10/2024, 12:21:46,540
FROV00001,FrozenEngine,1321,01/10/2024, 13:14:37,540
FROV00001,FrozenEngine,1321,01/10/2024, 14:11:30,540
FROV00001,FrozenEngine,1321,01/10/2024, 15:12:18,540
FROV00001,FrozenEngine,1321,01/10/2024, 16:15:31,540
FROV00001,FrozenEngine,1321,01/10/2024, 17:11:26,540
FROV00001,FrozenEngine,1321,01/10/2024, 18:14:56,540
FROV00001,FrozenEngine,1321,01/10/2024, 19:10:01,540
FROV00001,FrozenEngine,1321,01/10/2024, 20:13:02,540
FROV00001,FrozenEngine,1321,01/10/2024, 21:10:51,540
FROV00001,FrozenEngine,1321,01/10/2024, 22:11:28,540
FROV00001,FrozenEngine,1321,01/10/2024, 23:11:45,540
FROV00001,FrozenEngine,1321,01/11/2024, 00:53:37,540
FROV00001,FrozenEngine,1321,01/11/2024, 01:56:18,540
FROV00001,FrozenEngine,1321,01/11/2024, 02:27:18,540
FROV00001,FrozenEngine,1321,01/11/2024, 03:13:01,540
FROV00001,FrozenEngine,1321,01/11/2024, 04:14:32,540
FROV00001,FrozenEngine,1321,01/11/2024, 05:11:54,540
FROV00001,FrozenEngine,1321,01/11/2024, 06:15:37,540
FROV00001,FrozenEngine,1321,01/11/2024, 07:11:29,540
FROV00001,FrozenEngine,1321,01/11/2024, 08:15:14,540
FROV00001,FrozenEngine,1321,01/11/2024, 09:12:34,540
FROV00001,FrozenEngine,1321,01/11/2024, 10:12:45,540
FROV00001,FrozenEngine,1321,01/11/2024, 11:10:42,540
FROV00001,FrozenEngine,1321,01/11/2024, 12:21:23,540
FROV00001,FrozenEngine,1321,01/11/2024, 13:14:47,540
FROV00001,FrozenEngine,1321,01/11/2024, 14:11:34,540
FROV00001,FrozenEngine,1321,01/11/2024, 15:12:38,540
FROV00001,FrozenEngine,1321,01/11/2024, 16:15:30,540
FROV00001,FrozenEngine,1321,01/11/2024, 17:10:51,540
FROV00001,FrozenEngine,1321,01/11/2024, 18:15:01,540
FROV00001,FrozenEngine,1321,01/11/2024, 19:10:33,540
FROV00001,FrozenEngine,1321,01/11/2024, 20:12:54,540
FROV00001,FrozenEngine,1321,01/11/2024, 21:11:00,540
FROV00001,FrozenEngine,1321,01/11/2024, 22:11:32,540
FROV00001,FrozenEngine,1321,01/11/2024, 23:12:28,540
FROV00001,FrozenEngine,1322,01/12/2024, 00:54:02,540
FROV00001,FrozenEngine,1322,01/12/2024, 01:56:32,540
FROV00001,FrozenEngine,1322,01/12/2024, 02:27:59,540
FROV00001,FrozenEngine,1322,01/12/2024, 03:12:52,540
FROV00001,FrozenEngine,1322,01/12/2024, 04:14:49,540
FROV00001,FrozenEngine,1322,01/12/2024, 05:12:23,540
FROV00001,FrozenEngine,1322,01/12/2024, 06:15:37,540
FROV00001,FrozenEngine,1322,01/12/2024, 07:11:30,540
FROV00001,FrozenEngine,1322,01/12/2024, 08:15:33,540
FROV00001,FrozenEngine,1322,01/12/2024, 09:12:37,540
FROV00001,FrozenEngine,1322,01/12/2024, 10:13:03,540
FROV00001,FrozenEngine,1322,01/12/2024, 11:11:00,540
FROV00001,FrozenEngine,1322,01/12/2024, 12:21:24,540
FROV00001,FrozenEngine,1322,01/12/2024, 13:14:38,540
FROV00001,FrozenEngine,1322,01/12/2024, 14:11:59,540
FROV00001,FrozenEngine,1322,01/12/2024, 15:11:52,540
FROV00001,FrozenEngine,1322,01/12/2024, 16:15:17,540
FROV00001,FrozenEngine,1322,01/12/2024, 17:11:10,540
FROV00001,FrozenEngine,1322,01/12/2024, 18:14:47,540
FROV00001,FrozenEngine,1322,01/12/2024, 19:10:07,540
FROV00001,FrozenEngine,1322,01/12/2024, 20:12:41,540
FROV00001,FrozenEngine,1322,01/12/2024, 21:10:31,540
FROV00001,FrozenEngine,1322,01/12/2024, 22:11:23,540
FROV00001,FrozenEngine,1322,01/12/2024, 23:10:58,540
FROV00001,FrozenEngine,1322,01/13/2024, 00:52:59,540
FROV00001,FrozenEngine,1322,01/13/2024, 01:54:12,540
FROV00001,FrozenEngine,1322,01/13/2024, 02:25:31,540
FROV00001,FrozenEngine,1322,01/13/2024, 03:12:28,540
FROV00001,FrozenEngine,1322,01/13/2024, 04:14:32,540
FROV00001,FrozenEngine,1322,01/13/2024, 05:11:53,540
FROV00001,FrozenEngine,1323,01/13/2024, 06:14:30,540
FROV00001,FrozenEngine,1323,01/13/2024, 07:10:54,540
FROV00001,FrozenEngine,1323,01/13/2024, 08:14:02,540
FROV00001,FrozenEngine,1323,01/13/2024, 09:11:09,540
FROV00001,FrozenEngine,1323,01/13/2024, 10:11:28,540
FROV00001,FrozenEngine,1323,01/13/2024, 11:10:02,540
FROV00001,FrozenEngine,1323,01/13/2024, 12:19:51,540
FROV00001,FrozenEngine,1323,01/13/2024, 13:12:50,540
FROV00001,FrozenEngine,1323,01/13/2024, 14:10:39,540
FROV00001,FrozenEngine,1323,01/13/2024, 15:11:03,540
FROV00001,FrozenEngine,1323,01/13/2024, 16:14:04,540
FROV00001,FrozenEngine,1323,01/13/2024, 17:10:08,540
FROV00001,FrozenEngine,1323,01/13/2024, 18:13:41,540
FROV00001,FrozenEngine,1323,01/13/2024, 19:09:37,540
FROV00001,FrozenEngine,1323,01/13/2024, 20:11:47,540
FROV00001,FrozenEngine,1323,01/13/2024, 21:10:22,540
FROV00001,FrozenEngine,1323,01/13/2024, 22:10:31,540
FROV00001,FrozenEngine,1323,01/13/2024, 23:12:25,540
FROV00001,FrozenEngine,1323,01/14/2024, 00:57:46,540
FROV00001,FrozenEngine,1323,01/14/2024, 02:01:18,540
FROV00001,FrozenEngine,1323,01/14/2024, 02:36:07,540
FROV00001,FrozenEngine,1323,01/14/2024, 03:12:53,540
FROV00001,FrozenEngine,1323,01/14/2024, 04:14:22,540
FROV00001,FrozenEngine,1323,01/14/2024, 05:11:26,540
FROV00001,FrozenEngine,1323,01/14/2024, 06:14:46,540
FROV00001,FrozenEngine,1323,01/14/2024, 07:10:47,540
FROV00001,FrozenEngine,1323,01/14/2024, 08:14:15,540
FROV00001,FrozenEngine,1323,01/14/2024, 09:11:09,540
FROV00001,FrozenEngine,1323,01/14/2024, 10:11:52,540
FROV00001,FrozenEngine,1323,01/14/2024, 11:09:51,540
FROV00001,FrozenEngine,1323,01/14/2024, 12:20:13,540
FROV00001,FrozenEngine,1323,01/14/2024, 13:12:37,540
FROV00001,FrozenEngine,1323,01/14/2024, 14:10:37,540
FROV00001,FrozenEngine,1323,01/14/2024, 15:11:16,540
FROV00001,FrozenEngine,1323,01/14/2024, 16:14:16,540
FROV00001,FrozenEngine,1323,01/14/2024, 17:10:13,540
FROV00001,FrozenEngine,1323,01/14/2024, 18:13:50,540
FROV00001,FrozenEngine,1323,01/14/2024, 19:09:38,540
FROV00001,FrozenEngine,1323,01/14/2024, 20:12:17,540
FROV00001,FrozenEngine,1323,01/14/2024, 21:10:46,540
FROV00001,FrozenEngine,1323,01/14/2024, 22:10:53,540
FROV00001,FrozenEngine,1323,01/14/2024, 23:12:03,540
FROV00001,FrozenEngine,1323,01/15/2024, 00:55:50,540
FROV00001,FrozenEngine,1323,01/15/2024, 01:59:01,540
FROV00001,FrozenEngine,1323,01/15/2024, 02:33:24,540
FROV00001,FrozenEngine,1323,01/15/2024, 03:13:07,540
FROV00001,FrozenEngine,1323,01/15/2024, 04:14:58,540
FROV00001,FrozenEngine,1323,01/15/2024, 05:12:30,540
FROV00001,FrozenEngine,1323,01/15/2024, 06:16:39,540
FROV00001,FrozenEngine,1323,01/15/2024, 07:12:02,540
FROV00001,FrozenEngine,1323,01/15/2024, 08:16:23,540
FROV00001,FrozenEngine,1323,01/15/2024, 09:12:57,540
FROV00001,FrozenEngine,1323,01/15/2024, 10:13:53,540
FROV00001,FrozenEngine,1323,01/15/2024, 11:11:12,540
FROV00001,FrozenEngine,1323,01/15/2024, 12:22:13,540
FROV00001,FrozenEngine,1323,01/15/2024, 13:15:33,540
FROV00001,FrozenEngine,1323,01/15/2024, 14:12:04,540
FROV00001,FrozenEngine,1323,01/15/2024, 15:12:35,540
FROV00001,FrozenEngine,1323,01/15/2024, 16:15:13,540
FROV00001,FrozenEngine,1323,01/15/2024, 17:11:16,540
FROV00001,FrozenEngine,1323,01/15/2024, 18:14:46,540
FROV00001,FrozenEngine,1323,01/15/2024, 19:09:54,540
FROV00001,FrozenEngine,1323,01/15/2024, 20:12:38,540
FROV00001,FrozenEngine,1323,01/15/2024, 21:11:37,540
FROV00001,FrozenEngine,1323,01/15/2024, 22:11:32,540
FROV00001,FrozenEngine,1323,01/15/2024, 23:12:29,540
FROV00001,FrozenEngine,1323,01/16/2024, 00:53:29,540
FROV00001,FrozenEngine,1323,01/16/2024, 01:55:38,540
FROV00001,FrozenEngine,1323,01/16/2024, 02:27:26,540
FROV00001,FrozenEngine,1323,01/16/2024, 03:12:54,540
FROV00001,FrozenEngine,1323,01/16/2024, 04:14:39,540
FROV00001,FrozenEngine,1323,01/16/2024, 05:12:09,540
FROV00001,FrozenEngine,1323,01/16/2024, 06:15:54,540
FROV00001,FrozenEngine,1323,01/16/2024, 07:11:33,540
FROV00001,FrozenEngine,1323,01/16/2024, 08:15:37,540
FROV00001,FrozenEngine,1323,01/16/2024, 09:12:32,540
FROV00001,FrozenEngine,1324,01/16/2024, 10:13:11,540
FROV00001,FrozenEngine,1324,01/16/2024, 11:10:40,540
FROV00001,FrozenEngine,1324,01/16/2024, 12:22:04,540
FROV00001,FrozenEngine,1324,01/16/2024, 13:14:55,540
FROV00001,FrozenEngine,1324,01/16/2024, 14:11:50,540
FROV00001,FrozenEngine,1324,01/16/2024, 15:12:36,540
FROV00001,FrozenEngine,1324,01/16/2024, 16:15:23,540
FROV00001,FrozenEngine,1324,01/16/2024, 17:11:14,540
FROV00001,FrozenEngine,1324,01/16/2024, 18:14:42,540
FROV00001,FrozenEngine,1324,01/16/2024, 19:09:59,540
FROV00001,FrozenEngine,1324,01/16/2024, 20:13:07,540
FROV00001,FrozenEngine,1324,01/16/2024, 21:11:18,540
FROV00001,FrozenEngine,1324,01/16/2024, 22:11:36,540
FROV00001,FrozenEngine,1324,01/16/2024, 23:12:06,540
FROV00001,FrozenEngine,1324,01/17/2024, 00:53:50,540
FROV00001,FrozenEngine,1324,01/17/2024, 01:56:12,540
FROV00001,FrozenEngine,1324,01/17/2024, 02:27:16,540
FROV00001,FrozenEngine,1324,01/17/2024, 03:12:51,540
FROV00001,FrozenEngine,1324,01/17/2024, 04:15:05,540
FROV00001,FrozenEngine,1324,01/17/2024, 05:12:09,540
FROV00001,FrozenEngine,1324,01/17/2024, 06:16:02,540
FROV00001,FrozenEngine,1324,01/17/2024, 07:12:13,540
FROV00001,FrozenEngine,1324,01/17/2024, 08:16:05,540
FROV00001,FrozenEngine,1324,01/17/2024, 09:12:49,540
FROV00001,FrozenEngine,1324,01/17/2024, 10:13:30,540
FROV00001,FrozenEngine,1324,01/17/2024, 11:10:48,540
FROV00001,FrozenEngine,1324,01/17/2024, 12:22:11,540
FROV00001,FrozenEngine,1324,01/17/2024, 13:15:17,540
FROV00001,FrozenEngine,1324,01/17/2024, 14:12:05,540
FROV00001,FrozenEngine,1324,01/17/2024, 15:12:24,540
FROV00001,FrozenEngine,1324,01/17/2024, 16:15:41,540
FROV00001,FrozenEngine,1324,01/17/2024, 17:11:30,540
FROV00001,FrozenEngine,1324,01/17/2024, 18:15:23,540
FROV00001,FrozenEngine,1324,01/17/2024, 19:10:08,540
FROV00001,FrozenEngine,1324,01/17/2024, 20:13:01,540
FROV00001,FrozenEngine,1324,01/17/2024, 21:11:11,540
FROV00001,FrozenEngine,1324,01/17/2024, 22:11:35,540
FROV00001,FrozenEngine,1324,01/17/2024, 23:12:58,540
FROV00001,FrozenEngine,1324,01/18/2024, 00:53:21,540
FROV00001,FrozenEngine,1324,01/18/2024, 01:55:19,540
FROV00001,FrozenEngine,1324,01/18/2024, 02:27:14,540
FROV00001,FrozenEngine,1325,01/18/2024, 03:13:20,540
FROV00001,FrozenEngine,1325,01/18/2024, 04:14:22,540
FROV00001,FrozenEngine,1325,01/18/2024, 05:12:16,540
FROV00001,FrozenEngine,1325,01/18/2024, 06:16:07,540
FROV00001,FrozenEngine,1325,01/18/2024, 07:12:07,540
FROV00001,FrozenEngine,1325,01/18/2024, 08:15:18,540
FROV00001,FrozenEngine,1325,01/18/2024, 09:12:34,540
FROV00001,FrozenEngine,1325,01/18/2024, 10:13:33,540
FROV00001,FrozenEngine,1325,01/18/2024, 11:10:55,540
FROV00001,FrozenEngine,1325,01/18/2024, 12:22:12,540
FROV00001,FrozenEngine,1325,01/18/2024, 13:15:20,540
FROV00001,FrozenEngine,1325,01/18/2024, 14:11:49,540
FROV00001,FrozenEngine,1325,01/18/2024, 15:12:30,540
FROV00001,FrozenEngine,1325,01/18/2024, 16:15:00,540
FROV00001,FrozenEngine,1325,01/18/2024, 17:11:24,540
FROV00001,FrozenEngine,1325,01/18/2024, 18:14:52,540
FROV00001,FrozenEngine,1325,01/18/2024, 19:10:02,540
FROV00001,FrozenEngine,1325,01/18/2024, 20:13:24,540
FROV00001,FrozenEngine,1325,01/18/2024, 21:10:41,540
FROV00001,FrozenEngine,1325,01/18/2024, 22:11:27,540
FROV00001,FrozenEngine,1325,01/18/2024, 23:12:23,540
FROV00001,FrozenEngine,1325,01/19/2024, 00:54:03,540
FROV00001,FrozenEngine,1325,01/19/2024, 01:56:45,540
FROV00001,FrozenEngine,1325,01/19/2024, 02:28:38,540
FROV00001,FrozenEngine,1325,01/19/2024, 03:13:13,540
FROV00001,FrozenEngine,1325,01/19/2024, 04:15:09,540
FROV00001,FrozenEngine,1325,01/19/2024, 05:12:10,540
FROV00001,FrozenEngine,1325,01/19/2024, 06:15:53,540
FROV00001,FrozenEngine,1325,01/19/2024, 07:11:29,540
FROV00001,FrozenEngine,1325,01/19/2024, 08:15:28,540
FROV00001,FrozenEngine,1325,01/19/2024, 09:12:31,540
FROV00001,FrozenEngine,1325,01/19/2024, 10:13:18,540
FROV00001,FrozenEngine,1325,01/19/2024, 11:11:12,540
FROV00001,FrozenEngine,1325,01/19/2024, 12:21:53,540
FROV00001,FrozenEngine,1325,01/19/2024, 13:14:46,540
FROV00001,FrozenEngine,1325,01/19/2024, 14:11:49,540
FROV00001,FrozenEngine,1326,01/19/2024, 15:12:46,540
FROV00001,FrozenEngine,1326,01/19/2024, 16:15:14,540
FROV00001,FrozenEngine,1326,01/19/2024, 17:11:12,540
FROV00001,FrozenEngine,1326,01/19/2024, 18:15:16,540
FROV00001,FrozenEngine,1326,01/19/2024, 19:09:44,540
FROV00001,FrozenEngine,1326,01/19/2024, 20:12:56,540
FROV00001,FrozenEngine,1326,01/19/2024, 21:10:53,540
FROV00001,FrozenEngine,1326,01/19/2024, 22:11:14,540
FROV00001,FrozenEngine,1326,01/19/2024, 23:10:26,540
FROV00001,FrozenEngine,1326,01/20/2024, 00:52:59,540
FROV00001,FrozenEngine,1326,01/20/2024, 01:53:58,540
FROV00001,FrozenEngine,1326,01/20/2024, 02:25:26,540
FROV00001,FrozenEngine,1326,01/20/2024, 03:12:35,540
FROV00001,FrozenEngine,1326,01/20/2024, 04:14:43,540
FROV00001,FrozenEngine,1326,01/20/2024, 05:11:22,540
FROV00001,FrozenEngine,1326,01/20/2024, 06:14:39,540
FROV00001,FrozenEngine,1326,01/20/2024, 07:10:57,540
FROV00001,FrozenEngine,1327,01/20/2024, 08:14:25,540
FROV00001,FrozenEngine,1327,01/20/2024, 09:11:19,540
FROV00001,FrozenEngine,1327,01/20/2024, 10:11:51,540
FROV00001,FrozenEngine,1327,01/20/2024, 11:09:47,540
FROV00001,FrozenEngine,1327,01/20/2024, 12:19:52,540
FROV00001,FrozenEngine,1327,01/20/2024, 13:12:48,540
FROV00001,FrozenEngine,1327,01/20/2024, 14:10:34,540
FROV00001,FrozenEngine,1327,01/20/2024, 15:11:01,540
FROV00001,FrozenEngine,1327,01/20/2024, 16:14:25,540
FROV00001,FrozenEngine,1327,01/20/2024, 17:10:32,540
FROV00001,FrozenEngine,1327,01/20/2024, 18:13:40,540
FROV00001,FrozenEngine,1327,01/20/2024, 19:09:30,540
FROV00001,FrozenEngine,1327,01/20/2024, 20:12:25,540
FROV00001,FrozenEngine,1327,01/20/2024, 21:10:11,540
FROV00001,FrozenEngine,1327,01/20/2024, 22:11:14,540
FROV00001,FrozenEngine,1327,01/20/2024, 23:12:29,540
FROV00001,FrozenEngine,1327,01/21/2024, 00:57:57,540
FROV00001,FrozenEngine,1328,01/21/2024, 02:01:47,540
FROV00001,FrozenEngine,1328,01/21/2024, 03:12:36,540
FROV00001,FrozenEngine,1328,01/21/2024, 04:14:04,540
FROV00001,FrozenEngine,1328,01/21/2024, 05:40:27,540
FROV00001,FrozenEngine,1328,01/21/2024, 06:15:03,540
FROV00001,FrozenEngine,1328,01/21/2024, 07:10:54,540
FROV00001,FrozenEngine,1328,01/21/2024, 08:14:05,540
FROV00001,FrozenEngine,1328,01/21/2024, 09:11:29,540
FROV00001,FrozenEngine,1328,01/21/2024, 10:12:30,540
FROV00001,FrozenEngine,1328,01/21/2024, 11:09:56,540
FROV00001,FrozenEngine,1328,01/21/2024, 12:20:10,540
FROV00001,FrozenEngine,1328,01/21/2024, 13:13:48,540
FROV00001,FrozenEngine,1328,01/21/2024, 14:10:57,540
FROV00001,FrozenEngine,1328,01/21/2024, 15:11:17,540
FROV00001,FrozenEngine,1328,01/21/2024, 16:14:00,540
FROV00001,FrozenEngine,1328,01/21/2024, 17:10:51,540
FROV00001,FrozenEngine,1328,01/21/2024, 18:14:23,540
FROV00001,FrozenEngine,1328,01/21/2024, 19:09:47,540
FROV00001,FrozenEngine,1328,01/21/2024, 20:12:41,540
FROV00001,FrozenEngine,1328,01/21/2024, 21:10:42,540
FROV00001,FrozenEngine,1328,01/21/2024, 22:11:09,540
FROV00001,FrozenEngine,1328,01/21/2024, 23:11:46,540
FROV00001,FrozenEngine,1328,01/22/2024, 00:56:03,540
FROV00001,FrozenEngine,1329,01/22/2024, 01:59:59,540
FROV00001,FrozenEngine,1329,01/22/2024, 02:35:53,540
FROV00001,FrozenEngine,1329,01/22/2024, 03:13:32,540
FROV00001,FrozenEngine,1329,01/22/2024, 04:15:12,540
FROV00001,FrozenEngine,1330,01/22/2024, 05:12:22,540
FROV00001,FrozenEngine,1330,01/22/2024, 06:16:37,540
FROV00001,FrozenEngine,1330,01/22/2024, 07:12:14,540
FROV00001,FrozenEngine,1330,01/22/2024, 08:16:32,540
FROV00001,FrozenEngine,1330,01/22/2024, 09:13:27,540
FROV00001,FrozenEngine,1330,01/22/2024, 10:13:33,540
FROV00001,FrozenEngine,1330,01/22/2024, 11:10:51,540
FROV00001,FrozenEngine,1330,01/22/2024, 12:23:32,540
FROV00001,FrozenEngine,1330,01/22/2024, 13:16:17,540
FROV00001,FrozenEngine,1330,01/22/2024, 14:12:25,540
FROV00001,FrozenEngine,1330,01/22/2024, 15:13:04,540
FROV00001,FrozenEngine,1330,01/22/2024, 16:15:26,540
FROV00001,FrozenEngine,1330,01/22/2024, 17:11:21,540
FROV00001,FrozenEngine,1330,01/22/2024, 18:15:16,540
FROV00001,FrozenEngine,1330,01/22/2024, 19:10:22,540
FROV00001,FrozenEngine,1330,01/22/2024, 20:12:38,540
FROV00001,FrozenEngine,1330,01/22/2024, 21:11:09,540
FROV00001,FrozenEngine,1330,01/22/2024, 22:10:57,540
FROV00001,FrozenEngine,1330,01/22/2024, 23:12:08,540
FROV00001,FrozenEngine,1330,01/23/2024, 00:54:47,540
FROV00001,FrozenEngine,1330,01/23/2024, 01:57:41,540
FROV00001,FrozenEngine,1330,01/23/2024, 02:29:59,540
FROV00001,FrozenEngine,1330,01/23/2024, 03:12:59,540
FROV00001,FrozenEngine,1330,01/23/2024, 04:14:57,540
FROV00001,FrozenEngine,1330,01/23/2024, 05:12:04,540
FROV00001,FrozenEngine,1330,01/23/2024, 06:16:15,540
FROV00001,FrozenEngine,1330,01/23/2024, 07:12:11,540
FROV00001,FrozenEngine,1330,01/23/2024, 08:15:51,540
FROV00001,FrozenEngine,1330,01/23/2024, 09:12:34,540
FROV00001,FrozenEngine,1330,01/23/2024, 10:13:13,540
FROV00001,FrozenEngine,1330,01/23/2024, 11:10:48,540
FROV00001,FrozenEngine,1330,01/23/2024, 12:22:07,540
FROV00001,FrozenEngine,1330,01/23/2024, 13:15:32,540
FROV00001,FrozenEngine,1330,01/23/2024, 14:11:46,540
FROV00001,FrozenEngine,1330,01/23/2024, 15:12:53,540
FROV00001,FrozenEngine,1330,01/23/2024, 16:15:33,540
FROV00001,FrozenEngine,1330,01/23/2024, 17:11:22,540
FROV00001,FrozenEngine,1330,01/23/2024, 18:15:14,540
FROV00001,FrozenEngine,1330,01/23/2024, 19:10:35,540
FROV00001,FrozenEngine,1330,01/23/2024, 20:13:00,540
FROV00001,FrozenEngine,1330,01/23/2024, 21:11:08,540
FROV00001,FrozenEngine,1330,01/23/2024, 22:11:38,540
FROV00001,FrozenEngine,1330,01/23/2024, 23:12:55,540
FROV00001,FrozenEngine,1330,01/24/2024, 00:54:38,540
FROV00001,FrozenEngine,1330,01/24/2024, 01:57:35,540
FROV00001,FrozenEngine,1330,01/24/2024, 02:29:13,540
FROV00001,FrozenEngine,1330,01/24/2024, 03:13:01,540
FROV00001,FrozenEngine,1330,01/24/2024, 04:15:06,540
FROV00001,FrozenEngine,1330,01/24/2024, 05:12:19,540
FROV00001,FrozenEngine,1330,01/24/2024, 06:16:27,540
FROV00001,FrozenEngine,1330,01/24/2024, 07:11:46,540
FROV00001,FrozenEngine,1330,01/24/2024, 08:15:25,540
FROV00001,FrozenEngine,1330,01/24/2024, 09:12:33,540
FROV00001,FrozenEngine,1330,01/24/2024, 10:13:07,540
FROV00001,FrozenEngine,1330,01/24/2024, 11:10:41,540
FROV00001,FrozenEngine,1330,01/24/2024, 12:22:32,540
FROV00001,FrozenEngine,1330,01/24/2024, 13:15:37,540
FROV00001,FrozenEngine,1330,01/24/2024, 14:12:08,540
FROV00001,FrozenEngine,1330,01/24/2024, 15:13:17,540
FROV00001,FrozenEngine,1330,01/24/2024, 16:15:56,540
FROV00001,FrozenEngine,1330,01/24/2024, 17:11:29,540
FROV00001,FrozenEngine,1330,01/24/2024, 18:14:55,540
FROV00001,FrozenEngine,1330,01/24/2024, 19:10:36,540
FROV00001,FrozenEngine,1330,01/24/2024, 20:13:17,540
FROV00001,FrozenEngine,1330,01/24/2024, 21:10:58,540
FROV00001,FrozenEngine,1330,01/24/2024, 22:11:32,540
FROV00001,FrozenEngine,1330,01/24/2024, 23:11:47,540
FROV00001,FrozenEngine,1330,01/25/2024, 00:54:40,540
FROV00001,FrozenEngine,1330,01/25/2024, 01:58:17,540
FROV00001,FrozenEngine,1330,01/25/2024, 02:31:05,540
FROV00001,FrozenEngine,1330,01/25/2024, 03:12:46,540
FROV00001,FrozenEngine,1330,01/25/2024, 04:15:12,540
FROV00001,FrozenEngine,1330,01/25/2024, 05:12:16,540
FROV00001,FrozenEngine,1330,01/25/2024, 06:15:59,540
FROV00001,FrozenEngine,1330,01/25/2024, 07:11:33,540
FROV00001,FrozenEngine,1330,01/25/2024, 08:15:37,540
FROV00001,FrozenEngine,1330,01/25/2024, 09:12:26,540
FROV00001,FrozenEngine,1330,01/25/2024, 10:13:08,540
FROV00001,FrozenEngine,1330,01/25/2024, 11:10:49,540
FROV00001,FrozenEngine,1330,01/25/2024, 12:21:53,540
FROV00001,FrozenEngine,1330,01/25/2024, 13:15:20,540
FROV00001,FrozenEngine,1330,01/25/2024, 14:11:54,540
FROV00001,FrozenEngine,1330,01/25/2024, 15:12:48,540
FROV00001,FrozenEngine,1330,01/25/2024, 16:15:33,540
FROV00001,FrozenEngine,1330,01/25/2024, 17:11:20,540
FROV00001,FrozenEngine,1330,01/25/2024, 18:15:31,540
FROV00001,FrozenEngine,1330,01/25/2024, 19:10:14,540
FROV00001,FrozenEngine,1330,01/25/2024, 20:12:27,540
FROV00001,FrozenEngine,1330,01/25/2024, 21:10:22,540
FROV00001,FrozenEngine,1330,01/25/2024, 22:09:32,540
FROV00001,FrozenEngine,1330,01/25/2024, 23:12:28,540
FROV00001,FrozenEngine,1330,01/26/2024, 00:50:34,540
FROV00001,FrozenEngine,1330,01/26/2024, 01:47:16,540
FROV00001,FrozenEngine,1330,01/26/2024, 02:20:07,540
FROV00001,FrozenEngine,1330,01/26/2024, 03:13:08,540
FROV00001,FrozenEngine,1330,01/26/2024, 04:14:35,540
FROV00001,FrozenEngine,1330,01/26/2024, 05:11:17,540
FROV00001,FrozenEngine,1330,01/26/2024, 06:14:53,540
FROV00001,FrozenEngine,1330,01/26/2024, 07:10:26,540
FROV00001,FrozenEngine,1330,01/26/2024, 08:14:08,540
FROV00001,FrozenEngine,1330,01/26/2024, 09:12:35,540
FROV00001,FrozenEngine,1330,01/26/2024, 10:12:20,540
FROV00001,FrozenEngine,1330,01/26/2024, 11:09:44,540
FROV00001,FrozenEngine,1330,01/26/2024, 12:19:51,540
FROV00001,FrozenEngine,1330,01/26/2024, 13:12:21,540
FROV00001,FrozenEngine,1330,01/26/2024, 14:11:02,540
FROV00001,FrozenEngine,1330,01/26/2024, 15:11:54,540
FROV00001,FrozenEngine,1330,01/26/2024, 16:14:20,540
FROV00001,FrozenEngine,1330,01/26/2024, 17:10:15,540
FROV00001,FrozenEngine,1330,01/26/2024, 18:14:16,540
FROV00001,FrozenEngine,1330,01/26/2024, 19:09:01,540
FROV00001,FrozenEngine,1330,01/26/2024, 20:11:58,540
FROV00001,FrozenEngine,1330,01/26/2024, 21:10:36,540
FROV00001,FrozenEngine,1330,01/26/2024, 22:11:03,540
FROV00001,FrozenEngine,1330,01/26/2024, 23:11:59,540
FROV00001,FrozenEngine,1331,01/27/2024, 00:49:28,540
FROV00001,FrozenEngine,1331,01/27/2024, 01:42:09,540
FROV00001,FrozenEngine,1331,01/27/2024, 02:15:23,540
FROV00001,FrozenEngine,1331,01/27/2024, 03:11:45,540
FROV00001,FrozenEngine,1331,01/27/2024, 04:13:03,540
FROV00001,FrozenEngine,1331,01/27/2024, 05:10:42,540
FROV00001,FrozenEngine,1331,01/27/2024, 06:13:20,540
FROV00001,FrozenEngine,1331,01/27/2024, 07:10:19,540
FROV00001,FrozenEngine,1331,01/27/2024, 08:13:37,540
FROV00001,FrozenEngine,1331,01/27/2024, 09:10:28,540
FROV00001,FrozenEngine,1331,01/27/2024, 10:11:58,540
FROV00001,FrozenEngine,1331,01/27/2024, 11:09:02,540
FROV00001,FrozenEngine,1331,01/27/2024, 12:17:40,540
FROV00001,FrozenEngine,1331,01/27/2024, 13:11:17,540
FROV00001,FrozenEngine,1331,01/27/2024, 14:10:38,540
FROV00001,FrozenEngine,1331,01/27/2024, 15:10:13,540
FROV00001,FrozenEngine,1331,01/27/2024, 16:12:49,540
FROV00001,FrozenEngine,1331,01/27/2024, 17:12:21,540
FROV00001,FrozenEngine,1331,01/27/2024, 18:12:30,540
FROV00001,FrozenEngine,1331,01/27/2024, 19:10:05,540
FROV00001,FrozenEngine,1331,01/27/2024, 20:10:36,540
FROV00001,FrozenEngine,1331,01/27/2024, 21:09:45,540
FROV00001,FrozenEngine,1331,01/27/2024, 22:11:01,540
FROV00001,FrozenEngine,1331,01/27/2024, 23:11:35,540
FROV00001,FrozenEngine,1331,01/28/2024, 00:53:09,540
FROV00001,FrozenEngine,1331,01/28/2024, 01:51:09,540
FROV00001,FrozenEngine,1331,01/28/2024, 02:19:39,540
FROV00001,FrozenEngine,1331,01/28/2024, 03:11:47,540
FROV00001,FrozenEngine,1331,01/28/2024, 04:14:11,540
FROV00001,FrozenEngine,1331,01/28/2024, 05:11:52,540
FROV00001,FrozenEngine,1331,01/28/2024, 06:13:34,540
FROV00001,FrozenEngine,1331,01/28/2024, 07:11:06,540
FROV00001,FrozenEngine,1331,01/28/2024, 08:13:52,540
FROV00001,FrozenEngine,1331,01/28/2024, 09:11:48,540
FROV00001,FrozenEngine,1331,01/28/2024, 10:11:25,540
FROV00001,FrozenEngine,1331,01/28/2024, 11:09:03,540
FROV00001,FrozenEngine,1331,01/28/2024, 12:17:57,540
FROV00001,FrozenEngine,1331,01/28/2024, 13:13:14,540
FROV00001,FrozenEngine,1331,01/28/2024, 14:09:23,540
FROV00001,FrozenEngine,1331,01/28/2024, 15:10:03,540
FROV00001,FrozenEngine,1331,01/28/2024, 16:12:26,540
FROV00001,FrozenEngine,1331,01/28/2024, 17:12:33,540
FROV00001,FrozenEngine,1331,01/28/2024, 18:12:21,540
FROV00001,FrozenEngine,1331,01/28/2024, 19:08:53,540
FROV00001,FrozenEngine,1331,01/28/2024, 20:11:20,540
FROV00001,FrozenEngine,1332,01/28/2024, 21:12:17,540
FROV00001,FrozenEngine,1332,01/28/2024, 22:10:39,540
FROV00001,FrozenEngine,1332,01/28/2024, 23:12:44,540
FROV00001,FrozenEngine,1332,01/29/2024, 00:50:49,540
FROV00001,FrozenEngine,1332,01/29/2024, 01:44:26,540
FROV00001,FrozenEngine,1332,01/29/2024, 02:17:45,540
FROV00001,FrozenEngine,1332,01/29/2024, 03:12:17,540
FROV00001,FrozenEngine,1332,01/29/2024, 04:14:08,540
FROV00001,FrozenEngine,1332,01/29/2024, 05:12:26,540
FROV00001,FrozenEngine,1332,01/29/2024, 06:15:03,540
FROV00001,FrozenEngine,1332,01/29/2024, 07:11:35,540
FROV00001,FrozenEngine,1332,01/29/2024, 08:14:38,540
FROV00001,FrozenEngine,1332,01/29/2024, 10:12:39,540
FROV00001,FrozenEngine,1332,01/29/2024, 11:10:23,540
FROV00001,FrozenEngine,1332,01/29/2024, 12:20:00,540
FROV00001,FrozenEngine,1332,01/29/2024, 13:12:35,540
FROV00001,FrozenEngine,1332,01/29/2024, 14:11:00,540
FROV00001,FrozenEngine,1332,01/29/2024, 15:11:34,540
FROV00001,FrozenEngine,1332,01/29/2024, 16:13:36,540
FROV00001,FrozenEngine,1332,01/29/2024, 17:12:20,540
FROV00001,FrozenEngine,1332,01/29/2024, 18:14:04,540
FROV00001,FrozenEngine,1332,01/29/2024, 19:09:18,540
FROV00001,FrozenEngine,1332,01/29/2024, 20:12:24,540
FROV00001,FrozenEngine,1332,01/29/2024, 21:10:02,540
FROV00001,FrozenEngine,1332,01/29/2024, 22:11:15,540
FROV00001,FrozenEngine,1332,01/29/2024, 23:12:35,540
FROV00001,FrozenEngine,1332,01/30/2024, 00:49:45,540
FROV00001,FrozenEngine,1332,01/30/2024, 01:43:59,540
FROV00001,FrozenEngine,1332,01/30/2024, 02:17:25,540
FROV00001,FrozenEngine,1332,01/30/2024, 03:12:07,540
FROV00001,FrozenEngine,1332,01/30/2024, 04:13:29,540
FROV00001,FrozenEngine,1332,01/30/2024, 05:11:03,540
FROV00001,FrozenEngine,1332,01/30/2024, 06:15:30,540
FROV00001,FrozenEngine,1332,01/30/2024, 07:11:40,540
FROV00001,FrozenEngine,1332,01/30/2024, 08:14:35,540
FROV00001,FrozenEngine,1332,01/30/2024, 09:12:35,540
FROV00001,FrozenEngine,1332,01/30/2024, 10:13:08,540
FROV00001,FrozenEngine,1332,01/30/2024, 11:10:42,540
FROV00001,FrozenEngine,1332,01/30/2024, 12:19:17,540
FROV00001,FrozenEngine,1332,01/30/2024, 13:12:25,540
FROV00001,FrozenEngine,1332,01/30/2024, 14:11:00,540
FROV00001,FrozenEngine,1332,01/30/2024, 15:11:38,540
FROV00001,FrozenEngine,1332,01/30/2024, 16:14:11,540
FROV00001,FrozenEngine,1332,01/30/2024, 17:11:53,540
FROV00001,FrozenEngine,1332,01/30/2024, 18:14:19,540
FROV00001,FrozenEngine,1332,01/30/2024, 19:09:48,540
FROV00001,FrozenEngine,1332,01/30/2024, 20:11:28,540
FROV00001,FrozenEngine,1332,01/30/2024, 21:12:14,540
FROV00001,FrozenEngine,1332,01/30/2024, 22:10:46,540
FROV00001,FrozenEngine,1332,01/30/2024, 23:12:42,540
FROV00001,FrozenEngine,1332,01/31/2024, 00:50:18,540
FROV00001,FrozenEngine,1332,01/31/2024, 01:44:23,540
FROV00001,FrozenEngine,1332,01/31/2024, 02:18:15,540
FROV00001,FrozenEngine,1332,01/31/2024, 03:12:24,540
FROV00001,FrozenEngine,1332,01/31/2024, 04:13:59,540
FROV00001,FrozenEngine,1332,01/31/2024, 05:12:11,540
FROV00001,FrozenEngine,1332,01/31/2024, 06:14:56,540
FROV00001,FrozenEngine,1333,01/31/2024, 07:11:29,540
FROV00001,FrozenEngine,1333,01/31/2024, 08:13:56,540
FROV00001,FrozenEngine,1333,01/31/2024, 09:11:11,540
FROV00001,FrozenEngine,1333,01/31/2024, 10:12:05,540
FROV00001,FrozenEngine,1333,01/31/2024, 11:10:02,540
FROV00001,FrozenEngine,1333,01/31/2024, 12:19:52,540
FROV00001,FrozenEngine,1333,01/31/2024, 13:12:16,540
FROV00001,FrozenEngine,1333,01/31/2024, 14:10:26,540
FROV00001,FrozenEngine,1333,01/31/2024, 15:11:32,540
FROV00001,FrozenEngine,1333,01/31/2024, 16:13:40,540
FROV00001,FrozenEngine,1333,01/31/2024, 17:10:10,540
FROV00001,FrozenEngine,1333,01/31/2024, 18:11:49,540
FROV00001,FrozenEngine,1333,01/31/2024, 19:09:56,540
FROV00001,FrozenEngine,1333,01/31/2024, 20:11:45,540
FROV00001,FrozenEngine,1333,01/31/2024, 21:12:08,540
FROV00001,FrozenEngine,1333,01/31/2024, 22:11:33,540
FROV00001,FrozenEngine,1333,01/31/2024, 23:12:01,540
FROV00001,FrozenEngine,1333,02/01/2024, 00:52:22,540
FROV00001,FrozenEngine,1333,02/01/2024, 01:51:22,540
FROV00001,FrozenEngine,1333,02/01/2024, 02:21:39,540
FROV00001,FrozenEngine,1333,02/01/2024, 03:13:23,540
FROV00001,FrozenEngine,1333,02/01/2024, 04:15:27,540
FROV00001,FrozenEngine,1333,02/01/2024, 05:11:11,540
FROV00001,FrozenEngine,1333,02/01/2024, 06:15:29,540
FROV00001,FrozenEngine,1333,02/01/2024, 07:11:47,540
FROV00001,FrozenEngine,1333,02/01/2024, 08:14:44,540
FROV00001,FrozenEngine,1333,02/01/2024, 09:12:30,540
FROV00001,FrozenEngine,1333,02/01/2024, 10:12:41,540
FROV00001,FrozenEngine,1333,02/01/2024, 11:10:01,540
FROV00001,FrozenEngine,1333,02/01/2024, 12:19:56,540
FROV00001,FrozenEngine,1333,02/01/2024, 13:12:23,540
FROV00001,FrozenEngine,1333,02/01/2024, 14:11:13,540
FROV00001,FrozenEngine,1333,02/01/2024, 15:11:12,540
FROV00001,FrozenEngine,1333,02/01/2024, 16:14:23,540
FROV00001,FrozenEngine,1333,02/01/2024, 17:12:56,540
FROV00001,FrozenEngine,1333,02/01/2024, 18:13:56,540
FROV00001,FrozenEngine,1333,02/01/2024, 19:10:48,540
FROV00001,FrozenEngine,1333,02/01/2024, 20:11:58,540
FROV00001,FrozenEngine,1333,02/01/2024, 21:10:40,540
FROV00001,FrozenEngine,1333,02/01/2024, 22:11:46,540
FROV00001,FrozenEngine,1333,02/01/2024, 23:11:21,540
FROV00001,FrozenEngine,1333,02/02/2024, 00:49:52,540
FROV00001,FrozenEngine,1333,02/02/2024, 01:44:06,540
FROV00001,FrozenEngine,1333,02/02/2024, 02:17:24,540
FROV00001,FrozenEngine,1333,02/02/2024, 03:12:45,540
FROV00001,FrozenEngine,1333,02/02/2024, 04:14:35,540
FROV00001,FrozenEngine,1333,02/02/2024, 05:12:27,540
FROV00001,FrozenEngine,1333,02/02/2024, 06:14:33,540
FROV00001,FrozenEngine,1333,02/02/2024, 07:10:39,540
FROV00001,FrozenEngine,1333,02/02/2024, 08:14:22,540
FROV00001,FrozenEngine,1333,02/02/2024, 09:12:53,540
FROV00001,FrozenEngine,1333,02/02/2024, 10:12:49,540
FROV00001,FrozenEngine,1333,02/02/2024, 11:10:13,540
FROV00001,FrozenEngine,1333,02/02/2024, 12:19:40,540
FROV00001,FrozenEngine,1333,02/02/2024, 13:12:27,540
FROV00001,FrozenEngine,1333,02/02/2024, 14:11:12,540
FROV00001,FrozenEngine,1333,02/02/2024, 15:12:15,540
FROV00001,FrozenEngine,1333,02/02/2024, 16:12:50,540
FROV00001,FrozenEngine,1333,02/02/2024, 17:12:16,540
FROV00001,FrozenEngine,1333,02/02/2024, 18:15:26,540
FROV00001,FrozenEngine,1333,02/02/2024, 19:11:17,540
FROV00001,FrozenEngine,1333,02/02/2024, 20:11:20,540
FROV00001,FrozenEngine,1333,02/02/2024, 21:10:11,540
FROV00001,FrozenEngine,1333,02/02/2024, 22:10:37,540
FROV00001,FrozenEngine,1333,02/02/2024, 23:11:06,540
FROV00001,FrozenEngine,1333,02/03/2024, 00:49:02,540
FROV00001,FrozenEngine,1333,02/03/2024, 01:41:10,540
FROV00001,FrozenEngine,1333,02/03/2024, 02:14:50,540
FROV00001,FrozenEngine,1333,02/03/2024, 03:13:49,540
FROV00001,FrozenEngine,1333,02/03/2024, 04:12:51,540
FROV00001,FrozenEngine,1333,02/03/2024, 05:10:24,540
FROV00001,FrozenEngine,1333,02/03/2024, 06:13:46,540
FROV00001,FrozenEngine,1333,02/03/2024, 07:10:39,540
FROV00001,FrozenEngine,1333,02/03/2024, 08:14:06,540
FROV00001,FrozenEngine,1333,02/03/2024, 09:11:15,540
FROV00001,FrozenEngine,1333,02/03/2024, 10:11:10,540
FROV00001,FrozenEngine,1333,02/03/2024, 11:09:59,540
FROV00001,FrozenEngine,1333,02/03/2024, 12:19:01,540
FROV00001,FrozenEngine,1333,02/03/2024, 13:11:56,540
FROV00001,FrozenEngine,1333,02/03/2024, 14:09:42,540
FROV00001,FrozenEngine,1333,02/03/2024, 15:11:31,540
FROV00001,FrozenEngine,1334,02/03/2024, 16:14:22,540
FROV00001,FrozenEngine,1334,02/03/2024, 17:11:04,540
FROV00001,FrozenEngine,1334,02/03/2024, 18:13:06,540
FROV00001,FrozenEngine,1334,02/03/2024, 19:08:56,540
FROV00001,FrozenEngine,1334,02/03/2024, 20:12:23,540
FROV00001,FrozenEngine,1334,02/03/2024, 21:09:42,540
FROV00001,FrozenEngine,1334,02/03/2024, 22:11:06,540
FROV00001,FrozenEngine,1334,02/03/2024, 23:11:43,540
FROV00001,FrozenEngine,1334,02/04/2024, 00:53:33,540
FROV00001,FrozenEngine,1334,02/04/2024, 01:51:01,540
FROV00001,FrozenEngine,1334,02/04/2024, 02:21:39,540
FROV00001,FrozenEngine,1334,02/04/2024, 03:12:21,540
FROV00001,FrozenEngine,1334,02/04/2024, 04:13:11,540
FROV00001,FrozenEngine,1334,02/04/2024, 05:10:43,540
FROV00001,FrozenEngine,1334,02/04/2024, 06:13:50,540
FROV00001,FrozenEngine,1334,02/04/2024, 07:12:06,540
FROV00001,FrozenEngine,1334,02/04/2024, 08:13:58,540
FROV00001,FrozenEngine,1334,02/04/2024, 09:11:47,540
FROV00001,FrozenEngine,1334,02/04/2024, 10:11:55,540
FROV00001,FrozenEngine,1334,02/04/2024, 11:09:28,540
FROV00001,FrozenEngine,1334,02/04/2024, 12:18:30,540
FROV00001,FrozenEngine,1334,02/04/2024, 13:13:47,540
FROV00001,FrozenEngine,1334,02/04/2024, 14:09:44,540
FROV00001,FrozenEngine,1334,02/04/2024, 15:10:06,540
FROV00001,FrozenEngine,1334,02/04/2024, 16:13:09,540
FROV00001,FrozenEngine,1334,02/04/2024, 17:10:47,540
FROV00001,FrozenEngine,1334,02/04/2024, 18:14:52,540
FROV00001,FrozenEngine,1334,02/04/2024, 19:10:11,540
FROV00001,FrozenEngine,1334,02/04/2024, 20:11:19,540
FROV00001,FrozenEngine,1334,02/04/2024, 21:09:49,540
FROV00001,FrozenEngine,1334,02/04/2024, 22:11:05,540
FROV00001,FrozenEngine,1334,02/04/2024, 23:11:06,540
FROV00001,FrozenEngine,1334,02/05/2024, 00:51:52,540
FROV00001,FrozenEngine,1334,02/05/2024, 01:51:09,540
FROV00001,FrozenEngine,1334,02/05/2024, 02:24:52,540
FROV00001,FrozenEngine,1334,02/05/2024, 03:13:36,540
FROV00001,FrozenEngine,1334,02/05/2024, 04:14:50,540
FROV00001,FrozenEngine,1335,02/05/2024, 05:13:07,540
FROV00001,FrozenEngine,1335,02/05/2024, 06:15:00,540
FROV00001,FrozenEngine,1335,02/05/2024, 07:12:18,540
FROV00001,FrozenEngine,1335,02/05/2024, 08:14:58,540
FROV00001,FrozenEngine,1335,02/05/2024, 09:12:04,540
FROV00001,FrozenEngine,1335,02/05/2024, 10:13:06,540
FROV00001,FrozenEngine,1335,02/05/2024, 11:10:30,540
FROV00001,FrozenEngine,1335,02/05/2024, 12:20:12,540
FROV00001,FrozenEngine,1335,02/05/2024, 13:12:31,540
FROV00001,FrozenEngine,1335,02/05/2024, 14:11:23,540
FROV00001,FrozenEngine,1335,02/05/2024, 15:11:37,540
FROV00001,FrozenEngine,1335,02/05/2024, 16:14:08,540
FROV00001,FrozenEngine,1335,02/05/2024, 17:11:10,540
FROV00001,FrozenEngine,1335,02/05/2024, 18:14:55,540
FROV00001,FrozenEngine,1335,02/05/2024, 19:10:37,540
FROV00001,FrozenEngine,1335,02/05/2024, 20:12:40,540
FROV00001,FrozenEngine,1335,02/05/2024, 21:10:56,540
FROV00001,FrozenEngine,1335,02/05/2024, 22:12:40,540
FROV00001,FrozenEngine,1335,02/05/2024, 23:12:15,540
FROV00001,FrozenEngine,1335,02/06/2024, 00:49:20,540
FROV00001,FrozenEngine,1335,02/06/2024, 01:43:09,540
FROV00001,FrozenEngine,1335,02/06/2024, 02:17:42,540
FROV00001,FrozenEngine,1335,02/06/2024, 03:13:03,540
FROV00001,FrozenEngine,1335,02/06/2024, 04:13:12,540
FROV00001,FrozenEngine,1335,02/06/2024, 05:12:03,540
FROV00001,FrozenEngine,1335,02/06/2024, 06:14:56,540
FROV00001,FrozenEngine,1335,02/06/2024, 07:10:42,540
FROV00001,FrozenEngine,1335,02/06/2024, 08:15:17,540
FROV00001,FrozenEngine,1335,02/06/2024, 09:11:25,540
FROV00001,FrozenEngine,1335,02/06/2024, 10:12:35,540
FROV00001,FrozenEngine,1335,02/06/2024, 11:10:21,540
FROV00001,FrozenEngine,1335,02/06/2024, 12:20:37,540
FROV00001,FrozenEngine,1335,02/06/2024, 13:14:06,540
FROV00001,FrozenEngine,1335,02/06/2024, 14:11:34,540
FROV00001,FrozenEngine,1335,02/06/2024, 15:11:31,540
FROV00001,FrozenEngine,1335,02/06/2024, 16:14:05,540
FROV00001,FrozenEngine,1335,02/06/2024, 17:10:30,540
FROV00001,FrozenEngine,1335,02/06/2024, 18:13:10,540
FROV00001,FrozenEngine,1335,02/06/2024, 19:10:21,540
FROV00001,FrozenEngine,1335,02/06/2024, 20:12:37,540
FROV00001,FrozenEngine,1335,02/06/2024, 21:10:45,540
FROV00001,FrozenEngine,1335,02/06/2024, 22:10:51,540
FROV00001,FrozenEngine,1336,02/06/2024, 23:11:37,540
FROV00001,FrozenEngine,1336,02/07/2024, 00:47:55,540
FROV00001,FrozenEngine,1336,02/07/2024, 01:42:38,540
FROV00001,FrozenEngine,1336,02/07/2024, 02:16:47,540
FROV00001,FrozenEngine,1336,02/07/2024, 03:13:30,540
FROV00001,FrozenEngine,1336,02/07/2024, 04:14:18,540
FROV00001,FrozenEngine,1336,02/07/2024, 05:11:57,540
FROV00001,FrozenEngine,1336,02/07/2024, 06:14:46,540
FROV00001,FrozenEngine,1336,02/07/2024, 07:12:10,540
FROV00001,FrozenEngine,1336,02/07/2024, 08:14:13,540
FROV00001,FrozenEngine,1336,02/07/2024, 09:12:35,540
FROV00001,FrozenEngine,1336,02/07/2024, 10:13:01,540
FROV00001,FrozenEngine,1336,02/07/2024, 11:10:58,540
FROV00001,FrozenEngine,1336,02/07/2024, 12:19:43,540
FROV00001,FrozenEngine,1336,02/07/2024, 13:12:08,540
FROV00001,FrozenEngine,1336,02/07/2024, 14:10:29,540
FROV00001,FrozenEngine,1336,02/07/2024, 15:12:40,540
FROV00001,FrozenEngine,1336,02/07/2024, 16:15:29,540
FROV00001,FrozenEngine,1336,02/07/2024, 17:11:17,540
FROV00001,FrozenEngine,1336,02/07/2024, 18:14:28,540
FROV00001,FrozenEngine,1336,02/07/2024, 19:09:33,540
FROV00001,FrozenEngine,1336,02/07/2024, 20:11:24,540
FROV00001,FrozenEngine,1336,02/07/2024, 21:10:47,540
FROV00001,FrozenEngine,1336,02/07/2024, 22:10:47,540
FROV00001,FrozenEngine,1336,02/07/2024, 23:12:16,540
FROV00001,FrozenEngine,1336,02/08/2024, 00:49:04,540
FROV00001,FrozenEngine,1336,02/08/2024, 01:42:49,540
FROV00001,FrozenEngine,1336,02/08/2024, 02:17:14,540
FROV00001,FrozenEngine,1336,02/08/2024, 03:12:58,540
FROV00001,FrozenEngine,1336,02/08/2024, 04:14:07,540
FROV00001,FrozenEngine,1336,02/08/2024, 05:13:05,540
FROV00001,FrozenEngine,1336,02/08/2024, 06:15:37,540
FROV00001,FrozenEngine,1336,02/08/2024, 07:12:22,540
FROV00001,FrozenEngine,1336,02/08/2024, 08:14:26,540
FROV00001,FrozenEngine,1336,02/08/2024, 09:12:08,540
FROV00001,FrozenEngine,1337,02/08/2024, 10:12:17,540
FROV00001,FrozenEngine,1337,02/08/2024, 11:09:41,540
FROV00001,FrozenEngine,1337,02/08/2024, 12:20:01,540
FROV00001,FrozenEngine,1337,02/08/2024, 13:12:23,540
FROV00001,FrozenEngine,1337,02/08/2024, 14:10:45,540
FROV00001,FrozenEngine,1337,02/08/2024, 15:12:07,540
FROV00001,FrozenEngine,1337,02/08/2024, 16:14:32,540
FROV00001,FrozenEngine,1337,02/08/2024, 17:12:07,540
FROV00001,FrozenEngine,1337,02/08/2024, 18:14:37,540
FROV00001,FrozenEngine,1337,02/08/2024, 19:10:10,540
FROV00001,FrozenEngine,1337,02/08/2024, 20:11:56,540
FROV00001,FrozenEngine,1337,02/08/2024, 21:10:16,540
FROV00001,FrozenEngine,1337,02/08/2024, 22:10:56,540
FROV00001,FrozenEngine,1337,02/08/2024, 23:12:35,540
FROV00001,FrozenEngine,1337,02/09/2024, 00:48:28,540
FROV00001,FrozenEngine,1337,02/09/2024, 01:42:32,540
FROV00001,FrozenEngine,1337,02/09/2024, 02:16:40,540
FROV00001,FrozenEngine,1337,02/09/2024, 03:12:35,540
FROV00001,FrozenEngine,1337,02/09/2024, 04:14:06,540
FROV00001,FrozenEngine,1337,02/09/2024, 05:11:20,540
FROV00001,FrozenEngine,1337,02/09/2024, 06:14:47,540
FROV00001,FrozenEngine,1337,02/09/2024, 07:10:35,540
FROV00001,FrozenEngine,1337,02/09/2024, 08:14:06,540
FROV00001,FrozenEngine,1337,02/09/2024, 09:12:44,540
FROV00001,FrozenEngine,1337,02/09/2024, 10:12:32,540
FROV00001,FrozenEngine,1337,02/09/2024, 11:10:25,540
FROV00001,FrozenEngine,1337,02/09/2024, 12:19:36,540
FROV00001,FrozenEngine,1337,02/09/2024, 13:12:24,540
FROV00001,FrozenEngine,1337,02/09/2024, 14:10:46,540
FROV00001,FrozenEngine,1337,02/09/2024, 15:11:10,540
FROV00001,FrozenEngine,1337,02/09/2024, 16:14:06,540
FROV00001,FrozenEngine,1337,02/09/2024, 17:10:52,540
FROV00001,FrozenEngine,1337,02/09/2024, 18:14:19,540
FROV00001,FrozenEngine,1337,02/09/2024, 19:11:01,540
FROV00001,FrozenEngine,1337,02/09/2024, 20:11:36,540
FROV00001,FrozenEngine,1337,02/09/2024, 21:10:51,540
FROV00001,FrozenEngine,1337,02/09/2024, 22:11:41,540
FROV00001,FrozenEngine,1337,02/09/2024, 23:11:35,540
FROV00001,FrozenEngine,1337,02/10/2024, 00:47:45,540
FROV00001,FrozenEngine,1337,02/10/2024, 01:41:05,540
FROV00001,FrozenEngine,1337,02/10/2024, 02:15:20,540
FROV00001,FrozenEngine,1337,02/10/2024, 03:12:52,540
FROV00001,FrozenEngine,1337,02/10/2024, 04:14:22,540
FROV00001,FrozenEngine,1337,02/10/2024, 05:10:36,540
FROV00001,FrozenEngine,1337,02/10/2024, 06:14:07,540
FROV00001,FrozenEngine,1337,02/10/2024, 07:10:38,540
FROV00001,FrozenEngine,1338,02/10/2024, 08:12:45,540
FROV00001,FrozenEngine,1338,02/10/2024, 09:11:19,540
FROV00001,FrozenEngine,1338,02/10/2024, 10:10:59,540
FROV00001,FrozenEngine,1338,02/10/2024, 11:08:55,540
FROV00001,FrozenEngine,1338,02/10/2024, 12:18:55,540
FROV00001,FrozenEngine,1338,02/10/2024, 13:13:17,540
FROV00001,FrozenEngine,1338,02/10/2024, 14:10:10,540
FROV00001,FrozenEngine,1338,02/10/2024, 15:10:20,540
FROV00001,FrozenEngine,1338,02/10/2024, 16:13:54,540
FROV00001,FrozenEngine,1338,02/10/2024, 17:11:18,540
FROV00001,FrozenEngine,1338,02/10/2024, 18:13:39,540
FROV00001,FrozenEngine,1338,02/10/2024, 19:09:18,540
FROV00001,FrozenEngine,1338,02/10/2024, 20:11:38,540
FROV00001,FrozenEngine,1338,02/10/2024, 21:10:53,540
FROV00001,FrozenEngine,1338,02/10/2024, 22:10:29,540
FROV00001,FrozenEngine,1338,02/10/2024, 23:11:41,540
FROV00001,FrozenEngine,1338,02/11/2024, 00:53:50,540
FROV00001,FrozenEngine,1338,02/11/2024, 01:51:07,540
FROV00001,FrozenEngine,1338,02/11/2024, 02:20:21,540
FROV00001,FrozenEngine,1338,02/11/2024, 03:11:49,540
FROV00001,FrozenEngine,1338,02/11/2024, 04:14:12,540
FROV00001,FrozenEngine,1338,02/11/2024, 05:10:37,540
FROV00001,FrozenEngine,1338,02/11/2024, 06:14:36,540
FROV00001,FrozenEngine,1338,02/11/2024, 07:11:48,540
FROV00001,FrozenEngine,1338,02/11/2024, 08:14:11,540
FROV00001,FrozenEngine,1338,02/11/2024, 09:10:31,540
FROV00001,FrozenEngine,1338,02/11/2024, 10:11:45,540
FROV00001,FrozenEngine,1338,02/11/2024, 11:09:50,540
FROV00001,FrozenEngine,1338,02/11/2024, 12:18:23,540
FROV00001,FrozenEngine,1338,02/11/2024, 13:12:32,540
FROV00001,FrozenEngine,1338,02/11/2024, 14:10:50,540
FROV00001,FrozenEngine,1338,02/11/2024, 15:12:37,540
FROV00001,FrozenEngine,1338,02/11/2024, 16:13:58,540
FROV00001,FrozenEngine,1338,02/11/2024, 17:10:39,540
FROV00001,FrozenEngine,1338,02/11/2024, 18:14:12,540
FROV00001,FrozenEngine,1338,02/11/2024, 19:10:34,540
FROV00001,FrozenEngine,1338,02/11/2024, 20:12:04,540
FROV00001,FrozenEngine,1338,02/11/2024, 21:10:57,540
FROV00001,FrozenEngine,1338,02/11/2024, 22:10:25,540
FROV00001,FrozenEngine,1338,02/11/2024, 23:11:05,540
FROV00001,FrozenEngine,1338,02/12/2024, 00:50:25,540
FROV00001,FrozenEngine,1338,02/12/2024, 01:43:53,540
FROV00001,FrozenEngine,1338,02/12/2024, 02:19:06,540
FROV00001,FrozenEngine,1338,02/12/2024, 03:12:23,540
FROV00001,FrozenEngine,1338,02/12/2024, 04:14:41,540
FROV00001,FrozenEngine,1338,02/12/2024, 05:12:34,540
FROV00001,FrozenEngine,1338,02/12/2024, 06:15:30,540
FROV00001,FrozenEngine,1338,02/12/2024, 07:11:20,540
FROV00001,FrozenEngine,1338,02/12/2024, 08:15:11,540
FROV00001,FrozenEngine,1338,02/12/2024, 09:12:55,540
FROV00001,FrozenEngine,1338,02/12/2024, 10:14:45,540
FROV00001,FrozenEngine,1338,02/12/2024, 11:10:17,540
FROV00001,FrozenEngine,1339,02/12/2024, 12:20:27,540
FROV00001,FrozenEngine,1339,02/12/2024, 13:12:31,540
FROV00001,FrozenEngine,1339,02/12/2024, 14:11:00,540
FROV00001,FrozenEngine,1339,02/12/2024, 15:12:31,540
FROV00001,FrozenEngine,1339,02/12/2024, 16:14:13,540
FROV00001,FrozenEngine,1339,02/12/2024, 17:10:46,540
FROV00001,FrozenEngine,1339,02/12/2024, 18:13:55,540
FROV00001,FrozenEngine,1339,02/12/2024, 19:11:36,540
FROV00001,FrozenEngine,1339,02/12/2024, 20:12:19,540
FROV00001,FrozenEngine,1339,02/12/2024, 21:10:10,540
FROV00001,FrozenEngine,1339,02/12/2024, 22:10:44,540
FROV00001,FrozenEngine,1339,02/12/2024, 23:11:41,540
FROV00001,FrozenEngine,1339,02/13/2024, 00:50:18,540
FROV00001,FrozenEngine,1339,02/13/2024, 01:44:02,540
FROV00001,FrozenEngine,1339,02/13/2024, 02:17:50,540
FROV00001,FrozenEngine,1339,02/13/2024, 03:13:23,540
FROV00001,FrozenEngine,1339,02/13/2024, 04:13:39,540
FROV00001,FrozenEngine,1339,02/13/2024, 05:11:20,540
FROV00001,FrozenEngine,1339,02/13/2024, 06:16:26,540
FROV00001,FrozenEngine,1339,02/13/2024, 07:11:37,540
FROV00001,FrozenEngine,1339,02/13/2024, 08:14:58,540
FROV00001,FrozenEngine,1339,02/13/2024, 09:11:55,540
FROV00001,FrozenEngine,1339,02/13/2024, 10:11:59,540
FROV00001,FrozenEngine,1339,02/13/2024, 11:11:54,540
FROV00001,FrozenEngine,1339,02/13/2024, 12:19:36,540
FROV00001,FrozenEngine,1339,02/13/2024, 13:14:38,540
FROV00001,FrozenEngine,1339,02/13/2024, 14:10:46,540
FROV00001,FrozenEngine,1339,02/13/2024, 15:11:07,540
FROV00001,FrozenEngine,1339,02/13/2024, 16:14:44,540
FROV00001,FrozenEngine,1339,02/13/2024, 17:10:41,540
FROV00001,FrozenEngine,1339,02/13/2024, 18:15:25,540
FROV00001,FrozenEngine,1339,02/13/2024, 19:09:21,540
FROV00001,FrozenEngine,1339,02/13/2024, 20:13:31,540
FROV00001,FrozenEngine,1339,02/13/2024, 21:11:23,540
FROV00001,FrozenEngine,1339,02/13/2024, 22:13:01,540
FROV00001,FrozenEngine,1339,02/13/2024, 23:11:36,540
FROV00001,FrozenEngine,1339,02/14/2024, 00:50:37,540
FROV00001,FrozenEngine,1339,02/14/2024, 01:44:45,540
FROV00001,FrozenEngine,1339,02/14/2024, 02:18:00,540
FROV00001,FrozenEngine,1339,02/14/2024, 03:13:20,540
FROV00001,FrozenEngine,1339,02/14/2024, 04:14:20,540
FROV00001,FrozenEngine,1339,02/14/2024, 05:11:59,540
FROV00001,FrozenEngine,1339,02/14/2024, 06:15:19,540
FROV00001,FrozenEngine,1339,02/14/2024, 07:12:45,540
FROV00001,FrozenEngine,1339,02/14/2024, 08:14:52,540
FROV00001,FrozenEngine,1339,02/14/2024, 09:11:31,540
FROV00001,FrozenEngine,1339,02/14/2024, 10:12:35,540
FROV00001,FrozenEngine,1339,02/14/2024, 11:11:36,540
FROV00001,FrozenEngine,1339,02/14/2024, 12:20:27,540
FROV00001,FrozenEngine,1339,02/14/2024, 13:12:20,540
FROV00001,FrozenEngine,1339,02/14/2024, 14:11:20,540
FROV00001,FrozenEngine,1339,02/14/2024, 15:11:39,540
FROV00001,FrozenEngine,1339,02/14/2024, 16:14:21,540
FROV00001,FrozenEngine,1339,02/14/2024, 17:11:03,540
FROV00001,FrozenEngine,1339,02/14/2024, 18:13:55,540
FROV00001,FrozenEngine,1339,02/14/2024, 19:09:36,540
FROV00001,FrozenEngine,1339,02/14/2024, 20:12:23,540
FROV00001,FrozenEngine,1339,02/14/2024, 21:11:06,540
FROV00001,FrozenEngine,1339,02/14/2024, 22:11:06,540
FROV00001,FrozenEngine,1339,02/14/2024, 23:11:54,540
FROV00001,FrozenEngine,1339,02/15/2024, 00:50:22,540
FROV00001,FrozenEngine,1339,02/15/2024, 01:44:17,540
FROV00001,FrozenEngine,1339,02/15/2024, 02:18:24,540
FROV00001,FrozenEngine,1339,02/15/2024, 03:13:24,540
FROV00001,FrozenEngine,1339,02/15/2024, 04:14:36,540
FROV00001,FrozenEngine,1339,02/15/2024, 05:12:26,540
FROV00001,FrozenEngine,1339,02/15/2024, 06:15:06,540
FROV00001,FrozenEngine,1339,02/15/2024, 07:10:52,540
FROV00001,FrozenEngine,1339,02/15/2024, 08:14:43,540
FROV00001,FrozenEngine,1339,02/15/2024, 09:13:57,540
FROV00001,FrozenEngine,1339,02/15/2024, 10:12:43,540
FROV00001,FrozenEngine,1339,02/15/2024, 11:10:53,540
FROV00001,FrozenEngine,1339,02/15/2024, 12:19:25,540
FROV00001,FrozenEngine,1339,02/15/2024, 13:12:46,540
FROV00001,FrozenEngine,1339,02/15/2024, 14:10:51,540
FROV00001,FrozenEngine,1339,02/15/2024, 15:12:01,540
FROV00001,FrozenEngine,1339,02/15/2024, 16:14:15,540
FROV00001,FrozenEngine,1339,02/15/2024, 17:12:24,540
FROV00001,FrozenEngine,1339,02/15/2024, 18:15:12,540
FROV00001,FrozenEngine,1339,02/15/2024, 19:10:29,540
FROV00001,FrozenEngine,1339,02/15/2024, 20:10:30,540
FROV00001,FrozenEngine,1339,02/15/2024, 21:11:28,540
FROV00001,FrozenEngine,1339,02/15/2024, 22:10:50,540
FROV00001,FrozenEngine,1339,02/15/2024, 23:11:27,540
FROV00001,FrozenEngine,1339,02/16/2024, 00:48:46,540
FROV00001,FrozenEngine,1339,02/16/2024, 01:43:17,540
FROV00001,FrozenEngine,1339,02/16/2024, 02:17:47,540
FROV00001,FrozenEngine,1339,02/16/2024, 03:13:47,540
FROV00001,FrozenEngine,1339,02/16/2024, 04:13:26,540
FROV00001,FrozenEngine,1339,02/16/2024, 05:12:05,540
FROV00001,FrozenEngine,1339,02/16/2024, 06:15:26,540
FROV00001,FrozenEngine,1339,02/16/2024, 07:10:59,540
FROV00001,FrozenEngine,1339,02/16/2024, 08:14:31,540
FROV00001,FrozenEngine,1339,02/16/2024, 09:11:36,540
FROV00001,FrozenEngine,1339,02/16/2024, 10:12:37,540
FROV00001,FrozenEngine,1339,02/16/2024, 11:09:26,540
FROV00001,FrozenEngine,1339,02/16/2024, 12:19:43,540
FROV00001,FrozenEngine,1339,02/16/2024, 13:12:24,540
FROV00001,FrozenEngine,1340,02/16/2024, 14:11:49,540
FROV00001,FrozenEngine,1340,02/16/2024, 15:12:32,540
FROV00001,FrozenEngine,1340,02/16/2024, 16:14:22,540
FROV00001,FrozenEngine,1340,02/16/2024, 17:10:55,540
FROV00001,FrozenEngine,1340,02/16/2024, 18:14:43,540
FROV00001,FrozenEngine,1340,02/16/2024, 19:10:48,540
FROV00001,FrozenEngine,1340,02/16/2024, 20:11:47,540
FROV00001,FrozenEngine,1340,02/16/2024, 21:10:09,540
FROV00001,FrozenEngine,1340,02/16/2024, 22:11:04,540
FROV00001,FrozenEngine,1340,02/16/2024, 23:11:17,540
FROV00001,FrozenEngine,1340,02/17/2024, 00:48:43,540
FROV00001,FrozenEngine,1340,02/17/2024, 01:42:25,540
FROV00001,FrozenEngine,1340,02/17/2024, 02:16:27,540
FROV00001,FrozenEngine,1340,02/17/2024, 03:12:57,540
FROV00001,FrozenEngine,1340,02/17/2024, 04:15:16,540
FROV00001,FrozenEngine,1340,02/17/2024, 05:10:38,540
FROV00001,FrozenEngine,1340,02/17/2024, 06:14:58,540
FROV00001,FrozenEngine,1340,02/17/2024, 07:10:25,540
FROV00001,FrozenEngine,1340,02/17/2024, 08:13:27,540
FROV00001,FrozenEngine,1340,02/17/2024, 09:10:28,540
FROV00001,FrozenEngine,1340,02/17/2024, 10:11:27,540
FROV00001,FrozenEngine,1340,02/17/2024, 11:09:01,540
FROV00001,FrozenEngine,1340,02/17/2024, 12:18:24,540
FROV00001,FrozenEngine,1340,02/17/2024, 13:11:27,540
FROV00001,FrozenEngine,1340,02/17/2024, 14:10:55,540
FROV00001,FrozenEngine,1340,02/17/2024, 15:11:29,540
FROV00001,FrozenEngine,1340,02/17/2024, 16:14:10,540
FROV00001,FrozenEngine,1340,02/17/2024, 17:10:55,540
FROV00001,FrozenEngine,1340,02/17/2024, 18:13:31,540
FROV00001,FrozenEngine,1340,02/17/2024, 19:09:52,540
FROV00001,FrozenEngine,1340,02/17/2024, 20:11:17,540
FROV00001,FrozenEngine,1340,02/17/2024, 21:09:39,540
FROV00001,FrozenEngine,1340,02/17/2024, 22:11:33,540
FROV00001,FrozenEngine,1340,02/17/2024, 23:10:36,540
FROV00001,FrozenEngine,1340,02/18/2024, 00:52:50,540
FROV00001,FrozenEngine,1340,02/18/2024, 01:50:31,540
FROV00001,FrozenEngine,1340,02/18/2024, 02:19:31,540
FROV00001,FrozenEngine,1340,02/18/2024, 03:12:13,540
FROV00001,FrozenEngine,1340,02/18/2024, 04:13:24,540
FROV00001,FrozenEngine,1340,02/18/2024, 05:10:46,540
FROV00001,FrozenEngine,1340,02/18/2024, 06:14:50,540
FROV00001,FrozenEngine,1340,02/18/2024, 07:12:43,540
FROV00001,FrozenEngine,1340,02/18/2024, 08:14:06,540
FROV00001,FrozenEngine,1340,02/18/2024, 09:11:20,540
FROV00001,FrozenEngine,1340,02/18/2024, 10:12:50,540
FROV00001,FrozenEngine,1340,02/18/2024, 11:09:15,540
FROV00001,FrozenEngine,1340,02/18/2024, 12:18:35,540
FROV00001,FrozenEngine,1340,02/18/2024, 13:12:35,540
FROV00001,FrozenEngine,1340,02/18/2024, 14:10:07,540
FROV00001,FrozenEngine,1340,02/18/2024, 15:12:29,540
FROV00001,FrozenEngine,1340,02/18/2024, 16:13:46,540
FROV00001,FrozenEngine,1340,02/18/2024, 17:09:31,540
FROV00001,FrozenEngine,1340,02/18/2024, 18:13:11,540
FROV00001,FrozenEngine,1340,02/18/2024, 19:09:26,540
FROV00001,FrozenEngine,1340,02/18/2024, 20:12:13,540
FROV00001,FrozenEngine,1340,02/18/2024, 21:09:49,540
FROV00001,FrozenEngine,1340,02/18/2024, 22:12:35,540
FROV00001,FrozenEngine,1340,02/18/2024, 23:11:14,540
FROV00001,FrozenEngine,1340,02/19/2024, 00:51:14,540
FROV00001,FrozenEngine,1340,02/19/2024, 01:46:02,540
FROV00001,FrozenEngine,1340,02/19/2024, 02:19:14,540
FROV00001,FrozenEngine,1340,02/19/2024, 03:12:59,540
FROV00001,FrozenEngine,1340,02/19/2024, 04:14:08,540
FROV00001,FrozenEngine,1340,02/19/2024, 05:12:21,540
FROV00001,FrozenEngine,1340,02/19/2024, 06:15:49,540
FROV00001,FrozenEngine,1340,02/19/2024, 07:12:36,540
FROV00001,FrozenEngine,1340,02/19/2024, 08:15:30,540
FROV00001,FrozenEngine,1340,02/19/2024, 09:12:20,540
FROV00001,FrozenEngine,1340,02/19/2024, 10:13:12,540
FROV00001,FrozenEngine,1340,02/19/2024, 11:10:02,540
FROV00001,FrozenEngine,1340,02/19/2024, 12:20:59,540
FROV00001,FrozenEngine,1340,02/19/2024, 13:12:24,540
FROV00001,FrozenEngine,1340,02/19/2024, 14:11:36,540
FROV00001,FrozenEngine,1340,02/19/2024, 15:12:23,540
FROV00001,FrozenEngine,1340,02/19/2024, 16:15:58,540
FROV00001,FrozenEngine,1340,02/19/2024, 17:11:21,540
FROV00001,FrozenEngine,1340,02/19/2024, 18:15:12,540
FROV00001,FrozenEngine,1340,02/19/2024, 19:10:01,540
FROV00001,FrozenEngine,1340,02/19/2024, 20:12:00,540
FROV00001,FrozenEngine,1340,02/19/2024, 21:11:21,540
FROV00001,FrozenEngine,1340,02/19/2024, 22:11:30,540
FROV00001,FrozenEngine,1340,02/19/2024, 23:11:20,540
FROV00001,FrozenEngine,1340,02/20/2024, 00:48:54,540
FROV00001,FrozenEngine,1340,02/20/2024, 01:42:35,540
FROV00001,FrozenEngine,1340,02/20/2024, 02:16:34,540
FROV00001,FrozenEngine,1340,02/20/2024, 03:12:40,540
FROV00001,FrozenEngine,1340,02/20/2024, 04:15:35,540
FROV00001,FrozenEngine,1340,02/20/2024, 05:12:39,540
FROV00001,FrozenEngine,1340,02/20/2024, 06:15:35,540
FROV00001,FrozenEngine,1340,02/20/2024, 07:12:03,540
FROV00001,FrozenEngine,1340,02/20/2024, 08:14:39,540
FROV00001,FrozenEngine,1340,02/20/2024, 09:11:54,540
FROV00001,FrozenEngine,1340,02/20/2024, 10:11:59,540
FROV00001,FrozenEngine,1340,02/20/2024, 11:10:40,540
FROV00001,FrozenEngine,1340,02/20/2024, 12:19:57,540
FROV00001,FrozenEngine,1340,02/20/2024, 13:13:18,540
FROV00001,FrozenEngine,1340,02/20/2024, 14:11:12,540
FROV00001,FrozenEngine,1340,02/20/2024, 15:11:17,540
FROV00001,FrozenEngine,1340,02/20/2024, 16:14:43,540
FROV00001,FrozenEngine,1340,02/20/2024, 17:10:39,540
FROV00001,FrozenEngine,1340,02/20/2024, 18:16:14,540
FROV00001,FrozenEngine,1340,02/20/2024, 19:09:37,540
FROV00001,FrozenEngine,1340,02/20/2024, 20:13:00,540
FROV00001,FrozenEngine,1340,02/20/2024, 21:10:09,540
FROV00001,FrozenEngine,1340,02/20/2024, 22:10:44,540
FROV00001,FrozenEngine,1340,02/20/2024, 23:11:16,540
FROV00001,FrozenEngine,1340,02/21/2024, 00:50:05,540
FROV00001,FrozenEngine,1340,02/21/2024, 01:44:00,540
FROV00001,FrozenEngine,1340,02/21/2024, 02:17:34,540
FROV00001,FrozenEngine,1340,02/21/2024, 03:12:28,540
FROV00001,FrozenEngine,1340,02/21/2024, 04:13:50,540
FROV00001,FrozenEngine,1340,02/21/2024, 05:11:20,540
FROV00001,FrozenEngine,1340,02/21/2024, 06:14:50,540
FROV00001,FrozenEngine,1340,02/21/2024, 07:11:20,540
FROV00001,FrozenEngine,1340,02/21/2024, 08:15:29,540
FROV00001,FrozenEngine,1340,02/21/2024, 09:14:10,540
FROV00001,FrozenEngine,1340,02/21/2024, 10:13:17,540
FROV00001,FrozenEngine,1340,02/21/2024, 11:10:21,540
FROV00001,FrozenEngine,1340,02/21/2024, 12:19:55,540
FROV00001,FrozenEngine,1340,02/21/2024, 13:12:36,540
FROV00001,FrozenEngine,1340,02/21/2024, 14:11:02,540
FROV00001,FrozenEngine,1340,02/21/2024, 15:11:49,540
FROV00001,FrozenEngine,1340,02/21/2024, 16:15:10,540
FROV00001,FrozenEngine,1340,02/21/2024, 17:10:22,540
FROV00001,FrozenEngine,1340,02/21/2024, 18:14:12,540
FROV00001,FrozenEngine,1340,02/21/2024, 19:09:55,540
FROV00001,FrozenEngine,1340,02/21/2024, 20:12:12,540
FROV00001,FrozenEngine,1340,02/21/2024, 21:10:18,540
FROV00001,FrozenEngine,1340,02/21/2024, 22:10:51,540
FROV00001,FrozenEngine,1340,02/21/2024, 23:12:29,540
FROV00001,FrozenEngine,1340,02/22/2024, 00:49:23,540
FROV00001,FrozenEngine,1340,02/22/2024, 01:42:59,540
FROV00001,FrozenEngine,1340,02/22/2024, 02:17:07,540
FROV00001,FrozenEngine,1340,02/22/2024, 03:12:35,540
FROV00001,FrozenEngine,1340,02/22/2024, 04:13:30,540
FROV00001,FrozenEngine,1340,02/22/2024, 05:12:30,540
FROV00001,FrozenEngine,1340,02/22/2024, 06:15:27,540
FROV00001,FrozenEngine,1340,02/22/2024, 07:11:54,540
FROV00001,FrozenEngine,1340,02/22/2024, 08:15:06,540
FROV00001,FrozenEngine,1340,02/22/2024, 09:13:01,540
FROV00001,FrozenEngine,1340,02/22/2024, 10:12:06,540
FROV00001,FrozenEngine,1340,02/22/2024, 11:09:59,540
FROV00001,FrozenEngine,1340,02/22/2024, 12:19:16,540
FROV00001,FrozenEngine,1340,02/22/2024, 13:14:02,540
FROV00001,FrozenEngine,1340,02/22/2024, 14:12:03,540
FROV00001,FrozenEngine,1340,02/22/2024, 15:12:02,540
FROV00001,FrozenEngine,1340,02/22/2024, 16:14:31,540
FROV00001,FrozenEngine,1340,02/22/2024, 17:10:57,540
FROV00001,FrozenEngine,1340,02/22/2024, 18:14:46,540
FROV00001,FrozenEngine,1340,02/22/2024, 19:09:29,540
FROV00001,FrozenEngine,1340,02/22/2024, 20:11:41,540
FROV00001,FrozenEngine,1340,02/22/2024, 21:10:20,540
FROV00001,FrozenEngine,1340,02/22/2024, 22:11:02,540
FROV00001,FrozenEngine,1340,02/22/2024, 23:13:38,540
FROV00001,FrozenEngine,1340,02/23/2024, 00:48:48,540
FROV00001,FrozenEngine,1340,02/23/2024, 01:42:46,540
FROV00001,FrozenEngine,1340,02/23/2024, 02:17:37,540
FROV00001,FrozenEngine,1340,02/23/2024, 03:12:13,540
FROV00001,FrozenEngine,1340,02/23/2024, 04:13:25,540
FROV00001,FrozenEngine,1340,02/23/2024, 05:12:23,540
FROV00001,FrozenEngine,1340,02/23/2024, 06:15:19,540
FROV00001,FrozenEngine,1340,02/23/2024, 07:12:44,540
FROV00001,FrozenEngine,1340,02/23/2024, 08:14:59,540
FROV00001,FrozenEngine,1340,02/23/2024, 09:11:31,540
FROV00001,FrozenEngine,1340,02/23/2024, 10:13:24,540
FROV00001,FrozenEngine,1340,02/23/2024, 11:10:32,540
FROV00001,FrozenEngine,1340,02/23/2024, 12:19:54,540
FROV00001,FrozenEngine,1340,02/23/2024, 13:13:18,540
FROV00001,FrozenEngine,1340,02/23/2024, 14:11:02,540
FROV00001,FrozenEngine,1340,02/23/2024, 15:12:53,540
FROV00001,FrozenEngine,1340,02/23/2024, 16:13:49,540
FROV00001,FrozenEngine,1340,02/23/2024, 17:10:29,540
FROV00001,FrozenEngine,1340,02/23/2024, 18:14:49,540
FROV00001,FrozenEngine,1340,02/23/2024, 19:11:22,540
FROV00001,FrozenEngine,1340,02/23/2024, 20:13:29,540
FROV00001,FrozenEngine,1340,02/23/2024, 21:10:33,540
FROV00001,FrozenEngine,1340,02/23/2024, 22:10:49,540
FROV00001,FrozenEngine,1340,02/23/2024, 23:10:53,540
FROV00001,FrozenEngine,1340,02/24/2024, 00:46:58,540
FROV00001,FrozenEngine,1340,02/24/2024, 01:40:15,540
FROV00001,FrozenEngine,1340,02/24/2024, 02:15:00,540
FROV00001,FrozenEngine,1340,02/24/2024, 03:14:21,540
FROV00001,FrozenEngine,1340,02/24/2024, 04:14:18,540
FROV00001,FrozenEngine,1340,02/24/2024, 05:13:22,540
FROV00001,FrozenEngine,1340,02/24/2024, 06:14:00,540
FROV00001,FrozenEngine,1340,02/24/2024, 07:11:08,540
FROV00001,FrozenEngine,1340,02/24/2024, 08:12:59,540
FROV00001,FrozenEngine,1340,02/24/2024, 09:10:14,540
FROV00001,FrozenEngine,1340,02/24/2024, 10:12:17,540
FROV00001,FrozenEngine,1340,02/24/2024, 11:09:26,540
FROV00001,FrozenEngine,1340,02/24/2024, 12:17:55,540
FROV00001,FrozenEngine,1340,02/24/2024, 13:12:14,540
FROV00001,FrozenEngine,1340,02/24/2024, 14:09:43,540
FROV00001,FrozenEngine,1340,02/24/2024, 15:10:29,540
FROV00001,FrozenEngine,1340,02/24/2024, 16:12:53,540
FROV00001,FrozenEngine,1340,02/24/2024, 17:11:53,540
FROV00001,FrozenEngine,1340,02/24/2024, 18:14:04,540
FROV00001,FrozenEngine,1340,02/24/2024, 19:09:06,540
FROV00001,FrozenEngine,1340,02/24/2024, 20:11:08,540
FROV00001,FrozenEngine,1340,02/24/2024, 21:09:51,540
FROV00001,FrozenEngine,1340,02/24/2024, 22:10:46,540
FROV00001,FrozenEngine,1340,02/24/2024, 23:11:55,540
FROV00001,FrozenEngine,1340,02/25/2024, 00:53:23,540
FROV00001,FrozenEngine,1340,02/25/2024, 01:49:53,540
FROV00001,FrozenEngine,1340,02/25/2024, 02:20:13,540
FROV00001,FrozenEngine,1340,02/25/2024, 03:12:43,540
FROV00001,FrozenEngine,1340,02/25/2024, 04:14:12,540
FROV00001,FrozenEngine,1340,02/25/2024, 05:11:42,540
FROV00001,FrozenEngine,1340,02/25/2024, 06:14:02,540
FROV00001,FrozenEngine,1340,02/25/2024, 07:12:13,540
FROV00001,FrozenEngine,1340,02/25/2024, 08:13:29,540
FROV00001,FrozenEngine,1340,02/25/2024, 09:10:29,540
FROV00001,FrozenEngine,1340,02/25/2024, 10:11:09,540
FROV00001,FrozenEngine,1340,02/25/2024, 11:09:24,540
FROV00001,FrozenEngine,1340,02/25/2024, 12:18:22,540
FROV00001,FrozenEngine,1340,02/25/2024, 13:11:56,540
FROV00001,FrozenEngine,1340,02/25/2024, 14:09:54,540
FROV00001,FrozenEngine,1340,02/25/2024, 15:10:40,540
FROV00001,FrozenEngine,1340,02/25/2024, 16:14:01,540
FROV00001,FrozenEngine,1340,02/25/2024, 17:10:23,540
FROV00001,FrozenEngine,1340,02/25/2024, 18:13:34,540
FROV00001,FrozenEngine,1340,02/25/2024, 19:10:55,540
FROV00001,FrozenEngine,1341,02/25/2024, 20:11:12,540
FROV00001,FrozenEngine,1341,02/25/2024, 21:11:45,540
FROV00001,FrozenEngine,1341,02/25/2024, 22:10:43,540
FROV00001,FrozenEngine,1341,02/25/2024, 23:11:39,540
FROV00001,FrozenEngine,1341,02/26/2024, 00:51:11,540
FROV00001,FrozenEngine,1341,02/26/2024, 01:46:12,540
FROV00001,FrozenEngine,1341,02/26/2024, 02:21:03,540
FROV00001,FrozenEngine,1341,02/26/2024, 03:13:23,540
FROV00001,FrozenEngine,1341,02/26/2024, 04:13:40,540
FROV00001,FrozenEngine,1341,02/26/2024, 05:12:36,540
FROV00001,FrozenEngine,1341,02/26/2024, 06:15:59,540
FROV00001,FrozenEngine,1341,02/26/2024, 07:12:27,540
FROV00001,FrozenEngine,1341,02/26/2024, 08:14:46,540
FROV00001,FrozenEngine,1341,02/26/2024, 09:13:13,540
FROV00001,FrozenEngine,1341,02/26/2024, 10:13:22,540
FROV00001,FrozenEngine,1341,02/26/2024, 11:09:13,540
FROV00001,FrozenEngine,1341,02/26/2024, 12:20:50,540
FROV00001,FrozenEngine,1341,02/26/2024, 13:12:28,540
FROV00001,FrozenEngine,1341,02/26/2024, 14:12:15,540
FROV00001,FrozenEngine,1341,02/26/2024, 15:12:39,540
FROV00001,FrozenEngine,1341,02/26/2024, 16:14:36,540
FROV00001,FrozenEngine,1341,02/26/2024, 17:11:22,540
FROV00001,FrozenEngine,1341,02/26/2024, 18:14:23,540
FROV00001,FrozenEngine,1341,02/26/2024, 19:09:55,540
FROV00001,FrozenEngine,1341,02/26/2024, 20:13:14,540
FROV00001,FrozenEngine,1341,02/26/2024, 21:12:09,540
FROV00001,FrozenEngine,1341,02/26/2024, 22:11:59,540
FROV00001,FrozenEngine,1341,02/26/2024, 23:12:23,540
FROV00001,FrozenEngine,1341,02/27/2024, 00:48:53,540
FROV00001,FrozenEngine,1341,02/27/2024, 01:42:12,540
FROV00001,FrozenEngine,1341,02/27/2024, 02:16:34,540
FROV00001,FrozenEngine,1341,02/27/2024, 03:13:19,540
FROV00001,FrozenEngine,1341,02/27/2024, 04:14:29,540
FROV00001,FrozenEngine,1341,02/27/2024, 05:12:26,540
FROV00001,FrozenEngine,1341,02/27/2024, 06:14:37,540
FROV00001,FrozenEngine,1341,02/27/2024, 07:12:58,540
FROV00001,FrozenEngine,1341,02/27/2024, 08:14:29,540
FROV00001,FrozenEngine,1341,02/27/2024, 09:11:39,540
FROV00001,FrozenEngine,1341,02/27/2024, 10:13:50,540
FROV00001,FrozenEngine,1341,02/27/2024, 11:10:06,540
FROV00001,FrozenEngine,1341,02/27/2024, 12:19:25,540
FROV00001,FrozenEngine,1341,02/27/2024, 13:12:19,540
FROV00001,FrozenEngine,1341,02/27/2024, 14:10:59,540
FROV00001,FrozenEngine,1341,02/27/2024, 15:12:10,540
FROV00001,FrozenEngine,1341,02/27/2024, 16:15:00,540
FROV00001,FrozenEngine,1341,02/27/2024, 17:12:29,540
FROV00001,FrozenEngine,1341,02/27/2024, 18:14:40,540
FROV00001,FrozenEngine,1341,02/27/2024, 19:10:02,540
FROV00001,FrozenEngine,1341,02/27/2024, 20:12:28,540
FROV00001,FrozenEngine,1341,02/27/2024, 21:10:08,540
FROV00001,FrozenEngine,1341,02/27/2024, 22:12:33,540
FROV00001,FrozenEngine,1341,02/27/2024, 23:11:10,540
FROV00001,FrozenEngine,1341,02/28/2024, 00:48:39,540
FROV00001,FrozenEngine,1341,02/28/2024, 01:44:14,540
FROV00001,FrozenEngine,1341,02/28/2024, 02:18:17,540
FROV00001,FrozenEngine,1341,02/28/2024, 03:12:35,540
FROV00001,FrozenEngine,1341,02/28/2024, 04:14:25,540
FROV00001,FrozenEngine,1341,02/28/2024, 05:12:14,540
FROV00001,FrozenEngine,1341,02/28/2024, 06:14:50,540
FROV00001,FrozenEngine,1341,02/28/2024, 07:11:15,540
FROV00001,FrozenEngine,1341,02/28/2024, 08:14:55,540
FROV00001,FrozenEngine,1341,02/28/2024, 09:12:03,540
FROV00001,FrozenEngine,1341,02/28/2024, 10:13:38,540
FROV00001,FrozenEngine,1341,02/28/2024, 11:11:16,540
FROV00001,FrozenEngine,1341,02/28/2024, 12:19:42,540
FROV00001,FrozenEngine,1341,02/28/2024, 13:12:30,540
FROV00001,FrozenEngine,1341,02/28/2024, 14:10:40,540
FROV00001,FrozenEngine,1341,02/28/2024, 15:12:03,540
FROV00001,FrozenEngine,1341,02/28/2024, 16:14:39,540
FROV00001,FrozenEngine,1341,02/28/2024, 17:11:24,540
FROV00001,FrozenEngine,1341,02/28/2024, 18:14:24,540
FROV00001,FrozenEngine,1341,02/28/2024, 20:12:50,540
FROV00001,FrozenEngine,1341,02/28/2024, 21:11:01,540
FROV00001,FrozenEngine,1341,02/28/2024, 22:10:41,540
FROV00001,FrozenEngine,1341,02/28/2024, 23:13:27,540
FROV00001,FrozenEngine,1341,02/29/2024, 00:48:58,540
FROV00001,FrozenEngine,1341,02/29/2024, 01:42:22,540
FROV00001,FrozenEngine,1341,02/29/2024, 02:16:44,540
FROV00001,FrozenEngine,1341,02/29/2024, 03:13:10,540
FROV00001,FrozenEngine,1341,02/29/2024, 04:13:59,540
FROV00001,FrozenEngine,1341,02/29/2024, 05:13:25,540
FROV00001,FrozenEngine,1341,02/29/2024, 06:15:07,540
FROV00001,FrozenEngine,1341,02/29/2024, 07:12:36,540
FROV00001,FrozenEngine,1341,02/29/2024, 08:14:26,540
FROV00001,FrozenEngine,1341,02/29/2024, 09:12:47,540
FROV00001,FrozenEngine,1341,02/29/2024, 10:13:35,540
FROV00001,FrozenEngine,1341,02/29/2024, 11:11:06,540
FROV00001,FrozenEngine,1341,02/29/2024, 12:20:42,540
FROV00001,FrozenEngine,1341,02/29/2024, 13:12:55,540
FROV00001,FrozenEngine,1341,02/29/2024, 14:14:11,540
FROV00001,FrozenEngine,1341,02/29/2024, 15:12:06,540
FROV00001,FrozenEngine,1341,02/29/2024, 16:13:55,540
FROV00001,FrozenEngine,1341,02/29/2024, 17:10:45,540
FROV00001,FrozenEngine,1341,02/29/2024, 18:15:36,540
FROV00001,FrozenEngine,1341,02/29/2024, 19:09:29,540
FROV00001,FrozenEngine,1341,02/29/2024, 20:13:50,540
FROV00001,FrozenEngine,1341,02/29/2024, 21:13:11,540
FROV00001,FrozenEngine,1341,02/29/2024, 22:10:55,540
FROV00001,FrozenEngine,1341,02/29/2024, 23:12:10,540
FROV00001,FrozenEngine,1341,03/01/2024, 00:54:26,540
FROV00001,FrozenEngine,1341,03/01/2024, 01:52:50,540
FROV00001,FrozenEngine,1341,03/01/2024, 02:22:27,540
FROV00001,FrozenEngine,1341,03/01/2024, 03:15:28,540
FROV00001,FrozenEngine,1341,03/01/2024, 04:15:00,540
FROV00001,FrozenEngine,1341,03/01/2024, 05:12:21,540
FROV00001,FrozenEngine,1341,03/01/2024, 06:15:37,540
FROV00001,FrozenEngine,1341,03/01/2024, 07:11:25,540
FROV00001,FrozenEngine,1341,03/01/2024, 08:14:24,540
FROV00001,FrozenEngine,1341,03/01/2024, 09:14:02,540
FROV00001,FrozenEngine,1341,03/01/2024, 10:12:36,540
FROV00001,FrozenEngine,1341,03/01/2024, 11:10:13,540
FROV00001,FrozenEngine,1341,03/01/2024, 12:20:05,540
FROV00001,FrozenEngine,1341,03/01/2024, 13:12:08,540
FROV00001,FrozenEngine,1341,03/01/2024, 14:11:06,540
FROV00001,FrozenEngine,1341,03/01/2024, 15:12:32,540
FROV00001,FrozenEngine,1341,03/01/2024, 16:13:41,540
FROV00001,FrozenEngine,1341,03/01/2024, 17:14:55,540
FROV00001,FrozenEngine,1341,03/01/2024, 18:15:49,540
FROV00001,FrozenEngine,1341,03/01/2024, 19:10:37,540
FROV00001,FrozenEngine,1341,03/01/2024, 20:13:00,540
FROV00001,FrozenEngine,1341,03/01/2024, 21:12:07,540
FROV00001,FrozenEngine,1341,03/01/2024, 22:10:59,540
FROV00001,FrozenEngine,1341,03/01/2024, 23:10:52,540
FROV00001,FrozenEngine,1341,03/02/2024, 00:48:09,540
FROV00001,FrozenEngine,1341,03/02/2024, 01:41:23,540
FROV00001,FrozenEngine,1341,03/02/2024, 02:15:47,540
FROV00001,FrozenEngine,1341,03/02/2024, 03:12:02,540
FROV00001,FrozenEngine,1341,03/02/2024, 04:13:39,540
FROV00001,FrozenEngine,1341,03/02/2024, 05:11:34,540
FROV00001,FrozenEngine,1341,03/02/2024, 06:15:34,540
FROV00001,FrozenEngine,1341,03/02/2024, 07:10:18,540
FROV00001,FrozenEngine,1341,03/02/2024, 08:13:14,540
FROV00001,FrozenEngine,1341,03/02/2024, 09:10:55,540
FROV00001,FrozenEngine,1341,03/02/2024, 10:11:12,540
FROV00001,FrozenEngine,1341,03/02/2024, 11:10:27,540
FROV00001,FrozenEngine,1341,03/02/2024, 12:18:33,540
FROV00001,FrozenEngine,1341,03/02/2024, 13:11:27,540
FROV00001,FrozenEngine,1341,03/02/2024, 14:10:34,540
FROV00001,FrozenEngine,1341,03/02/2024, 15:11:09,540
FROV00001,FrozenEngine,1341,03/02/2024, 16:13:48,540
FROV00001,FrozenEngine,1341,03/02/2024, 17:09:30,540
FROV00001,FrozenEngine,1341,03/02/2024, 18:14:21,540
FROV00001,FrozenEngine,1341,03/02/2024, 19:09:08,540
FROV00001,FrozenEngine,1341,03/02/2024, 20:10:50,540
FROV00001,FrozenEngine,1341,03/02/2024, 21:09:45,540
FROV00001,FrozenEngine,1341,03/02/2024, 22:11:19,540
FROV00001,FrozenEngine,1341,03/02/2024, 23:11:45,540
FROV00001,FrozenEngine,1341,03/03/2024, 00:52:30,540
FROV00001,FrozenEngine,1341,03/03/2024, 01:46:16,540
FROV00001,FrozenEngine,1341,03/03/2024, 02:19:34,540
FROV00001,FrozenEngine,1341,03/03/2024, 03:12:09,540
FROV00001,FrozenEngine,1341,03/03/2024, 04:14:52,540
FROV00001,FrozenEngine,1341,03/03/2024, 05:11:31,540
FROV00001,FrozenEngine,1341,03/03/2024, 06:14:30,540
FROV00001,FrozenEngine,1341,03/03/2024, 07:10:05,540
FROV00001,FrozenEngine,1341,03/03/2024, 08:14:46,540
FROV00001,FrozenEngine,1341,03/03/2024, 09:11:56,540
FROV00001,FrozenEngine,1341,03/03/2024, 10:13:47,540
FROV00001,FrozenEngine,1341,03/03/2024, 11:08:56,540
FROV00001,FrozenEngine,1341,03/03/2024, 12:19:03,540
FROV00001,FrozenEngine,1341,03/03/2024, 13:11:56,540
FROV00001,FrozenEngine,1341,03/03/2024, 14:10:56,540
FROV00001,FrozenEngine,1341,03/03/2024, 15:10:41,540
FROV00001,FrozenEngine,1341,03/03/2024, 16:12:41,540
FROV00001,FrozenEngine,1341,03/03/2024, 17:09:43,540
FROV00001,FrozenEngine,1341,03/03/2024, 18:13:21,540
FROV00001,FrozenEngine,1341,03/03/2024, 19:08:45,540
FROV00001,FrozenEngine,1341,03/03/2024, 20:12:19,540
FROV00001,FrozenEngine,1341,03/03/2024, 21:10:46,540
FROV00001,FrozenEngine,1342,03/03/2024, 22:10:17,540
FROV00001,FrozenEngine,1342,03/03/2024, 23:10:46,540
FROV00001,FrozenEngine,1342,03/04/2024, 00:50:47,540
FROV00001,FrozenEngine,1342,03/04/2024, 02:00:41,540
FROV00001,FrozenEngine,1342,03/04/2024, 03:04:12,540
FROV00001,FrozenEngine,1342,03/04/2024, 04:41:26,540
FROV00001,FrozenEngine,1342,03/04/2024, 05:45:52,540
FROV00001,FrozenEngine,1342,03/04/2024, 06:59:56,540
FROV00001,FrozenEngine,1342,03/04/2024, 07:58:24,540
FROV00001,FrozenEngine,1342,03/04/2024, 10:07:39,540
FROV00001,FrozenEngine,1342,03/04/2024, 11:59:10,540
FROV00001,FrozenEngine,1342,03/04/2024, 12:31:49,540
FROV00001,FrozenEngine,1342,03/04/2024, 13:15:10,540
FROV00001,FrozenEngine,1342,03/04/2024, 14:11:24,540
FROV00001,FrozenEngine,1342,03/04/2024, 15:13:06,540
FROV00001,FrozenEngine,1342,03/04/2024, 16:15:21,540
FROV00001,FrozenEngine,1342,03/04/2024, 17:12:51,540
FROV00001,FrozenEngine,1342,03/04/2024, 18:14:38,540
FROV00001,FrozenEngine,1342,03/04/2024, 19:10:21,540
FROV00001,FrozenEngine,1342,03/04/2024, 20:12:01,540
FROV00001,FrozenEngine,1342,03/04/2024, 21:11:29,540
FROV00001,FrozenEngine,1342,03/04/2024, 22:10:32,540
FROV00001,FrozenEngine,1342,03/04/2024, 23:12:41,540
FROV00001,FrozenEngine,1342,03/05/2024, 00:49:25,540
FROV00001,FrozenEngine,1342,03/05/2024, 01:43:16,540
FROV00001,FrozenEngine,1342,03/05/2024, 02:17:17,540
FROV00001,FrozenEngine,1342,03/05/2024, 03:13:10,540
FROV00001,FrozenEngine,1342,03/05/2024, 05:11:35,540
FROV00001,FrozenEngine,1342,03/05/2024, 06:14:51,540
FROV00001,FrozenEngine,1342,03/05/2024, 07:11:15,540
FROV00001,FrozenEngine,1342,03/05/2024, 08:15:27,540
FROV00001,FrozenEngine,1342,03/05/2024, 09:12:03,540
FROV00001,FrozenEngine,1342,03/05/2024, 10:13:28,540
FROV00001,FrozenEngine,1342,03/05/2024, 11:11:39,540
FROV00001,FrozenEngine,1342,03/05/2024, 12:20:18,540
FROV00001,FrozenEngine,1342,03/05/2024, 13:12:29,540
FROV00001,FrozenEngine,1342,03/05/2024, 14:11:29,540
FROV00001,FrozenEngine,1342,03/05/2024, 15:11:39,540
FROV00001,FrozenEngine,1342,03/05/2024, 16:14:00,540
FROV00001,FrozenEngine,1342,03/05/2024, 17:12:41,540
FROV00001,FrozenEngine,1343,03/05/2024, 18:14:15,540
FROV00001,FrozenEngine,1343,03/05/2024, 19:09:43,540
FROV00001,FrozenEngine,1343,03/05/2024, 20:12:09,540
FROV00001,FrozenEngine,1343,03/05/2024, 21:11:20,540
FROV00001,FrozenEngine,1343,03/05/2024, 22:10:41,540
FROV00001,FrozenEngine,1343,03/05/2024, 23:11:09,540
FROV00001,FrozenEngine,1343,03/06/2024, 00:49:41,540
FROV00001,FrozenEngine,1343,03/06/2024, 01:43:33,540
FROV00001,FrozenEngine,1343,03/06/2024, 02:17:22,540
FROV00001,FrozenEngine,1343,03/06/2024, 03:12:14,540
FROV00001,FrozenEngine,1343,03/06/2024, 04:13:36,540
FROV00001,FrozenEngine,1343,03/06/2024, 05:11:32,540
FROV00001,FrozenEngine,1343,03/06/2024, 06:16:05,540
FROV00001,FrozenEngine,1343,03/06/2024, 07:11:27,540
FROV00001,FrozenEngine,1343,03/06/2024, 08:15:50,540
FROV00001,FrozenEngine,1343,03/06/2024, 09:12:24,540
FROV00001,FrozenEngine,1343,03/06/2024, 10:12:35,540
FROV00001,FrozenEngine,1343,03/06/2024, 11:10:27,540
FROV00001,FrozenEngine,1343,03/06/2024, 12:22:00,540
FROV00001,FrozenEngine,1343,03/06/2024, 13:12:11,540
FROV00001,FrozenEngine,1343,03/06/2024, 14:11:01,540
FROV00001,FrozenEngine,1343,03/06/2024, 15:13:41,540
FROV00001,FrozenEngine,1343,03/06/2024, 16:14:13,540
FROV00001,FrozenEngine,1343,03/06/2024, 17:11:28,540
FROV00001,FrozenEngine,1343,03/06/2024, 18:15:13,540
FROV00001,FrozenEngine,1343,03/06/2024, 19:08:57,540
FROV00001,FrozenEngine,1343,03/06/2024, 20:12:04,540
FROV00001,FrozenEngine,1343,03/06/2024, 21:10:42,540
FROV00001,FrozenEngine,1344,03/06/2024, 22:12:11,540
FROV00001,FrozenEngine,1344,03/06/2024, 23:12:35,540
FROV00001,FrozenEngine,1344,03/07/2024, 00:40:11,540
FROV00001,FrozenEngine,1345,03/07/2024, 01:28:40,540
FROV00001,FrozenEngine,1345,03/07/2024, 02:11:09,540
FROV00001,FrozenEngine,1345,03/07/2024, 03:11:19,540
FROV00001,FrozenEngine,1345,03/07/2024, 04:13:54,540
FROV00001,FrozenEngine,1345,03/07/2024, 05:10:32,540
FROV00001,FrozenEngine,1345,03/07/2024, 06:15:39,540
FROV00001,FrozenEngine,1345,03/07/2024, 07:10:15,540
FROV00001,FrozenEngine,1345,03/07/2024, 08:12:09,540
FROV00001,FrozenEngine,1345,03/07/2024, 09:10:27,540
FROV00001,FrozenEngine,1345,03/07/2024, 10:12:03,540
FROV00001,FrozenEngine,1345,03/07/2024, 11:10:27,540
FROV00001,FrozenEngine,1345,03/07/2024, 12:20:01,540
FROV00001,FrozenEngine,1345,03/07/2024, 13:12:18,540
FROV00001,FrozenEngine,1345,03/07/2024, 14:12:01,540
FROV00001,FrozenEngine,1345,03/07/2024, 15:11:52,540
FROV00001,FrozenEngine,1345,03/07/2024, 16:14:03,540
FROV00001,FrozenEngine,1345,03/07/2024, 17:11:56,540
FROV00001,FrozenEngine,1345,03/07/2024, 18:14:29,540
FROV00001,FrozenEngine,1345,03/07/2024, 19:09:23,540
FROV00001,FrozenEngine,1345,03/07/2024, 20:11:50,540
FROV00001,FrozenEngine,1345,03/07/2024, 21:11:26,540
FROV00001,FrozenEngine,1345,03/07/2024, 22:11:17,540
FROV00001,FrozenEngine,1345,03/07/2024, 23:13:15,540
FROV00001,FrozenEngine,1345,03/08/2024, 00:49:27,540
FROV00001,FrozenEngine,1345,03/08/2024, 01:43:09,540
FROV00001,FrozenEngine,1345,03/08/2024, 02:18:56,540
FROV00001,FrozenEngine,1345,03/08/2024, 03:12:15,540
FROV00001,FrozenEngine,1345,03/08/2024, 04:14:27,540
FROV00001,FrozenEngine,1345,03/08/2024, 05:12:45,540
FROV00001,FrozenEngine,1345,03/08/2024, 06:14:49,540
FROV00001,FrozenEngine,1345,03/08/2024, 07:13:29,540
FROV00001,FrozenEngine,1345,03/08/2024, 08:13:59,540
FROV00001,FrozenEngine,1345,03/08/2024, 09:12:02,540
FROV00001,FrozenEngine,1345,03/08/2024, 10:14:28,540
FROV00001,FrozenEngine,1345,03/08/2024, 11:09:37,540
FROV00001,FrozenEngine,1345,03/08/2024, 12:20:44,540
FROV00001,FrozenEngine,1345,03/08/2024, 13:12:36,540
FROV00001,FrozenEngine,1345,03/08/2024, 14:11:52,540
FROV00001,FrozenEngine,1345,03/08/2024, 15:12:33,540
FROV00001,FrozenEngine,1345,03/08/2024, 16:13:02,540
FROV00001,FrozenEngine,1345,03/08/2024, 17:10:42,540
FROV00001,FrozenEngine,1345,03/08/2024, 18:14:28,540
FROV00001,FrozenEngine,1345,03/08/2024, 19:10:38,540
FROV00001,FrozenEngine,1345,03/08/2024, 20:11:27,540
FROV00001,FrozenEngine,1345,03/08/2024, 21:11:08,540
FROV00001,FrozenEngine,1345,03/08/2024, 22:12:40,540
FROV00001,FrozenEngine,1345,03/08/2024, 23:13:31,540
FROV00001,FrozenEngine,1345,03/09/2024, 00:47:23,540
FROV00001,FrozenEngine,1345,03/09/2024, 01:39:14,540
FROV00001,FrozenEngine,1345,03/09/2024, 02:14:43,540
FROV00001,FrozenEngine,1345,03/09/2024, 03:14:59,540
FROV00001,FrozenEngine,1345,03/09/2024, 04:13:06,540
FROV00001,FrozenEngine,1345,03/09/2024, 05:13:12,540
FROV00001,FrozenEngine,1345,03/09/2024, 06:16:09,540
FROV00001,FrozenEngine,1345,03/09/2024, 07:10:25,540
FROV00001,FrozenEngine,1345,03/09/2024, 08:13:21,540
FROV00001,FrozenEngine,1345,03/09/2024, 09:13:26,540
FROV00001,FrozenEngine,1345,03/09/2024, 10:12:49,540
FROV00001,FrozenEngine,1345,03/09/2024, 11:12:01,540
FROV00001,FrozenEngine,1345,03/09/2024, 12:18:00,540
FROV00001,FrozenEngine,1345,03/09/2024, 13:11:19,540
FROV00001,FrozenEngine,1345,03/09/2024, 14:12:54,540
FROV00001,FrozenEngine,1345,03/09/2024, 15:10:29,540
FROV00001,FrozenEngine,1345,03/09/2024, 16:13:27,540
FROV00001,FrozenEngine,1345,03/09/2024, 17:10:37,540
FROV00001,FrozenEngine,1345,03/09/2024, 18:13:33,540
FROV00001,FrozenEngine,1345,03/09/2024, 19:08:49,540
FROV00001,FrozenEngine,1345,03/09/2024, 20:11:03,540
FROV00001,FrozenEngine,1345,03/09/2024, 21:11:38,540
FROV00001,FrozenEngine,1345,03/09/2024, 22:12:02,540
FROV00001,FrozenEngine,1345,03/09/2024, 23:12:07,540
FROV00001,FrozenEngine,1345,03/10/2024, 00:53:24,540
FROV00001,FrozenEngine,1345,03/10/2024, 01:51:05,540
FROV00001,FrozenEngine,1345,03/10/2024, 02:22:15,540
FROV00001,FrozenEngine,1345,03/10/2024, 03:12:47,540
FROV00001,FrozenEngine,1345,03/10/2024, 04:13:12,540
FROV00001,FrozenEngine,1345,03/10/2024, 05:11:14,540
FROV00001,FrozenEngine,1345,03/10/2024, 06:13:52,540
FROV00001,FrozenEngine,1345,03/10/2024, 07:11:06,540
FROV00001,FrozenEngine,1345,03/10/2024, 08:13:50,540
FROV00001,FrozenEngine,1345,03/10/2024, 09:11:36,540
FROV00001,FrozenEngine,1345,03/10/2024, 10:10:52,540
FROV00001,FrozenEngine,1345,03/10/2024, 11:10:15,540
FROV00001,FrozenEngine,1345,03/10/2024, 12:18:06,540
FROV00001,FrozenEngine,1345,03/10/2024, 13:12:27,540
FROV00001,FrozenEngine,1345,03/10/2024, 14:11:02,540
FROV00001,FrozenEngine,1345,03/10/2024, 15:10:30,540
FROV00001,FrozenEngine,1345,03/10/2024, 16:13:44,540
FROV00001,FrozenEngine,1345,03/10/2024, 17:11:25,540
FROV00001,FrozenEngine,1345,03/10/2024, 18:12:47,540
FROV00001,FrozenEngine,1345,03/10/2024, 19:08:56,540
FROV00001,FrozenEngine,1345,03/10/2024, 20:12:39,540
FROV00001,FrozenEngine,1345,03/10/2024, 21:09:42,540
FROV00001,FrozenEngine,1345,03/10/2024, 22:11:52,540
FROV00001,FrozenEngine,1345,03/10/2024, 23:11:53,540
FROV00001,FrozenEngine,1345,03/11/2024, 00:50:56,540
FROV00001,FrozenEngine,1345,03/11/2024, 01:44:08,540
FROV00001,FrozenEngine,1345,03/11/2024, 02:19:18,540
FROV00001,FrozenEngine,1345,03/11/2024, 03:14:26,540
FROV00001,FrozenEngine,1345,03/11/2024, 04:14:48,540
FROV00001,FrozenEngine,1345,03/11/2024, 05:12:41,540
FROV00001,FrozenEngine,1345,03/11/2024, 06:14:57,540
FROV00001,FrozenEngine,1345,03/11/2024, 07:12:14,540
FROV00001,FrozenEngine,1345,03/11/2024, 08:15:11,540
FROV00001,FrozenEngine,1345,03/11/2024, 09:13:21,540
FROV00001,FrozenEngine,1345,03/11/2024, 10:14:18,540
FROV00001,FrozenEngine,1345,03/11/2024, 11:11:54,540
FROV00001,FrozenEngine,1345,03/11/2024, 12:20:47,540
FROV00001,FrozenEngine,1345,03/11/2024, 13:12:48,540
FROV00001,FrozenEngine,1345,03/11/2024, 14:11:19,540
FROV00001,FrozenEngine,1345,03/11/2024, 15:12:45,540
FROV00001,FrozenEngine,1345,03/11/2024, 16:14:32,540
FROV00001,FrozenEngine,1345,03/11/2024, 17:11:46,540
FROV00001,FrozenEngine,1345,03/11/2024, 18:14:40,540
FROV00001,FrozenEngine,1345,03/11/2024, 19:10:37,540
FROV00001,FrozenEngine,1345,03/11/2024, 20:13:36,540
FROV00001,FrozenEngine,1345,03/11/2024, 21:13:05,540
FROV00001,FrozenEngine,1345,03/11/2024, 22:11:01,540
FROV00001,FrozenEngine,1345,03/11/2024, 23:12:40,540
FROV00001,FrozenEngine,1345,03/12/2024, 00:49:02,540
FROV00001,FrozenEngine,1345,03/12/2024, 01:43:04,540
FROV00001,FrozenEngine,1345,03/12/2024, 02:17:03,540
FROV00001,FrozenEngine,1345,03/12/2024, 03:15:07,540
FROV00001,FrozenEngine,1345,03/12/2024, 04:15:48,540
FROV00001,FrozenEngine,1345,03/12/2024, 05:13:02,540
FROV00001,FrozenEngine,1345,03/12/2024, 06:14:58,540
FROV00001,FrozenEngine,1345,03/12/2024, 07:11:35,540
FROV00001,FrozenEngine,1345,03/12/2024, 08:14:32,540
FROV00001,FrozenEngine,1345,03/12/2024, 09:14:12,540
FROV00001,FrozenEngine,1345,03/12/2024, 10:12:14,540
FROV00001,FrozenEngine,1345,03/12/2024, 11:10:05,540
FROV00001,FrozenEngine,1345,03/12/2024, 12:19:52,540
FROV00001,FrozenEngine,1345,03/12/2024, 13:12:51,540
FROV00001,FrozenEngine,1345,03/12/2024, 14:11:14,540
FROV00001,FrozenEngine,1345,03/12/2024, 15:12:01,540
FROV00001,FrozenEngine,1345,03/12/2024, 16:15:04,540
FROV00001,FrozenEngine,1345,03/12/2024, 17:11:31,540
FROV00001,FrozenEngine,1345,03/12/2024, 18:14:18,540
FROV00001,FrozenEngine,1345,03/12/2024, 19:12:10,540
FROV00001,FrozenEngine,1345,03/12/2024, 20:12:25,540
FROV00001,FrozenEngine,1345,03/12/2024, 21:11:38,540
FROV00001,FrozenEngine,1345,03/12/2024, 22:10:58,540
FROV00001,FrozenEngine,1345,03/12/2024, 23:12:23,540
FROV00001,FrozenEngine,1345,03/13/2024, 00:50:33,540
FROV00001,FrozenEngine,1345,03/13/2024, 01:47:25,540
FROV00001,FrozenEngine,1345,03/13/2024, 02:19:46,540
FROV00001,FrozenEngine,1345,03/13/2024, 03:13:55,540
FROV00001,FrozenEngine,1345,03/13/2024, 04:13:40,540
FROV00001,FrozenEngine,1345,03/13/2024, 05:13:06,540
FROV00001,FrozenEngine,1345,03/13/2024, 06:15:33,540
FROV00001,FrozenEngine,1345,03/13/2024, 07:11:17,540
FROV00001,FrozenEngine,1345,03/13/2024, 08:14:14,540
FROV00001,FrozenEngine,1345,03/13/2024, 09:12:52,540
FROV00001,FrozenEngine,1345,03/13/2024, 10:12:39,540
FROV00001,FrozenEngine,1345,03/13/2024, 11:12:56,540
FROV00001,FrozenEngine,1345,03/13/2024, 15:12:37,540
FROV00001,FrozenEngine,1345,03/13/2024, 16:14:04,540
FROV00001,FrozenEngine,1345,03/13/2024, 17:11:59,540
FROV00001,FrozenEngine,1345,03/13/2024, 18:14:08,540
FROV00001,FrozenEngine,1345,03/13/2024, 19:10:31,540
FROV00001,FrozenEngine,1345,03/13/2024, 20:11:59,540
FROV00001,FrozenEngine,1345,03/13/2024, 21:12:32,540
FROV00001,FrozenEngine,1345,03/13/2024, 22:11:24,540
FROV00001,FrozenEngine,1345,03/13/2024, 23:11:51,540
FROV00001,FrozenEngine,1345,03/14/2024, 00:49:37,540
FROV00001,FrozenEngine,1345,03/14/2024, 01:43:37,540
FROV00001,FrozenEngine,1345,03/14/2024, 02:17:21,540
FROV00001,FrozenEngine,1345,03/14/2024, 03:13:09,540
FROV00001,FrozenEngine,1346,03/14/2024, 04:13:45,540
FROV00001,FrozenEngine,1346,03/14/2024, 05:11:25,540
FROV00001,FrozenEngine,1346,03/14/2024, 06:14:53,540
FROV00001,FrozenEngine,1346,03/14/2024, 07:13:08,540
FROV00001,FrozenEngine,1346,03/14/2024, 08:14:54,540
FROV00001,FrozenEngine,1346,03/14/2024, 09:11:52,540
FROV00001,FrozenEngine,1346,03/14/2024, 10:12:57,540
FROV00001,FrozenEngine,1346,03/14/2024, 11:09:47,540
FROV00001,FrozenEngine,1346,03/14/2024, 12:21:09,540
FROV00001,FrozenEngine,1346,03/14/2024, 13:13:06,540
FROV00001,FrozenEngine,1346,03/14/2024, 14:11:38,540
FROV00001,FrozenEngine,1346,03/14/2024, 15:12:00,540
FROV00001,FrozenEngine,1346,03/14/2024, 16:14:54,540
FROV00001,FrozenEngine,1346,03/14/2024, 17:10:58,540
FROV00001,FrozenEngine,1346,03/14/2024, 18:14:29,540
FROV00001,FrozenEngine,1346,03/14/2024, 19:09:37,540
FROV00001,FrozenEngine,1346,03/14/2024, 20:12:41,540
FROV00001,FrozenEngine,1346,03/14/2024, 21:11:14,540
FROV00001,FrozenEngine,1346,03/14/2024, 22:10:47,540
FROV00001,FrozenEngine,1346,03/14/2024, 23:11:28,540
FROV00001,FrozenEngine,1346,03/15/2024, 00:50:24,540
FROV00001,FrozenEngine,1346,03/15/2024, 01:45:23,540
FROV00001,FrozenEngine,1346,03/15/2024, 02:18:31,540
FROV00001,FrozenEngine,1346,03/15/2024, 03:13:37,540
FROV00001,FrozenEngine,1346,03/15/2024, 04:14:26,540
FROV00001,FrozenEngine,1346,03/15/2024, 05:12:34,540
FROV00001,FrozenEngine,1346,03/15/2024, 06:15:16,540
FROV00001,FrozenEngine,1346,03/15/2024, 07:11:34,540
FROV00001,FrozenEngine,1346,03/15/2024, 08:14:49,540
FROV00001,FrozenEngine,1346,03/15/2024, 09:11:56,540
FROV00001,FrozenEngine,1346,03/15/2024, 10:11:52,540
FROV00001,FrozenEngine,1346,03/15/2024, 11:09:59,540
FROV00001,FrozenEngine,1346,03/15/2024, 12:19:49,540
FROV00001,FrozenEngine,1346,03/15/2024, 13:13:14,540
FROV00001,FrozenEngine,1346,03/15/2024, 14:11:55,540
FROV00001,FrozenEngine,1346,03/15/2024, 15:11:53,540
FROV00001,FrozenEngine,1346,03/15/2024, 16:15:00,540
FROV00001,FrozenEngine,1346,03/15/2024, 17:11:13,540
FROV00001,FrozenEngine,1346,03/15/2024, 18:15:35,540
FROV00001,FrozenEngine,1346,03/15/2024, 19:10:15,540
FROV00001,FrozenEngine,1346,03/15/2024, 20:14:22,540
FROV00001,FrozenEngine,1346,03/15/2024, 21:10:05,540
FROV00001,FrozenEngine,1346,03/15/2024, 22:11:54,540
FROV00001,FrozenEngine,1346,03/15/2024, 23:12:10,540
FROV00001,FrozenEngine,1346,03/16/2024, 00:48:36,540
FROV00001,FrozenEngine,1346,03/16/2024, 01:41:35,540
FROV00001,FrozenEngine,1346,03/16/2024, 02:16:49,540
FROV00001,FrozenEngine,1346,03/16/2024, 03:12:55,540
FROV00001,FrozenEngine,1346,03/16/2024, 04:13:14,540
FROV00001,FrozenEngine,1346,03/16/2024, 05:12:45,540
FROV00001,FrozenEngine,1346,03/16/2024, 06:13:58,540
FROV00001,FrozenEngine,1346,03/16/2024, 07:11:10,540
FROV00001,FrozenEngine,1346,03/16/2024, 08:13:32,540
FROV00001,FrozenEngine,1346,03/16/2024, 09:11:05,540
FROV00001,FrozenEngine,1346,03/16/2024, 10:12:59,540
FROV00001,FrozenEngine,1346,03/16/2024, 11:09:19,540
FROV00001,FrozenEngine,1346,03/16/2024, 12:21:02,540
FROV00001,FrozenEngine,1346,03/16/2024, 13:12:49,540
FROV00001,FrozenEngine,1346,03/16/2024, 14:10:36,540
FROV00001,FrozenEngine,1346,03/16/2024, 15:10:36,540
FROV00001,FrozenEngine,1346,03/16/2024, 16:12:34,540
FROV00001,FrozenEngine,1346,03/16/2024, 17:10:58,540
FROV00001,FrozenEngine,1346,03/16/2024, 18:14:10,540
FROV00001,FrozenEngine,1346,03/16/2024, 19:09:47,540
FROV00001,FrozenEngine,1346,03/16/2024, 20:11:37,540
FROV00001,FrozenEngine,1346,03/16/2024, 21:11:30,540
FROV00001,FrozenEngine,1346,03/16/2024, 22:11:07,540
FROV00001,FrozenEngine,1346,03/16/2024, 23:12:45,540
FROV00001,FrozenEngine,1346,03/17/2024, 00:53:11,540
FROV00001,FrozenEngine,1346,03/17/2024, 01:49:52,540
FROV00001,FrozenEngine,1346,03/17/2024, 02:19:28,540
FROV00001,FrozenEngine,1346,03/17/2024, 03:12:03,540
FROV00001,FrozenEngine,1346,03/17/2024, 04:14:04,540
FROV00001,FrozenEngine,1346,03/17/2024, 05:12:45,540
FROV00001,FrozenEngine,1346,03/17/2024, 06:14:03,540
FROV00001,FrozenEngine,1346,03/17/2024, 07:10:13,540
FROV00001,FrozenEngine,1346,03/17/2024, 08:13:39,540
FROV00001,FrozenEngine,1346,03/17/2024, 09:10:40,540
FROV00001,FrozenEngine,1346,03/17/2024, 10:11:13,540
FROV00001,FrozenEngine,1346,03/17/2024, 11:11:50,540
FROV00001,FrozenEngine,1346,03/17/2024, 12:21:02,540
FROV00001,FrozenEngine,1346,03/17/2024, 13:14:10,540
FROV00001,FrozenEngine,1346,03/17/2024, 14:10:08,540
FROV00001,FrozenEngine,1346,03/17/2024, 15:12:21,540
FROV00001,FrozenEngine,1346,03/17/2024, 16:13:25,540
FROV00001,FrozenEngine,1346,03/17/2024, 17:09:57,540
FROV00001,FrozenEngine,1346,03/17/2024, 18:13:08,540
FROV00001,FrozenEngine,1346,03/17/2024, 19:09:33,540
FROV00001,FrozenEngine,1346,03/17/2024, 20:12:04,540
FROV00001,FrozenEngine,1346,03/17/2024, 21:12:09,540
FROV00001,FrozenEngine,1346,03/17/2024, 22:10:35,540
FROV00001,FrozenEngine,1346,03/17/2024, 23:14:03,540
FROV00001,FrozenEngine,1346,03/18/2024, 00:51:04,540
FROV00001,FrozenEngine,1346,03/18/2024, 01:46:46,540
FROV00001,FrozenEngine,1346,03/18/2024, 02:18:11,540
FROV00001,FrozenEngine,1346,03/18/2024, 03:13:18,540
FROV00001,FrozenEngine,1346,03/18/2024, 04:13:55,540
FROV00001,FrozenEngine,1346,03/18/2024, 05:13:23,540
FROV00001,FrozenEngine,1346,03/18/2024, 06:15:57,540
FROV00001,FrozenEngine,1346,03/18/2024, 07:12:14,540
FROV00001,FrozenEngine,1346,03/18/2024, 08:14:42,540
FROV00001,FrozenEngine,1346,03/18/2024, 09:13:06,540
FROV00001,FrozenEngine,1346,03/18/2024, 10:13:00,540
FROV00001,FrozenEngine,1346,03/18/2024, 11:10:59,540
FROV00001,FrozenEngine,1346,03/18/2024, 12:20:11,540
FROV00001,FrozenEngine,1346,03/18/2024, 13:13:39,540
FROV00001,FrozenEngine,1346,03/18/2024, 14:12:06,540
FROV00001,FrozenEngine,1346,03/18/2024, 15:12:00,540
FROV00001,FrozenEngine,1346,03/18/2024, 16:15:05,540
FROV00001,FrozenEngine,1346,03/18/2024, 17:12:20,540
FROV00001,FrozenEngine,1346,03/18/2024, 18:14:28,540
FROV00001,FrozenEngine,1346,03/18/2024, 19:10:23,540
FROV00001,FrozenEngine,1346,03/18/2024, 20:12:42,540
FROV00001,FrozenEngine,1346,03/18/2024, 21:12:25,540
FROV00001,FrozenEngine,1346,03/18/2024, 22:11:56,540
FROV00001,FrozenEngine,1346,03/18/2024, 23:12:33,540
FROV00001,FrozenEngine,1346,03/19/2024, 00:49:42,540
FROV00001,FrozenEngine,1346,03/19/2024, 01:44:03,540
FROV00001,FrozenEngine,1346,03/19/2024, 02:18:11,540
FROV00001,FrozenEngine,1346,03/19/2024, 03:13:05,540
FROV00001,FrozenEngine,1347,03/19/2024, 04:14:09,540
FROV00001,FrozenEngine,1347,03/19/2024, 05:12:19,540
FROV00001,FrozenEngine,1347,03/19/2024, 06:14:56,540
FROV00001,FrozenEngine,1347,03/19/2024, 07:12:07,540
FROV00001,FrozenEngine,1347,03/19/2024, 08:14:41,540
FROV00001,FrozenEngine,1347,03/19/2024, 09:11:53,540
FROV00001,FrozenEngine,1347,03/19/2024, 10:12:42,540
FROV00001,FrozenEngine,1348,03/19/2024, 11:10:57,540
FROV00001,FrozenEngine,1348,03/19/2024, 12:20:18,540
FROV00001,FrozenEngine,1348,03/19/2024, 13:14:13,540
FROV00001,FrozenEngine,1348,03/19/2024, 14:11:23,540
FROV00001,FrozenEngine,1348,03/19/2024, 15:13:06,540
FROV00001,FrozenEngine,1348,03/19/2024, 16:15:20,540
FROV00001,FrozenEngine,1348,03/19/2024, 17:11:31,540
FROV00001,FrozenEngine,1348,03/19/2024, 18:14:36,540
FROV00001,FrozenEngine,1348,03/19/2024, 19:10:47,540
FROV00001,FrozenEngine,1348,03/19/2024, 20:12:32,540
FROV00001,FrozenEngine,1348,03/19/2024, 21:10:05,540
FROV00001,FrozenEngine,1348,03/19/2024, 22:11:03,540
FROV00001,FrozenEngine,1348,03/19/2024, 23:12:04,540
FROV00001,FrozenEngine,1348,03/20/2024, 00:49:32,540
FROV00001,FrozenEngine,1348,03/20/2024, 01:43:34,540
FROV00001,FrozenEngine,1349,03/20/2024, 02:17:36,540
FROV00001,FrozenEngine,1349,03/20/2024, 03:13:29,540
FROV00001,FrozenEngine,1349,03/20/2024, 04:15:18,540
FROV00001,FrozenEngine,1349,03/20/2024, 05:12:15,540
FROV00001,FrozenEngine,1349,03/20/2024, 06:14:54,540
FROV00001,FrozenEngine,1349,03/20/2024, 07:12:51,540
FROV00001,FrozenEngine,1349,03/20/2024, 08:14:27,540
FROV00001,FrozenEngine,1349,03/20/2024, 09:12:50,540
FROV00001,FrozenEngine,1349,03/20/2024, 10:12:23,540
FROV00001,FrozenEngine,1349,03/20/2024, 11:10:25,540
FROV00001,FrozenEngine,1349,03/20/2024, 12:20:18,540
FROV00001,FrozenEngine,1349,03/20/2024, 13:14:42,540
FROV00001,FrozenEngine,1349,03/20/2024, 14:11:29,540
FROV00001,FrozenEngine,1349,03/20/2024, 15:13:15,540
FROV00001,FrozenEngine,1349,03/20/2024, 16:15:42,540
FROV00001,FrozenEngine,1349,03/20/2024, 17:09:41,540
FROV00001,FrozenEngine,1349,03/20/2024, 18:14:27,540
FROV00001,FrozenEngine,1349,03/20/2024, 19:09:54,540
FROV00001,FrozenEngine,1349,03/20/2024, 20:12:52,540
FROV00001,FrozenEngine,1349,03/20/2024, 21:11:47,540
FROV00001,FrozenEngine,1349,03/20/2024, 22:10:40,540
FROV00001,FrozenEngine,1349,03/20/2024, 23:13:15,540
FROV00001,FrozenEngine,1349,03/21/2024, 00:51:43,540
FROV00001,FrozenEngine,1349,03/21/2024, 01:45:24,540
FROV00001,FrozenEngine,1349,03/21/2024, 02:20:09,540
FROV00001,FrozenEngine,1349,03/21/2024, 03:14:03,540
FROV00001,FrozenEngine,1349,03/21/2024, 04:14:16,540
FROV00001,FrozenEngine,1349,03/21/2024, 05:11:39,540
FROV00001,FrozenEngine,1349,03/21/2024, 06:15:04,540
FROV00001,FrozenEngine,1349,03/21/2024, 07:11:41,540
FROV00001,FrozenEngine,1349,03/21/2024, 08:14:31,540
FROV00001,FrozenEngine,1349,03/21/2024, 09:11:51,540
FROV00001,FrozenEngine,1349,03/21/2024, 10:12:09,540
FROV00001,FrozenEngine,1349,03/21/2024, 11:11:00,540
FROV00001,FrozenEngine,1349,03/21/2024, 12:20:31,540
FROV00001,FrozenEngine,1349,03/21/2024, 13:13:55,540
FROV00001,FrozenEngine,1349,03/21/2024, 14:11:46,540
FROV00001,FrozenEngine,1349,03/21/2024, 15:13:11,540
FROV00001,FrozenEngine,1349,03/21/2024, 16:15:55,540
FROV00001,FrozenEngine,1349,03/21/2024, 17:11:04,540
FROV00001,FrozenEngine,1349,03/21/2024, 18:14:35,540
FROV00001,FrozenEngine,1349,03/21/2024, 19:11:10,540
FROV00001,FrozenEngine,1349,03/21/2024, 20:13:15,540
FROV00001,FrozenEngine,1349,03/21/2024, 21:12:21,540
FROV00001,FrozenEngine,1349,03/21/2024, 22:11:46,540
FROV00001,FrozenEngine,1349,03/21/2024, 23:12:53,540
FROV00001,FrozenEngine,1349,03/22/2024, 00:49:52,540
FROV00001,FrozenEngine,1349,03/22/2024, 01:43:15,540
FROV00001,FrozenEngine,1349,03/22/2024, 02:17:57,540
FROV00001,FrozenEngine,1349,03/22/2024, 03:12:55,540
FROV00001,FrozenEngine,1349,03/22/2024, 04:14:07,540
FROV00001,FrozenEngine,1349,03/22/2024, 05:12:31,540
FROV00001,FrozenEngine,1349,03/22/2024, 06:14:51,540
FROV00001,FrozenEngine,1349,03/22/2024, 07:12:07,540
FROV00001,FrozenEngine,1349,03/22/2024, 08:15:04,540
FROV00001,FrozenEngine,1349,03/22/2024, 09:13:34,540
FROV00001,FrozenEngine,1349,03/22/2024, 10:13:21,540
FROV00001,FrozenEngine,1349,03/22/2024, 11:10:44,540
FROV00001,FrozenEngine,1349,03/22/2024, 12:20:18,540
FROV00001,FrozenEngine,1349,03/22/2024, 13:12:12,540
FROV00001,FrozenEngine,1349,03/22/2024, 14:12:11,540
FROV00001,FrozenEngine,1349,03/22/2024, 15:12:14,540
FROV00001,FrozenEngine,1349,03/22/2024, 16:15:23,540
FROV00001,FrozenEngine,1349,03/22/2024, 17:10:26,540
FROV00001,FrozenEngine,1349,03/22/2024, 18:14:38,540
FROV00001,FrozenEngine,1349,03/22/2024, 19:10:46,540
FROV00001,FrozenEngine,1349,03/22/2024, 20:12:10,540
FROV00001,FrozenEngine,1349,03/22/2024, 21:11:20,540
FROV00001,FrozenEngine,1349,03/22/2024, 22:11:18,540
FROV00001,FrozenEngine,1349,03/22/2024, 23:11:04,540
FROV00001,FrozenEngine,1349,03/23/2024, 00:48:35,540
FROV00001,FrozenEngine,1349,03/23/2024, 01:41:38,540
FROV00001,FrozenEngine,1349,03/23/2024, 02:17:40,540
FROV00001,FrozenEngine,1349,03/23/2024, 03:13:53,540
FROV00001,FrozenEngine,1349,03/23/2024, 04:15:31,540
FROV00001,FrozenEngine,1349,03/23/2024, 05:11:57,540
FROV00001,FrozenEngine,1349,03/23/2024, 06:18:48,540
FROV00001,FrozenEngine,1349,03/23/2024, 07:12:03,540
FROV00001,FrozenEngine,1349,03/23/2024, 08:13:32,540
FROV00001,FrozenEngine,1349,03/23/2024, 09:11:53,540
FROV00001,FrozenEngine,1349,03/23/2024, 10:11:54,540
FROV00001,FrozenEngine,1349,03/23/2024, 11:09:19,540
FROV00001,FrozenEngine,1349,03/23/2024, 12:21:26,540
FROV00001,FrozenEngine,1349,03/23/2024, 13:11:18,540
FROV00001,FrozenEngine,1349,03/23/2024, 14:09:57,540
FROV00001,FrozenEngine,1349,03/23/2024, 15:13:17,540
FROV00001,FrozenEngine,1349,03/23/2024, 16:13:02,540
FROV00001,FrozenEngine,1349,03/23/2024, 17:11:01,540
FROV00001,FrozenEngine,1349,03/23/2024, 18:13:38,540
FROV00001,FrozenEngine,1349,03/23/2024, 19:09:12,540
FROV00001,FrozenEngine,1349,03/23/2024, 20:13:03,540
FROV00001,FrozenEngine,1349,03/23/2024, 21:10:00,540
FROV00001,FrozenEngine,1349,03/23/2024, 22:11:17,540
FROV00001,FrozenEngine,1349,03/23/2024, 23:11:06,540
FROV00001,FrozenEngine,1349,03/24/2024, 00:55:16,540
FROV00001,FrozenEngine,1349,03/24/2024, 01:53:42,540
FROV00001,FrozenEngine,1349,03/24/2024, 02:22:13,540
FROV00001,FrozenEngine,1349,03/24/2024, 03:12:15,540
FROV00001,FrozenEngine,1349,03/24/2024, 04:14:51,540
FROV00001,FrozenEngine,1349,03/24/2024, 05:11:36,540
FROV00001,FrozenEngine,1349,03/24/2024, 06:15:07,540
FROV00001,FrozenEngine,1349,03/24/2024, 07:10:15,540
FROV00001,FrozenEngine,1349,03/24/2024, 08:13:50,540
FROV00001,FrozenEngine,1349,03/24/2024, 09:12:50,540
FROV00001,FrozenEngine,1349,03/24/2024, 10:11:52,540
FROV00001,FrozenEngine,1349,03/24/2024, 11:09:16,540
FROV00001,FrozenEngine,1349,03/24/2024, 12:19:44,540
FROV00001,FrozenEngine,1349,03/24/2024, 13:12:47,540
FROV00001,FrozenEngine,1349,03/24/2024, 14:10:02,540
FROV00001,FrozenEngine,1349,03/24/2024, 15:10:59,540
FROV00001,FrozenEngine,1349,03/24/2024, 16:13:21,540
FROV00001,FrozenEngine,1349,03/24/2024, 17:10:52,540
FROV00001,FrozenEngine,1349,03/24/2024, 18:16:08,540
FROV00001,FrozenEngine,1349,03/24/2024, 19:11:10,540
FROV00001,FrozenEngine,1349,03/24/2024, 20:11:31,540
FROV00001,FrozenEngine,1349,03/24/2024, 21:09:59,540
FROV00001,FrozenEngine,1349,03/24/2024, 22:12:17,540
FROV00001,FrozenEngine,1349,03/24/2024, 23:13:17,540
FROV00001,FrozenEngine,1349,03/25/2024, 00:51:48,540
FROV00001,FrozenEngine,1349,03/25/2024, 01:48:33,540
FROV00001,FrozenEngine,1349,03/25/2024, 02:20:51,540
FROV00001,FrozenEngine,1350,03/25/2024, 03:14:37,540
FROV00001,FrozenEngine,1350,03/25/2024, 04:14:53,540
FROV00001,FrozenEngine,1350,03/25/2024, 05:13:03,540
FROV00001,FrozenEngine,1350,03/25/2024, 06:15:46,540
FROV00001,FrozenEngine,1351,03/25/2024, 07:11:46,540
FROV00001,FrozenEngine,1351,03/25/2024, 08:16:28,540
FROV00001,FrozenEngine,1351,03/25/2024, 09:12:05,540
FROV00001,FrozenEngine,1351,03/25/2024, 10:13:11,540
FROV00001,FrozenEngine,1351,03/25/2024, 11:11:31,540
FROV00001,FrozenEngine,1351,03/25/2024, 12:20:07,540
FROV00001,FrozenEngine,1351,03/25/2024, 13:13:08,540
FROV00001,FrozenEngine,1351,03/25/2024, 14:11:28,540
FROV00001,FrozenEngine,1351,03/25/2024, 15:13:12,540
FROV00001,FrozenEngine,1351,03/25/2024, 16:15:01,540
FROV00001,FrozenEngine,1351,03/25/2024, 17:11:44,540
FROV00001,FrozenEngine,1351,03/25/2024, 18:15:25,540
FROV00001,FrozenEngine,1351,03/25/2024, 19:10:27,540
FROV00001,FrozenEngine,1351,03/25/2024, 20:12:38,540
FROV00001,FrozenEngine,1351,03/25/2024, 21:11:10,540
FROV00001,FrozenEngine,1351,03/25/2024, 22:11:58,540
FROV00001,FrozenEngine,1351,03/25/2024, 23:12:22,540
FROV00001,FrozenEngine,1351,03/26/2024, 00:50:11,540
FROV00001,FrozenEngine,1351,03/26/2024, 01:44:09,540
FROV00001,FrozenEngine,1351,03/26/2024, 02:17:50,540
FROV00001,FrozenEngine,1351,03/26/2024, 03:12:22,540
FROV00001,FrozenEngine,1351,03/26/2024, 04:13:52,540
FROV00001,FrozenEngine,1351,03/26/2024, 05:11:45,540
FROV00001,FrozenEngine,1351,03/26/2024, 06:15:41,540
FROV00001,FrozenEngine,1351,03/26/2024, 07:10:57,540
FROV00001,FrozenEngine,1352,03/26/2024, 08:14:27,540
FROV00001,FrozenEngine,1352,03/26/2024, 09:12:43,540
FROV00001,FrozenEngine,1352,03/26/2024, 10:13:42,540
FROV00001,FrozenEngine,1352,03/26/2024, 11:11:17,540
FROV00001,FrozenEngine,1352,03/26/2024, 12:21:04,540
FROV00001,FrozenEngine,1352,03/26/2024, 13:12:53,540
FROV00001,FrozenEngine,1352,03/26/2024, 14:12:00,540
FROV00001,FrozenEngine,1352,03/26/2024, 15:11:56,540
FROV00001,FrozenEngine,1352,03/26/2024, 16:14:43,540
FROV00001,FrozenEngine,1352,03/26/2024, 17:10:59,540
FROV00001,FrozenEngine,1352,03/26/2024, 18:14:38,540
FROV00001,FrozenEngine,1352,03/26/2024, 19:10:33,540
FROV00001,FrozenEngine,1352,03/26/2024, 20:12:49,540
FROV00001,FrozenEngine,1352,03/26/2024, 21:12:00,540
FROV00001,FrozenEngine,1352,03/26/2024, 22:11:49,540
FROV00001,FrozenEngine,1352,03/26/2024, 23:13:12,540
FROV00001,FrozenEngine,1352,03/27/2024, 00:49:54,540
FROV00001,FrozenEngine,1352,03/27/2024, 01:44:33,540
FROV00001,FrozenEngine,1352,03/27/2024, 02:18:10,540
FROV00001,FrozenEngine,1352,03/27/2024, 03:13:48,540
FROV00001,FrozenEngine,1352,03/27/2024, 04:16:02,540
FROV00001,FrozenEngine,1352,03/27/2024, 05:13:06,540
FROV00001,FrozenEngine,1352,03/27/2024, 06:15:08,540
FROV00001,FrozenEngine,1352,03/27/2024, 07:11:21,540
FROV00001,FrozenEngine,1352,03/27/2024, 08:15:42,540
FROV00001,FrozenEngine,1352,03/27/2024, 09:13:47,540
FROV00001,FrozenEngine,1352,03/27/2024, 10:12:54,540
FROV00001,FrozenEngine,1352,03/27/2024, 11:10:13,540
FROV00001,FrozenEngine,1352,03/27/2024, 12:21:48,540
FROV00001,FrozenEngine,1352,03/27/2024, 13:12:29,540
FROV00001,FrozenEngine,1352,03/27/2024, 14:12:15,540
FROV00001,FrozenEngine,1352,03/27/2024, 15:13:14,540
FROV00001,FrozenEngine,1352,03/27/2024, 16:15:26,540
FROV00001,FrozenEngine,1352,03/27/2024, 17:10:27,540
FROV00001,FrozenEngine,1352,03/27/2024, 18:15:33,540
FROV00001,FrozenEngine,1352,03/27/2024, 19:09:56,540
FROV00001,FrozenEngine,1352,03/27/2024, 20:13:02,540
FROV00001,FrozenEngine,1352,03/27/2024, 21:10:37,540
FROV00001,FrozenEngine,1352,03/27/2024, 22:12:49,540
FROV00001,FrozenEngine,1352,03/27/2024, 23:11:32,540
FROV00001,FrozenEngine,1352,03/28/2024, 00:50:40,540
FROV00001,FrozenEngine,1352,03/28/2024, 01:44:32,540
FROV00001,FrozenEngine,1352,03/28/2024, 02:21:54,540
FROV00001,FrozenEngine,1352,03/28/2024, 03:12:28,540
FROV00001,FrozenEngine,1352,03/28/2024, 04:13:39,540
FROV00001,FrozenEngine,1352,03/28/2024, 05:13:42,540
FROV00001,FrozenEngine,1352,03/28/2024, 06:15:21,540
FROV00001,FrozenEngine,1352,03/28/2024, 07:11:05,540
FROV00001,FrozenEngine,1352,03/28/2024, 08:14:42,540
FROV00001,FrozenEngine,1352,03/28/2024, 09:12:54,540
FROV00001,FrozenEngine,1352,03/28/2024, 10:12:36,540
FROV00001,FrozenEngine,1352,03/28/2024, 11:10:53,540
FROV00001,FrozenEngine,1352,03/28/2024, 12:21:19,540
FROV00001,FrozenEngine,1352,03/28/2024, 13:12:50,540
FROV00001,FrozenEngine,1352,03/28/2024, 14:12:29,540
FROV00001,FrozenEngine,1352,03/28/2024, 15:13:03,540
FROV00001,FrozenEngine,1352,03/28/2024, 16:14:18,540
FROV00001,FrozenEngine,1352,03/28/2024, 17:12:38,540
FROV00001,FrozenEngine,1352,03/28/2024, 18:14:42,540
FROV00001,FrozenEngine,1352,03/28/2024, 19:09:06,540
FROV00001,FrozenEngine,1352,03/28/2024, 20:13:21,540
FROV00001,FrozenEngine,1352,03/28/2024, 21:11:55,540
FROV00001,FrozenEngine,1352,03/28/2024, 22:11:33,540
FROV00001,FrozenEngine,1352,03/28/2024, 23:12:13,540
FROV00001,FrozenEngine,1352,03/29/2024, 00:50:45,540
FROV00001,FrozenEngine,1352,03/29/2024, 01:44:02,540
FROV00001,FrozenEngine,1352,03/29/2024, 02:18:03,540
FROV00001,FrozenEngine,1352,03/29/2024, 03:12:29,540
FROV00001,FrozenEngine,1352,03/29/2024, 04:15:08,540
FROV00001,FrozenEngine,1352,03/29/2024, 05:12:34,540
FROV00001,FrozenEngine,1352,03/29/2024, 06:14:54,540
FROV00001,FrozenEngine,1352,03/29/2024, 07:12:51,540
FROV00001,FrozenEngine,1352,03/29/2024, 08:14:49,540
FROV00001,FrozenEngine,1352,03/29/2024, 09:11:35,540
FROV00001,FrozenEngine,1352,03/29/2024, 10:12:56,540
FROV00001,FrozenEngine,1352,03/29/2024, 11:11:48,540
FROV00001,FrozenEngine,1352,03/29/2024, 12:21:11,540
FROV00001,FrozenEngine,1352,03/29/2024, 13:12:43,540
FROV00001,FrozenEngine,1352,03/29/2024, 14:10:48,540
FROV00001,FrozenEngine,1352,03/29/2024, 15:11:51,540
FROV00001,FrozenEngine,1352,03/29/2024, 16:13:30,540
FROV00001,FrozenEngine,1352,03/29/2024, 17:11:09,540
FROV00001,FrozenEngine,1352,03/29/2024, 18:14:28,540
FROV00001,FrozenEngine,1352,03/29/2024, 19:10:20,540
FROV00001,FrozenEngine,1352,03/29/2024, 20:13:00,540
FROV00001,FrozenEngine,1352,03/29/2024, 21:11:18,540
FROV00001,FrozenEngine,1352,03/29/2024, 22:11:34,540
FROV00001,FrozenEngine,1352,03/29/2024, 23:11:24,540
FROV00001,FrozenEngine,1352,03/30/2024, 00:48:25,540
FROV00001,FrozenEngine,1352,03/30/2024, 01:41:05,540
FROV00001,FrozenEngine,1352,03/30/2024, 02:15:41,540
FROV00001,FrozenEngine,1352,03/30/2024, 03:15:45,540
FROV00001,FrozenEngine,1352,03/30/2024, 04:13:23,540
FROV00001,FrozenEngine,1352,03/30/2024, 05:12:33,540
FROV00001,FrozenEngine,1352,03/30/2024, 06:14:23,540
FROV00001,FrozenEngine,1352,03/30/2024, 07:11:34,540
FROV00001,FrozenEngine,1352,03/30/2024, 08:15:10,540
FROV00001,FrozenEngine,1352,03/30/2024, 09:10:45,540
FROV00001,FrozenEngine,1352,03/30/2024, 10:12:21,540
FROV00001,FrozenEngine,1352,03/30/2024, 11:10:35,540
FROV00001,FrozenEngine,1352,03/30/2024, 12:18:46,540
FROV00001,FrozenEngine,1352,03/30/2024, 13:13:29,540
FROV00001,FrozenEngine,1352,03/30/2024, 14:09:47,540
FROV00001,FrozenEngine,1352,03/30/2024, 15:12:32,540
FROV00001,FrozenEngine,1352,03/30/2024, 16:14:20,540
FROV00001,FrozenEngine,1352,03/30/2024, 17:09:39,540
FROV00001,FrozenEngine,1352,03/30/2024, 18:15:26,540
FROV00001,FrozenEngine,1352,03/30/2024, 19:10:06,540
FROV00001,FrozenEngine,1352,03/30/2024, 20:11:23,540
FROV00001,FrozenEngine,1352,03/30/2024, 21:10:12,540
FROV00001,FrozenEngine,1352,03/30/2024, 22:11:41,540
FROV00001,FrozenEngine,1352,03/30/2024, 23:10:50,540
FROV00001,FrozenEngine,1352,03/31/2024, 00:55:34,540
FROV00001,FrozenEngine,1352,03/31/2024, 01:53:37,540
FROV00001,FrozenEngine,1352,03/31/2024, 02:22:01,540
FROV00001,FrozenEngine,1352,03/31/2024, 03:13:05,540
FROV00001,FrozenEngine,1352,03/31/2024, 04:15:25,540
FROV00001,FrozenEngine,1352,03/31/2024, 05:11:55,540
FROV00001,FrozenEngine,1352,03/31/2024, 06:14:13,540
FROV00001,FrozenEngine,1352,03/31/2024, 07:11:47,540
FROV00001,FrozenEngine,1352,03/31/2024, 08:14:51,540
FROV00001,FrozenEngine,1352,03/31/2024, 09:11:51,540
FROV00001,FrozenEngine,1352,03/31/2024, 10:12:19,540
FROV00001,FrozenEngine,1352,03/31/2024, 11:10:24,540
FROV00001,FrozenEngine,1352,03/31/2024, 12:19:22,540
FROV00001,FrozenEngine,1352,03/31/2024, 13:13:23,540
FROV00001,FrozenEngine,1352,03/31/2024, 14:09:52,540
FROV00001,FrozenEngine,1352,03/31/2024, 15:10:57,540
FROV00001,FrozenEngine,1352,03/31/2024, 16:13:04,540
FROV00001,FrozenEngine,1352,03/31/2024, 17:11:00,540
FROV00001,FrozenEngine,1352,03/31/2024, 18:13:38,540
FROV00001,FrozenEngine,1352,03/31/2024, 19:10:20,540
FROV00001,FrozenEngine,1352,03/31/2024, 20:12:47,540
FROV00001,FrozenEngine,1352,03/31/2024, 21:10:08,540
FROV00001,FrozenEngine,1352,03/31/2024, 22:11:16,540
FROV00001,FrozenEngine,1352,03/31/2024, 23:11:27,540
FROV00001,FrozenEngine,1352,04/01/2024, 00:55:38,540
FROV00001,FrozenEngine,1352,04/01/2024, 01:57:48,540
FROV00001,FrozenEngine,1352,04/01/2024, 02:27:57,540
FROV00001,FrozenEngine,1352,04/01/2024, 03:12:58,540
FROV00001,FrozenEngine,1352,04/01/2024, 04:14:39,540
FROV00001,FrozenEngine,1352,04/01/2024, 05:12:48,540
FROV00001,FrozenEngine,1352,04/01/2024, 06:15:49,540
FROV00001,FrozenEngine,1352,04/01/2024, 07:11:30,540
FROV00001,FrozenEngine,1352,04/01/2024, 08:16:55,540
FROV00001,FrozenEngine,1352,04/01/2024, 09:13:57,540
FROV00001,FrozenEngine,1352,04/01/2024, 10:13:45,540
FROV00001,FrozenEngine,1352,04/01/2024, 11:12:07,540
FROV00001,FrozenEngine,1352,04/01/2024, 12:21:52,540
FROV00001,FrozenEngine,1352,04/01/2024, 13:12:34,540
FROV00001,FrozenEngine,1352,04/01/2024, 14:11:32,540
FROV00001,FrozenEngine,1352,04/01/2024, 15:12:11,540
FROV00001,FrozenEngine,1352,04/01/2024, 16:15:39,540
FROV00001,FrozenEngine,1352,04/01/2024, 17:13:07,540
FROV00001,FrozenEngine,1352,04/01/2024, 18:14:36,540
FROV00001,FrozenEngine,1352,04/01/2024, 19:09:38,540
FROV00001,FrozenEngine,1352,04/01/2024, 20:13:13,540
FROV00001,FrozenEngine,1352,04/01/2024, 21:11:32,540
FROV00001,FrozenEngine,1352,04/01/2024, 22:11:57,540
FROV00001,FrozenEngine,1352,04/01/2024, 23:13:33,540
FROV00001,FrozenEngine,1352,04/02/2024, 00:53:03,540
FROV00001,FrozenEngine,1352,04/02/2024, 01:52:40,540
FROV00001,FrozenEngine,1352,04/02/2024, 02:21:48,540
FROV00001,FrozenEngine,1352,04/02/2024, 03:14:37,540
FROV00001,FrozenEngine,1352,04/02/2024, 04:14:16,540
FROV00001,FrozenEngine,1352,04/02/2024, 05:11:22,540
FROV00001,FrozenEngine,1352,04/02/2024, 06:15:34,540
FROV00001,FrozenEngine,1352,04/02/2024, 07:13:42,540
FROV00001,FrozenEngine,1352,04/02/2024, 08:15:22,540
FROV00001,FrozenEngine,1352,04/02/2024, 09:12:57,540
FROV00001,FrozenEngine,1352,04/02/2024, 10:13:32,540
FROV00001,FrozenEngine,1352,04/02/2024, 11:10:56,540
FROV00001,FrozenEngine,1352,04/02/2024, 12:20:57,540
FROV00001,FrozenEngine,1352,04/02/2024, 13:13:02,540
FROV00001,FrozenEngine,1352,04/02/2024, 14:11:14,540
FROV00001,FrozenEngine,1352,04/02/2024, 15:11:46,540
FROV00001,FrozenEngine,1352,04/02/2024, 16:15:01,540
FROV00001,FrozenEngine,1352,04/02/2024, 17:13:17,540
FROV00001,FrozenEngine,1352,04/02/2024, 18:14:37,540
FROV00001,FrozenEngine,1352,04/02/2024, 19:10:07,540
FROV00001,FrozenEngine,1352,04/02/2024, 20:11:56,540
FROV00001,FrozenEngine,1352,04/02/2024, 21:11:06,540
FROV00001,FrozenEngine,1352,04/02/2024, 22:13:44,540
FROV00001,FrozenEngine,1352,04/02/2024, 23:13:15,540
FROV00001,FrozenEngine,1352,04/03/2024, 00:50:06,540
FROV00001,FrozenEngine,1352,04/03/2024, 01:46:30,540
FROV00001,FrozenEngine,1352,04/03/2024, 02:19:56,540
FROV00001,FrozenEngine,1352,04/03/2024, 03:13:43,540
FROV00001,FrozenEngine,1352,04/03/2024, 04:14:54,540
FROV00001,FrozenEngine,1352,04/03/2024, 05:12:27,540
FROV00001,FrozenEngine,1352,04/03/2024, 06:15:07,540
FROV00001,FrozenEngine,1352,04/03/2024, 07:11:40,540
FROV00001,FrozenEngine,1352,04/03/2024, 08:15:32,540
FROV00001,FrozenEngine,1352,04/03/2024, 09:12:44,540
FROV00001,FrozenEngine,1352,04/03/2024, 10:13:16,540
FROV00001,FrozenEngine,1352,04/03/2024, 11:10:21,540
FROV00001,FrozenEngine,1352,04/03/2024, 12:20:29,540
FROV00001,FrozenEngine,1352,04/03/2024, 13:14:22,540
FROV00001,FrozenEngine,1352,04/03/2024, 14:11:32,540
FROV00001,FrozenEngine,1352,04/03/2024, 15:11:58,540
FROV00001,FrozenEngine,1352,04/03/2024, 16:13:58,540
FROV00001,FrozenEngine,1352,04/03/2024, 17:10:53,540
FROV00001,FrozenEngine,1352,04/03/2024, 18:15:02,540
FROV00001,FrozenEngine,1352,04/03/2024, 19:11:42,540
FROV00001,FrozenEngine,1352,04/03/2024, 20:13:58,540
FROV00001,FrozenEngine,1352,04/03/2024, 21:11:44,540
FROV00001,FrozenEngine,1352,04/03/2024, 22:10:48,540
FROV00001,FrozenEngine,1352,04/03/2024, 23:11:44,540
FROV00001,FrozenEngine,1352,04/04/2024, 00:52:21,540
FROV00001,FrozenEngine,1352,04/04/2024, 01:48:26,540
FROV00001,FrozenEngine,1352,04/04/2024, 02:21:53,540
FROV00001,FrozenEngine,1352,04/04/2024, 03:14:19,540
FROV00001,FrozenEngine,1352,04/04/2024, 04:15:42,540
FROV00001,FrozenEngine,1352,04/04/2024, 05:14:17,540
FROV00001,FrozenEngine,1352,04/04/2024, 06:15:06,540
FROV00001,FrozenEngine,1352,04/04/2024, 07:11:47,540
FROV00001,FrozenEngine,1352,04/04/2024, 08:15:39,540
FROV00001,FrozenEngine,1352,04/04/2024, 09:12:27,540
FROV00001,FrozenEngine,1352,04/04/2024, 10:12:37,540
FROV00001,FrozenEngine,1352,04/04/2024, 11:10:04,540
FROV00001,FrozenEngine,1352,04/04/2024, 12:20:51,540
FROV00001,FrozenEngine,1352,04/04/2024, 13:12:33,540
FROV00001,FrozenEngine,1352,04/04/2024, 14:12:59,540
FROV00001,FrozenEngine,1352,04/04/2024, 15:12:17,540
FROV00001,FrozenEngine,1352,04/04/2024, 16:14:42,540
FROV00001,FrozenEngine,1352,04/04/2024, 17:10:27,540
FROV00001,FrozenEngine,1352,04/04/2024, 18:15:16,540
FROV00001,FrozenEngine,1352,04/04/2024, 19:11:01,540
FROV00001,FrozenEngine,1352,04/04/2024, 20:13:01,540
FROV00001,FrozenEngine,1352,04/04/2024, 21:11:01,540
FROV00001,FrozenEngine,1352,04/04/2024, 22:11:00,540
FROV00001,FrozenEngine,1352,04/04/2024, 23:12:39,540
FROV00001,FrozenEngine,1352,04/05/2024, 00:51:20,540
FROV00001,FrozenEngine,1352,04/05/2024, 01:45:48,540
FROV00001,FrozenEngine,1352,04/05/2024, 02:19:19,540
FROV00001,FrozenEngine,1352,04/05/2024, 03:14:11,540
FROV00001,FrozenEngine,1352,04/05/2024, 04:16:50,540
FROV00001,FrozenEngine,1352,04/05/2024, 05:11:48,540
FROV00001,FrozenEngine,1352,04/05/2024, 06:15:33,540
FROV00001,FrozenEngine,1352,04/05/2024, 07:11:33,540
FROV00001,FrozenEngine,1352,04/05/2024, 08:14:47,540
FROV00001,FrozenEngine,1352,04/05/2024, 09:11:55,540
FROV00001,FrozenEngine,1352,04/05/2024, 10:13:49,540
FROV00001,FrozenEngine,1352,04/05/2024, 11:10:35,540
FROV00001,FrozenEngine,1352,04/05/2024, 12:19:58,540
FROV00001,FrozenEngine,1352,04/05/2024, 13:13:31,540
FROV00001,FrozenEngine,1352,04/05/2024, 14:13:13,540
FROV00001,FrozenEngine,1352,04/05/2024, 15:16:51,540
FROV00001,FrozenEngine,1352,04/05/2024, 16:16:03,540
FROV00001,FrozenEngine,1352,04/05/2024, 17:10:30,540
FROV00001,FrozenEngine,1352,04/05/2024, 18:14:43,540
FROV00001,FrozenEngine,1352,04/05/2024, 19:11:22,540
FROV00001,FrozenEngine,1352,04/05/2024, 20:12:51,540
FROV00001,FrozenEngine,1352,04/05/2024, 21:11:35,540
FROV00001,FrozenEngine,1352,04/05/2024, 22:11:45,540
FROV00001,FrozenEngine,1352,04/05/2024, 23:13:09,540
FROV00001,FrozenEngine,1352,04/06/2024, 00:49:18,540
FROV00001,FrozenEngine,1352,04/06/2024, 01:42:59,540
FROV00001,FrozenEngine,1352,04/06/2024, 02:17:52,540
FROV00001,FrozenEngine,1352,04/06/2024, 03:13:21,540
FROV00001,FrozenEngine,1352,04/06/2024, 04:15:12,540
FROV00001,FrozenEngine,1352,04/06/2024, 05:12:11,540
FROV00001,FrozenEngine,1352,04/06/2024, 06:14:51,540
FROV00001,FrozenEngine,1352,04/06/2024, 07:11:18,540
FROV00001,FrozenEngine,1352,04/06/2024, 08:14:37,540
FROV00001,FrozenEngine,1352,04/06/2024, 09:12:05,540
FROV00001,FrozenEngine,1352,04/06/2024, 10:12:14,540
FROV00001,FrozenEngine,1352,04/06/2024, 11:09:41,540
FROV00001,FrozenEngine,1352,04/06/2024, 12:20:11,540
FROV00001,FrozenEngine,1352,04/06/2024, 13:13:25,540
FROV00001,FrozenEngine,1352,04/06/2024, 14:09:53,540
FROV00001,FrozenEngine,1352,04/06/2024, 15:11:35,540
FROV00001,FrozenEngine,1352,04/06/2024, 16:14:25,540
FROV00001,FrozenEngine,1352,04/06/2024, 17:11:47,540
FROV00001,FrozenEngine,1352,04/06/2024, 18:14:08,540
FROV00001,FrozenEngine,1352,04/06/2024, 19:09:28,540
FROV00001,FrozenEngine,1352,04/06/2024, 20:13:24,540
FROV00001,FrozenEngine,1352,04/06/2024, 21:11:18,540
FROV00001,FrozenEngine,1353,04/06/2024, 22:10:29,540
FROV00001,FrozenEngine,1353,04/06/2024, 23:11:53,540
FROV00001,FrozenEngine,1353,04/07/2024, 00:55:38,540
FROV00001,FrozenEngine,1353,04/07/2024, 01:53:49,540
FROV00001,FrozenEngine,1353,04/07/2024, 02:22:51,540
FROV00001,FrozenEngine,1353,04/07/2024, 03:13:00,540
FROV00001,FrozenEngine,1353,04/07/2024, 04:16:09,540
FROV00001,FrozenEngine,1353,04/07/2024, 05:13:33,540
FROV00001,FrozenEngine,1353,04/07/2024, 06:14:13,540
FROV00001,FrozenEngine,1353,04/07/2024, 07:10:33,540
FROV00001,FrozenEngine,1353,04/07/2024, 08:16:02,540
FROV00001,FrozenEngine,1353,04/07/2024, 09:12:11,540
FROV00001,FrozenEngine,1353,04/07/2024, 10:11:22,540
FROV00001,FrozenEngine,1353,04/07/2024, 11:10:56,540
FROV00001,FrozenEngine,1353,04/07/2024, 12:19:03,540
FROV00001,FrozenEngine,1353,04/07/2024, 13:14:07,540
FROV00001,FrozenEngine,1353,04/07/2024, 14:11:10,540
FROV00001,FrozenEngine,1353,04/07/2024, 15:12:12,540
FROV00001,FrozenEngine,1353,04/07/2024, 16:13:09,540
FROV00001,FrozenEngine,1353,04/07/2024, 17:10:54,540
FROV00001,FrozenEngine,1353,04/07/2024, 18:13:57,540
FROV00001,FrozenEngine,1353,04/07/2024, 19:09:31,540
FROV00001,FrozenEngine,1353,04/07/2024, 20:11:44,540
FROV00001,FrozenEngine,1353,04/07/2024, 21:11:27,540
FROV00001,FrozenEngine,1353,04/07/2024, 22:10:49,540
FROV00001,FrozenEngine,1353,04/07/2024, 23:12:11,540
FROV00001,FrozenEngine,1353,04/08/2024, 00:52:10,540
FROV00001,FrozenEngine,1353,04/08/2024, 01:49:45,540
FROV00001,FrozenEngine,1353,04/08/2024, 02:21:53,540
FROV00001,FrozenEngine,1353,04/08/2024, 03:13:36,540
FROV00001,FrozenEngine,1353,04/08/2024, 04:14:51,540
FROV00001,FrozenEngine,1353,04/08/2024, 05:12:09,540
FROV00001,FrozenEngine,1353,04/08/2024, 06:16:11,540
FROV00001,FrozenEngine,1353,04/08/2024, 07:13:17,540
FROV00001,FrozenEngine,1353,04/08/2024, 08:15:32,540
FROV00001,FrozenEngine,1353,04/08/2024, 09:13:42,540
FROV00001,FrozenEngine,1353,04/08/2024, 10:14:54,540
FROV00001,FrozenEngine,1353,04/08/2024, 11:10:55,540
FROV00001,FrozenEngine,1353,04/08/2024, 12:20:39,540
FROV00001,FrozenEngine,1353,04/08/2024, 13:12:53,540
FROV00001,FrozenEngine,1353,04/08/2024, 14:12:22,540
FROV00001,FrozenEngine,1353,04/08/2024, 15:11:38,540
FROV00001,FrozenEngine,1353,04/08/2024, 16:16:54,540
FROV00001,FrozenEngine,1353,04/08/2024, 17:12:38,540
FROV00001,FrozenEngine,1353,04/08/2024, 18:15:37,540
FROV00001,FrozenEngine,1353,04/08/2024, 19:10:31,540
FROV00001,FrozenEngine,1353,04/08/2024, 20:15:04,540
FROV00001,FrozenEngine,1353,04/08/2024, 21:10:52,540
FROV00001,FrozenEngine,1353,04/08/2024, 22:13:05,540
FROV00001,FrozenEngine,1353,04/08/2024, 23:12:17,540
FROV00001,FrozenEngine,1353,04/09/2024, 00:51:01,540
FROV00001,FrozenEngine,1353,04/09/2024, 01:46:33,540
FROV00001,FrozenEngine,1353,04/09/2024, 02:20:05,540
FROV00001,FrozenEngine,1353,04/09/2024, 03:14:41,540
FROV00001,FrozenEngine,1353,04/09/2024, 04:15:47,540
FROV00001,FrozenEngine,1354,04/09/2024, 05:11:45,540
FROV00001,FrozenEngine,1354,04/09/2024, 06:15:40,540
FROV00001,FrozenEngine,1354,04/09/2024, 07:13:19,540
FROV00001,FrozenEngine,1354,04/09/2024, 08:14:58,540
FROV00001,FrozenEngine,1354,04/09/2024, 09:12:42,540
FROV00001,FrozenEngine,1354,04/09/2024, 10:15:00,540
FROV00001,FrozenEngine,1354,04/09/2024, 11:10:17,540
FROV00001,FrozenEngine,1354,04/09/2024, 12:21:15,540
FROV00001,FrozenEngine,1354,04/09/2024, 13:12:32,540
FROV00001,FrozenEngine,1354,04/09/2024, 14:11:33,540
FROV00001,FrozenEngine,1354,04/09/2024, 15:12:12,540
FROV00001,FrozenEngine,1354,04/09/2024, 16:13:46,540
FROV00001,FrozenEngine,1354,04/09/2024, 17:11:22,540
FROV00001,FrozenEngine,1354,04/09/2024, 18:14:25,540
FROV00001,FrozenEngine,1354,04/09/2024, 19:09:14,540
FROV00001,FrozenEngine,1354,04/09/2024, 20:11:50,540
FROV00001,FrozenEngine,1354,04/09/2024, 21:12:17,540
FROV00001,FrozenEngine,1354,04/09/2024, 22:10:51,540
FROV00001,FrozenEngine,1354,04/09/2024, 23:12:35,540
FROV00001,FrozenEngine,1354,04/10/2024, 00:50:55,540
FROV00001,FrozenEngine,1354,04/10/2024, 01:46:07,540
FROV00001,FrozenEngine,1354,04/10/2024, 02:20:18,540
FROV00001,FrozenEngine,1354,04/10/2024, 03:14:15,540
FROV00001,FrozenEngine,1354,04/10/2024, 04:14:08,540
FROV00001,FrozenEngine,1354,04/10/2024, 05:11:36,540
FROV00001,FrozenEngine,1354,04/10/2024, 06:15:58,540
FROV00001,FrozenEngine,1354,04/10/2024, 07:13:06,540
FROV00001,FrozenEngine,1354,04/10/2024, 08:17:24,540
FROV00001,FrozenEngine,1354,04/10/2024, 09:14:03,540
FROV00001,FrozenEngine,1354,04/10/2024, 10:12:25,540
FROV00001,FrozenEngine,1354,04/10/2024, 11:13:03,540
FROV00001,FrozenEngine,1354,04/10/2024, 12:20:40,540
FROV00001,FrozenEngine,1354,04/10/2024, 13:13:21,540
FROV00001,FrozenEngine,1354,04/10/2024, 14:11:14,540
FROV00001,FrozenEngine,1354,04/10/2024, 15:12:25,540
FROV00001,FrozenEngine,1354,04/10/2024, 16:16:50,540
FROV00001,FrozenEngine,1354,04/10/2024, 17:10:46,540
FROV00001,FrozenEngine,1354,04/10/2024, 18:16:18,540
FROV00001,FrozenEngine,1354,04/10/2024, 19:11:17,540
FROV00001,FrozenEngine,1354,04/10/2024, 20:13:10,540
FROV00001,FrozenEngine,1354,04/10/2024, 21:11:44,540
FROV00001,FrozenEngine,1354,04/10/2024, 22:13:37,540
FROV00001,FrozenEngine,1354,04/10/2024, 23:12:57,540
FROV00001,FrozenEngine,1354,04/11/2024, 00:51:39,540
FROV00001,FrozenEngine,1354,04/11/2024, 01:49:37,540
FROV00001,FrozenEngine,1354,04/11/2024, 02:21:43,540
FROV00001,FrozenEngine,1354,04/11/2024, 03:12:39,540
FROV00001,FrozenEngine,1355,04/11/2024, 04:13:51,540
FROV00001,FrozenEngine,1355,04/11/2024, 05:12:19,540
FROV00001,FrozenEngine,1355,04/11/2024, 06:15:29,540
FROV00001,FrozenEngine,1355,04/11/2024, 07:12:49,540
FROV00001,FrozenEngine,1355,04/11/2024, 08:15:08,540
FROV00001,FrozenEngine,1355,04/11/2024, 09:12:55,540
FROV00001,FrozenEngine,1355,04/11/2024, 10:13:29,540
FROV00001,FrozenEngine,1355,04/11/2024, 11:11:25,540
FROV00001,FrozenEngine,1355,04/11/2024, 12:20:44,540
FROV00001,FrozenEngine,1355,04/11/2024, 13:12:43,540
FROV00001,FrozenEngine,1355,04/11/2024, 14:11:19,540
FROV00001,FrozenEngine,1355,04/11/2024, 15:12:40,540
FROV00001,FrozenEngine,1355,04/11/2024, 16:12:51,540
FROV00001,FrozenEngine,1355,04/11/2024, 17:12:16,540
FROV00001,FrozenEngine,1355,04/11/2024, 18:14:30,540
FROV00001,FrozenEngine,1355,04/11/2024, 19:10:09,540
FROV00001,FrozenEngine,1355,04/11/2024, 20:12:10,540
FROV00001,FrozenEngine,1355,04/11/2024, 21:11:45,540
FROV00001,FrozenEngine,1355,04/11/2024, 22:11:19,540
FROV00001,FrozenEngine,1355,04/11/2024, 23:13:18,540
FROV00001,FrozenEngine,1355,04/12/2024, 00:51:40,540
FROV00001,FrozenEngine,1355,04/12/2024, 01:47:46,540
FROV00001,FrozenEngine,1355,04/12/2024, 02:23:25,540
FROV00001,FrozenEngine,1355,04/12/2024, 03:13:39,540
FROV00001,FrozenEngine,1355,04/12/2024, 04:14:10,540
FROV00001,FrozenEngine,1355,04/12/2024, 05:12:39,540
FROV00001,FrozenEngine,1355,04/12/2024, 06:15:53,540
FROV00001,FrozenEngine,1355,04/12/2024, 07:13:52,540
FROV00001,FrozenEngine,1355,04/12/2024, 08:14:50,540
FROV00001,FrozenEngine,1355,04/12/2024, 09:12:56,540
FROV00001,FrozenEngine,1355,04/12/2024, 10:13:10,540
FROV00001,FrozenEngine,1355,04/12/2024, 11:12:56,540
FROV00001,FrozenEngine,1355,04/12/2024, 12:20:48,540
FROV00001,FrozenEngine,1355,04/12/2024, 13:12:29,540
FROV00001,FrozenEngine,1355,04/12/2024, 14:11:36,540
FROV00001,FrozenEngine,1355,04/12/2024, 15:11:37,540
FROV00001,FrozenEngine,1355,04/12/2024, 16:14:11,540
FROV00001,FrozenEngine,1355,04/12/2024, 17:12:51,540
FROV00001,FrozenEngine,1355,04/12/2024, 18:13:06,540
FROV00001,FrozenEngine,1355,04/12/2024, 19:10:20,540
FROV00001,FrozenEngine,1355,04/12/2024, 20:12:17,540
FROV00001,FrozenEngine,1355,04/12/2024, 21:11:34,540
FROV00001,FrozenEngine,1355,04/12/2024, 22:10:27,540
FROV00001,FrozenEngine,1355,04/12/2024, 23:09:30,540
FROV00001,FrozenEngine,1355,04/13/2024, 00:42:43,540
FROV00001,FrozenEngine,1355,04/13/2024, 01:31:33,540
FROV00001,FrozenEngine,1355,04/13/2024, 02:11:20,540
FROV00001,FrozenEngine,1355,04/13/2024, 03:10:40,540
FROV00001,FrozenEngine,1355,04/13/2024, 04:13:38,540
FROV00001,FrozenEngine,1355,04/13/2024, 05:14:45,540
FROV00001,FrozenEngine,1356,04/13/2024, 06:12:07,540
FROV00001,FrozenEngine,1356,04/13/2024, 07:12:03,540
FROV00001,FrozenEngine,1356,04/13/2024, 08:11:45,540
FROV00001,FrozenEngine,1356,04/13/2024, 09:10:30,540
FROV00001,FrozenEngine,1356,04/13/2024, 10:10:30,540
FROV00001,FrozenEngine,1356,04/13/2024, 11:09:06,540
FROV00001,FrozenEngine,1356,04/13/2024, 12:17:07,540
FROV00001,FrozenEngine,1356,04/13/2024, 13:11:41,540
FROV00001,FrozenEngine,1356,04/13/2024, 14:11:33,540
FROV00001,FrozenEngine,1356,04/13/2024, 15:09:10,540
FROV00001,FrozenEngine,1356,04/13/2024, 16:14:14,540
FROV00001,FrozenEngine,1356,04/13/2024, 17:08:23,540
FROV00001,FrozenEngine,1356,04/13/2024, 18:11:53,540
FROV00001,FrozenEngine,1356,04/13/2024, 19:08:55,540
FROV00001,FrozenEngine,1356,04/13/2024, 20:10:45,540
FROV00001,FrozenEngine,1356,04/13/2024, 21:09:59,540
FROV00001,FrozenEngine,1356,04/13/2024, 22:10:43,540
FROV00001,FrozenEngine,1356,04/13/2024, 23:12:14,540
FROV00001,FrozenEngine,1356,04/14/2024, 01:06:46,540
FROV00001,FrozenEngine,1356,04/14/2024, 03:14:50,540
FROV00001,FrozenEngine,1356,04/14/2024, 04:36:16,540
FROV00001,FrozenEngine,1356,04/14/2024, 05:57:40,540
FROV00001,FrozenEngine,1356,04/14/2024, 07:55:07,540
FROV00001,FrozenEngine,1356,04/14/2024, 10:39:56,540
FROV00001,FrozenEngine,1356,04/14/2024, 14:28:49,540
FROV00001,FrozenEngine,1356,04/14/2024, 22:04:10,540
FROV00001,FrozenEngine,1356,04/14/2024, 23:59:12,540
FROV00001,FrozenEngine,1356,04/15/2024, 03:27:36,540
FROV00001,FrozenEngine,1356,04/15/2024, 04:28:22,540
FROV00001,FrozenEngine,1356,04/15/2024, 05:11:21,540
FROV00001,FrozenEngine,1356,04/15/2024, 06:17:00,540
FROV00001,FrozenEngine,1356,04/15/2024, 07:10:06,540
FROV00001,FrozenEngine,1356,04/15/2024, 08:13:00,540
FROV00001,FrozenEngine,1356,04/15/2024, 09:11:46,540
FROV00001,FrozenEngine,1356,04/15/2024, 10:11:44,540
FROV00001,FrozenEngine,1356,04/15/2024, 11:09:14,540
FROV00001,FrozenEngine,1356,04/15/2024, 12:21:54,540
FROV00001,FrozenEngine,1356,04/15/2024, 13:13:50,540
FROV00001,FrozenEngine,1356,04/15/2024, 14:10:54,540
FROV00001,FrozenEngine,1356,04/15/2024, 15:13:09,540
FROV00001,FrozenEngine,1356,04/15/2024, 16:14:42,540
FROV00001,FrozenEngine,1356,04/15/2024, 17:10:41,540
FROV00001,FrozenEngine,1356,04/15/2024, 18:14:54,540
FROV00001,FrozenEngine,1356,04/15/2024, 19:10:53,540
FROV00001,FrozenEngine,1356,04/15/2024, 20:12:14,540
FROV00001,FrozenEngine,1356,04/15/2024, 21:12:43,540
FROV00001,FrozenEngine,1356,04/15/2024, 22:10:52,540
FROV00001,FrozenEngine,1356,04/15/2024, 23:11:37,540
FROV00001,FrozenEngine,1356,04/16/2024, 00:50:53,540
FROV00001,FrozenEngine,1356,04/16/2024, 01:47:43,540
FROV00001,FrozenEngine,1356,04/16/2024, 02:19:54,540
FROV00001,FrozenEngine,1356,04/16/2024, 03:13:59,540
FROV00001,FrozenEngine,1356,04/16/2024, 04:14:33,540
FROV00001,FrozenEngine,1356,04/16/2024, 05:12:49,540
FROV00001,FrozenEngine,1356,04/16/2024, 06:15:32,540
FROV00001,FrozenEngine,1356,04/16/2024, 07:14:00,540
FROV00001,FrozenEngine,1356,04/16/2024, 08:15:06,540
FROV00001,FrozenEngine,1356,04/16/2024, 09:12:46,540
FROV00001,FrozenEngine,1356,04/16/2024, 10:12:57,540
FROV00001,FrozenEngine,1356,04/16/2024, 11:10:40,540
FROV00001,FrozenEngine,1356,04/16/2024, 12:20:38,540
FROV00001,FrozenEngine,1356,04/16/2024, 13:12:45,540
FROV00001,FrozenEngine,1356,04/16/2024, 14:12:14,540
FROV00001,FrozenEngine,1356,04/16/2024, 15:12:34,540
FROV00001,FrozenEngine,1356,04/16/2024, 16:15:03,540
FROV00001,FrozenEngine,1356,04/16/2024, 17:11:48,540
FROV00001,FrozenEngine,1356,04/16/2024, 18:14:46,540
FROV00001,FrozenEngine,1356,04/16/2024, 19:09:47,540
FROV00001,FrozenEngine,1356,04/16/2024, 20:12:22,540
FROV00001,FrozenEngine,1356,04/16/2024, 21:11:56,540
FROV00001,FrozenEngine,1356,04/16/2024, 22:11:55,540
FROV00001,FrozenEngine,1356,04/16/2024, 23:12:36,540
FROV00001,FrozenEngine,1356,04/17/2024, 00:51:47,540
FROV00001,FrozenEngine,1356,04/17/2024, 01:49:34,540
FROV00001,FrozenEngine,1356,04/17/2024, 02:22:06,540
FROV00001,FrozenEngine,1356,04/17/2024, 03:12:47,540
FROV00001,FrozenEngine,1356,04/17/2024, 04:15:38,540
FROV00001,FrozenEngine,1356,04/17/2024, 05:12:04,540
FROV00001,FrozenEngine,1356,04/17/2024, 06:17:59,540
FROV00001,FrozenEngine,1356,04/17/2024, 07:12:28,540
FROV00001,FrozenEngine,1356,04/17/2024, 08:14:52,540
FROV00001,FrozenEngine,1356,04/17/2024, 09:13:29,540
FROV00001,FrozenEngine,1356,04/17/2024, 10:13:23,540
FROV00001,FrozenEngine,1356,04/17/2024, 11:11:07,540
FROV00001,FrozenEngine,1356,04/17/2024, 12:21:04,540
FROV00001,FrozenEngine,1356,04/17/2024, 13:12:48,540
FROV00001,FrozenEngine,1356,04/17/2024, 14:11:46,540
FROV00001,FrozenEngine,1356,04/17/2024, 15:13:40,540
FROV00001,FrozenEngine,1356,04/17/2024, 16:15:38,540
FROV00001,FrozenEngine,1356,04/17/2024, 17:10:36,540
FROV00001,FrozenEngine,1356,04/17/2024, 18:15:15,540
FROV00001,FrozenEngine,1356,04/17/2024, 19:08:51,540
FROV00001,FrozenEngine,1356,04/17/2024, 20:12:23,540
FROV00001,FrozenEngine,1356,04/17/2024, 21:12:37,540
FROV00001,FrozenEngine,1356,04/17/2024, 22:11:04,540
FROV00001,FrozenEngine,1356,04/17/2024, 23:13:08,540
FROV00001,FrozenEngine,1356,04/18/2024, 00:50:45,540
FROV00001,FrozenEngine,1356,04/18/2024, 01:46:18,540
FROV00001,FrozenEngine,1356,04/18/2024, 02:20:49,540
FROV00001,FrozenEngine,1356,04/18/2024, 03:12:43,540
FROV00001,FrozenEngine,1356,04/18/2024, 04:14:31,540
FROV00001,FrozenEngine,1356,04/18/2024, 05:13:23,540
FROV00001,FrozenEngine,1356,04/18/2024, 06:15:46,540
FROV00001,FrozenEngine,1356,04/18/2024, 07:12:46,540
FROV00001,FrozenEngine,1356,04/18/2024, 08:15:36,540
FROV00001,FrozenEngine,1356,04/18/2024, 09:12:51,540
FROV00001,FrozenEngine,1356,04/18/2024, 10:14:43,540
FROV00001,FrozenEngine,1356,04/18/2024, 11:10:13,540
FROV00001,FrozenEngine,1356,04/18/2024, 12:20:34,540
FROV00001,FrozenEngine,1356,04/18/2024, 13:12:36,540
FROV00001,FrozenEngine,1356,04/18/2024, 14:11:26,540
FROV00001,FrozenEngine,1356,04/18/2024, 15:13:07,540
FROV00001,FrozenEngine,1356,04/18/2024, 16:14:06,540
FROV00001,FrozenEngine,1356,04/18/2024, 17:11:19,540
FROV00001,FrozenEngine,1356,04/18/2024, 18:15:09,540
FROV00001,FrozenEngine,1356,04/18/2024, 19:10:28,540
FROV00001,FrozenEngine,1356,04/18/2024, 20:13:09,540
FROV00001,FrozenEngine,1356,04/18/2024, 21:11:09,540
FROV00001,FrozenEngine,1356,04/18/2024, 22:11:05,540
FROV00001,FrozenEngine,1356,04/18/2024, 23:12:53,540
FROV00001,FrozenEngine,1356,04/19/2024, 00:51:26,540
FROV00001,FrozenEngine,1356,04/19/2024, 01:49:29,540
FROV00001,FrozenEngine,1356,04/19/2024, 02:22:54,540
FROV00001,FrozenEngine,1356,04/19/2024, 03:12:44,540
FROV00001,FrozenEngine,1356,04/19/2024, 04:14:03,540
FROV00001,FrozenEngine,1356,04/19/2024, 05:12:13,540
FROV00001,FrozenEngine,1356,04/19/2024, 06:16:17,540
FROV00001,FrozenEngine,1356,04/19/2024, 07:13:03,540
FROV00001,FrozenEngine,1356,04/19/2024, 08:15:28,540
FROV00001,FrozenEngine,1356,04/19/2024, 09:12:37,540
FROV00001,FrozenEngine,1356,04/19/2024, 10:13:40,540
FROV00001,FrozenEngine,1356,04/19/2024, 11:10:30,540
FROV00001,FrozenEngine,1356,04/19/2024, 12:20:49,540
FROV00001,FrozenEngine,1356,04/19/2024, 13:13:28,540
FROV00001,FrozenEngine,1356,04/19/2024, 14:11:13,540
FROV00001,FrozenEngine,1356,04/19/2024, 15:12:54,540
FROV00001,FrozenEngine,1356,04/19/2024, 16:14:33,540
FROV00001,FrozenEngine,1356,04/19/2024, 17:11:33,540
FROV00001,FrozenEngine,1356,04/19/2024, 18:14:32,540
FROV00001,FrozenEngine,1356,04/19/2024, 19:10:38,540
FROV00001,FrozenEngine,1356,04/19/2024, 20:12:38,540
FROV00001,FrozenEngine,1356,04/19/2024, 21:11:39,540
FROV00001,FrozenEngine,1356,04/19/2024, 22:10:53,540
FROV00001,FrozenEngine,1356,04/19/2024, 23:13:54,540
FROV00001,FrozenEngine,1356,04/20/2024, 00:51:49,540
FROV00001,FrozenEngine,1356,04/20/2024, 01:48:41,540
FROV00001,FrozenEngine,1356,04/20/2024, 02:19:19,540
FROV00001,FrozenEngine,1356,04/20/2024, 03:13:58,540
FROV00001,FrozenEngine,1356,04/20/2024, 04:15:46,540
FROV00001,FrozenEngine,1356,04/20/2024, 05:12:08,540
FROV00001,FrozenEngine,1356,04/20/2024, 06:14:12,540
FROV00001,FrozenEngine,1356,04/20/2024, 07:10:15,540
FROV00001,FrozenEngine,1356,04/20/2024, 08:13:30,540
FROV00001,FrozenEngine,1356,04/20/2024, 09:10:55,540
FROV00001,FrozenEngine,1356,04/20/2024, 10:12:20,540
FROV00001,FrozenEngine,1356,04/20/2024, 11:09:36,540
FROV00001,FrozenEngine,1356,04/20/2024, 12:19:43,540
FROV00001,FrozenEngine,1356,04/20/2024, 13:12:54,540
FROV00001,FrozenEngine,1356,04/20/2024, 14:10:02,540
FROV00001,FrozenEngine,1356,04/20/2024, 15:12:01,540
FROV00001,FrozenEngine,1356,04/20/2024, 16:14:35,540
FROV00001,FrozenEngine,1356,04/20/2024, 17:10:12,540
FROV00001,FrozenEngine,1356,04/20/2024, 18:15:19,540
FROV00001,FrozenEngine,1356,04/20/2024, 19:10:10,540
FROV00001,FrozenEngine,1356,04/20/2024, 20:11:54,540
FROV00001,FrozenEngine,1356,04/20/2024, 21:10:51,540
FROV00001,FrozenEngine,1356,04/20/2024, 22:11:45,540
FROV00001,FrozenEngine,1356,04/20/2024, 23:10:56,540
FROV00001,FrozenEngine,1356,04/21/2024, 00:55:19,540
FROV00001,FrozenEngine,1356,04/21/2024, 01:54:54,540
FROV00001,FrozenEngine,1356,04/21/2024, 02:23:49,540
FROV00001,FrozenEngine,1356,04/21/2024, 03:12:33,540
FROV00001,FrozenEngine,1356,04/21/2024, 04:13:38,540
FROV00001,FrozenEngine,1356,04/21/2024, 05:12:05,540
FROV00001,FrozenEngine,1356,04/21/2024, 06:16:27,540
FROV00001,FrozenEngine,1356,04/21/2024, 07:11:50,540
FROV00001,FrozenEngine,1356,04/21/2024, 08:14:02,540
FROV00001,FrozenEngine,1356,04/21/2024, 09:12:10,540
FROV00001,FrozenEngine,1356,04/21/2024, 10:11:41,540
FROV00001,FrozenEngine,1356,04/21/2024, 11:10:04,540
FROV00001,FrozenEngine,1356,04/21/2024, 12:20:34,540
FROV00001,FrozenEngine,1356,04/21/2024, 13:13:01,540
FROV00001,FrozenEngine,1356,04/21/2024, 14:10:52,540
FROV00001,FrozenEngine,1356,04/21/2024, 15:11:47,540
FROV00001,FrozenEngine,1356,04/21/2024, 16:14:51,540
FROV00001,FrozenEngine,1356,04/21/2024, 17:11:21,540
FROV00001,FrozenEngine,1356,04/21/2024, 18:15:47,540
FROV00001,FrozenEngine,1356,04/21/2024, 19:11:17,540
FROV00001,FrozenEngine,1356,04/21/2024, 20:12:52,540
FROV00001,FrozenEngine,1356,04/21/2024, 21:11:03,540
FROV00001,FrozenEngine,1356,04/21/2024, 22:11:51,540
FROV00001,FrozenEngine,1356,04/21/2024, 23:12:09,540
FROV00001,FrozenEngine,1356,04/22/2024, 00:53:21,540
FROV00001,FrozenEngine,1356,04/22/2024, 01:53:23,540
FROV00001,FrozenEngine,1356,04/22/2024, 02:23:28,540
FROV00001,FrozenEngine,1356,04/22/2024, 03:13:28,540
FROV00001,FrozenEngine,1356,04/22/2024, 04:14:40,540
FROV00001,FrozenEngine,1356,04/22/2024, 05:12:56,540
FROV00001,FrozenEngine,1357,04/22/2024, 06:16:06,540
FROV00001,FrozenEngine,1357,04/22/2024, 07:11:56,540
FROV00001,FrozenEngine,1357,04/22/2024, 08:16:26,540
FROV00001,FrozenEngine,1357,04/22/2024, 09:14:06,540
FROV00001,FrozenEngine,1357,04/22/2024, 10:14:17,540
FROV00001,FrozenEngine,1357,04/22/2024, 11:10:29,540
FROV00001,FrozenEngine,1357,04/22/2024, 12:22:39,540
FROV00001,FrozenEngine,1357,04/22/2024, 13:13:22,540
FROV00001,FrozenEngine,1357,04/22/2024, 14:11:56,540
FROV00001,FrozenEngine,1357,04/22/2024, 15:13:01,540
FROV00001,FrozenEngine,1357,04/22/2024, 16:14:43,540
FROV00001,FrozenEngine,1357,04/22/2024, 17:10:27,540
FROV00001,FrozenEngine,1357,04/22/2024, 18:15:04,540
FROV00001,FrozenEngine,1357,04/22/2024, 19:10:58,540
FROV00001,FrozenEngine,1357,04/22/2024, 20:13:08,540
FROV00001,FrozenEngine,1357,04/22/2024, 21:11:07,540
FROV00001,FrozenEngine,1357,04/22/2024, 22:12:51,540
FROV00001,FrozenEngine,1357,04/22/2024, 23:11:49,540
FROV00001,FrozenEngine,1357,04/23/2024, 00:51:48,540
FROV00001,FrozenEngine,1357,04/23/2024, 01:52:21,540
FROV00001,FrozenEngine,1357,04/23/2024, 02:23:31,540
FROV00001,FrozenEngine,1357,04/23/2024, 03:13:02,540
FROV00001,FrozenEngine,1357,04/23/2024, 04:15:02,540
FROV00001,FrozenEngine,1357,04/23/2024, 05:11:44,540
FROV00001,FrozenEngine,1357,04/23/2024, 06:15:49,540
FROV00001,FrozenEngine,1357,04/23/2024, 07:11:39,540
FROV00001,FrozenEngine,1357,04/23/2024, 08:15:20,540
FROV00001,FrozenEngine,1357,04/23/2024, 09:12:51,540
FROV00001,FrozenEngine,1357,04/23/2024, 10:12:42,540
FROV00001,FrozenEngine,1357,04/23/2024, 11:11:24,540
FROV00001,FrozenEngine,1357,04/23/2024, 12:21:58,540
FROV00001,FrozenEngine,1357,04/23/2024, 13:13:25,540
FROV00001,FrozenEngine,1357,04/23/2024, 14:11:39,540
FROV00001,FrozenEngine,1357,04/23/2024, 15:12:46,540
FROV00001,FrozenEngine,1357,04/23/2024, 16:14:42,540
FROV00001,FrozenEngine,1357,04/23/2024, 17:12:30,540
FROV00001,FrozenEngine,1357,04/23/2024, 18:14:45,540
FROV00001,FrozenEngine,1357,04/23/2024, 19:09:57,540
FROV00001,FrozenEngine,1357,04/23/2024, 20:12:42,540
FROV00001,FrozenEngine,1357,04/23/2024, 21:11:20,540
FROV00001,FrozenEngine,1357,04/23/2024, 22:13:15,540
FROV00001,FrozenEngine,1357,04/23/2024, 23:12:18,540
FROV00001,FrozenEngine,1357,04/24/2024, 00:51:44,540
FROV00001,FrozenEngine,1357,04/24/2024, 01:52:32,540
FROV00001,FrozenEngine,1357,04/24/2024, 02:22:09,540
FROV00001,FrozenEngine,1357,04/24/2024, 03:14:13,540
FROV00001,FrozenEngine,1357,04/24/2024, 04:14:19,540
FROV00001,FrozenEngine,1357,04/24/2024, 05:13:23,540
FROV00001,FrozenEngine,1357,04/24/2024, 06:17:48,540
FROV00001,FrozenEngine,1357,04/24/2024, 07:11:39,540
FROV00001,FrozenEngine,1357,04/24/2024, 08:16:11,540
FROV00001,FrozenEngine,1357,04/24/2024, 09:12:22,540
FROV00001,FrozenEngine,1357,04/24/2024, 10:14:26,540
FROV00001,FrozenEngine,1357,04/24/2024, 11:11:28,540
FROV00001,FrozenEngine,1357,04/24/2024, 12:25:09,540
FROV00001,FrozenEngine,1357,04/24/2024, 13:18:49,540
FROV00001,FrozenEngine,1357,04/24/2024, 14:12:37,540
FROV00001,FrozenEngine,1357,04/24/2024, 15:13:12,540
FROV00001,FrozenEngine,1357,04/24/2024, 16:14:20,540
FROV00001,FrozenEngine,1357,04/24/2024, 17:13:12,540
FROV00001,FrozenEngine,1357,04/24/2024, 18:15:00,540
FROV00001,FrozenEngine,1357,04/24/2024, 19:09:47,540
FROV00001,FrozenEngine,1357,04/24/2024, 20:12:57,540
FROV00001,FrozenEngine,1357,04/24/2024, 21:12:01,540
FROV00001,FrozenEngine,1357,04/24/2024, 22:12:54,540
FROV00001,FrozenEngine,1357,04/24/2024, 23:14:13,540
FROV00001,FrozenEngine,1357,04/25/2024, 00:54:28,540
FROV00001,FrozenEngine,1357,04/25/2024, 01:52:38,540
FROV00001,FrozenEngine,1357,04/25/2024, 02:23:16,540
FROV00001,FrozenEngine,1357,04/25/2024, 03:13:15,540
FROV00001,FrozenEngine,1357,04/25/2024, 04:14:39,540
FROV00001,FrozenEngine,1357,04/25/2024, 05:12:13,540
FROV00001,FrozenEngine,1357,04/25/2024, 06:16:04,540
FROV00001,FrozenEngine,1357,04/25/2024, 07:12:54,540
FROV00001,FrozenEngine,1357,04/25/2024, 08:15:10,540
FROV00001,FrozenEngine,1357,04/25/2024, 09:12:42,540
FROV00001,FrozenEngine,1357,04/25/2024, 10:12:32,540
FROV00001,FrozenEngine,1357,04/25/2024, 11:11:38,540
FROV00001,FrozenEngine,1357,04/25/2024, 12:18:04,540
FROV00001,FrozenEngine,1357,04/25/2024, 13:11:12,540
FROV00001,FrozenEngine,1357,04/25/2024, 14:09:44,540
FROV00001,FrozenEngine,1357,04/25/2024, 15:12:46,540
FROV00001,FrozenEngine,1357,04/25/2024, 16:15:13,540
FROV00001,FrozenEngine,1357,04/25/2024, 17:13:32,540
FROV00001,FrozenEngine,1357,04/25/2024, 18:15:28,540
FROV00001,FrozenEngine,1357,04/25/2024, 19:11:05,540
FROV00001,FrozenEngine,1357,04/25/2024, 20:12:22,540
FROV00001,FrozenEngine,1357,04/25/2024, 21:13:52,540
FROV00001,FrozenEngine,1357,04/25/2024, 22:11:22,540
FROV00001,FrozenEngine,1357,04/25/2024, 23:12:44,540
FROV00001,FrozenEngine,1357,04/26/2024, 00:52:00,540
FROV00001,FrozenEngine,1357,04/26/2024, 01:50:59,540
FROV00001,FrozenEngine,1357,04/26/2024, 02:22:17,540
FROV00001,FrozenEngine,1358,04/26/2024, 03:14:17,540
FROV00001,FrozenEngine,1358,04/26/2024, 04:14:01,540
FROV00001,FrozenEngine,1358,04/26/2024, 05:11:42,540
FROV00001,FrozenEngine,1358,04/26/2024, 06:16:58,540
FROV00001,FrozenEngine,1358,04/26/2024, 07:12:38,540
FROV00001,FrozenEngine,1358,04/26/2024, 08:15:08,540
FROV00001,FrozenEngine,1358,04/26/2024, 09:13:10,540
FROV00001,FrozenEngine,1358,04/26/2024, 10:13:16,540
FROV00001,FrozenEngine,1358,04/26/2024, 11:10:26,540
FROV00001,FrozenEngine,1358,04/26/2024, 12:21:15,540
FROV00001,FrozenEngine,1358,04/26/2024, 13:12:38,540
FROV00001,FrozenEngine,1358,04/26/2024, 14:11:16,540
FROV00001,FrozenEngine,1358,04/26/2024, 15:13:30,540
FROV00001,FrozenEngine,1358,04/26/2024, 16:15:34,540
FROV00001,FrozenEngine,1358,04/26/2024, 17:13:03,540
FROV00001,FrozenEngine,1358,04/26/2024, 18:14:39,540
FROV00001,FrozenEngine,1358,04/26/2024, 19:10:23,540
FROV00001,FrozenEngine,1358,04/26/2024, 20:13:21,540
FROV00001,FrozenEngine,1358,04/26/2024, 21:10:55,540
FROV00001,FrozenEngine,1358,04/26/2024, 22:12:58,540
FROV00001,FrozenEngine,1358,04/26/2024, 23:12:38,540
FROV00001,FrozenEngine,1358,04/27/2024, 00:51:39,540
FROV00001,FrozenEngine,1358,04/27/2024, 01:47:41,540
FROV00001,FrozenEngine,1358,04/27/2024, 02:21:53,540
FROV00001,FrozenEngine,1358,04/27/2024, 03:14:14,540
FROV00001,FrozenEngine,1358,04/27/2024, 04:13:58,540
FROV00001,FrozenEngine,1358,04/27/2024, 05:12:03,540
FROV00001,FrozenEngine,1358,04/27/2024, 06:16:00,540
FROV00001,FrozenEngine,1358,04/27/2024, 07:10:44,540
FROV00001,FrozenEngine,1358,04/27/2024, 08:15:01,540
FROV00001,FrozenEngine,1358,04/27/2024, 09:11:27,540
FROV00001,FrozenEngine,1358,04/27/2024, 10:13:19,540
FROV00001,FrozenEngine,1358,04/27/2024, 11:09:31,540
FROV00001,FrozenEngine,1358,04/27/2024, 12:18:50,540
FROV00001,FrozenEngine,1358,04/27/2024, 13:13:29,540
FROV00001,FrozenEngine,1358,04/27/2024, 14:09:55,540
FROV00001,FrozenEngine,1358,04/27/2024, 15:11:34,540
FROV00001,FrozenEngine,1358,04/27/2024, 16:13:11,540
FROV00001,FrozenEngine,1358,04/27/2024, 17:11:16,540
FROV00001,FrozenEngine,1358,04/27/2024, 18:13:46,540
FROV00001,FrozenEngine,1358,04/27/2024, 19:09:18,540
FROV00001,FrozenEngine,1358,04/27/2024, 20:11:51,540
FROV00001,FrozenEngine,1358,04/27/2024, 21:10:51,540
FROV00001,FrozenEngine,1358,04/27/2024, 22:11:50,540
FROV00001,FrozenEngine,1358,04/27/2024, 23:12:17,540
FROV00001,FrozenEngine,1358,04/28/2024, 00:56:12,540
FROV00001,FrozenEngine,1359,04/28/2024, 01:57:06,540
FROV00001,FrozenEngine,1359,04/28/2024, 02:27:20,540
FROV00001,FrozenEngine,1359,04/28/2024, 03:13:37,540
FROV00001,FrozenEngine,1359,04/28/2024, 04:13:46,540
FROV00001,FrozenEngine,1359,04/28/2024, 05:12:32,540
FROV00001,FrozenEngine,1359,04/28/2024, 06:15:56,540
FROV00001,FrozenEngine,1359,04/28/2024, 07:10:58,540
FROV00001,FrozenEngine,1359,04/28/2024, 08:15:49,540
FROV00001,FrozenEngine,1359,04/28/2024, 09:11:33,540
FROV00001,FrozenEngine,1359,04/28/2024, 10:12:53,540
FROV00001,FrozenEngine,1359,04/28/2024, 11:09:56,540
FROV00001,FrozenEngine,1359,04/28/2024, 12:21:35,540
FROV00001,FrozenEngine,1359,04/28/2024, 13:12:54,540
FROV00001,FrozenEngine,1359,04/28/2024, 14:10:21,540
FROV00001,FrozenEngine,1359,04/28/2024, 15:12:08,540
FROV00001,FrozenEngine,1359,04/28/2024, 16:13:59,540
FROV00001,FrozenEngine,1359,04/28/2024, 17:11:15,540
FROV00001,FrozenEngine,1359,04/28/2024, 18:14:15,540
FROV00001,FrozenEngine,1359,04/28/2024, 19:09:53,540
FROV00001,FrozenEngine,1359,04/28/2024, 20:12:38,540
FROV00001,FrozenEngine,1359,04/28/2024, 21:11:37,540
FROV00001,FrozenEngine,1359,04/28/2024, 22:11:28,540
FROV00001,FrozenEngine,1360,04/28/2024, 23:11:24,540
FROV00001,FrozenEngine,1360,04/29/2024, 00:53:12,540
FROV00001,FrozenEngine,1360,04/29/2024, 01:53:38,540
FROV00001,FrozenEngine,1360,04/29/2024, 02:23:38,540
FROV00001,FrozenEngine,1360,04/29/2024, 03:13:43,540
FROV00001,FrozenEngine,1360,04/29/2024, 04:14:53,540
FROV00001,FrozenEngine,1360,04/29/2024, 05:14:19,540
FROV00001,FrozenEngine,1360,04/29/2024, 06:16:28,540
FROV00001,FrozenEngine,1360,04/29/2024, 07:11:49,540
FROV00001,FrozenEngine,1360,04/29/2024, 08:16:43,540
FROV00001,FrozenEngine,1360,04/29/2024, 09:13:47,540
FROV00001,FrozenEngine,1360,04/29/2024, 10:13:45,540
FROV00001,FrozenEngine,1360,04/29/2024, 11:11:56,540
FROV00001,FrozenEngine,1360,04/29/2024, 12:22:03,540
FROV00001,FrozenEngine,1360,04/29/2024, 13:13:39,540
FROV00001,FrozenEngine,1360,04/29/2024, 14:12:57,540
FROV00001,FrozenEngine,1360,04/29/2024, 15:12:50,540
FROV00001,FrozenEngine,1360,04/29/2024, 16:14:50,540
FROV00001,FrozenEngine,1360,04/29/2024, 17:10:46,540
FROV00001,FrozenEngine,1360,04/29/2024, 18:15:36,540
FROV00001,FrozenEngine,1360,04/29/2024, 19:09:56,540
FROV00001,FrozenEngine,1360,04/29/2024, 20:12:51,540
FROV00001,FrozenEngine,1360,04/29/2024, 21:11:37,540
FROV00001,FrozenEngine,1360,04/29/2024, 22:11:44,540
FROV00001,FrozenEngine,1360,04/29/2024, 23:11:24,540
FROV00001,FrozenEngine,1360,04/30/2024, 00:51:49,540
FROV00001,FrozenEngine,1360,04/30/2024, 01:51:06,540
FROV00001,FrozenEngine,1360,04/30/2024, 02:21:57,540
FROV00001,FrozenEngine,1360,04/30/2024, 03:13:21,540
FROV00001,FrozenEngine,1360,04/30/2024, 04:15:38,540
FROV00001,FrozenEngine,1360,04/30/2024, 05:11:49,540
FROV00001,FrozenEngine,1360,04/30/2024, 06:15:57,540
FROV00001,FrozenEngine,1360,04/30/2024, 07:12:48,540
FROV00001,FrozenEngine,1360,04/30/2024, 08:15:52,540
FROV00001,FrozenEngine,1360,04/30/2024, 09:13:56,540
FROV00001,FrozenEngine,1360,04/30/2024, 10:13:52,540
FROV00001,FrozenEngine,1360,04/30/2024, 11:12:05,540
FROV00001,FrozenEngine,1360,04/30/2024, 12:21:23,540
FROV00001,FrozenEngine,1360,04/30/2024, 13:13:03,540
FROV00001,FrozenEngine,1360,04/30/2024, 14:12:27,540
FROV00001,FrozenEngine,1360,04/30/2024, 15:10:50,540
FROV00001,FrozenEngine,1360,04/30/2024, 16:15:44,540
FROV00001,FrozenEngine,1360,04/30/2024, 17:11:18,540
FROV00001,FrozenEngine,1360,04/30/2024, 18:17:26,540
FROV00001,FrozenEngine,1360,04/30/2024, 19:09:47,540
FROV00001,FrozenEngine,1360,04/30/2024, 20:12:52,540
FROV00001,FrozenEngine,1360,04/30/2024, 21:13:03,540
FROV00001,FrozenEngine,1361,04/30/2024, 22:12:17,540
FROV00001,FrozenEngine,1361,04/30/2024, 23:12:28,540
FROV00001,FrozenEngine,1361,05/01/2024, 00:56:01,540
FROV00001,FrozenEngine,1361,05/01/2024, 01:57:18,540
FROV00001,FrozenEngine,1362,05/01/2024, 02:28:10,540
FROV00001,FrozenEngine,1362,05/01/2024, 03:13:42,540
FROV00001,FrozenEngine,1362,05/01/2024, 04:14:22,540
FROV00001,FrozenEngine,1362,05/01/2024, 05:12:11,540
FROV00001,FrozenEngine,1362,05/01/2024, 06:17:02,540
FROV00001,FrozenEngine,1362,05/01/2024, 07:14:22,540
FROV00001,FrozenEngine,1362,05/01/2024, 08:18:13,540
FROV00001,FrozenEngine,1362,05/01/2024, 09:15:02,540
FROV00001,FrozenEngine,1362,05/01/2024, 10:13:51,540
FROV00001,FrozenEngine,1362,05/01/2024, 11:10:35,540
FROV00001,FrozenEngine,1362,05/01/2024, 12:22:11,540
FROV00001,FrozenEngine,1362,05/01/2024, 13:13:10,540
FROV00001,FrozenEngine,1362,05/01/2024, 14:13:22,540
FROV00001,FrozenEngine,1362,05/01/2024, 15:12:13,540
FROV00001,FrozenEngine,1362,05/01/2024, 16:15:10,540
FROV00001,FrozenEngine,1362,05/01/2024, 17:11:50,540
FROV00001,FrozenEngine,1362,05/01/2024, 18:15:25,540
FROV00001,FrozenEngine,1362,05/01/2024, 19:12:11,540
FROV00001,FrozenEngine,1362,05/01/2024, 20:14:24,540
FROV00001,FrozenEngine,1362,05/01/2024, 21:11:25,540
FROV00001,FrozenEngine,1362,05/01/2024, 22:12:11,540
FROV00001,FrozenEngine,1362,05/01/2024, 23:13:21,540
FROV00001,FrozenEngine,1362,05/02/2024, 00:51:49,540
FROV00001,FrozenEngine,1362,05/02/2024, 01:51:31,540
FROV00001,FrozenEngine,1362,05/02/2024, 02:22:56,540
FROV00001,FrozenEngine,1362,05/02/2024, 03:13:23,540
FROV00001,FrozenEngine,1362,05/02/2024, 04:14:37,540
FROV00001,FrozenEngine,1362,05/02/2024, 05:13:34,540
FROV00001,FrozenEngine,1362,05/02/2024, 06:15:53,540
FROV00001,FrozenEngine,1362,05/02/2024, 07:12:45,540
FROV00001,FrozenEngine,1362,05/02/2024, 08:15:42,540
FROV00001,FrozenEngine,1362,05/02/2024, 09:13:08,540
FROV00001,FrozenEngine,1362,05/02/2024, 10:13:46,540
FROV00001,FrozenEngine,1362,05/02/2024, 11:10:36,540
FROV00001,FrozenEngine,1362,05/02/2024, 12:22:21,540
FROV00001,FrozenEngine,1362,05/02/2024, 13:13:25,540
FROV00001,FrozenEngine,1362,05/02/2024, 14:12:02,540
FROV00001,FrozenEngine,1362,05/02/2024, 15:13:18,540
FROV00001,FrozenEngine,1362,05/02/2024, 16:14:30,540
FROV00001,FrozenEngine,1362,05/02/2024, 17:11:55,540
FROV00001,FrozenEngine,1362,05/02/2024, 18:15:39,540
FROV00001,FrozenEngine,1362,05/02/2024, 19:10:09,540
FROV00001,FrozenEngine,1362,05/02/2024, 20:13:49,540
FROV00001,FrozenEngine,1362,05/02/2024, 21:11:18,540
FROV00001,FrozenEngine,1362,05/02/2024, 22:12:08,540
FROV00001,FrozenEngine,1362,05/02/2024, 23:14:12,540
FROV00001,FrozenEngine,1362,05/03/2024, 00:54:59,540
FROV00001,FrozenEngine,1362,05/03/2024, 01:55:00,540
FROV00001,FrozenEngine,1362,05/03/2024, 02:25:25,540
FROV00001,FrozenEngine,1362,05/03/2024, 03:14:24,540
FROV00001,FrozenEngine,1362,05/03/2024, 04:16:15,540
FROV00001,FrozenEngine,1362,05/03/2024, 05:12:23,540
FROV00001,FrozenEngine,1362,05/03/2024, 06:16:13,540
FROV00001,FrozenEngine,1362,05/03/2024, 07:12:06,540
FROV00001,FrozenEngine,1362,05/03/2024, 08:15:05,540
FROV00001,FrozenEngine,1362,05/03/2024, 09:13:28,540
FROV00001,FrozenEngine,1362,05/03/2024, 10:13:24,540
FROV00001,FrozenEngine,1362,05/03/2024, 11:10:52,540
FROV00001,FrozenEngine,1362,05/03/2024, 12:20:38,540
FROV00001,FrozenEngine,1362,05/03/2024, 13:13:41,540
FROV00001,FrozenEngine,1362,05/03/2024, 14:12:27,540
FROV00001,FrozenEngine,1362,05/03/2024, 15:13:09,540
FROV00001,FrozenEngine,1362,05/03/2024, 16:15:26,540
FROV00001,FrozenEngine,1362,05/03/2024, 17:11:01,540
FROV00001,FrozenEngine,1362,05/03/2024, 18:15:12,540
FROV00001,FrozenEngine,1362,05/03/2024, 19:10:22,540
FROV00001,FrozenEngine,1362,05/03/2024, 20:13:42,540
FROV00001,FrozenEngine,1362,05/03/2024, 21:10:55,540
FROV00001,FrozenEngine,1362,05/03/2024, 22:11:43,540
FROV00001,FrozenEngine,1362,05/03/2024, 23:12:47,540
FROV00001,FrozenEngine,1362,05/04/2024, 00:51:59,540
FROV00001,FrozenEngine,1362,05/04/2024, 01:48:44,540
FROV00001,FrozenEngine,1362,05/04/2024, 02:20:48,540
FROV00001,FrozenEngine,1362,05/04/2024, 03:13:59,540
FROV00001,FrozenEngine,1362,05/04/2024, 04:15:07,540
FROV00001,FrozenEngine,1362,05/04/2024, 05:12:48,540
FROV00001,FrozenEngine,1362,05/04/2024, 06:15:40,540
FROV00001,FrozenEngine,1362,05/04/2024, 07:11:51,540
FROV00001,FrozenEngine,1362,05/04/2024, 08:14:20,540
FROV00001,FrozenEngine,1362,05/04/2024, 09:13:05,540
FROV00001,FrozenEngine,1362,05/04/2024, 10:11:42,540
FROV00001,FrozenEngine,1362,05/04/2024, 11:09:36,540
FROV00001,FrozenEngine,1362,05/04/2024, 12:19:47,540
FROV00001,FrozenEngine,1362,05/04/2024, 13:13:07,540
FROV00001,FrozenEngine,1362,05/04/2024, 14:12:21,540
FROV00001,FrozenEngine,1362,05/04/2024, 15:12:12,540
FROV00001,FrozenEngine,1362,05/04/2024, 16:14:13,540
FROV00001,FrozenEngine,1362,05/04/2024, 17:10:10,540
FROV00001,FrozenEngine,1362,05/04/2024, 18:14:50,540
FROV00001,FrozenEngine,1363,05/04/2024, 19:11:15,540
FROV00001,FrozenEngine,1363,05/04/2024, 20:13:32,540
FROV00001,FrozenEngine,1363,05/04/2024, 21:11:45,540
FROV00001,FrozenEngine,1363,05/04/2024, 22:10:55,540
FROV00001,FrozenEngine,1364,05/04/2024, 23:12:19,540
FROV00001,FrozenEngine,1364,05/05/2024, 00:56:02,540
FROV00001,FrozenEngine,1364,05/05/2024, 01:56:19,540
FROV00001,FrozenEngine,1364,05/05/2024, 02:25:34,540
FROV00001,FrozenEngine,1364,05/05/2024, 03:12:57,540
FROV00001,FrozenEngine,1364,05/05/2024, 04:15:56,540
FROV00001,FrozenEngine,1364,05/05/2024, 05:12:10,540
FROV00001,FrozenEngine,1364,05/05/2024, 06:15:35,540
FROV00001,FrozenEngine,1364,05/05/2024, 07:11:11,540
FROV00001,FrozenEngine,1364,05/05/2024, 08:14:29,540
FROV00001,FrozenEngine,1364,05/05/2024, 09:13:36,540
FROV00001,FrozenEngine,1364,05/05/2024, 10:12:37,540
FROV00001,FrozenEngine,1364,05/05/2024, 11:10:26,540
FROV00001,FrozenEngine,1364,05/05/2024, 12:20:24,540
FROV00001,FrozenEngine,1364,05/05/2024, 13:12:36,540
FROV00001,FrozenEngine,1364,05/05/2024, 14:11:13,540
FROV00001,FrozenEngine,1364,05/05/2024, 15:13:19,540
FROV00001,FrozenEngine,1364,05/05/2024, 16:14:27,540
FROV00001,FrozenEngine,1364,05/05/2024, 17:10:03,540
FROV00001,FrozenEngine,1364,05/05/2024, 18:14:31,540
FROV00001,FrozenEngine,1364,05/05/2024, 19:11:38,540
FROV00001,FrozenEngine,1364,05/05/2024, 20:12:32,540
FROV00001,FrozenEngine,1364,05/05/2024, 21:10:49,540
FROV00001,FrozenEngine,1364,05/05/2024, 22:12:48,540
FROV00001,FrozenEngine,1364,05/05/2024, 23:11:41,540
FROV00001,FrozenEngine,1364,05/06/2024, 00:53:37,540
FROV00001,FrozenEngine,1364,05/06/2024, 01:54:51,540
FROV00001,FrozenEngine,1364,05/06/2024, 02:27:04,540
FROV00001,FrozenEngine,1364,05/06/2024, 03:14:15,540
FROV00001,FrozenEngine,1364,05/06/2024, 04:15:43,540
FROV00001,FrozenEngine,1364,05/06/2024, 05:13:31,540
FROV00001,FrozenEngine,1364,05/06/2024, 06:17:14,540
FROV00001,FrozenEngine,1364,05/06/2024, 07:12:36,540
FROV00001,FrozenEngine,1364,05/06/2024, 08:16:01,540
FROV00001,FrozenEngine,1364,05/06/2024, 09:14:04,540
FROV00001,FrozenEngine,1364,05/06/2024, 10:13:07,540
FROV00001,FrozenEngine,1364,05/06/2024, 11:10:25,540
FROV00001,FrozenEngine,1364,05/06/2024, 12:21:47,540
FROV00001,FrozenEngine,1364,05/06/2024, 13:14:09,540
FROV00001,FrozenEngine,1364,05/06/2024, 14:12:33,540
FROV00001,FrozenEngine,1364,05/06/2024, 15:12:55,540
FROV00001,FrozenEngine,1364,05/06/2024, 16:15:43,540
FROV00001,FrozenEngine,1364,05/06/2024, 17:13:41,540
FROV00001,FrozenEngine,1364,05/06/2024, 18:17:40,540
FROV00001,FrozenEngine,1364,05/06/2024, 19:10:49,540
FROV00001,FrozenEngine,1364,05/06/2024, 20:12:52,540
FROV00001,FrozenEngine,1364,05/06/2024, 21:12:12,540
FROV00001,FrozenEngine,1364,05/06/2024, 22:12:26,540
FROV00001,FrozenEngine,1364,05/06/2024, 23:11:57,540
FROV00001,FrozenEngine,1364,05/07/2024, 00:52:40,540
FROV00001,FrozenEngine,1364,05/07/2024, 01:54:40,540
FROV00001,FrozenEngine,1364,05/07/2024, 02:29:57,540
FROV00001,FrozenEngine,1364,05/07/2024, 03:14:24,540
FROV00001,FrozenEngine,1364,05/07/2024, 04:15:58,540
FROV00001,FrozenEngine,1364,05/07/2024, 05:13:51,540
FROV00001,FrozenEngine,1364,05/07/2024, 06:16:45,540
FROV00001,FrozenEngine,1364,05/07/2024, 07:17:38,540
FROV00001,FrozenEngine,1364,05/07/2024, 08:15:26,540
FROV00001,FrozenEngine,1364,05/07/2024, 09:14:36,540
FROV00001,FrozenEngine,1364,05/07/2024, 10:13:47,540
FROV00001,FrozenEngine,1364,05/07/2024, 11:11:19,540
FROV00001,FrozenEngine,1364,05/07/2024, 12:21:38,540
FROV00001,FrozenEngine,1364,05/07/2024, 13:12:53,540
FROV00001,FrozenEngine,1364,05/07/2024, 14:11:47,540
FROV00001,FrozenEngine,1364,05/07/2024, 15:11:54,540
FROV00001,FrozenEngine,1364,05/07/2024, 16:14:17,540
FROV00001,FrozenEngine,1364,05/07/2024, 17:11:22,540
FROV00001,FrozenEngine,1364,05/07/2024, 18:15:55,540
FROV00001,FrozenEngine,1364,05/07/2024, 19:10:43,540
FROV00001,FrozenEngine,1364,05/07/2024, 20:11:02,540
FROV00001,FrozenEngine,1364,05/07/2024, 21:11:56,540
FROV00001,FrozenEngine,1364,05/07/2024, 22:12:20,540
FROV00001,FrozenEngine,1364,05/07/2024, 23:10:58,540
FROV00001,FrozenEngine,1364,05/08/2024, 00:43:02,540
FROV00001,FrozenEngine,1364,05/08/2024, 01:32:47,540
FROV00001,FrozenEngine,1364,05/08/2024, 02:13:25,540
FROV00001,FrozenEngine,1364,05/08/2024, 03:14:06,540
FROV00001,FrozenEngine,1364,05/08/2024, 04:13:06,540
FROV00001,FrozenEngine,1364,05/08/2024, 05:12:15,540
FROV00001,FrozenEngine,1364,05/08/2024, 06:14:53,540
FROV00001,FrozenEngine,1364,05/08/2024, 07:13:41,540
FROV00001,FrozenEngine,1364,05/08/2024, 08:13:45,540
FROV00001,FrozenEngine,1364,05/08/2024, 09:13:16,540
FROV00001,FrozenEngine,1364,05/08/2024, 10:14:07,540
FROV00001,FrozenEngine,1364,05/08/2024, 11:12:13,540
FROV00001,FrozenEngine,1364,05/08/2024, 12:22:23,540
FROV00001,FrozenEngine,1364,05/08/2024, 13:15:25,540
FROV00001,FrozenEngine,1364,05/08/2024, 14:11:21,540
FROV00001,FrozenEngine,1364,05/08/2024, 15:12:40,540
FROV00001,FrozenEngine,1364,05/08/2024, 16:15:42,540
FROV00001,FrozenEngine,1364,05/08/2024, 17:10:48,540
FROV00001,FrozenEngine,1364,05/08/2024, 18:16:08,540
FROV00001,FrozenEngine,1364,05/08/2024, 19:10:03,540
FROV00001,FrozenEngine,1364,05/08/2024, 20:12:41,540
FROV00001,FrozenEngine,1364,05/08/2024, 21:13:47,540
FROV00001,FrozenEngine,1364,05/08/2024, 22:11:14,540
FROV00001,FrozenEngine,1364,05/08/2024, 23:13:28,540
FROV00001,FrozenEngine,1364,05/09/2024, 00:53:13,540
FROV00001,FrozenEngine,1364,05/09/2024, 01:56:10,540
FROV00001,FrozenEngine,1364,05/09/2024, 02:27:37,540
FROV00001,FrozenEngine,1364,05/09/2024, 03:13:30,540
FROV00001,FrozenEngine,1364,05/09/2024, 04:17:30,540
FROV00001,FrozenEngine,1364,05/09/2024, 05:13:21,540
FROV00001,FrozenEngine,1364,05/09/2024, 06:16:28,540
FROV00001,FrozenEngine,1364,05/09/2024, 07:13:55,540
FROV00001,FrozenEngine,1364,05/09/2024, 08:15:54,540
FROV00001,FrozenEngine,1364,05/09/2024, 09:13:43,540
FROV00001,FrozenEngine,1364,05/09/2024, 10:14:38,540
FROV00001,FrozenEngine,1364,05/09/2024, 11:11:23,540
FROV00001,FrozenEngine,1364,05/09/2024, 12:21:50,540
FROV00001,FrozenEngine,1364,05/09/2024, 13:15:01,540
FROV00001,FrozenEngine,1364,05/09/2024, 14:12:34,540
FROV00001,FrozenEngine,1364,05/09/2024, 15:14:19,540
FROV00001,FrozenEngine,1364,05/09/2024, 16:15:47,540
FROV00001,FrozenEngine,1364,05/09/2024, 17:11:20,540
FROV00001,FrozenEngine,1364,05/09/2024, 18:14:41,540
FROV00001,FrozenEngine,1364,05/09/2024, 19:09:55,540
FROV00001,FrozenEngine,1365,05/09/2024, 20:12:48,540
FROV00001,FrozenEngine,1365,05/09/2024, 21:13:24,540
FROV00001,FrozenEngine,1365,05/09/2024, 22:11:05,540
FROV00001,FrozenEngine,1365,05/09/2024, 23:12:16,540
FROV00001,FrozenEngine,1365,05/10/2024, 00:53:11,540
FROV00001,FrozenEngine,1365,05/10/2024, 02:00:07,540
FROV00001,FrozenEngine,1365,05/10/2024, 02:29:29,540
FROV00001,FrozenEngine,1365,05/10/2024, 03:13:35,540
FROV00001,FrozenEngine,1365,05/10/2024, 04:14:28,540
FROV00001,FrozenEngine,1365,05/10/2024, 05:12:21,540
FROV00001,FrozenEngine,1365,05/10/2024, 06:16:05,540
FROV00001,FrozenEngine,1365,05/10/2024, 07:13:52,540
FROV00001,FrozenEngine,1365,05/10/2024, 08:15:44,540
FROV00001,FrozenEngine,1365,05/10/2024, 09:13:38,540
FROV00001,FrozenEngine,1365,05/10/2024, 10:13:44,540
FROV00001,FrozenEngine,1365,05/10/2024, 11:11:26,540
FROV00001,FrozenEngine,1365,05/10/2024, 12:21:13,540
FROV00001,FrozenEngine,1365,05/10/2024, 13:13:42,540
FROV00001,FrozenEngine,1365,05/10/2024, 14:11:21,540
FROV00001,FrozenEngine,1365,05/10/2024, 15:12:14,540
FROV00001,FrozenEngine,1365,05/10/2024, 16:15:25,540
FROV00001,FrozenEngine,1365,05/10/2024, 17:11:14,540
FROV00001,FrozenEngine,1365,05/10/2024, 18:15:57,540
FROV00001,FrozenEngine,1365,05/10/2024, 19:10:33,540
FROV00001,FrozenEngine,1365,05/10/2024, 20:12:36,540
FROV00001,FrozenEngine,1365,05/10/2024, 21:13:32,540
FROV00001,FrozenEngine,1365,05/10/2024, 22:13:26,540
FROV00001,FrozenEngine,1365,05/10/2024, 23:12:12,540
FROV00001,FrozenEngine,1365,05/11/2024, 00:52:20,540
FROV00001,FrozenEngine,1365,05/11/2024, 01:51:51,540
FROV00001,FrozenEngine,1365,05/11/2024, 02:22:25,540
FROV00001,FrozenEngine,1365,05/11/2024, 03:13:49,540
FROV00001,FrozenEngine,1365,05/11/2024, 04:15:23,540
FROV00001,FrozenEngine,1365,05/11/2024, 05:12:14,540
FROV00001,FrozenEngine,1365,05/11/2024, 06:15:19,540
FROV00001,FrozenEngine,1365,05/11/2024, 07:13:00,540
FROV00001,FrozenEngine,1365,05/11/2024, 08:14:59,540
FROV00001,FrozenEngine,1365,05/11/2024, 09:12:42,540
FROV00001,FrozenEngine,1365,05/11/2024, 10:13:24,540
FROV00001,FrozenEngine,1365,05/11/2024, 11:09:45,540
FROV00001,FrozenEngine,1365,05/11/2024, 12:20:38,540
FROV00001,FrozenEngine,1365,05/11/2024, 13:11:53,540
FROV00001,FrozenEngine,1365,05/11/2024, 14:10:37,540
FROV00001,FrozenEngine,1365,05/11/2024, 15:11:42,540
FROV00001,FrozenEngine,1365,05/11/2024, 16:14:15,540
FROV00001,FrozenEngine,1365,05/11/2024, 17:12:15,540
FROV00001,FrozenEngine,1365,05/11/2024, 18:15:12,540
FROV00001,FrozenEngine,1365,05/11/2024, 19:10:09,540
FROV00001,FrozenEngine,1365,05/11/2024, 20:12:45,540
FROV00001,FrozenEngine,1365,05/11/2024, 21:11:41,540
FROV00001,FrozenEngine,1365,05/11/2024, 22:11:08,540
FROV00001,FrozenEngine,1365,05/11/2024, 23:12:17,540
FROV00001,FrozenEngine,1365,05/12/2024, 00:57:33,540
FROV00001,FrozenEngine,1365,05/12/2024, 01:58:47,540
FROV00001,FrozenEngine,1365,05/12/2024, 02:30:00,540
FROV00001,FrozenEngine,1365,05/12/2024, 03:13:20,540
FROV00001,FrozenEngine,1365,05/12/2024, 04:15:17,540
FROV00001,FrozenEngine,1365,05/12/2024, 05:12:58,540
FROV00001,FrozenEngine,1365,05/12/2024, 06:16:04,540
FROV00001,FrozenEngine,1365,05/12/2024, 07:10:38,540
FROV00001,FrozenEngine,1365,05/12/2024, 08:15:23,540
FROV00001,FrozenEngine,1365,05/12/2024, 09:12:12,540
FROV00001,FrozenEngine,1365,05/12/2024, 10:12:03,540
FROV00001,FrozenEngine,1366,05/12/2024, 11:11:06,540
FROV00001,FrozenEngine,1366,05/12/2024, 12:22:05,540
FROV00001,FrozenEngine,1366,05/12/2024, 13:12:11,540
FROV00001,FrozenEngine,1366,05/12/2024, 14:11:04,540
FROV00001,FrozenEngine,1366,05/12/2024, 15:12:12,540
FROV00001,FrozenEngine,1366,05/12/2024, 16:14:17,540
FROV00001,FrozenEngine,1366,05/12/2024, 17:10:23,540
FROV00001,FrozenEngine,1366,05/12/2024, 18:16:24,540
FROV00001,FrozenEngine,1366,05/12/2024, 19:09:53,540
FROV00001,FrozenEngine,1366,05/12/2024, 20:12:12,540
FROV00001,FrozenEngine,1366,05/12/2024, 21:12:02,540
FROV00001,FrozenEngine,1366,05/12/2024, 22:11:10,540
FROV00001,FrozenEngine,1366,05/12/2024, 23:12:36,540
FROV00001,FrozenEngine,1366,05/13/2024, 00:54:45,540
FROV00001,FrozenEngine,1366,05/13/2024, 01:56:57,540
FROV00001,FrozenEngine,1366,05/13/2024, 02:28:44,540
FROV00001,FrozenEngine,1366,05/13/2024, 03:13:40,540
FROV00001,FrozenEngine,1366,05/13/2024, 04:15:52,540
FROV00001,FrozenEngine,1366,05/13/2024, 05:14:32,540
FROV00001,FrozenEngine,1366,05/13/2024, 06:16:55,540
FROV00001,FrozenEngine,1366,05/13/2024, 07:12:50,540
FROV00001,FrozenEngine,1366,05/13/2024, 08:16:54,540
FROV00001,FrozenEngine,1366,05/13/2024, 09:13:32,540
FROV00001,FrozenEngine,1366,05/13/2024, 10:13:25,540
FROV00001,FrozenEngine,1366,05/13/2024, 11:10:44,540
FROV00001,FrozenEngine,1366,05/13/2024, 12:22:27,540
FROV00001,FrozenEngine,1366,05/13/2024, 13:14:50,540
FROV00001,FrozenEngine,1366,05/13/2024, 14:11:56,540
FROV00001,FrozenEngine,1366,05/13/2024, 15:14:11,540
FROV00001,FrozenEngine,1366,05/13/2024, 16:17:09,540
FROV00001,FrozenEngine,1366,05/13/2024, 17:11:28,540
FROV00001,FrozenEngine,1366,05/13/2024, 18:14:29,540
FROV00001,FrozenEngine,1366,05/13/2024, 19:10:01,540
FROV00001,FrozenEngine,1366,05/13/2024, 20:12:44,540
FROV00001,FrozenEngine,1366,05/13/2024, 21:13:34,540
FROV00001,FrozenEngine,1366,05/13/2024, 22:13:01,540
FROV00001,FrozenEngine,1366,05/13/2024, 23:12:53,540
FROV00001,FrozenEngine,1366,05/14/2024, 00:53:56,540
FROV00001,FrozenEngine,1366,05/14/2024, 01:53:41,540
FROV00001,FrozenEngine,1366,05/14/2024, 02:24:47,540
FROV00001,FrozenEngine,1366,05/14/2024, 03:14:42,540
FROV00001,FrozenEngine,1366,05/14/2024, 04:14:16,540
FROV00001,FrozenEngine,1366,05/14/2024, 05:13:19,540
FROV00001,FrozenEngine,1366,05/14/2024, 06:17:58,540
FROV00001,FrozenEngine,1366,05/14/2024, 07:12:47,540
FROV00001,FrozenEngine,1366,05/14/2024, 08:17:22,540
FROV00001,FrozenEngine,1366,05/14/2024, 09:13:45,540
FROV00001,FrozenEngine,1366,05/14/2024, 10:15:04,540
FROV00001,FrozenEngine,1366,05/14/2024, 11:10:37,540
FROV00001,FrozenEngine,1366,05/14/2024, 12:22:52,540
FROV00001,FrozenEngine,1366,05/14/2024, 13:14:12,540
FROV00001,FrozenEngine,1366,05/14/2024, 14:11:52,540
FROV00001,FrozenEngine,1366,05/14/2024, 15:14:28,540
FROV00001,FrozenEngine,1366,05/14/2024, 16:16:38,540
FROV00001,FrozenEngine,1366,05/14/2024, 17:10:57,540
FROV00001,FrozenEngine,1366,05/14/2024, 18:15:49,540
FROV00001,FrozenEngine,1366,05/14/2024, 19:10:04,540
FROV00001,FrozenEngine,1366,05/14/2024, 20:14:32,540
FROV00001,FrozenEngine,1366,05/14/2024, 21:11:50,540
FROV00001,FrozenEngine,1366,05/14/2024, 22:12:32,540
FROV00001,FrozenEngine,1366,05/14/2024, 23:11:52,540
FROV00001,FrozenEngine,1367,05/15/2024, 00:53:37,540
FROV00001,FrozenEngine,1367,05/15/2024, 01:57:53,540
FROV00001,FrozenEngine,1367,05/15/2024, 02:30:31,540
FROV00001,FrozenEngine,1367,05/15/2024, 03:15:37,540
FROV00001,FrozenEngine,1367,05/15/2024, 04:16:06,540
FROV00001,FrozenEngine,1367,05/15/2024, 05:13:25,540
FROV00001,FrozenEngine,1367,05/15/2024, 06:16:43,540
FROV00001,FrozenEngine,1367,05/15/2024, 07:12:36,540
FROV00001,FrozenEngine,1367,05/15/2024, 08:15:48,540
FROV00001,FrozenEngine,1367,05/15/2024, 09:15:28,540
FROV00001,FrozenEngine,1367,05/15/2024, 10:13:45,540
FROV00001,FrozenEngine,1367,05/15/2024, 11:11:03,540
FROV00001,FrozenEngine,1367,05/15/2024, 12:23:32,540
FROV00001,FrozenEngine,1367,05/15/2024, 13:14:43,540
FROV00001,FrozenEngine,1367,05/15/2024, 14:13:29,540
FROV00001,FrozenEngine,1367,05/15/2024, 15:12:24,540
FROV00001,FrozenEngine,1367,05/15/2024, 16:15:27,540
FROV00001,FrozenEngine,1367,05/15/2024, 17:12:49,540
FROV00001,FrozenEngine,1367,05/15/2024, 18:16:11,540
FROV00001,FrozenEngine,1367,05/15/2024, 19:11:08,540
FROV00001,FrozenEngine,1367,05/15/2024, 20:14:28,540
FROV00001,FrozenEngine,1367,05/15/2024, 21:12:34,540
FROV00001,FrozenEngine,1367,05/15/2024, 22:13:25,540
FROV00001,FrozenEngine,1367,05/15/2024, 23:13:16,540
FROV00001,FrozenEngine,1367,05/16/2024, 00:53:49,540
FROV00001,FrozenEngine,1367,05/16/2024, 01:54:45,540
FROV00001,FrozenEngine,1367,05/16/2024, 02:25:49,540
FROV00001,FrozenEngine,1367,05/16/2024, 03:15:35,540
FROV00001,FrozenEngine,1367,05/16/2024, 04:13:15,540
FROV00001,FrozenEngine,1367,05/16/2024, 05:13:19,540
FROV00001,FrozenEngine,1367,05/16/2024, 06:14:24,540
FROV00001,FrozenEngine,1367,05/16/2024, 07:10:32,540
FROV00001,FrozenEngine,1367,05/16/2024, 08:13:19,540
FROV00001,FrozenEngine,1367,05/16/2024, 09:12:59,540
FROV00001,FrozenEngine,1367,05/16/2024, 10:13:09,540
FROV00001,FrozenEngine,1367,05/16/2024, 11:11:12,540
FROV00001,FrozenEngine,1367,05/16/2024, 12:22:41,540
FROV00001,FrozenEngine,1367,05/16/2024, 13:14:35,540
FROV00001,FrozenEngine,1367,05/16/2024, 14:12:59,540
FROV00001,FrozenEngine,1367,05/16/2024, 15:12:56,540
FROV00001,FrozenEngine,1367,05/16/2024, 16:14:44,540
FROV00001,FrozenEngine,1367,05/16/2024, 17:12:44,540
FROV00001,FrozenEngine,1367,05/16/2024, 18:15:28,540
FROV00001,FrozenEngine,1367,05/16/2024, 19:10:02,540
FROV00001,FrozenEngine,1367,05/16/2024, 20:12:44,540
FROV00001,FrozenEngine,1367,05/16/2024, 21:12:52,540
FROV00001,FrozenEngine,1367,05/16/2024, 22:12:44,540
FROV00001,FrozenEngine,1367,05/16/2024, 23:12:29,540
FROV00001,FrozenEngine,1367,05/17/2024, 00:54:05,540
FROV00001,FrozenEngine,1367,05/17/2024, 01:54:27,540
FROV00001,FrozenEngine,1367,05/17/2024, 02:25:19,540
FROV00001,FrozenEngine,1367,05/17/2024, 03:13:52,540
FROV00001,FrozenEngine,1367,05/17/2024, 04:15:08,540
FROV00001,FrozenEngine,1367,05/17/2024, 05:13:56,540
FROV00001,FrozenEngine,1367,05/17/2024, 06:17:10,540
FROV00001,FrozenEngine,1368,05/17/2024, 07:12:13,540
FROV00001,FrozenEngine,1368,05/17/2024, 08:15:43,540
FROV00001,FrozenEngine,1368,05/17/2024, 09:14:49,540
FROV00001,FrozenEngine,1368,05/17/2024, 10:13:19,540
FROV00001,FrozenEngine,1368,05/17/2024, 11:11:45,540
FROV00001,FrozenEngine,1368,05/17/2024, 12:21:24,540
FROV00001,FrozenEngine,1368,05/17/2024, 13:14:05,540
FROV00001,FrozenEngine,1368,05/17/2024, 14:12:52,540
FROV00001,FrozenEngine,1368,05/17/2024, 15:13:15,540
FROV00001,FrozenEngine,1368,05/17/2024, 16:14:37,540
FROV00001,FrozenEngine,1368,05/17/2024, 17:11:45,540
FROV00001,FrozenEngine,1368,05/17/2024, 18:16:34,540
FROV00001,FrozenEngine,1368,05/17/2024, 19:11:03,540
FROV00001,FrozenEngine,1368,05/17/2024, 20:13:54,540
FROV00001,FrozenEngine,1368,05/17/2024, 21:11:37,540
FROV00001,FrozenEngine,1368,05/17/2024, 22:12:18,540
FROV00001,FrozenEngine,1368,05/17/2024, 23:13:56,540
FROV00001,FrozenEngine,1368,05/18/2024, 00:53:08,540
FROV00001,FrozenEngine,1368,05/18/2024, 01:52:56,540
FROV00001,FrozenEngine,1368,05/18/2024, 02:25:47,540
FROV00001,FrozenEngine,1368,05/18/2024, 03:13:50,540
FROV00001,FrozenEngine,1368,05/18/2024, 04:14:43,540
FROV00001,FrozenEngine,1368,05/18/2024, 05:12:44,540
FROV00001,FrozenEngine,1368,05/18/2024, 06:15:36,540
FROV00001,FrozenEngine,1368,05/18/2024, 07:12:26,540
FROV00001,FrozenEngine,1368,05/18/2024, 08:14:14,540
FROV00001,FrozenEngine,1368,05/18/2024, 09:13:22,540
FROV00001,FrozenEngine,1368,05/18/2024, 10:11:59,540
FROV00001,FrozenEngine,1368,05/18/2024, 11:10:21,540
FROV00001,FrozenEngine,1368,05/18/2024, 12:20:49,540
FROV00001,FrozenEngine,1368,05/18/2024, 13:13:20,540
FROV00001,FrozenEngine,1368,05/18/2024, 14:11:28,540
FROV00001,FrozenEngine,1368,05/18/2024, 15:13:36,540
FROV00001,FrozenEngine,1368,05/18/2024, 16:14:23,540
FROV00001,FrozenEngine,1368,05/18/2024, 17:10:07,540
FROV00001,FrozenEngine,1368,05/18/2024, 18:15:37,540
FROV00001,FrozenEngine,1368,05/18/2024, 19:09:41,540
FROV00001,FrozenEngine,1368,05/18/2024, 20:13:12,540
FROV00001,FrozenEngine,1368,05/18/2024, 21:10:49,540
FROV00001,FrozenEngine,1368,05/18/2024, 22:10:56,540
FROV00001,FrozenEngine,1368,05/18/2024, 23:11:52,540
FROV00001,FrozenEngine,1368,05/19/2024, 00:57:31,540
FROV00001,FrozenEngine,1368,05/19/2024, 01:59:31,540
FROV00001,FrozenEngine,1368,05/19/2024, 02:31:43,540
FROV00001,FrozenEngine,1368,05/19/2024, 03:14:58,540
FROV00001,FrozenEngine,1368,05/19/2024, 04:15:12,540
FROV00001,FrozenEngine,1368,05/19/2024, 05:12:33,540
FROV00001,FrozenEngine,1368,05/19/2024, 06:15:36,540
FROV00001,FrozenEngine,1368,05/19/2024, 07:10:51,540
FROV00001,FrozenEngine,1368,05/19/2024, 08:14:36,540
FROV00001,FrozenEngine,1368,05/19/2024, 09:13:13,540
FROV00001,FrozenEngine,1368,05/19/2024, 10:12:02,540
FROV00001,FrozenEngine,1368,05/19/2024, 11:11:02,540
FROV00001,FrozenEngine,1368,05/19/2024, 12:21:47,540
FROV00001,FrozenEngine,1368,05/19/2024, 13:12:01,540
FROV00001,FrozenEngine,1368,05/19/2024, 14:11:36,540
FROV00001,FrozenEngine,1368,05/19/2024, 15:12:00,540
FROV00001,FrozenEngine,1368,05/19/2024, 16:14:47,540
FROV00001,FrozenEngine,1368,05/19/2024, 17:11:30,540
FROV00001,FrozenEngine,1368,05/19/2024, 18:15:19,540
FROV00001,FrozenEngine,1368,05/19/2024, 19:09:41,540
FROV00001,FrozenEngine,1368,05/19/2024, 20:13:34,540
FROV00001,FrozenEngine,1368,05/19/2024, 21:12:23,540
FROV00001,FrozenEngine,1368,05/19/2024, 22:14:10,540
FROV00001,FrozenEngine,1368,05/19/2024, 23:13:49,540
FROV00001,FrozenEngine,1368,05/20/2024, 00:54:16,540
FROV00001,FrozenEngine,1368,05/20/2024, 01:57:14,540
FROV00001,FrozenEngine,1368,05/20/2024, 02:29:39,540
FROV00001,FrozenEngine,1368,05/20/2024, 03:14:31,540
FROV00001,FrozenEngine,1368,05/20/2024, 04:15:46,540
FROV00001,FrozenEngine,1368,05/20/2024, 05:14:20,540
FROV00001,FrozenEngine,1368,05/20/2024, 06:17:30,540
FROV00001,FrozenEngine,1368,05/20/2024, 07:13:38,540
FROV00001,FrozenEngine,1368,05/20/2024, 08:16:32,540
FROV00001,FrozenEngine,1368,05/20/2024, 09:16:05,540
FROV00001,FrozenEngine,1368,05/20/2024, 10:13:40,540
FROV00001,FrozenEngine,1368,05/20/2024, 11:11:43,540
FROV00001,FrozenEngine,1368,05/20/2024, 12:24:41,540
FROV00001,FrozenEngine,1368,05/20/2024, 13:15:39,540
FROV00001,FrozenEngine,1368,05/20/2024, 14:12:38,540
FROV00001,FrozenEngine,1368,05/20/2024, 15:13:50,540
FROV00001,FrozenEngine,1368,05/20/2024, 16:16:01,540
FROV00001,FrozenEngine,1368,05/20/2024, 17:13:50,540
FROV00001,FrozenEngine,1368,05/20/2024, 18:16:02,540
FROV00001,FrozenEngine,1368,05/20/2024, 19:10:15,540
FROV00001,FrozenEngine,1368,05/20/2024, 20:13:03,540
FROV00001,FrozenEngine,1368,05/20/2024, 21:11:39,540
FROV00001,FrozenEngine,1368,05/20/2024, 22:11:50,540
FROV00001,FrozenEngine,1368,05/20/2024, 23:13:10,540
FROV00001,FrozenEngine,1368,05/21/2024, 00:53:54,540
FROV00001,FrozenEngine,1368,05/21/2024, 01:54:45,540
FROV00001,FrozenEngine,1368,05/21/2024, 02:26:35,540
FROV00001,FrozenEngine,1368,05/21/2024, 03:14:16,540
FROV00001,FrozenEngine,1368,05/21/2024, 04:15:00,540
FROV00001,FrozenEngine,1369,05/21/2024, 05:13:30,540
FROV00001,FrozenEngine,1369,05/21/2024, 06:17:39,540
FROV00001,FrozenEngine,1369,05/21/2024, 07:12:14,540
FROV00001,FrozenEngine,1369,05/21/2024, 08:15:51,540
FROV00001,FrozenEngine,1369,05/21/2024, 09:13:59,540
FROV00001,FrozenEngine,1369,05/21/2024, 10:13:19,540
FROV00001,FrozenEngine,1369,05/21/2024, 11:11:45,540
FROV00001,FrozenEngine,1369,05/21/2024, 12:22:11,540
FROV00001,FrozenEngine,1369,05/21/2024, 13:15:05,540
FROV00001,FrozenEngine,1369,05/21/2024, 14:11:50,540
FROV00001,FrozenEngine,1369,05/21/2024, 15:13:09,540
FROV00001,FrozenEngine,1369,05/21/2024, 16:15:05,540
FROV00001,FrozenEngine,1369,05/21/2024, 17:11:40,540
FROV00001,FrozenEngine,1369,05/21/2024, 18:15:55,540
FROV00001,FrozenEngine,1369,05/21/2024, 19:11:26,540
FROV00001,FrozenEngine,1369,05/21/2024, 20:14:26,540
FROV00001,FrozenEngine,1369,05/21/2024, 21:11:59,540
FROV00001,FrozenEngine,1369,05/21/2024, 22:12:00,540
FROV00001,FrozenEngine,1369,05/21/2024, 23:14:08,540
FROV00001,FrozenEngine,1369,05/22/2024, 00:54:11,540
FROV00001,FrozenEngine,1369,05/22/2024, 01:55:41,540
FROV00001,FrozenEngine,1369,05/22/2024, 02:27:02,540
FROV00001,FrozenEngine,1369,05/22/2024, 03:15:17,540
FROV00001,FrozenEngine,1370,05/22/2024, 04:14:58,540
FROV00001,FrozenEngine,1370,05/22/2024, 05:14:09,540
FROV00001,FrozenEngine,1370,05/22/2024, 06:17:11,540
FROV00001,FrozenEngine,1370,05/22/2024, 07:12:32,540
FROV00001,FrozenEngine,1370,05/22/2024, 08:16:44,540
FROV00001,FrozenEngine,1370,05/22/2024, 09:14:56,540
FROV00001,FrozenEngine,1370,05/22/2024, 10:13:49,540
FROV00001,FrozenEngine,1370,05/22/2024, 11:12:09,540
FROV00001,FrozenEngine,1370,05/22/2024, 12:22:59,540
FROV00001,FrozenEngine,1370,05/22/2024, 13:15:02,540
FROV00001,FrozenEngine,1370,05/22/2024, 14:12:05,540
FROV00001,FrozenEngine,1370,05/22/2024, 15:13:35,540
FROV00001,FrozenEngine,1370,05/22/2024, 16:17:07,540
FROV00001,FrozenEngine,1370,05/22/2024, 17:11:18,540
FROV00001,FrozenEngine,1370,05/22/2024, 18:16:21,540
FROV00001,FrozenEngine,1370,05/22/2024, 19:10:27,540
FROV00001,FrozenEngine,1370,05/22/2024, 20:13:30,540
FROV00001,FrozenEngine,1370,05/22/2024, 21:13:48,540
FROV00001,FrozenEngine,1370,05/22/2024, 22:11:49,540
FROV00001,FrozenEngine,1370,05/22/2024, 23:14:22,540
FROV00001,FrozenEngine,1370,05/23/2024, 00:53:56,540
FROV00001,FrozenEngine,1370,05/23/2024, 01:54:50,540
FROV00001,FrozenEngine,1370,05/23/2024, 02:26:38,540
FROV00001,FrozenEngine,1370,05/23/2024, 03:14:02,540
FROV00001,FrozenEngine,1370,05/23/2024, 04:14:49,540
FROV00001,FrozenEngine,1370,05/23/2024, 05:14:47,540
FROV00001,FrozenEngine,1370,05/23/2024, 06:18:07,540
FROV00001,FrozenEngine,1370,05/23/2024, 07:12:06,540
FROV00001,FrozenEngine,1370,05/23/2024, 08:15:55,540
FROV00001,FrozenEngine,1370,05/23/2024, 09:14:46,540
FROV00001,FrozenEngine,1370,05/23/2024, 10:14:55,540
FROV00001,FrozenEngine,1370,05/23/2024, 11:12:43,540
FROV00001,FrozenEngine,1370,05/23/2024, 12:22:14,540
FROV00001,FrozenEngine,1370,05/23/2024, 13:14:23,540
FROV00001,FrozenEngine,1370,05/23/2024, 14:12:36,540
FROV00001,FrozenEngine,1370,05/23/2024, 15:14:02,540
FROV00001,FrozenEngine,1370,05/23/2024, 16:15:59,540
FROV00001,FrozenEngine,1370,05/23/2024, 17:13:10,540
FROV00001,FrozenEngine,1370,05/23/2024, 18:15:59,540
FROV00001,FrozenEngine,1370,05/23/2024, 19:11:30,540
FROV00001,FrozenEngine,1370,05/23/2024, 20:13:54,540
FROV00001,FrozenEngine,1370,05/23/2024, 21:11:56,540
FROV00001,FrozenEngine,1370,05/23/2024, 22:12:19,540
FROV00001,FrozenEngine,1370,05/23/2024, 23:13:24,540
FROV00001,FrozenEngine,1370,05/24/2024, 00:54:10,540
FROV00001,FrozenEngine,1370,05/24/2024, 01:56:14,540
FROV00001,FrozenEngine,1370,05/24/2024, 02:27:12,540
FROV00001,FrozenEngine,1370,05/24/2024, 03:14:08,540
FROV00001,FrozenEngine,1370,05/24/2024, 04:16:00,540
FROV00001,FrozenEngine,1370,05/24/2024, 05:12:49,540
FROV00001,FrozenEngine,1370,05/24/2024, 06:17:24,540
FROV00001,FrozenEngine,1370,05/24/2024, 07:11:44,540
FROV00001,FrozenEngine,1370,05/24/2024, 08:15:53,540
FROV00001,FrozenEngine,1370,05/24/2024, 09:13:49,540
FROV00001,FrozenEngine,1370,05/24/2024, 10:13:30,540
FROV00001,FrozenEngine,1371,05/24/2024, 11:12:54,540
FROV00001,FrozenEngine,1371,05/24/2024, 12:22:10,540
FROV00001,FrozenEngine,1371,05/24/2024, 13:14:26,540
FROV00001,FrozenEngine,1371,05/24/2024, 14:13:02,540
FROV00001,FrozenEngine,1371,05/24/2024, 15:14:07,540
FROV00001,FrozenEngine,1371,05/24/2024, 16:14:46,540
FROV00001,FrozenEngine,1371,05/24/2024, 17:12:10,540
FROV00001,FrozenEngine,1371,05/24/2024, 18:16:21,540
FROV00001,FrozenEngine,1371,05/24/2024, 19:10:51,540
FROV00001,FrozenEngine,1371,05/24/2024, 20:13:29,540
FROV00001,FrozenEngine,1371,05/24/2024, 21:12:10,540
FROV00001,FrozenEngine,1371,05/24/2024, 22:12:34,540
FROV00001,FrozenEngine,1371,05/24/2024, 23:12:11,540
FROV00001,FrozenEngine,1371,05/25/2024, 00:52:59,540
FROV00001,FrozenEngine,1371,05/25/2024, 01:53:47,540
FROV00001,FrozenEngine,1371,05/25/2024, 02:24:56,540
FROV00001,FrozenEngine,1371,05/25/2024, 03:15:04,540
FROV00001,FrozenEngine,1371,05/25/2024, 04:14:21,540
FROV00001,FrozenEngine,1371,05/25/2024, 05:12:07,540
FROV00001,FrozenEngine,1371,05/25/2024, 06:16:57,540
FROV00001,FrozenEngine,1371,05/25/2024, 07:11:21,540
FROV00001,FrozenEngine,1371,05/25/2024, 08:15:53,540
FROV00001,FrozenEngine,1371,05/25/2024, 09:12:36,540
FROV00001,FrozenEngine,1371,05/25/2024, 10:13:25,540
FROV00001,FrozenEngine,1371,05/25/2024, 11:11:48,540
FROV00001,FrozenEngine,1371,05/25/2024, 12:21:34,540
FROV00001,FrozenEngine,1371,05/25/2024, 13:12:21,540
FROV00001,FrozenEngine,1371,05/25/2024, 14:10:47,540
FROV00001,FrozenEngine,1371,05/25/2024, 15:12:47,540
FROV00001,FrozenEngine,1371,05/25/2024, 16:14:28,540
FROV00001,FrozenEngine,1371,05/25/2024, 17:13:27,540
FROV00001,FrozenEngine,1371,05/25/2024, 18:14:59,540
FROV00001,FrozenEngine,1371,05/25/2024, 19:10:50,540
FROV00001,FrozenEngine,1371,05/25/2024, 20:12:31,540
FROV00001,FrozenEngine,1371,05/25/2024, 21:11:02,540
FROV00001,FrozenEngine,1371,05/25/2024, 22:12:08,540
FROV00001,FrozenEngine,1371,05/25/2024, 23:12:18,540
FROV00001,FrozenEngine,1371,05/26/2024, 00:58:36,540
FROV00001,FrozenEngine,1371,05/26/2024, 02:01:08,540
FROV00001,FrozenEngine,1371,05/26/2024, 02:35:33,540
FROV00001,FrozenEngine,1371,05/26/2024, 03:13:21,540
FROV00001,FrozenEngine,1371,05/26/2024, 04:14:21,540
FROV00001,FrozenEngine,1371,05/26/2024, 05:11:55,540
FROV00001,FrozenEngine,1371,05/26/2024, 06:16:28,540
FROV00001,FrozenEngine,1371,05/26/2024, 08:14:17,540
FROV00001,FrozenEngine,1371,05/26/2024, 09:13:08,540
FROV00001,FrozenEngine,1371,05/26/2024, 10:13:16,540
FROV00001,FrozenEngine,1371,05/26/2024, 11:10:54,540
FROV00001,FrozenEngine,1371,05/26/2024, 12:20:48,540
FROV00001,FrozenEngine,1371,05/26/2024, 13:12:19,540
FROV00001,FrozenEngine,1371,05/26/2024, 14:10:48,540
FROV00001,FrozenEngine,1371,05/26/2024, 15:13:46,540
FROV00001,FrozenEngine,1371,05/26/2024, 16:15:06,540
FROV00001,FrozenEngine,1371,05/26/2024, 17:11:26,540
FROV00001,FrozenEngine,1371,05/26/2024, 18:15:27,540
FROV00001,FrozenEngine,1371,05/26/2024, 19:10:36,540
FROV00001,FrozenEngine,1371,05/26/2024, 20:12:32,540
FROV00001,FrozenEngine,1371,05/26/2024, 21:12:12,540
FROV00001,FrozenEngine,1371,05/26/2024, 22:11:40,540
FROV00001,FrozenEngine,1371,05/26/2024, 23:12:16,540
FROV00001,FrozenEngine,1371,05/27/2024, 00:55:20,540
FROV00001,FrozenEngine,1371,05/27/2024, 01:57:18,540
FROV00001,FrozenEngine,1371,05/27/2024, 02:29:02,540
FROV00001,FrozenEngine,1371,05/27/2024, 03:15:14,540
FROV00001,FrozenEngine,1371,05/27/2024, 04:16:29,540
FROV00001,FrozenEngine,1371,05/27/2024, 05:13:04,540
FROV00001,FrozenEngine,1371,05/27/2024, 06:18:29,540
FROV00001,FrozenEngine,1371,05/27/2024, 07:13:31,540
FROV00001,FrozenEngine,1371,05/27/2024, 08:16:52,540
FROV00001,FrozenEngine,1371,05/27/2024, 10:13:46,540
FROV00001,FrozenEngine,1371,05/27/2024, 11:12:16,540
FROV00001,FrozenEngine,1371,05/27/2024, 12:22:57,540
FROV00001,FrozenEngine,1371,05/27/2024, 13:14:44,540
FROV00001,FrozenEngine,1371,05/27/2024, 14:11:51,540
FROV00001,FrozenEngine,1371,05/27/2024, 15:14:37,540
FROV00001,FrozenEngine,1371,05/27/2024, 16:15:09,540
FROV00001,FrozenEngine,1371,05/27/2024, 17:10:59,540
FROV00001,FrozenEngine,1371,05/27/2024, 18:16:16,540
FROV00001,FrozenEngine,1371,05/27/2024, 19:11:15,540
FROV00001,FrozenEngine,1372,05/27/2024, 20:13:01,540
FROV00001,FrozenEngine,1372,05/27/2024, 21:12:54,540
FROV00001,FrozenEngine,1373,05/27/2024, 22:11:49,540
FROV00001,FrozenEngine,1373,05/27/2024, 23:14:07,540
FROV00001,FrozenEngine,1373,05/28/2024, 00:54:39,540
FROV00001,FrozenEngine,1373,05/28/2024, 02:03:18,540
FROV00001,FrozenEngine,1373,05/28/2024, 02:29:30,540
FROV00001,FrozenEngine,1373,05/28/2024, 03:14:07,540
FROV00001,FrozenEngine,1373,05/28/2024, 04:17:31,540
FROV00001,FrozenEngine,1373,05/28/2024, 05:12:18,540
FROV00001,FrozenEngine,1373,05/28/2024, 06:17:14,540
FROV00001,FrozenEngine,1373,05/28/2024, 07:13:33,540
FROV00001,FrozenEngine,1373,05/28/2024, 08:17:14,540
FROV00001,FrozenEngine,1373,05/28/2024, 09:13:25,540
FROV00001,FrozenEngine,1373,05/28/2024, 10:13:41,540
FROV00001,FrozenEngine,1373,05/28/2024, 11:10:51,540
FROV00001,FrozenEngine,1373,05/28/2024, 12:22:35,540
FROV00001,FrozenEngine,1373,05/28/2024, 13:14:52,540
FROV00001,FrozenEngine,1373,05/28/2024, 14:12:44,540
FROV00001,FrozenEngine,1373,05/28/2024, 15:12:49,540
FROV00001,FrozenEngine,1373,05/28/2024, 16:15:15,540
FROV00001,FrozenEngine,1373,05/28/2024, 17:11:57,540
FROV00001,FrozenEngine,1373,05/28/2024, 18:15:53,540
FROV00001,FrozenEngine,1373,05/28/2024, 19:11:00,540
FROV00001,FrozenEngine,1373,05/28/2024, 20:14:27,540
FROV00001,FrozenEngine,1373,05/28/2024, 21:12:44,540
FROV00001,FrozenEngine,1373,05/28/2024, 22:11:58,540
FROV00001,FrozenEngine,1373,05/28/2024, 23:14:08,540
FROV00001,FrozenEngine,1373,05/29/2024, 00:57:56,540
FROV00001,FrozenEngine,1373,05/29/2024, 02:00:14,540
FROV00001,FrozenEngine,1373,05/29/2024, 02:34:37,540
FROV00001,FrozenEngine,1373,05/29/2024, 03:14:23,540
FROV00001,FrozenEngine,1373,05/29/2024, 04:17:02,540
FROV00001,FrozenEngine,1373,05/29/2024, 05:13:31,540
FROV00001,FrozenEngine,1373,05/29/2024, 06:17:09,540
FROV00001,FrozenEngine,1373,05/29/2024, 07:12:29,540
FROV00001,FrozenEngine,1373,05/29/2024, 08:17:22,540
FROV00001,FrozenEngine,1373,05/29/2024, 09:14:58,540
FROV00001,FrozenEngine,1373,05/29/2024, 10:14:56,540
FROV00001,FrozenEngine,1373,05/29/2024, 11:11:44,540
FROV00001,FrozenEngine,1373,05/29/2024, 12:22:46,540
FROV00001,FrozenEngine,1373,05/29/2024, 13:14:40,540
FROV00001,FrozenEngine,1373,05/29/2024, 14:13:02,540
FROV00001,FrozenEngine,1373,05/29/2024, 15:14:28,540
FROV00001,FrozenEngine,1373,05/29/2024, 16:16:34,540
FROV00001,FrozenEngine,1373,05/29/2024, 17:12:45,540
FROV00001,FrozenEngine,1373,05/29/2024, 18:15:59,540
FROV00001,FrozenEngine,1373,05/29/2024, 19:10:59,540
FROV00001,FrozenEngine,1373,05/29/2024, 20:13:51,540
FROV00001,FrozenEngine,1373,05/29/2024, 21:11:41,540
FROV00001,FrozenEngine,1373,05/29/2024, 22:12:26,540
FROV00001,FrozenEngine,1373,05/29/2024, 23:13:05,540
FROV00001,FrozenEngine,1373,05/30/2024, 00:54:53,540
FROV00001,FrozenEngine,1373,05/30/2024, 01:58:05,540
FROV00001,FrozenEngine,1373,05/30/2024, 02:29:59,540
FROV00001,FrozenEngine,1373,05/30/2024, 03:14:10,540
FROV00001,FrozenEngine,1373,05/30/2024, 04:18:18,540
FROV00001,FrozenEngine,1373,05/30/2024, 05:13:04,540
FROV00001,FrozenEngine,1373,05/30/2024, 06:17:11,540
FROV00001,FrozenEngine,1373,05/30/2024, 07:12:56,540
FROV00001,FrozenEngine,1373,05/30/2024, 08:17:05,540
FROV00001,FrozenEngine,1373,05/30/2024, 09:14:29,540
FROV00001,FrozenEngine,1373,05/30/2024, 10:14:04,540
FROV00001,FrozenEngine,1373,05/30/2024, 11:11:02,540
FROV00001,FrozenEngine,1373,05/30/2024, 12:23:04,540
FROV00001,FrozenEngine,1373,05/30/2024, 13:14:26,540
FROV00001,FrozenEngine,1373,05/30/2024, 14:13:18,540
FROV00001,FrozenEngine,1373,05/30/2024, 15:14:09,540
FROV00001,FrozenEngine,1373,05/30/2024, 16:15:33,540
FROV00001,FrozenEngine,1373,05/30/2024, 17:11:37,540
FROV00001,FrozenEngine,1373,05/30/2024, 18:17:43,540
FROV00001,FrozenEngine,1373,05/30/2024, 19:12:17,540
FROV00001,FrozenEngine,1373,05/30/2024, 20:14:43,540
FROV00001,FrozenEngine,1373,05/30/2024, 21:13:25,540
FROV00001,FrozenEngine,1373,05/30/2024, 22:13:04,540
FROV00001,FrozenEngine,1373,05/30/2024, 23:13:18,540
FROV00001,FrozenEngine,1373,05/31/2024, 00:55:33,540
FROV00001,FrozenEngine,1373,05/31/2024, 01:57:39,540
FROV00001,FrozenEngine,1373,05/31/2024, 02:29:53,540
FROV00001,FrozenEngine,1373,05/31/2024, 03:14:14,540
FROV00001,FrozenEngine,1373,05/31/2024, 04:16:41,540
FROV00001,FrozenEngine,1373,05/31/2024, 05:15:07,540
FROV00001,FrozenEngine,1373,05/31/2024, 06:17:22,540
FROV00001,FrozenEngine,1373,05/31/2024, 07:12:07,540
FROV00001,FrozenEngine,1373,05/31/2024, 08:16:30,540
FROV00001,FrozenEngine,1373,05/31/2024, 09:15:28,540
FROV00001,FrozenEngine,1373,05/31/2024, 10:13:58,540
FROV00001,FrozenEngine,1373,05/31/2024, 11:11:37,540
FROV00001,FrozenEngine,1373,05/31/2024, 12:22:32,540
FROV00001,FrozenEngine,1373,05/31/2024, 13:14:14,540
FROV00001,FrozenEngine,1373,05/31/2024, 14:11:52,540
FROV00001,FrozenEngine,1373,05/31/2024, 15:14:57,540
FROV00001,FrozenEngine,1373,05/31/2024, 16:14:49,540
FROV00001,FrozenEngine,1373,05/31/2024, 17:11:59,540
FROV00001,FrozenEngine,1373,05/31/2024, 18:16:14,540
FROV00001,FrozenEngine,1373,05/31/2024, 19:11:27,540
FROV00001,FrozenEngine,1373,05/31/2024, 20:13:13,540
FROV00001,FrozenEngine,1373,05/31/2024, 21:12:40,540
FROV00001,FrozenEngine,1373,05/31/2024, 22:12:04,540
FROV00001,FrozenEngine,1373,05/31/2024, 23:12:26,540
FROV00001,FrozenEngine,1373,06/01/2024, 00:58:10,540
FROV00001,FrozenEngine,1373,06/01/2024, 02:01:37,540
FROV00001,FrozenEngine,1373,06/01/2024, 02:38:20,540
FROV00001,FrozenEngine,1373,06/01/2024, 03:16:01,540
FROV00001,FrozenEngine,1373,06/01/2024, 04:15:05,540
FROV00001,FrozenEngine,1373,06/01/2024, 05:13:35,540
FROV00001,FrozenEngine,1373,06/01/2024, 06:16:40,540
FROV00001,FrozenEngine,1373,06/01/2024, 07:11:31,540
FROV00001,FrozenEngine,1373,06/01/2024, 08:15:22,540
FROV00001,FrozenEngine,1373,06/01/2024, 09:15:21,540
FROV00001,FrozenEngine,1373,06/01/2024, 10:13:19,540
FROV00001,FrozenEngine,1373,06/01/2024, 11:12:26,540
FROV00001,FrozenEngine,1373,06/01/2024, 12:21:37,540
FROV00001,FrozenEngine,1373,06/01/2024, 13:12:29,540
FROV00001,FrozenEngine,1374,06/01/2024, 14:12:11,540
FROV00001,FrozenEngine,1374,06/01/2024, 15:12:01,540
FROV00001,FrozenEngine,1374,06/01/2024, 16:14:14,540
FROV00001,FrozenEngine,1374,06/01/2024, 17:11:43,540
FROV00001,FrozenEngine,1374,06/01/2024, 18:15:46,540
FROV00001,FrozenEngine,1374,06/01/2024, 19:12:00,540
FROV00001,FrozenEngine,1374,06/01/2024, 20:12:25,540
FROV00001,FrozenEngine,1374,06/01/2024, 21:12:36,540
FROV00001,FrozenEngine,1374,06/01/2024, 22:11:26,540
FROV00001,FrozenEngine,1374,06/01/2024, 23:14:09,540
FROV00001,FrozenEngine,1374,06/02/2024, 00:58:32,540
FROV00001,FrozenEngine,1374,06/02/2024, 02:02:23,540
FROV00001,FrozenEngine,1374,06/02/2024, 03:14:25,540
FROV00001,FrozenEngine,1374,06/02/2024, 04:14:32,540
FROV00001,FrozenEngine,1374,06/02/2024, 05:12:23,540
FROV00001,FrozenEngine,1374,06/02/2024, 06:17:49,540
FROV00001,FrozenEngine,1374,06/02/2024, 07:12:38,540
FROV00001,FrozenEngine,1374,06/02/2024, 08:14:46,540
FROV00001,FrozenEngine,1374,06/02/2024, 09:13:41,540
FROV00001,FrozenEngine,1374,06/02/2024, 10:12:42,540
FROV00001,FrozenEngine,1374,06/02/2024, 11:11:08,540
FROV00001,FrozenEngine,1374,06/02/2024, 12:21:14,540
FROV00001,FrozenEngine,1374,06/02/2024, 13:12:39,540
FROV00001,FrozenEngine,1374,06/02/2024, 14:11:15,540
FROV00001,FrozenEngine,1374,06/02/2024, 15:12:13,540
FROV00001,FrozenEngine,1374,06/02/2024, 16:14:45,540
FROV00001,FrozenEngine,1374,06/02/2024, 17:12:27,540
FROV00001,FrozenEngine,1374,06/02/2024, 18:16:47,540
FROV00001,FrozenEngine,1374,06/02/2024, 19:10:09,540
FROV00001,FrozenEngine,1374,06/02/2024, 20:12:28,540
FROV00001,FrozenEngine,1374,06/02/2024, 21:12:42,540
FROV00001,FrozenEngine,1374,06/02/2024, 22:11:43,540
FROV00001,FrozenEngine,1374,06/02/2024, 23:12:49,540
FROV00001,FrozenEngine,1374,06/03/2024, 00:56:22,540
FROV00001,FrozenEngine,1374,06/03/2024, 01:59:14,540
FROV00001,FrozenEngine,1374,06/03/2024, 02:33:16,540
FROV00001,FrozenEngine,1374,06/03/2024, 03:15:22,540
FROV00001,FrozenEngine,1374,06/03/2024, 04:17:25,540
FROV00001,FrozenEngine,1374,06/03/2024, 05:14:34,540
FROV00001,FrozenEngine,1374,06/03/2024, 06:17:48,540
FROV00001,FrozenEngine,1374,06/03/2024, 07:12:40,540
FROV00001,FrozenEngine,1374,06/03/2024, 08:17:31,540
FROV00001,FrozenEngine,1374,06/03/2024, 09:14:21,540
FROV00001,FrozenEngine,1374,06/03/2024, 10:16:42,540
FROV00001,FrozenEngine,1374,06/03/2024, 11:11:38,540
FROV00001,FrozenEngine,1374,06/03/2024, 12:23:52,540
FROV00001,FrozenEngine,1374,06/03/2024, 13:15:30,540
FROV00001,FrozenEngine,1374,06/03/2024, 14:12:38,540
FROV00001,FrozenEngine,1374,06/03/2024, 15:14:10,540
FROV00001,FrozenEngine,1374,06/03/2024, 16:16:41,540
FROV00001,FrozenEngine,1374,06/03/2024, 17:12:30,540
FROV00001,FrozenEngine,1374,06/03/2024, 18:17:18,540
FROV00001,FrozenEngine,1374,06/03/2024, 19:11:48,540
FROV00001,FrozenEngine,1374,06/03/2024, 20:13:14,540
FROV00001,FrozenEngine,1374,06/03/2024, 21:13:19,540
FROV00001,FrozenEngine,1374,06/03/2024, 22:12:39,540
FROV00001,FrozenEngine,1374,06/03/2024, 23:13:57,540
FROV00001,FrozenEngine,1374,06/04/2024, 00:55:40,540
FROV00001,FrozenEngine,1374,06/04/2024, 01:57:58,540
FROV00001,FrozenEngine,1374,06/04/2024, 02:30:43,540
FROV00001,FrozenEngine,1374,06/04/2024, 03:15:18,540
FROV00001,FrozenEngine,1374,06/04/2024, 04:15:00,540
FROV00001,FrozenEngine,1374,06/04/2024, 05:15:29,540
FROV00001,FrozenEngine,1374,06/04/2024, 06:17:43,540
FROV00001,FrozenEngine,1374,06/04/2024, 07:12:52,540
FROV00001,FrozenEngine,1374,06/04/2024, 08:16:20,540
FROV00001,FrozenEngine,1374,06/04/2024, 09:15:11,540
FROV00001,FrozenEngine,1374,06/04/2024, 10:14:11,540
FROV00001,FrozenEngine,1374,06/04/2024, 11:12:18,540
FROV00001,FrozenEngine,1374,06/04/2024, 12:22:51,540
FROV00001,FrozenEngine,1374,06/04/2024, 13:14:58,540
FROV00001,FrozenEngine,1374,06/04/2024, 14:12:37,540
FROV00001,FrozenEngine,1374,06/04/2024, 15:13:56,540
FROV00001,FrozenEngine,1374,06/04/2024, 16:16:29,540
FROV00001,FrozenEngine,1374,06/04/2024, 17:12:07,540
FROV00001,FrozenEngine,1374,06/04/2024, 18:16:50,540
FROV00001,FrozenEngine,1374,06/04/2024, 19:12:04,540
FROV00001,FrozenEngine,1374,06/04/2024, 20:13:43,540
FROV00001,FrozenEngine,1374,06/04/2024, 21:12:23,540
FROV00001,FrozenEngine,1374,06/04/2024, 22:13:21,540
FROV00001,FrozenEngine,1374,06/04/2024, 23:14:00,540
FROV00001,FrozenEngine,1374,06/05/2024, 00:55:06,540
FROV00001,FrozenEngine,1374,06/05/2024, 01:57:57,540
FROV00001,FrozenEngine,1374,06/05/2024, 02:30:39,540
FROV00001,FrozenEngine,1374,06/05/2024, 03:16:20,540
FROV00001,FrozenEngine,1374,06/05/2024, 04:18:14,540
FROV00001,FrozenEngine,1374,06/05/2024, 05:13:18,540
FROV00001,FrozenEngine,1374,06/05/2024, 06:17:53,540
FROV00001,FrozenEngine,1374,06/05/2024, 07:12:23,540
FROV00001,FrozenEngine,1374,06/05/2024, 08:16:05,540
FROV00001,FrozenEngine,1374,06/05/2024, 09:15:43,540
FROV00001,FrozenEngine,1374,06/05/2024, 10:13:31,540
FROV00001,FrozenEngine,1374,06/05/2024, 11:11:02,540
FROV00001,FrozenEngine,1374,06/05/2024, 12:23:32,540
FROV00001,FrozenEngine,1374,06/05/2024, 13:15:24,540
FROV00001,FrozenEngine,1374,06/05/2024, 14:13:25,540
FROV00001,FrozenEngine,1374,06/05/2024, 15:13:34,540
FROV00001,FrozenEngine,1374,06/05/2024, 16:16:14,540
FROV00001,FrozenEngine,1374,06/05/2024, 17:12:05,540
FROV00001,FrozenEngine,1374,06/05/2024, 18:16:29,540
FROV00001,FrozenEngine,1374,06/05/2024, 19:11:03,540
FROV00001,FrozenEngine,1374,06/05/2024, 20:14:05,540
FROV00001,FrozenEngine,1374,06/05/2024, 21:14:06,540
FROV00001,FrozenEngine,1374,06/05/2024, 22:12:28,540
FROV00001,FrozenEngine,1374,06/05/2024, 23:13:43,540
FROV00001,FrozenEngine,1374,06/06/2024, 00:55:17,540
FROV00001,FrozenEngine,1374,06/06/2024, 01:57:28,540
FROV00001,FrozenEngine,1374,06/06/2024, 02:29:47,540
FROV00001,FrozenEngine,1374,06/06/2024, 03:14:54,540
FROV00001,FrozenEngine,1374,06/06/2024, 04:15:10,540
FROV00001,FrozenEngine,1374,06/06/2024, 05:13:53,540
FROV00001,FrozenEngine,1374,06/06/2024, 06:17:47,540
FROV00001,FrozenEngine,1374,06/06/2024, 07:13:42,540
FROV00001,FrozenEngine,1374,06/06/2024, 08:16:30,540
FROV00001,FrozenEngine,1374,06/06/2024, 09:14:56,540
FROV00001,FrozenEngine,1374,06/06/2024, 10:14:08,540
FROV00001,FrozenEngine,1374,06/06/2024, 11:11:39,540
FROV00001,FrozenEngine,1374,06/06/2024, 12:22:59,540
FROV00001,FrozenEngine,1374,06/06/2024, 13:15:21,540
FROV00001,FrozenEngine,1374,06/06/2024, 14:13:16,540
FROV00001,FrozenEngine,1374,06/06/2024, 15:14:43,540
FROV00001,FrozenEngine,1374,06/06/2024, 16:16:10,540
FROV00001,FrozenEngine,1374,06/06/2024, 17:13:08,540
FROV00001,FrozenEngine,1374,06/06/2024, 18:16:22,540
FROV00001,FrozenEngine,1374,06/06/2024, 19:12:45,540
FROV00001,FrozenEngine,1374,06/06/2024, 20:15:09,540
FROV00001,FrozenEngine,1374,06/06/2024, 21:13:46,540
FROV00001,FrozenEngine,1374,06/06/2024, 22:12:14,540
FROV00001,FrozenEngine,1374,06/06/2024, 23:16:35,540
FROV00001,FrozenEngine,1374,06/07/2024, 00:57:18,540
FROV00001,FrozenEngine,1374,06/07/2024, 02:00:00,540
FROV00001,FrozenEngine,1374,06/07/2024, 02:36:10,540
FROV00001,FrozenEngine,1374,06/07/2024, 03:15:11,540
FROV00001,FrozenEngine,1374,06/07/2024, 04:16:27,540
FROV00001,FrozenEngine,1374,06/07/2024, 05:13:59,540
FROV00001,FrozenEngine,1374,06/07/2024, 06:18:23,540
FROV00001,FrozenEngine,1374,06/07/2024, 07:12:19,540
FROV00001,FrozenEngine,1374,06/07/2024, 08:16:27,540
FROV00001,FrozenEngine,1374,06/07/2024, 09:14:08,540
FROV00001,FrozenEngine,1374,06/07/2024, 10:13:55,540
FROV00001,FrozenEngine,1374,06/07/2024, 11:12:24,540
FROV00001,FrozenEngine,1374,06/07/2024, 12:24:26,540
FROV00001,FrozenEngine,1374,06/07/2024, 13:16:06,540
FROV00001,FrozenEngine,1374,06/07/2024, 14:13:23,540
FROV00001,FrozenEngine,1374,06/07/2024, 15:13:44,540
FROV00001,FrozenEngine,1374,06/07/2024, 16:15:19,540
FROV00001,FrozenEngine,1374,06/07/2024, 17:11:59,540
FROV00001,FrozenEngine,1374,06/07/2024, 18:17:30,540
FROV00001,FrozenEngine,1374,06/07/2024, 19:11:27,540
FROV00001,FrozenEngine,1374,06/07/2024, 20:13:18,540
FROV00001,FrozenEngine,1374,06/07/2024, 21:14:14,540
FROV00001,FrozenEngine,1374,06/07/2024, 22:13:00,540
FROV00001,FrozenEngine,1374,06/07/2024, 23:13:56,540
FROV00001,FrozenEngine,1374,06/08/2024, 00:55:39,540
FROV00001,FrozenEngine,1374,06/08/2024, 01:57:23,540
FROV00001,FrozenEngine,1374,06/08/2024, 02:29:34,540
FROV00001,FrozenEngine,1374,06/08/2024, 03:14:09,540
FROV00001,FrozenEngine,1374,06/08/2024, 04:16:09,540
FROV00001,FrozenEngine,1374,06/08/2024, 05:12:41,540
FROV00001,FrozenEngine,1374,06/08/2024, 06:16:20,540
FROV00001,FrozenEngine,1374,06/08/2024, 07:12:31,540
FROV00001,FrozenEngine,1374,06/08/2024, 08:14:40,540
FROV00001,FrozenEngine,1374,06/08/2024, 09:14:28,540
FROV00001,FrozenEngine,1374,06/08/2024, 10:13:20,540
FROV00001,FrozenEngine,1374,06/08/2024, 11:11:26,540
FROV00001,FrozenEngine,1374,06/08/2024, 12:20:51,540
FROV00001,FrozenEngine,1374,06/08/2024, 13:13:10,540
FROV00001,FrozenEngine,1374,06/08/2024, 14:12:07,540
FROV00001,FrozenEngine,1374,06/08/2024, 15:13:10,540
FROV00001,FrozenEngine,1374,06/08/2024, 16:16:22,540
FROV00001,FrozenEngine,1374,06/08/2024, 17:11:31,540
FROV00001,FrozenEngine,1374,06/08/2024, 18:15:35,540
FROV00001,FrozenEngine,1374,06/08/2024, 19:10:51,540
FROV00001,FrozenEngine,1374,06/08/2024, 20:12:36,540
FROV00001,FrozenEngine,1374,06/08/2024, 21:11:41,540
FROV00001,FrozenEngine,1374,06/08/2024, 22:11:44,540
FROV00001,FrozenEngine,1374,06/08/2024, 23:13:07,540
FROV00001,FrozenEngine,1374,06/09/2024, 01:00:22,540
FROV00001,FrozenEngine,1374,06/09/2024, 02:07:12,540
FROV00001,FrozenEngine,1374,06/09/2024, 03:14:35,540
FROV00001,FrozenEngine,1374,06/09/2024, 04:15:32,540
FROV00001,FrozenEngine,1374,06/09/2024, 05:12:33,540
FROV00001,FrozenEngine,1374,06/09/2024, 06:17:08,540
FROV00001,FrozenEngine,1374,06/09/2024, 07:12:48,540
FROV00001,FrozenEngine,1374,06/09/2024, 08:15:13,540
FROV00001,FrozenEngine,1374,06/09/2024, 09:14:12,540
FROV00001,FrozenEngine,1374,06/09/2024, 10:12:36,540
FROV00001,FrozenEngine,1374,06/09/2024, 11:10:43,540
FROV00001,FrozenEngine,1374,06/09/2024, 12:22:06,540
FROV00001,FrozenEngine,1374,06/09/2024, 13:13:23,540
FROV00001,FrozenEngine,1374,06/09/2024, 14:12:04,540
FROV00001,FrozenEngine,1374,06/09/2024, 15:12:31,540
FROV00001,FrozenEngine,1374,06/09/2024, 16:14:31,540
FROV00001,FrozenEngine,1374,06/09/2024, 17:12:43,540
FROV00001,FrozenEngine,1374,06/09/2024, 18:15:29,540
FROV00001,FrozenEngine,1374,06/09/2024, 19:11:21,540
FROV00001,FrozenEngine,1374,06/09/2024, 20:14:18,540
FROV00001,FrozenEngine,1374,06/09/2024, 21:13:07,540
FROV00001,FrozenEngine,1374,06/09/2024, 22:12:33,540
FROV00001,FrozenEngine,1374,06/09/2024, 23:13:03,540
FROV00001,FrozenEngine,1374,06/10/2024, 00:57:31,540
FROV00001,FrozenEngine,1374,06/10/2024, 02:02:09,540
FROV00001,FrozenEngine,1374,06/10/2024, 03:14:57,540
FROV00001,FrozenEngine,1374,06/10/2024, 04:17:53,540
FROV00001,FrozenEngine,1374,06/10/2024, 05:13:20,540
FROV00001,FrozenEngine,1374,06/10/2024, 06:19:10,540
FROV00001,FrozenEngine,1374,06/10/2024, 07:12:54,540
FROV00001,FrozenEngine,1374,06/10/2024, 08:17:23,540
FROV00001,FrozenEngine,1374,06/10/2024, 09:15:32,540
FROV00001,FrozenEngine,1374,06/10/2024, 10:15:04,540
FROV00001,FrozenEngine,1374,06/10/2024, 11:12:02,540
FROV00001,FrozenEngine,1374,06/10/2024, 12:23:53,540
FROV00001,FrozenEngine,1374,06/10/2024, 13:16:24,540
FROV00001,FrozenEngine,1374,06/10/2024, 14:14:23,540
FROV00001,FrozenEngine,1374,06/10/2024, 15:14:38,540
FROV00001,FrozenEngine,1374,06/10/2024, 16:16:42,540
FROV00001,FrozenEngine,1374,06/10/2024, 17:11:29,540
FROV00001,FrozenEngine,1374,06/10/2024, 18:16:55,540
FROV00001,FrozenEngine,1374,06/10/2024, 19:11:26,540
FROV00001,FrozenEngine,1374,06/10/2024, 20:13:40,540
FROV00001,FrozenEngine,1374,06/10/2024, 21:13:28,540
FROV00001,FrozenEngine,1374,06/10/2024, 22:13:51,540
FROV00001,FrozenEngine,1374,06/10/2024, 23:12:56,540
FROV00001,FrozenEngine,1374,06/11/2024, 00:56:30,540
FROV00001,FrozenEngine,1375,06/11/2024, 01:59:54,540
FROV00001,FrozenEngine,1375,06/11/2024, 02:34:39,540
FROV00001,FrozenEngine,1375,06/11/2024, 03:14:30,540
FROV00001,FrozenEngine,1375,06/11/2024, 04:15:41,540
FROV00001,FrozenEngine,1375,06/11/2024, 05:13:59,540
FROV00001,FrozenEngine,1375,06/11/2024, 06:17:29,540
FROV00001,FrozenEngine,1375,06/11/2024, 07:13:17,540
FROV00001,FrozenEngine,1375,06/11/2024, 08:17:09,540
FROV00001,FrozenEngine,1375,06/11/2024, 09:15:21,540
FROV00001,FrozenEngine,1375,06/11/2024, 10:14:41,540
FROV00001,FrozenEngine,1375,06/11/2024, 11:12:26,540
FROV00001,FrozenEngine,1375,06/11/2024, 12:23:59,540
FROV00001,FrozenEngine,1375,06/11/2024, 13:15:57,540
FROV00001,FrozenEngine,1375,06/11/2024, 14:12:50,540
FROV00001,FrozenEngine,1375,06/11/2024, 15:13:24,540
FROV00001,FrozenEngine,1375,06/11/2024, 16:16:38,540
FROV00001,FrozenEngine,1375,06/11/2024, 17:12:58,540
FROV00001,FrozenEngine,1375,06/11/2024, 18:17:41,540
FROV00001,FrozenEngine,1375,06/11/2024, 19:11:13,540
FROV00001,FrozenEngine,1375,06/11/2024, 20:13:36,540
FROV00001,FrozenEngine,1375,06/11/2024, 21:12:17,540
FROV00001,FrozenEngine,1375,06/11/2024, 22:12:20,540
FROV00001,FrozenEngine,1375,06/11/2024, 23:12:54,540
FROV00001,FrozenEngine,1375,06/12/2024, 00:56:39,540
FROV00001,FrozenEngine,1375,06/12/2024, 01:59:33,540
FROV00001,FrozenEngine,1375,06/12/2024, 02:34:54,540
FROV00001,FrozenEngine,1375,06/12/2024, 03:14:35,540
FROV00001,FrozenEngine,1375,06/12/2024, 04:15:48,540
FROV00001,FrozenEngine,1375,06/12/2024, 05:13:13,540
FROV00001,FrozenEngine,1375,06/12/2024, 06:17:43,540
FROV00001,FrozenEngine,1375,06/12/2024, 07:12:44,540
FROV00001,FrozenEngine,1375,06/12/2024, 08:16:32,540
FROV00001,FrozenEngine,1375,06/12/2024, 09:14:07,540
FROV00001,FrozenEngine,1375,06/12/2024, 10:14:13,540
FROV00001,FrozenEngine,1375,06/12/2024, 11:12:08,540
FROV00001,FrozenEngine,1375,06/12/2024, 12:23:32,540
FROV00001,FrozenEngine,1375,06/12/2024, 13:15:27,540
FROV00001,FrozenEngine,1375,06/12/2024, 14:12:15,540
FROV00001,FrozenEngine,1375,06/12/2024, 15:12:05,540
FROV00001,FrozenEngine,1375,06/12/2024, 16:15:46,540
FROV00001,FrozenEngine,1375,06/12/2024, 17:11:43,540
FROV00001,FrozenEngine,1375,06/12/2024, 18:17:20,540
FROV00001,FrozenEngine,1375,06/12/2024, 19:11:43,540
FROV00001,FrozenEngine,1375,06/12/2024, 20:13:34,540
FROV00001,FrozenEngine,1375,06/12/2024, 21:12:33,540
FROV00001,FrozenEngine,1375,06/12/2024, 22:12:51,540
FROV00001,FrozenEngine,1375,06/12/2024, 23:13:09,540
FROV00001,FrozenEngine,1375,06/13/2024, 00:56:00,540
FROV00001,FrozenEngine,1375,06/13/2024, 01:58:52,540
FROV00001,FrozenEngine,1375,06/13/2024, 02:33:01,540
FROV00001,FrozenEngine,1375,06/13/2024, 03:14:23,540
FROV00001,FrozenEngine,1375,06/13/2024, 04:15:55,540
FROV00001,FrozenEngine,1375,06/13/2024, 05:14:19,540
FROV00001,FrozenEngine,1375,06/13/2024, 06:18:04,540
FROV00001,FrozenEngine,1375,06/13/2024, 07:12:32,540
FROV00001,FrozenEngine,1375,06/13/2024, 08:16:23,540
FROV00001,FrozenEngine,1375,06/13/2024, 09:15:03,540
FROV00001,FrozenEngine,1375,06/13/2024, 10:13:41,540
FROV00001,FrozenEngine,1376,06/13/2024, 11:12:20,540
FROV00001,FrozenEngine,1376,06/13/2024, 12:23:33,540
FROV00001,FrozenEngine,1376,06/13/2024, 13:15:21,540
FROV00001,FrozenEngine,1376,06/13/2024, 14:13:21,540
FROV00001,FrozenEngine,1376,06/13/2024, 15:14:09,540
FROV00001,FrozenEngine,1376,06/13/2024, 16:17:15,540
FROV00001,FrozenEngine,1376,06/13/2024, 17:12:43,540
FROV00001,FrozenEngine,1376,06/13/2024, 18:17:39,540
FROV00001,FrozenEngine,1376,06/13/2024, 19:11:18,540
FROV00001,FrozenEngine,1376,06/13/2024, 20:13:30,540
FROV00001,FrozenEngine,1376,06/13/2024, 21:13:47,540
FROV00001,FrozenEngine,1376,06/13/2024, 22:12:52,540
FROV00001,FrozenEngine,1376,06/13/2024, 23:13:46,540
FROV00001,FrozenEngine,1376,06/14/2024, 00:55:54,540
FROV00001,FrozenEngine,1376,06/14/2024, 01:59:19,540
FROV00001,FrozenEngine,1376,06/14/2024, 02:34:19,540
FROV00001,FrozenEngine,1376,06/14/2024, 03:14:20,540
FROV00001,FrozenEngine,1376,06/14/2024, 04:15:46,540
FROV00001,FrozenEngine,1376,06/14/2024, 05:12:53,540
FROV00001,FrozenEngine,1376,06/14/2024, 07:13:17,540
FROV00001,FrozenEngine,1376,06/14/2024, 08:16:07,540
FROV00001,FrozenEngine,1376,06/14/2024, 09:13:55,540
FROV00001,FrozenEngine,1376,06/14/2024, 10:13:42,540
FROV00001,FrozenEngine,1376,06/14/2024, 11:11:37,540
FROV00001,FrozenEngine,1376,06/14/2024, 12:23:11,540
FROV00001,FrozenEngine,1376,06/14/2024, 13:15:40,540
FROV00001,FrozenEngine,1376,06/14/2024, 14:13:41,540
FROV00001,FrozenEngine,1376,06/14/2024, 15:15:11,540
FROV00001,FrozenEngine,1376,06/14/2024, 16:14:59,540
FROV00001,FrozenEngine,1376,06/14/2024, 17:13:05,540
FROV00001,FrozenEngine,1376,06/14/2024, 18:17:47,540
FROV00001,FrozenEngine,1376,06/14/2024, 19:10:56,540
FROV00001,FrozenEngine,1376,06/14/2024, 20:13:45,540
FROV00001,FrozenEngine,1376,06/14/2024, 21:13:29,540
FROV00001,FrozenEngine,1376,06/14/2024, 22:13:12,540
FROV00001,FrozenEngine,1376,06/14/2024, 23:12:54,540
FROV00001,FrozenEngine,1376,06/15/2024, 00:55:53,540
FROV00001,FrozenEngine,1376,06/15/2024, 01:58:18,540
FROV00001,FrozenEngine,1376,06/15/2024, 02:31:01,540
FROV00001,FrozenEngine,1376,06/15/2024, 03:14:14,540
FROV00001,FrozenEngine,1376,06/15/2024, 04:16:25,540
FROV00001,FrozenEngine,1376,06/15/2024, 05:13:19,540
FROV00001,FrozenEngine,1376,06/15/2024, 06:16:24,540
FROV00001,FrozenEngine,1376,06/15/2024, 07:13:27,540
FROV00001,FrozenEngine,1376,06/15/2024, 08:15:28,540
FROV00001,FrozenEngine,1376,06/15/2024, 09:12:52,540
FROV00001,FrozenEngine,1376,06/15/2024, 10:14:26,540
FROV00001,FrozenEngine,1376,06/15/2024, 11:11:29,540
FROV00001,FrozenEngine,1376,06/15/2024, 12:22:26,540
FROV00001,FrozenEngine,1376,06/15/2024, 13:13:21,540
FROV00001,FrozenEngine,1376,06/15/2024, 14:12:13,540
FROV00001,FrozenEngine,1376,06/15/2024, 15:13:15,540
FROV00001,FrozenEngine,1376,06/15/2024, 16:15:59,540
FROV00001,FrozenEngine,1376,06/15/2024, 17:12:02,540
FROV00001,FrozenEngine,1376,06/15/2024, 18:16:45,540
FROV00001,FrozenEngine,1376,06/15/2024, 19:11:04,540
FROV00001,FrozenEngine,1376,06/15/2024, 20:13:56,540
FROV00001,FrozenEngine,1376,06/15/2024, 21:11:23,540
FROV00001,FrozenEngine,1376,06/15/2024, 22:12:42,540
FROV00001,FrozenEngine,1376,06/15/2024, 23:13:31,540
FROV00001,FrozenEngine,1376,06/16/2024, 01:00:37,540
FROV00001,FrozenEngine,1376,06/16/2024, 02:07:26,540
FROV00001,FrozenEngine,1376,06/16/2024, 03:14:25,540
FROV00001,FrozenEngine,1376,06/16/2024, 04:15:03,540
FROV00001,FrozenEngine,1376,06/16/2024, 05:13:23,540
FROV00001,FrozenEngine,1376,06/16/2024, 06:17:25,540
FROV00001,FrozenEngine,1376,06/16/2024, 07:13:23,540
FROV00001,FrozenEngine,1376,06/16/2024, 08:14:51,540
FROV00001,FrozenEngine,1376,06/16/2024, 09:14:35,540
FROV00001,FrozenEngine,1376,06/16/2024, 10:13:44,540
FROV00001,FrozenEngine,1377,06/16/2024, 11:11:20,540
FROV00001,FrozenEngine,1377,06/16/2024, 12:21:52,540
FROV00001,FrozenEngine,1377,06/16/2024, 13:13:31,540
FROV00001,FrozenEngine,1377,06/16/2024, 14:11:25,540
FROV00001,FrozenEngine,1377,06/16/2024, 15:13:57,540
FROV00001,FrozenEngine,1377,06/16/2024, 16:14:42,540
FROV00001,FrozenEngine,1377,06/16/2024, 17:11:13,540
FROV00001,FrozenEngine,1377,06/16/2024, 18:16:59,540
FROV00001,FrozenEngine,1377,06/16/2024, 19:12:13,540
FROV00001,FrozenEngine,1377,06/16/2024, 20:12:42,540
FROV00001,FrozenEngine,1377,06/16/2024, 21:13:54,540
FROV00001,FrozenEngine,1377,06/16/2024, 22:13:44,540
FROV00001,FrozenEngine,1377,06/16/2024, 23:14:48,540
FROV00001,FrozenEngine,1377,06/17/2024, 00:58:13,540
FROV00001,FrozenEngine,1377,06/17/2024, 02:03:25,540
FROV00001,FrozenEngine,1377,06/17/2024, 03:15:57,540
FROV00001,FrozenEngine,1377,06/17/2024, 04:16:58,540
FROV00001,FrozenEngine,1377,06/17/2024, 05:16:35,540
FROV00001,FrozenEngine,1377,06/17/2024, 06:18:58,540
FROV00001,FrozenEngine,1377,06/17/2024, 07:12:54,540
FROV00001,FrozenEngine,1377,06/17/2024, 08:17:23,540
FROV00001,FrozenEngine,1377,06/17/2024, 09:14:41,540
FROV00001,FrozenEngine,1377,06/17/2024, 10:15:18,540
FROV00001,FrozenEngine,1377,06/17/2024, 11:11:34,540
FROV00001,FrozenEngine,1377,06/17/2024, 12:23:44,540
FROV00001,FrozenEngine,1377,06/17/2024, 13:16:09,540
FROV00001,FrozenEngine,1377,06/17/2024, 14:13:15,540
FROV00001,FrozenEngine,1377,06/17/2024, 15:14:50,540
FROV00001,FrozenEngine,1377,06/17/2024, 16:16:31,540
FROV00001,FrozenEngine,1377,06/17/2024, 17:12:35,540
FROV00001,FrozenEngine,1377,06/17/2024, 18:16:59,540
FROV00001,FrozenEngine,1377,06/17/2024, 19:10:37,540
FROV00001,FrozenEngine,1377,06/17/2024, 20:11:34,540
FROV00001,FrozenEngine,1377,06/17/2024, 21:12:59,540
FROV00001,FrozenEngine,1377,06/17/2024, 22:12:16,540
FROV00001,FrozenEngine,1377,06/17/2024, 23:13:50,540
FROV00001,FrozenEngine,1377,06/18/2024, 00:56:37,540
FROV00001,FrozenEngine,1377,06/18/2024, 02:00:04,540
FROV00001,FrozenEngine,1377,06/18/2024, 02:35:08,540
FROV00001,FrozenEngine,1377,06/18/2024, 03:15:17,540
FROV00001,FrozenEngine,1377,06/18/2024, 04:15:40,540
FROV00001,FrozenEngine,1377,06/18/2024, 05:13:47,540
FROV00001,FrozenEngine,1377,06/18/2024, 06:18:17,540
FROV00001,FrozenEngine,1377,06/18/2024, 07:13:13,540
FROV00001,FrozenEngine,1377,06/18/2024, 08:17:30,540
FROV00001,FrozenEngine,1377,06/18/2024, 09:14:16,540
FROV00001,FrozenEngine,1377,06/18/2024, 10:14:06,540
FROV00001,FrozenEngine,1377,06/18/2024, 11:11:58,540
FROV00001,FrozenEngine,1377,06/18/2024, 12:23:28,540
FROV00001,FrozenEngine,1377,06/18/2024, 13:15:51,540
FROV00001,FrozenEngine,1377,06/18/2024, 14:12:25,540
FROV00001,FrozenEngine,1377,06/18/2024, 15:13:46,540
FROV00001,FrozenEngine,1377,06/18/2024, 16:16:28,540
FROV00001,FrozenEngine,1377,06/18/2024, 17:13:04,540
FROV00001,FrozenEngine,1377,06/18/2024, 18:17:31,540
FROV00001,FrozenEngine,1377,06/18/2024, 19:10:54,540
FROV00001,FrozenEngine,1377,06/18/2024, 20:14:15,540
FROV00001,FrozenEngine,1377,06/18/2024, 21:12:13,540
FROV00001,FrozenEngine,1377,06/18/2024, 22:12:07,540
FROV00001,FrozenEngine,1377,06/18/2024, 23:14:05,540
FROV00001,FrozenEngine,1378,06/19/2024, 00:56:45,540
FROV00001,FrozenEngine,1378,06/19/2024, 02:00:33,540
FROV00001,FrozenEngine,1378,06/19/2024, 02:36:30,540
FROV00001,FrozenEngine,1378,06/19/2024, 03:14:45,540
FROV00001,FrozenEngine,1378,06/19/2024, 04:16:08,540
FROV00001,FrozenEngine,1378,06/19/2024, 05:13:53,540
FROV00001,FrozenEngine,1378,06/19/2024, 06:17:59,540
FROV00001,FrozenEngine,1378,06/19/2024, 07:12:31,540
FROV00001,FrozenEngine,1378,06/19/2024, 08:16:38,540
FROV00001,FrozenEngine,1378,06/19/2024, 09:17:15,540
FROV00001,FrozenEngine,1378,06/19/2024, 10:14:21,540
FROV00001,FrozenEngine,1378,06/19/2024, 11:12:19,540
FROV00001,FrozenEngine,1378,06/19/2024, 12:23:50,540
FROV00001,FrozenEngine,1378,06/19/2024, 13:15:52,540
FROV00001,FrozenEngine,1378,06/19/2024, 14:12:21,540
FROV00001,FrozenEngine,1378,06/19/2024, 15:14:46,540
FROV00001,FrozenEngine,1378,06/19/2024, 16:16:10,540
FROV00001,FrozenEngine,1378,06/19/2024, 17:13:34,540
FROV00001,FrozenEngine,1378,06/19/2024, 18:16:22,540
FROV00001,FrozenEngine,1378,06/19/2024, 19:11:33,540
FROV00001,FrozenEngine,1378,06/19/2024, 20:13:22,540
FROV00001,FrozenEngine,1379,06/19/2024, 21:13:45,540
FROV00001,FrozenEngine,1379,06/19/2024, 22:13:01,540
FROV00001,FrozenEngine,1379,06/19/2024, 23:13:40,540
FROV00001,FrozenEngine,1379,06/20/2024, 00:54:59,540
FROV00001,FrozenEngine,1379,06/20/2024, 01:57:43,540
FROV00001,FrozenEngine,1379,06/20/2024, 02:30:08,540
FROV00001,FrozenEngine,1379,06/20/2024, 03:14:36,540
FROV00001,FrozenEngine,1379,06/20/2024, 04:14:54,540
FROV00001,FrozenEngine,1379,06/20/2024, 05:13:06,540
FROV00001,FrozenEngine,1379,06/20/2024, 06:18:00,540
FROV00001,FrozenEngine,1379,06/20/2024, 07:12:46,540
FROV00001,FrozenEngine,1379,06/20/2024, 08:17:26,540
FROV00001,FrozenEngine,1379,06/20/2024, 09:14:51,540
FROV00001,FrozenEngine,1379,06/20/2024, 10:14:11,540
FROV00001,FrozenEngine,1379,06/20/2024, 11:10:56,540
FROV00001,FrozenEngine,1379,06/20/2024, 12:23:16,540
FROV00001,FrozenEngine,1379,06/20/2024, 13:15:00,540
FROV00001,FrozenEngine,1379,06/20/2024, 14:12:03,540
FROV00001,FrozenEngine,1379,06/20/2024, 15:14:48,540
FROV00001,FrozenEngine,1379,06/20/2024, 16:16:45,540
FROV00001,FrozenEngine,1379,06/20/2024, 17:11:35,540
FROV00001,FrozenEngine,1379,06/20/2024, 18:18:01,540
FROV00001,FrozenEngine,1379,06/20/2024, 19:11:24,540
FROV00001,FrozenEngine,1379,06/20/2024, 20:13:42,540
FROV00001,FrozenEngine,1379,06/20/2024, 21:13:34,540
FROV00001,FrozenEngine,1379,06/20/2024, 23:15:01,540
FROV00001,FrozenEngine,1379,06/21/2024, 00:55:44,540
FROV00001,FrozenEngine,1379,06/21/2024, 01:58:02,540
FROV00001,FrozenEngine,1379,06/21/2024, 02:31:29,540
FROV00001,FrozenEngine,1379,06/21/2024, 03:15:24,540
FROV00001,FrozenEngine,1379,06/21/2024, 04:16:02,540
FROV00001,FrozenEngine,1379,06/21/2024, 05:13:53,540
FROV00001,FrozenEngine,1379,06/21/2024, 06:18:27,540
FROV00001,FrozenEngine,1379,06/21/2024, 07:13:23,540
FROV00001,FrozenEngine,1379,06/21/2024, 08:16:45,540
FROV00001,FrozenEngine,1379,06/21/2024, 09:13:59,540
FROV00001,FrozenEngine,1379,06/21/2024, 10:14:02,540
FROV00001,FrozenEngine,1379,06/21/2024, 11:11:43,540
FROV00001,FrozenEngine,1379,06/21/2024, 12:22:53,540
FROV00001,FrozenEngine,1379,06/21/2024, 13:15:25,540
FROV00001,FrozenEngine,1379,06/21/2024, 14:12:14,540
FROV00001,FrozenEngine,1379,06/21/2024, 15:18:13,540
FROV00001,FrozenEngine,1379,06/21/2024, 16:15:06,540
FROV00001,FrozenEngine,1379,06/21/2024, 17:13:54,540
FROV00001,FrozenEngine,1379,06/21/2024, 18:17:30,540
FROV00001,FrozenEngine,1379,06/21/2024, 19:10:45,540
FROV00001,FrozenEngine,1379,06/21/2024, 20:14:46,540
FROV00001,FrozenEngine,1379,06/21/2024, 21:14:04,540
FROV00001,FrozenEngine,1379,06/21/2024, 22:12:42,540
FROV00001,FrozenEngine,1379,06/21/2024, 23:12:31,540
FROV00001,FrozenEngine,1379,06/22/2024, 00:55:12,540
FROV00001,FrozenEngine,1379,06/22/2024, 01:56:44,540
FROV00001,FrozenEngine,1379,06/22/2024, 02:28:04,540
FROV00001,FrozenEngine,1379,06/22/2024, 03:15:02,540
FROV00001,FrozenEngine,1379,06/22/2024, 04:14:50,540
FROV00001,FrozenEngine,1379,06/22/2024, 05:14:14,540
FROV00001,FrozenEngine,1379,06/22/2024, 06:17:56,540
FROV00001,FrozenEngine,1379,06/22/2024, 07:13:40,540
FROV00001,FrozenEngine,1379,06/22/2024, 08:15:45,540
FROV00001,FrozenEngine,1379,06/22/2024, 09:13:55,540
FROV00001,FrozenEngine,1379,06/22/2024, 10:14:06,540
FROV00001,FrozenEngine,1379,06/22/2024, 11:10:22,540
FROV00001,FrozenEngine,1379,06/22/2024, 12:21:37,540
FROV00001,FrozenEngine,1379,06/22/2024, 13:15:50,540
FROV00001,FrozenEngine,1379,06/22/2024, 14:12:57,540
FROV00001,FrozenEngine,1379,06/22/2024, 15:13:03,540
FROV00001,FrozenEngine,1379,06/22/2024, 16:15:28,540
FROV00001,FrozenEngine,1379,06/22/2024, 17:10:51,540
FROV00001,FrozenEngine,1379,06/22/2024, 18:15:47,540
FROV00001,FrozenEngine,1379,06/22/2024, 19:13:00,540
FROV00001,FrozenEngine,1379,06/22/2024, 20:12:17,540
FROV00001,FrozenEngine,1379,06/22/2024, 21:12:37,540
FROV00001,FrozenEngine,1379,06/22/2024, 22:12:37,540
FROV00001,FrozenEngine,1379,06/22/2024, 23:12:03,540
FROV00001,FrozenEngine,1379,06/23/2024, 00:59:50,540
FROV00001,FrozenEngine,1379,06/23/2024, 02:05:27,540
FROV00001,FrozenEngine,1379,06/23/2024, 03:14:24,540
FROV00001,FrozenEngine,1379,06/23/2024, 04:15:07,540
FROV00001,FrozenEngine,1379,06/23/2024, 05:12:59,540
FROV00001,FrozenEngine,1379,06/23/2024, 06:17:34,540
FROV00001,FrozenEngine,1379,06/23/2024, 07:13:14,540
FROV00001,FrozenEngine,1379,06/23/2024, 08:14:55,540
FROV00001,FrozenEngine,1379,06/23/2024, 09:14:28,540
FROV00001,FrozenEngine,1379,06/23/2024, 10:13:30,540
FROV00001,FrozenEngine,1379,06/23/2024, 11:10:01,540
FROV00001,FrozenEngine,1379,06/23/2024, 12:22:09,540
FROV00001,FrozenEngine,1379,06/23/2024, 13:12:55,540
FROV00001,FrozenEngine,1379,06/23/2024, 14:11:43,540
FROV00001,FrozenEngine,1379,06/23/2024, 15:12:02,540
FROV00001,FrozenEngine,1379,06/23/2024, 16:14:38,540
FROV00001,FrozenEngine,1380,06/23/2024, 17:11:39,540
FROV00001,FrozenEngine,1380,06/23/2024, 18:16:01,540
FROV00001,FrozenEngine,1380,06/23/2024, 19:11:57,540
FROV00001,FrozenEngine,1380,06/23/2024, 20:13:42,540
FROV00001,FrozenEngine,1380,06/23/2024, 21:11:44,540
FROV00001,FrozenEngine,1380,06/23/2024, 22:11:43,540
FROV00001,FrozenEngine,1380,06/23/2024, 23:13:01,540
FROV00001,FrozenEngine,1380,06/24/2024, 00:57:34,540
FROV00001,FrozenEngine,1380,06/24/2024, 02:01:51,540
FROV00001,FrozenEngine,1380,06/24/2024, 03:15:07,540
FROV00001,FrozenEngine,1380,06/24/2024, 04:15:47,540
FROV00001,FrozenEngine,1380,06/24/2024, 05:13:08,540
FROV00001,FrozenEngine,1380,06/24/2024, 06:18:09,540
FROV00001,FrozenEngine,1380,06/24/2024, 07:14:36,540
FROV00001,FrozenEngine,1380,06/24/2024, 08:17:10,540
FROV00001,FrozenEngine,1380,06/24/2024, 09:15:56,540
FROV00001,FrozenEngine,1380,06/24/2024, 10:14:56,540
FROV00001,FrozenEngine,1380,06/24/2024, 11:13:23,540
FROV00001,FrozenEngine,1380,06/24/2024, 12:24:09,540
FROV00001,FrozenEngine,1380,06/24/2024, 13:14:44,540
FROV00001,FrozenEngine,1380,06/24/2024, 14:12:57,540
FROV00001,FrozenEngine,1380,06/24/2024, 15:14:20,540
FROV00001,FrozenEngine,1380,06/24/2024, 16:15:51,540
FROV00001,FrozenEngine,1380,06/24/2024, 17:12:09,540
FROV00001,FrozenEngine,1380,06/24/2024, 18:17:05,540
FROV00001,FrozenEngine,1380,06/24/2024, 19:11:44,540
FROV00001,FrozenEngine,1380,06/24/2024, 20:13:40,540
FROV00001,FrozenEngine,1380,06/24/2024, 21:13:04,540
FROV00001,FrozenEngine,1380,06/24/2024, 22:13:58,540
FROV00001,FrozenEngine,1380,06/24/2024, 23:15:02,540
FROV00001,FrozenEngine,1380,06/25/2024, 00:56:11,540
FROV00001,FrozenEngine,1380,06/25/2024, 01:59:56,540
FROV00001,FrozenEngine,1380,06/25/2024, 02:35:01,540
FROV00001,FrozenEngine,1380,06/25/2024, 03:14:33,540
FROV00001,FrozenEngine,1380,06/25/2024, 04:15:15,540
FROV00001,FrozenEngine,1380,06/25/2024, 05:13:44,540
FROV00001,FrozenEngine,1380,06/25/2024, 06:18:10,540
FROV00001,FrozenEngine,1380,06/25/2024, 07:13:03,540
FROV00001,FrozenEngine,1380,06/25/2024, 08:17:43,540
FROV00001,FrozenEngine,1380,06/25/2024, 09:14:02,540
FROV00001,FrozenEngine,1380,06/25/2024, 10:14:10,540
FROV00001,FrozenEngine,1380,06/25/2024, 11:12:01,540
FROV00001,FrozenEngine,1380,06/25/2024, 12:23:32,540
FROV00001,FrozenEngine,1380,06/25/2024, 13:15:36,540
FROV00001,FrozenEngine,1380,06/25/2024, 14:13:51,540
FROV00001,FrozenEngine,1380,06/25/2024, 15:13:45,540
FROV00001,FrozenEngine,1380,06/25/2024, 16:16:35,540
FROV00001,FrozenEngine,1380,06/25/2024, 17:13:07,540
FROV00001,FrozenEngine,1380,06/25/2024, 18:17:52,540
FROV00001,FrozenEngine,1380,06/25/2024, 19:11:41,540
FROV00001,FrozenEngine,1380,06/25/2024, 20:13:21,540
FROV00001,FrozenEngine,1380,06/25/2024, 21:12:48,540
FROV00001,FrozenEngine,1380,06/25/2024, 22:12:15,540
FROV00001,FrozenEngine,1380,06/25/2024, 23:12:52,540
FROV00001,FrozenEngine,1380,06/26/2024, 00:56:23,540
FROV00001,FrozenEngine,1380,06/26/2024, 01:59:31,540
FROV00001,FrozenEngine,1380,06/26/2024, 02:33:26,540
FROV00001,FrozenEngine,1381,06/26/2024, 03:15:09,540
FROV00001,FrozenEngine,1381,06/26/2024, 04:16:55,540
FROV00001,FrozenEngine,1382,06/26/2024, 05:12:54,540
FROV00001,FrozenEngine,1382,06/26/2024, 06:19:05,540
FROV00001,FrozenEngine,1382,06/26/2024, 07:12:39,540
FROV00001,FrozenEngine,1382,06/26/2024, 08:17:12,540
FROV00001,FrozenEngine,1382,06/26/2024, 09:15:44,540
FROV00001,FrozenEngine,1382,06/26/2024, 10:13:38,540
FROV00001,FrozenEngine,1382,06/26/2024, 11:11:53,540
FROV00001,FrozenEngine,1382,06/26/2024, 12:24:55,540
FROV00001,FrozenEngine,1382,06/26/2024, 13:15:37,540
FROV00001,FrozenEngine,1382,06/26/2024, 14:12:20,540
FROV00001,FrozenEngine,1382,06/26/2024, 15:14:28,540
FROV00001,FrozenEngine,1382,06/26/2024, 16:16:47,540
FROV00001,FrozenEngine,1382,06/26/2024, 17:11:53,540
FROV00001,FrozenEngine,1382,06/26/2024, 18:16:52,540
FROV00001,FrozenEngine,1382,06/26/2024, 19:10:30,540
FROV00001,FrozenEngine,1382,06/26/2024, 20:15:34,540
FROV00001,FrozenEngine,1382,06/26/2024, 21:13:15,540
FROV00001,FrozenEngine,1382,06/26/2024, 22:12:23,540
FROV00001,FrozenEngine,1382,06/26/2024, 23:12:53,540
FROV00001,FrozenEngine,1382,06/27/2024, 00:56:31,540
FROV00001,FrozenEngine,1382,06/27/2024, 01:59:32,540
FROV00001,FrozenEngine,1382,06/27/2024, 02:33:56,540
FROV00001,FrozenEngine,1382,06/27/2024, 03:15:04,540
FROV00001,FrozenEngine,1382,06/27/2024, 04:17:43,540
FROV00001,FrozenEngine,1382,06/27/2024, 05:13:54,540
FROV00001,FrozenEngine,1382,06/27/2024, 06:18:35,540
FROV00001,FrozenEngine,1382,06/27/2024, 07:12:33,540
FROV00001,FrozenEngine,1382,06/27/2024, 08:16:53,540
FROV00001,FrozenEngine,1382,06/27/2024, 09:14:08,540
FROV00001,FrozenEngine,1382,06/27/2024, 10:14:56,540
FROV00001,FrozenEngine,1382,06/27/2024, 11:11:24,540
FROV00001,FrozenEngine,1382,06/27/2024, 12:24:05,540
FROV00001,FrozenEngine,1382,06/27/2024, 13:15:54,540
FROV00001,FrozenEngine,1382,06/27/2024, 14:12:47,540
FROV00001,FrozenEngine,1382,06/27/2024, 15:14:16,540
FROV00001,FrozenEngine,1382,06/27/2024, 16:16:05,540
FROV00001,FrozenEngine,1382,06/27/2024, 17:14:21,540
FROV00001,FrozenEngine,1382,06/27/2024, 18:15:47,540
FROV00001,FrozenEngine,1382,06/27/2024, 19:12:05,540
FROV00001,FrozenEngine,1382,06/27/2024, 20:13:26,540
FROV00001,FrozenEngine,1382,06/27/2024, 21:12:14,540
FROV00001,FrozenEngine,1382,06/27/2024, 22:12:24,540
FROV00001,FrozenEngine,1382,06/27/2024, 23:14:34,540
FROV00001,FrozenEngine,1382,06/28/2024, 00:56:32,540
FROV00001,FrozenEngine,1382,06/28/2024, 02:00:11,540
FROV00001,FrozenEngine,1382,06/28/2024, 02:36:44,540
FROV00001,FrozenEngine,1382,06/28/2024, 03:15:36,540
FROV00001,FrozenEngine,1382,06/28/2024, 04:15:25,540
FROV00001,FrozenEngine,1382,06/28/2024, 05:12:56,540
FROV00001,FrozenEngine,1382,06/28/2024, 06:18:10,540
FROV00001,FrozenEngine,1382,06/28/2024, 07:13:41,540
FROV00001,FrozenEngine,1382,06/28/2024, 08:16:33,540
FROV00001,FrozenEngine,1382,06/28/2024, 09:14:11,540
FROV00001,FrozenEngine,1382,06/28/2024, 10:14:21,540
FROV00001,FrozenEngine,1382,06/28/2024, 11:11:59,540
FROV00001,FrozenEngine,1382,06/28/2024, 12:23:41,540
FROV00001,FrozenEngine,1382,06/28/2024, 13:14:23,540
FROV00001,FrozenEngine,1382,06/28/2024, 14:12:53,540
FROV00001,FrozenEngine,1382,06/28/2024, 15:13:51,540
FROV00001,FrozenEngine,1382,06/28/2024, 16:15:24,540
FROV00001,FrozenEngine,1382,06/28/2024, 17:12:52,540
FROV00001,FrozenEngine,1382,06/28/2024, 18:16:47,540
FROV00001,FrozenEngine,1382,06/28/2024, 19:10:39,540
FROV00001,FrozenEngine,1382,06/28/2024, 20:13:32,540
FROV00001,FrozenEngine,1382,06/28/2024, 21:14:05,540
FROV00001,FrozenEngine,1382,06/28/2024, 22:12:12,540
FROV00001,FrozenEngine,1382,06/28/2024, 23:13:41,540
FROV00001,FrozenEngine,1382,06/29/2024, 00:55:51,540
FROV00001,FrozenEngine,1382,06/29/2024, 01:58:20,540
FROV00001,FrozenEngine,1382,06/29/2024, 02:31:05,540
FROV00001,FrozenEngine,1382,06/29/2024, 03:15:27,540
FROV00001,FrozenEngine,1382,06/29/2024, 04:16:35,540
FROV00001,FrozenEngine,1382,06/29/2024, 05:14:23,540
FROV00001,FrozenEngine,1382,06/29/2024, 06:16:46,540
FROV00001,FrozenEngine,1382,06/29/2024, 07:13:08,540
FROV00001,FrozenEngine,1382,06/29/2024, 08:16:07,540
FROV00001,FrozenEngine,1382,06/29/2024, 09:14:50,540
FROV00001,FrozenEngine,1382,06/29/2024, 10:12:54,540
FROV00001,FrozenEngine,1382,06/29/2024, 11:12:01,540
FROV00001,FrozenEngine,1382,06/29/2024, 12:22:44,540
FROV00001,FrozenEngine,1382,06/29/2024, 13:13:48,540
FROV00001,FrozenEngine,1382,06/29/2024, 14:12:51,540
FROV00001,FrozenEngine,1382,06/29/2024, 15:12:35,540
FROV00001,FrozenEngine,1382,06/29/2024, 16:15:36,540
FROV00001,FrozenEngine,1382,06/29/2024, 17:11:26,540
FROV00001,FrozenEngine,1382,06/29/2024, 18:16:29,540
FROV00001,FrozenEngine,1382,06/29/2024, 19:10:08,540
FROV00001,FrozenEngine,1382,06/29/2024, 20:12:33,540
FROV00001,FrozenEngine,1382,06/29/2024, 21:12:26,540
FROV00001,FrozenEngine,1382,06/29/2024, 22:13:38,540
FROV00001,FrozenEngine,1382,06/29/2024, 23:13:18,540
FROV00001,FrozenEngine,1382,06/30/2024, 01:01:06,540
FROV00001,FrozenEngine,1382,06/30/2024, 02:09:35,540
FROV00001,FrozenEngine,1382,06/30/2024, 03:15:04,540
FROV00001,FrozenEngine,1382,06/30/2024, 04:14:55,540
FROV00001,FrozenEngine,1382,06/30/2024, 05:12:33,540
FROV00001,FrozenEngine,1382,06/30/2024, 06:16:52,540
FROV00001,FrozenEngine,1382,06/30/2024, 07:12:31,540
FROV00001,FrozenEngine,1382,06/30/2024, 08:15:23,540
FROV00001,FrozenEngine,1382,06/30/2024, 09:16:27,540
FROV00001,FrozenEngine,1382,06/30/2024, 10:12:47,540
FROV00001,FrozenEngine,1382,06/30/2024, 11:10:26,540
FROV00001,FrozenEngine,1382,06/30/2024, 12:22:23,540
FROV00001,FrozenEngine,1382,06/30/2024, 13:13:30,540
FROV00001,FrozenEngine,1382,06/30/2024, 14:12:00,540
FROV00001,FrozenEngine,1382,06/30/2024, 15:13:51,540
FROV00001,FrozenEngine,1382,06/30/2024, 16:15:41,540
FROV00001,FrozenEngine,1382,06/30/2024, 17:11:38,540
FROV00001,FrozenEngine,1382,06/30/2024, 18:17:13,540
FROV00001,FrozenEngine,1382,06/30/2024, 19:10:13,540
FROV00001,FrozenEngine,1382,06/30/2024, 20:13:12,540
FROV00001,FrozenEngine,1382,06/30/2024, 21:13:10,540
FROV00001,FrozenEngine,1382,06/30/2024, 22:12:24,540
FROV00001,FrozenEngine,1382,06/30/2024, 23:13:59,540
FROV00001,FrozenEngine,1382,07/01/2024, 01:02:54,540
FROV00001,FrozenEngine,1382,07/01/2024, 02:36:45,540
FROV00001,FrozenEngine,1382,07/01/2024, 03:15:30,540
FROV00001,FrozenEngine,1382,07/01/2024, 04:15:45,540
FROV00001,FrozenEngine,1382,07/01/2024, 05:13:37,540
FROV00001,FrozenEngine,1383,07/01/2024, 06:19:28,540
FROV00001,FrozenEngine,1383,07/01/2024, 07:14:01,540
FROV00001,FrozenEngine,1383,07/01/2024, 08:17:33,540
FROV00001,FrozenEngine,1383,07/01/2024, 09:18:02,540
FROV00001,FrozenEngine,1383,07/01/2024, 10:16:17,540
FROV00001,FrozenEngine,1383,07/01/2024, 11:11:40,540
FROV00001,FrozenEngine,1383,07/01/2024, 12:25:09,540
FROV00001,FrozenEngine,1383,07/01/2024, 13:17:30,540
FROV00001,FrozenEngine,1383,07/01/2024, 14:12:49,540
FROV00001,FrozenEngine,1383,07/01/2024, 15:14:20,540
FROV00001,FrozenEngine,1383,07/01/2024, 16:16:04,540
FROV00001,FrozenEngine,1383,07/01/2024, 17:12:53,540
FROV00001,FrozenEngine,1383,07/01/2024, 18:17:16,540
FROV00001,FrozenEngine,1383,07/01/2024, 19:12:07,540
FROV00001,FrozenEngine,1383,07/01/2024, 20:14:01,540
FROV00001,FrozenEngine,1383,07/01/2024, 21:12:55,540
FROV00001,FrozenEngine,1383,07/01/2024, 22:13:44,540
FROV00001,FrozenEngine,1383,07/01/2024, 23:13:24,540
FROV00001,FrozenEngine,1383,07/02/2024, 00:57:02,540
FROV00001,FrozenEngine,1383,07/02/2024, 02:01:17,540
FROV00001,FrozenEngine,1383,07/02/2024, 02:37:22,540
FROV00001,FrozenEngine,1383,07/02/2024, 03:14:41,540
FROV00001,FrozenEngine,1383,07/02/2024, 04:16:46,540
FROV00001,FrozenEngine,1383,07/02/2024, 05:14:12,540
FROV00001,FrozenEngine,1383,07/02/2024, 06:19:29,540
FROV00001,FrozenEngine,1383,07/02/2024, 07:13:49,540
FROV00001,FrozenEngine,1383,07/02/2024, 08:16:47,540
FROV00001,FrozenEngine,1383,07/02/2024, 09:14:03,540
FROV00001,FrozenEngine,1383,07/02/2024, 10:14:14,540
FROV00001,FrozenEngine,1384,07/02/2024, 11:11:53,540
FROV00001,FrozenEngine,1384,07/02/2024, 12:22:41,540
FROV00001,FrozenEngine,1384,07/02/2024, 13:15:20,540
FROV00001,FrozenEngine,1384,07/02/2024, 14:12:45,540
FROV00001,FrozenEngine,1384,07/02/2024, 15:13:58,540
FROV00001,FrozenEngine,1384,07/02/2024, 16:17:42,540
FROV00001,FrozenEngine,1384,07/02/2024, 17:12:59,540
FROV00001,FrozenEngine,1384,07/02/2024, 18:17:07,540
FROV00001,FrozenEngine,1384,07/02/2024, 19:12:08,540
FROV00001,FrozenEngine,1384,07/02/2024, 20:15:29,540
FROV00001,FrozenEngine,1384,07/02/2024, 21:12:56,540
FROV00001,FrozenEngine,1384,07/02/2024, 22:13:18,540
FROV00001,FrozenEngine,1384,07/02/2024, 23:12:48,540
FROV00001,FrozenEngine,1384,07/03/2024, 00:56:45,540
FROV00001,FrozenEngine,1384,07/03/2024, 01:59:47,540
FROV00001,FrozenEngine,1384,07/03/2024, 02:34:11,540
FROV00001,FrozenEngine,1384,07/03/2024, 03:14:32,540
FROV00001,FrozenEngine,1384,07/03/2024, 04:15:36,540
FROV00001,FrozenEngine,1384,07/03/2024, 05:14:17,540
FROV00001,FrozenEngine,1384,07/03/2024, 06:19:29,540
FROV00001,FrozenEngine,1384,07/03/2024, 07:12:59,540
FROV00001,FrozenEngine,1384,07/03/2024, 08:17:06,540
FROV00001,FrozenEngine,1384,07/03/2024, 09:14:46,540
FROV00001,FrozenEngine,1384,07/03/2024, 10:14:48,540
FROV00001,FrozenEngine,1384,07/03/2024, 11:11:53,540
FROV00001,FrozenEngine,1384,07/03/2024, 12:24:07,540
FROV00001,FrozenEngine,1384,07/03/2024, 13:15:47,540
FROV00001,FrozenEngine,1384,07/03/2024, 14:14:21,540
FROV00001,FrozenEngine,1384,07/03/2024, 15:14:02,540
FROV00001,FrozenEngine,1384,07/03/2024, 16:16:38,540
FROV00001,FrozenEngine,1384,07/03/2024, 17:12:05,540
FROV00001,FrozenEngine,1384,07/03/2024, 18:17:03,540
FROV00001,FrozenEngine,1384,07/03/2024, 19:11:01,540
FROV00001,FrozenEngine,1384,07/03/2024, 20:13:50,540
FROV00001,FrozenEngine,1384,07/03/2024, 21:13:40,540
FROV00001,FrozenEngine,1384,07/03/2024, 22:13:06,540
FROV00001,FrozenEngine,1384,07/03/2024, 23:14:50,540
FROV00001,FrozenEngine,1384,07/04/2024, 00:56:50,540
FROV00001,FrozenEngine,1384,07/04/2024, 02:00:46,540
FROV00001,FrozenEngine,1384,07/04/2024, 02:37:14,540
FROV00001,FrozenEngine,1384,07/04/2024, 03:16:11,540
FROV00001,FrozenEngine,1384,07/04/2024, 04:15:28,540
FROV00001,FrozenEngine,1384,07/04/2024, 05:14:27,540
FROV00001,FrozenEngine,1384,07/04/2024, 06:18:34,540
FROV00001,FrozenEngine,1384,07/04/2024, 07:13:54,540
FROV00001,FrozenEngine,1384,07/04/2024, 08:16:52,540
FROV00001,FrozenEngine,1384,07/04/2024, 09:14:57,540
FROV00001,FrozenEngine,1384,07/04/2024, 10:13:50,540
FROV00001,FrozenEngine,1384,07/04/2024, 11:14:29,540
FROV00001,FrozenEngine,1384,07/04/2024, 12:23:58,540
FROV00001,FrozenEngine,1384,07/04/2024, 13:15:46,540
FROV00001,FrozenEngine,1384,07/04/2024, 14:12:32,540
FROV00001,FrozenEngine,1384,07/04/2024, 15:13:38,540
FROV00001,FrozenEngine,1384,07/04/2024, 16:15:30,540
FROV00001,FrozenEngine,1384,07/04/2024, 17:12:46,540
FROV00001,FrozenEngine,1385,07/04/2024, 18:17:02,540
FROV00001,FrozenEngine,1385,07/04/2024, 19:11:06,540
FROV00001,FrozenEngine,1385,07/04/2024, 20:13:26,540
FROV00001,FrozenEngine,1385,07/04/2024, 21:12:36,540
FROV00001,FrozenEngine,1385,07/04/2024, 22:13:13,540
FROV00001,FrozenEngine,1385,07/04/2024, 23:13:59,540
FROV00001,FrozenEngine,1385,07/05/2024, 00:56:26,540
FROV00001,FrozenEngine,1385,07/05/2024, 01:59:54,540
FROV00001,FrozenEngine,1386,07/05/2024, 02:34:35,540
FROV00001,FrozenEngine,1386,07/05/2024, 03:14:56,540
FROV00001,FrozenEngine,1386,07/05/2024, 04:17:37,540
FROV00001,FrozenEngine,1386,07/05/2024, 05:13:10,540
FROV00001,FrozenEngine,1386,07/05/2024, 06:19:19,540
FROV00001,FrozenEngine,1386,07/05/2024, 07:12:36,540
FROV00001,FrozenEngine,1386,07/05/2024, 08:16:33,540
FROV00001,FrozenEngine,1386,07/05/2024, 09:15:23,540
FROV00001,FrozenEngine,1386,07/05/2024, 10:14:46,540
FROV00001,FrozenEngine,1386,07/05/2024, 11:11:35,540
FROV00001,FrozenEngine,1386,07/05/2024, 12:22:58,540
FROV00001,FrozenEngine,1386,07/05/2024, 13:14:52,540
FROV00001,FrozenEngine,1386,07/05/2024, 14:13:14,540
FROV00001,FrozenEngine,1386,07/05/2024, 15:14:08,540
FROV00001,FrozenEngine,1386,07/05/2024, 16:16:05,540
FROV00001,FrozenEngine,1386,07/05/2024, 17:12:47,540
FROV00001,FrozenEngine,1386,07/05/2024, 18:17:00,540
FROV00001,FrozenEngine,1386,07/05/2024, 19:10:30,540
FROV00001,FrozenEngine,1386,07/05/2024, 20:14:59,540
FROV00001,FrozenEngine,1386,07/05/2024, 21:13:03,540
FROV00001,FrozenEngine,1386,07/05/2024, 22:14:11,540
FROV00001,FrozenEngine,1386,07/05/2024, 23:13:49,540
FROV00001,FrozenEngine,1386,07/06/2024, 00:55:20,540
FROV00001,FrozenEngine,1386,07/06/2024, 01:57:46,540
FROV00001,FrozenEngine,1386,07/06/2024, 02:29:07,540
FROV00001,FrozenEngine,1386,07/06/2024, 03:16:25,540
FROV00001,FrozenEngine,1386,07/06/2024, 04:15:51,540
FROV00001,FrozenEngine,1386,07/06/2024, 05:13:08,540
FROV00001,FrozenEngine,1386,07/06/2024, 06:16:32,540
FROV00001,FrozenEngine,1386,07/06/2024, 07:11:31,540
FROV00001,FrozenEngine,1386,07/06/2024, 08:16:54,540
FROV00001,FrozenEngine,1386,07/06/2024, 09:14:07,540
FROV00001,FrozenEngine,1386,07/06/2024, 10:13:03,540
FROV00001,FrozenEngine,1386,07/06/2024, 11:11:37,540
FROV00001,FrozenEngine,1386,07/06/2024, 12:21:50,540
FROV00001,FrozenEngine,1386,07/06/2024, 13:13:18,540
FROV00001,FrozenEngine,1386,07/06/2024, 14:11:00,540
FROV00001,FrozenEngine,1386,07/06/2024, 15:13:22,540
FROV00001,FrozenEngine,1386,07/06/2024, 16:14:15,540
FROV00001,FrozenEngine,1386,07/06/2024, 17:11:09,540
FROV00001,FrozenEngine,1386,07/06/2024, 18:15:56,540
FROV00001,FrozenEngine,1386,07/06/2024, 19:10:44,540
FROV00001,FrozenEngine,1386,07/06/2024, 20:13:39,540
FROV00001,FrozenEngine,1386,07/06/2024, 21:13:31,540
FROV00001,FrozenEngine,1386,07/06/2024, 22:12:48,540
FROV00001,FrozenEngine,1386,07/06/2024, 23:12:30,540
FROV00001,FrozenEngine,1386,07/07/2024, 01:01:40,540
FROV00001,FrozenEngine,1386,07/07/2024, 02:14:29,540
FROV00001,FrozenEngine,1386,07/07/2024, 03:15:19,540
FROV00001,FrozenEngine,1386,07/07/2024, 04:15:12,540
FROV00001,FrozenEngine,1386,07/07/2024, 05:14:59,540
FROV00001,FrozenEngine,1386,07/07/2024, 06:17:44,540
FROV00001,FrozenEngine,1386,07/07/2024, 07:12:39,540
FROV00001,FrozenEngine,1386,07/07/2024, 08:15:42,540
FROV00001,FrozenEngine,1386,07/07/2024, 09:14:43,540
FROV00001,FrozenEngine,1386,07/07/2024, 10:12:49,540
FROV00001,FrozenEngine,1386,07/07/2024, 11:11:49,540
FROV00001,FrozenEngine,1386,07/07/2024, 12:21:54,540
FROV00001,FrozenEngine,1386,07/07/2024, 13:13:38,540
FROV00001,FrozenEngine,1386,07/07/2024, 14:11:14,540
FROV00001,FrozenEngine,1386,07/07/2024, 15:13:04,540
FROV00001,FrozenEngine,1386,07/07/2024, 16:14:42,540
FROV00001,FrozenEngine,1386,07/07/2024, 17:11:54,540
FROV00001,FrozenEngine,1386,07/07/2024, 18:16:09,540
FROV00001,FrozenEngine,1386,07/07/2024, 19:11:05,540
FROV00001,FrozenEngine,1387,07/07/2024, 20:12:54,540
FROV00001,FrozenEngine,1387,07/07/2024, 21:13:43,540
FROV00001,FrozenEngine,1387,07/07/2024, 22:12:57,540
FROV00001,FrozenEngine,1387,07/07/2024, 23:13:50,540
FROV00001,FrozenEngine,1387,07/08/2024, 00:58:38,540
FROV00001,FrozenEngine,1387,07/08/2024, 02:04:20,540
FROV00001,FrozenEngine,1387,07/08/2024, 03:16:04,540
FROV00001,FrozenEngine,1387,07/08/2024, 04:17:03,540
FROV00001,FrozenEngine,1387,07/08/2024, 05:15:17,540
FROV00001,FrozenEngine,1387,07/08/2024, 06:19:07,540
FROV00001,FrozenEngine,1387,07/08/2024, 07:14:06,540
FROV00001,FrozenEngine,1387,07/08/2024, 08:17:28,540
FROV00001,FrozenEngine,1387,07/08/2024, 09:15:18,540
FROV00001,FrozenEngine,1387,07/08/2024, 10:14:44,540
FROV00001,FrozenEngine,1387,07/08/2024, 11:12:34,540
FROV00001,FrozenEngine,1387,07/08/2024, 12:24:50,540
FROV00001,FrozenEngine,1387,07/08/2024, 13:17:04,540
FROV00001,FrozenEngine,1387,07/08/2024, 14:13:20,540
FROV00001,FrozenEngine,1387,07/08/2024, 15:14:10,540
FROV00001,FrozenEngine,1387,07/08/2024, 16:16:44,540
FROV00001,FrozenEngine,1387,07/08/2024, 17:12:13,540
FROV00001,FrozenEngine,1387,07/08/2024, 18:17:25,540
FROV00001,FrozenEngine,1387,07/08/2024, 19:10:32,540
FROV00001,FrozenEngine,1387,07/08/2024, 20:15:43,540
FROV00001,FrozenEngine,1387,07/08/2024, 21:13:52,540
FROV00001,FrozenEngine,1387,07/08/2024, 22:13:24,540
FROV00001,FrozenEngine,1387,07/08/2024, 23:13:12,540
FROV00001,FrozenEngine,1387,07/09/2024, 00:57:50,540
FROV00001,FrozenEngine,1387,07/09/2024, 02:03:08,540
FROV00001,FrozenEngine,1387,07/09/2024, 03:15:30,540
FROV00001,FrozenEngine,1387,07/09/2024, 04:15:43,540
FROV00001,FrozenEngine,1387,07/09/2024, 05:13:41,540
FROV00001,FrozenEngine,1387,07/09/2024, 06:18:24,540
FROV00001,FrozenEngine,1387,07/09/2024, 07:13:04,540
FROV00001,FrozenEngine,1387,07/09/2024, 08:15:26,540
FROV00001,FrozenEngine,1387,07/09/2024, 09:13:57,540
FROV00001,FrozenEngine,1387,07/09/2024, 10:14:19,540
FROV00001,FrozenEngine,1387,07/09/2024, 11:12:15,540
FROV00001,FrozenEngine,1387,07/09/2024, 12:25:11,540
FROV00001,FrozenEngine,1387,07/09/2024, 13:16:35,540
FROV00001,FrozenEngine,1387,07/09/2024, 14:12:23,540
FROV00001,FrozenEngine,1387,07/09/2024, 15:13:34,540
FROV00001,FrozenEngine,1387,07/09/2024, 16:16:43,540
FROV00001,FrozenEngine,1387,07/09/2024, 17:13:25,540
FROV00001,FrozenEngine,1387,07/09/2024, 18:17:27,540
FROV00001,FrozenEngine,1387,07/09/2024, 19:10:37,540
FROV00001,FrozenEngine,1387,07/09/2024, 20:14:21,540
FROV00001,FrozenEngine,1387,07/09/2024, 21:14:35,540
FROV00001,FrozenEngine,1387,07/09/2024, 22:13:58,540
FROV00001,FrozenEngine,1387,07/09/2024, 23:15:41,540
FROV00001,FrozenEngine,1387,07/10/2024, 00:58:21,540
FROV00001,FrozenEngine,1387,07/10/2024, 02:03:02,540
FROV00001,FrozenEngine,1387,07/10/2024, 03:15:40,540
FROV00001,FrozenEngine,1387,07/10/2024, 04:17:25,540
FROV00001,FrozenEngine,1387,07/10/2024, 05:13:58,540
FROV00001,FrozenEngine,1387,07/10/2024, 06:18:28,540
FROV00001,FrozenEngine,1387,07/10/2024, 07:14:16,540
FROV00001,FrozenEngine,1387,07/10/2024, 08:18:13,540
FROV00001,FrozenEngine,1387,07/10/2024, 09:13:54,540
FROV00001,FrozenEngine,1387,07/10/2024, 10:15:08,540
FROV00001,FrozenEngine,1387,07/10/2024, 11:12:14,540
FROV00001,FrozenEngine,1387,07/10/2024, 12:24:44,540
FROV00001,FrozenEngine,1387,07/10/2024, 13:16:43,540
FROV00001,FrozenEngine,1387,07/10/2024, 14:12:54,540
FROV00001,FrozenEngine,1387,07/10/2024, 15:15:07,540
FROV00001,FrozenEngine,1387,07/10/2024, 16:16:11,540
FROV00001,FrozenEngine,1387,07/10/2024, 17:11:45,540
FROV00001,FrozenEngine,1387,07/10/2024, 18:19:02,540
FROV00001,FrozenEngine,1387,07/10/2024, 19:12:25,540
FROV00001,FrozenEngine,1387,07/10/2024, 20:14:10,540
FROV00001,FrozenEngine,1387,07/10/2024, 21:12:37,540
FROV00001,FrozenEngine,1387,07/10/2024, 22:12:35,540
FROV00001,FrozenEngine,1387,07/10/2024, 23:13:12,540
FROV00001,FrozenEngine,1388,07/11/2024, 00:58:02,540
FROV00001,FrozenEngine,1388,07/11/2024, 02:04:16,540
FROV00001,FrozenEngine,1388,07/11/2024, 03:16:53,540
FROV00001,FrozenEngine,1388,07/11/2024, 04:16:59,540
FROV00001,FrozenEngine,1388,07/11/2024, 05:13:31,540
FROV00001,FrozenEngine,1388,07/11/2024, 06:18:17,540
FROV00001,FrozenEngine,1388,07/11/2024, 07:14:29,540
FROV00001,FrozenEngine,1388,07/11/2024, 08:16:33,540
FROV00001,FrozenEngine,1388,07/11/2024, 09:14:42,540
FROV00001,FrozenEngine,1388,07/11/2024, 10:13:53,540
FROV00001,FrozenEngine,1388,07/11/2024, 11:12:22,540
FROV00001,FrozenEngine,1388,07/11/2024, 12:24:11,540
FROV00001,FrozenEngine,1388,07/11/2024, 13:17:07,540
FROV00001,FrozenEngine,1388,07/11/2024, 14:12:20,540
FROV00001,FrozenEngine,1388,07/11/2024, 15:13:50,540
FROV00001,FrozenEngine,1388,07/11/2024, 16:15:58,540
FROV00001,FrozenEngine,1388,07/11/2024, 17:12:14,540
FROV00001,FrozenEngine,1388,07/11/2024, 18:17:23,540
FROV00001,FrozenEngine,1388,07/11/2024, 19:11:38,540
FROV00001,FrozenEngine,1388,07/11/2024, 20:13:55,540
FROV00001,FrozenEngine,1388,07/11/2024, 21:14:56,540
FROV00001,FrozenEngine,1388,07/11/2024, 22:12:56,540
FROV00001,FrozenEngine,1388,07/11/2024, 23:14:58,540
FROV00001,FrozenEngine,1388,07/12/2024, 00:57:06,540
FROV00001,FrozenEngine,1388,07/12/2024, 02:01:01,540
FROV00001,FrozenEngine,1388,07/12/2024, 02:37:46,540
FROV00001,FrozenEngine,1388,07/12/2024, 03:15:32,540
FROV00001,FrozenEngine,1388,07/12/2024, 04:15:34,540
FROV00001,FrozenEngine,1388,07/12/2024, 05:13:00,540
FROV00001,FrozenEngine,1388,07/12/2024, 06:18:14,540
FROV00001,FrozenEngine,1388,07/12/2024, 07:13:43,540
FROV00001,FrozenEngine,1388,07/12/2024, 08:17:25,540
FROV00001,FrozenEngine,1388,07/12/2024, 09:14:57,540
FROV00001,FrozenEngine,1388,07/12/2024, 10:14:08,540
FROV00001,FrozenEngine,1388,07/12/2024, 11:12:01,540
FROV00001,FrozenEngine,1388,07/12/2024, 12:24:45,540
FROV00001,FrozenEngine,1388,07/12/2024, 13:16:20,540
FROV00001,FrozenEngine,1388,07/12/2024, 14:12:26,540
FROV00001,FrozenEngine,1388,07/12/2024, 15:13:32,540
FROV00001,FrozenEngine,1388,07/12/2024, 16:16:23,540
FROV00001,FrozenEngine,1388,07/12/2024, 17:13:30,540
FROV00001,FrozenEngine,1388,07/12/2024, 18:18:19,540
FROV00001,FrozenEngine,1388,07/12/2024, 19:10:12,540
FROV00001,FrozenEngine,1388,07/12/2024, 20:14:15,540
FROV00001,FrozenEngine,1388,07/12/2024, 21:13:34,540
FROV00001,FrozenEngine,1388,07/12/2024, 22:12:01,540
FROV00001,FrozenEngine,1388,07/12/2024, 23:12:33,540
FROV00001,FrozenEngine,1388,07/13/2024, 00:58:04,540
FROV00001,FrozenEngine,1388,07/13/2024, 02:01:51,540
FROV00001,FrozenEngine,1388,07/13/2024, 03:14:25,540
FROV00001,FrozenEngine,1388,07/13/2024, 04:15:31,540
FROV00001,FrozenEngine,1388,07/13/2024, 05:13:12,540
FROV00001,FrozenEngine,1388,07/13/2024, 06:17:50,540
FROV00001,FrozenEngine,1388,07/13/2024, 07:12:44,540
FROV00001,FrozenEngine,1388,07/13/2024, 08:15:12,540
FROV00001,FrozenEngine,1388,07/13/2024, 09:13:03,540
FROV00001,FrozenEngine,1388,07/13/2024, 10:13:10,540
FROV00001,FrozenEngine,1388,07/13/2024, 11:11:57,540
FROV00001,FrozenEngine,1388,07/13/2024, 12:21:49,540
FROV00001,FrozenEngine,1388,07/13/2024, 13:14:04,540
FROV00001,FrozenEngine,1388,07/13/2024, 14:11:00,540
FROV00001,FrozenEngine,1388,07/13/2024, 15:13:05,540
FROV00001,FrozenEngine,1388,07/13/2024, 16:14:24,540
FROV00001,FrozenEngine,1388,07/13/2024, 17:11:18,540
FROV00001,FrozenEngine,1388,07/13/2024, 18:15:41,540
FROV00001,FrozenEngine,1388,07/13/2024, 19:11:03,540
FROV00001,FrozenEngine,1388,07/13/2024, 20:13:33,540
FROV00001,FrozenEngine,1388,07/13/2024, 21:12:47,540
FROV00001,FrozenEngine,1388,07/13/2024, 22:11:41,540
FROV00001,FrozenEngine,1388,07/13/2024, 23:12:29,540
FROV00001,FrozenEngine,1388,07/14/2024, 01:02:21,540
FROV00001,FrozenEngine,1388,07/14/2024, 02:38:20,540
FROV00001,FrozenEngine,1388,07/14/2024, 03:16:09,540
FROV00001,FrozenEngine,1388,07/14/2024, 04:17:15,540
FROV00001,FrozenEngine,1388,07/14/2024, 05:14:46,540
FROV00001,FrozenEngine,1388,07/14/2024, 06:19:17,540
FROV00001,FrozenEngine,1388,07/14/2024, 07:14:19,540
FROV00001,FrozenEngine,1388,07/14/2024, 08:18:19,540
FROV00001,FrozenEngine,1388,07/14/2024, 09:15:06,540
FROV00001,FrozenEngine,1388,07/14/2024, 10:15:10,540
FROV00001,FrozenEngine,1388,07/14/2024, 11:12:11,540
FROV00001,FrozenEngine,1388,07/14/2024, 12:19:31,540
FROV00001,FrozenEngine,1388,07/14/2024, 13:20:53,540
FROV00001,FrozenEngine,1388,07/14/2024, 14:15:42,540
FROV00001,FrozenEngine,1388,07/14/2024, 15:19:47,540
FROV00001,FrozenEngine,1388,07/14/2024, 16:22:38,540
FROV00001,FrozenEngine,1388,07/14/2024, 17:15:06,540
FROV00001,FrozenEngine,1388,07/14/2024, 18:24:46,540
FROV00001,FrozenEngine,1388,07/14/2024, 19:12:03,540
FROV00001,FrozenEngine,1388,07/14/2024, 20:13:42,540
FROV00001,FrozenEngine,1388,07/14/2024, 21:11:57,540
FROV00001,FrozenEngine,1388,07/14/2024, 22:13:18,540
FROV00001,FrozenEngine,1388,07/14/2024, 23:13:05,540
FROV00001,FrozenEngine,1388,07/15/2024, 00:59:33,540
FROV00001,FrozenEngine,1388,07/15/2024, 02:09:35,540
FROV00001,FrozenEngine,1388,07/15/2024, 03:17:16,540
FROV00001,FrozenEngine,1388,07/15/2024, 04:18:06,540
FROV00001,FrozenEngine,1388,07/15/2024, 05:13:38,540
FROV00001,FrozenEngine,1388,07/15/2024, 06:20:10,540
FROV00001,FrozenEngine,1388,07/15/2024, 07:13:10,540
FROV00001,FrozenEngine,1388,07/15/2024, 08:17:13,540
FROV00001,FrozenEngine,1388,07/15/2024, 09:15:01,540
FROV00001,FrozenEngine,1388,07/15/2024, 10:14:46,540
FROV00001,FrozenEngine,1388,07/15/2024, 11:11:32,540
FROV00001,FrozenEngine,1388,07/15/2024, 12:25:20,540
FROV00001,FrozenEngine,1388,07/15/2024, 13:17:24,540
FROV00001,FrozenEngine,1388,07/15/2024, 14:11:37,540
FROV00001,FrozenEngine,1388,07/15/2024, 15:15:50,540
FROV00001,FrozenEngine,1388,07/15/2024, 16:16:07,540
FROV00001,FrozenEngine,1388,07/15/2024, 17:12:21,540
FROV00001,FrozenEngine,1388,07/15/2024, 18:17:38,540
FROV00001,FrozenEngine,1388,07/15/2024, 19:11:35,540
FROV00001,FrozenEngine,1388,07/15/2024, 20:13:56,540
FROV00001,FrozenEngine,1388,07/15/2024, 21:13:27,540
FROV00001,FrozenEngine,1388,07/15/2024, 22:13:15,540
FROV00001,FrozenEngine,1388,07/15/2024, 23:14:16,540
FROV00001,FrozenEngine,1388,07/16/2024, 00:58:43,540
FROV00001,FrozenEngine,1389,07/16/2024, 02:05:30,540
FROV00001,FrozenEngine,1389,07/16/2024, 03:17:55,540
FROV00001,FrozenEngine,1389,07/16/2024, 04:16:09,540
FROV00001,FrozenEngine,1389,07/16/2024, 05:13:10,540
FROV00001,FrozenEngine,1389,07/16/2024, 06:18:54,540
FROV00001,FrozenEngine,1390,07/16/2024, 07:13:46,540
FROV00001,FrozenEngine,1390,07/16/2024, 08:17:51,540
FROV00001,FrozenEngine,1390,07/16/2024, 09:14:59,540
FROV00001,FrozenEngine,1390,07/16/2024, 10:12:47,540
FROV00001,FrozenEngine,1390,07/16/2024, 11:12:20,540
FROV00001,FrozenEngine,1390,07/16/2024, 12:26:01,540
FROV00001,FrozenEngine,1390,07/16/2024, 13:12:17,540
FROV00001,FrozenEngine,1390,07/16/2024, 14:14:04,540
FROV00001,FrozenEngine,1390,07/16/2024, 15:12:17,540
FROV00001,FrozenEngine,1390,07/16/2024, 16:15:08,540
FROV00001,FrozenEngine,1390,07/16/2024, 17:12:21,540
FROV00001,FrozenEngine,1390,07/16/2024, 18:17:17,540
FROV00001,FrozenEngine,1390,07/16/2024, 19:12:15,540
FROV00001,FrozenEngine,1390,07/16/2024, 20:13:39,540
FROV00001,FrozenEngine,1390,07/16/2024, 21:13:39,540
FROV00001,FrozenEngine,1390,07/16/2024, 22:13:17,540
FROV00001,FrozenEngine,1390,07/16/2024, 23:14:26,540
FROV00001,FrozenEngine,1390,07/17/2024, 00:58:16,540
FROV00001,FrozenEngine,1390,07/17/2024, 02:04:17,540
FROV00001,FrozenEngine,1390,07/17/2024, 03:15:50,540
FROV00001,FrozenEngine,1390,07/17/2024, 04:15:36,540
FROV00001,FrozenEngine,1390,07/17/2024, 05:13:32,540
FROV00001,FrozenEngine,1390,07/17/2024, 06:18:32,540
FROV00001,FrozenEngine,1390,07/17/2024, 07:13:53,540
FROV00001,FrozenEngine,1390,07/17/2024, 08:17:23,540
FROV00001,FrozenEngine,1390,07/17/2024, 09:16:14,540
FROV00001,FrozenEngine,1390,07/17/2024, 10:14:38,540
FROV00001,FrozenEngine,1390,07/17/2024, 11:12:07,540
FROV00001,FrozenEngine,1390,07/17/2024, 12:24:33,540
FROV00001,FrozenEngine,1390,07/17/2024, 13:16:07,540
FROV00001,FrozenEngine,1390,07/17/2024, 14:12:54,540
FROV00001,FrozenEngine,1390,07/17/2024, 15:16:01,540
FROV00001,FrozenEngine,1390,07/17/2024, 16:16:19,540
FROV00001,FrozenEngine,1390,07/17/2024, 17:11:47,540
FROV00001,FrozenEngine,1390,07/17/2024, 18:17:26,540
FROV00001,FrozenEngine,1390,07/17/2024, 19:10:10,540
FROV00001,FrozenEngine,1390,07/17/2024, 20:14:11,540
FROV00001,FrozenEngine,1390,07/17/2024, 21:12:47,540
FROV00001,FrozenEngine,1390,07/17/2024, 22:13:23,540
FROV00001,FrozenEngine,1390,07/17/2024, 23:14:38,540
FROV00001,FrozenEngine,1390,07/18/2024, 00:57:14,540
FROV00001,FrozenEngine,1390,07/18/2024, 02:02:08,540
FROV00001,FrozenEngine,1390,07/18/2024, 03:16:42,540
FROV00001,FrozenEngine,1390,07/18/2024, 04:16:44,540
FROV00001,FrozenEngine,1390,07/18/2024, 05:13:59,540
FROV00001,FrozenEngine,1390,07/18/2024, 06:18:53,540
FROV00001,FrozenEngine,1390,07/18/2024, 07:12:54,540
FROV00001,FrozenEngine,1390,07/18/2024, 08:16:59,540
FROV00001,FrozenEngine,1390,07/18/2024, 09:14:01,540
FROV00001,FrozenEngine,1390,07/18/2024, 10:14:20,540
FROV00001,FrozenEngine,1390,07/18/2024, 11:12:08,540
FROV00001,FrozenEngine,1390,07/18/2024, 12:25:23,540
FROV00001,FrozenEngine,1390,07/18/2024, 13:17:29,540
FROV00001,FrozenEngine,1390,07/18/2024, 14:13:10,540
FROV00001,FrozenEngine,1390,07/18/2024, 15:14:38,540
FROV00001,FrozenEngine,1390,07/18/2024, 16:15:49,540
FROV00001,FrozenEngine,1390,07/18/2024, 17:13:06,540
FROV00001,FrozenEngine,1390,07/18/2024, 18:18:23,540
FROV00001,FrozenEngine,1390,07/18/2024, 19:11:42,540
FROV00001,FrozenEngine,1390,07/18/2024, 20:13:49,540
FROV00001,FrozenEngine,1390,07/18/2024, 21:12:45,540
FROV00001,FrozenEngine,1390,07/18/2024, 22:12:26,540
FROV00001,FrozenEngine,1390,07/19/2024, 01:35:25,540
FROV00001,FrozenEngine,1390,07/19/2024, 02:02:52,540
FROV00001,FrozenEngine,1390,07/19/2024, 03:15:36,540
FROV00001,FrozenEngine,1390,07/19/2024, 04:17:41,540
FROV00001,FrozenEngine,1390,07/19/2024, 05:14:32,540
FROV00001,FrozenEngine,1390,07/19/2024, 06:18:33,540
FROV00001,FrozenEngine,1390,07/19/2024, 07:14:04,540
FROV00001,FrozenEngine,1390,07/19/2024, 08:16:37,540
FROV00001,FrozenEngine,1390,07/19/2024, 09:14:14,540
FROV00001,FrozenEngine,1390,07/19/2024, 10:13:54,540
FROV00001,FrozenEngine,1390,07/19/2024, 11:12:12,540
FROV00001,FrozenEngine,1390,07/19/2024, 12:23:32,540
FROV00001,FrozenEngine,1390,07/19/2024, 13:15:58,540
FROV00001,FrozenEngine,1390,07/19/2024, 14:14:12,540
FROV00001,FrozenEngine,1390,07/19/2024, 15:14:41,540
FROV00001,FrozenEngine,1390,07/19/2024, 16:15:46,540
FROV00001,FrozenEngine,1390,07/19/2024, 17:13:21,540
FROV00001,FrozenEngine,1390,07/19/2024, 18:17:34,540
FROV00001,FrozenEngine,1390,07/19/2024, 19:12:13,540
FROV00001,FrozenEngine,1390,07/19/2024, 20:15:29,540
FROV00001,FrozenEngine,1390,07/19/2024, 21:12:25,540
FROV00001,FrozenEngine,1390,07/19/2024, 22:14:10,540
FROV00001,FrozenEngine,1390,07/19/2024, 23:13:49,540
FROV00001,FrozenEngine,1390,07/20/2024, 00:56:56,540
FROV00001,FrozenEngine,1390,07/20/2024, 01:59:30,540
FROV00001,FrozenEngine,1390,07/20/2024, 02:33:38,540
FROV00001,FrozenEngine,1390,07/20/2024, 03:15:07,540
FROV00001,FrozenEngine,1390,07/20/2024, 04:17:39,540
FROV00001,FrozenEngine,1390,07/20/2024, 05:13:37,540
FROV00001,FrozenEngine,1390,07/20/2024, 06:19:04,540
FROV00001,FrozenEngine,1390,07/20/2024, 07:12:48,540
FROV00001,FrozenEngine,1390,07/20/2024, 08:15:22,540
FROV00001,FrozenEngine,1390,07/20/2024, 09:13:47,540
FROV00001,FrozenEngine,1390,07/20/2024, 10:13:36,540
FROV00001,FrozenEngine,1390,07/20/2024, 11:11:21,540
FROV00001,FrozenEngine,1390,07/20/2024, 12:22:18,540
FROV00001,FrozenEngine,1390,07/20/2024, 13:13:43,540
FROV00001,FrozenEngine,1390,07/20/2024, 14:11:47,540
FROV00001,FrozenEngine,1390,07/20/2024, 15:12:27,540
FROV00001,FrozenEngine,1390,07/20/2024, 16:15:25,540
FROV00001,FrozenEngine,1390,07/20/2024, 17:11:45,540
FROV00001,FrozenEngine,1390,07/20/2024, 18:16:39,540
FROV00001,FrozenEngine,1390,07/20/2024, 19:10:34,540
FROV00001,FrozenEngine,1390,07/20/2024, 20:13:14,540
FROV00001,FrozenEngine,1390,07/20/2024, 21:12:18,540
FROV00001,FrozenEngine,1390,07/20/2024, 22:13:07,540
FROV00001,FrozenEngine,1390,07/20/2024, 23:13:10,540
FROV00001,FrozenEngine,1390,07/21/2024, 01:02:27,540
FROV00001,FrozenEngine,1390,07/21/2024, 02:33:42,540
FROV00001,FrozenEngine,1390,07/21/2024, 03:15:33,540
FROV00001,FrozenEngine,1390,07/21/2024, 04:15:21,540
FROV00001,FrozenEngine,1390,07/21/2024, 05:14:33,540
FROV00001,FrozenEngine,1390,07/21/2024, 06:16:44,540
FROV00001,FrozenEngine,1390,07/21/2024, 07:11:35,540
FROV00001,FrozenEngine,1390,07/21/2024, 08:15:29,540
FROV00001,FrozenEngine,1390,07/21/2024, 09:13:04,540
FROV00001,FrozenEngine,1390,07/21/2024, 10:13:54,540
FROV00001,FrozenEngine,1390,07/21/2024, 11:11:12,540
FROV00001,FrozenEngine,1390,07/21/2024, 12:23:01,540
FROV00001,FrozenEngine,1390,07/21/2024, 13:13:46,540
FROV00001,FrozenEngine,1390,07/21/2024, 14:11:53,540
FROV00001,FrozenEngine,1390,07/21/2024, 15:14:18,540
FROV00001,FrozenEngine,1390,07/21/2024, 16:16:55,540
FROV00001,FrozenEngine,1390,07/21/2024, 17:10:57,540
FROV00001,FrozenEngine,1390,07/21/2024, 18:15:45,540
FROV00001,FrozenEngine,1390,07/21/2024, 19:10:20,540
FROV00001,FrozenEngine,1390,07/21/2024, 20:15:36,540
FROV00001,FrozenEngine,1390,07/21/2024, 21:11:54,540
FROV00001,FrozenEngine,1390,07/21/2024, 22:12:30,540
FROV00001,FrozenEngine,1390,07/21/2024, 23:13:42,540
FROV00001,FrozenEngine,1390,07/22/2024, 01:00:10,540
FROV00001,FrozenEngine,1390,07/22/2024, 02:09:02,540
FROV00001,FrozenEngine,1390,07/22/2024, 03:16:13,540
FROV00001,FrozenEngine,1390,07/22/2024, 04:16:24,540
FROV00001,FrozenEngine,1390,07/22/2024, 05:14:36,540
FROV00001,FrozenEngine,1390,07/22/2024, 06:18:51,540
FROV00001,FrozenEngine,1390,07/22/2024, 07:13:45,540
FROV00001,FrozenEngine,1390,07/22/2024, 08:18:00,540
FROV00001,FrozenEngine,1390,07/22/2024, 09:17:27,540
FROV00001,FrozenEngine,1390,07/22/2024, 10:14:23,540
FROV00001,FrozenEngine,1390,07/22/2024, 11:11:49,540
FROV00001,FrozenEngine,1390,07/22/2024, 12:25:28,540
FROV00001,FrozenEngine,1390,07/22/2024, 13:17:36,540
FROV00001,FrozenEngine,1390,07/22/2024, 14:13:40,540
FROV00001,FrozenEngine,1390,07/22/2024, 15:15:14,540
FROV00001,FrozenEngine,1390,07/22/2024, 16:16:37,540
FROV00001,FrozenEngine,1390,07/22/2024, 17:12:22,540
FROV00001,FrozenEngine,1390,07/22/2024, 18:17:29,540
FROV00001,FrozenEngine,1390,07/22/2024, 19:12:11,540
FROV00001,FrozenEngine,1390,07/22/2024, 20:14:14,540
FROV00001,FrozenEngine,1390,07/22/2024, 21:13:06,540
FROV00001,FrozenEngine,1390,07/22/2024, 22:13:12,540
FROV00001,FrozenEngine,1390,07/22/2024, 23:13:41,540
FROV00001,FrozenEngine,1390,07/23/2024, 00:58:25,540
FROV00001,FrozenEngine,1390,07/23/2024, 02:04:18,540
FROV00001,FrozenEngine,1390,07/23/2024, 03:15:57,540
FROV00001,FrozenEngine,1390,07/23/2024, 04:15:58,540
FROV00001,FrozenEngine,1390,07/23/2024, 05:13:20,540
FROV00001,FrozenEngine,1390,07/23/2024, 06:18:37,540
FROV00001,FrozenEngine,1390,07/23/2024, 07:12:40,540
FROV00001,FrozenEngine,1390,07/23/2024, 08:18:36,540
FROV00001,FrozenEngine,1390,07/23/2024, 09:14:37,540
FROV00001,FrozenEngine,1390,07/23/2024, 10:14:23,540
FROV00001,FrozenEngine,1390,07/23/2024, 11:12:59,540
FROV00001,FrozenEngine,1390,07/23/2024, 12:24:38,540
FROV00001,FrozenEngine,1390,07/23/2024, 13:16:57,540
FROV00001,FrozenEngine,1390,07/23/2024, 14:13:08,540
FROV00001,FrozenEngine,1390,07/23/2024, 15:14:59,540
FROV00001,FrozenEngine,1390,07/23/2024, 16:18:38,540
FROV00001,FrozenEngine,1390,07/23/2024, 17:12:40,540
FROV00001,FrozenEngine,1390,07/23/2024, 18:17:46,540
FROV00001,FrozenEngine,1390,07/23/2024, 19:10:42,540
FROV00001,FrozenEngine,1390,07/23/2024, 20:14:04,540
FROV00001,FrozenEngine,1390,07/23/2024, 21:15:26,540
FROV00001,FrozenEngine,1390,07/23/2024, 22:13:41,540
FROV00001,FrozenEngine,1390,07/23/2024, 23:15:23,540
FROV00001,FrozenEngine,1390,07/24/2024, 00:58:58,540
FROV00001,FrozenEngine,1390,07/24/2024, 02:04:43,540
FROV00001,FrozenEngine,1390,07/24/2024, 03:15:16,540
FROV00001,FrozenEngine,1390,07/24/2024, 04:15:29,540
FROV00001,FrozenEngine,1390,07/24/2024, 05:13:47,540
FROV00001,FrozenEngine,1390,07/24/2024, 06:18:44,540
FROV00001,FrozenEngine,1390,07/24/2024, 07:13:04,540
FROV00001,FrozenEngine,1390,07/24/2024, 08:16:49,540
FROV00001,FrozenEngine,1390,07/24/2024, 09:14:15,540
FROV00001,FrozenEngine,1390,07/24/2024, 10:15:57,540
FROV00001,FrozenEngine,1390,07/24/2024, 11:11:24,540
FROV00001,FrozenEngine,1390,07/24/2024, 12:23:47,540
FROV00001,FrozenEngine,1390,07/24/2024, 13:17:38,540
FROV00001,FrozenEngine,1390,07/24/2024, 14:13:40,540
FROV00001,FrozenEngine,1390,07/24/2024, 15:14:52,540
FROV00001,FrozenEngine,1390,07/24/2024, 16:16:29,540
FROV00001,FrozenEngine,1390,07/24/2024, 17:12:06,540
FROV00001,FrozenEngine,1390,07/24/2024, 18:17:11,540
FROV00001,FrozenEngine,1390,07/24/2024, 19:11:34,540
FROV00001,FrozenEngine,1390,07/24/2024, 20:13:59,540
FROV00001,FrozenEngine,1390,07/24/2024, 21:13:35,540
FROV00001,FrozenEngine,1390,07/24/2024, 22:13:12,540
FROV00001,FrozenEngine,1390,07/24/2024, 23:14:11,540
FROV00001,FrozenEngine,1390,07/25/2024, 00:58:45,540
FROV00001,FrozenEngine,1390,07/25/2024, 02:04:20,540
FROV00001,FrozenEngine,1390,07/25/2024, 03:14:54,540
FROV00001,FrozenEngine,1390,07/25/2024, 04:16:53,540
FROV00001,FrozenEngine,1390,07/25/2024, 05:13:57,540
FROV00001,FrozenEngine,1390,07/25/2024, 06:18:52,540
FROV00001,FrozenEngine,1390,07/25/2024, 07:14:05,540
FROV00001,FrozenEngine,1390,07/25/2024, 08:17:43,540
FROV00001,FrozenEngine,1390,07/25/2024, 09:15:12,540
FROV00001,FrozenEngine,1390,07/25/2024, 10:14:42,540
FROV00001,FrozenEngine,1390,07/25/2024, 11:11:46,540
FROV00001,FrozenEngine,1390,07/25/2024, 12:24:35,540
FROV00001,FrozenEngine,1390,07/25/2024, 13:16:47,540
FROV00001,FrozenEngine,1390,07/25/2024, 14:12:59,540
FROV00001,FrozenEngine,1390,07/25/2024, 15:14:05,540
FROV00001,FrozenEngine,1390,07/25/2024, 16:17:09,540
FROV00001,FrozenEngine,1390,07/25/2024, 17:12:24,540
FROV00001,FrozenEngine,1390,07/25/2024, 18:17:17,540
FROV00001,FrozenEngine,1390,07/25/2024, 19:12:02,540
FROV00001,FrozenEngine,1390,07/25/2024, 20:14:29,540
FROV00001,FrozenEngine,1390,07/25/2024, 21:13:42,540
FROV00001,FrozenEngine,1390,07/25/2024, 22:13:32,540
FROV00001,FrozenEngine,1390,07/25/2024, 23:14:41,540
FROV00001,FrozenEngine,1390,07/26/2024, 00:57:43,540
FROV00001,FrozenEngine,1390,07/26/2024, 02:02:56,540
FROV00001,FrozenEngine,1390,07/26/2024, 03:15:43,540
FROV00001,FrozenEngine,1390,07/26/2024, 04:16:56,540
FROV00001,FrozenEngine,1390,07/26/2024, 05:14:15,540
FROV00001,FrozenEngine,1390,07/26/2024, 06:19:02,540
FROV00001,FrozenEngine,1390,07/26/2024, 07:13:15,540
FROV00001,FrozenEngine,1390,07/26/2024, 08:16:23,540
FROV00001,FrozenEngine,1390,07/26/2024, 09:14:10,540
FROV00001,FrozenEngine,1390,07/26/2024, 10:14:42,540
FROV00001,FrozenEngine,1390,07/26/2024, 11:13:14,540
FROV00001,FrozenEngine,1390,07/26/2024, 12:23:39,540
FROV00001,FrozenEngine,1390,07/26/2024, 13:16:24,540
FROV00001,FrozenEngine,1390,07/26/2024, 14:11:50,540
FROV00001,FrozenEngine,1390,07/26/2024, 15:14:38,540
FROV00001,FrozenEngine,1390,07/26/2024, 16:16:41,540
FROV00001,FrozenEngine,1390,07/26/2024, 17:12:59,540
FROV00001,FrozenEngine,1390,07/26/2024, 18:17:53,540
FROV00001,FrozenEngine,1390,07/26/2024, 19:13:07,540
FROV00001,FrozenEngine,1390,07/26/2024, 20:16:04,540
FROV00001,FrozenEngine,1390,07/26/2024, 21:12:38,540
FROV00001,FrozenEngine,1390,07/26/2024, 22:13:48,540
FROV00001,FrozenEngine,1390,07/26/2024, 23:13:09,540
FROV00001,FrozenEngine,1390,07/27/2024, 00:57:32,540
FROV00001,FrozenEngine,1390,07/27/2024, 02:01:15,540
FROV00001,FrozenEngine,1390,07/27/2024, 02:36:45,540
FROV00001,FrozenEngine,1390,07/27/2024, 03:15:58,540
FROV00001,FrozenEngine,1390,07/27/2024, 04:15:09,540
FROV00001,FrozenEngine,1390,07/27/2024, 05:13:12,540
FROV00001,FrozenEngine,1390,07/27/2024, 06:16:59,540
FROV00001,FrozenEngine,1390,07/27/2024, 07:13:23,540
FROV00001,FrozenEngine,1390,07/27/2024, 08:15:13,540
FROV00001,FrozenEngine,1390,07/27/2024, 09:13:04,540
FROV00001,FrozenEngine,1390,07/27/2024, 10:13:51,540
FROV00001,FrozenEngine,1390,07/27/2024, 11:12:19,540
FROV00001,FrozenEngine,1390,07/27/2024, 12:24:24,540
FROV00001,FrozenEngine,1390,07/27/2024, 13:14:33,540
FROV00001,FrozenEngine,1390,07/27/2024, 14:12:37,540
FROV00001,FrozenEngine,1390,07/27/2024, 15:13:09,540
FROV00001,FrozenEngine,1390,07/27/2024, 16:15:51,540
FROV00001,FrozenEngine,1390,07/27/2024, 17:12:11,540
FROV00001,FrozenEngine,1390,07/27/2024, 18:17:27,540
FROV00001,FrozenEngine,1390,07/27/2024, 19:11:00,540
FROV00001,FrozenEngine,1390,07/27/2024, 20:13:23,540
FROV00001,FrozenEngine,1390,07/27/2024, 21:11:43,540
FROV00001,FrozenEngine,1390,07/27/2024, 22:12:11,540
FROV00001,FrozenEngine,1390,07/27/2024, 23:14:23,540
FROV00001,FrozenEngine,1390,07/28/2024, 01:02:42,540
FROV00001,FrozenEngine,1390,07/28/2024, 02:35:04,540
FROV00001,FrozenEngine,1390,07/28/2024, 03:14:41,540
FROV00001,FrozenEngine,1390,07/28/2024, 04:15:17,540
FROV00001,FrozenEngine,1390,07/28/2024, 05:14:35,540
FROV00001,FrozenEngine,1390,07/28/2024, 06:17:12,540
FROV00001,FrozenEngine,1390,07/28/2024, 07:12:25,540
FROV00001,FrozenEngine,1390,07/28/2024, 08:15:31,540
FROV00001,FrozenEngine,1390,07/28/2024, 09:14:44,540
FROV00001,FrozenEngine,1390,07/28/2024, 10:12:59,540
FROV00001,FrozenEngine,1390,07/28/2024, 11:10:30,540
FROV00001,FrozenEngine,1390,07/28/2024, 12:22:08,540
FROV00001,FrozenEngine,1390,07/28/2024, 13:14:04,540
FROV00001,FrozenEngine,1390,07/28/2024, 14:11:42,540
FROV00001,FrozenEngine,1390,07/28/2024, 15:12:27,540
FROV00001,FrozenEngine,1390,07/28/2024, 16:16:37,540
FROV00001,FrozenEngine,1390,07/28/2024, 17:11:39,540
FROV00001,FrozenEngine,1390,07/28/2024, 18:17:17,540
FROV00001,FrozenEngine,1390,07/28/2024, 19:10:15,540
FROV00001,FrozenEngine,1390,07/28/2024, 20:14:11,540
FROV00001,FrozenEngine,1390,07/28/2024, 21:14:03,540
FROV00001,FrozenEngine,1390,07/28/2024, 22:12:50,540
FROV00001,FrozenEngine,1390,07/28/2024, 23:13:32,540
FROV00001,FrozenEngine,1390,07/29/2024, 01:00:09,540
FROV00001,FrozenEngine,1390,07/29/2024, 02:08:34,540
FROV00001,FrozenEngine,1390,07/29/2024, 03:15:08,540
FROV00001,FrozenEngine,1390,07/29/2024, 04:16:04,540
FROV00001,FrozenEngine,1390,07/29/2024, 05:15:00,540
FROV00001,FrozenEngine,1390,07/29/2024, 06:19:23,540
FROV00001,FrozenEngine,1390,07/29/2024, 07:13:58,540
FROV00001,FrozenEngine,1390,07/29/2024, 08:17:29,540
FROV00001,FrozenEngine,1390,07/29/2024, 09:15:41,540
FROV00001,FrozenEngine,1390,07/29/2024, 10:15:41,540
FROV00001,FrozenEngine,1390,07/29/2024, 11:11:24,540
FROV00001,FrozenEngine,1390,07/29/2024, 12:24:54,540
FROV00001,FrozenEngine,1390,07/29/2024, 13:18:10,540
FROV00001,FrozenEngine,1390,07/29/2024, 14:13:17,540
FROV00001,FrozenEngine,1390,07/29/2024, 15:14:43,540
FROV00001,FrozenEngine,1390,07/29/2024, 16:17:24,540
FROV00001,FrozenEngine,1390,07/29/2024, 17:12:36,540
FROV00001,FrozenEngine,1390,07/29/2024, 18:17:44,540
FROV00001,FrozenEngine,1390,07/29/2024, 19:11:17,540
FROV00001,FrozenEngine,1390,07/29/2024, 20:14:26,540
FROV00001,FrozenEngine,1390,07/29/2024, 21:14:08,540
FROV00001,FrozenEngine,1390,07/29/2024, 22:15:00,540
FROV00001,FrozenEngine,1390,07/29/2024, 23:13:34,540
FROV00001,FrozenEngine,1390,07/30/2024, 00:58:29,540
FROV00001,FrozenEngine,1390,07/30/2024, 02:04:21,540
FROV00001,FrozenEngine,1390,07/30/2024, 03:17:24,540
FROV00001,FrozenEngine,1390,07/30/2024, 04:15:57,540
FROV00001,FrozenEngine,1390,07/30/2024, 05:14:33,540
FROV00001,FrozenEngine,1391,07/30/2024, 06:18:42,540
FROV00001,FrozenEngine,1391,07/30/2024, 07:12:48,540
FROV00001,FrozenEngine,1391,07/30/2024, 08:17:32,540
FROV00001,FrozenEngine,1391,07/30/2024, 09:14:11,540
FROV00001,FrozenEngine,1391,07/30/2024, 10:15:13,540
FROV00001,FrozenEngine,1391,07/30/2024, 11:12:39,540
FROV00001,FrozenEngine,1391,07/30/2024, 12:24:48,540
FROV00001,FrozenEngine,1391,07/30/2024, 13:16:36,540
FROV00001,FrozenEngine,1391,07/30/2024, 14:12:50,540
FROV00001,FrozenEngine,1391,07/30/2024, 15:14:31,540
FROV00001,FrozenEngine,1391,07/30/2024, 16:17:26,540
FROV00001,FrozenEngine,1391,07/30/2024, 17:12:12,540
FROV00001,FrozenEngine,1391,07/30/2024, 18:17:19,540
FROV00001,FrozenEngine,1391,07/30/2024, 19:11:38,540
FROV00001,FrozenEngine,1391,07/30/2024, 20:13:28,540
FROV00001,FrozenEngine,1391,07/30/2024, 21:13:49,540
FROV00001,FrozenEngine,1391,07/30/2024, 22:11:53,540
FROV00001,FrozenEngine,1391,07/30/2024, 23:12:22,540
FROV00001,FrozenEngine,1391,07/31/2024, 00:48:43,540
FROV00001,FrozenEngine,1391,07/31/2024, 01:40:23,540
FROV00001,FrozenEngine,1391,07/31/2024, 02:13:57,540
FROV00001,FrozenEngine,1391,07/31/2024, 03:15:11,540
FROV00001,FrozenEngine,1391,07/31/2024, 04:13:35,540
FROV00001,FrozenEngine,1391,07/31/2024, 05:12:13,540
FROV00001,FrozenEngine,1391,07/31/2024, 06:16:09,540
FROV00001,FrozenEngine,1391,07/31/2024, 07:11:43,540
FROV00001,FrozenEngine,1391,07/31/2024, 08:16:20,540
FROV00001,FrozenEngine,1391,07/31/2024, 09:15:51,540
FROV00001,FrozenEngine,1391,07/31/2024, 10:11:36,540
FROV00001,FrozenEngine,1391,07/31/2024, 11:11:27,540
FROV00001,FrozenEngine,1391,07/31/2024, 12:25:09,540
FROV00001,FrozenEngine,1391,07/31/2024, 13:16:48,540
FROV00001,FrozenEngine,1391,07/31/2024, 14:12:57,540
FROV00001,FrozenEngine,1391,07/31/2024, 15:13:53,540
FROV00001,FrozenEngine,1391,07/31/2024, 16:16:11,540
FROV00001,FrozenEngine,1391,07/31/2024, 17:14:39,540
FROV00001,FrozenEngine,1391,07/31/2024, 18:17:55,540
FROV00001,FrozenEngine,1391,07/31/2024, 19:11:52,540
FROV00001,FrozenEngine,1391,07/31/2024, 20:14:07,540
FROV00001,FrozenEngine,1391,07/31/2024, 21:14:11,540
FROV00001,FrozenEngine,1391,07/31/2024, 22:13:03,540
FROV00001,FrozenEngine,1391,07/31/2024, 23:13:16,540
FROV00001,FrozenEngine,1391,08/01/2024, 01:03:30,540
FROV00001,FrozenEngine,1391,08/01/2024, 02:37:49,540
FROV00001,FrozenEngine,1391,08/01/2024, 03:15:28,540
FROV00001,FrozenEngine,1391,08/01/2024, 04:16:24,540
FROV00001,FrozenEngine,1391,08/01/2024, 05:13:41,540
FROV00001,FrozenEngine,1391,08/01/2024, 06:19:02,540
FROV00001,FrozenEngine,1392,08/01/2024, 07:13:01,540
FROV00001,FrozenEngine,1392,08/01/2024, 08:17:27,540
FROV00001,FrozenEngine,1392,08/01/2024, 09:13:33,540
FROV00001,FrozenEngine,1392,08/01/2024, 10:15:07,540
FROV00001,FrozenEngine,1392,08/01/2024, 11:13:35,540
FROV00001,FrozenEngine,1392,08/01/2024, 12:24:52,540
FROV00001,FrozenEngine,1392,08/01/2024, 13:17:12,540
FROV00001,FrozenEngine,1392,08/01/2024, 14:17:38,540
FROV00001,FrozenEngine,1392,08/01/2024, 15:14:05,540
FROV00001,FrozenEngine,1392,08/01/2024, 16:17:00,540
FROV00001,FrozenEngine,1392,08/01/2024, 17:13:46,540
FROV00001,FrozenEngine,1392,08/01/2024, 18:17:34,540
FROV00001,FrozenEngine,1392,08/01/2024, 19:10:58,540
FROV00001,FrozenEngine,1392,08/01/2024, 20:15:07,540
FROV00001,FrozenEngine,1392,08/01/2024, 21:15:08,540
FROV00001,FrozenEngine,1392,08/01/2024, 22:12:48,540
FROV00001,FrozenEngine,1392,08/01/2024, 23:13:41,540
FROV00001,FrozenEngine,1392,08/02/2024, 00:58:19,540
FROV00001,FrozenEngine,1392,08/02/2024, 02:04:27,540
FROV00001,FrozenEngine,1392,08/02/2024, 03:16:27,540
FROV00001,FrozenEngine,1392,08/02/2024, 04:17:34,540
FROV00001,FrozenEngine,1392,08/02/2024, 05:14:01,540
FROV00001,FrozenEngine,1392,08/02/2024, 06:20:49,540
FROV00001,FrozenEngine,1392,08/02/2024, 07:13:39,540
FROV00001,FrozenEngine,1392,08/02/2024, 08:16:44,540
FROV00001,FrozenEngine,1392,08/02/2024, 09:14:52,540
FROV00001,FrozenEngine,1392,08/02/2024, 10:14:43,540
FROV00001,FrozenEngine,1392,08/02/2024, 11:11:57,540
FROV00001,FrozenEngine,1392,08/02/2024, 12:23:56,540
FROV00001,FrozenEngine,1392,08/02/2024, 13:16:20,540
FROV00001,FrozenEngine,1392,08/02/2024, 14:12:50,540
FROV00001,FrozenEngine,1392,08/02/2024, 15:14:07,540
FROV00001,FrozenEngine,1392,08/02/2024, 16:16:07,540
FROV00001,FrozenEngine,1392,08/02/2024, 17:13:23,540
FROV00001,FrozenEngine,1392,08/02/2024, 18:18:10,540
FROV00001,FrozenEngine,1392,08/02/2024, 19:11:26,540
FROV00001,FrozenEngine,1392,08/02/2024, 20:14:42,540
FROV00001,FrozenEngine,1392,08/02/2024, 21:13:38,540
FROV00001,FrozenEngine,1392,08/02/2024, 22:13:39,540
FROV00001,FrozenEngine,1392,08/02/2024, 23:13:07,540
FROV00001,FrozenEngine,1392,08/03/2024, 00:57:39,540
FROV00001,FrozenEngine,1392,08/03/2024, 02:02:14,540
FROV00001,FrozenEngine,1392,08/03/2024, 03:14:26,540
FROV00001,FrozenEngine,1392,08/03/2024, 04:15:51,540
FROV00001,FrozenEngine,1392,08/03/2024, 05:12:36,540
FROV00001,FrozenEngine,1392,08/03/2024, 06:18:32,540
FROV00001,FrozenEngine,1392,08/03/2024, 07:11:52,540
FROV00001,FrozenEngine,1392,08/03/2024, 08:16:34,540
FROV00001,FrozenEngine,1392,08/03/2024, 09:13:56,540
FROV00001,FrozenEngine,1392,08/03/2024, 10:13:07,540
FROV00001,FrozenEngine,1392,08/03/2024, 11:12:03,540
FROV00001,FrozenEngine,1392,08/03/2024, 12:22:01,540
FROV00001,FrozenEngine,1392,08/03/2024, 13:14:07,540
FROV00001,FrozenEngine,1392,08/03/2024, 14:13:47,540
FROV00001,FrozenEngine,1392,08/03/2024, 15:13:22,540
FROV00001,FrozenEngine,1392,08/03/2024, 16:16:16,540
FROV00001,FrozenEngine,1392,08/03/2024, 17:12:04,540
FROV00001,FrozenEngine,1392,08/03/2024, 18:17:39,540
FROV00001,FrozenEngine,1392,08/03/2024, 19:10:26,540
FROV00001,FrozenEngine,1392,08/03/2024, 20:13:12,540
FROV00001,FrozenEngine,1392,08/03/2024, 21:12:59,540
FROV00001,FrozenEngine,1392,08/03/2024, 22:11:49,540
FROV00001,FrozenEngine,1392,08/03/2024, 23:13:58,540
FROV00001,FrozenEngine,1392,08/04/2024, 01:02:56,540
FROV00001,FrozenEngine,1392,08/04/2024, 02:35:40,540
FROV00001,FrozenEngine,1392,08/04/2024, 03:14:53,540
FROV00001,FrozenEngine,1392,08/04/2024, 04:16:43,540
FROV00001,FrozenEngine,1392,08/04/2024, 05:12:36,540
FROV00001,FrozenEngine,1392,08/04/2024, 06:17:52,540
FROV00001,FrozenEngine,1392,08/04/2024, 07:12:53,540
FROV00001,FrozenEngine,1392,08/04/2024, 08:15:19,540
FROV00001,FrozenEngine,1392,08/04/2024, 09:13:23,540
FROV00001,FrozenEngine,1392,08/04/2024, 10:13:28,540
FROV00001,FrozenEngine,1392,08/04/2024, 11:12:16,540
FROV00001,FrozenEngine,1392,08/04/2024, 12:22:28,540
FROV00001,FrozenEngine,1392,08/04/2024, 13:14:49,540
FROV00001,FrozenEngine,1392,08/04/2024, 14:12:58,540
FROV00001,FrozenEngine,1392,08/04/2024, 15:13:50,540
FROV00001,FrozenEngine,1392,08/04/2024, 16:14:35,540
FROV00001,FrozenEngine,1392,08/04/2024, 17:11:25,540
FROV00001,FrozenEngine,1392,08/04/2024, 18:16:34,540
FROV00001,FrozenEngine,1392,08/04/2024, 19:11:24,540
FROV00001,FrozenEngine,1392,08/04/2024, 20:14:14,540
FROV00001,FrozenEngine,1392,08/04/2024, 21:13:09,540
FROV00001,FrozenEngine,1392,08/04/2024, 22:13:42,540
FROV00001,FrozenEngine,1392,08/04/2024, 23:15:00,540
FROV00001,FrozenEngine,1392,08/05/2024, 01:00:26,540
FROV00001,FrozenEngine,1392,08/05/2024, 02:08:28,540
FROV00001,FrozenEngine,1392,08/05/2024, 03:15:02,540
FROV00001,FrozenEngine,1392,08/05/2024, 04:16:27,540
FROV00001,FrozenEngine,1392,08/05/2024, 05:15:10,540
FROV00001,FrozenEngine,1392,08/05/2024, 06:19:27,540
FROV00001,FrozenEngine,1392,08/05/2024, 07:14:02,540
FROV00001,FrozenEngine,1392,08/05/2024, 08:18:07,540
FROV00001,FrozenEngine,1392,08/05/2024, 09:14:08,540
FROV00001,FrozenEngine,1392,08/05/2024, 10:14:39,540
FROV00001,FrozenEngine,1392,08/05/2024, 11:12:32,540
FROV00001,FrozenEngine,1392,08/05/2024, 12:25:40,540
FROV00001,FrozenEngine,1392,08/05/2024, 13:17:35,540
FROV00001,FrozenEngine,1392,08/05/2024, 14:12:45,540
FROV00001,FrozenEngine,1392,08/05/2024, 15:14:11,540
FROV00001,FrozenEngine,1392,08/05/2024, 16:16:17,540
FROV00001,FrozenEngine,1392,08/05/2024, 17:13:38,540
FROV00001,FrozenEngine,1392,08/05/2024, 18:18:23,540
FROV00001,FrozenEngine,1392,08/05/2024, 19:13:43,540
FROV00001,FrozenEngine,1392,08/05/2024, 20:14:11,540
FROV00001,FrozenEngine,1392,08/05/2024, 21:15:23,540
FROV00001,FrozenEngine,1392,08/05/2024, 22:12:53,540
FROV00001,FrozenEngine,1392,08/05/2024, 23:15:02,540
FROV00001,FrozenEngine,1392,08/06/2024, 00:58:38,540
FROV00001,FrozenEngine,1392,08/06/2024, 02:05:06,540
FROV00001,FrozenEngine,1392,08/06/2024, 03:15:22,540
FROV00001,FrozenEngine,1392,08/06/2024, 04:16:56,540
FROV00001,FrozenEngine,1392,08/06/2024, 05:13:50,540
FROV00001,FrozenEngine,1392,08/06/2024, 06:20:01,540
FROV00001,FrozenEngine,1392,08/06/2024, 07:14:04,540
FROV00001,FrozenEngine,1392,08/06/2024, 08:16:45,540
FROV00001,FrozenEngine,1392,08/06/2024, 09:14:25,540
FROV00001,FrozenEngine,1392,08/06/2024, 10:15:10,540
FROV00001,FrozenEngine,1392,08/06/2024, 11:12:17,540
FROV00001,FrozenEngine,1392,08/06/2024, 12:25:08,540
FROV00001,FrozenEngine,1392,08/06/2024, 13:17:40,540
FROV00001,FrozenEngine,1392,08/06/2024, 14:13:25,540
FROV00001,FrozenEngine,1392,08/06/2024, 15:15:13,540
FROV00001,FrozenEngine,1392,08/06/2024, 16:16:34,540
FROV00001,FrozenEngine,1392,08/06/2024, 17:13:49,540
FROV00001,FrozenEngine,1392,08/06/2024, 18:18:55,540
FROV00001,FrozenEngine,1392,08/06/2024, 19:11:29,540
FROV00001,FrozenEngine,1392,08/06/2024, 20:12:19,540
FROV00001,FrozenEngine,1392,08/06/2024, 21:12:46,540
FROV00001,FrozenEngine,1392,08/06/2024, 22:13:25,540
FROV00001,FrozenEngine,1392,08/06/2024, 23:14:12,540
FROV00001,FrozenEngine,1392,08/07/2024, 00:59:24,540
FROV00001,FrozenEngine,1392,08/07/2024, 02:07:51,540
FROV00001,FrozenEngine,1392,08/07/2024, 03:15:34,540
FROV00001,FrozenEngine,1392,08/07/2024, 04:17:26,540
FROV00001,FrozenEngine,1392,08/07/2024, 05:13:33,540
FROV00001,FrozenEngine,1392,08/07/2024, 06:18:47,540
FROV00001,FrozenEngine,1392,08/07/2024, 07:12:48,540
FROV00001,FrozenEngine,1392,08/07/2024, 08:18:08,540
FROV00001,FrozenEngine,1392,08/07/2024, 09:15:22,540
FROV00001,FrozenEngine,1392,08/07/2024, 10:14:23,540
FROV00001,FrozenEngine,1392,08/07/2024, 11:11:52,540
FROV00001,FrozenEngine,1392,08/07/2024, 12:25:40,540
FROV00001,FrozenEngine,1392,08/07/2024, 13:18:37,540
FROV00001,FrozenEngine,1392,08/07/2024, 14:12:45,540
FROV00001,FrozenEngine,1392,08/07/2024, 15:14:00,540
FROV00001,FrozenEngine,1392,08/07/2024, 16:16:33,540
FROV00001,FrozenEngine,1392,08/07/2024, 17:14:22,540
FROV00001,FrozenEngine,1392,08/07/2024, 18:18:02,540
FROV00001,FrozenEngine,1392,08/07/2024, 19:11:54,540
FROV00001,FrozenEngine,1392,08/07/2024, 20:14:45,540
FROV00001,FrozenEngine,1392,08/07/2024, 21:14:51,540
FROV00001,FrozenEngine,1392,08/07/2024, 22:13:07,540
FROV00001,FrozenEngine,1392,08/07/2024, 23:13:16,540
FROV00001,FrozenEngine,1392,08/08/2024, 00:59:36,540
FROV00001,FrozenEngine,1392,08/08/2024, 02:06:32,540
FROV00001,FrozenEngine,1392,08/08/2024, 03:15:12,540
FROV00001,FrozenEngine,1392,08/08/2024, 04:18:13,540
FROV00001,FrozenEngine,1392,08/08/2024, 05:14:02,540
FROV00001,FrozenEngine,1392,08/08/2024, 06:19:41,540
FROV00001,FrozenEngine,1392,08/08/2024, 07:13:27,540
FROV00001,FrozenEngine,1392,08/08/2024, 08:17:36,540
FROV00001,FrozenEngine,1392,08/08/2024, 09:14:36,540
FROV00001,FrozenEngine,1392,08/08/2024, 10:14:18,540
FROV00001,FrozenEngine,1392,08/08/2024, 11:12:50,540
FROV00001,FrozenEngine,1392,08/08/2024, 12:24:49,540
FROV00001,FrozenEngine,1392,08/08/2024, 13:17:44,540
FROV00001,FrozenEngine,1392,08/08/2024, 14:12:56,540
FROV00001,FrozenEngine,1392,08/08/2024, 15:14:42,540
FROV00001,FrozenEngine,1392,08/08/2024, 16:16:26,540
FROV00001,FrozenEngine,1392,08/08/2024, 17:14:20,540
FROV00001,FrozenEngine,1392,08/08/2024, 18:19:02,540
FROV00001,FrozenEngine,1392,08/08/2024, 19:11:12,540
FROV00001,FrozenEngine,1392,08/08/2024, 20:15:21,540
FROV00001,FrozenEngine,1392,08/08/2024, 21:13:11,540
FROV00001,FrozenEngine,1392,08/08/2024, 22:13:20,540
FROV00001,FrozenEngine,1392,08/08/2024, 23:14:05,540
FROV00001,FrozenEngine,1392,08/09/2024, 00:59:56,540
FROV00001,FrozenEngine,1392,08/09/2024, 02:08:17,540
FROV00001,FrozenEngine,1392,08/09/2024, 03:15:22,540
FROV00001,FrozenEngine,1392,08/09/2024, 04:16:19,540
FROV00001,FrozenEngine,1392,08/09/2024, 05:14:02,540
FROV00001,FrozenEngine,1392,08/09/2024, 06:19:24,540
FROV00001,FrozenEngine,1392,08/09/2024, 07:13:05,540
FROV00001,FrozenEngine,1392,08/09/2024, 08:17:37,540
FROV00001,FrozenEngine,1392,08/09/2024, 09:15:42,540
FROV00001,FrozenEngine,1392,08/09/2024, 10:14:36,540
FROV00001,FrozenEngine,1392,08/09/2024, 11:12:25,540
FROV00001,FrozenEngine,1392,08/09/2024, 12:24:46,540
FROV00001,FrozenEngine,1392,08/09/2024, 13:17:31,540
FROV00001,FrozenEngine,1392,08/09/2024, 14:13:40,540
FROV00001,FrozenEngine,1392,08/09/2024, 15:15:14,540
FROV00001,FrozenEngine,1392,08/09/2024, 16:16:32,540
FROV00001,FrozenEngine,1392,08/09/2024, 17:13:18,540
FROV00001,FrozenEngine,1392,08/09/2024, 18:17:58,540
FROV00001,FrozenEngine,1392,08/09/2024, 19:12:13,540
FROV00001,FrozenEngine,1392,08/09/2024, 20:14:59,540
FROV00001,FrozenEngine,1392,08/09/2024, 21:12:47,540
FROV00001,FrozenEngine,1392,08/09/2024, 22:14:31,540
FROV00001,FrozenEngine,1392,08/09/2024, 23:13:17,540
FROV00001,FrozenEngine,1392,08/10/2024, 00:59:20,540
FROV00001,FrozenEngine,1392,08/10/2024, 02:06:28,540
FROV00001,FrozenEngine,1392,08/10/2024, 03:17:08,540
FROV00001,FrozenEngine,1392,08/10/2024, 04:17:44,540
FROV00001,FrozenEngine,1392,08/10/2024, 05:13:05,540
FROV00001,FrozenEngine,1392,08/10/2024, 06:17:26,540
FROV00001,FrozenEngine,1392,08/10/2024, 07:12:12,540
FROV00001,FrozenEngine,1392,08/10/2024, 08:16:28,540
FROV00001,FrozenEngine,1392,08/10/2024, 09:14:00,540
FROV00001,FrozenEngine,1392,08/10/2024, 10:14:58,540
FROV00001,FrozenEngine,1392,08/10/2024, 11:11:18,540
FROV00001,FrozenEngine,1392,08/10/2024, 12:23:19,540
FROV00001,FrozenEngine,1392,08/10/2024, 13:14:43,540
FROV00001,FrozenEngine,1392,08/10/2024, 14:12:23,540
FROV00001,FrozenEngine,1392,08/10/2024, 15:13:27,540
FROV00001,FrozenEngine,1392,08/10/2024, 16:16:22,540
FROV00001,FrozenEngine,1392,08/10/2024, 17:11:05,540
FROV00001,FrozenEngine,1392,08/10/2024, 18:16:35,540
FROV00001,FrozenEngine,1392,08/10/2024, 19:11:14,540
FROV00001,FrozenEngine,1392,08/10/2024, 20:13:46,540
FROV00001,FrozenEngine,1392,08/10/2024, 21:13:36,540
FROV00001,FrozenEngine,1392,08/10/2024, 22:12:59,540
FROV00001,FrozenEngine,1392,08/10/2024, 23:13:24,540
FROV00001,FrozenEngine,1392,08/11/2024, 01:03:52,540
FROV00001,FrozenEngine,1392,08/11/2024, 02:37:44,540
FROV00001,FrozenEngine,1392,08/11/2024, 03:14:51,540
FROV00001,FrozenEngine,1392,08/11/2024, 04:16:26,540
FROV00001,FrozenEngine,1392,08/11/2024, 05:12:53,540
FROV00001,FrozenEngine,1392,08/11/2024, 06:19:01,540
FROV00001,FrozenEngine,1392,08/11/2024, 07:11:52,540
FROV00001,FrozenEngine,1392,08/11/2024, 08:15:53,540
FROV00001,FrozenEngine,1392,08/11/2024, 09:13:55,540
FROV00001,FrozenEngine,1392,08/11/2024, 10:13:40,540
FROV00001,FrozenEngine,1392,08/11/2024, 11:11:29,540
FROV00001,FrozenEngine,1392,08/11/2024, 12:22:50,540
FROV00001,FrozenEngine,1392,08/11/2024, 13:14:51,540
FROV00001,FrozenEngine,1392,08/11/2024, 14:13:18,540
FROV00001,FrozenEngine,1392,08/11/2024, 15:14:13,540
FROV00001,FrozenEngine,1392,08/11/2024, 16:15:10,540
FROV00001,FrozenEngine,1392,08/11/2024, 17:12:06,540
FROV00001,FrozenEngine,1392,08/11/2024, 18:18:34,540
FROV00001,FrozenEngine,1392,08/11/2024, 19:11:42,540
FROV00001,FrozenEngine,1392,08/11/2024, 20:14:09,540
FROV00001,FrozenEngine,1392,08/11/2024, 21:14:38,540
FROV00001,FrozenEngine,1392,08/11/2024, 22:13:52,540
FROV00001,FrozenEngine,1392,08/11/2024, 23:13:18,540
FROV00001,FrozenEngine,1392,08/12/2024, 01:01:03,540
FROV00001,FrozenEngine,1392,08/12/2024, 02:11:33,540
FROV00001,FrozenEngine,1392,08/12/2024, 03:15:45,540
FROV00001,FrozenEngine,1392,08/12/2024, 04:16:43,540
FROV00001,FrozenEngine,1392,08/12/2024, 05:14:27,540
FROV00001,FrozenEngine,1392,08/12/2024, 06:19:19,540
FROV00001,FrozenEngine,1392,08/12/2024, 07:13:27,540
FROV00001,FrozenEngine,1392,08/12/2024, 08:18:54,540
FROV00001,FrozenEngine,1392,08/12/2024, 09:15:16,540
FROV00001,FrozenEngine,1392,08/12/2024, 10:14:47,540
FROV00001,FrozenEngine,1392,08/12/2024, 11:12:22,540
FROV00001,FrozenEngine,1392,08/12/2024, 12:27:15,540
FROV00001,FrozenEngine,1392,08/12/2024, 13:19:33,540
FROV00001,FrozenEngine,1392,08/12/2024, 14:15:50,540
FROV00001,FrozenEngine,1392,08/12/2024, 15:16:16,540
FROV00001,FrozenEngine,1392,08/12/2024, 16:16:43,540
FROV00001,FrozenEngine,1392,08/12/2024, 17:12:27,540
FROV00001,FrozenEngine,1392,08/12/2024, 18:18:53,540
FROV00001,FrozenEngine,1392,08/12/2024, 19:12:14,540
FROV00001,FrozenEngine,1392,08/12/2024, 20:14:36,540
FROV00001,FrozenEngine,1392,08/12/2024, 21:13:41,540
FROV00001,FrozenEngine,1392,08/12/2024, 22:14:09,540
FROV00001,FrozenEngine,1392,08/12/2024, 23:14:34,540
FROV00001,FrozenEngine,1392,08/13/2024, 01:00:39,540
FROV00001,FrozenEngine,1392,08/13/2024, 02:09:47,540
FROV00001,FrozenEngine,1392,08/13/2024, 03:15:36,540
FROV00001,FrozenEngine,1392,08/13/2024, 04:16:11,540
FROV00001,FrozenEngine,1392,08/13/2024, 05:14:15,540
FROV00001,FrozenEngine,1392,08/13/2024, 06:19:29,540
FROV00001,FrozenEngine,1392,08/13/2024, 07:13:45,540
FROV00001,FrozenEngine,1392,08/13/2024, 08:17:17,540
FROV00001,FrozenEngine,1392,08/13/2024, 09:15:45,540
FROV00001,FrozenEngine,1392,08/13/2024, 10:15:33,540
FROV00001,FrozenEngine,1392,08/13/2024, 11:11:33,540
FROV00001,FrozenEngine,1392,08/13/2024, 12:26:05,540
FROV00001,FrozenEngine,1392,08/13/2024, 13:18:06,540
FROV00001,FrozenEngine,1392,08/13/2024, 14:12:53,540
FROV00001,FrozenEngine,1392,08/13/2024, 15:14:29,540
FROV00001,FrozenEngine,1392,08/13/2024, 16:16:29,540
FROV00001,FrozenEngine,1392,08/13/2024, 17:13:05,540
FROV00001,FrozenEngine,1392,08/13/2024, 18:18:13,540
FROV00001,FrozenEngine,1392,08/13/2024, 19:12:14,540
FROV00001,FrozenEngine,1392,08/13/2024, 20:14:21,540
FROV00001,FrozenEngine,1392,08/13/2024, 21:13:16,540
FROV00001,FrozenEngine,1392,08/13/2024, 22:12:42,540
FROV00001,FrozenEngine,1392,08/13/2024, 23:13:26,540
FROV00001,FrozenEngine,1392,08/14/2024, 00:59:42,540
FROV00001,FrozenEngine,1392,08/14/2024, 02:07:31,540
FROV00001,FrozenEngine,1392,08/14/2024, 03:16:27,540
FROV00001,FrozenEngine,1392,08/14/2024, 04:16:22,540
FROV00001,FrozenEngine,1392,08/14/2024, 05:13:56,540
FROV00001,FrozenEngine,1392,08/14/2024, 06:18:44,540
FROV00001,FrozenEngine,1392,08/14/2024, 07:13:08,540
FROV00001,FrozenEngine,1392,08/14/2024, 08:18:12,540
FROV00001,FrozenEngine,1392,08/14/2024, 09:14:58,540
FROV00001,FrozenEngine,1392,08/14/2024, 10:15:00,540
FROV00001,FrozenEngine,1392,08/14/2024, 11:12:56,540
FROV00001,FrozenEngine,1392,08/14/2024, 12:25:23,540
FROV00001,FrozenEngine,1392,08/14/2024, 13:18:05,540
FROV00001,FrozenEngine,1392,08/14/2024, 14:13:29,540
FROV00001,FrozenEngine,1392,08/14/2024, 15:14:04,540
FROV00001,FrozenEngine,1392,08/14/2024, 16:19:08,540
FROV00001,FrozenEngine,1392,08/14/2024, 17:12:22,540
FROV00001,FrozenEngine,1392,08/14/2024, 18:17:35,540
FROV00001,FrozenEngine,1392,08/14/2024, 19:13:06,540
FROV00001,FrozenEngine,1392,08/14/2024, 20:14:23,540
FROV00001,FrozenEngine,1392,08/14/2024, 21:13:16,540
FROV00001,FrozenEngine,1392,08/14/2024, 22:14:01,540
FROV00001,FrozenEngine,1392,08/15/2024, 02:21:28,540
FROV00001,FrozenEngine,1392,08/15/2024, 03:15:10,540
FROV00001,FrozenEngine,1392,08/15/2024, 04:15:53,540
FROV00001,FrozenEngine,1392,08/15/2024, 05:14:22,540
FROV00001,FrozenEngine,1392,08/15/2024, 06:19:06,540
FROV00001,FrozenEngine,1392,08/15/2024, 07:13:16,540
FROV00001,FrozenEngine,1392,08/15/2024, 08:17:38,540
FROV00001,FrozenEngine,1392,08/15/2024, 09:14:44,540
FROV00001,FrozenEngine,1392,08/15/2024, 10:16:05,540
FROV00001,FrozenEngine,1392,08/15/2024, 11:11:47,540
FROV00001,FrozenEngine,1392,08/15/2024, 12:25:26,540
FROV00001,FrozenEngine,1392,08/15/2024, 13:17:00,540
FROV00001,FrozenEngine,1392,08/15/2024, 14:12:48,540
FROV00001,FrozenEngine,1392,08/15/2024, 15:14:16,540
FROV00001,FrozenEngine,1392,08/15/2024, 16:17:05,540
FROV00001,FrozenEngine,1392,08/15/2024, 17:11:55,540
FROV00001,FrozenEngine,1392,08/15/2024, 18:18:52,540
FROV00001,FrozenEngine,1392,08/15/2024, 19:11:14,540
FROV00001,FrozenEngine,1392,08/15/2024, 20:14:27,540
FROV00001,FrozenEngine,1392,08/15/2024, 21:14:21,540
FROV00001,FrozenEngine,1392,08/15/2024, 22:13:59,540
FROV00001,FrozenEngine,1392,08/15/2024, 23:12:30,540
FROV00001,FrozenEngine,1392,08/16/2024, 00:59:09,540
FROV00001,FrozenEngine,1392,08/16/2024, 02:06:04,540
FROV00001,FrozenEngine,1392,08/16/2024, 03:17:29,540
FROV00001,FrozenEngine,1392,08/16/2024, 04:15:58,540
FROV00001,FrozenEngine,1392,08/16/2024, 05:13:50,540
FROV00001,FrozenEngine,1392,08/16/2024, 06:18:35,540
FROV00001,FrozenEngine,1392,08/16/2024, 07:14:04,540
FROV00001,FrozenEngine,1392,08/16/2024, 08:18:12,540
FROV00001,FrozenEngine,1392,08/16/2024, 09:16:08,540
FROV00001,FrozenEngine,1392,08/16/2024, 10:14:34,540
FROV00001,FrozenEngine,1392,08/16/2024, 11:12:42,540
FROV00001,FrozenEngine,1392,08/16/2024, 12:25:14,540
FROV00001,FrozenEngine,1392,08/16/2024, 13:16:59,540
FROV00001,FrozenEngine,1392,08/16/2024, 14:12:35,540
FROV00001,FrozenEngine,1392,08/16/2024, 15:13:41,540
FROV00001,FrozenEngine,1392,08/16/2024, 16:18:23,540
FROV00001,FrozenEngine,1392,08/16/2024, 17:12:41,540
FROV00001,FrozenEngine,1392,08/16/2024, 18:17:51,540
FROV00001,FrozenEngine,1392,08/16/2024, 19:12:40,540
FROV00001,FrozenEngine,1392,08/16/2024, 20:15:08,540
FROV00001,FrozenEngine,1392,08/16/2024, 21:13:32,540
FROV00001,FrozenEngine,1392,08/16/2024, 22:13:21,540
FROV00001,FrozenEngine,1392,08/16/2024, 23:14:24,540
FROV00001,FrozenEngine,1392,08/17/2024, 00:57:26,540
FROV00001,FrozenEngine,1392,08/17/2024, 02:02:09,540
FROV00001,FrozenEngine,1392,08/17/2024, 03:14:28,540
FROV00001,FrozenEngine,1392,08/17/2024, 04:17:47,540
FROV00001,FrozenEngine,1392,08/17/2024, 05:14:28,540
FROV00001,FrozenEngine,1392,08/17/2024, 06:17:41,540
FROV00001,FrozenEngine,1392,08/17/2024, 07:11:44,540
FROV00001,FrozenEngine,1392,08/17/2024, 08:16:04,540
FROV00001,FrozenEngine,1392,08/17/2024, 09:12:53,540
FROV00001,FrozenEngine,1392,08/17/2024, 10:14:07,540
FROV00001,FrozenEngine,1392,08/17/2024, 11:11:42,540
FROV00001,FrozenEngine,1392,08/17/2024, 12:22:18,540
FROV00001,FrozenEngine,1392,08/17/2024, 13:13:58,540
FROV00001,FrozenEngine,1392,08/17/2024, 14:13:25,540
FROV00001,FrozenEngine,1392,08/17/2024, 15:12:39,540
FROV00001,FrozenEngine,1392,08/17/2024, 16:17:50,540
FROV00001,FrozenEngine,1392,08/17/2024, 17:11:17,540
FROV00001,FrozenEngine,1392,08/17/2024, 18:16:58,540
FROV00001,FrozenEngine,1392,08/17/2024, 19:11:36,540
FROV00001,FrozenEngine,1392,08/17/2024, 20:14:09,540
FROV00001,FrozenEngine,1392,08/17/2024, 21:11:34,540
FROV00001,FrozenEngine,1392,08/17/2024, 22:12:22,540
FROV00001,FrozenEngine,1393,08/17/2024, 23:12:24,540
FROV00001,FrozenEngine,1393,08/18/2024, 01:02:49,540
FROV00001,FrozenEngine,1393,08/18/2024, 02:35:21,540
FROV00001,FrozenEngine,1393,08/18/2024, 03:14:53,540
FROV00001,FrozenEngine,1393,08/18/2024, 04:17:29,540
FROV00001,FrozenEngine,1393,08/18/2024, 05:13:52,540
FROV00001,FrozenEngine,1393,08/18/2024, 06:18:11,540
FROV00001,FrozenEngine,1393,08/18/2024, 07:11:38,540
FROV00001,FrozenEngine,1393,08/18/2024, 08:15:48,540
FROV00001,FrozenEngine,1393,08/18/2024, 09:15:38,540
FROV00001,FrozenEngine,1393,08/18/2024, 10:13:46,540
FROV00001,FrozenEngine,1393,08/18/2024, 11:10:49,540
FROV00001,FrozenEngine,1394,08/18/2024, 12:24:56,540
FROV00001,FrozenEngine,1394,08/18/2024, 13:15:06,540
FROV00001,FrozenEngine,1394,08/18/2024, 14:13:05,540
FROV00001,FrozenEngine,1394,08/18/2024, 15:12:55,540
FROV00001,FrozenEngine,1394,08/18/2024, 16:15:13,540
FROV00001,FrozenEngine,1394,08/18/2024, 17:11:17,540
FROV00001,FrozenEngine,1394,08/18/2024, 18:16:18,540
FROV00001,FrozenEngine,1394,08/18/2024, 19:10:47,540
FROV00001,FrozenEngine,1394,08/18/2024, 20:13:36,540
FROV00001,FrozenEngine,1394,08/18/2024, 21:12:14,540
FROV00001,FrozenEngine,1394,08/18/2024, 22:13:34,540
FROV00001,FrozenEngine,1394,08/18/2024, 23:14:37,540
FROV00001,FrozenEngine,1394,08/19/2024, 01:00:15,540
FROV00001,FrozenEngine,1394,08/19/2024, 02:09:37,540
FROV00001,FrozenEngine,1394,08/19/2024, 03:15:11,540
FROV00001,FrozenEngine,1394,08/19/2024, 04:16:03,540
FROV00001,FrozenEngine,1394,08/19/2024, 05:13:49,540
FROV00001,FrozenEngine,1394,08/19/2024, 06:19:28,540
FROV00001,FrozenEngine,1394,08/19/2024, 07:14:38,540
FROV00001,FrozenEngine,1394,08/19/2024, 08:18:06,540
FROV00001,FrozenEngine,1394,08/19/2024, 09:15:05,540
FROV00001,FrozenEngine,1394,08/19/2024, 10:16:24,540
FROV00001,FrozenEngine,1394,08/19/2024, 11:11:45,540
FROV00001,FrozenEngine,1394,08/19/2024, 12:25:44,540
FROV00001,FrozenEngine,1394,08/19/2024, 13:18:05,540
FROV00001,FrozenEngine,1394,08/19/2024, 14:15:00,540
FROV00001,FrozenEngine,1394,08/19/2024, 15:14:42,540
FROV00001,FrozenEngine,1394,08/19/2024, 16:16:42,540
FROV00001,FrozenEngine,1394,08/19/2024, 17:13:59,540
FROV00001,FrozenEngine,1394,08/19/2024, 18:17:42,540
FROV00001,FrozenEngine,1394,08/19/2024, 19:12:42,540
FROV00001,FrozenEngine,1394,08/19/2024, 20:14:31,540
FROV00001,FrozenEngine,1394,08/19/2024, 21:13:11,540
FROV00001,FrozenEngine,1394,08/19/2024, 22:14:28,540
FROV00001,FrozenEngine,1394,08/19/2024, 23:14:45,540
FROV00001,FrozenEngine,1394,08/20/2024, 00:59:06,540
FROV00001,FrozenEngine,1394,08/20/2024, 02:06:10,540
FROV00001,FrozenEngine,1394,08/20/2024, 03:16:29,540
FROV00001,FrozenEngine,1394,08/20/2024, 04:18:34,540
FROV00001,FrozenEngine,1394,08/20/2024, 05:13:11,540
FROV00001,FrozenEngine,1394,08/20/2024, 06:19:20,540
FROV00001,FrozenEngine,1394,08/20/2024, 07:14:08,540
FROV00001,FrozenEngine,1394,08/20/2024, 08:18:25,540
FROV00001,FrozenEngine,1394,08/20/2024, 09:15:42,540
FROV00001,FrozenEngine,1394,08/20/2024, 10:15:12,540
FROV00001,FrozenEngine,1394,08/20/2024, 11:13:37,540
FROV00001,FrozenEngine,1394,08/20/2024, 12:26:02,540
FROV00001,FrozenEngine,1394,08/20/2024, 13:18:01,540
FROV00001,FrozenEngine,1394,08/20/2024, 14:13:29,540
FROV00001,FrozenEngine,1394,08/20/2024, 15:14:28,540
FROV00001,FrozenEngine,1394,08/20/2024, 16:15:57,540
FROV00001,FrozenEngine,1394,08/20/2024, 17:13:25,540
FROV00001,FrozenEngine,1394,08/20/2024, 18:17:59,540
FROV00001,FrozenEngine,1394,08/20/2024, 19:11:22,540
FROV00001,FrozenEngine,1394,08/20/2024, 20:16:39,540
FROV00001,FrozenEngine,1394,08/20/2024, 21:14:55,540
FROV00001,FrozenEngine,1394,08/20/2024, 22:12:32,540
FROV00001,FrozenEngine,1394,08/20/2024, 23:14:51,540
FROV00001,FrozenEngine,1394,08/21/2024, 00:59:13,540
FROV00001,FrozenEngine,1394,08/21/2024, 02:06:15,540
FROV00001,FrozenEngine,1394,08/21/2024, 03:15:35,540
FROV00001,FrozenEngine,1394,08/21/2024, 04:17:26,540
FROV00001,FrozenEngine,1394,08/21/2024, 05:13:41,540
FROV00001,FrozenEngine,1394,08/21/2024, 06:18:44,540
FROV00001,FrozenEngine,1394,08/21/2024, 07:13:06,540
FROV00001,FrozenEngine,1394,08/21/2024, 08:17:40,540
FROV00001,FrozenEngine,1394,08/21/2024, 09:15:13,540
FROV00001,FrozenEngine,1394,08/21/2024, 10:14:36,540
FROV00001,FrozenEngine,1394,08/21/2024, 11:11:33,540
FROV00001,FrozenEngine,1394,08/21/2024, 12:24:26,540
FROV00001,FrozenEngine,1394,08/21/2024, 13:18:12,540
FROV00001,FrozenEngine,1394,08/21/2024, 14:14:41,540
FROV00001,FrozenEngine,1394,08/21/2024, 15:14:04,540
FROV00001,FrozenEngine,1394,08/21/2024, 16:17:52,540
FROV00001,FrozenEngine,1394,08/21/2024, 17:12:52,540
FROV00001,FrozenEngine,1394,08/21/2024, 18:18:11,540
FROV00001,FrozenEngine,1394,08/21/2024, 19:12:51,540
FROV00001,FrozenEngine,1394,08/21/2024, 20:14:33,540
FROV00001,FrozenEngine,1394,08/21/2024, 21:13:25,540
FROV00001,FrozenEngine,1394,08/21/2024, 22:12:50,540
FROV00001,FrozenEngine,1394,08/21/2024, 23:13:33,540
FROV00001,FrozenEngine,1394,08/22/2024, 01:00:29,540
FROV00001,FrozenEngine,1394,08/22/2024, 02:09:26,540
FROV00001,FrozenEngine,1394,08/22/2024, 03:15:57,540
FROV00001,FrozenEngine,1394,08/22/2024, 04:16:12,540
FROV00001,FrozenEngine,1394,08/22/2024, 05:13:51,540
FROV00001,FrozenEngine,1394,08/22/2024, 06:18:58,540
FROV00001,FrozenEngine,1394,08/22/2024, 07:14:09,540
FROV00001,FrozenEngine,1394,08/22/2024, 08:17:19,540
FROV00001,FrozenEngine,1394,08/22/2024, 09:14:33,540
FROV00001,FrozenEngine,1394,08/22/2024, 10:15:11,540
FROV00001,FrozenEngine,1394,08/22/2024, 11:12:31,540
FROV00001,FrozenEngine,1394,08/22/2024, 12:25:05,540
FROV00001,FrozenEngine,1394,08/22/2024, 13:18:08,540
FROV00001,FrozenEngine,1394,08/22/2024, 14:13:13,540
FROV00001,FrozenEngine,1394,08/22/2024, 15:16:36,540
FROV00001,FrozenEngine,1394,08/22/2024, 16:16:53,540
FROV00001,FrozenEngine,1394,08/22/2024, 17:13:21,540
FROV00001,FrozenEngine,1394,08/22/2024, 18:18:04,540
FROV00001,FrozenEngine,1394,08/22/2024, 19:12:09,540
FROV00001,FrozenEngine,1394,08/22/2024, 20:15:03,540
FROV00001,FrozenEngine,1394,08/22/2024, 21:14:50,540
FROV00001,FrozenEngine,1394,08/22/2024, 22:13:53,540
FROV00001,FrozenEngine,1394,08/22/2024, 23:13:25,540
FROV00001,FrozenEngine,1394,08/23/2024, 00:59:22,540
FROV00001,FrozenEngine,1394,08/23/2024, 02:07:13,540
FROV00001,FrozenEngine,1394,08/23/2024, 03:15:14,540
FROV00001,FrozenEngine,1394,08/23/2024, 04:16:54,540
FROV00001,FrozenEngine,1394,08/23/2024, 05:13:56,540
FROV00001,FrozenEngine,1394,08/23/2024, 06:18:37,540
FROV00001,FrozenEngine,1394,08/23/2024, 07:13:52,540
FROV00001,FrozenEngine,1394,08/23/2024, 08:17:56,540
FROV00001,FrozenEngine,1394,08/23/2024, 09:14:26,540
FROV00001,FrozenEngine,1394,08/23/2024, 10:14:30,540
FROV00001,FrozenEngine,1394,08/23/2024, 11:11:31,540
FROV00001,FrozenEngine,1394,08/23/2024, 12:25:17,540
FROV00001,FrozenEngine,1394,08/23/2024, 13:17:37,540
FROV00001,FrozenEngine,1394,08/23/2024, 14:14:07,540
FROV00001,FrozenEngine,1394,08/23/2024, 15:16:03,540
FROV00001,FrozenEngine,1394,08/23/2024, 16:17:27,540
FROV00001,FrozenEngine,1394,08/23/2024, 17:12:16,540
FROV00001,FrozenEngine,1394,08/23/2024, 18:17:44,540
FROV00001,FrozenEngine,1394,08/23/2024, 19:11:36,540
FROV00001,FrozenEngine,1394,08/23/2024, 20:15:10,540
FROV00001,FrozenEngine,1394,08/23/2024, 21:12:53,540
FROV00001,FrozenEngine,1394,08/23/2024, 22:13:24,540
FROV00001,FrozenEngine,1394,08/23/2024, 23:13:13,540
FROV00001,FrozenEngine,1394,08/24/2024, 00:58:17,540
FROV00001,FrozenEngine,1394,08/24/2024, 02:05:59,540
FROV00001,FrozenEngine,1394,08/24/2024, 03:14:59,540
FROV00001,FrozenEngine,1394,08/24/2024, 04:16:08,540
FROV00001,FrozenEngine,1394,08/24/2024, 05:12:53,540
FROV00001,FrozenEngine,1394,08/24/2024, 06:17:49,540
FROV00001,FrozenEngine,1394,08/24/2024, 07:11:52,540
FROV00001,FrozenEngine,1394,08/24/2024, 08:15:49,540
FROV00001,FrozenEngine,1394,08/24/2024, 09:12:52,540
FROV00001,FrozenEngine,1394,08/24/2024, 10:13:39,540
FROV00001,FrozenEngine,1394,08/24/2024, 11:11:10,540
FROV00001,FrozenEngine,1394,08/24/2024, 12:22:42,540
FROV00001,FrozenEngine,1394,08/24/2024, 13:15:20,540
FROV00001,FrozenEngine,1394,08/24/2024, 14:13:06,540
FROV00001,FrozenEngine,1394,08/24/2024, 15:14:00,540
FROV00001,FrozenEngine,1394,08/24/2024, 16:15:04,540
FROV00001,FrozenEngine,1394,08/24/2024, 17:13:27,540
FROV00001,FrozenEngine,1394,08/24/2024, 18:16:22,540
FROV00001,FrozenEngine,1394,08/24/2024, 19:10:14,540
FROV00001,FrozenEngine,1394,08/24/2024, 20:14:36,540
FROV00001,FrozenEngine,1394,08/24/2024, 21:12:20,540
FROV00001,FrozenEngine,1394,08/24/2024, 22:12:23,540
FROV00001,FrozenEngine,1394,08/24/2024, 23:13:32,540
FROV00001,FrozenEngine,1394,08/25/2024, 01:04:34,540
FROV00001,FrozenEngine,1394,08/25/2024, 02:38:23,540
FROV00001,FrozenEngine,1394,08/25/2024, 03:14:26,540
FROV00001,FrozenEngine,1394,08/25/2024, 04:16:11,540
FROV00001,FrozenEngine,1394,08/25/2024, 05:14:53,540
FROV00001,FrozenEngine,1394,08/25/2024, 06:18:03,540
FROV00001,FrozenEngine,1394,08/25/2024, 07:13:15,540
FROV00001,FrozenEngine,1394,08/25/2024, 08:16:24,540
FROV00001,FrozenEngine,1394,08/25/2024, 09:13:01,540
FROV00001,FrozenEngine,1394,08/25/2024, 10:14:09,540
FROV00001,FrozenEngine,1394,08/25/2024, 11:13:09,540
FROV00001,FrozenEngine,1394,08/25/2024, 12:23:37,540
FROV00001,FrozenEngine,1394,08/25/2024, 13:14:55,540
FROV00001,FrozenEngine,1394,08/25/2024, 14:11:49,540
FROV00001,FrozenEngine,1394,08/25/2024, 15:13:16,540
FROV00001,FrozenEngine,1394,08/25/2024, 16:15:36,540
FROV00001,FrozenEngine,1394,08/25/2024, 17:14:01,540
FROV00001,FrozenEngine,1394,08/25/2024, 18:16:15,540
FROV00001,FrozenEngine,1394,08/25/2024, 19:11:57,540
FROV00001,FrozenEngine,1394,08/25/2024, 20:15:06,540
FROV00001,FrozenEngine,1394,08/25/2024, 21:12:17,540
FROV00001,FrozenEngine,1394,08/25/2024, 22:12:49,540
FROV00001,FrozenEngine,1394,08/25/2024, 23:13:45,540
FROV00001,FrozenEngine,1394,08/26/2024, 01:00:20,540
FROV00001,FrozenEngine,1394,08/26/2024, 02:09:33,540
FROV00001,FrozenEngine,1394,08/26/2024, 03:17:08,540
FROV00001,FrozenEngine,1394,08/26/2024, 04:17:15,540
FROV00001,FrozenEngine,1394,08/26/2024, 05:14:05,540
FROV00001,FrozenEngine,1394,08/26/2024, 06:19:36,540
FROV00001,FrozenEngine,1394,08/26/2024, 07:13:42,540
FROV00001,FrozenEngine,1394,08/26/2024, 08:18:49,540
FROV00001,FrozenEngine,1394,08/26/2024, 09:14:49,540
FROV00001,FrozenEngine,1394,08/26/2024, 10:15:41,540
FROV00001,FrozenEngine,1394,08/26/2024, 11:12:34,540
FROV00001,FrozenEngine,1394,08/26/2024, 12:25:37,540
FROV00001,FrozenEngine,1394,08/26/2024, 13:20:42,540
FROV00001,FrozenEngine,1394,08/26/2024, 14:13:55,540
FROV00001,FrozenEngine,1394,08/26/2024, 15:14:14,540
FROV00001,FrozenEngine,1394,08/26/2024, 16:18:19,540
FROV00001,FrozenEngine,1394,08/26/2024, 17:12:43,540
FROV00001,FrozenEngine,1394,08/26/2024, 18:18:06,540
FROV00001,FrozenEngine,1394,08/26/2024, 19:12:25,540
FROV00001,FrozenEngine,1394,08/26/2024, 20:15:41,540
FROV00001,FrozenEngine,1394,08/26/2024, 21:12:57,540
FROV00001,FrozenEngine,1394,08/26/2024, 22:14:05,540
FROV00001,FrozenEngine,1394,08/26/2024, 23:14:24,540
FROV00001,FrozenEngine,1394,08/27/2024, 01:00:58,540
FROV00001,FrozenEngine,1394,08/27/2024, 02:10:18,540
FROV00001,FrozenEngine,1394,08/27/2024, 03:15:14,540
FROV00001,FrozenEngine,1394,08/27/2024, 04:19:16,540
FROV00001,FrozenEngine,1394,08/27/2024, 05:13:53,540
FROV00001,FrozenEngine,1394,08/27/2024, 06:19:43,540
FROV00001,FrozenEngine,1394,08/27/2024, 07:13:55,540
FROV00001,FrozenEngine,1394,08/27/2024, 08:18:30,540
FROV00001,FrozenEngine,1394,08/27/2024, 09:15:12,540
FROV00001,FrozenEngine,1394,08/27/2024, 10:14:35,540
FROV00001,FrozenEngine,1394,08/27/2024, 11:13:02,540
FROV00001,FrozenEngine,1394,08/27/2024, 12:25:24,540
FROV00001,FrozenEngine,1394,08/27/2024, 13:18:50,540
FROV00001,FrozenEngine,1394,08/27/2024, 14:13:19,540
FROV00001,FrozenEngine,1394,08/27/2024, 15:15:17,540
FROV00001,FrozenEngine,1394,08/27/2024, 16:16:32,540
FROV00001,FrozenEngine,1394,08/27/2024, 17:12:50,540
FROV00001,FrozenEngine,1394,08/27/2024, 18:18:13,540
FROV00001,FrozenEngine,1394,08/27/2024, 19:11:02,540
FROV00001,FrozenEngine,1394,08/27/2024, 20:15:30,540
FROV00001,FrozenEngine,1394,08/27/2024, 21:12:52,540
FROV00001,FrozenEngine,1394,08/27/2024, 22:14:22,540
FROV00001,FrozenEngine,1394,08/27/2024, 23:14:18,540
FROV00001,FrozenEngine,1394,08/28/2024, 01:01:15,540
FROV00001,FrozenEngine,1394,08/28/2024, 02:12:13,540
FROV00001,FrozenEngine,1394,08/28/2024, 03:15:42,540
FROV00001,FrozenEngine,1394,08/28/2024, 04:17:34,540
FROV00001,FrozenEngine,1394,08/28/2024, 05:14:25,540
FROV00001,FrozenEngine,1394,08/28/2024, 06:19:25,540
FROV00001,FrozenEngine,1394,08/28/2024, 07:13:33,540
FROV00001,FrozenEngine,1394,08/28/2024, 08:17:52,540
FROV00001,FrozenEngine,1394,08/28/2024, 09:15:36,540
FROV00001,FrozenEngine,1394,08/28/2024, 10:14:32,540
FROV00001,FrozenEngine,1394,08/28/2024, 11:12:15,540
FROV00001,FrozenEngine,1394,08/28/2024, 12:26:32,540
FROV00001,FrozenEngine,1394,08/28/2024, 13:19:09,540
FROV00001,FrozenEngine,1394,08/28/2024, 14:13:11,540
FROV00001,FrozenEngine,1394,08/28/2024, 15:15:11,540
FROV00001,FrozenEngine,1394,08/28/2024, 16:17:40,540
FROV00001,FrozenEngine,1394,08/28/2024, 17:12:12,540
FROV00001,FrozenEngine,1394,08/28/2024, 18:17:56,540
FROV00001,FrozenEngine,1394,08/28/2024, 19:13:04,540
FROV00001,FrozenEngine,1394,08/28/2024, 20:15:40,540
FROV00001,FrozenEngine,1394,08/28/2024, 21:14:52,540
FROV00001,FrozenEngine,1394,08/28/2024, 22:13:23,540
FROV00001,FrozenEngine,1394,08/28/2024, 23:14:48,540
FROV00001,FrozenEngine,1394,08/29/2024, 01:01:33,540
FROV00001,FrozenEngine,1394,08/29/2024, 02:13:40,540
FROV00001,FrozenEngine,1394,08/29/2024, 03:15:27,540
FROV00001,FrozenEngine,1394,08/29/2024, 04:16:59,540
FROV00001,FrozenEngine,1394,08/29/2024, 05:14:27,540
FROV00001,FrozenEngine,1394,08/29/2024, 06:19:41,540
FROV00001,FrozenEngine,1394,08/29/2024, 07:14:15,540
FROV00001,FrozenEngine,1394,08/29/2024, 08:18:23,540
FROV00001,FrozenEngine,1394,08/29/2024, 09:16:15,540
FROV00001,FrozenEngine,1394,08/29/2024, 10:15:22,540
FROV00001,FrozenEngine,1394,08/29/2024, 11:13:11,540
FROV00001,FrozenEngine,1394,08/29/2024, 12:25:59,540
FROV00001,FrozenEngine,1394,08/29/2024, 13:20:07,540
FROV00001,FrozenEngine,1394,08/29/2024, 14:15:01,540
FROV00001,FrozenEngine,1394,08/29/2024, 15:15:42,540
FROV00001,FrozenEngine,1394,08/29/2024, 16:17:03,540
FROV00001,FrozenEngine,1394,08/29/2024, 17:12:37,540
FROV00001,FrozenEngine,1394,08/29/2024, 18:18:24,540
FROV00001,FrozenEngine,1394,08/29/2024, 19:12:38,540
FROV00001,FrozenEngine,1394,08/29/2024, 20:15:08,540
FROV00001,FrozenEngine,1394,08/29/2024, 21:14:18,540
FROV00001,FrozenEngine,1394,08/29/2024, 22:13:37,540
FROV00001,FrozenEngine,1394,08/29/2024, 23:13:53,540
FROV00001,FrozenEngine,1394,08/30/2024, 01:01:51,540
FROV00001,FrozenEngine,1394,08/30/2024, 02:39:41,540
FROV00001,FrozenEngine,1394,08/30/2024, 03:15:13,540
FROV00001,FrozenEngine,1394,08/30/2024, 04:17:11,540
FROV00001,FrozenEngine,1394,08/30/2024, 05:14:07,540
FROV00001,FrozenEngine,1394,08/30/2024, 06:19:47,540
FROV00001,FrozenEngine,1394,08/30/2024, 07:13:39,540
FROV00001,FrozenEngine,1394,08/30/2024, 08:18:22,540
FROV00001,FrozenEngine,1394,08/30/2024, 09:15:54,540
FROV00001,FrozenEngine,1394,08/30/2024, 10:15:12,540
FROV00001,FrozenEngine,1394,08/30/2024, 11:13:49,540
FROV00001,FrozenEngine,1394,08/30/2024, 12:25:27,540
FROV00001,FrozenEngine,1394,08/30/2024, 13:19:39,540
FROV00001,FrozenEngine,1394,08/30/2024, 14:12:57,540
FROV00001,FrozenEngine,1394,08/30/2024, 15:14:53,540
FROV00001,FrozenEngine,1394,08/30/2024, 16:16:35,540
FROV00001,FrozenEngine,1394,08/30/2024, 17:14:12,540
FROV00001,FrozenEngine,1394,08/30/2024, 18:19:03,540
FROV00001,FrozenEngine,1394,08/30/2024, 19:11:33,540
FROV00001,FrozenEngine,1394,08/30/2024, 20:15:49,540
FROV00001,FrozenEngine,1394,08/30/2024, 21:14:18,540
FROV00001,FrozenEngine,1394,08/30/2024, 22:13:25,540
FROV00001,FrozenEngine,1394,08/30/2024, 23:15:13,540
FROV00001,FrozenEngine,1394,08/31/2024, 01:01:25,540
FROV00001,FrozenEngine,1394,08/31/2024, 02:13:00,540
FROV00001,FrozenEngine,1394,08/31/2024, 03:14:42,540
FROV00001,FrozenEngine,1394,08/31/2024, 04:17:28,540
FROV00001,FrozenEngine,1394,08/31/2024, 05:13:12,540
FROV00001,FrozenEngine,1394,08/31/2024, 06:17:56,540
FROV00001,FrozenEngine,1394,08/31/2024, 07:12:21,540
FROV00001,FrozenEngine,1394,08/31/2024, 08:18:05,540
FROV00001,FrozenEngine,1394,08/31/2024, 09:14:23,540
FROV00001,FrozenEngine,1394,08/31/2024, 10:13:47,540
FROV00001,FrozenEngine,1394,08/31/2024, 11:11:37,540
FROV00001,FrozenEngine,1394,08/31/2024, 12:24:04,540
FROV00001,FrozenEngine,1394,08/31/2024, 13:16:13,540
FROV00001,FrozenEngine,1394,08/31/2024, 14:12:11,540
FROV00001,FrozenEngine,1394,08/31/2024, 15:14:05,540
FROV00001,FrozenEngine,1394,08/31/2024, 16:16:21,540
FROV00001,FrozenEngine,1394,08/31/2024, 17:11:55,540
FROV00001,FrozenEngine,1394,08/31/2024, 18:17:16,540
FROV00001,FrozenEngine,1394,08/31/2024, 19:10:40,540
FROV00001,FrozenEngine,1394,08/31/2024, 20:15:42,540
FROV00001,FrozenEngine,1394,08/31/2024, 21:12:34,540
FROV00001,FrozenEngine,1394,08/31/2024, 22:14:20,540
FROV00001,FrozenEngine,1394,08/31/2024, 23:13:07,540
FROV00001,FrozenEngine,1394,09/01/2024, 01:11:55,540
FROV00001,FrozenEngine,1394,09/01/2024, 02:51:09,540
FROV00001,FrozenEngine,1394,09/01/2024, 03:21:07,540
FROV00001,FrozenEngine,1394,09/01/2024, 04:17:12,540
FROV00001,FrozenEngine,1394,09/01/2024, 05:15:17,540
FROV00001,FrozenEngine,1394,09/01/2024, 06:19:41,540
FROV00001,FrozenEngine,1394,09/01/2024, 07:12:33,540
FROV00001,FrozenEngine,1394,09/01/2024, 08:17:13,540
FROV00001,FrozenEngine,1394,09/01/2024, 09:14:34,540
FROV00001,FrozenEngine,1394,09/01/2024, 10:13:50,540
FROV00001,FrozenEngine,1394,09/01/2024, 11:12:57,540
FROV00001,FrozenEngine,1394,09/01/2024, 12:24:22,540
FROV00001,FrozenEngine,1394,09/01/2024, 13:18:16,540
FROV00001,FrozenEngine,1394,09/01/2024, 14:12:09,540
FROV00001,FrozenEngine,1394,09/01/2024, 15:13:19,540
FROV00001,FrozenEngine,1394,09/01/2024, 16:16:45,540
FROV00001,FrozenEngine,1394,09/01/2024, 17:12:05,540
FROV00001,FrozenEngine,1394,09/01/2024, 18:17:09,540
FROV00001,FrozenEngine,1394,09/01/2024, 19:10:38,540
FROV00001,FrozenEngine,1394,09/01/2024, 20:15:23,540
FROV00001,FrozenEngine,1394,09/01/2024, 21:12:50,540
FROV00001,FrozenEngine,1394,09/01/2024, 22:14:10,540
FROV00001,FrozenEngine,1394,09/01/2024, 23:13:33,540
FROV00001,FrozenEngine,1394,09/02/2024, 01:03:23,540
FROV00001,FrozenEngine,1394,09/02/2024, 02:41:47,540
FROV00001,FrozenEngine,1394,09/02/2024, 03:16:09,540
FROV00001,FrozenEngine,1394,09/02/2024, 04:17:29,540
FROV00001,FrozenEngine,1394,09/02/2024, 05:14:33,540
FROV00001,FrozenEngine,1394,09/02/2024, 06:20:23,540
FROV00001,FrozenEngine,1394,09/02/2024, 07:13:48,540
FROV00001,FrozenEngine,1394,09/02/2024, 08:18:56,540
FROV00001,FrozenEngine,1394,09/02/2024, 09:16:11,540
FROV00001,FrozenEngine,1394,09/02/2024, 10:15:05,540
FROV00001,FrozenEngine,1394,09/02/2024, 11:12:04,540
FROV00001,FrozenEngine,1394,09/02/2024, 12:27:32,540
FROV00001,FrozenEngine,1394,09/02/2024, 13:20:05,540
FROV00001,FrozenEngine,1394,09/02/2024, 14:13:10,540
FROV00001,FrozenEngine,1394,09/02/2024, 15:14:53,540
FROV00001,FrozenEngine,1394,09/02/2024, 16:18:25,540
FROV00001,FrozenEngine,1394,09/02/2024, 17:12:24,540
FROV00001,FrozenEngine,1394,09/02/2024, 18:18:21,540
FROV00001,FrozenEngine,1394,09/02/2024, 19:11:55,540
FROV00001,FrozenEngine,1394,09/02/2024, 20:14:59,540
FROV00001,FrozenEngine,1394,09/02/2024, 21:13:34,540
FROV00001,FrozenEngine,1394,09/02/2024, 22:13:56,540
FROV00001,FrozenEngine,1394,09/02/2024, 23:14:20,540
FROV00001,FrozenEngine,1394,09/03/2024, 01:01:23,540
FROV00001,FrozenEngine,1394,09/03/2024, 02:12:51,540
FROV00001,FrozenEngine,1394,09/03/2024, 03:16:18,540
FROV00001,FrozenEngine,1394,09/03/2024, 04:16:47,540
FROV00001,FrozenEngine,1394,09/03/2024, 05:14:40,540
FROV00001,FrozenEngine,1394,09/03/2024, 06:19:30,540
FROV00001,FrozenEngine,1394,09/03/2024, 07:13:57,540
FROV00001,FrozenEngine,1394,09/03/2024, 08:18:12,540
FROV00001,FrozenEngine,1394,09/03/2024, 09:15:26,540
FROV00001,FrozenEngine,1394,09/03/2024, 10:14:51,540
FROV00001,FrozenEngine,1394,09/03/2024, 11:12:32,540
FROV00001,FrozenEngine,1394,09/03/2024, 12:26:39,540
FROV00001,FrozenEngine,1394,09/03/2024, 13:20:45,540
FROV00001,FrozenEngine,1394,09/03/2024, 14:14:13,540
FROV00001,FrozenEngine,1394,09/03/2024, 15:15:12,540
FROV00001,FrozenEngine,1394,09/03/2024, 16:18:33,540
FROV00001,FrozenEngine,1394,09/03/2024, 17:14:05,540
FROV00001,FrozenEngine,1394,09/03/2024, 18:18:50,540
FROV00001,FrozenEngine,1394,09/03/2024, 19:12:22,540
FROV00001,FrozenEngine,1394,09/03/2024, 20:15:03,540
FROV00001,FrozenEngine,1394,09/03/2024, 21:13:31,540
FROV00001,FrozenEngine,1394,09/03/2024, 22:14:33,540
FROV00001,FrozenEngine,1394,09/03/2024, 23:15:19,540
FROV00001,FrozenEngine,1394,09/04/2024, 01:02:09,540
FROV00001,FrozenEngine,1394,09/04/2024, 02:39:37,540
FROV00001,FrozenEngine,1394,09/04/2024, 03:14:58,540
FROV00001,FrozenEngine,1394,09/04/2024, 04:17:22,540
FROV00001,FrozenEngine,1394,09/04/2024, 05:15:12,540
FROV00001,FrozenEngine,1394,09/04/2024, 07:13:51,540
FROV00001,FrozenEngine,1394,09/04/2024, 08:17:15,540
FROV00001,FrozenEngine,1394,09/04/2024, 09:15:30,540
FROV00001,FrozenEngine,1394,09/04/2024, 10:15:08,540
FROV00001,FrozenEngine,1394,09/04/2024, 11:12:01,540
FROV00001,FrozenEngine,1394,09/04/2024, 12:27:11,540
FROV00001,FrozenEngine,1394,09/04/2024, 13:21:17,540
FROV00001,FrozenEngine,1394,09/04/2024, 14:13:28,540
FROV00001,FrozenEngine,1394,09/04/2024, 15:15:10,540
FROV00001,FrozenEngine,1394,09/04/2024, 16:17:18,540
FROV00001,FrozenEngine,1394,09/04/2024, 17:13:02,540
FROV00001,FrozenEngine,1394,09/04/2024, 18:17:09,540
FROV00001,FrozenEngine,1394,09/04/2024, 19:11:52,540
FROV00001,FrozenEngine,1394,09/04/2024, 20:15:33,540
FROV00001,FrozenEngine,1394,09/04/2024, 21:12:56,540
FROV00001,FrozenEngine,1394,09/04/2024, 22:12:59,540
FROV00001,FrozenEngine,1394,09/04/2024, 23:14:44,540
FROV00001,FrozenEngine,1394,09/05/2024, 01:02:02,540
FROV00001,FrozenEngine,1394,09/05/2024, 02:40:17,540
FROV00001,FrozenEngine,1394,09/05/2024, 03:15:17,540
FROV00001,FrozenEngine,1394,09/05/2024, 04:17:01,540
FROV00001,FrozenEngine,1394,09/05/2024, 05:14:13,540
FROV00001,FrozenEngine,1394,09/05/2024, 06:19:36,540
FROV00001,FrozenEngine,1394,09/05/2024, 07:13:47,540
FROV00001,FrozenEngine,1394,09/05/2024, 08:18:14,540
FROV00001,FrozenEngine,1394,09/05/2024, 09:14:52,540
FROV00001,FrozenEngine,1394,09/05/2024, 10:15:37,540
FROV00001,FrozenEngine,1394,09/05/2024, 11:13:01,540
FROV00001,FrozenEngine,1394,09/05/2024, 12:26:34,540
FROV00001,FrozenEngine,1394,09/05/2024, 13:20:43,540
FROV00001,FrozenEngine,1394,09/05/2024, 14:13:40,540
FROV00001,FrozenEngine,1394,09/05/2024, 15:14:50,540
FROV00001,FrozenEngine,1394,09/05/2024, 16:17:46,540
FROV00001,FrozenEngine,1394,09/05/2024, 17:13:04,540
FROV00001,FrozenEngine,1394,09/05/2024, 18:17:55,540
FROV00001,FrozenEngine,1394,09/05/2024, 19:12:26,540
FROV00001,FrozenEngine,1394,09/05/2024, 20:15:04,540
FROV00001,FrozenEngine,1394,09/05/2024, 21:13:56,540
FROV00001,FrozenEngine,1394,09/05/2024, 22:13:22,540
FROV00001,FrozenEngine,1394,09/05/2024, 23:15:22,540
FROV00001,FrozenEngine,1394,09/06/2024, 01:02:07,540
FROV00001,FrozenEngine,1394,09/06/2024, 02:40:04,540
FROV00001,FrozenEngine,1394,09/06/2024, 03:16:08,540
FROV00001,FrozenEngine,1394,09/06/2024, 04:16:39,540
FROV00001,FrozenEngine,1394,09/06/2024, 05:15:05,540
FROV00001,FrozenEngine,1394,09/06/2024, 06:19:59,540
FROV00001,FrozenEngine,1394,09/06/2024, 07:13:46,540
FROV00001,FrozenEngine,1394,09/06/2024, 08:18:07,540
FROV00001,FrozenEngine,1394,09/06/2024, 09:15:06,540
FROV00001,FrozenEngine,1394,09/06/2024, 10:15:01,540
FROV00001,FrozenEngine,1394,09/06/2024, 11:13:03,540
FROV00001,FrozenEngine,1394,09/06/2024, 12:25:51,540
FROV00001,FrozenEngine,1394,09/06/2024, 13:19:23,540
FROV00001,FrozenEngine,1394,09/06/2024, 14:13:46,540
FROV00001,FrozenEngine,1394,09/06/2024, 15:15:19,540
FROV00001,FrozenEngine,1394,09/06/2024, 16:18:03,540
FROV00001,FrozenEngine,1394,09/06/2024, 17:12:41,540
FROV00001,FrozenEngine,1394,09/06/2024, 18:19:42,540
FROV00001,FrozenEngine,1394,09/06/2024, 19:12:42,540
FROV00001,FrozenEngine,1394,09/06/2024, 20:15:17,540
FROV00001,FrozenEngine,1394,09/06/2024, 21:13:06,540
FROV00001,FrozenEngine,1394,09/06/2024, 22:13:11,540
FROV00001,FrozenEngine,1394,09/06/2024, 23:15:21,540
FROV00001,FrozenEngine,1394,09/07/2024, 01:01:21,540
FROV00001,FrozenEngine,1394,09/07/2024, 02:12:42,540
FROV00001,FrozenEngine,1394,09/07/2024, 03:15:31,540
FROV00001,FrozenEngine,1394,09/07/2024, 04:17:06,540
FROV00001,FrozenEngine,1394,09/07/2024, 05:13:52,540
FROV00001,FrozenEngine,1394,09/07/2024, 06:18:20,540
FROV00001,FrozenEngine,1394,09/07/2024, 07:14:23,540
FROV00001,FrozenEngine,1394,09/07/2024, 08:16:34,540
FROV00001,FrozenEngine,1394,09/07/2024, 09:13:31,540
FROV00001,FrozenEngine,1394,09/07/2024, 10:14:00,540
FROV00001,FrozenEngine,1394,09/07/2024, 11:11:23,540
FROV00001,FrozenEngine,1394,09/07/2024, 12:23:34,540
FROV00001,FrozenEngine,1394,09/07/2024, 13:16:45,540
FROV00001,FrozenEngine,1394,09/07/2024, 14:12:52,540
FROV00001,FrozenEngine,1394,09/07/2024, 15:14:30,540
FROV00001,FrozenEngine,1394,09/07/2024, 16:16:00,540
FROV00001,FrozenEngine,1394,09/07/2024, 17:13:09,540
FROV00001,FrozenEngine,1394,09/07/2024, 18:17:11,540
FROV00001,FrozenEngine,1394,09/07/2024, 19:11:41,540
FROV00001,FrozenEngine,1394,09/07/2024, 20:14:14,540
FROV00001,FrozenEngine,1394,09/07/2024, 21:15:01,540
FROV00001,FrozenEngine,1394,09/07/2024, 22:12:48,540
FROV00001,FrozenEngine,1394,09/07/2024, 23:13:06,540
FROV00001,FrozenEngine,1394,09/08/2024, 01:07:13,540
FROV00001,FrozenEngine,1394,09/08/2024, 02:44:07,540
FROV00001,FrozenEngine,1394,09/08/2024, 03:16:38,540
FROV00001,FrozenEngine,1394,09/08/2024, 04:16:48,540
FROV00001,FrozenEngine,1394,09/08/2024, 05:14:25,540
FROV00001,FrozenEngine,1394,09/08/2024, 06:18:14,540
FROV00001,FrozenEngine,1394,09/08/2024, 07:12:52,540
FROV00001,FrozenEngine,1394,09/08/2024, 08:16:35,540
FROV00001,FrozenEngine,1394,09/08/2024, 09:13:54,540
FROV00001,FrozenEngine,1394,09/08/2024, 10:14:43,540
FROV00001,FrozenEngine,1394,09/08/2024, 11:11:24,540
FROV00001,FrozenEngine,1394,09/08/2024, 12:24:10,540
FROV00001,FrozenEngine,1394,09/08/2024, 13:16:43,540
FROV00001,FrozenEngine,1394,09/08/2024, 14:12:56,540
FROV00001,FrozenEngine,1394,09/08/2024, 15:15:04,540
FROV00001,FrozenEngine,1394,09/08/2024, 16:17:05,540
FROV00001,FrozenEngine,1394,09/08/2024, 17:13:01,540
FROV00001,FrozenEngine,1394,09/08/2024, 18:18:11,540
FROV00001,FrozenEngine,1394,09/08/2024, 19:11:46,540
FROV00001,FrozenEngine,1394,09/08/2024, 20:14:16,540
FROV00001,FrozenEngine,1394,09/08/2024, 21:13:14,540
FROV00001,FrozenEngine,1394,09/08/2024, 22:12:44,540
FROV00001,FrozenEngine,1394,09/08/2024, 23:16:00,540
FROV00001,FrozenEngine,1394,09/09/2024, 01:04:36,540
FROV00001,FrozenEngine,1394,09/09/2024, 02:43:34,540
FROV00001,FrozenEngine,1394,09/09/2024, 03:18:00,540
FROV00001,FrozenEngine,1394,09/09/2024, 04:17:11,540
FROV00001,FrozenEngine,1394,09/09/2024, 05:15:05,540
FROV00001,FrozenEngine,1394,09/09/2024, 06:20:38,540
FROV00001,FrozenEngine,1394,09/09/2024, 07:14:15,540
FROV00001,FrozenEngine,1394,09/09/2024, 08:19:53,540
FROV00001,FrozenEngine,1394,09/09/2024, 09:16:54,540
FROV00001,FrozenEngine,1394,09/09/2024, 10:15:44,540
FROV00001,FrozenEngine,1394,09/09/2024, 11:12:35,540
FROV00001,FrozenEngine,1394,09/09/2024, 12:27:25,540
FROV00001,FrozenEngine,1394,09/09/2024, 13:21:58,540
FROV00001,FrozenEngine,1394,09/09/2024, 14:16:14,540
FROV00001,FrozenEngine,1394,09/09/2024, 15:15:57,540
FROV00001,FrozenEngine,1394,09/09/2024, 16:17:22,540
FROV00001,FrozenEngine,1394,09/09/2024, 17:13:07,540
FROV00001,FrozenEngine,1394,09/09/2024, 18:18:37,540
FROV00001,FrozenEngine,1394,09/09/2024, 19:12:02,540
FROV00001,FrozenEngine,1394,09/09/2024, 20:15:17,540
FROV00001,FrozenEngine,1394,09/09/2024, 21:13:28,540
FROV00001,FrozenEngine,1394,09/09/2024, 22:13:19,540
FROV00001,FrozenEngine,1394,09/09/2024, 23:15:21,540
FROV00001,FrozenEngine,1394,09/10/2024, 01:02:51,540
FROV00001,FrozenEngine,1394,09/10/2024, 02:41:24,540
FROV00001,FrozenEngine,1394,09/10/2024, 03:16:16,540
FROV00001,FrozenEngine,1394,09/10/2024, 04:17:13,540
FROV00001,FrozenEngine,1394,09/10/2024, 05:14:32,540
FROV00001,FrozenEngine,1394,09/10/2024, 06:19:58,540
FROV00001,FrozenEngine,1394,09/10/2024, 07:14:41,540
FROV00001,FrozenEngine,1394,09/10/2024, 08:18:16,540
FROV00001,FrozenEngine,1394,09/10/2024, 09:16:08,540
FROV00001,FrozenEngine,1394,09/10/2024, 10:15:33,540
FROV00001,FrozenEngine,1394,09/10/2024, 11:12:30,540
FROV00001,FrozenEngine,1394,09/10/2024, 12:28:33,540
FROV00001,FrozenEngine,1394,09/10/2024, 13:21:23,540
FROV00001,FrozenEngine,1394,09/10/2024, 14:14:05,540
FROV00001,FrozenEngine,1394,09/10/2024, 15:14:54,540
FROV00001,FrozenEngine,1394,09/10/2024, 16:16:52,540
FROV00001,FrozenEngine,1394,09/10/2024, 17:13:08,540
FROV00001,FrozenEngine,1394,09/10/2024, 18:18:41,540
FROV00001,FrozenEngine,1394,09/10/2024, 19:12:59,540
FROV00001,FrozenEngine,1394,09/10/2024, 20:15:41,540
FROV00001,FrozenEngine,1394,09/10/2024, 21:13:46,540
FROV00001,FrozenEngine,1394,09/10/2024, 22:14:01,540
FROV00001,FrozenEngine,1394,09/10/2024, 23:13:36,540
FROV00001,FrozenEngine,1394,09/11/2024, 01:02:37,540
FROV00001,FrozenEngine,1394,09/11/2024, 02:39:45,540
FROV00001,FrozenEngine,1394,09/11/2024, 03:15:12,540
FROV00001,FrozenEngine,1394,09/11/2024, 04:19:10,540
FROV00001,FrozenEngine,1394,09/11/2024, 05:15:22,540
FROV00001,FrozenEngine,1394,09/11/2024, 06:20:14,540
FROV00001,FrozenEngine,1394,09/11/2024, 07:13:50,540
FROV00001,FrozenEngine,1394,09/11/2024, 08:18:38,540
FROV00001,FrozenEngine,1394,09/11/2024, 09:15:07,540
FROV00001,FrozenEngine,1394,09/11/2024, 10:15:02,540
FROV00001,FrozenEngine,1394,09/11/2024, 11:14:12,540
FROV00001,FrozenEngine,1394,09/11/2024, 12:27:11,540
FROV00001,FrozenEngine,1394,09/11/2024, 13:20:48,540
FROV00001,FrozenEngine,1394,09/11/2024, 14:13:39,540
FROV00001,FrozenEngine,1394,09/11/2024, 15:15:37,540
FROV00001,FrozenEngine,1394,09/11/2024, 16:17:51,540
FROV00001,FrozenEngine,1394,09/11/2024, 17:12:43,540
FROV00001,FrozenEngine,1394,09/11/2024, 18:18:39,540
FROV00001,FrozenEngine,1394,09/11/2024, 19:10:51,540
FROV00001,FrozenEngine,1394,09/11/2024, 20:14:08,540
FROV00001,FrozenEngine,1394,09/11/2024, 21:14:11,540
FROV00001,FrozenEngine,1394,09/11/2024, 22:13:15,540
FROV00001,FrozenEngine,1394,09/11/2024, 23:14:17,540
FROV00001,FrozenEngine,1394,09/12/2024, 01:02:50,540
FROV00001,FrozenEngine,1394,09/12/2024, 02:40:38,540
FROV00001,FrozenEngine,1394,09/12/2024, 03:15:42,540
FROV00001,FrozenEngine,1394,09/12/2024, 04:17:56,540
FROV00001,FrozenEngine,1394,09/12/2024, 05:14:32,540
FROV00001,FrozenEngine,1394,09/12/2024, 06:20:19,540
FROV00001,FrozenEngine,1394,09/12/2024, 07:14:13,540
FROV00001,FrozenEngine,1394,09/12/2024, 08:18:20,540
FROV00001,FrozenEngine,1394,09/12/2024, 09:15:14,540
FROV00001,FrozenEngine,1394,09/12/2024, 10:16:05,540
FROV00001,FrozenEngine,1394,09/12/2024, 11:12:23,540
FROV00001,FrozenEngine,1394,09/12/2024, 12:26:27,540
FROV00001,FrozenEngine,1394,09/12/2024, 13:21:18,540
FROV00001,FrozenEngine,1394,09/12/2024, 14:14:27,540
FROV00001,FrozenEngine,1394,09/12/2024, 15:14:42,540
FROV00001,FrozenEngine,1394,09/12/2024, 16:17:03,540
FROV00001,FrozenEngine,1394,09/12/2024, 17:13:24,540
FROV00001,FrozenEngine,1394,09/12/2024, 18:19:46,540
FROV00001,FrozenEngine,1394,09/12/2024, 19:11:28,540
FROV00001,FrozenEngine,1394,09/12/2024, 20:15:41,540
FROV00001,FrozenEngine,1394,09/12/2024, 21:13:29,540
FROV00001,FrozenEngine,1394,09/12/2024, 22:14:42,540
FROV00001,FrozenEngine,1394,09/12/2024, 23:15:52,540
FROV00001,FrozenEngine,1394,09/13/2024, 01:02:46,540
FROV00001,FrozenEngine,1394,09/13/2024, 02:41:52,540
FROV00001,FrozenEngine,1394,09/13/2024, 03:16:23,540
FROV00001,FrozenEngine,1394,09/13/2024, 04:16:48,540
FROV00001,FrozenEngine,1394,09/13/2024, 05:14:09,540
FROV00001,FrozenEngine,1394,09/13/2024, 06:20:32,540
FROV00001,FrozenEngine,1394,09/13/2024, 07:15:21,540
FROV00001,FrozenEngine,1394,09/13/2024, 08:18:14,540
FROV00001,FrozenEngine,1394,09/13/2024, 09:14:59,540
FROV00001,FrozenEngine,1394,09/13/2024, 10:15:22,540
FROV00001,FrozenEngine,1394,09/13/2024, 11:13:01,540
FROV00001,FrozenEngine,1394,09/13/2024, 12:26:01,540
FROV00001,FrozenEngine,1394,09/13/2024, 13:20:31,540
FROV00001,FrozenEngine,1394,09/13/2024, 14:13:32,540
FROV00001,FrozenEngine,1394,09/13/2024, 15:15:21,540
FROV00001,FrozenEngine,1394,09/13/2024, 16:16:41,540
FROV00001,FrozenEngine,1394,09/13/2024, 17:13:15,540
FROV00001,FrozenEngine,1394,09/13/2024, 18:19:05,540
FROV00001,FrozenEngine,1394,09/13/2024, 19:12:05,540
FROV00001,FrozenEngine,1394,09/13/2024, 20:15:07,540
FROV00001,FrozenEngine,1394,09/13/2024, 21:12:52,540
FROV00001,FrozenEngine,1394,09/13/2024, 22:14:47,540
FROV00001,FrozenEngine,1394,09/13/2024, 23:14:18,540
FROV00001,FrozenEngine,1394,09/14/2024, 01:01:56,540
FROV00001,FrozenEngine,1394,09/14/2024, 02:39:33,540
FROV00001,FrozenEngine,1394,09/14/2024, 03:15:56,540
FROV00001,FrozenEngine,1394,09/14/2024, 04:16:58,540
FROV00001,FrozenEngine,1394,09/14/2024, 05:15:54,540
FROV00001,FrozenEngine,1394,09/14/2024, 06:19:02,540
FROV00001,FrozenEngine,1394,09/14/2024, 07:13:42,540
FROV00001,FrozenEngine,1394,09/14/2024, 08:18:36,540
FROV00001,FrozenEngine,1394,09/14/2024, 09:14:05,540
FROV00001,FrozenEngine,1394,09/14/2024, 10:13:57,540
FROV00001,FrozenEngine,1394,09/14/2024, 11:11:23,540
FROV00001,FrozenEngine,1394,09/14/2024, 12:24:27,540
FROV00001,FrozenEngine,1394,09/14/2024, 13:17:10,540
FROV00001,FrozenEngine,1394,09/14/2024, 14:12:19,540
FROV00001,FrozenEngine,1394,09/14/2024, 15:13:42,540
FROV00001,FrozenEngine,1394,09/14/2024, 16:16:38,540
FROV00001,FrozenEngine,1394,09/14/2024, 17:13:13,540
FROV00001,FrozenEngine,1394,09/14/2024, 18:17:47,540
FROV00001,FrozenEngine,1394,09/14/2024, 19:11:26,540
FROV00001,FrozenEngine,1394,09/14/2024, 20:16:34,540
FROV00001,FrozenEngine,1394,09/14/2024, 21:12:58,540
FROV00001,FrozenEngine,1394,09/14/2024, 22:14:06,540
FROV00001,FrozenEngine,1394,09/14/2024, 23:13:28,540
FROV00001,FrozenEngine,1394,09/15/2024, 01:09:43,540
FROV00001,FrozenEngine,1394,09/15/2024, 02:49:46,540
FROV00001,FrozenEngine,1394,09/15/2024, 03:20:25,540
FROV00001,FrozenEngine,1394,09/15/2024, 04:17:10,540
FROV00001,FrozenEngine,1394,09/15/2024, 05:15:47,540
FROV00001,FrozenEngine,1394,09/15/2024, 06:19:08,540
FROV00001,FrozenEngine,1394,09/15/2024, 07:12:56,540
FROV00001,FrozenEngine,1394,09/15/2024, 08:18:28,540
FROV00001,FrozenEngine,1394,09/15/2024, 09:13:55,540
FROV00001,FrozenEngine,1394,09/15/2024, 10:13:58,540
FROV00001,FrozenEngine,1394,09/15/2024, 11:11:27,540
FROV00001,FrozenEngine,1394,09/15/2024, 12:24:40,540
FROV00001,FrozenEngine,1394,09/15/2024, 13:17:57,540
FROV00001,FrozenEngine,1394,09/15/2024, 14:12:33,540
FROV00001,FrozenEngine,1394,09/15/2024, 15:13:48,540
FROV00001,FrozenEngine,1394,09/15/2024, 16:17:17,540
FROV00001,FrozenEngine,1394,09/15/2024, 17:12:03,540
FROV00001,FrozenEngine,1394,09/15/2024, 18:18:54,540
FROV00001,FrozenEngine,1394,09/15/2024, 19:11:11,540
FROV00001,FrozenEngine,1394,09/15/2024, 20:14:51,540
FROV00001,FrozenEngine,1394,09/15/2024, 21:14:04,540
FROV00001,FrozenEngine,1394,09/15/2024, 22:14:15,540
FROV00001,FrozenEngine,1394,09/15/2024, 23:14:10,540
FROV00001,FrozenEngine,1394,09/16/2024, 01:06:35,540
FROV00001,FrozenEngine,1394,09/16/2024, 02:51:39,540
FROV00001,FrozenEngine,1394,09/16/2024, 03:22:33,540
FROV00001,FrozenEngine,1394,09/16/2024, 04:17:57,540
FROV00001,FrozenEngine,1394,09/16/2024, 05:16:22,540
FROV00001,FrozenEngine,1394,09/16/2024, 06:20:56,540
FROV00001,FrozenEngine,1394,09/16/2024, 07:14:48,540
FROV00001,FrozenEngine,1394,09/16/2024, 08:19:31,540
FROV00001,FrozenEngine,1394,09/16/2024, 09:18:06,540
FROV00001,FrozenEngine,1394,09/16/2024, 10:16:31,540
FROV00001,FrozenEngine,1394,09/16/2024, 11:13:18,540
FROV00001,FrozenEngine,1394,09/16/2024, 12:28:28,540
FROV00001,FrozenEngine,1394,09/16/2024, 13:23:05,540
FROV00001,FrozenEngine,1394,09/16/2024, 14:14:29,540
FROV00001,FrozenEngine,1394,09/16/2024, 15:15:59,540
FROV00001,FrozenEngine,1394,09/16/2024, 16:17:10,540
FROV00001,FrozenEngine,1394,09/16/2024, 17:13:21,540
FROV00001,FrozenEngine,1394,09/16/2024, 18:18:46,540
FROV00001,FrozenEngine,1394,09/16/2024, 19:11:52,540
FROV00001,FrozenEngine,1394,09/16/2024, 20:15:58,540
FROV00001,FrozenEngine,1394,09/16/2024, 22:12:45,540
FROV00001,FrozenEngine,1394,09/16/2024, 23:13:43,540
FROV00001,FrozenEngine,1394,09/17/2024, 00:52:59,540
FROV00001,FrozenEngine,1394,09/17/2024, 01:51:58,540
FROV00001,FrozenEngine,1394,09/17/2024, 02:21:45,540
FROV00001,FrozenEngine,1394,09/17/2024, 03:16:09,540
FROV00001,FrozenEngine,1394,09/17/2024, 04:16:35,540
FROV00001,FrozenEngine,1394,09/17/2024, 05:15:49,540
FROV00001,FrozenEngine,1394,09/17/2024, 06:18:53,540
FROV00001,FrozenEngine,1394,09/17/2024, 07:13:22,540
FROV00001,FrozenEngine,1394,09/17/2024, 08:18:50,540
FROV00001,FrozenEngine,1394,09/17/2024, 09:15:08,540
FROV00001,FrozenEngine,1394,09/17/2024, 10:15:21,540
FROV00001,FrozenEngine,1394,09/17/2024, 11:12:49,540
FROV00001,FrozenEngine,1394,09/17/2024, 12:26:58,540
FROV00001,FrozenEngine,1394,09/17/2024, 13:21:49,540
FROV00001,FrozenEngine,1394,09/17/2024, 14:13:36,540
FROV00001,FrozenEngine,1394,09/17/2024, 15:15:53,540
FROV00001,FrozenEngine,1394,09/17/2024, 16:18:14,540
FROV00001,FrozenEngine,1394,09/17/2024, 17:13:26,540
FROV00001,FrozenEngine,1394,09/17/2024, 18:19:07,540
FROV00001,FrozenEngine,1394,09/17/2024, 19:11:48,540
FROV00001,FrozenEngine,1394,09/17/2024, 20:15:13,540
FROV00001,FrozenEngine,1394,09/17/2024, 21:13:55,540
FROV00001,FrozenEngine,1394,09/17/2024, 22:13:44,540
FROV00001,FrozenEngine,1394,09/17/2024, 23:16:36,540
FROV00001,FrozenEngine,1394,09/18/2024, 01:02:59,540
FROV00001,FrozenEngine,1394,09/18/2024, 02:41:37,540
FROV00001,FrozenEngine,1394,09/18/2024, 03:16:37,540
FROV00001,FrozenEngine,1394,09/18/2024, 04:18:17,540
FROV00001,FrozenEngine,1394,09/18/2024, 05:14:36,540
FROV00001,FrozenEngine,1394,09/18/2024, 06:20:42,540
FROV00001,FrozenEngine,1394,09/18/2024, 07:14:21,540
FROV00001,FrozenEngine,1394,09/18/2024, 08:17:49,540
FROV00001,FrozenEngine,1394,09/18/2024, 09:16:25,540
FROV00001,FrozenEngine,1394,09/18/2024, 10:15:36,540
FROV00001,FrozenEngine,1394,09/18/2024, 11:12:46,540
FROV00001,FrozenEngine,1394,09/18/2024, 12:27:02,540
FROV00001,FrozenEngine,1394,09/18/2024, 13:21:50,540
FROV00001,FrozenEngine,1394,09/18/2024, 14:14:28,540
FROV00001,FrozenEngine,1394,09/18/2024, 15:15:43,540
FROV00001,FrozenEngine,1394,09/18/2024, 16:17:56,540
FROV00001,FrozenEngine,1394,09/18/2024, 17:13:17,540
FROV00001,FrozenEngine,1394,09/18/2024, 18:18:40,540
FROV00001,FrozenEngine,1394,09/18/2024, 19:13:27,540
FROV00001,FrozenEngine,1394,09/18/2024, 20:15:35,540
FROV00001,FrozenEngine,1394,09/18/2024, 21:13:50,540
FROV00001,FrozenEngine,1394,09/18/2024, 22:14:26,540
FROV00001,FrozenEngine,1394,09/18/2024, 23:14:06,540
FROV00001,FrozenEngine,1394,09/19/2024, 01:03:41,540
FROV00001,FrozenEngine,1394,09/19/2024, 02:43:31,540
FROV00001,FrozenEngine,1394,09/19/2024, 03:17:31,540
FROV00001,FrozenEngine,1394,09/19/2024, 04:17:59,540
FROV00001,FrozenEngine,1394,09/19/2024, 05:14:53,540
FROV00001,FrozenEngine,1394,09/19/2024, 06:20:25,540
FROV00001,FrozenEngine,1394,09/19/2024, 07:14:08,540
FROV00001,FrozenEngine,1394,09/19/2024, 08:19:33,540
FROV00001,FrozenEngine,1394,09/19/2024, 09:15:23,540
FROV00001,FrozenEngine,1394,09/19/2024, 10:15:22,540
FROV00001,FrozenEngine,1394,09/19/2024, 11:12:42,540
FROV00001,FrozenEngine,1394,09/19/2024, 12:27:21,540
FROV00001,FrozenEngine,1394,09/19/2024, 13:22:01,540
FROV00001,FrozenEngine,1394,09/19/2024, 14:14:00,540
FROV00001,FrozenEngine,1394,09/19/2024, 15:15:30,540
FROV00001,FrozenEngine,1394,09/19/2024, 16:17:49,540
FROV00001,FrozenEngine,1394,09/19/2024, 17:13:31,540
FROV00001,FrozenEngine,1394,09/19/2024, 18:19:04,540
FROV00001,FrozenEngine,1394,09/19/2024, 19:11:44,540
FROV00001,FrozenEngine,1394,09/19/2024, 20:15:25,540
FROV00001,FrozenEngine,1394,09/19/2024, 21:13:43,540
FROV00001,FrozenEngine,1394,09/19/2024, 22:13:57,540
FROV00001,FrozenEngine,1394,09/19/2024, 23:14:42,540
FROV00001,FrozenEngine,1394,09/20/2024, 01:04:04,540
FROV00001,FrozenEngine,1394,09/20/2024, 02:43:53,540
FROV00001,FrozenEngine,1394,09/20/2024, 03:17:36,540
FROV00001,FrozenEngine,1394,09/20/2024, 04:17:30,540
FROV00001,FrozenEngine,1394,09/20/2024, 05:14:53,540
FROV00001,FrozenEngine,1394,09/20/2024, 06:20:04,540
FROV00001,FrozenEngine,1394,09/20/2024, 07:14:55,540
FROV00001,FrozenEngine,1394,09/20/2024, 08:19:06,540
FROV00001,FrozenEngine,1394,09/20/2024, 09:18:51,540
FROV00001,FrozenEngine,1394,09/20/2024, 10:15:31,540
FROV00001,FrozenEngine,1394,09/20/2024, 11:12:57,540
FROV00001,FrozenEngine,1394,09/20/2024, 12:27:21,540
FROV00001,FrozenEngine,1394,09/20/2024, 13:21:21,540
FROV00001,FrozenEngine,1394,09/20/2024, 14:14:29,540
FROV00001,FrozenEngine,1394,09/20/2024, 15:15:13,540
FROV00001,FrozenEngine,1394,09/20/2024, 16:17:33,540
FROV00001,FrozenEngine,1394,09/20/2024, 17:13:13,540
FROV00001,FrozenEngine,1394,09/20/2024, 18:19:03,540
FROV00001,FrozenEngine,1394,09/20/2024, 19:11:59,540
FROV00001,FrozenEngine,1394,09/20/2024, 20:16:28,540
FROV00001,FrozenEngine,1394,09/20/2024, 21:13:59,540
FROV00001,FrozenEngine,1394,09/20/2024, 22:15:26,540
FROV00001,FrozenEngine,1394,09/20/2024, 23:14:00,540
FROV00001,FrozenEngine,1394,09/21/2024, 01:02:44,540
FROV00001,FrozenEngine,1394,09/21/2024, 02:41:10,540
FROV00001,FrozenEngine,1394,09/21/2024, 03:16:07,540
FROV00001,FrozenEngine,1394,09/21/2024, 04:17:08,540
FROV00001,FrozenEngine,1394,09/21/2024, 05:13:31,540
FROV00001,FrozenEngine,1394,09/21/2024, 06:18:48,540
FROV00001,FrozenEngine,1394,09/21/2024, 07:13:13,540
FROV00001,FrozenEngine,1394,09/21/2024, 08:16:56,540
FROV00001,FrozenEngine,1394,09/21/2024, 09:13:58,540
FROV00001,FrozenEngine,1394,09/21/2024, 10:13:52,540
FROV00001,FrozenEngine,1394,09/21/2024, 11:11:42,540
FROV00001,FrozenEngine,1394,09/21/2024, 12:24:29,540
FROV00001,FrozenEngine,1394,09/21/2024, 13:17:58,540
FROV00001,FrozenEngine,1394,09/21/2024, 14:12:14,540
FROV00001,FrozenEngine,1394,09/21/2024, 15:15:35,540
FROV00001,FrozenEngine,1394,09/21/2024, 16:17:39,540
FROV00001,FrozenEngine,1394,09/21/2024, 17:14:33,540
FROV00001,FrozenEngine,1394,09/21/2024, 18:17:59,540
FROV00001,FrozenEngine,1394,09/21/2024, 19:10:52,540
FROV00001,FrozenEngine,1394,09/21/2024, 20:14:36,540
FROV00001,FrozenEngine,1394,09/21/2024, 21:12:32,540
FROV00001,FrozenEngine,1394,09/21/2024, 22:13:10,540
FROV00001,FrozenEngine,1394,09/21/2024, 23:13:22,540
FROV00001,FrozenEngine,1394,09/22/2024, 01:10:09,540
FROV00001,FrozenEngine,1394,09/22/2024, 02:50:53,540
FROV00001,FrozenEngine,1394,09/22/2024, 03:21:13,540
FROV00001,FrozenEngine,1394,09/22/2024, 04:19:25,540
FROV00001,FrozenEngine,1394,09/22/2024, 05:14:35,540
FROV00001,FrozenEngine,1394,09/22/2024, 06:18:45,540
FROV00001,FrozenEngine,1394,09/22/2024, 07:12:58,540
FROV00001,FrozenEngine,1394,09/22/2024, 08:16:58,540
FROV00001,FrozenEngine,1394,09/22/2024, 09:13:56,540
FROV00001,FrozenEngine,1394,09/22/2024, 10:14:25,540
FROV00001,FrozenEngine,1394,09/22/2024, 11:11:46,540
FROV00001,FrozenEngine,1394,09/22/2024, 12:24:53,540
FROV00001,FrozenEngine,1394,09/22/2024, 13:17:50,540
FROV00001,FrozenEngine,1394,09/22/2024, 14:12:53,540
FROV00001,FrozenEngine,1394,09/22/2024, 15:13:32,540
FROV00001,FrozenEngine,1394,09/22/2024, 16:16:20,540
FROV00001,FrozenEngine,1394,09/22/2024, 17:13:15,540
FROV00001,FrozenEngine,1394,09/22/2024, 18:17:49,540
FROV00001,FrozenEngine,1394,09/22/2024, 19:11:09,540
FROV00001,FrozenEngine,1394,09/22/2024, 20:14:58,540
FROV00001,FrozenEngine,1394,09/22/2024, 21:12:56,540
FROV00001,FrozenEngine,1394,09/22/2024, 22:13:52,540
FROV00001,FrozenEngine,1394,09/22/2024, 23:14:51,540
FROV00001,FrozenEngine,1394,09/23/2024, 01:05:38,540
FROV00001,FrozenEngine,1394,09/23/2024, 02:47:21,540
FROV00001,FrozenEngine,1394,09/23/2024, 03:20:12,540
FROV00001,FrozenEngine,1394,09/23/2024, 04:17:58,540
FROV00001,FrozenEngine,1394,09/23/2024, 05:14:56,540
FROV00001,FrozenEngine,1394,09/23/2024, 06:21:02,540
FROV00001,FrozenEngine,1394,09/23/2024, 07:14:42,540
FROV00001,FrozenEngine,1394,09/23/2024, 08:19:15,540
FROV00001,FrozenEngine,1394,09/23/2024, 09:17:59,540
FROV00001,FrozenEngine,1394,09/23/2024, 10:17:18,540
FROV00001,FrozenEngine,1394,09/23/2024, 11:12:45,540
FROV00001,FrozenEngine,1394,09/23/2024, 12:28:25,540
FROV00001,FrozenEngine,1394,09/23/2024, 13:23:13,540
FROV00001,FrozenEngine,1394,09/23/2024, 14:14:20,540
FROV00001,FrozenEngine,1394,09/23/2024, 15:15:57,540
FROV00001,FrozenEngine,1394,09/23/2024, 16:17:41,540
FROV00001,FrozenEngine,1394,09/23/2024, 17:13:12,540
FROV00001,FrozenEngine,1394,09/23/2024, 18:19:32,540
FROV00001,FrozenEngine,1394,09/23/2024, 19:12:27,540
FROV00001,FrozenEngine,1394,09/23/2024, 20:16:59,540
FROV00001,FrozenEngine,1394,09/23/2024, 21:14:01,540
FROV00001,FrozenEngine,1394,09/23/2024, 22:14:55,540
FROV00001,FrozenEngine,1394,09/23/2024, 23:14:29,540
FROV00001,FrozenEngine,1394,09/24/2024, 01:05:50,540
FROV00001,FrozenEngine,1394,09/24/2024, 02:47:26,540
FROV00001,FrozenEngine,1394,09/24/2024, 03:20:19,540
FROV00001,FrozenEngine,1394,09/24/2024, 04:18:14,540
FROV00001,FrozenEngine,1394,09/24/2024, 05:14:44,540
FROV00001,FrozenEngine,1394,09/24/2024, 06:21:24,540
FROV00001,FrozenEngine,1394,09/24/2024, 07:14:46,540
FROV00001,FrozenEngine,1394,09/24/2024, 08:20:17,540
FROV00001,FrozenEngine,1394,09/24/2024, 09:16:11,540
FROV00001,FrozenEngine,1394,09/24/2024, 10:15:48,540
FROV00001,FrozenEngine,1394,09/24/2024, 11:12:45,540
FROV00001,FrozenEngine,1394,09/24/2024, 12:28:51,540
FROV00001,FrozenEngine,1394,09/24/2024, 13:22:59,540
FROV00001,FrozenEngine,1394,09/24/2024, 14:13:07,540
FROV00001,FrozenEngine,1394,09/24/2024, 15:15:28,540
FROV00001,FrozenEngine,1394,09/24/2024, 16:18:17,540
FROV00001,FrozenEngine,1394,09/24/2024, 17:14:08,540
FROV00001,FrozenEngine,1394,09/24/2024, 18:19:46,540
FROV00001,FrozenEngine,1394,09/24/2024, 19:12:21,540
FROV00001,FrozenEngine,1394,09/24/2024, 20:16:41,540
FROV00001,FrozenEngine,1394,09/24/2024, 21:13:51,540
FROV00001,FrozenEngine,1394,09/24/2024, 22:14:06,540
FROV00001,FrozenEngine,1394,09/24/2024, 23:14:07,540
FROV00001,FrozenEngine,1394,09/25/2024, 01:06:54,540
FROV00001,FrozenEngine,1394,09/25/2024, 02:49:01,540
FROV00001,FrozenEngine,1394,09/25/2024, 03:22:26,540
FROV00001,FrozenEngine,1394,09/25/2024, 04:18:23,540
FROV00001,FrozenEngine,1394,09/25/2024, 05:15:03,540
FROV00001,FrozenEngine,1394,09/25/2024, 06:20:53,540
FROV00001,FrozenEngine,1394,09/25/2024, 07:14:59,540
FROV00001,FrozenEngine,1394,09/25/2024, 08:20:34,540
FROV00001,FrozenEngine,1394,09/25/2024, 09:16:40,540
FROV00001,FrozenEngine,1394,09/25/2024, 10:17:12,540
FROV00001,FrozenEngine,1394,09/25/2024, 11:13:39,540
FROV00001,FrozenEngine,1394,09/25/2024, 12:28:44,540
FROV00001,FrozenEngine,1394,09/25/2024, 13:24:10,540
FROV00001,FrozenEngine,1394,09/25/2024, 14:15:03,540
FROV00001,FrozenEngine,1394,09/25/2024, 15:15:41,540
FROV00001,FrozenEngine,1394,09/25/2024, 16:19:37,540
FROV00001,FrozenEngine,1394,09/25/2024, 17:13:40,540
FROV00001,FrozenEngine,1394,09/25/2024, 18:19:32,540
FROV00001,FrozenEngine,1394,09/25/2024, 20:16:13,540
FROV00001,FrozenEngine,1394,09/25/2024, 21:14:19,540
FROV00001,FrozenEngine,1394,09/25/2024, 22:14:00,540
FROV00001,FrozenEngine,1394,09/25/2024, 23:14:09,540
FROV00001,FrozenEngine,1394,09/26/2024, 01:05:19,540
FROV00001,FrozenEngine,1394,09/26/2024, 02:45:41,540
FROV00001,FrozenEngine,1394,09/26/2024, 03:20:30,540
FROV00001,FrozenEngine,1394,09/26/2024, 04:18:12,540
FROV00001,FrozenEngine,1394,09/26/2024, 05:15:13,540
FROV00001,FrozenEngine,1394,09/26/2024, 06:20:35,540
FROV00001,FrozenEngine,1394,09/26/2024, 07:14:47,540
FROV00001,FrozenEngine,1394,09/26/2024, 08:19:34,540
FROV00001,FrozenEngine,1394,09/26/2024, 09:15:52,540
FROV00001,FrozenEngine,1394,09/26/2024, 10:16:30,540
FROV00001,FrozenEngine,1394,09/26/2024, 11:12:52,540
FROV00001,FrozenEngine,1394,09/26/2024, 12:29:11,540
FROV00001,FrozenEngine,1394,09/26/2024, 13:23:23,540
FROV00001,FrozenEngine,1394,09/26/2024, 14:14:31,540
FROV00001,FrozenEngine,1394,09/26/2024, 15:15:20,540
FROV00001,FrozenEngine,1394,09/26/2024, 16:18:22,540
FROV00001,FrozenEngine,1394,09/26/2024, 17:15:08,540
FROV00001,FrozenEngine,1394,09/26/2024, 18:18:31,540
FROV00001,FrozenEngine,1394,09/26/2024, 19:12:00,540
FROV00001,FrozenEngine,1394,09/26/2024, 20:15:51,540
FROV00001,FrozenEngine,1394,09/26/2024, 21:13:34,540
FROV00001,FrozenEngine,1394,09/26/2024, 22:14:04,540
FROV00001,FrozenEngine,1394,09/26/2024, 23:15:09,540
FROV00001,FrozenEngine,1394,09/27/2024, 01:05:44,540
FROV00001,FrozenEngine,1394,09/27/2024, 03:20:35,540
FROV00001,FrozenEngine,1394,09/27/2024, 04:18:13,540
FROV00001,FrozenEngine,1394,09/27/2024, 05:14:57,540
FROV00001,FrozenEngine,1394,09/27/2024, 06:21:37,540
FROV00001,FrozenEngine,1394,09/27/2024, 07:14:53,540
FROV00001,FrozenEngine,1394,09/27/2024, 08:19:07,540
FROV00001,FrozenEngine,1394,09/27/2024, 09:16:41,540
FROV00001,FrozenEngine,1394,09/27/2024, 10:16:07,540
FROV00001,FrozenEngine,1394,09/27/2024, 11:13:43,540
FROV00001,FrozenEngine,1394,09/27/2024, 12:28:20,540
FROV00001,FrozenEngine,1394,09/27/2024, 13:23:13,540
FROV00001,FrozenEngine,1394,09/27/2024, 14:14:25,540
FROV00001,FrozenEngine,1394,09/27/2024, 15:15:22,540
FROV00001,FrozenEngine,1394,09/27/2024, 16:17:54,540
FROV00001,FrozenEngine,1394,09/27/2024, 17:13:52,540
FROV00001,FrozenEngine,1394,09/27/2024, 18:19:38,540
FROV00001,FrozenEngine,1394,09/27/2024, 19:13:07,540
FROV00001,FrozenEngine,1394,09/27/2024, 20:16:12,540
FROV00001,FrozenEngine,1394,09/27/2024, 21:13:32,540
FROV00001,FrozenEngine,1394,09/27/2024, 22:14:15,540
FROV00001,FrozenEngine,1394,09/27/2024, 23:14:23,540
FROV00001,FrozenEngine,1394,09/28/2024, 01:05:18,540
FROV00001,FrozenEngine,1394,09/28/2024, 02:44:46,540
FROV00001,FrozenEngine,1394,09/28/2024, 03:19:01,540
FROV00001,FrozenEngine,1394,09/28/2024, 04:17:30,540
FROV00001,FrozenEngine,1394,09/28/2024, 05:13:46,540
FROV00001,FrozenEngine,1394,09/28/2024, 06:18:54,540
FROV00001,FrozenEngine,1394,09/28/2024, 07:13:04,540
FROV00001,FrozenEngine,1394,09/28/2024, 08:17:49,540
FROV00001,FrozenEngine,1394,09/28/2024, 09:14:14,540
FROV00001,FrozenEngine,1394,09/28/2024, 10:14:16,540
FROV00001,FrozenEngine,1394,09/28/2024, 11:13:01,540
FROV00001,FrozenEngine,1394,09/28/2024, 12:25:16,540
FROV00001,FrozenEngine,1394,09/28/2024, 13:18:30,540
FROV00001,FrozenEngine,1394,09/28/2024, 14:12:16,540
FROV00001,FrozenEngine,1394,09/28/2024, 15:15:54,540
FROV00001,FrozenEngine,1394,09/28/2024, 16:16:50,540
FROV00001,FrozenEngine,1394,09/28/2024, 17:12:07,540
FROV00001,FrozenEngine,1394,09/28/2024, 18:17:58,540
FROV00001,FrozenEngine,1394,09/28/2024, 19:12:24,540
FROV00001,FrozenEngine,1394,09/28/2024, 20:15:27,540
FROV00001,FrozenEngine,1394,09/28/2024, 21:13:44,540
FROV00001,FrozenEngine,1394,09/28/2024, 22:13:36,540
FROV00001,FrozenEngine,1394,09/28/2024, 23:13:53,540
FROV00001,FrozenEngine,1394,09/29/2024, 01:11:09,540
FROV00001,FrozenEngine,1394,09/29/2024, 02:53:12,540
FROV00001,FrozenEngine,1394,09/29/2024, 03:23:59,540
FROV00001,FrozenEngine,1394,09/29/2024, 04:17:36,540
FROV00001,FrozenEngine,1394,09/29/2024, 05:14:01,540
FROV00001,FrozenEngine,1394,09/29/2024, 06:19:10,540
FROV00001,FrozenEngine,1394,09/29/2024, 07:13:03,540
FROV00001,FrozenEngine,1394,09/29/2024, 08:18:10,540
FROV00001,FrozenEngine,1394,09/29/2024, 09:15:33,540
FROV00001,FrozenEngine,1394,09/29/2024, 10:14:12,540
FROV00001,FrozenEngine,1394,09/29/2024, 11:12:36,540
FROV00001,FrozenEngine,1394,09/29/2024, 12:26:03,540
FROV00001,FrozenEngine,1394,09/29/2024, 13:18:47,540
FROV00001,FrozenEngine,1394,09/29/2024, 14:13:08,540
FROV00001,FrozenEngine,1394,09/29/2024, 15:14:57,540
FROV00001,FrozenEngine,1394,09/29/2024, 16:17:14,540
FROV00001,FrozenEngine,1394,09/29/2024, 17:12:11,540
FROV00001,FrozenEngine,1394,09/29/2024, 18:18:06,540
FROV00001,FrozenEngine,1394,09/29/2024, 19:11:23,540
FROV00001,FrozenEngine,1394,09/29/2024, 20:14:56,540
FROV00001,FrozenEngine,1394,09/29/2024, 21:13:17,540
FROV00001,FrozenEngine,1394,09/29/2024, 22:13:09,540
FROV00001,FrozenEngine,1394,09/29/2024, 23:13:56,540
FROV00001,FrozenEngine,1394,09/30/2024, 01:07:54,540
FROV00001,FrozenEngine,1394,09/30/2024, 02:53:59,540
FROV00001,FrozenEngine,1394,09/30/2024, 03:25:24,540
FROV00001,FrozenEngine,1394,09/30/2024, 04:18:35,540
FROV00001,FrozenEngine,1394,09/30/2024, 05:15:22,540
FROV00001,FrozenEngine,1394,09/30/2024, 06:21:39,540
FROV00001,FrozenEngine,1394,09/30/2024, 07:15:35,540
FROV00001,FrozenEngine,1394,09/30/2024, 08:21:00,540
FROV00001,FrozenEngine,1394,09/30/2024, 09:17:43,540
FROV00001,FrozenEngine,1394,09/30/2024, 10:17:06,540
FROV00001,FrozenEngine,1394,09/30/2024, 11:13:04,540
FROV00001,FrozenEngine,1394,09/30/2024, 12:29:57,540
FROV00001,FrozenEngine,1394,09/30/2024, 13:24:01,540
FROV00001,FrozenEngine,1394,09/30/2024, 14:14:41,540
FROV00001,FrozenEngine,1394,09/30/2024, 15:16:09,540
FROV00001,FrozenEngine,1394,09/30/2024, 16:18:44,540
FROV00001,FrozenEngine,1394,09/30/2024, 17:14:00,540
FROV00001,FrozenEngine,1394,09/30/2024, 18:19:44,540
FROV00001,FrozenEngine,1394,09/30/2024, 19:10:48,540
FROV00001,FrozenEngine,1394,09/30/2024, 20:16:28,540
FROV00001,FrozenEngine,1394,09/30/2024, 21:14:33,540
FROV00001,FrozenEngine,1394,09/30/2024, 22:14:21,540
FROV00001,FrozenEngine,1394,09/30/2024, 23:14:48,540
FROV00001,FrozenEngine,1394,10/01/2024, 01:11:55,540
FROV00001,FrozenEngine,1394,10/01/2024, 02:57:04,540
FROV00001,FrozenEngine,1394,10/01/2024, 03:29:13,540
FROV00001,FrozenEngine,1394,10/01/2024, 04:18:23,540
FROV00001,FrozenEngine,1394,10/01/2024, 05:15:07,540
FROV00001,FrozenEngine,1394,10/01/2024, 06:21:15,540
FROV00001,FrozenEngine,1394,10/01/2024, 07:15:29,540
FROV00001,FrozenEngine,1394,10/01/2024, 08:19:56,540
FROV00001,FrozenEngine,1394,10/01/2024, 09:16:32,540
FROV00001,FrozenEngine,1394,10/01/2024, 10:17:20,540
FROV00001,FrozenEngine,1394,10/01/2024, 11:14:13,540
FROV00001,FrozenEngine,1394,10/01/2024, 12:29:04,540
FROV00001,FrozenEngine,1394,10/01/2024, 13:23:58,540
FROV00001,FrozenEngine,1394,10/01/2024, 14:14:37,540
FROV00001,FrozenEngine,1394,10/01/2024, 15:15:43,540
FROV00001,FrozenEngine,1394,10/01/2024, 16:19:03,540
FROV00001,FrozenEngine,1394,10/01/2024, 17:13:42,540
FROV00001,FrozenEngine,1394,10/01/2024, 18:19:56,540
FROV00001,FrozenEngine,1394,10/01/2024, 19:12:49,540
FROV00001,FrozenEngine,1394,10/01/2024, 20:16:16,540
FROV00001,FrozenEngine,1394,10/01/2024, 21:14:57,540
FROV00001,FrozenEngine,1394,10/01/2024, 22:14:04,540
FROV00001,FrozenEngine,1394,10/01/2024, 23:14:20,540
FROV00001,FrozenEngine,1394,10/02/2024, 01:05:41,540
FROV00001,FrozenEngine,1394,10/02/2024, 02:46:18,540
FROV00001,FrozenEngine,1394,10/02/2024, 03:19:47,540
FROV00001,FrozenEngine,1394,10/02/2024, 04:18:17,540
FROV00001,FrozenEngine,1394,10/02/2024, 05:14:58,540
FROV00001,FrozenEngine,1394,10/02/2024, 06:20:50,540
FROV00001,FrozenEngine,1394,10/02/2024, 07:14:13,540
FROV00001,FrozenEngine,1394,10/02/2024, 08:19:08,540
FROV00001,FrozenEngine,1394,10/02/2024, 09:15:35,540
FROV00001,FrozenEngine,1394,10/02/2024, 10:15:44,540
FROV00001,FrozenEngine,1394,10/02/2024, 11:13:03,540
FROV00001,FrozenEngine,1394,10/02/2024, 12:28:44,540
FROV00001,FrozenEngine,1394,10/02/2024, 13:22:45,540
FROV00001,FrozenEngine,1394,10/02/2024, 14:13:55,540
FROV00001,FrozenEngine,1394,10/02/2024, 15:16:00,540
FROV00001,FrozenEngine,1394,10/02/2024, 16:18:42,540
FROV00001,FrozenEngine,1394,10/02/2024, 17:13:17,540
FROV00001,FrozenEngine,1394,10/02/2024, 18:20:11,540
FROV00001,FrozenEngine,1394,10/02/2024, 19:12:44,540
FROV00001,FrozenEngine,1394,10/02/2024, 20:16:46,540
FROV00001,FrozenEngine,1394,10/02/2024, 21:16:07,540
FROV00001,FrozenEngine,1394,10/02/2024, 22:15:26,540
FROV00001,FrozenEngine,1394,10/02/2024, 23:14:52,540
FROV00001,FrozenEngine,1394,10/03/2024, 01:05:48,540
FROV00001,FrozenEngine,1394,10/03/2024, 02:47:15,540
FROV00001,FrozenEngine,1394,10/03/2024, 03:20:45,540
FROV00001,FrozenEngine,1394,10/03/2024, 04:18:37,540
FROV00001,FrozenEngine,1394,10/03/2024, 05:15:18,540
FROV00001,FrozenEngine,1394,10/03/2024, 06:20:50,540
FROV00001,FrozenEngine,1394,10/03/2024, 07:15:26,540
FROV00001,FrozenEngine,1394,10/03/2024, 08:19:16,540
FROV00001,FrozenEngine,1394,10/03/2024, 09:16:00,540
FROV00001,FrozenEngine,1394,10/03/2024, 10:16:00,540
FROV00001,FrozenEngine,1394,10/03/2024, 11:12:41,540
FROV00001,FrozenEngine,1394,10/03/2024, 12:28:27,540
FROV00001,FrozenEngine,1394,10/03/2024, 13:23:04,540
FROV00001,FrozenEngine,1394,10/03/2024, 14:14:48,540
FROV00001,FrozenEngine,1394,10/03/2024, 15:15:50,540
FROV00001,FrozenEngine,1394,10/03/2024, 16:18:22,540
FROV00001,FrozenEngine,1394,10/03/2024, 17:13:41,540
FROV00001,FrozenEngine,1394,10/03/2024, 18:20:02,540
FROV00001,FrozenEngine,1394,10/03/2024, 19:12:09,540
FROV00001,FrozenEngine,1394,10/03/2024, 20:16:01,540
FROV00001,FrozenEngine,1394,10/03/2024, 21:13:55,540
FROV00001,FrozenEngine,1394,10/03/2024, 22:14:43,540
FROV00001,FrozenEngine,1394,10/03/2024, 23:14:51,540
FROV00001,FrozenEngine,1394,10/04/2024, 01:05:45,540
FROV00001,FrozenEngine,1394,10/04/2024, 02:47:52,540
FROV00001,FrozenEngine,1394,10/04/2024, 03:20:17,540
FROV00001,FrozenEngine,1394,10/04/2024, 04:18:08,540
FROV00001,FrozenEngine,1394,10/04/2024, 05:14:50,540
FROV00001,FrozenEngine,1394,10/04/2024, 06:20:50,540
FROV00001,FrozenEngine,1394,10/04/2024, 07:14:28,540
FROV00001,FrozenEngine,1394,10/04/2024, 08:19:04,540
FROV00001,FrozenEngine,1394,10/04/2024, 09:14:46,540
FROV00001,FrozenEngine,1394,10/04/2024, 10:16:53,540
FROV00001,FrozenEngine,1394,10/04/2024, 11:13:01,540
FROV00001,FrozenEngine,1394,10/04/2024, 12:27:43,540
FROV00001,FrozenEngine,1394,10/04/2024, 13:22:25,540
FROV00001,FrozenEngine,1394,10/04/2024, 14:14:48,540
FROV00001,FrozenEngine,1394,10/04/2024, 15:15:32,540
FROV00001,FrozenEngine,1394,10/04/2024, 16:18:51,540
FROV00001,FrozenEngine,1394,10/04/2024, 17:13:33,540
FROV00001,FrozenEngine,1394,10/04/2024, 18:19:34,540
FROV00001,FrozenEngine,1394,10/04/2024, 19:12:37,540
FROV00001,FrozenEngine,1394,10/04/2024, 20:16:04,540
FROV00001,FrozenEngine,1394,10/04/2024, 21:13:46,540
FROV00001,FrozenEngine,1394,10/04/2024, 22:14:13,540
FROV00001,FrozenEngine,1394,10/04/2024, 23:14:33,540
FROV00001,FrozenEngine,1394,10/05/2024, 01:04:53,540
FROV00001,FrozenEngine,1394,10/05/2024, 02:44:31,540
FROV00001,FrozenEngine,1394,10/05/2024, 03:18:40,540
FROV00001,FrozenEngine,1394,10/05/2024, 04:18:02,540
FROV00001,FrozenEngine,1394,10/05/2024, 05:13:53,540
FROV00001,FrozenEngine,1394,10/05/2024, 06:19:29,540
FROV00001,FrozenEngine,1394,10/05/2024, 07:14:15,540
FROV00001,FrozenEngine,1394,10/05/2024, 08:18:22,540
FROV00001,FrozenEngine,1394,10/05/2024, 09:17:08,540
FROV00001,FrozenEngine,1394,10/05/2024, 10:14:04,540
FROV00001,FrozenEngine,1394,10/05/2024, 11:12:44,540
FROV00001,FrozenEngine,1394,10/05/2024, 12:25:58,540
FROV00001,FrozenEngine,1394,10/05/2024, 13:18:44,540
FROV00001,FrozenEngine,1394,10/05/2024, 14:12:23,540
FROV00001,FrozenEngine,1394,10/05/2024, 15:14:28,540
FROV00001,FrozenEngine,1394,10/05/2024, 16:17:03,540
FROV00001,FrozenEngine,1394,10/05/2024, 17:13:26,540
FROV00001,FrozenEngine,1394,10/05/2024, 18:17:48,540
FROV00001,FrozenEngine,1394,10/05/2024, 19:12:18,540
FROV00001,FrozenEngine,1394,10/05/2024, 20:14:31,540
FROV00001,FrozenEngine,1394,10/05/2024, 21:13:48,540
FROV00001,FrozenEngine,1394,10/05/2024, 22:14:07,540
FROV00001,FrozenEngine,1394,10/05/2024, 23:13:48,540
FROV00001,FrozenEngine,1394,10/06/2024, 01:10:47,540
FROV00001,FrozenEngine,1394,10/06/2024, 02:57:33,540
FROV00001,FrozenEngine,1394,10/06/2024, 03:23:03,540
FROV00001,FrozenEngine,1394,10/06/2024, 04:18:12,540
FROV00001,FrozenEngine,1394,10/06/2024, 05:14:14,540
FROV00001,FrozenEngine,1394,10/06/2024, 06:19:27,540
FROV00001,FrozenEngine,1394,10/06/2024, 07:14:25,540
FROV00001,FrozenEngine,1394,10/06/2024, 08:17:37,540
FROV00001,FrozenEngine,1394,10/06/2024, 09:14:57,540
FROV00001,FrozenEngine,1394,10/06/2024, 10:14:48,540
FROV00001,FrozenEngine,1394,10/06/2024, 11:12:33,540
FROV00001,FrozenEngine,1394,10/06/2024, 12:25:44,540
FROV00001,FrozenEngine,1394,10/06/2024, 13:18:56,540
FROV00001,FrozenEngine,1394,10/06/2024, 14:12:21,540
FROV00001,FrozenEngine,1394,10/06/2024, 15:14:59,540
FROV00001,FrozenEngine,1394,10/06/2024, 16:16:34,540
FROV00001,FrozenEngine,1394,10/06/2024, 17:13:45,540
FROV00001,FrozenEngine,1394,10/06/2024, 18:17:52,540
FROV00001,FrozenEngine,1394,10/06/2024, 19:11:58,540
FROV00001,FrozenEngine,1394,10/06/2024, 20:14:46,540
FROV00001,FrozenEngine,1394,10/06/2024, 21:13:07,540
FROV00001,FrozenEngine,1394,10/06/2024, 22:13:39,540
FROV00001,FrozenEngine,1394,10/06/2024, 23:13:56,540
FROV00001,FrozenEngine,1394,10/07/2024, 01:07:52,540
FROV00001,FrozenEngine,1394,10/07/2024, 02:51:42,540
FROV00001,FrozenEngine,1394,10/07/2024, 03:22:57,540
FROV00001,FrozenEngine,1394,10/07/2024, 04:18:23,540
FROV00001,FrozenEngine,1394,10/07/2024, 05:16:23,540
FROV00001,FrozenEngine,1394,10/07/2024, 06:21:11,540
FROV00001,FrozenEngine,1394,10/07/2024, 07:15:30,540
FROV00001,FrozenEngine,1394,10/07/2024, 08:18:17,540
FROV00001,FrozenEngine,1394,10/07/2024, 09:16:49,540
FROV00001,FrozenEngine,1394,10/07/2024, 10:16:56,540
FROV00001,FrozenEngine,1394,10/07/2024, 11:14:57,540
FROV00001,FrozenEngine,1394,10/07/2024, 12:29:30,540
FROV00001,FrozenEngine,1394,10/07/2024, 13:23:40,540
FROV00001,FrozenEngine,1394,10/07/2024, 14:14:44,540
FROV00001,FrozenEngine,1394,10/07/2024, 15:15:58,540
FROV00001,FrozenEngine,1394,10/07/2024, 16:18:05,540
FROV00001,FrozenEngine,1394,10/07/2024, 17:14:18,540
FROV00001,FrozenEngine,1394,10/07/2024, 18:19:44,540
FROV00001,FrozenEngine,1394,10/07/2024, 19:12:12,540
FROV00001,FrozenEngine,1394,10/07/2024, 20:17:16,540
FROV00001,FrozenEngine,1394,10/07/2024, 21:14:26,540
FROV00001,FrozenEngine,1394,10/07/2024, 22:14:17,540
FROV00001,FrozenEngine,1394,10/07/2024, 23:14:20,540
FROV00001,FrozenEngine,1394,10/08/2024, 01:05:33,540
FROV00001,FrozenEngine,1394,10/08/2024, 02:51:26,540
FROV00001,FrozenEngine,1394,10/08/2024, 03:22:26,540
FROV00001,FrozenEngine,1394,10/08/2024, 04:18:06,540
FROV00001,FrozenEngine,1394,10/08/2024, 05:15:06,540
FROV00001,FrozenEngine,1394,10/08/2024, 06:20:59,540
FROV00001,FrozenEngine,1394,10/08/2024, 07:15:55,540
FROV00001,FrozenEngine,1394,10/08/2024, 08:19:58,540
FROV00001,FrozenEngine,1394,10/08/2024, 09:15:51,540
FROV00001,FrozenEngine,1394,10/08/2024, 10:15:47,540
FROV00001,FrozenEngine,1394,10/08/2024, 11:14:42,540
FROV00001,FrozenEngine,1394,10/08/2024, 12:27:58,540
FROV00001,FrozenEngine,1394,10/08/2024, 13:22:27,540
FROV00001,FrozenEngine,1394,10/08/2024, 14:15:55,540
FROV00001,FrozenEngine,1394,10/08/2024, 15:15:41,540
FROV00001,FrozenEngine,1394,10/08/2024, 16:18:54,540
FROV00001,FrozenEngine,1394,10/08/2024, 17:14:05,540
FROV00001,FrozenEngine,1394,10/08/2024, 18:20:20,540
FROV00001,FrozenEngine,1394,10/08/2024, 19:11:17,540
FROV00001,FrozenEngine,1394,10/08/2024, 20:13:28,540
FROV00001,FrozenEngine,1394,10/08/2024, 21:14:28,540
FROV00001,FrozenEngine,1394,10/08/2024, 22:14:27,540
FROV00001,FrozenEngine,1394,10/08/2024, 23:15:20,540
FROV00001,FrozenEngine,1394,10/09/2024, 01:05:20,540
FROV00001,FrozenEngine,1394,10/09/2024, 02:46:58,540
FROV00001,FrozenEngine,1394,10/09/2024, 03:20:37,540
FROV00001,FrozenEngine,1394,10/09/2024, 04:17:51,540
FROV00001,FrozenEngine,1394,10/09/2024, 05:16:02,540
FROV00001,FrozenEngine,1394,10/09/2024, 06:21:16,540
FROV00001,FrozenEngine,1394,10/09/2024, 07:15:17,540
FROV00001,FrozenEngine,1394,10/09/2024, 08:19:34,540
FROV00001,FrozenEngine,1394,10/09/2024, 09:16:25,540
FROV00001,FrozenEngine,1394,10/09/2024, 10:16:10,540
FROV00001,FrozenEngine,1394,10/09/2024, 11:14:02,540
FROV00001,FrozenEngine,1394,10/09/2024, 12:27:57,540
FROV00001,FrozenEngine,1394,10/09/2024, 13:23:21,540
FROV00001,FrozenEngine,1394,10/09/2024, 14:14:29,540
FROV00001,FrozenEngine,1394,10/09/2024, 15:14:36,540
FROV00001,FrozenEngine,1394,10/09/2024, 16:17:57,540
FROV00001,FrozenEngine,1394,10/09/2024, 17:14:18,540
FROV00001,FrozenEngine,1394,10/09/2024, 18:18:32,540
FROV00001,FrozenEngine,1394,10/09/2024, 19:12:40,540
FROV00001,FrozenEngine,1394,10/09/2024, 20:16:21,540
FROV00001,FrozenEngine,1394,10/09/2024, 21:14:25,540
FROV00001,FrozenEngine,1394,10/09/2024, 22:13:55,540
FROV00001,FrozenEngine,1394,10/09/2024, 23:16:19,540
FROV00001,FrozenEngine,1394,10/10/2024, 01:05:59,540
FROV00001,FrozenEngine,1394,10/10/2024, 02:47:32,540
FROV00001,FrozenEngine,1394,10/10/2024, 03:20:19,540
FROV00001,FrozenEngine,1394,10/10/2024, 04:17:46,540
FROV00001,FrozenEngine,1394,10/10/2024, 05:15:08,540
FROV00001,FrozenEngine,1394,10/10/2024, 06:20:57,540
FROV00001,FrozenEngine,1394,10/10/2024, 07:14:49,540
FROV00001,FrozenEngine,1394,10/10/2024, 08:19:05,540
FROV00001,FrozenEngine,1394,10/10/2024, 09:16:16,540
FROV00001,FrozenEngine,1394,10/10/2024, 10:16:01,540
FROV00001,FrozenEngine,1394,10/10/2024, 11:13:20,540
FROV00001,FrozenEngine,1394,10/10/2024, 12:27:54,540
FROV00001,FrozenEngine,1394,10/10/2024, 13:23:22,540
FROV00001,FrozenEngine,1394,10/10/2024, 14:14:26,540
FROV00001,FrozenEngine,1394,10/10/2024, 15:15:24,540
FROV00001,FrozenEngine,1394,10/10/2024, 16:17:55,540
FROV00001,FrozenEngine,1394,10/10/2024, 17:14:25,540
FROV00001,FrozenEngine,1394,10/10/2024, 18:19:38,540
FROV00001,FrozenEngine,1394,10/10/2024, 19:12:04,540
FROV00001,FrozenEngine,1394,10/10/2024, 20:16:17,540
FROV00001,FrozenEngine,1394,10/10/2024, 21:14:58,540
FROV00001,FrozenEngine,1394,10/10/2024, 22:14:35,540
FROV00001,FrozenEngine,1394,10/10/2024, 23:14:36,540
FROV00001,FrozenEngine,1394,10/11/2024, 01:05:40,540
FROV00001,FrozenEngine,1394,10/11/2024, 02:46:25,540
FROV00001,FrozenEngine,1394,10/11/2024, 03:19:47,540
FROV00001,FrozenEngine,1394,10/11/2024, 04:18:01,540
FROV00001,FrozenEngine,1394,10/11/2024, 05:14:46,540
FROV00001,FrozenEngine,1394,10/11/2024, 06:20:50,540
FROV00001,FrozenEngine,1394,10/11/2024, 07:14:56,540
FROV00001,FrozenEngine,1394,10/11/2024, 08:19:13,540
FROV00001,FrozenEngine,1394,10/11/2024, 09:16:16,540
FROV00001,FrozenEngine,1394,10/11/2024, 10:15:19,540
FROV00001,FrozenEngine,1394,10/11/2024, 11:13:27,540
FROV00001,FrozenEngine,1394,10/11/2024, 12:27:58,540
FROV00001,FrozenEngine,1394,10/11/2024, 13:20:58,540
FROV00001,FrozenEngine,1394,10/11/2024, 14:14:30,540
FROV00001,FrozenEngine,1394,10/11/2024, 15:15:16,540
FROV00001,FrozenEngine,1394,10/11/2024, 16:18:07,540
FROV00001,FrozenEngine,1394,10/11/2024, 17:13:24,540
FROV00001,FrozenEngine,1394,10/11/2024, 18:19:17,540
FROV00001,FrozenEngine,1394,10/11/2024, 19:12:30,540
FROV00001,FrozenEngine,1394,10/11/2024, 20:15:36,540
FROV00001,FrozenEngine,1394,10/11/2024, 21:15:36,540
FROV00001,FrozenEngine,1394,10/11/2024, 22:13:45,540
FROV00001,FrozenEngine,1394,10/11/2024, 23:14:13,540
FROV00001,FrozenEngine,1394,10/12/2024, 01:04:07,540
FROV00001,FrozenEngine,1394,10/12/2024, 02:43:14,540
FROV00001,FrozenEngine,1394,10/12/2024, 03:18:53,540
FROV00001,FrozenEngine,1394,10/12/2024, 04:17:27,540
FROV00001,FrozenEngine,1394,10/12/2024, 05:14:34,540
FROV00001,FrozenEngine,1394,10/12/2024, 06:18:55,540
FROV00001,FrozenEngine,1394,10/12/2024, 07:13:04,540
FROV00001,FrozenEngine,1394,10/12/2024, 08:17:38,540
FROV00001,FrozenEngine,1394,10/12/2024, 09:15:51,540
FROV00001,FrozenEngine,1394,10/12/2024, 10:14:26,540
FROV00001,FrozenEngine,1394,10/12/2024, 11:12:52,540
FROV00001,FrozenEngine,1394,10/12/2024, 12:25:27,540
FROV00001,FrozenEngine,1394,10/12/2024, 13:18:41,540
FROV00001,FrozenEngine,1394,10/12/2024, 14:12:28,540
FROV00001,FrozenEngine,1395,10/12/2024, 15:14:34,540
FROV00001,FrozenEngine,1395,10/12/2024, 16:17:19,540
FROV00001,FrozenEngine,1395,10/12/2024, 17:12:23,540
FROV00001,FrozenEngine,1395,10/12/2024, 18:17:40,540
FROV00001,FrozenEngine,1395,10/12/2024, 19:11:16,540
FROV00001,FrozenEngine,1395,10/12/2024, 20:15:11,540
FROV00001,FrozenEngine,1395,10/12/2024, 21:15:05,540
FROV00001,FrozenEngine,1395,10/12/2024, 22:13:31,540
FROV00001,FrozenEngine,1395,10/12/2024, 23:14:01,540
FROV00001,FrozenEngine,1395,10/13/2024, 01:10:30,540
FROV00001,FrozenEngine,1395,10/13/2024, 02:52:25,540
FROV00001,FrozenEngine,1395,10/13/2024, 03:22:26,540
FROV00001,FrozenEngine,1395,10/13/2024, 04:17:16,540
FROV00001,FrozenEngine,1395,10/13/2024, 05:15:06,540
FROV00001,FrozenEngine,1395,10/13/2024, 06:19:45,540
FROV00001,FrozenEngine,1395,10/13/2024, 07:13:08,540
FROV00001,FrozenEngine,1395,10/13/2024, 08:17:49,540
FROV00001,FrozenEngine,1395,10/13/2024, 09:14:49,540
FROV00001,FrozenEngine,1395,10/13/2024, 10:14:15,540
FROV00001,FrozenEngine,1395,10/13/2024, 11:11:47,540
FROV00001,FrozenEngine,1395,10/13/2024, 12:25:50,540
FROV00001,FrozenEngine,1395,10/13/2024, 13:19:43,540
FROV00001,FrozenEngine,1395,10/13/2024, 14:12:35,540
FROV00001,FrozenEngine,1395,10/13/2024, 15:14:36,540
FROV00001,FrozenEngine,1395,10/13/2024, 16:16:46,540
FROV00001,FrozenEngine,1395,10/13/2024, 17:12:22,540
FROV00001,FrozenEngine,1395,10/13/2024, 18:18:26,540
FROV00001,FrozenEngine,1395,10/13/2024, 19:13:08,540
FROV00001,FrozenEngine,1395,10/13/2024, 20:15:18,540
FROV00001,FrozenEngine,1395,10/13/2024, 21:14:25,540
FROV00001,FrozenEngine,1395,10/13/2024, 22:13:21,540
FROV00001,FrozenEngine,1395,10/13/2024, 23:14:32,540
FROV00001,FrozenEngine,1395,10/14/2024, 01:07:48,540
FROV00001,FrozenEngine,1395,10/14/2024, 02:51:41,540
FROV00001,FrozenEngine,1395,10/14/2024, 03:23:45,540
FROV00001,FrozenEngine,1395,10/14/2024, 04:18:25,540
FROV00001,FrozenEngine,1395,10/14/2024, 05:15:48,540
FROV00001,FrozenEngine,1395,10/14/2024, 06:21:32,540
FROV00001,FrozenEngine,1395,10/14/2024, 07:16:31,540
FROV00001,FrozenEngine,1395,10/14/2024, 08:20:13,540
FROV00001,FrozenEngine,1395,10/14/2024, 09:16:54,540
FROV00001,FrozenEngine,1395,10/14/2024, 10:16:33,540
FROV00001,FrozenEngine,1395,10/14/2024, 11:13:47,540
FROV00001,FrozenEngine,1395,10/14/2024, 12:29:06,540
FROV00001,FrozenEngine,1395,10/14/2024, 13:24:12,540
FROV00001,FrozenEngine,1395,10/14/2024, 14:14:53,540
FROV00001,FrozenEngine,1395,10/14/2024, 15:15:45,540
FROV00001,FrozenEngine,1395,10/14/2024, 16:17:44,540
FROV00001,FrozenEngine,1395,10/14/2024, 17:13:32,540
FROV00001,FrozenEngine,1395,10/14/2024, 18:19:37,540
FROV00001,FrozenEngine,1395,10/14/2024, 19:12:16,540
FROV00001,FrozenEngine,1395,10/14/2024, 20:16:42,540
FROV00001,FrozenEngine,1395,10/14/2024, 21:13:50,540
FROV00001,FrozenEngine,1395,10/14/2024, 22:15:48,540
FROV00001,FrozenEngine,1395,10/14/2024, 23:14:26,540
FROV00001,FrozenEngine,1395,10/15/2024, 01:06:42,540
FROV00001,FrozenEngine,1395,10/15/2024, 02:49:44,540
FROV00001,FrozenEngine,1395,10/15/2024, 03:21:59,540
FROV00001,FrozenEngine,1395,10/15/2024, 04:18:16,540
FROV00001,FrozenEngine,1395,10/15/2024, 05:15:56,540
FROV00001,FrozenEngine,1395,10/15/2024, 06:20:56,540
FROV00001,FrozenEngine,1395,10/15/2024, 07:15:33,540
FROV00001,FrozenEngine,1395,10/15/2024, 08:19:44,540
FROV00001,FrozenEngine,1395,10/15/2024, 09:16:12,540
FROV00001,FrozenEngine,1395,10/15/2024, 10:17:17,540
FROV00001,FrozenEngine,1395,10/15/2024, 11:13:13,540
FROV00001,FrozenEngine,1395,10/15/2024, 12:28:58,540
FROV00001,FrozenEngine,1395,10/15/2024, 13:23:43,540
FROV00001,FrozenEngine,1395,10/15/2024, 14:14:33,540
FROV00001,FrozenEngine,1395,10/15/2024, 15:16:01,540
FROV00001,FrozenEngine,1395,10/15/2024, 16:18:31,540
FROV00001,FrozenEngine,1395,10/15/2024, 17:14:45,540
FROV00001,FrozenEngine,1395,10/15/2024, 18:19:44,540
FROV00001,FrozenEngine,1395,10/15/2024, 19:13:26,540
FROV00001,FrozenEngine,1395,10/15/2024, 20:16:02,540
FROV00001,FrozenEngine,1395,10/15/2024, 21:14:43,540
FROV00001,FrozenEngine,1395,10/15/2024, 22:14:25,540
FROV00001,FrozenEngine,1395,10/15/2024, 23:16:07,540
FROV00001,FrozenEngine,1395,10/16/2024, 01:06:47,540
FROV00001,FrozenEngine,1395,10/16/2024, 02:50:53,540
FROV00001,FrozenEngine,1395,10/16/2024, 03:22:44,540
FROV00001,FrozenEngine,1395,10/16/2024, 04:18:38,540
FROV00001,FrozenEngine,1395,10/16/2024, 05:15:17,540
FROV00001,FrozenEngine,1395,10/16/2024, 06:21:16,540
FROV00001,FrozenEngine,1395,10/16/2024, 07:15:08,540
FROV00001,FrozenEngine,1395,10/16/2024, 08:19:43,540
FROV00001,FrozenEngine,1395,10/16/2024, 09:16:42,540
FROV00001,FrozenEngine,1395,10/16/2024, 10:15:54,540
FROV00001,FrozenEngine,1395,10/16/2024, 11:13:32,540
FROV00001,FrozenEngine,1395,10/16/2024, 12:28:37,540
FROV00001,FrozenEngine,1395,10/16/2024, 13:23:13,540
FROV00001,FrozenEngine,1395,10/16/2024, 14:14:14,540
FROV00001,FrozenEngine,1395,10/16/2024, 15:16:23,540
FROV00001,FrozenEngine,1395,10/16/2024, 16:16:47,540
FROV00001,FrozenEngine,1395,10/16/2024, 17:14:22,540
FROV00001,FrozenEngine,1395,10/16/2024, 18:19:52,540
FROV00001,FrozenEngine,1395,10/16/2024, 19:12:27,540
FROV00001,FrozenEngine,1395,10/16/2024, 20:16:11,540
FROV00001,FrozenEngine,1395,10/16/2024, 21:14:43,540
FROV00001,FrozenEngine,1395,10/16/2024, 22:14:21,540
FROV00001,FrozenEngine,1395,10/16/2024, 23:15:37,540
FROV00001,FrozenEngine,1395,10/17/2024, 01:05:56,540
FROV00001,FrozenEngine,1395,10/17/2024, 02:48:04,540
FROV00001,FrozenEngine,1395,10/17/2024, 03:20:52,540
FROV00001,FrozenEngine,1395,10/17/2024, 04:18:19,540
FROV00001,FrozenEngine,1395,10/17/2024, 05:15:17,540
FROV00001,FrozenEngine,1395,10/17/2024, 06:20:57,540
FROV00001,FrozenEngine,1395,10/17/2024, 07:15:26,540
FROV00001,FrozenEngine,1395,10/17/2024, 08:19:44,540
FROV00001,FrozenEngine,1395,10/17/2024, 09:16:28,540
FROV00001,FrozenEngine,1395,10/17/2024, 10:15:49,540
FROV00001,FrozenEngine,1395,10/17/2024, 11:13:10,540
FROV00001,FrozenEngine,1395,10/17/2024, 12:28:22,540
FROV00001,FrozenEngine,1395,10/17/2024, 13:23:20,540
FROV00001,FrozenEngine,1395,10/17/2024, 14:14:51,540
FROV00001,FrozenEngine,1395,10/17/2024, 15:14:45,540
FROV00001,FrozenEngine,1395,10/17/2024, 16:19:34,540
FROV00001,FrozenEngine,1395,10/17/2024, 17:13:40,540
FROV00001,FrozenEngine,1395,10/17/2024, 18:18:33,540
FROV00001,FrozenEngine,1395,10/17/2024, 19:13:04,540
FROV00001,FrozenEngine,1395,10/17/2024, 20:16:14,540
FROV00001,FrozenEngine,1395,10/17/2024, 21:14:42,540
FROV00001,FrozenEngine,1395,10/17/2024, 22:14:46,540
FROV00001,FrozenEngine,1395,10/17/2024, 23:15:33,540
FROV00001,FrozenEngine,1395,10/18/2024, 01:06:04,540
FROV00001,FrozenEngine,1395,10/18/2024, 02:49:33,540
FROV00001,FrozenEngine,1395,10/18/2024, 03:23:00,540
FROV00001,FrozenEngine,1395,10/18/2024, 04:18:39,540
FROV00001,FrozenEngine,1395,10/18/2024, 05:15:12,540
FROV00001,FrozenEngine,1395,10/18/2024, 06:21:09,540
FROV00001,FrozenEngine,1395,10/18/2024, 07:14:49,540
FROV00001,FrozenEngine,1395,10/18/2024, 08:19:36,540
FROV00001,FrozenEngine,1395,10/18/2024, 09:16:37,540
FROV00001,FrozenEngine,1395,10/18/2024, 10:16:50,540
FROV00001,FrozenEngine,1395,10/18/2024, 11:13:18,540
FROV00001,FrozenEngine,1395,10/18/2024, 12:27:59,540
FROV00001,FrozenEngine,1395,10/18/2024, 13:22:43,540
FROV00001,FrozenEngine,1395,10/18/2024, 14:14:09,540
FROV00001,FrozenEngine,1395,10/18/2024, 15:15:47,540
FROV00001,FrozenEngine,1395,10/18/2024, 16:18:17,540
FROV00001,FrozenEngine,1395,10/18/2024, 17:14:10,540
FROV00001,FrozenEngine,1395,10/18/2024, 18:19:56,540
FROV00001,FrozenEngine,1395,10/18/2024, 19:13:00,540
FROV00001,FrozenEngine,1395,10/18/2024, 20:15:35,540
FROV00001,FrozenEngine,1395,10/18/2024, 21:14:54,540
FROV00001,FrozenEngine,1395,10/18/2024, 22:13:48,540
FROV00001,FrozenEngine,1395,10/18/2024, 23:14:28,540
FROV00001,FrozenEngine,1395,10/19/2024, 01:05:26,540
FROV00001,FrozenEngine,1395,10/19/2024, 02:44:54,540
FROV00001,FrozenEngine,1395,10/19/2024, 03:19:30,540
FROV00001,FrozenEngine,1395,10/19/2024, 04:17:39,540
FROV00001,FrozenEngine,1395,10/19/2024, 05:14:02,540
FROV00001,FrozenEngine,1395,10/19/2024, 06:18:59,540
FROV00001,FrozenEngine,1395,10/19/2024, 07:15:01,540
FROV00001,FrozenEngine,1395,10/19/2024, 08:17:35,540
FROV00001,FrozenEngine,1395,10/19/2024, 09:14:24,540
FROV00001,FrozenEngine,1395,10/19/2024, 10:14:25,540
FROV00001,FrozenEngine,1395,10/19/2024, 11:11:44,540
FROV00001,FrozenEngine,1395,10/19/2024, 12:26:24,540
FROV00001,FrozenEngine,1395,10/19/2024, 13:19:14,540
FROV00001,FrozenEngine,1395,10/19/2024, 14:13:55,540
FROV00001,FrozenEngine,1395,10/19/2024, 15:14:12,540
FROV00001,FrozenEngine,1395,10/19/2024, 16:16:50,540
FROV00001,FrozenEngine,1395,10/19/2024, 17:13:33,540
FROV00001,FrozenEngine,1395,10/19/2024, 18:18:09,540
FROV00001,FrozenEngine,1395,10/19/2024, 19:12:15,540
FROV00001,FrozenEngine,1395,10/19/2024, 20:15:30,540
FROV00001,FrozenEngine,1395,10/19/2024, 21:14:03,540
FROV00001,FrozenEngine,1395,10/19/2024, 22:14:46,540
FROV00001,FrozenEngine,1395,10/19/2024, 23:14:25,540
FROV00001,FrozenEngine,1395,10/20/2024, 01:12:03,540
FROV00001,FrozenEngine,1395,10/20/2024, 02:54:39,540
FROV00001,FrozenEngine,1395,10/20/2024, 03:25:23,540
FROV00001,FrozenEngine,1395,10/20/2024, 04:17:50,540
FROV00001,FrozenEngine,1395,10/20/2024, 05:14:09,540
FROV00001,FrozenEngine,1395,10/20/2024, 06:19:56,540
FROV00001,FrozenEngine,1395,10/20/2024, 07:13:55,540
FROV00001,FrozenEngine,1395,10/20/2024, 08:19:09,540
FROV00001,FrozenEngine,1395,10/20/2024, 09:14:50,540
FROV00001,FrozenEngine,1395,10/20/2024, 10:15:30,540
FROV00001,FrozenEngine,1395,10/20/2024, 11:13:58,540
FROV00001,FrozenEngine,1395,10/20/2024, 12:27:26,540
FROV00001,FrozenEngine,1395,10/20/2024, 13:19:55,540
FROV00001,FrozenEngine,1395,10/20/2024, 14:13:39,540
FROV00001,FrozenEngine,1395,10/20/2024, 15:15:06,540
FROV00001,FrozenEngine,1395,10/20/2024, 16:16:48,540
FROV00001,FrozenEngine,1395,10/20/2024, 17:13:47,540
FROV00001,FrozenEngine,1395,10/20/2024, 18:18:12,540
FROV00001,FrozenEngine,1395,10/20/2024, 19:11:26,540
FROV00001,FrozenEngine,1395,10/20/2024, 20:14:51,540
FROV00001,FrozenEngine,1395,10/20/2024, 21:13:44,540
FROV00001,FrozenEngine,1395,10/20/2024, 22:14:34,540
FROV00001,FrozenEngine,1395,10/20/2024, 23:15:10,540
FROV00001,FrozenEngine,1395,10/21/2024, 01:08:08,540
FROV00001,FrozenEngine,1395,10/21/2024, 02:52:08,540
FROV00001,FrozenEngine,1395,10/21/2024, 03:24:24,540
FROV00001,FrozenEngine,1395,10/21/2024, 04:18:22,540
FROV00001,FrozenEngine,1395,10/21/2024, 05:15:41,540
FROV00001,FrozenEngine,1395,10/21/2024, 06:21:53,540
FROV00001,FrozenEngine,1395,10/21/2024, 07:16:09,540
FROV00001,FrozenEngine,1395,10/21/2024, 08:20:11,540
FROV00001,FrozenEngine,1395,10/21/2024, 09:17:05,540
FROV00001,FrozenEngine,1395,10/21/2024, 10:16:50,540
FROV00001,FrozenEngine,1395,10/21/2024, 11:14:04,540
FROV00001,FrozenEngine,1395,10/21/2024, 12:28:53,540
FROV00001,FrozenEngine,1395,10/21/2024, 13:24:39,540
FROV00001,FrozenEngine,1395,10/21/2024, 14:14:36,540
FROV00001,FrozenEngine,1395,10/21/2024, 15:16:50,540
FROV00001,FrozenEngine,1395,10/21/2024, 16:17:59,540
FROV00001,FrozenEngine,1395,10/21/2024, 17:13:45,540
FROV00001,FrozenEngine,1395,10/21/2024, 18:20:23,540
FROV00001,FrozenEngine,1395,10/21/2024, 19:12:32,540
FROV00001,FrozenEngine,1395,10/21/2024, 20:16:51,540
FROV00001,FrozenEngine,1395,10/21/2024, 21:14:08,540
FROV00001,FrozenEngine,1395,10/21/2024, 22:14:20,540
FROV00001,FrozenEngine,1395,10/21/2024, 23:14:38,540
FROV00001,FrozenEngine,1395,10/22/2024, 01:06:49,540
FROV00001,FrozenEngine,1395,10/22/2024, 02:49:18,540
FROV00001,FrozenEngine,1395,10/22/2024, 03:21:46,540
FROV00001,FrozenEngine,1395,10/22/2024, 04:18:57,540
FROV00001,FrozenEngine,1395,10/22/2024, 05:14:54,540
FROV00001,FrozenEngine,1395,10/22/2024, 06:21:17,540
FROV00001,FrozenEngine,1395,10/22/2024, 07:15:45,540
FROV00001,FrozenEngine,1395,10/22/2024, 08:19:49,540
FROV00001,FrozenEngine,1395,10/22/2024, 09:15:55,540
FROV00001,FrozenEngine,1395,10/22/2024, 10:16:06,540
FROV00001,FrozenEngine,1395,10/22/2024, 11:13:25,540
FROV00001,FrozenEngine,1395,10/22/2024, 12:28:44,540
FROV00001,FrozenEngine,1395,10/22/2024, 13:24:10,540
FROV00001,FrozenEngine,1395,10/22/2024, 14:14:32,540
FROV00001,FrozenEngine,1395,10/22/2024, 15:16:00,540
FROV00001,FrozenEngine,1395,10/22/2024, 16:18:15,540
FROV00001,FrozenEngine,1395,10/22/2024, 17:13:42,540
FROV00001,FrozenEngine,1395,10/22/2024, 18:19:39,540
FROV00001,FrozenEngine,1395,10/22/2024, 19:13:38,540
FROV00001,FrozenEngine,1395,10/22/2024, 20:16:11,540
FROV00001,FrozenEngine,1395,10/22/2024, 21:14:16,540
FROV00001,FrozenEngine,1395,10/22/2024, 22:15:11,540
FROV00001,FrozenEngine,1395,10/22/2024, 23:15:57,540
FROV00001,FrozenEngine,1395,10/23/2024, 01:05:40,540
FROV00001,FrozenEngine,1395,10/23/2024, 02:47:28,540
FROV00001,FrozenEngine,1395,10/23/2024, 03:20:50,540
FROV00001,FrozenEngine,1395,10/23/2024, 04:18:21,540
FROV00001,FrozenEngine,1395,10/23/2024, 05:15:13,540
FROV00001,FrozenEngine,1395,10/23/2024, 06:21:25,540
FROV00001,FrozenEngine,1395,10/23/2024, 07:15:56,540
FROV00001,FrozenEngine,1395,10/23/2024, 08:19:47,540
FROV00001,FrozenEngine,1395,10/23/2024, 09:16:18,540
FROV00001,FrozenEngine,1395,10/23/2024, 10:15:55,540
FROV00001,FrozenEngine,1395,10/23/2024, 11:12:56,540
FROV00001,FrozenEngine,1395,10/23/2024, 12:28:44,540
FROV00001,FrozenEngine,1395,10/23/2024, 13:23:13,540
FROV00001,FrozenEngine,1395,10/23/2024, 14:14:34,540
FROV00001,FrozenEngine,1395,10/23/2024, 15:15:46,540
FROV00001,FrozenEngine,1395,10/23/2024, 16:18:39,540
FROV00001,FrozenEngine,1395,10/23/2024, 17:14:22,540
FROV00001,FrozenEngine,1395,10/23/2024, 18:19:49,540
FROV00001,FrozenEngine,1395,10/23/2024, 19:12:23,540
FROV00001,FrozenEngine,1395,10/23/2024, 20:16:58,540
FROV00001,FrozenEngine,1395,10/23/2024, 21:14:18,540
FROV00001,FrozenEngine,1395,10/23/2024, 22:14:43,540
FROV00001,FrozenEngine,1395,10/23/2024, 23:14:45,540
FROV00001,FrozenEngine,1395,10/24/2024, 01:05:50,540
FROV00001,FrozenEngine,1395,10/24/2024, 02:47:21,540
FROV00001,FrozenEngine,1395,10/24/2024, 03:20:50,540
FROV00001,FrozenEngine,1395,10/24/2024, 04:18:37,540
FROV00001,FrozenEngine,1395,10/24/2024, 05:15:07,540
FROV00001,FrozenEngine,1395,10/24/2024, 06:21:21,540
FROV00001,FrozenEngine,1395,10/24/2024, 07:14:53,540
FROV00001,FrozenEngine,1395,10/24/2024, 08:19:32,540
FROV00001,FrozenEngine,1395,10/24/2024, 09:16:08,540
FROV00001,FrozenEngine,1395,10/24/2024, 10:15:37,540
FROV00001,FrozenEngine,1395,10/24/2024, 11:13:20,540
FROV00001,FrozenEngine,1395,10/24/2024, 12:28:44,540
FROV00001,FrozenEngine,1395,10/24/2024, 13:23:16,540
FROV00001,FrozenEngine,1395,10/24/2024, 14:14:42,540
FROV00001,FrozenEngine,1395,10/24/2024, 15:16:24,540
FROV00001,FrozenEngine,1395,10/24/2024, 16:17:35,540
FROV00001,FrozenEngine,1395,10/24/2024, 17:13:50,540
FROV00001,FrozenEngine,1395,10/24/2024, 18:19:42,540
FROV00001,FrozenEngine,1395,10/24/2024, 19:12:22,540
FROV00001,FrozenEngine,1395,10/24/2024, 20:16:42,540
FROV00001,FrozenEngine,1395,10/24/2024, 21:18:47,540
FROV00001,FrozenEngine,1395,10/24/2024, 22:14:01,540
FROV00001,FrozenEngine,1395,10/24/2024, 23:15:33,540
FROV00001,FrozenEngine,1395,10/25/2024, 01:06:34,540
FROV00001,FrozenEngine,1395,10/25/2024, 02:49:40,540
FROV00001,FrozenEngine,1395,10/25/2024, 03:22:31,540
FROV00001,FrozenEngine,1395,10/25/2024, 04:20:14,540
FROV00001,FrozenEngine,1395,10/25/2024, 05:15:45,540
FROV00001,FrozenEngine,1395,10/25/2024, 06:20:55,540
FROV00001,FrozenEngine,1395,10/25/2024, 07:14:58,540
FROV00001,FrozenEngine,1395,10/25/2024, 08:19:58,540
FROV00001,FrozenEngine,1395,10/25/2024, 09:16:33,540
FROV00001,FrozenEngine,1395,10/25/2024, 10:16:16,540
FROV00001,FrozenEngine,1395,10/25/2024, 11:13:04,540
FROV00001,FrozenEngine,1395,10/25/2024, 12:28:24,540
FROV00001,FrozenEngine,1395,10/25/2024, 13:22:54,540
FROV00001,FrozenEngine,1397,10/25/2024, 14:14:39,540
FROV00001,FrozenEngine,1397,10/25/2024, 15:15:30,540
FROV00001,FrozenEngine,1397,10/25/2024, 16:18:33,540
FROV00001,FrozenEngine,1397,10/25/2024, 17:14:32,540
FROV00001,FrozenEngine,1397,10/25/2024, 18:19:59,540
FROV00001,FrozenEngine,1397,10/25/2024, 19:12:28,540
FROV00001,FrozenEngine,1397,10/25/2024, 20:16:27,540
FROV00001,FrozenEngine,1397,10/25/2024, 21:14:26,540
FROV00001,FrozenEngine,1397,10/25/2024, 22:14:04,540
FROV00001,FrozenEngine,1397,10/25/2024, 23:15:22,540
FROV00001,FrozenEngine,1397,10/26/2024, 01:04:26,540
FROV00001,FrozenEngine,1397,10/26/2024, 02:43:58,540
FROV00001,FrozenEngine,1397,10/26/2024, 03:18:33,540
FROV00001,FrozenEngine,1397,10/26/2024, 04:18:06,540
FROV00001,FrozenEngine,1397,10/26/2024, 05:14:15,540
FROV00001,FrozenEngine,1397,10/26/2024, 06:19:24,540
FROV00001,FrozenEngine,1397,10/26/2024, 07:13:37,540
FROV00001,FrozenEngine,1397,10/26/2024, 08:17:57,540
FROV00001,FrozenEngine,1397,10/26/2024, 09:14:49,540
FROV00001,FrozenEngine,1397,10/26/2024, 10:16:16,540
FROV00001,FrozenEngine,1397,10/26/2024, 11:12:36,540
FROV00001,FrozenEngine,1397,10/26/2024, 12:26:05,540
FROV00001,FrozenEngine,1397,10/26/2024, 13:19:12,540
FROV00001,FrozenEngine,1397,10/26/2024, 14:12:41,540
FROV00001,FrozenEngine,1397,10/26/2024, 15:14:14,540
FROV00001,FrozenEngine,1397,10/26/2024, 16:16:49,540
FROV00001,FrozenEngine,1397,10/26/2024, 17:13:16,540
FROV00001,FrozenEngine,1397,10/26/2024, 18:18:29,540
FROV00001,FrozenEngine,1397,10/26/2024, 19:11:26,540
FROV00001,FrozenEngine,1397,10/26/2024, 20:14:35,540
FROV00001,FrozenEngine,1397,10/26/2024, 21:13:14,540
FROV00001,FrozenEngine,1397,10/26/2024, 22:13:29,540
FROV00001,FrozenEngine,1397,10/26/2024, 23:14:11,540
FROV00001,FrozenEngine,1397,10/27/2024, 01:11:19,540
FROV00001,FrozenEngine,1397,10/27/2024, 02:53:50,540
FROV00001,FrozenEngine,1397,10/27/2024, 03:24:14,540
FROV00001,FrozenEngine,1397,10/27/2024, 04:17:43,540
FROV00001,FrozenEngine,1397,10/27/2024, 05:15:11,540
FROV00001,FrozenEngine,1397,10/27/2024, 06:19:46,540
FROV00001,FrozenEngine,1397,10/27/2024, 07:14:26,540
FROV00001,FrozenEngine,1397,10/27/2024, 08:19:36,540
FROV00001,FrozenEngine,1397,10/27/2024, 09:14:46,540
FROV00001,FrozenEngine,1397,10/27/2024, 10:14:40,540
FROV00001,FrozenEngine,1397,10/27/2024, 11:11:41,540
FROV00001,FrozenEngine,1397,10/27/2024, 12:26:04,540
FROV00001,FrozenEngine,1397,10/27/2024, 13:19:33,540
FROV00001,FrozenEngine,1397,10/27/2024, 14:14:06,540
FROV00001,FrozenEngine,1397,10/27/2024, 15:14:25,540
FROV00001,FrozenEngine,1397,10/27/2024, 16:17:06,540
FROV00001,FrozenEngine,1397,10/27/2024, 17:13:49,540
FROV00001,FrozenEngine,1397,10/27/2024, 18:18:36,540
FROV00001,FrozenEngine,1397,10/27/2024, 19:12:26,540
FROV00001,FrozenEngine,1397,10/27/2024, 20:15:39,540
FROV00001,FrozenEngine,1397,10/27/2024, 21:13:16,540
FROV00001,FrozenEngine,1397,10/27/2024, 22:14:31,540
FROV00001,FrozenEngine,1397,10/27/2024, 23:15:15,540
FROV00001,FrozenEngine,1397,10/28/2024, 01:09:24,540
FROV00001,FrozenEngine,1397,10/28/2024, 02:53:57,540
FROV00001,FrozenEngine,1397,10/28/2024, 03:25:48,540
FROV00001,FrozenEngine,1397,10/28/2024, 04:19:03,540
FROV00001,FrozenEngine,1397,10/28/2024, 05:16:01,540
FROV00001,FrozenEngine,1397,10/28/2024, 06:22:06,540
FROV00001,FrozenEngine,1397,10/28/2024, 07:15:26,540
FROV00001,FrozenEngine,1397,10/28/2024, 08:20:36,540
FROV00001,FrozenEngine,1397,10/28/2024, 09:17:11,540
FROV00001,FrozenEngine,1397,10/28/2024, 10:17:10,540
FROV00001,FrozenEngine,1397,10/28/2024, 11:14:11,540
FROV00001,FrozenEngine,1397,10/28/2024, 12:29:40,540
FROV00001,FrozenEngine,1397,10/28/2024, 13:24:36,540
FROV00001,FrozenEngine,1397,10/28/2024, 14:14:52,540
FROV00001,FrozenEngine,1397,10/28/2024, 15:17:00,540
FROV00001,FrozenEngine,1397,10/28/2024, 16:18:46,540
FROV00001,FrozenEngine,1397,10/28/2024, 17:14:03,540
FROV00001,FrozenEngine,1397,10/28/2024, 18:20:27,540
FROV00001,FrozenEngine,1397,10/28/2024, 19:12:54,540
FROV00001,FrozenEngine,1397,10/28/2024, 20:16:56,540
FROV00001,FrozenEngine,1397,10/28/2024, 21:14:19,540
FROV00001,FrozenEngine,1397,10/28/2024, 22:14:31,540
FROV00001,FrozenEngine,1397,10/28/2024, 23:14:28,540
FROV00001,FrozenEngine,1397,10/29/2024, 01:08:00,540
FROV00001,FrozenEngine,1397,10/29/2024, 02:50:54,540
FROV00001,FrozenEngine,1397,10/29/2024, 03:22:53,540
FROV00001,FrozenEngine,1397,10/29/2024, 04:18:45,540
FROV00001,FrozenEngine,1397,10/29/2024, 05:15:31,540
FROV00001,FrozenEngine,1397,10/29/2024, 06:21:26,540
FROV00001,FrozenEngine,1397,10/29/2024, 07:15:54,540
FROV00001,FrozenEngine,1397,10/29/2024, 08:19:39,540
FROV00001,FrozenEngine,1397,10/29/2024, 09:16:48,540
FROV00001,FrozenEngine,1397,10/29/2024, 10:16:52,540
FROV00001,FrozenEngine,1397,10/29/2024, 11:13:32,540
FROV00001,FrozenEngine,1397,10/29/2024, 12:29:19,540
FROV00001,FrozenEngine,1397,10/29/2024, 13:24:01,540
FROV00001,FrozenEngine,1397,10/29/2024, 14:14:37,540
FROV00001,FrozenEngine,1397,10/29/2024, 15:16:17,540
FROV00001,FrozenEngine,1397,10/29/2024, 16:18:58,540
FROV00001,FrozenEngine,1397,10/29/2024, 17:14:11,540
FROV00001,FrozenEngine,1397,10/29/2024, 18:20:31,540
FROV00001,FrozenEngine,1397,10/29/2024, 19:13:27,540
FROV00001,FrozenEngine,1397,10/29/2024, 20:16:34,540
FROV00001,FrozenEngine,1397,10/29/2024, 21:14:25,540
FROV00001,FrozenEngine,1397,10/29/2024, 22:14:29,540
FROV00001,FrozenEngine,1397,10/29/2024, 23:14:45,540
FROV00001,FrozenEngine,1397,10/30/2024, 01:06:52,540
FROV00001,FrozenEngine,1397,10/30/2024, 02:49:50,540
FROV00001,FrozenEngine,1397,10/30/2024, 03:22:32,540
FROV00001,FrozenEngine,1397,10/30/2024, 04:18:53,540
FROV00001,FrozenEngine,1397,10/30/2024, 05:15:46,540
FROV00001,FrozenEngine,1397,10/30/2024, 07:14:47,540
FROV00001,FrozenEngine,1397,10/30/2024, 08:21:29,540
FROV00001,FrozenEngine,1397,10/30/2024, 09:16:28,540
FROV00001,FrozenEngine,1397,10/30/2024, 10:16:53,540
FROV00001,FrozenEngine,1397,10/30/2024, 11:13:15,540
FROV00001,FrozenEngine,1397,10/30/2024, 12:29:24,540
FROV00001,FrozenEngine,1397,10/30/2024, 13:23:35,540
FROV00001,FrozenEngine,1397,10/30/2024, 14:14:31,540
FROV00001,FrozenEngine,1397,10/30/2024, 15:15:59,540
FROV00001,FrozenEngine,1397,10/30/2024, 16:18:36,540
FROV00001,FrozenEngine,1397,10/30/2024, 17:14:24,540
FROV00001,FrozenEngine,1397,10/30/2024, 18:20:47,540
FROV00001,FrozenEngine,1397,10/30/2024, 19:13:42,540
FROV00001,FrozenEngine,1397,10/30/2024, 20:16:15,540
FROV00001,FrozenEngine,1397,10/30/2024, 21:14:32,540
FROV00001,FrozenEngine,1397,10/30/2024, 22:14:19,540
FROV00001,FrozenEngine,1397,10/30/2024, 23:14:54,540
FROV00001,FrozenEngine,1397,10/31/2024, 01:07:27,540
FROV00001,FrozenEngine,1397,10/31/2024, 02:51:26,540
FROV00001,FrozenEngine,1397,10/31/2024, 03:23:04,540
FROV00001,FrozenEngine,1397,10/31/2024, 04:19:16,540
FROV00001,FrozenEngine,1397,10/31/2024, 05:15:58,540
FROV00001,FrozenEngine,1397,10/31/2024, 06:20:38,540
FROV00001,FrozenEngine,1397,10/31/2024, 07:14:57,540
FROV00001,FrozenEngine,1397,10/31/2024, 08:17:53,540
FROV00001,FrozenEngine,1397,10/31/2024, 09:15:56,540
FROV00001,FrozenEngine,1397,10/31/2024, 10:16:24,540
FROV00001,FrozenEngine,1397,10/31/2024, 11:13:04,540
FROV00001,FrozenEngine,1397,10/31/2024, 12:28:27,540
FROV00001,FrozenEngine,1397,10/31/2024, 13:22:55,540
FROV00001,FrozenEngine,1397,10/31/2024, 14:14:58,540
FROV00001,FrozenEngine,1397,10/31/2024, 15:16:26,540
FROV00001,FrozenEngine,1397,10/31/2024, 16:18:45,540
FROV00001,FrozenEngine,1397,10/31/2024, 17:14:47,540
FROV00001,FrozenEngine,1397,10/31/2024, 18:20:07,540
FROV00001,FrozenEngine,1397,10/31/2024, 19:11:39,540
FROV00001,FrozenEngine,1397,10/31/2024, 20:15:37,540
FROV00001,FrozenEngine,1397,10/31/2024, 21:15:17,540
FROV00001,FrozenEngine,1397,10/31/2024, 22:14:25,540
FROV00001,FrozenEngine,1397,10/31/2024, 23:16:40,540
FROV00001,FrozenEngine,1397,11/01/2024, 01:12:10,540
FROV00001,FrozenEngine,1397,11/01/2024, 02:58:15,540
FROV00001,FrozenEngine,1397,11/01/2024, 03:31:53,540
FROV00001,FrozenEngine,1397,11/01/2024, 04:18:22,540
FROV00001,FrozenEngine,1397,11/01/2024, 05:15:29,540
FROV00001,FrozenEngine,1397,11/01/2024, 06:22:10,540
FROV00001,FrozenEngine,1397,11/01/2024, 07:15:04,540
FROV00001,FrozenEngine,1397,11/01/2024, 08:18:56,540
FROV00001,FrozenEngine,1397,11/01/2024, 09:15:49,540
FROV00001,FrozenEngine,1397,11/01/2024, 10:16:48,540
FROV00001,FrozenEngine,1397,11/01/2024, 11:13:19,540
FROV00001,FrozenEngine,1397,11/01/2024, 12:27:43,540
FROV00001,FrozenEngine,1397,11/01/2024, 13:22:09,540
FROV00001,FrozenEngine,1397,11/01/2024, 14:14:18,540
FROV00001,FrozenEngine,1397,11/01/2024, 15:15:52,540
FROV00001,FrozenEngine,1397,11/01/2024, 16:18:19,540
FROV00001,FrozenEngine,1397,11/01/2024, 17:14:24,540
FROV00001,FrozenEngine,1397,11/01/2024, 18:20:08,540
FROV00001,FrozenEngine,1397,11/01/2024, 19:12:55,540
FROV00001,FrozenEngine,1397,11/01/2024, 20:16:46,540
FROV00001,FrozenEngine,1397,11/01/2024, 21:14:08,540
FROV00001,FrozenEngine,1397,11/01/2024, 22:14:17,540
FROV00001,FrozenEngine,1397,11/01/2024, 23:14:39,540
FROV00001,FrozenEngine,1397,11/02/2024, 01:05:18,540
FROV00001,FrozenEngine,1397,11/02/2024, 02:44:43,540
FROV00001,FrozenEngine,1397,11/02/2024, 03:19:19,540
FROV00001,FrozenEngine,1397,11/02/2024, 04:18:45,540
FROV00001,FrozenEngine,1397,11/02/2024, 05:14:46,540
FROV00001,FrozenEngine,1397,11/02/2024, 06:20:41,540
FROV00001,FrozenEngine,1397,11/02/2024, 07:14:44,540
FROV00001,FrozenEngine,1397,11/02/2024, 08:18:06,540
FROV00001,FrozenEngine,1397,11/02/2024, 09:14:41,540
FROV00001,FrozenEngine,1397,11/02/2024, 10:15:02,540
FROV00001,FrozenEngine,1397,11/02/2024, 11:12:21,540
FROV00001,FrozenEngine,1397,11/02/2024, 12:26:29,540
FROV00001,FrozenEngine,1397,11/02/2024, 13:19:22,540
FROV00001,FrozenEngine,1397,11/02/2024, 14:12:51,540
FROV00001,FrozenEngine,1397,11/02/2024, 15:15:48,540
FROV00001,FrozenEngine,1397,11/02/2024, 16:16:35,540
FROV00001,FrozenEngine,1397,11/02/2024, 17:12:42,540
FROV00001,FrozenEngine,1397,11/02/2024, 18:18:27,540
FROV00001,FrozenEngine,1397,11/02/2024, 19:13:19,540
FROV00001,FrozenEngine,1397,11/02/2024, 20:15:46,540
FROV00001,FrozenEngine,1397,11/02/2024, 21:13:57,540
FROV00001,FrozenEngine,1397,11/02/2024, 22:14:24,540
FROV00001,FrozenEngine,1397,11/02/2024, 23:16:18,540
FROV00001,FrozenEngine,1397,11/03/2024, 01:11:26,540
FROV00001,FrozenEngine,1397,11/03/2024, 02:53:48,540
FROV00001,FrozenEngine,1397,11/03/2024, 03:25:01,540
FROV00001,FrozenEngine,1397,11/03/2024, 04:17:42,540
FROV00001,FrozenEngine,1397,11/03/2024, 05:14:23,540
FROV00001,FrozenEngine,1397,11/03/2024, 06:21:31,540
FROV00001,FrozenEngine,1397,11/03/2024, 07:13:32,540
FROV00001,FrozenEngine,1397,11/03/2024, 08:17:27,540
FROV00001,FrozenEngine,1397,11/03/2024, 09:14:49,540
FROV00001,FrozenEngine,1397,11/03/2024, 10:16:51,540
FROV00001,FrozenEngine,1397,11/03/2024, 11:12:42,540
FROV00001,FrozenEngine,1397,11/03/2024, 12:25:41,540
FROV00001,FrozenEngine,1397,11/03/2024, 13:19:31,540
FROV00001,FrozenEngine,1397,11/03/2024, 14:14:22,540
FROV00001,FrozenEngine,1397,11/03/2024, 15:14:31,540
FROV00001,FrozenEngine,1397,11/03/2024, 16:16:58,540
FROV00001,FrozenEngine,1397,11/03/2024, 17:12:52,540
FROV00001,FrozenEngine,1397,11/03/2024, 18:19:26,540
FROV00001,FrozenEngine,1397,11/03/2024, 19:12:36,540
FROV00001,FrozenEngine,1397,11/03/2024, 20:15:57,540
FROV00001,FrozenEngine,1397,11/03/2024, 21:14:36,540
FROV00001,FrozenEngine,1397,11/03/2024, 22:15:34,540
FROV00001,FrozenEngine,1397,11/03/2024, 23:15:40,540
FROV00001,FrozenEngine,1397,11/04/2024, 01:08:05,540
FROV00001,FrozenEngine,1397,11/04/2024, 02:53:05,540
FROV00001,FrozenEngine,1397,11/04/2024, 03:25:03,540
FROV00001,FrozenEngine,1397,11/04/2024, 04:18:15,540
FROV00001,FrozenEngine,1397,11/04/2024, 05:16:06,540
FROV00001,FrozenEngine,1397,11/04/2024, 06:22:07,540
FROV00001,FrozenEngine,1397,11/04/2024, 07:15:27,540
FROV00001,FrozenEngine,1397,11/04/2024, 08:20:06,540
FROV00001,FrozenEngine,1397,11/04/2024, 09:17:51,540
FROV00001,FrozenEngine,1397,11/04/2024, 10:16:59,540
FROV00001,FrozenEngine,1397,11/04/2024, 11:14:46,540
FROV00001,FrozenEngine,1397,11/04/2024, 12:29:39,540
FROV00001,FrozenEngine,1397,11/04/2024, 13:24:35,540
FROV00001,FrozenEngine,1397,11/04/2024, 14:14:59,540
FROV00001,FrozenEngine,1397,11/04/2024, 15:16:42,540
FROV00001,FrozenEngine,1397,11/04/2024, 16:18:46,540
FROV00001,FrozenEngine,1397,11/04/2024, 17:13:35,540
FROV00001,FrozenEngine,1397,11/04/2024, 18:19:20,540
FROV00001,FrozenEngine,1397,11/04/2024, 19:13:38,540
FROV00001,FrozenEngine,1397,11/04/2024, 20:16:08,540
FROV00001,FrozenEngine,1397,11/04/2024, 21:13:55,540
FROV00001,FrozenEngine,1397,11/04/2024, 22:13:54,540
FROV00001,FrozenEngine,1397,11/04/2024, 23:15:56,540
FROV00001,FrozenEngine,1397,11/05/2024, 01:05:05,540
FROV00001,FrozenEngine,1397,11/05/2024, 02:44:18,540
FROV00001,FrozenEngine,1397,11/05/2024, 03:18:42,540
FROV00001,FrozenEngine,1397,11/05/2024, 04:18:18,540
FROV00001,FrozenEngine,1397,11/05/2024, 05:15:25,540
FROV00001,FrozenEngine,1397,11/05/2024, 06:20:55,540
FROV00001,FrozenEngine,1397,11/05/2024, 07:14:15,540
FROV00001,FrozenEngine,1397,11/05/2024, 08:19:28,540
FROV00001,FrozenEngine,1397,11/05/2024, 09:16:07,540
FROV00001,FrozenEngine,1397,11/05/2024, 10:17:21,540
FROV00001,FrozenEngine,1397,11/05/2024, 11:12:57,540
FROV00001,FrozenEngine,1397,11/05/2024, 12:26:13,540
FROV00001,FrozenEngine,1397,11/05/2024, 13:21:34,540
FROV00001,FrozenEngine,1397,11/05/2024, 14:14:22,540
FROV00001,FrozenEngine,1397,11/05/2024, 15:15:49,540
FROV00001,FrozenEngine,1397,11/05/2024, 16:18:46,540
FROV00001,FrozenEngine,1397,11/05/2024, 17:15:10,540
FROV00001,FrozenEngine,1397,11/05/2024, 18:19:28,540
FROV00001,FrozenEngine,1397,11/05/2024, 19:12:01,540
FROV00001,FrozenEngine,1397,11/05/2024, 20:16:28,540
FROV00001,FrozenEngine,1397,11/05/2024, 21:14:17,540
FROV00001,FrozenEngine,1397,11/05/2024, 22:14:29,540
FROV00001,FrozenEngine,1397,11/05/2024, 23:14:54,540
FROV00001,FrozenEngine,1397,11/06/2024, 01:05:00,540
FROV00001,FrozenEngine,1397,11/06/2024, 02:43:38,540
FROV00001,FrozenEngine,1397,11/06/2024, 03:18:07,540
FROV00001,FrozenEngine,1398,11/06/2024, 04:18:50,540
FROV00001,FrozenEngine,1398,11/06/2024, 05:15:11,540
FROV00001,FrozenEngine,1398,11/06/2024, 06:20:34,540
FROV00001,FrozenEngine,1398,11/06/2024, 07:14:50,540
FROV00001,FrozenEngine,1398,11/06/2024, 08:19:44,540
FROV00001,FrozenEngine,1398,11/06/2024, 09:16:40,540
FROV00001,FrozenEngine,1398,11/06/2024, 10:16:21,540
FROV00001,FrozenEngine,1398,11/06/2024, 11:13:46,540
FROV00001,FrozenEngine,1398,11/06/2024, 12:28:07,540
FROV00001,FrozenEngine,1398,11/06/2024, 13:21:56,540
FROV00001,FrozenEngine,1398,11/06/2024, 14:14:22,540
FROV00001,FrozenEngine,1398,11/06/2024, 15:15:51,540
FROV00001,FrozenEngine,1398,11/06/2024, 16:19:37,540
FROV00001,FrozenEngine,1398,11/06/2024, 17:12:54,540
FROV00001,FrozenEngine,1398,11/06/2024, 18:19:54,540
FROV00001,FrozenEngine,1398,11/06/2024, 19:13:04,540
FROV00001,FrozenEngine,1398,11/06/2024, 20:16:45,540
FROV00001,FrozenEngine,1398,11/06/2024, 21:15:17,540
FROV00001,FrozenEngine,1398,11/06/2024, 22:15:22,540
FROV00001,FrozenEngine,1398,11/06/2024, 23:14:18,540
FROV00001,FrozenEngine,1398,11/07/2024, 01:05:33,540
FROV00001,FrozenEngine,1398,11/07/2024, 02:44:37,540
FROV00001,FrozenEngine,1398,11/07/2024, 03:21:15,540
FROV00001,FrozenEngine,1398,11/07/2024, 04:17:55,540
FROV00001,FrozenEngine,1398,11/07/2024, 05:14:33,540
FROV00001,FrozenEngine,1398,11/07/2024, 06:20:17,540
FROV00001,FrozenEngine,1398,11/07/2024, 07:14:09,540
FROV00001,FrozenEngine,1398,11/07/2024, 08:19:21,540
FROV00001,FrozenEngine,1398,11/07/2024, 09:15:40,540
FROV00001,FrozenEngine,1398,11/07/2024, 10:15:30,540
FROV00001,FrozenEngine,1398,11/07/2024, 11:13:02,540
FROV00001,FrozenEngine,1398,11/07/2024, 12:27:19,540
FROV00001,FrozenEngine,1398,11/07/2024, 13:21:00,540
FROV00001,FrozenEngine,1398,11/07/2024, 14:13:55,540
FROV00001,FrozenEngine,1398,11/07/2024, 15:15:05,540
FROV00001,FrozenEngine,1398,11/07/2024, 16:18:30,540
FROV00001,FrozenEngine,1398,11/07/2024, 17:13:15,540
FROV00001,FrozenEngine,1398,11/07/2024, 18:19:32,540
FROV00001,FrozenEngine,1398,11/07/2024, 19:11:50,540
FROV00001,FrozenEngine,1398,11/07/2024, 20:15:41,540
FROV00001,FrozenEngine,1398,11/07/2024, 21:13:53,540
FROV00001,FrozenEngine,1398,11/07/2024, 22:14:11,540
FROV00001,FrozenEngine,1398,11/07/2024, 23:14:30,540
FROV00001,FrozenEngine,1398,11/08/2024, 01:05:07,540
FROV00001,FrozenEngine,1398,11/08/2024, 02:45:12,540
FROV00001,FrozenEngine,1398,11/08/2024, 03:18:47,540
FROV00001,FrozenEngine,1398,11/08/2024, 04:17:40,540
FROV00001,FrozenEngine,1398,11/08/2024, 05:15:23,540
FROV00001,FrozenEngine,1398,11/08/2024, 06:20:21,540
FROV00001,FrozenEngine,1398,11/08/2024, 07:13:53,540
FROV00001,FrozenEngine,1398,11/08/2024, 08:19:11,540
FROV00001,FrozenEngine,1398,11/08/2024, 09:15:35,540
FROV00001,FrozenEngine,1398,11/08/2024, 10:15:33,540
FROV00001,FrozenEngine,1398,11/08/2024, 11:12:32,540
FROV00001,FrozenEngine,1398,11/08/2024, 12:28:13,540
FROV00001,FrozenEngine,1398,11/08/2024, 13:21:16,540
FROV00001,FrozenEngine,1398,11/08/2024, 14:14:02,540
FROV00001,FrozenEngine,1398,11/08/2024, 15:15:54,540
FROV00001,FrozenEngine,1398,11/08/2024, 16:18:09,540
FROV00001,FrozenEngine,1398,11/08/2024, 17:13:34,540
FROV00001,FrozenEngine,1398,11/08/2024, 18:19:07,540
FROV00001,FrozenEngine,1398,11/08/2024, 19:12:04,540
FROV00001,FrozenEngine,1398,11/08/2024, 20:15:48,540
FROV00001,FrozenEngine,1398,11/08/2024, 21:13:53,540
FROV00001,FrozenEngine,1398,11/08/2024, 22:14:25,540
FROV00001,FrozenEngine,1398,11/08/2024, 23:14:47,540
FROV00001,FrozenEngine,1398,11/09/2024, 01:03:21,540
FROV00001,FrozenEngine,1398,11/09/2024, 02:40:23,540
FROV00001,FrozenEngine,1398,11/09/2024, 03:18:11,540
FROV00001,FrozenEngine,1398,11/09/2024, 04:16:57,540
FROV00001,FrozenEngine,1398,11/09/2024, 05:13:50,540
FROV00001,FrozenEngine,1398,11/09/2024, 06:18:42,540
FROV00001,FrozenEngine,1398,11/09/2024, 07:13:06,540
FROV00001,FrozenEngine,1398,11/09/2024, 08:17:52,540
FROV00001,FrozenEngine,1398,11/09/2024, 09:13:51,540
FROV00001,FrozenEngine,1398,11/09/2024, 10:14:13,540
FROV00001,FrozenEngine,1398,11/09/2024, 11:11:49,540
FROV00001,FrozenEngine,1398,11/09/2024, 12:24:44,540
FROV00001,FrozenEngine,1398,11/09/2024, 13:17:21,540
FROV00001,FrozenEngine,1398,11/09/2024, 14:13:38,540
FROV00001,FrozenEngine,1398,11/09/2024, 15:14:45,540
FROV00001,FrozenEngine,1398,11/09/2024, 16:16:04,540
FROV00001,FrozenEngine,1398,11/09/2024, 17:12:10,540
FROV00001,FrozenEngine,1398,11/09/2024, 18:17:50,540
FROV00001,FrozenEngine,1398,11/09/2024, 19:11:31,540
FROV00001,FrozenEngine,1398,11/09/2024, 20:14:38,540
FROV00001,FrozenEngine,1398,11/09/2024, 21:13:48,540
FROV00001,FrozenEngine,1398,11/09/2024, 22:12:49,540
FROV00001,FrozenEngine,1398,11/09/2024, 23:14:09,540
FROV00001,FrozenEngine,1398,11/10/2024, 01:09:51,540
FROV00001,FrozenEngine,1398,11/10/2024, 02:48:20,540
FROV00001,FrozenEngine,1398,11/10/2024, 03:19:51,540
FROV00001,FrozenEngine,1398,11/10/2024, 04:17:32,540
FROV00001,FrozenEngine,1398,11/10/2024, 05:14:06,540
FROV00001,FrozenEngine,1398,11/10/2024, 06:18:49,540
FROV00001,FrozenEngine,1398,11/10/2024, 07:13:24,540
FROV00001,FrozenEngine,1398,11/10/2024, 08:16:49,540
FROV00001,FrozenEngine,1398,11/10/2024, 09:14:00,540
FROV00001,FrozenEngine,1398,11/10/2024, 10:14:08,540
FROV00001,FrozenEngine,1398,11/10/2024, 11:11:38,540
FROV00001,FrozenEngine,1398,11/10/2024, 12:25:13,540
FROV00001,FrozenEngine,1398,11/10/2024, 13:17:26,540
FROV00001,FrozenEngine,1398,11/10/2024, 14:12:32,540
FROV00001,FrozenEngine,1398,11/10/2024, 15:14:23,540
FROV00001,FrozenEngine,1398,11/10/2024, 16:16:13,540
FROV00001,FrozenEngine,1398,11/10/2024, 17:12:30,540
FROV00001,FrozenEngine,1398,11/10/2024, 18:17:40,540
FROV00001,FrozenEngine,1398,11/10/2024, 19:13:03,540
FROV00001,FrozenEngine,1398,11/10/2024, 20:15:05,540
FROV00001,FrozenEngine,1398,11/10/2024, 21:12:55,540
FROV00001,FrozenEngine,1398,11/10/2024, 22:13:26,540
FROV00001,FrozenEngine,1398,11/10/2024, 23:14:58,540
FROV00001,FrozenEngine,1398,11/11/2024, 01:06:58,540
FROV00001,FrozenEngine,1398,11/11/2024, 02:47:08,540
FROV00001,FrozenEngine,1398,11/11/2024, 03:20:05,540
FROV00001,FrozenEngine,1398,11/11/2024, 04:18:04,540
FROV00001,FrozenEngine,1398,11/11/2024, 05:16:08,540
FROV00001,FrozenEngine,1398,11/11/2024, 06:21:06,540
FROV00001,FrozenEngine,1398,11/11/2024, 07:15:29,540
FROV00001,FrozenEngine,1398,11/11/2024, 08:20:00,540
FROV00001,FrozenEngine,1398,11/11/2024, 09:17:01,540
FROV00001,FrozenEngine,1398,11/11/2024, 10:16:11,540
FROV00001,FrozenEngine,1398,11/11/2024, 11:12:23,540
FROV00001,FrozenEngine,1398,11/11/2024, 12:28:44,540
FROV00001,FrozenEngine,1398,11/11/2024, 13:22:02,540
FROV00001,FrozenEngine,1398,11/11/2024, 14:15:28,540
FROV00001,FrozenEngine,1398,11/11/2024, 15:15:25,540
FROV00001,FrozenEngine,1398,11/11/2024, 16:19:06,540
FROV00001,FrozenEngine,1398,11/11/2024, 17:13:18,540
FROV00001,FrozenEngine,1398,11/11/2024, 18:18:58,540
FROV00001,FrozenEngine,1398,11/11/2024, 19:11:46,540
FROV00001,FrozenEngine,1398,11/11/2024, 20:15:57,540
FROV00001,FrozenEngine,1398,11/11/2024, 21:13:43,540
FROV00001,FrozenEngine,1398,11/11/2024, 22:14:09,540
FROV00001,FrozenEngine,1398,11/11/2024, 23:13:45,540
FROV00001,FrozenEngine,1398,11/12/2024, 01:04:48,540
FROV00001,FrozenEngine,1398,11/12/2024, 02:42:46,540
FROV00001,FrozenEngine,1398,11/12/2024, 03:17:21,540
FROV00001,FrozenEngine,1398,11/12/2024, 04:17:44,540
FROV00001,FrozenEngine,1398,11/12/2024, 05:14:47,540
FROV00001,FrozenEngine,1398,11/12/2024, 06:20:27,540
FROV00001,FrozenEngine,1398,11/12/2024, 07:14:15,540
FROV00001,FrozenEngine,1398,11/12/2024, 08:19:31,540
FROV00001,FrozenEngine,1398,11/12/2024, 09:15:37,540
FROV00001,FrozenEngine,1398,11/12/2024, 10:15:50,540
FROV00001,FrozenEngine,1398,11/12/2024, 11:12:43,540
FROV00001,FrozenEngine,1398,11/12/2024, 12:28:42,540
FROV00001,FrozenEngine,1398,11/12/2024, 13:22:17,540
FROV00001,FrozenEngine,1398,11/12/2024, 14:14:36,540
FROV00001,FrozenEngine,1398,11/12/2024, 15:16:09,540
FROV00001,FrozenEngine,1398,11/12/2024, 16:18:59,540
FROV00001,FrozenEngine,1398,11/12/2024, 17:13:50,540
FROV00001,FrozenEngine,1398,11/12/2024, 18:19:41,540
FROV00001,FrozenEngine,1398,11/12/2024, 19:12:18,540
FROV00001,FrozenEngine,1398,11/12/2024, 20:16:22,540
FROV00001,FrozenEngine,1398,11/12/2024, 21:13:55,540
FROV00001,FrozenEngine,1398,11/12/2024, 22:14:23,540
FROV00001,FrozenEngine,1398,11/12/2024, 23:14:20,540
FROV00001,FrozenEngine,1398,11/13/2024, 01:05:49,540
FROV00001,FrozenEngine,1398,11/13/2024, 02:45:34,540
FROV00001,FrozenEngine,1398,11/13/2024, 03:19:40,540
FROV00001,FrozenEngine,1398,11/13/2024, 04:18:00,540
FROV00001,FrozenEngine,1398,11/13/2024, 05:15:11,540
FROV00001,FrozenEngine,1398,11/13/2024, 06:20:30,540
FROV00001,FrozenEngine,1398,11/13/2024, 07:14:15,540
FROV00001,FrozenEngine,1398,11/13/2024, 08:19:39,540
FROV00001,FrozenEngine,1398,11/13/2024, 09:15:44,540
FROV00001,FrozenEngine,1398,11/13/2024, 10:16:01,540
FROV00001,FrozenEngine,1398,11/13/2024, 11:13:03,540
FROV00001,FrozenEngine,1398,11/13/2024, 12:28:20,540
FROV00001,FrozenEngine,1398,11/13/2024, 13:22:05,540
FROV00001,FrozenEngine,1398,11/13/2024, 14:15:24,540
FROV00001,FrozenEngine,1398,11/13/2024, 15:15:23,540
FROV00001,FrozenEngine,1398,11/13/2024, 16:18:39,540
FROV00001,FrozenEngine,1398,11/13/2024, 17:13:35,540
FROV00001,FrozenEngine,1398,11/13/2024, 18:20:12,540
FROV00001,FrozenEngine,1398,11/13/2024, 19:12:13,540
FROV00001,FrozenEngine,1398,11/13/2024, 20:16:03,540
FROV00001,FrozenEngine,1398,11/13/2024, 21:14:39,540
FROV00001,FrozenEngine,1398,11/13/2024, 22:14:20,540
FROV00001,FrozenEngine,1398,11/13/2024, 23:14:19,540
FROV00001,FrozenEngine,1398,11/14/2024, 01:05:43,540
FROV00001,FrozenEngine,1398,11/14/2024, 02:46:20,540
FROV00001,FrozenEngine,1398,11/14/2024, 03:20:01,540
FROV00001,FrozenEngine,1398,11/14/2024, 04:18:35,540
FROV00001,FrozenEngine,1398,11/14/2024, 05:14:55,540
FROV00001,FrozenEngine,1398,11/14/2024, 06:21:48,540
FROV00001,FrozenEngine,1398,11/14/2024, 07:14:57,540
FROV00001,FrozenEngine,1398,11/14/2024, 08:19:38,540
FROV00001,FrozenEngine,1398,11/14/2024, 09:16:23,540
FROV00001,FrozenEngine,1398,11/14/2024, 10:16:43,540
FROV00001,FrozenEngine,1398,11/14/2024, 11:12:57,540
FROV00001,FrozenEngine,1398,11/14/2024, 12:29:34,540
FROV00001,FrozenEngine,1398,11/14/2024, 13:23:45,540
FROV00001,FrozenEngine,1398,11/14/2024, 14:14:36,540
FROV00001,FrozenEngine,1398,11/14/2024, 15:16:17,540
FROV00001,FrozenEngine,1398,11/14/2024, 16:19:34,540
FROV00001,FrozenEngine,1398,11/14/2024, 17:14:33,540
FROV00001,FrozenEngine,1398,11/14/2024, 18:20:26,540
FROV00001,FrozenEngine,1398,11/14/2024, 19:12:36,540
FROV00001,FrozenEngine,1398,11/14/2024, 20:16:55,540
FROV00001,FrozenEngine,1398,11/14/2024, 21:14:20,540
FROV00001,FrozenEngine,1398,11/14/2024, 22:14:55,540
FROV00001,FrozenEngine,1398,11/14/2024, 23:15:33,540
FROV00001,FrozenEngine,1398,11/15/2024, 01:10:04,540
FROV00001,FrozenEngine,1398,11/15/2024, 02:55:51,540
FROV00001,FrozenEngine,1398,11/15/2024, 03:28:03,540
FROV00001,FrozenEngine,1398,11/15/2024, 04:18:50,540
FROV00001,FrozenEngine,1398,11/15/2024, 05:15:35,540
FROV00001,FrozenEngine,1398,11/15/2024, 06:24:26,540
FROV00001,FrozenEngine,1398,11/15/2024, 07:15:24,540
FROV00001,FrozenEngine,1398,11/15/2024, 08:19:40,540
FROV00001,FrozenEngine,1398,11/15/2024, 09:16:10,540
FROV00001,FrozenEngine,1398,11/15/2024, 10:16:53,540
FROV00001,FrozenEngine,1398,11/15/2024, 11:13:43,540
FROV00001,FrozenEngine,1398,11/15/2024, 12:29:18,540
FROV00001,FrozenEngine,1398,11/15/2024, 13:24:13,540
FROV00001,FrozenEngine,1398,11/15/2024, 14:15:14,540
FROV00001,FrozenEngine,1398,11/15/2024, 15:16:01,540
FROV00001,FrozenEngine,1398,11/15/2024, 16:19:17,540
FROV00001,FrozenEngine,1398,11/15/2024, 17:14:04,540
FROV00001,FrozenEngine,1398,11/15/2024, 18:21:08,540
FROV00001,FrozenEngine,1398,11/15/2024, 19:12:37,540
FROV00001,FrozenEngine,1398,11/15/2024, 20:16:37,540
FROV00001,FrozenEngine,1398,11/15/2024, 21:14:34,540
FROV00001,FrozenEngine,1398,11/15/2024, 22:15:37,540
FROV00001,FrozenEngine,1398,11/15/2024, 23:14:50,540
FROV00001,FrozenEngine,1398,11/16/2024, 01:08:42,540
FROV00001,FrozenEngine,1398,11/16/2024, 02:52:50,540
FROV00001,FrozenEngine,1398,11/16/2024, 03:25:05,540
FROV00001,FrozenEngine,1398,11/16/2024, 04:17:49,540
FROV00001,FrozenEngine,1398,11/16/2024, 05:15:26,540
FROV00001,FrozenEngine,1398,11/16/2024, 06:19:53,540
FROV00001,FrozenEngine,1398,11/16/2024, 07:13:39,540
FROV00001,FrozenEngine,1398,11/16/2024, 08:18:04,540
FROV00001,FrozenEngine,1398,11/16/2024, 09:14:58,540
FROV00001,FrozenEngine,1398,11/16/2024, 10:15:07,540
FROV00001,FrozenEngine,1398,11/16/2024, 11:11:56,540
FROV00001,FrozenEngine,1398,11/16/2024, 12:27:23,540
FROV00001,FrozenEngine,1398,11/16/2024, 13:20:47,540
FROV00001,FrozenEngine,1398,11/16/2024, 14:13:20,540
FROV00001,FrozenEngine,1398,11/16/2024, 15:14:29,540
FROV00001,FrozenEngine,1398,11/16/2024, 16:18:22,540
FROV00001,FrozenEngine,1398,11/16/2024, 17:12:52,540
FROV00001,FrozenEngine,1398,11/16/2024, 18:18:19,540
FROV00001,FrozenEngine,1398,11/16/2024, 19:11:29,540
FROV00001,FrozenEngine,1398,11/16/2024, 20:15:37,540
FROV00001,FrozenEngine,1398,11/16/2024, 21:14:07,540
FROV00001,FrozenEngine,1398,11/16/2024, 22:13:53,540
FROV00001,FrozenEngine,1398,11/16/2024, 23:15:22,540
FROV00001,FrozenEngine,1398,11/17/2024, 01:13:35,540
FROV00001,FrozenEngine,1398,11/17/2024, 02:58:43,540
FROV00001,FrozenEngine,1398,11/17/2024, 03:32:37,540
FROV00001,FrozenEngine,1398,11/17/2024, 04:17:46,540
FROV00001,FrozenEngine,1398,11/17/2024, 05:15:24,540
FROV00001,FrozenEngine,1398,11/17/2024, 06:20:40,540
FROV00001,FrozenEngine,1398,11/17/2024, 07:14:42,540
FROV00001,FrozenEngine,1398,11/17/2024, 08:18:01,540
FROV00001,FrozenEngine,1398,11/17/2024, 09:15:53,540
FROV00001,FrozenEngine,1398,11/17/2024, 10:15:30,540
FROV00001,FrozenEngine,1398,11/17/2024, 11:12:37,540
FROV00001,FrozenEngine,1398,11/17/2024, 12:26:52,540
FROV00001,FrozenEngine,1398,11/17/2024, 13:20:31,540
FROV00001,FrozenEngine,1398,11/17/2024, 14:13:13,540
FROV00001,FrozenEngine,1398,11/17/2024, 15:14:25,540
FROV00001,FrozenEngine,1398,11/17/2024, 16:16:54,540
FROV00001,FrozenEngine,1398,11/17/2024, 17:12:49,540
FROV00001,FrozenEngine,1398,11/17/2024, 18:18:47,540
FROV00001,FrozenEngine,1398,11/17/2024, 19:11:43,540
FROV00001,FrozenEngine,1398,11/17/2024, 20:15:34,540
FROV00001,FrozenEngine,1398,11/17/2024, 21:13:36,540
FROV00001,FrozenEngine,1398,11/17/2024, 22:14:05,540
FROV00001,FrozenEngine,1398,11/17/2024, 23:15:14,540
FROV00001,FrozenEngine,1398,11/18/2024, 01:11:30,540
FROV00001,FrozenEngine,1398,11/18/2024, 02:58:04,540
FROV00001,FrozenEngine,1398,11/18/2024, 03:32:07,540
FROV00001,FrozenEngine,1398,11/18/2024, 04:19:00,540
FROV00001,FrozenEngine,1398,11/18/2024, 05:16:14,540
FROV00001,FrozenEngine,1398,11/18/2024, 06:22:36,540
FROV00001,FrozenEngine,1398,11/18/2024, 07:16:29,540
FROV00001,FrozenEngine,1398,11/18/2024, 08:21:15,540
FROV00001,FrozenEngine,1398,11/18/2024, 09:17:52,540
FROV00001,FrozenEngine,1398,11/18/2024, 10:17:48,540
FROV00001,FrozenEngine,1398,11/18/2024, 11:14:17,540
FROV00001,FrozenEngine,1398,11/18/2024, 12:30:43,540
FROV00001,FrozenEngine,1398,11/18/2024, 13:25:42,540
FROV00001,FrozenEngine,1398,11/18/2024, 14:15:08,540
FROV00001,FrozenEngine,1398,11/18/2024, 15:17:01,540
FROV00001,FrozenEngine,1398,11/18/2024, 16:19:36,540
FROV00001,FrozenEngine,1398,11/18/2024, 17:14:10,540
FROV00001,FrozenEngine,1398,11/18/2024, 18:21:06,540
FROV00001,FrozenEngine,1398,11/18/2024, 19:12:59,540
FROV00001,FrozenEngine,1398,11/18/2024, 20:17:10,540
FROV00001,FrozenEngine,1398,11/18/2024, 21:13:26,540
FROV00001,FrozenEngine,1398,11/18/2024, 22:14:37,540
FROV00001,FrozenEngine,1398,11/18/2024, 23:14:56,540
FROV00001,FrozenEngine,1398,11/19/2024, 01:10:08,540
FROV00001,FrozenEngine,1398,11/19/2024, 02:55:42,540
FROV00001,FrozenEngine,1398,11/19/2024, 03:27:35,540
FROV00001,FrozenEngine,1398,11/19/2024, 04:18:46,540
FROV00001,FrozenEngine,1398,11/19/2024, 05:15:23,540
FROV00001,FrozenEngine,1398,11/19/2024, 06:21:42,540
FROV00001,FrozenEngine,1398,11/19/2024, 07:15:31,540
FROV00001,FrozenEngine,1398,11/19/2024, 08:20:18,540
FROV00001,FrozenEngine,1398,11/19/2024, 09:17:15,540
FROV00001,FrozenEngine,1398,11/19/2024, 10:16:56,540
FROV00001,FrozenEngine,1398,11/19/2024, 11:13:34,540
FROV00001,FrozenEngine,1398,11/19/2024, 12:29:49,540
FROV00001,FrozenEngine,1398,11/19/2024, 13:25:49,540
FROV00001,FrozenEngine,1398,11/19/2024, 14:15:34,540
FROV00001,FrozenEngine,1398,11/19/2024, 15:16:23,540
FROV00001,FrozenEngine,1398,11/19/2024, 16:19:34,540
FROV00001,FrozenEngine,1398,11/19/2024, 17:14:23,540
FROV00001,FrozenEngine,1398,11/19/2024, 18:21:19,540
FROV00001,FrozenEngine,1398,11/19/2024, 19:13:00,540
FROV00001,FrozenEngine,1398,11/19/2024, 20:16:56,540
FROV00001,FrozenEngine,1398,11/19/2024, 21:14:37,540
FROV00001,FrozenEngine,1398,11/19/2024, 22:14:27,540
FROV00001,FrozenEngine,1398,11/19/2024, 23:14:56,540
FROV00001,FrozenEngine,1398,11/20/2024, 01:09:03,540
FROV00001,FrozenEngine,1398,11/20/2024, 02:54:39,540
FROV00001,FrozenEngine,1398,11/20/2024, 03:26:44,540
FROV00001,FrozenEngine,1398,11/20/2024, 04:18:57,540
FROV00001,FrozenEngine,1398,11/20/2024, 05:15:16,540
FROV00001,FrozenEngine,1398,11/20/2024, 06:21:29,540
FROV00001,FrozenEngine,1398,11/20/2024, 07:15:10,540
FROV00001,FrozenEngine,1398,11/20/2024, 08:20:25,540
FROV00001,FrozenEngine,1398,11/20/2024, 09:16:43,540
FROV00001,FrozenEngine,1398,11/20/2024, 10:17:04,540
FROV00001,FrozenEngine,1398,11/20/2024, 11:13:17,540
FROV00001,FrozenEngine,1398,11/20/2024, 12:29:39,540
FROV00001,FrozenEngine,1398,11/20/2024, 13:25:11,540
FROV00001,FrozenEngine,1398,11/20/2024, 14:14:55,540
FROV00001,FrozenEngine,1398,11/20/2024, 15:16:33,540
FROV00001,FrozenEngine,1398,11/20/2024, 16:19:33,540
FROV00001,FrozenEngine,1398,11/20/2024, 17:14:43,540
FROV00001,FrozenEngine,1398,11/20/2024, 18:21:10,540
FROV00001,FrozenEngine,1398,11/20/2024, 19:13:14,540
FROV00001,FrozenEngine,1398,11/20/2024, 20:17:26,540
FROV00001,FrozenEngine,1398,11/20/2024, 21:14:39,540
FROV00001,FrozenEngine,1398,11/20/2024, 22:15:02,540
FROV00001,FrozenEngine,1398,11/20/2024, 23:15:13,540
FROV00001,FrozenEngine,1398,11/21/2024, 01:08:46,540
FROV00001,FrozenEngine,1398,11/21/2024, 02:54:20,540
FROV00001,FrozenEngine,1398,11/21/2024, 03:26:46,540
FROV00001,FrozenEngine,1398,11/21/2024, 04:19:21,540
FROV00001,FrozenEngine,1398,11/21/2024, 05:15:18,540
FROV00001,FrozenEngine,1398,11/21/2024, 06:21:43,540
FROV00001,FrozenEngine,1398,11/21/2024, 07:15:06,540
FROV00001,FrozenEngine,1398,11/21/2024, 08:20:13,540
FROV00001,FrozenEngine,1398,11/21/2024, 09:16:55,540
FROV00001,FrozenEngine,1398,11/21/2024, 10:17:14,540
FROV00001,FrozenEngine,1398,11/21/2024, 11:13:48,540
FROV00001,FrozenEngine,1398,11/21/2024, 12:30:27,540
FROV00001,FrozenEngine,1398,11/21/2024, 13:24:56,540
FROV00001,FrozenEngine,1398,11/21/2024, 14:15:22,540
FROV00001,FrozenEngine,1398,11/21/2024, 15:16:30,540
FROV00001,FrozenEngine,1398,11/21/2024, 16:19:32,540
FROV00001,FrozenEngine,1398,11/21/2024, 17:14:22,540
FROV00001,FrozenEngine,1398,11/21/2024, 18:20:53,540
FROV00001,FrozenEngine,1398,11/21/2024, 19:12:44,540
FROV00001,FrozenEngine,1398,11/21/2024, 20:17:10,540
FROV00001,FrozenEngine,1398,11/21/2024, 21:14:36,540
FROV00001,FrozenEngine,1398,11/21/2024, 22:14:39,540
FROV00001,FrozenEngine,1398,11/21/2024, 23:15:12,540
FROV00001,FrozenEngine,1398,11/22/2024, 01:10:04,540
FROV00001,FrozenEngine,1398,11/22/2024, 02:55:30,540
FROV00001,FrozenEngine,1398,11/22/2024, 03:27:45,540
FROV00001,FrozenEngine,1398,11/22/2024, 04:19:00,540
FROV00001,FrozenEngine,1398,11/22/2024, 05:15:23,540
FROV00001,FrozenEngine,1398,11/22/2024, 06:21:23,540
FROV00001,FrozenEngine,1398,11/22/2024, 07:15:37,540
FROV00001,FrozenEngine,1398,11/22/2024, 08:20:02,540
FROV00001,FrozenEngine,1398,11/22/2024, 09:16:43,540
FROV00001,FrozenEngine,1398,11/22/2024, 10:16:49,540
FROV00001,FrozenEngine,1398,11/22/2024, 11:13:14,540
FROV00001,FrozenEngine,1398,11/22/2024, 12:29:42,540
FROV00001,FrozenEngine,1398,11/22/2024, 13:24:43,540
FROV00001,FrozenEngine,1398,11/22/2024, 14:14:32,540
FROV00001,FrozenEngine,1398,11/22/2024, 15:16:36,540
FROV00001,FrozenEngine,1398,11/22/2024, 16:19:18,540
FROV00001,FrozenEngine,1398,11/22/2024, 17:14:54,540
FROV00001,FrozenEngine,1398,11/22/2024, 18:20:37,540
FROV00001,FrozenEngine,1398,11/22/2024, 19:13:01,540
FROV00001,FrozenEngine,1398,11/22/2024, 20:16:47,540
FROV00001,FrozenEngine,1398,11/22/2024, 21:14:28,540
FROV00001,FrozenEngine,1398,11/22/2024, 22:14:26,540
FROV00001,FrozenEngine,1398,11/22/2024, 23:15:32,540
FROV00001,FrozenEngine,1398,11/23/2024, 01:06:59,540
FROV00001,FrozenEngine,1398,11/23/2024, 02:50:28,540
FROV00001,FrozenEngine,1398,11/23/2024, 03:24:55,540
FROV00001,FrozenEngine,1398,11/23/2024, 04:19:27,540
FROV00001,FrozenEngine,1398,11/23/2024, 05:14:45,540
FROV00001,FrozenEngine,1398,11/23/2024, 06:20:35,540
FROV00001,FrozenEngine,1398,11/23/2024, 07:13:52,540
FROV00001,FrozenEngine,1398,11/23/2024, 08:18:23,540
FROV00001,FrozenEngine,1398,11/23/2024, 09:14:54,540
FROV00001,FrozenEngine,1398,11/23/2024, 10:15:00,540
FROV00001,FrozenEngine,1398,11/23/2024, 11:11:56,540
FROV00001,FrozenEngine,1398,11/23/2024, 12:26:35,540
FROV00001,FrozenEngine,1398,11/23/2024, 13:20:44,540
FROV00001,FrozenEngine,1398,11/23/2024, 14:13:35,540
FROV00001,FrozenEngine,1398,11/23/2024, 15:14:03,540
FROV00001,FrozenEngine,1398,11/23/2024, 16:16:51,540
FROV00001,FrozenEngine,1398,11/23/2024, 17:13:41,540
FROV00001,FrozenEngine,1398,11/23/2024, 18:18:30,540
FROV00001,FrozenEngine,1398,11/23/2024, 19:11:40,540
FROV00001,FrozenEngine,1398,11/23/2024, 20:16:51,540
FROV00001,FrozenEngine,1398,11/23/2024, 21:14:59,540
FROV00001,FrozenEngine,1398,11/23/2024, 22:14:00,540
FROV00001,FrozenEngine,1398,11/23/2024, 23:15:22,540
FROV00001,FrozenEngine,1398,11/24/2024, 01:15:08,540
FROV00001,FrozenEngine,1398,11/24/2024, 03:00:12,540
FROV00001,FrozenEngine,1398,11/24/2024, 03:36:00,540
FROV00001,FrozenEngine,1398,11/24/2024, 04:18:43,540
FROV00001,FrozenEngine,1398,11/24/2024, 05:15:36,540
FROV00001,FrozenEngine,1398,11/24/2024, 06:21:02,540
FROV00001,FrozenEngine,1398,11/24/2024, 07:14:12,540
FROV00001,FrozenEngine,1398,11/24/2024, 08:18:16,540
FROV00001,FrozenEngine,1398,11/24/2024, 09:14:35,540
FROV00001,FrozenEngine,1398,11/24/2024, 10:15:49,540
FROV00001,FrozenEngine,1398,11/24/2024, 11:11:48,540
FROV00001,FrozenEngine,1398,11/24/2024, 12:27:10,540
FROV00001,FrozenEngine,1398,11/24/2024, 13:20:53,540
FROV00001,FrozenEngine,1398,11/24/2024, 14:14:06,540
FROV00001,FrozenEngine,1398,11/24/2024, 15:15:05,540
FROV00001,FrozenEngine,1398,11/24/2024, 16:17:07,540
FROV00001,FrozenEngine,1398,11/24/2024, 17:13:27,540
FROV00001,FrozenEngine,1398,11/24/2024, 18:18:43,540
FROV00001,FrozenEngine,1398,11/24/2024, 19:13:19,540
FROV00001,FrozenEngine,1398,11/24/2024, 20:15:47,540
FROV00001,FrozenEngine,1398,11/24/2024, 21:13:56,540
FROV00001,FrozenEngine,1398,11/24/2024, 22:13:57,540
FROV00001,FrozenEngine,1398,11/24/2024, 23:15:23,540
FROV00001,FrozenEngine,1398,11/25/2024, 01:11:26,540
FROV00001,FrozenEngine,1398,11/25/2024, 02:57:56,540
FROV00001,FrozenEngine,1398,11/25/2024, 03:31:49,540
FROV00001,FrozenEngine,1398,11/25/2024, 04:19:04,540
FROV00001,FrozenEngine,1398,11/25/2024, 05:16:19,540
FROV00001,FrozenEngine,1398,11/25/2024, 06:22:24,540
FROV00001,FrozenEngine,1398,11/25/2024, 07:16:18,540
FROV00001,FrozenEngine,1398,11/25/2024, 08:21:15,540
FROV00001,FrozenEngine,1398,11/25/2024, 09:17:56,540
FROV00001,FrozenEngine,1398,11/25/2024, 10:17:50,540
FROV00001,FrozenEngine,1398,11/25/2024, 11:13:44,540
FROV00001,FrozenEngine,1398,11/25/2024, 12:30:49,540
FROV00001,FrozenEngine,1398,11/25/2024, 13:25:56,540
FROV00001,FrozenEngine,1398,11/25/2024, 14:15:10,540
FROV00001,FrozenEngine,1398,11/25/2024, 15:17:08,540
FROV00001,FrozenEngine,1398,11/25/2024, 16:19:25,540
FROV00001,FrozenEngine,1398,11/25/2024, 17:14:39,540
FROV00001,FrozenEngine,1398,11/25/2024, 18:20:59,540
FROV00001,FrozenEngine,1398,11/25/2024, 19:13:17,540
FROV00001,FrozenEngine,1398,11/25/2024, 20:17:37,540
FROV00001,FrozenEngine,1398,11/25/2024, 21:15:07,540
FROV00001,FrozenEngine,1398,11/25/2024, 22:14:49,540
FROV00001,FrozenEngine,1398,11/25/2024, 23:15:37,540
FROV00001,FrozenEngine,1398,11/26/2024, 01:10:19,540
FROV00001,FrozenEngine,1398,11/26/2024, 02:56:40,540
FROV00001,FrozenEngine,1398,11/26/2024, 03:29:28,540
FROV00001,FrozenEngine,1398,11/26/2024, 04:18:54,540
FROV00001,FrozenEngine,1398,11/26/2024, 05:15:46,540
FROV00001,FrozenEngine,1398,11/26/2024, 06:22:07,540
FROV00001,FrozenEngine,1398,11/26/2024, 07:15:44,540
FROV00001,FrozenEngine,1398,11/26/2024, 08:20:48,540
FROV00001,FrozenEngine,1398,11/26/2024, 09:17:37,540
FROV00001,FrozenEngine,1398,11/26/2024, 10:17:24,540
FROV00001,FrozenEngine,1398,11/26/2024, 11:13:47,540
FROV00001,FrozenEngine,1398,11/26/2024, 12:30:24,540
FROV00001,FrozenEngine,1398,11/26/2024, 13:26:30,540
FROV00001,FrozenEngine,1398,11/26/2024, 14:15:43,540
FROV00001,FrozenEngine,1398,11/26/2024, 15:17:14,540
FROV00001,FrozenEngine,1398,11/26/2024, 16:20:39,540
FROV00001,FrozenEngine,1398,11/26/2024, 17:14:39,540
FROV00001,FrozenEngine,1398,11/26/2024, 18:21:35,540
FROV00001,FrozenEngine,1398,11/26/2024, 19:13:30,540
FROV00001,FrozenEngine,1398,11/26/2024, 20:17:12,540
FROV00001,FrozenEngine,1398,11/26/2024, 21:15:18,540
FROV00001,FrozenEngine,1398,11/26/2024, 22:15:14,540
FROV00001,FrozenEngine,1398,11/26/2024, 23:15:10,540
FROV00001,FrozenEngine,1398,11/27/2024, 01:11:04,540
FROV00001,FrozenEngine,1398,11/27/2024, 02:58:54,540
FROV00001,FrozenEngine,1398,11/27/2024, 03:33:55,540
FROV00001,FrozenEngine,1398,11/27/2024, 04:19:02,540
FROV00001,FrozenEngine,1398,11/27/2024, 05:16:00,540
FROV00001,FrozenEngine,1398,11/27/2024, 06:22:27,540
FROV00001,FrozenEngine,1398,11/27/2024, 07:15:38,540
FROV00001,FrozenEngine,1398,11/27/2024, 08:20:59,540
FROV00001,FrozenEngine,1398,11/27/2024, 09:16:50,540
FROV00001,FrozenEngine,1398,11/27/2024, 10:17:40,540
FROV00001,FrozenEngine,1398,11/27/2024, 11:14:05,540
FROV00001,FrozenEngine,1398,11/27/2024, 12:30:27,540
FROV00001,FrozenEngine,1398,11/27/2024, 13:26:22,540
FROV00001,FrozenEngine,1398,11/27/2024, 14:15:24,540
FROV00001,FrozenEngine,1398,11/27/2024, 15:16:33,540
FROV00001,FrozenEngine,1398,11/27/2024, 16:19:25,540
FROV00001,FrozenEngine,1398,11/27/2024, 17:14:15,540
FROV00001,FrozenEngine,1398,11/27/2024, 18:21:17,540
FROV00001,FrozenEngine,1398,11/27/2024, 19:13:21,540
FROV00001,FrozenEngine,1398,11/27/2024, 20:17:18,540
FROV00001,FrozenEngine,1398,11/27/2024, 21:14:45,540
FROV00001,FrozenEngine,1398,11/27/2024, 22:14:52,540
FROV00001,FrozenEngine,1398,11/27/2024, 23:15:11,540
FROV00001,FrozenEngine,1398,11/28/2024, 01:11:06,540
FROV00001,FrozenEngine,1398,11/28/2024, 02:58:30,540
FROV00001,FrozenEngine,1398,11/28/2024, 03:33:39,540
FROV00001,FrozenEngine,1398,11/28/2024, 04:19:12,540
FROV00001,FrozenEngine,1398,11/28/2024, 05:15:55,540
FROV00001,FrozenEngine,1398,11/28/2024, 06:22:32,540
FROV00001,FrozenEngine,1398,11/28/2024, 07:16:03,540
FROV00001,FrozenEngine,1398,11/28/2024, 08:21:00,540
FROV00001,FrozenEngine,1398,11/28/2024, 09:17:23,540
FROV00001,FrozenEngine,1398,11/28/2024, 10:17:18,540
FROV00001,FrozenEngine,1398,11/28/2024, 11:13:29,540
FROV00001,FrozenEngine,1398,11/28/2024, 12:30:43,540
FROV00001,FrozenEngine,1398,11/28/2024, 13:25:56,540
FROV00001,FrozenEngine,1398,11/28/2024, 14:15:02,540
FROV00001,FrozenEngine,1398,11/28/2024, 15:16:25,540
FROV00001,FrozenEngine,1398,11/28/2024, 16:19:22,540
FROV00001,FrozenEngine,1398,11/28/2024, 17:14:08,540
FROV00001,FrozenEngine,1398,11/28/2024, 18:20:32,540
FROV00001,FrozenEngine,1398,11/28/2024, 19:13:03,540
FROV00001,FrozenEngine,1398,11/28/2024, 20:16:55,540
FROV00001,FrozenEngine,1398,11/28/2024, 21:14:34,540
FROV00001,FrozenEngine,1398,11/28/2024, 22:14:33,540
FROV00001,FrozenEngine,1398,11/28/2024, 23:15:14,540
FROV00001,FrozenEngine,1398,11/29/2024, 01:10:56,540
FROV00001,FrozenEngine,1398,11/29/2024, 02:58:28,540
FROV00001,FrozenEngine,1398,11/29/2024, 03:32:58,540
FROV00001,FrozenEngine,1398,11/29/2024, 04:19:13,540
FROV00001,FrozenEngine,1398,11/29/2024, 05:16:07,540
FROV00001,FrozenEngine,1398,11/29/2024, 06:22:25,540
FROV00001,FrozenEngine,1398,11/29/2024, 07:15:33,540
FROV00001,FrozenEngine,1398,11/29/2024, 08:20:25,540
FROV00001,FrozenEngine,1398,11/29/2024, 09:17:18,540
FROV00001,FrozenEngine,1398,11/29/2024, 10:16:50,540
FROV00001,FrozenEngine,1398,11/29/2024, 11:13:15,540
FROV00001,FrozenEngine,1398,11/29/2024, 12:30:05,540
FROV00001,FrozenEngine,1398,11/29/2024, 13:25:33,540
FROV00001,FrozenEngine,1398,11/29/2024, 14:14:58,540
FROV00001,FrozenEngine,1398,11/29/2024, 15:16:41,540
FROV00001,FrozenEngine,1398,11/29/2024, 16:19:13,540
FROV00001,FrozenEngine,1398,11/29/2024, 17:14:23,540
FROV00001,FrozenEngine,1398,11/29/2024, 18:20:43,540
FROV00001,FrozenEngine,1398,11/29/2024, 19:13:21,540
FROV00001,FrozenEngine,1398,11/29/2024, 20:16:40,540
FROV00001,FrozenEngine,1398,11/29/2024, 21:14:25,540
FROV00001,FrozenEngine,1398,11/29/2024, 22:14:36,540
FROV00001,FrozenEngine,1398,11/29/2024, 23:15:25,540
FROV00001,FrozenEngine,1398,11/30/2024, 01:09:16,540
FROV00001,FrozenEngine,1398,11/30/2024, 02:53:20,540
FROV00001,FrozenEngine,1398,11/30/2024, 03:26:11,540
FROV00001,FrozenEngine,1398,11/30/2024, 04:18:31,540
FROV00001,FrozenEngine,1398,11/30/2024, 05:14:30,540
FROV00001,FrozenEngine,1398,11/30/2024, 06:20:05,540
FROV00001,FrozenEngine,1398,11/30/2024, 07:14:06,540
FROV00001,FrozenEngine,1398,11/30/2024, 08:18:55,540
FROV00001,FrozenEngine,1398,11/30/2024, 09:15:17,540
FROV00001,FrozenEngine,1398,11/30/2024, 10:15:08,540
FROV00001,FrozenEngine,1398,11/30/2024, 11:13:09,540
FROV00001,FrozenEngine,1398,11/30/2024, 12:27:29,540
FROV00001,FrozenEngine,1398,11/30/2024, 13:21:19,540
FROV00001,FrozenEngine,1398,11/30/2024, 14:13:33,540
FROV00001,FrozenEngine,1398,11/30/2024, 15:14:36,540
FROV00001,FrozenEngine,1398,11/30/2024, 16:17:15,540
FROV00001,FrozenEngine,1398,11/30/2024, 17:13:04,540
FROV00001,FrozenEngine,1398,11/30/2024, 18:18:54,540
FROV00001,FrozenEngine,1398,11/30/2024, 19:11:54,540
FROV00001,FrozenEngine,1398,11/30/2024, 20:16:11,540
FROV00001,FrozenEngine,1398,11/30/2024, 21:13:52,540
FROV00001,FrozenEngine,1398,11/30/2024, 22:14:23,540
FROV00001,FrozenEngine,1398,11/30/2024, 23:14:38,540
FROV00001,FrozenEngine,1398,12/01/2024, 01:22:12,540
FROV00001,FrozenEngine,1398,12/01/2024, 03:13:36,540
FROV00001,FrozenEngine,1398,12/01/2024, 04:20:58,540
FROV00001,FrozenEngine,1398,12/01/2024, 05:15:21,540
FROV00001,FrozenEngine,1398,12/01/2024, 06:21:15,540
FROV00001,FrozenEngine,1398,12/01/2024, 07:14:41,540
FROV00001,FrozenEngine,1398,12/01/2024, 08:19:15,540
FROV00001,FrozenEngine,1398,12/01/2024, 09:15:13,540
FROV00001,FrozenEngine,1398,12/01/2024, 10:15:47,540
FROV00001,FrozenEngine,1398,12/01/2024, 11:12:41,540
FROV00001,FrozenEngine,1398,12/01/2024, 12:28:01,540
FROV00001,FrozenEngine,1398,12/01/2024, 13:22:59,540
FROV00001,FrozenEngine,1398,12/01/2024, 14:13:36,540
FROV00001,FrozenEngine,1398,12/01/2024, 15:14:56,540
FROV00001,FrozenEngine,1398,12/01/2024, 16:17:24,540
FROV00001,FrozenEngine,1398,12/01/2024, 17:13:16,540
FROV00001,FrozenEngine,1398,12/01/2024, 18:19:58,540
FROV00001,FrozenEngine,1398,12/01/2024, 19:12:32,540
FROV00001,FrozenEngine,1398,12/01/2024, 20:16:39,540
FROV00001,FrozenEngine,1398,12/01/2024, 21:14:21,540
FROV00001,FrozenEngine,1398,12/01/2024, 22:14:29,540
FROV00001,FrozenEngine,1398,12/01/2024, 23:14:39,540
FROV00001,FrozenEngine,1398,12/02/2024, 01:13:39,540
FROV00001,FrozenEngine,1398,12/02/2024, 03:02:37,540
FROV00001,FrozenEngine,1398,12/02/2024, 04:19:37,540
FROV00001,FrozenEngine,1398,12/02/2024, 05:16:31,540
FROV00001,FrozenEngine,1398,12/02/2024, 06:22:54,540
FROV00001,FrozenEngine,1398,12/02/2024, 07:16:50,540
FROV00001,FrozenEngine,1398,12/02/2024, 08:22:08,540
FROV00001,FrozenEngine,1398,12/02/2024, 09:18:35,540
FROV00001,FrozenEngine,1398,12/02/2024, 10:18:14,540
FROV00001,FrozenEngine,1398,12/02/2024, 11:13:55,540
FROV00001,FrozenEngine,1398,12/02/2024, 12:32:00,540
FROV00001,FrozenEngine,1398,12/02/2024, 13:26:30,540
FROV00001,FrozenEngine,1398,12/02/2024, 14:15:16,540
FROV00001,FrozenEngine,1398,12/02/2024, 15:17:07,540
FROV00001,FrozenEngine,1398,12/02/2024, 16:20:11,540
FROV00001,FrozenEngine,1398,12/02/2024, 17:14:37,540
FROV00001,FrozenEngine,1398,12/02/2024, 18:21:40,540
FROV00001,FrozenEngine,1398,12/02/2024, 19:13:30,540
FROV00001,FrozenEngine,1398,12/02/2024, 20:16:31,540
FROV00001,FrozenEngine,1398,12/02/2024, 21:14:50,540
FROV00001,FrozenEngine,1398,12/02/2024, 22:14:59,540
FROV00001,FrozenEngine,1398,12/02/2024, 23:17:11,540
FROV00001,FrozenEngine,1398,12/03/2024, 01:12:49,540
FROV00001,FrozenEngine,1398,12/03/2024, 03:03:01,540
FROV00001,FrozenEngine,1398,12/03/2024, 04:20:08,540
FROV00001,FrozenEngine,1398,12/03/2024, 05:16:21,540
FROV00001,FrozenEngine,1398,12/03/2024, 06:22:41,540
FROV00001,FrozenEngine,1398,12/03/2024, 07:15:43,540
FROV00001,FrozenEngine,1398,12/03/2024, 08:20:29,540
FROV00001,FrozenEngine,1398,12/03/2024, 09:17:16,540
FROV00001,FrozenEngine,1398,12/03/2024, 10:18:10,540
FROV00001,FrozenEngine,1398,12/03/2024, 11:14:01,540
FROV00001,FrozenEngine,1398,12/03/2024, 12:30:50,540
FROV00001,FrozenEngine,1398,12/03/2024, 13:26:26,540
FROV00001,FrozenEngine,1398,12/03/2024, 14:14:40,540
FROV00001,FrozenEngine,1398,12/03/2024, 15:16:50,540
FROV00001,FrozenEngine,1398,12/03/2024, 16:19:50,540
FROV00001,FrozenEngine,1398,12/03/2024, 17:15:36,540
FROV00001,FrozenEngine,1398,12/03/2024, 18:19:26,540
FROV00001,FrozenEngine,1398,12/03/2024, 19:13:30,540
FROV00001,FrozenEngine,1398,12/03/2024, 20:17:35,540
FROV00001,FrozenEngine,1398,12/03/2024, 21:15:26,540
FROV00001,FrozenEngine,1398,12/03/2024, 22:15:44,540
FROV00001,FrozenEngine,1398,12/03/2024, 23:15:08,540
FROV00001,FrozenEngine,1398,12/04/2024, 01:12:43,540
FROV00001,FrozenEngine,1398,12/04/2024, 03:00:50,540
FROV00001,FrozenEngine,1398,12/04/2024, 03:38:00,540
FROV00001,FrozenEngine,1398,12/04/2024, 04:19:08,540
FROV00001,FrozenEngine,1398,12/04/2024, 05:15:46,540
FROV00001,FrozenEngine,1398,12/04/2024, 06:22:35,540
FROV00001,FrozenEngine,1398,12/04/2024, 07:15:51,540
FROV00001,FrozenEngine,1398,12/04/2024, 08:21:33,540
FROV00001,FrozenEngine,1398,12/04/2024, 09:17:13,540
FROV00001,FrozenEngine,1398,12/04/2024, 10:17:42,540
FROV00001,FrozenEngine,1398,12/04/2024, 11:13:50,540
FROV00001,FrozenEngine,1398,12/04/2024, 12:31:50,540
FROV00001,FrozenEngine,1398,12/04/2024, 13:26:26,540
FROV00001,FrozenEngine,1398,12/04/2024, 14:15:43,540
FROV00001,FrozenEngine,1398,12/04/2024, 15:17:27,540
FROV00001,FrozenEngine,1398,12/04/2024, 16:20:46,540
FROV00001,FrozenEngine,1398,12/04/2024, 17:14:24,540
FROV00001,FrozenEngine,1398,12/04/2024, 18:22:15,540
FROV00001,FrozenEngine,1398,12/04/2024, 19:15:48,540
FROV00001,FrozenEngine,1398,12/04/2024, 20:18:02,540
FROV00001,FrozenEngine,1398,12/04/2024, 21:15:17,540
FROV00001,FrozenEngine,1398,12/04/2024, 22:15:18,540
FROV00001,FrozenEngine,1398,12/04/2024, 23:15:43,540
FROV00001,FrozenEngine,1398,12/05/2024, 01:12:45,540
FROV00001,FrozenEngine,1398,12/05/2024, 03:01:44,540
FROV00001,FrozenEngine,1398,12/05/2024, 03:39:03,540
FROV00001,FrozenEngine,1398,12/05/2024, 04:19:24,540
FROV00001,FrozenEngine,1398,12/05/2024, 05:16:21,540
FROV00001,FrozenEngine,1398,12/05/2024, 06:22:43,540
FROV00001,FrozenEngine,1398,12/05/2024, 07:15:53,540
FROV00001,FrozenEngine,1398,12/05/2024, 08:21:24,540
FROV00001,FrozenEngine,1398,12/05/2024, 09:17:38,540
FROV00001,FrozenEngine,1398,12/05/2024, 10:17:37,540
FROV00001,FrozenEngine,1398,12/05/2024, 11:13:55,540
FROV00001,FrozenEngine,1398,12/05/2024, 12:31:04,540
FROV00001,FrozenEngine,1398,12/05/2024, 13:26:59,540
FROV00001,FrozenEngine,1398,12/05/2024, 14:15:27,540
FROV00001,FrozenEngine,1398,12/05/2024, 15:17:41,540
FROV00001,FrozenEngine,1398,12/05/2024, 16:20:13,540
FROV00001,FrozenEngine,1398,12/05/2024, 17:14:50,540
FROV00001,FrozenEngine,1398,12/05/2024, 18:19:41,540
FROV00001,FrozenEngine,1398,12/05/2024, 19:12:46,540
FROV00001,FrozenEngine,1398,12/05/2024, 20:18:04,540
FROV00001,FrozenEngine,1398,12/05/2024, 21:15:03,540
FROV00001,FrozenEngine,1398,12/05/2024, 22:15:28,540
FROV00001,FrozenEngine,1398,12/05/2024, 23:15:58,540
FROV00001,FrozenEngine,1398,12/06/2024, 01:11:43,540
FROV00001,FrozenEngine,1398,12/06/2024, 03:00:12,540
FROV00001,FrozenEngine,1398,12/06/2024, 03:36:50,540
FROV00001,FrozenEngine,1398,12/06/2024, 04:19:34,540
FROV00001,FrozenEngine,1398,12/06/2024, 05:16:15,540
FROV00001,FrozenEngine,1398,12/06/2024, 06:22:13,540
FROV00001,FrozenEngine,1398,12/06/2024, 07:15:37,540
FROV00001,FrozenEngine,1398,12/06/2024, 08:20:37,540
FROV00001,FrozenEngine,1398,12/06/2024, 09:17:08,540
FROV00001,FrozenEngine,1398,12/06/2024, 10:17:31,540
FROV00001,FrozenEngine,1398,12/06/2024, 11:14:10,540
FROV00001,FrozenEngine,1398,12/06/2024, 12:30:31,540
FROV00001,FrozenEngine,1398,12/06/2024, 13:25:48,540
FROV00001,FrozenEngine,1398,12/06/2024, 14:15:19,540
FROV00001,FrozenEngine,1398,12/06/2024, 15:16:51,540
FROV00001,FrozenEngine,1398,12/06/2024, 16:19:34,540
FROV00001,FrozenEngine,1398,12/06/2024, 17:14:33,540
FROV00001,FrozenEngine,1398,12/06/2024, 18:21:25,540
FROV00001,FrozenEngine,1398,12/06/2024, 19:13:12,540
FROV00001,FrozenEngine,1398,12/06/2024, 20:17:40,540
FROV00001,FrozenEngine,1398,12/06/2024, 21:14:49,540
FROV00001,FrozenEngine,1398,12/06/2024, 22:15:15,540
FROV00001,FrozenEngine,1398,12/06/2024, 23:15:15,540
FROV00001,FrozenEngine,1398,12/07/2024, 01:11:23,540
FROV00001,FrozenEngine,1398,12/07/2024, 02:58:12,540
FROV00001,FrozenEngine,1398,12/07/2024, 03:33:03,540
FROV00001,FrozenEngine,1398,12/07/2024, 04:19:14,540
FROV00001,FrozenEngine,1398,12/07/2024, 05:15:14,540
FROV00001,FrozenEngine,1398,12/07/2024, 06:20:42,540
FROV00001,FrozenEngine,1398,12/07/2024, 07:14:35,540
FROV00001,FrozenEngine,1398,12/07/2024, 08:18:56,540
FROV00001,FrozenEngine,1398,12/07/2024, 09:15:25,540
FROV00001,FrozenEngine,1398,12/07/2024, 10:16:26,540
FROV00001,FrozenEngine,1398,12/07/2024, 11:13:01,540
FROV00001,FrozenEngine,1398,12/07/2024, 12:28:01,540
FROV00001,FrozenEngine,1398,12/07/2024, 13:22:13,540
FROV00001,FrozenEngine,1398,12/07/2024, 14:13:39,540
FROV00001,FrozenEngine,1398,12/07/2024, 15:15:05,540
FROV00001,FrozenEngine,1398,12/07/2024, 16:17:47,540
FROV00001,FrozenEngine,1398,12/07/2024, 17:12:46,540
FROV00001,FrozenEngine,1398,12/07/2024, 18:19:40,540
FROV00001,FrozenEngine,1398,12/07/2024, 19:12:21,540
FROV00001,FrozenEngine,1398,12/07/2024, 20:15:46,540
FROV00001,FrozenEngine,1398,12/07/2024, 21:14:02,540
FROV00001,FrozenEngine,1398,12/07/2024, 22:14:31,540
FROV00001,FrozenEngine,1398,12/07/2024, 23:14:46,540
FROV00001,FrozenEngine,1398,12/08/2024, 01:17:26,540
FROV00001,FrozenEngine,1398,12/08/2024, 03:06:14,540
FROV00001,FrozenEngine,1398,12/08/2024, 04:18:42,540
FROV00001,FrozenEngine,1398,12/08/2024, 05:15:23,540
FROV00001,FrozenEngine,1398,12/08/2024, 06:20:45,540
FROV00001,FrozenEngine,1398,12/08/2024, 07:14:40,540
FROV00001,FrozenEngine,1398,12/08/2024, 08:19:06,540
FROV00001,FrozenEngine,1398,12/08/2024, 09:15:37,540
FROV00001,FrozenEngine,1398,12/08/2024, 10:15:13,540
FROV00001,FrozenEngine,1398,12/08/2024, 11:12:49,540
FROV00001,FrozenEngine,1398,12/08/2024, 12:28:36,540
FROV00001,FrozenEngine,1398,12/08/2024, 13:22:27,540
FROV00001,FrozenEngine,1398,12/08/2024, 14:13:52,540
FROV00001,FrozenEngine,1398,12/08/2024, 15:15:29,540
FROV00001,FrozenEngine,1398,12/08/2024, 16:17:35,540
FROV00001,FrozenEngine,1398,12/08/2024, 17:13:05,540
FROV00001,FrozenEngine,1398,12/08/2024, 18:19:37,540
FROV00001,FrozenEngine,1398,12/08/2024, 19:12:05,540
FROV00001,FrozenEngine,1398,12/08/2024, 20:16:57,540
FROV00001,FrozenEngine,1398,12/08/2024, 21:13:53,540
FROV00001,FrozenEngine,1398,12/08/2024, 22:14:24,540
FROV00001,FrozenEngine,1398,12/08/2024, 23:14:30,540
FROV00001,FrozenEngine,1398,12/09/2024, 01:14:29,540
FROV00001,FrozenEngine,1398,12/09/2024, 03:04:12,540
FROV00001,FrozenEngine,1398,12/09/2024, 04:19:39,540
FROV00001,FrozenEngine,1398,12/09/2024, 05:16:45,540
FROV00001,FrozenEngine,1398,12/09/2024, 06:23:06,540
FROV00001,FrozenEngine,1398,12/09/2024, 07:16:32,540
FROV00001,FrozenEngine,1398,12/09/2024, 08:22:03,540
FROV00001,FrozenEngine,1398,12/09/2024, 09:18:23,540
FROV00001,FrozenEngine,1398,12/09/2024, 10:18:00,540
FROV00001,FrozenEngine,1398,12/09/2024, 11:14:37,540
FROV00001,FrozenEngine,1398,12/09/2024, 12:32:35,540
FROV00001,FrozenEngine,1398,12/09/2024, 13:27:11,540
FROV00001,FrozenEngine,1398,12/09/2024, 14:15:31,540
FROV00001,FrozenEngine,1398,12/09/2024, 15:17:33,540
FROV00001,FrozenEngine,1398,12/09/2024, 16:20:36,540
FROV00001,FrozenEngine,1398,12/09/2024, 17:14:53,540
FROV00001,FrozenEngine,1398,12/09/2024, 18:22:04,540
FROV00001,FrozenEngine,1398,12/09/2024, 19:13:18,540
FROV00001,FrozenEngine,1398,12/09/2024, 20:18:15,540
FROV00001,FrozenEngine,1398,12/09/2024, 21:15:06,540
FROV00001,FrozenEngine,1398,12/09/2024, 22:15:35,540
FROV00001,FrozenEngine,1398,12/09/2024, 23:15:36,540
FROV00001,FrozenEngine,1398,12/10/2024, 01:13:34,540
FROV00001,FrozenEngine,1398,12/10/2024, 03:02:45,540
FROV00001,FrozenEngine,1398,12/10/2024, 04:19:41,540
FROV00001,FrozenEngine,1398,12/10/2024, 05:16:34,540
FROV00001,FrozenEngine,1398,12/10/2024, 06:22:25,540
FROV00001,FrozenEngine,1398,12/10/2024, 07:15:52,540
FROV00001,FrozenEngine,1398,12/10/2024, 08:21:41,540
FROV00001,FrozenEngine,1398,12/10/2024, 09:17:47,540
FROV00001,FrozenEngine,1398,12/10/2024, 10:18:05,540
FROV00001,FrozenEngine,1398,12/10/2024, 11:14:33,540
FROV00001,FrozenEngine,1398,12/10/2024, 12:31:54,540
FROV00001,FrozenEngine,1398,12/10/2024, 13:26:58,540
FROV00001,FrozenEngine,1398,12/10/2024, 14:15:49,540
FROV00001,FrozenEngine,1398,12/10/2024, 15:17:23,540
FROV00001,FrozenEngine,1398,12/10/2024, 16:20:20,540
FROV00001,FrozenEngine,1398,12/10/2024, 17:20:50,540
FROV00001,FrozenEngine,1398,12/10/2024, 18:22:04,540
FROV00001,FrozenEngine,1398,12/10/2024, 19:13:21,540
FROV00001,FrozenEngine,1398,12/10/2024, 20:17:57,540
FROV00001,FrozenEngine,1398,12/10/2024, 21:15:05,540
FROV00001,FrozenEngine,1398,12/10/2024, 22:15:39,540
FROV00001,FrozenEngine,1398,12/10/2024, 23:15:28,540
FROV00001,FrozenEngine,1398,12/11/2024, 01:12:42,540
FROV00001,FrozenEngine,1398,12/11/2024, 03:00:47,540
FROV00001,FrozenEngine,1398,12/11/2024, 03:37:21,540
FROV00001,FrozenEngine,1398,12/11/2024, 04:19:59,540
FROV00001,FrozenEngine,1398,12/11/2024, 05:16:07,540
FROV00001,FrozenEngine,1398,12/11/2024, 06:22:38,540
FROV00001,FrozenEngine,1398,12/11/2024, 07:16:01,540
FROV00001,FrozenEngine,1398,12/11/2024, 08:21:39,540
FROV00001,FrozenEngine,1398,12/11/2024, 09:17:18,540
FROV00001,FrozenEngine,1398,12/11/2024, 10:18:03,540
FROV00001,FrozenEngine,1398,12/11/2024, 11:14:04,540
FROV00001,FrozenEngine,1398,12/11/2024, 12:31:10,540
FROV00001,FrozenEngine,1398,12/11/2024, 13:26:36,540
FROV00001,FrozenEngine,1398,12/11/2024, 14:15:33,540
FROV00001,FrozenEngine,1398,12/11/2024, 15:17:02,540
FROV00001,FrozenEngine,1398,12/11/2024, 16:20:39,540
FROV00001,FrozenEngine,1398,12/11/2024, 17:14:28,540
FROV00001,FrozenEngine,1398,12/11/2024, 18:21:54,540
FROV00001,FrozenEngine,1398,12/11/2024, 19:13:18,540
FROV00001,FrozenEngine,1398,12/11/2024, 20:18:21,540
FROV00001,FrozenEngine,1398,12/11/2024, 21:14:58,540
FROV00001,FrozenEngine,1398,12/11/2024, 22:15:40,540
FROV00001,FrozenEngine,1398,12/11/2024, 23:15:23,540
FROV00001,FrozenEngine,1398,12/12/2024, 01:12:15,540
FROV00001,FrozenEngine,1398,12/12/2024, 03:01:22,540
FROV00001,FrozenEngine,1398,12/12/2024, 03:38:09,540
FROV00001,FrozenEngine,1398,12/12/2024, 04:19:14,540
FROV00001,FrozenEngine,1398,12/12/2024, 05:16:32,540
FROV00001,FrozenEngine,1398,12/12/2024, 06:22:46,540
FROV00001,FrozenEngine,1398,12/12/2024, 07:16:07,540
FROV00001,FrozenEngine,1398,12/12/2024, 08:21:08,540
FROV00001,FrozenEngine,1398,12/12/2024, 09:17:44,540
FROV00001,FrozenEngine,1398,12/12/2024, 10:17:26,540
FROV00001,FrozenEngine,1398,12/12/2024, 11:14:04,540
FROV00001,FrozenEngine,1398,12/12/2024, 12:31:34,540
FROV00001,FrozenEngine,1398,12/12/2024, 13:26:20,540
FROV00001,FrozenEngine,1398,12/12/2024, 14:15:39,540
FROV00001,FrozenEngine,1398,12/12/2024, 15:17:03,540
FROV00001,FrozenEngine,1398,12/12/2024, 16:20:13,540
FROV00001,FrozenEngine,1398,12/12/2024, 17:14:39,540
FROV00001,FrozenEngine,1398,12/12/2024, 18:22:05,540
FROV00001,FrozenEngine,1398,12/12/2024, 19:13:21,540
FROV00001,FrozenEngine,1398,12/12/2024, 20:18:15,540
FROV00001,FrozenEngine,1398,12/12/2024, 21:15:14,540
FROV00001,FrozenEngine,1398,12/12/2024, 22:15:25,540
FROV00001,FrozenEngine,1398,12/12/2024, 23:16:00,540
FROV00001,FrozenEngine,1398,12/13/2024, 01:13:40,540
FROV00001,FrozenEngine,1398,12/13/2024, 03:02:15,540
FROV00001,FrozenEngine,1398,12/13/2024, 04:19:23,540
FROV00001,FrozenEngine,1398,12/13/2024, 05:15:56,540
FROV00001,FrozenEngine,1398,12/13/2024, 06:22:27,540
FROV00001,FrozenEngine,1398,12/13/2024, 07:15:52,540
FROV00001,FrozenEngine,1398,12/13/2024, 08:20:48,540
FROV00001,FrozenEngine,1398,12/13/2024, 09:17:13,540
FROV00001,FrozenEngine,1398,12/13/2024, 10:17:01,540
FROV00001,FrozenEngine,1398,12/13/2024, 11:13:28,540
FROV00001,FrozenEngine,1398,12/13/2024, 12:30:33,540
FROV00001,FrozenEngine,1398,12/13/2024, 13:25:56,540
FROV00001,FrozenEngine,1398,12/13/2024, 14:15:28,540
FROV00001,FrozenEngine,1398,12/13/2024, 15:16:46,540
FROV00001,FrozenEngine,1398,12/13/2024, 16:19:32,540
FROV00001,FrozenEngine,1398,12/13/2024, 17:14:59,540
FROV00001,FrozenEngine,1398,12/13/2024, 18:21:34,540
FROV00001,FrozenEngine,1398,12/13/2024, 19:13:25,540
FROV00001,FrozenEngine,1398,12/13/2024, 20:17:49,540
FROV00001,FrozenEngine,1398,12/13/2024, 21:14:49,540
FROV00001,FrozenEngine,1398,12/13/2024, 22:15:17,540
FROV00001,FrozenEngine,1398,12/13/2024, 23:15:33,540
FROV00001,FrozenEngine,1398,12/14/2024, 01:10:09,540
FROV00001,FrozenEngine,1398,12/14/2024, 02:55:51,540
FROV00001,FrozenEngine,1398,12/14/2024, 03:28:54,540
FROV00001,FrozenEngine,1398,12/14/2024, 04:18:50,540
FROV00001,FrozenEngine,1398,12/14/2024, 05:15:03,540
FROV00001,FrozenEngine,1398,12/14/2024, 06:20:53,540
FROV00001,FrozenEngine,1398,12/14/2024, 07:14:26,540
FROV00001,FrozenEngine,1398,12/14/2024, 08:19:01,540
FROV00001,FrozenEngine,1398,12/14/2024, 09:15:20,540
FROV00001,FrozenEngine,1398,12/14/2024, 10:15:19,540
FROV00001,FrozenEngine,1398,12/14/2024, 11:12:47,540
FROV00001,FrozenEngine,1398,12/14/2024, 12:27:58,540
FROV00001,FrozenEngine,1398,12/14/2024, 13:21:53,540
FROV00001,FrozenEngine,1398,12/14/2024, 14:13:35,540
FROV00001,FrozenEngine,1398,12/14/2024, 15:15:12,540
FROV00001,FrozenEngine,1398,12/14/2024, 16:17:36,540
FROV00001,FrozenEngine,1398,12/14/2024, 17:12:51,540
FROV00001,FrozenEngine,1398,12/14/2024, 18:19:41,540
FROV00001,FrozenEngine,1398,12/14/2024, 19:11:59,540
FROV00001,FrozenEngine,1398,12/14/2024, 20:16:06,540
FROV00001,FrozenEngine,1398,12/14/2024, 21:13:45,540
FROV00001,FrozenEngine,1398,12/14/2024, 22:14:29,540
FROV00001,FrozenEngine,1398,12/14/2024, 23:14:32,540
FROV00001,FrozenEngine,1398,12/15/2024, 01:17:35,540
FROV00001,FrozenEngine,1398,12/15/2024, 03:06:13,540
FROV00001,FrozenEngine,1398,12/15/2024, 04:18:41,540
FROV00001,FrozenEngine,1398,12/15/2024, 05:15:21,540
FROV00001,FrozenEngine,1398,12/15/2024, 06:20:56,540
FROV00001,FrozenEngine,1398,12/15/2024, 07:14:30,540
FROV00001,FrozenEngine,1398,12/15/2024, 08:19:02,540
FROV00001,FrozenEngine,1398,12/15/2024, 09:15:15,540
FROV00001,FrozenEngine,1398,12/15/2024, 10:15:54,540
FROV00001,FrozenEngine,1398,12/15/2024, 11:12:39,540
FROV00001,FrozenEngine,1398,12/15/2024, 12:28:29,540
FROV00001,FrozenEngine,1398,12/15/2024, 13:22:24,540
FROV00001,FrozenEngine,1398,12/15/2024, 14:13:24,540
FROV00001,FrozenEngine,1398,12/15/2024, 15:15:18,540
FROV00001,FrozenEngine,1398,12/15/2024, 16:17:28,540
FROV00001,FrozenEngine,1398,12/15/2024, 17:13:14,540
FROV00001,FrozenEngine,1398,12/15/2024, 18:19:49,540
FROV00001,FrozenEngine,1398,12/15/2024, 19:11:58,540
FROV00001,FrozenEngine,1398,12/15/2024, 20:16:29,540
FROV00001,FrozenEngine,1398,12/15/2024, 21:14:06,540
FROV00001,FrozenEngine,1398,12/15/2024, 22:14:54,540
FROV00001,FrozenEngine,1398,12/15/2024, 23:15:35,540
FROV00001,FrozenEngine,1398,12/16/2024, 01:14:53,540
FROV00001,FrozenEngine,1398,12/16/2024, 03:04:34,540
FROV00001,FrozenEngine,1398,12/16/2024, 04:19:50,540
FROV00001,FrozenEngine,1398,12/16/2024, 05:16:53,540
FROV00001,FrozenEngine,1398,12/16/2024, 06:23:13,540
FROV00001,FrozenEngine,1398,12/16/2024, 07:16:35,540
FROV00001,FrozenEngine,1398,12/16/2024, 08:22:14,540
FROV00001,FrozenEngine,1398,12/16/2024, 09:18:14,540
FROV00001,FrozenEngine,1398,12/16/2024, 10:17:56,540
FROV00001,FrozenEngine,1398,12/16/2024, 11:14:08,540
FROV00001,FrozenEngine,1398,12/16/2024, 12:32:15,540
FROV00001,FrozenEngine,1398,12/16/2024, 13:26:51,540
FROV00001,FrozenEngine,1398,12/16/2024, 14:15:51,540
FROV00001,FrozenEngine,1398,12/16/2024, 15:17:17,540
FROV00001,FrozenEngine,1398,12/16/2024, 16:20:07,540
FROV00001,FrozenEngine,1398,12/16/2024, 17:14:32,540
FROV00001,FrozenEngine,1398,12/16/2024, 18:22:09,540
FROV00001,FrozenEngine,1398,12/16/2024, 19:13:21,540
FROV00001,FrozenEngine,1398,12/16/2024, 20:17:53,540
FROV00001,FrozenEngine,1398,12/16/2024, 21:15:09,540
FROV00001,FrozenEngine,1398,12/16/2024, 22:14:17,540
FROV00001,FrozenEngine,1398,12/16/2024, 23:15:41,540
FROV00001,FrozenEngine,1398,12/17/2024, 01:12:28,540
FROV00001,FrozenEngine,1398,12/17/2024, 02:59:46,540
FROV00001,FrozenEngine,1398,12/17/2024, 03:35:50,540
FROV00001,FrozenEngine,1398,12/17/2024, 04:19:43,540
FROV00001,FrozenEngine,1398,12/17/2024, 05:15:58,540
FROV00001,FrozenEngine,1398,12/17/2024, 06:22:18,540
FROV00001,FrozenEngine,1398,12/17/2024, 07:15:55,540
FROV00001,FrozenEngine,1398,12/17/2024, 08:21:39,540
FROV00001,FrozenEngine,1398,12/17/2024, 09:17:53,540
FROV00001,FrozenEngine,1398,12/17/2024, 10:17:22,540
FROV00001,FrozenEngine,1398,12/17/2024, 11:14:06,540
FROV00001,FrozenEngine,1398,12/17/2024, 12:31:11,540
FROV00001,FrozenEngine,1398,12/17/2024, 13:26:36,540
FROV00001,FrozenEngine,1398,12/17/2024, 14:15:37,540
FROV00001,FrozenEngine,1398,12/17/2024, 15:16:59,540
FROV00001,FrozenEngine,1398,12/17/2024, 16:20:20,540
FROV00001,FrozenEngine,1398,12/17/2024, 17:14:52,540
FROV00001,FrozenEngine,1398,12/17/2024, 18:22:06,540
FROV00001,FrozenEngine,1398,12/17/2024, 19:13:17,540
FROV00001,FrozenEngine,1398,12/17/2024, 20:17:09,540
FROV00001,FrozenEngine,1398,12/17/2024, 21:13:00,540
FROV00001,FrozenEngine,1398,12/17/2024, 22:14:52,540
FROV00001,FrozenEngine,1398,12/17/2024, 23:14:49,540
FROV00001,FrozenEngine,1398,12/18/2024, 01:09:49,540
FROV00001,FrozenEngine,1398,12/18/2024, 02:55:34,540
FROV00001,FrozenEngine,1398,12/18/2024, 03:27:05,540
FROV00001,FrozenEngine,1398,12/18/2024, 04:18:41,540
FROV00001,FrozenEngine,1398,12/18/2024, 05:15:28,540
FROV00001,FrozenEngine,1398,12/18/2024, 06:21:30,540
FROV00001,FrozenEngine,1398,12/18/2024, 07:15:22,540
FROV00001,FrozenEngine,1398,12/18/2024, 08:20:35,540
FROV00001,FrozenEngine,1398,12/18/2024, 09:16:55,540
FROV00001,FrozenEngine,1398,12/18/2024, 10:16:43,540
FROV00001,FrozenEngine,1398,12/18/2024, 11:13:18,540
FROV00001,FrozenEngine,1398,12/18/2024, 12:30:02,540
FROV00001,FrozenEngine,1398,12/18/2024, 13:24:25,540
FROV00001,FrozenEngine,1398,12/18/2024, 14:15:01,540
FROV00001,FrozenEngine,1398,12/18/2024, 15:16:40,540
FROV00001,FrozenEngine,1398,12/18/2024, 16:19:10,540
FROV00001,FrozenEngine,1398,12/18/2024, 17:14:21,540
FROV00001,FrozenEngine,1398,12/18/2024, 18:21:45,540
FROV00001,FrozenEngine,1398,12/18/2024, 19:13:15,540
FROV00001,FrozenEngine,1398,12/18/2024, 20:17:09,540
FROV00001,FrozenEngine,1398,12/18/2024, 21:13:40,540
FROV00001,FrozenEngine,1398,12/18/2024, 22:15:09,540
FROV00001,FrozenEngine,1398,12/18/2024, 23:15:08,540
FROV00001,FrozenEngine,1398,12/19/2024, 01:10:29,540
FROV00001,FrozenEngine,1398,12/19/2024, 02:55:34,540
FROV00001,FrozenEngine,1398,12/19/2024, 03:27:42,540
FROV00001,FrozenEngine,1398,12/19/2024, 04:19:13,540
FROV00001,FrozenEngine,1398,12/19/2024, 05:15:48,540
FROV00001,FrozenEngine,1398,12/19/2024, 06:21:50,540
FROV00001,FrozenEngine,1398,12/19/2024, 07:15:31,540
FROV00001,FrozenEngine,1398,12/19/2024, 08:20:17,540
FROV00001,FrozenEngine,1398,12/19/2024, 09:17:13,540
FROV00001,FrozenEngine,1398,12/19/2024, 10:16:47,540
FROV00001,FrozenEngine,1398,12/19/2024, 11:13:35,540
FROV00001,FrozenEngine,1398,12/19/2024, 12:30:04,540
FROV00001,FrozenEngine,1398,12/19/2024, 13:24:27,540
FROV00001,FrozenEngine,1398,12/19/2024, 14:15:10,540
FROV00001,FrozenEngine,1398,12/19/2024, 15:16:47,540
FROV00001,FrozenEngine,1398,12/19/2024, 16:17:05,540
FROV00001,FrozenEngine,1398,12/19/2024, 17:12:46,540
FROV00001,FrozenEngine,1398,12/19/2024, 18:20:27,540
FROV00001,FrozenEngine,1398,12/19/2024, 19:12:33,540
FROV00001,FrozenEngine,1398,12/19/2024, 20:16:31,540
FROV00001,FrozenEngine,1398,12/19/2024, 21:14:24,540
FROV00001,FrozenEngine,1398,12/19/2024, 22:14:11,540
FROV00001,FrozenEngine,1398,12/19/2024, 23:14:38,540
FROV00001,FrozenEngine,1398,12/20/2024, 01:06:43,540
FROV00001,FrozenEngine,1398,12/20/2024, 02:47:50,540
FROV00001,FrozenEngine,1398,12/20/2024, 03:20:29,540
FROV00001,FrozenEngine,1398,12/20/2024, 04:18:25,540
FROV00001,FrozenEngine,1398,12/20/2024, 05:15:03,540
FROV00001,FrozenEngine,1398,12/20/2024, 06:20:45,540
FROV00001,FrozenEngine,1398,12/20/2024, 07:14:15,540
FROV00001,FrozenEngine,1398,12/20/2024, 08:19:26,540
FROV00001,FrozenEngine,1398,12/20/2024, 09:15:47,540
FROV00001,FrozenEngine,1398,12/20/2024, 10:16:07,540
FROV00001,FrozenEngine,1398,12/20/2024, 11:12:42,540
FROV00001,FrozenEngine,1398,12/20/2024, 12:28:09,540
FROV00001,FrozenEngine,1398,12/20/2024, 13:21:06,540
FROV00001,FrozenEngine,1398,12/20/2024, 14:14:13,540
FROV00001,FrozenEngine,1398,12/20/2024, 15:15:19,540
FROV00001,FrozenEngine,1398,12/20/2024, 16:17:51,540
FROV00001,FrozenEngine,1398,12/20/2024, 17:13:14,540
FROV00001,FrozenEngine,1398,12/20/2024, 18:19:44,540
FROV00001,FrozenEngine,1398,12/20/2024, 19:12:26,540
FROV00001,FrozenEngine,1398,12/20/2024, 20:16:13,540
FROV00001,FrozenEngine,1398,12/20/2024, 21:13:43,540
FROV00001,FrozenEngine,1398,12/20/2024, 22:14:14,540
FROV00001,FrozenEngine,1398,12/20/2024, 23:13:59,540
FROV00001,FrozenEngine,1398,12/21/2024, 01:05:43,540
FROV00001,FrozenEngine,1398,12/21/2024, 02:43:17,540
FROV00001,FrozenEngine,1398,12/21/2024, 03:17:53,540
FROV00001,FrozenEngine,1398,12/21/2024, 04:17:22,540
FROV00001,FrozenEngine,1398,12/21/2024, 05:14:02,540
FROV00001,FrozenEngine,1398,12/21/2024, 06:19:06,540
FROV00001,FrozenEngine,1398,12/21/2024, 07:12:58,540
FROV00001,FrozenEngine,1398,12/21/2024, 08:17:36,540
FROV00001,FrozenEngine,1398,12/21/2024, 09:14:13,540
FROV00001,FrozenEngine,1398,12/21/2024, 10:14:18,540
FROV00001,FrozenEngine,1398,12/21/2024, 11:11:40,540
FROV00001,FrozenEngine,1398,12/21/2024, 12:25:38,540
FROV00001,FrozenEngine,1398,12/21/2024, 13:17:28,540
FROV00001,FrozenEngine,1398,12/21/2024, 14:12:52,540
FROV00001,FrozenEngine,1398,12/21/2024, 15:13:52,540
FROV00001,FrozenEngine,1398,12/21/2024, 16:16:32,540
FROV00001,FrozenEngine,1398,12/21/2024, 17:13:29,540
FROV00001,FrozenEngine,1398,12/21/2024, 18:18:30,540
FROV00001,FrozenEngine,1398,12/21/2024, 19:11:08,540
FROV00001,FrozenEngine,1398,12/21/2024, 20:14:58,540
FROV00001,FrozenEngine,1398,12/21/2024, 21:13:03,540
FROV00001,FrozenEngine,1398,12/21/2024, 22:13:29,540
FROV00001,FrozenEngine,1398,12/21/2024, 23:13:39,540
FROV00001,FrozenEngine,1398,12/22/2024, 01:12:02,540
FROV00001,FrozenEngine,1398,12/22/2024, 02:52:46,540
FROV00001,FrozenEngine,1398,12/22/2024, 03:22:45,540
FROV00001,FrozenEngine,1398,12/22/2024, 04:17:44,540
FROV00001,FrozenEngine,1398,12/22/2024, 05:13:53,540
FROV00001,FrozenEngine,1398,12/22/2024, 06:19:18,540
FROV00001,FrozenEngine,1398,12/22/2024, 07:13:13,540
FROV00001,FrozenEngine,1398,12/22/2024, 08:17:44,540
FROV00001,FrozenEngine,1398,12/22/2024, 09:14:13,540
FROV00001,FrozenEngine,1398,12/22/2024, 10:14:15,540
FROV00001,FrozenEngine,1398,12/22/2024, 11:11:36,540
FROV00001,FrozenEngine,1398,12/22/2024, 12:25:28,540
FROV00001,FrozenEngine,1398,12/22/2024, 13:18:08,540
FROV00001,FrozenEngine,1398,12/22/2024, 14:13:22,540
FROV00001,FrozenEngine,1398,12/22/2024, 15:13:47,540
FROV00001,FrozenEngine,1398,12/22/2024, 16:16:19,540
FROV00001,FrozenEngine,1398,12/22/2024, 17:12:57,540
FROV00001,FrozenEngine,1398,12/22/2024, 18:18:20,540
FROV00001,FrozenEngine,1398,12/22/2024, 19:11:10,540
FROV00001,FrozenEngine,1398,12/22/2024, 20:15:07,540
FROV00001,FrozenEngine,1398,12/22/2024, 21:13:07,540
FROV00001,FrozenEngine,1398,12/22/2024, 22:13:47,540
FROV00001,FrozenEngine,1398,12/22/2024, 23:14:48,540
FROV00001,FrozenEngine,1398,12/23/2024, 01:08:14,540
FROV00001,FrozenEngine,1398,12/23/2024, 02:49:07,540
FROV00001,FrozenEngine,1398,12/23/2024, 03:21:40,540
FROV00001,FrozenEngine,1398,12/23/2024, 04:18:08,540
FROV00001,FrozenEngine,1398,12/23/2024, 05:15:23,540
FROV00001,FrozenEngine,1398,12/23/2024, 06:21:45,540
FROV00001,FrozenEngine,1398,12/23/2024, 07:15:10,540
FROV00001,FrozenEngine,1398,12/23/2024, 08:20:04,540
FROV00001,FrozenEngine,1398,12/23/2024, 09:16:25,540
FROV00001,FrozenEngine,1398,12/23/2024, 10:16:52,540
FROV00001,FrozenEngine,1398,12/23/2024, 11:12:38,540
FROV00001,FrozenEngine,1398,12/23/2024, 12:28:49,540
FROV00001,FrozenEngine,1398,12/23/2024, 13:21:45,540
FROV00001,FrozenEngine,1398,12/23/2024, 14:14:12,540
FROV00001,FrozenEngine,1398,12/23/2024, 15:15:25,540
FROV00001,FrozenEngine,1398,12/23/2024, 16:17:48,540
FROV00001,FrozenEngine,1398,12/23/2024, 17:13:31,540
FROV00001,FrozenEngine,1398,12/23/2024, 18:19:30,540
FROV00001,FrozenEngine,1398,12/23/2024, 19:11:54,540
FROV00001,FrozenEngine,1398,12/23/2024, 20:15:59,540
FROV00001,FrozenEngine,1398,12/23/2024, 21:13:40,540
FROV00001,FrozenEngine,1398,12/23/2024, 22:13:55,540
FROV00001,FrozenEngine,1398,12/23/2024, 23:14:32,540
FROV00001,FrozenEngine,1398,12/24/2024, 01:06:25,540
FROV00001,FrozenEngine,1398,12/24/2024, 02:45:47,540
FROV00001,FrozenEngine,1398,12/24/2024, 03:20:24,540
FROV00001,FrozenEngine,1398,12/24/2024, 04:18:13,540
FROV00001,FrozenEngine,1398,12/24/2024, 05:15:05,540
FROV00001,FrozenEngine,1398,12/24/2024, 06:20:50,540
FROV00001,FrozenEngine,1398,12/24/2024, 07:14:33,540
FROV00001,FrozenEngine,1398,12/24/2024, 08:19:11,540
FROV00001,FrozenEngine,1398,12/24/2024, 09:15:29,540
FROV00001,FrozenEngine,1398,12/24/2024, 10:15:39,540
FROV00001,FrozenEngine,1398,12/24/2024, 11:12:57,540
FROV00001,FrozenEngine,1398,12/24/2024, 12:28:13,540
FROV00001,FrozenEngine,1398,12/24/2024, 13:20:23,540
FROV00001,FrozenEngine,1398,12/24/2024, 14:13:48,540
FROV00001,FrozenEngine,1398,12/24/2024, 15:14:41,540
FROV00001,FrozenEngine,1398,12/24/2024, 16:17:29,540
FROV00001,FrozenEngine,1398,12/24/2024, 17:12:50,540
FROV00001,FrozenEngine,1398,12/24/2024, 18:19:20,540
FROV00001,FrozenEngine,1398,12/24/2024, 19:11:41,540
FROV00001,FrozenEngine,1398,12/24/2024, 20:15:47,540
FROV00001,FrozenEngine,1398,12/24/2024, 21:13:52,540
FROV00001,FrozenEngine,1398,12/24/2024, 22:13:51,540
FROV00001,FrozenEngine,1398,12/24/2024, 23:14:08,540
FROV00001,FrozenEngine,1398,12/25/2024, 01:05:39,540
FROV00001,FrozenEngine,1398,12/25/2024, 02:44:10,540
FROV00001,FrozenEngine,1398,12/25/2024, 03:18:42,540
FROV00001,FrozenEngine,1398,12/25/2024, 04:18:22,540
FROV00001,FrozenEngine,1398,12/25/2024, 05:14:54,540
FROV00001,FrozenEngine,1398,12/25/2024, 06:20:51,540
FROV00001,FrozenEngine,1398,12/25/2024, 07:14:24,540
FROV00001,FrozenEngine,1398,12/25/2024, 08:19:21,540
FROV00001,FrozenEngine,1398,12/25/2024, 09:15:23,540
FROV00001,FrozenEngine,1398,12/25/2024, 10:15:42,540
FROV00001,FrozenEngine,1398,12/25/2024, 11:12:30,540
FROV00001,FrozenEngine,1398,12/25/2024, 12:27:32,540
FROV00001,FrozenEngine,1398,12/25/2024, 13:20:22,540
FROV00001,FrozenEngine,1398,12/25/2024, 14:13:40,540
FROV00001,FrozenEngine,1398,12/25/2024, 15:14:43,540
FROV00001,FrozenEngine,1399,12/25/2024, 16:17:15,540
FROV00001,FrozenEngine,1399,12/25/2024, 17:13:50,540
FROV00001,FrozenEngine,1399,12/25/2024, 18:19:12,540
FROV00001,FrozenEngine,1399,12/25/2024, 19:12:03,540
FROV00001,FrozenEngine,1399,12/25/2024, 20:15:45,540
FROV00001,FrozenEngine,1399,12/25/2024, 21:13:40,540
FROV00001,FrozenEngine,1399,12/25/2024, 22:13:44,540
FROV00001,FrozenEngine,1399,12/25/2024, 23:14:04,540
FROV00001,FrozenEngine,1399,12/26/2024, 01:06:09,540
FROV00001,FrozenEngine,1399,12/26/2024, 02:44:55,540
FROV00001,FrozenEngine,1399,12/26/2024, 03:19:40,540
FROV00001,FrozenEngine,1399,12/26/2024, 04:18:28,540
FROV00001,FrozenEngine,1399,12/26/2024, 05:14:53,540
FROV00001,FrozenEngine,1399,12/26/2024, 06:21:12,540
FROV00001,FrozenEngine,1399,12/26/2024, 07:14:17,540
FROV00001,FrozenEngine,1399,12/26/2024, 08:19:09,540
FROV00001,FrozenEngine,1399,12/26/2024, 09:15:40,540
FROV00001,FrozenEngine,1399,12/26/2024, 10:15:28,540
FROV00001,FrozenEngine,1399,12/26/2024, 11:12:47,540
FROV00001,FrozenEngine,1399,12/26/2024, 12:28:37,540
FROV00001,FrozenEngine,1399,12/26/2024, 13:21:00,540
FROV00001,FrozenEngine,1399,12/26/2024, 14:14:00,540
FROV00001,FrozenEngine,1399,12/26/2024, 15:14:56,540
FROV00001,FrozenEngine,1399,12/26/2024, 16:17:44,540
FROV00001,FrozenEngine,1399,12/26/2024, 17:13:02,540
FROV00001,FrozenEngine,1399,12/26/2024, 18:19:55,540
FROV00001,FrozenEngine,1400,12/26/2024, 19:12:45,540
FROV00001,FrozenEngine,1400,12/26/2024, 20:15:56,540
FROV00001,FrozenEngine,1400,12/26/2024, 21:13:33,540
FROV00001,FrozenEngine,1400,12/26/2024, 22:13:51,540
FROV00001,FrozenEngine,1400,12/26/2024, 23:14:30,540
FROV00001,FrozenEngine,1400,12/27/2024, 01:06:11,540
FROV00001,FrozenEngine,1400,12/27/2024, 02:45:47,540
FROV00001,FrozenEngine,1400,12/27/2024, 03:19:20,540
FROV00001,FrozenEngine,1400,12/27/2024, 04:18:03,540
FROV00001,FrozenEngine,1400,12/27/2024, 05:14:47,540
FROV00001,FrozenEngine,1400,12/27/2024, 06:20:57,540
FROV00001,FrozenEngine,1400,12/27/2024, 07:14:56,540
FROV00001,FrozenEngine,1400,12/27/2024, 08:19:11,540
FROV00001,FrozenEngine,1400,12/27/2024, 09:15:23,540
FROV00001,FrozenEngine,1400,12/27/2024, 10:15:25,540
FROV00001,FrozenEngine,1400,12/27/2024, 11:12:18,540
FROV00001,FrozenEngine,1400,12/27/2024, 12:27:28,540
FROV00001,FrozenEngine,1400,12/27/2024, 13:20:16,540
FROV00001,FrozenEngine,1400,12/27/2024, 14:14:09,540
FROV00001,FrozenEngine,1400,12/27/2024, 15:14:44,540
FROV00001,FrozenEngine,1400,12/27/2024, 16:17:33,540
FROV00001,FrozenEngine,1400,12/27/2024, 17:13:04,540
FROV00001,FrozenEngine,1400,12/27/2024, 18:19:47,540
FROV00001,FrozenEngine,1400,12/27/2024, 19:11:39,540
FROV00001,FrozenEngine,1400,12/27/2024, 20:15:32,540
FROV00001,FrozenEngine,1400,12/27/2024, 21:13:33,540
FROV00001,FrozenEngine,1400,12/27/2024, 22:13:50,540
FROV00001,FrozenEngine,1400,12/27/2024, 23:13:58,540
FROV00001,FrozenEngine,1400,12/28/2024, 01:05:04,540
FROV00001,FrozenEngine,1400,12/28/2024, 02:43:00,540
FROV00001,FrozenEngine,1400,12/28/2024, 03:17:33,540
FROV00001,FrozenEngine,1400,12/28/2024, 04:17:45,540
FROV00001,FrozenEngine,1400,12/28/2024, 05:14:18,540
FROV00001,FrozenEngine,1400,12/28/2024, 06:19:24,540
FROV00001,FrozenEngine,1400,12/28/2024, 07:13:13,540
FROV00001,FrozenEngine,1400,12/28/2024, 08:17:49,540
FROV00001,FrozenEngine,1400,12/28/2024, 09:14:24,540
FROV00001,FrozenEngine,1400,12/28/2024, 10:14:28,540
FROV00001,FrozenEngine,1400,12/28/2024, 11:11:48,540
FROV00001,FrozenEngine,1400,12/28/2024, 12:25:45,540
FROV00001,FrozenEngine,1400,12/28/2024, 13:17:49,540
FROV00001,FrozenEngine,1400,12/28/2024, 14:12:36,540
FROV00001,FrozenEngine,1400,12/28/2024, 15:14:08,540
FROV00001,FrozenEngine,1400,12/28/2024, 16:16:34,540
FROV00001,FrozenEngine,1400,12/28/2024, 17:12:21,540
FROV00001,FrozenEngine,1400,12/28/2024, 18:18:26,540
FROV00001,FrozenEngine,1400,12/28/2024, 19:11:20,540
FROV00001,FrozenEngine,1400,12/28/2024, 20:15:18,540
FROV00001,FrozenEngine,1400,12/28/2024, 21:13:02,540
FROV00001,FrozenEngine,1400,12/28/2024, 22:13:34,540
FROV00001,FrozenEngine,1400,12/28/2024, 23:14:33,540
FROV00001,FrozenEngine,1400,12/29/2024, 01:12:39,540
FROV00001,FrozenEngine,1400,12/29/2024, 02:53:51,540
FROV00001,FrozenEngine,1400,12/29/2024, 03:24:32,540
FROV00001,FrozenEngine,1400,12/29/2024, 04:17:55,540
FROV00001,FrozenEngine,1400,12/29/2024, 05:14:23,540
FROV00001,FrozenEngine,1400,12/29/2024, 06:19:33,540
FROV00001,FrozenEngine,1400,12/29/2024, 07:13:35,540
FROV00001,FrozenEngine,1400,12/29/2024, 08:18:08,540
FROV00001,FrozenEngine,1400,12/29/2024, 09:13:52,540
FROV00001,FrozenEngine,1400,12/29/2024, 10:14:25,540
FROV00001,FrozenEngine,1400,12/29/2024, 11:11:47,540
FROV00001,FrozenEngine,1400,12/29/2024, 12:25:33,540
FROV00001,FrozenEngine,1400,12/29/2024, 13:17:49,540
FROV00001,FrozenEngine,1400,12/29/2024, 14:12:39,540
FROV00001,FrozenEngine,1400,12/29/2024, 15:13:30,540
FROV00001,FrozenEngine,1400,12/29/2024, 16:16:38,540
FROV00001,FrozenEngine,1400,12/29/2024, 17:13:15,540
FROV00001,FrozenEngine,1400,12/29/2024, 18:18:41,540
FROV00001,FrozenEngine,1400,12/29/2024, 19:11:28,540
FROV00001,FrozenEngine,1400,12/29/2024, 20:15:07,540
FROV00001,FrozenEngine,1400,12/29/2024, 21:13:20,540
FROV00001,FrozenEngine,1400,12/29/2024, 22:13:36,540
FROV00001,FrozenEngine,1400,12/29/2024, 23:14:02,540
FROV00001,FrozenEngine,1400,12/30/2024, 01:08:47,540
FROV00001,FrozenEngine,1400,12/30/2024, 02:50:03,540
FROV00001,FrozenEngine,1400,12/30/2024, 03:21:52,540
FROV00001,FrozenEngine,1400,12/30/2024, 04:18:17,540
FROV00001,FrozenEngine,1400,12/30/2024, 05:15:17,540
FROV00001,FrozenEngine,1400,12/30/2024, 06:21:38,540
FROV00001,FrozenEngine,1400,12/30/2024, 07:15:55,540
FROV00001,FrozenEngine,1400,12/30/2024, 08:19:44,540
FROV00001,FrozenEngine,1400,12/30/2024, 09:16:31,540
FROV00001,FrozenEngine,1400,12/30/2024, 10:16:02,540
FROV00001,FrozenEngine,1400,12/30/2024, 11:12:43,540
FROV00001,FrozenEngine,1400,12/30/2024, 12:28:21,540
FROV00001,FrozenEngine,1400,12/30/2024, 13:21:24,540
FROV00001,FrozenEngine,1400,12/30/2024, 14:14:06,540
FROV00001,FrozenEngine,1400,12/30/2024, 15:15:22,540
FROV00001,FrozenEngine,1400,12/30/2024, 16:17:44,540
FROV00001,FrozenEngine,1400,12/30/2024, 17:13:23,540
FROV00001,FrozenEngine,1400,12/30/2024, 18:20:01,540
FROV00001,FrozenEngine,1400,12/30/2024, 19:11:44,540
FROV00001,FrozenEngine,1400,12/30/2024, 20:16:02,540
FROV00001,FrozenEngine,1400,12/30/2024, 21:13:53,540
FROV00001,FrozenEngine,1400,12/30/2024, 22:14:06,540
FROV00001,FrozenEngine,1400,12/30/2024, 23:14:10,540
FROV00001,FrozenEngine,1400,12/31/2024, 01:05:59,540
FROV00001,FrozenEngine,1400,12/31/2024, 02:44:48,540
FROV00001,FrozenEngine,1400,12/31/2024, 03:19:05,540
FROV00001,FrozenEngine,1400,12/31/2024, 04:18:07,540
FROV00001,FrozenEngine,1400,12/31/2024, 05:14:40,540
FROV00001,FrozenEngine,1400,12/31/2024, 06:20:40,540
FROV00001,FrozenEngine,1400,12/31/2024, 07:14:24,540
FROV00001,FrozenEngine,1400,12/31/2024, 08:19:23,540
FROV00001,FrozenEngine,1400,12/31/2024, 09:15:24,540
FROV00001,FrozenEngine,1400,12/31/2024, 10:15:56,540
FROV00001,FrozenEngine,1400,12/31/2024, 11:12:27,540
FROV00001,FrozenEngine,1400,12/31/2024, 12:27:53,540
FROV00001,FrozenEngine,1400,12/31/2024, 13:20:17,540
FROV00001,FrozenEngine,1400,12/31/2024, 14:13:39,540
FROV00001,FrozenEngine,1400,12/31/2024, 15:14:50,540
FROV00001,FrozenEngine,1400,12/31/2024, 16:17:12,540
FROV00001,FrozenEngine,1400,12/31/2024, 17:13:04,540
FROV00001,FrozenEngine,1400,12/31/2024, 18:19:13,540
FROV00001,FrozenEngine,1400,12/31/2024, 19:11:54,540
FROV00001,FrozenEngine,1400,12/31/2024, 20:15:39,540
FROV00001,FrozenEngine,1400,12/31/2024, 21:14:08,540
FROV00001,FrozenEngine,1400,12/31/2024, 22:13:53,540
FROV00001,FrozenEngine,1400,12/31/2024, 23:14:07,540
FROV00001,FrozenEngine,1400,01/01/2025, 01:12:18,540
FROV00001,FrozenEngine,1400,01/01/2025, 02:54:57,540
FROV00001,FrozenEngine,1400,01/01/2025, 03:26:58,540
FROV00001,FrozenEngine,1400,01/01/2025, 04:18:29,540
FROV00001,FrozenEngine,1400,01/01/2025, 05:15:09,540
FROV00001,FrozenEngine,1400,01/01/2025, 06:21:33,540
FROV00001,FrozenEngine,1400,01/01/2025, 07:14:37,540
FROV00001,FrozenEngine,1400,01/01/2025, 08:19:22,540
FROV00001,FrozenEngine,1400,01/01/2025, 09:15:30,540
FROV00001,FrozenEngine,1400,01/01/2025, 10:15:38,540
FROV00001,FrozenEngine,1400,01/01/2025, 11:12:26,540
FROV00001,FrozenEngine,1400,01/01/2025, 12:27:32,540
FROV00001,FrozenEngine,1400,01/01/2025, 13:20:18,540
FROV00001,FrozenEngine,1400,01/01/2025, 14:13:42,540
FROV00001,FrozenEngine,1400,01/01/2025, 15:15:22,540
FROV00001,FrozenEngine,1400,01/01/2025, 16:17:22,540
FROV00001,FrozenEngine,1400,01/01/2025, 17:13:04,540
FROV00001,FrozenEngine,1400,01/01/2025, 18:19:19,540
FROV00001,FrozenEngine,1400,01/01/2025, 19:11:54,540
FROV00001,FrozenEngine,1400,01/01/2025, 20:15:38,540
FROV00001,FrozenEngine,1400,01/01/2025, 21:14:23,540
FROV00001,FrozenEngine,1400,01/01/2025, 22:13:54,540
FROV00001,FrozenEngine,1400,01/01/2025, 23:14:21,540
FROV00001,FrozenEngine,1400,01/02/2025, 01:05:52,540
FROV00001,FrozenEngine,1400,01/02/2025, 02:44:53,540
FROV00001,FrozenEngine,1400,01/02/2025, 03:18:57,540
FROV00001,FrozenEngine,1400,01/02/2025, 04:17:54,540
FROV00001,FrozenEngine,1400,01/02/2025, 05:15:02,540
FROV00001,FrozenEngine,1400,01/02/2025, 06:20:47,540
FROV00001,FrozenEngine,1400,01/02/2025, 07:14:16,540
FROV00001,FrozenEngine,1400,01/02/2025, 08:19:29,540
FROV00001,FrozenEngine,1400,01/02/2025, 09:15:42,540
FROV00001,FrozenEngine,1400,01/02/2025, 10:15:40,540
FROV00001,FrozenEngine,1400,01/02/2025, 11:12:25,540
FROV00001,FrozenEngine,1400,01/02/2025, 12:28:09,540
FROV00001,FrozenEngine,1400,01/02/2025, 13:20:52,540
FROV00001,FrozenEngine,1400,01/02/2025, 14:13:52,540
FROV00001,FrozenEngine,1400,01/02/2025, 15:14:55,540
FROV00001,FrozenEngine,1400,01/02/2025, 16:18:10,540
FROV00001,FrozenEngine,1400,01/02/2025, 17:13:34,540
FROV00001,FrozenEngine,1400,01/02/2025, 18:19:59,540
FROV00001,FrozenEngine,1400,01/02/2025, 19:12:03,540
FROV00001,FrozenEngine,1400,01/02/2025, 20:15:58,540
FROV00001,FrozenEngine,1400,01/02/2025, 21:14:23,540
FROV00001,FrozenEngine,1400,01/02/2025, 22:14:05,540
FROV00001,FrozenEngine,1400,01/02/2025, 23:14:38,540
FROV00001,FrozenEngine,1400,01/03/2025, 01:06:52,540
FROV00001,FrozenEngine,1400,01/03/2025, 02:46:39,540
FROV00001,FrozenEngine,1400,01/03/2025, 03:19:28,540
FROV00001,FrozenEngine,1400,01/03/2025, 04:18:30,540
FROV00001,FrozenEngine,1400,01/03/2025, 05:14:47,540
FROV00001,FrozenEngine,1400,01/03/2025, 06:20:46,540
FROV00001,FrozenEngine,1400,01/03/2025, 07:14:22,540
FROV00001,FrozenEngine,1400,01/03/2025, 08:19:17,540
FROV00001,FrozenEngine,1400,01/03/2025, 09:15:45,540
FROV00001,FrozenEngine,1400,01/03/2025, 10:15:56,540
FROV00001,FrozenEngine,1400,01/03/2025, 11:12:35,540
FROV00001,FrozenEngine,1400,01/03/2025, 12:28:08,540
FROV00001,FrozenEngine,1400,01/03/2025, 13:20:46,540
FROV00001,FrozenEngine,1400,01/03/2025, 14:14:05,540
FROV00001,FrozenEngine,1400,01/03/2025, 15:15:17,540
FROV00001,FrozenEngine,1400,01/03/2025, 16:18:03,540
FROV00001,FrozenEngine,1400,01/03/2025, 17:13:31,540
FROV00001,FrozenEngine,1400,01/03/2025, 18:19:54,540
FROV00001,FrozenEngine,1400,01/03/2025, 19:12:11,540
FROV00001,FrozenEngine,1400,01/03/2025, 20:15:58,540
FROV00001,FrozenEngine,1400,01/03/2025, 21:13:35,540
FROV00001,FrozenEngine,1400,01/03/2025, 22:13:54,540
FROV00001,FrozenEngine,1400,01/03/2025, 23:14:47,540
FROV00001,FrozenEngine,1400,01/04/2025, 01:05:07,540
FROV00001,FrozenEngine,1400,01/04/2025, 02:43:38,540
FROV00001,FrozenEngine,1400,01/04/2025, 03:18:28,540
FROV00001,FrozenEngine,1400,01/04/2025, 04:17:18,540
FROV00001,FrozenEngine,1400,01/04/2025, 05:14:08,540
FROV00001,FrozenEngine,1400,01/04/2025, 06:19:33,540
FROV00001,FrozenEngine,1400,01/04/2025, 07:13:14,540
FROV00001,FrozenEngine,1400,01/04/2025, 08:17:39,540
FROV00001,FrozenEngine,1400,01/04/2025, 09:14:33,540
FROV00001,FrozenEngine,1400,01/04/2025, 10:14:55,540
FROV00001,FrozenEngine,1400,01/04/2025, 11:12:09,540
FROV00001,FrozenEngine,1400,01/04/2025, 12:26:41,540
FROV00001,FrozenEngine,1400,01/04/2025, 13:19:07,540
FROV00001,FrozenEngine,1400,01/04/2025, 14:12:49,540
FROV00001,FrozenEngine,1400,01/04/2025, 15:13:55,540
FROV00001,FrozenEngine,1400,01/04/2025, 16:16:38,540
FROV00001,FrozenEngine,1400,01/04/2025, 17:12:28,540
FROV00001,FrozenEngine,1400,01/04/2025, 18:18:43,540
FROV00001,FrozenEngine,1400,01/04/2025, 19:11:38,540
FROV00001,FrozenEngine,1400,01/04/2025, 20:15:24,540
FROV00001,FrozenEngine,1400,01/04/2025, 21:13:40,540
FROV00001,FrozenEngine,1400,01/04/2025, 22:13:24,540
FROV00001,FrozenEngine,1400,01/04/2025, 23:13:57,540
FROV00001,FrozenEngine,1400,01/05/2025, 01:12:03,540
FROV00001,FrozenEngine,1400,01/05/2025, 02:52:49,540
FROV00001,FrozenEngine,1400,01/05/2025, 03:23:06,540
FROV00001,FrozenEngine,1400,01/05/2025, 04:17:32,540
FROV00001,FrozenEngine,1400,01/05/2025, 05:13:54,540
FROV00001,FrozenEngine,1400,01/05/2025, 06:19:52,540
FROV00001,FrozenEngine,1400,01/05/2025, 07:13:17,540
FROV00001,FrozenEngine,1400,01/05/2025, 08:17:35,540
FROV00001,FrozenEngine,1400,01/05/2025, 09:14:40,540
FROV00001,FrozenEngine,1400,01/05/2025, 10:14:34,540
FROV00001,FrozenEngine,1400,01/05/2025, 11:11:48,540
FROV00001,FrozenEngine,1400,01/05/2025, 12:26:08,540
FROV00001,FrozenEngine,1400,01/05/2025, 13:18:05,540
FROV00001,FrozenEngine,1400,01/05/2025, 14:12:45,540
FROV00001,FrozenEngine,1400,01/05/2025, 15:13:55,540
FROV00001,FrozenEngine,1400,01/05/2025, 16:16:20,540
FROV00001,FrozenEngine,1400,01/05/2025, 17:12:32,540
FROV00001,FrozenEngine,1400,01/05/2025, 18:18:21,540
FROV00001,FrozenEngine,1400,01/05/2025, 19:11:18,540
FROV00001,FrozenEngine,1400,01/05/2025, 20:14:55,540
FROV00001,FrozenEngine,1400,01/05/2025, 21:13:42,540
FROV00001,FrozenEngine,1400,01/05/2025, 22:13:34,540
FROV00001,FrozenEngine,1400,01/05/2025, 23:13:55,540
FROV00001,FrozenEngine,1400,01/06/2025, 01:09:36,540
FROV00001,FrozenEngine,1400,01/06/2025, 02:52:17,540
FROV00001,FrozenEngine,1400,01/06/2025, 03:23:49,540
FROV00001,FrozenEngine,1400,01/06/2025, 04:18:38,540
FROV00001,FrozenEngine,1400,01/06/2025, 05:15:29,540
FROV00001,FrozenEngine,1400,01/06/2025, 06:22:05,540
FROV00001,FrozenEngine,1400,01/06/2025, 07:15:21,540
FROV00001,FrozenEngine,1400,01/06/2025, 08:20:19,540
FROV00001,FrozenEngine,1400,01/06/2025, 09:16:42,540
FROV00001,FrozenEngine,1400,01/06/2025, 10:16:53,540
FROV00001,FrozenEngine,1400,01/06/2025, 11:13:02,540
FROV00001,FrozenEngine,1400,01/06/2025, 12:29:47,540
FROV00001,FrozenEngine,1400,01/06/2025, 13:22:41,540
FROV00001,FrozenEngine,1400,01/06/2025, 14:14:24,540
FROV00001,FrozenEngine,1400,01/06/2025, 15:15:56,540
FROV00001,FrozenEngine,1400,01/06/2025, 16:18:21,540
FROV00001,FrozenEngine,1400,01/06/2025, 17:13:41,540
FROV00001,FrozenEngine,1400,01/06/2025, 18:20:16,540
FROV00001,FrozenEngine,1400,01/06/2025, 19:12:04,540
FROV00001,FrozenEngine,1400,01/06/2025, 20:15:03,540
FROV00001,FrozenEngine,1400,01/06/2025, 21:14:39,540
FROV00001,FrozenEngine,1400,01/06/2025, 22:14:30,540
FROV00001,FrozenEngine,1400,01/06/2025, 23:14:59,540
FROV00001,FrozenEngine,1400,01/07/2025, 01:07:17,540
FROV00001,FrozenEngine,1400,01/07/2025, 02:48:29,540
FROV00001,FrozenEngine,1400,01/07/2025, 03:22:18,540
FROV00001,FrozenEngine,1400,01/07/2025, 04:17:51,540
FROV00001,FrozenEngine,1400,01/07/2025, 05:14:59,540
FROV00001,FrozenEngine,1400,01/07/2025, 06:21:53,540
FROV00001,FrozenEngine,1400,01/07/2025, 07:14:44,540
FROV00001,FrozenEngine,1400,01/07/2025, 08:19:38,540
FROV00001,FrozenEngine,1400,01/07/2025, 09:16:25,540
FROV00001,FrozenEngine,1400,01/07/2025, 10:16:39,540
FROV00001,FrozenEngine,1400,01/07/2025, 11:12:47,540
FROV00001,FrozenEngine,1400,01/07/2025, 12:29:17,540
FROV00001,FrozenEngine,1400,01/07/2025, 13:23:01,540
FROV00001,FrozenEngine,1400,01/07/2025, 15:22:40,540
FROV00001,FrozenEngine,1400,01/07/2025, 16:32:46,540
FROV00001,FrozenEngine,1400,01/07/2025, 17:13:58,540
FROV00001,FrozenEngine,1400,01/07/2025, 18:20:31,540
FROV00001,FrozenEngine,1400,01/07/2025, 19:12:21,540
FROV00001,FrozenEngine,1400,01/07/2025, 20:16:17,540
FROV00001,FrozenEngine,1400,01/07/2025, 21:14:25,540
FROV00001,FrozenEngine,1400,01/07/2025, 22:14:11,540
FROV00001,FrozenEngine,1400,01/07/2025, 23:14:14,540
FROV00001,FrozenEngine,1400,01/08/2025, 01:07:04,540
FROV00001,FrozenEngine,1400,01/08/2025, 02:45:41,540
FROV00001,FrozenEngine,1400,01/08/2025, 03:19:36,540
FROV00001,FrozenEngine,1400,01/08/2025, 04:18:38,540
FROV00001,FrozenEngine,1400,01/08/2025, 05:15:07,540
FROV00001,FrozenEngine,1400,01/08/2025, 06:21:04,540
FROV00001,FrozenEngine,1400,01/08/2025, 07:14:32,540
FROV00001,FrozenEngine,1400,01/08/2025, 08:20:00,540
FROV00001,FrozenEngine,1400,01/08/2025, 09:16:05,540
FROV00001,FrozenEngine,1400,01/08/2025, 10:16:26,540
FROV00001,FrozenEngine,1400,01/08/2025, 11:12:38,540
FROV00001,FrozenEngine,1400,01/08/2025, 12:29:22,540
FROV00001,FrozenEngine,1400,01/08/2025, 13:22:15,540
FROV00001,FrozenEngine,1400,01/08/2025, 14:14:45,540
FROV00001,FrozenEngine,1400,01/08/2025, 15:15:50,540
FROV00001,FrozenEngine,1400,01/08/2025, 16:18:32,540
FROV00001,FrozenEngine,1400,01/08/2025, 17:13:44,540
FROV00001,FrozenEngine,1400,01/08/2025, 18:20:16,540
FROV00001,FrozenEngine,1400,01/08/2025, 19:12:19,540
FROV00001,FrozenEngine,1400,01/08/2025, 20:16:33,540
FROV00001,FrozenEngine,1400,01/08/2025, 21:14:36,540
FROV00001,FrozenEngine,1400,01/08/2025, 22:14:12,540
FROV00001,FrozenEngine,1400,01/08/2025, 23:14:17,540
FROV00001,FrozenEngine,1400,01/09/2025, 01:06:41,540
FROV00001,FrozenEngine,1400,01/09/2025, 03:11:06,540
FROV00001,FrozenEngine,1400,01/09/2025, 04:18:19,540
FROV00001,FrozenEngine,1400,01/09/2025, 05:15:02,540
FROV00001,FrozenEngine,1400,01/09/2025, 06:20:33,540
FROV00001,FrozenEngine,1400,01/09/2025, 07:15:01,540
FROV00001,FrozenEngine,1400,01/09/2025, 08:19:12,540
FROV00001,FrozenEngine,1400,01/09/2025, 09:16:07,540
FROV00001,FrozenEngine,1400,01/09/2025, 10:16:32,540
FROV00001,FrozenEngine,1400,01/09/2025, 11:12:43,540
FROV00001,FrozenEngine,1400,01/09/2025, 12:29:10,540
FROV00001,FrozenEngine,1400,01/09/2025, 13:22:16,540
FROV00001,FrozenEngine,1400,01/09/2025, 14:14:17,540
FROV00001,FrozenEngine,1400,01/09/2025, 15:16:18,540
FROV00001,FrozenEngine,1400,01/09/2025, 16:18:59,540
FROV00001,FrozenEngine,1400,01/09/2025, 17:13:45,540
FROV00001,FrozenEngine,1400,01/09/2025, 18:20:35,540
FROV00001,FrozenEngine,1400,01/09/2025, 19:12:31,540
FROV00001,FrozenEngine,1400,01/09/2025, 20:16:42,540
FROV00001,FrozenEngine,1400,01/09/2025, 21:14:13,540
FROV00001,FrozenEngine,1400,01/09/2025, 22:14:24,540
FROV00001,FrozenEngine,1400,01/09/2025, 23:14:52,540
FROV00001,FrozenEngine,1400,01/10/2025, 01:08:43,540
FROV00001,FrozenEngine,1400,01/10/2025, 02:51:15,540
FROV00001,FrozenEngine,1400,01/10/2025, 03:22:20,540
FROV00001,FrozenEngine,1400,01/10/2025, 04:18:16,540
FROV00001,FrozenEngine,1400,01/10/2025, 05:14:58,540
FROV00001,FrozenEngine,1400,01/10/2025, 06:21:12,540
FROV00001,FrozenEngine,1400,01/10/2025, 07:14:41,540
FROV00001,FrozenEngine,1400,01/10/2025, 08:19:26,540
FROV00001,FrozenEngine,1400,01/10/2025, 09:16:18,540
FROV00001,FrozenEngine,1400,01/10/2025, 10:16:40,540
FROV00001,FrozenEngine,1400,01/10/2025, 11:13:04,540
FROV00001,FrozenEngine,1400,01/10/2025, 12:28:54,540
FROV00001,FrozenEngine,1400,01/10/2025, 13:21:14,540
FROV00001,FrozenEngine,1400,01/10/2025, 14:14:37,540
FROV00001,FrozenEngine,1400,01/10/2025, 15:14:34,540
FROV00001,FrozenEngine,1400,01/10/2025, 16:18:28,540
FROV00001,FrozenEngine,1400,01/10/2025, 17:13:31,540
FROV00001,FrozenEngine,1400,01/10/2025, 18:20:15,540
FROV00001,FrozenEngine,1400,01/10/2025, 19:12:28,540
FROV00001,FrozenEngine,1400,01/10/2025, 20:16:41,540
FROV00001,FrozenEngine,1400,01/10/2025, 21:14:18,540
FROV00001,FrozenEngine,1400,01/10/2025, 22:14:37,540
FROV00001,FrozenEngine,1400,01/10/2025, 23:14:16,540
FROV00001,FrozenEngine,1400,01/11/2025, 01:07:10,540
FROV00001,FrozenEngine,1400,01/11/2025, 02:46:02,540
FROV00001,FrozenEngine,1400,01/11/2025, 03:20:05,540
FROV00001,FrozenEngine,1400,01/11/2025, 04:17:52,540
FROV00001,FrozenEngine,1400,01/11/2025, 05:13:55,540
FROV00001,FrozenEngine,1400,01/11/2025, 06:19:22,540
FROV00001,FrozenEngine,1400,01/11/2025, 07:13:31,540
FROV00001,FrozenEngine,1400,01/11/2025, 08:17:34,540
FROV00001,FrozenEngine,1400,01/11/2025, 09:14:40,540
FROV00001,FrozenEngine,1400,01/11/2025, 10:14:29,540
FROV00001,FrozenEngine,1400,01/11/2025, 11:11:56,540
FROV00001,FrozenEngine,1400,01/11/2025, 12:26:30,540
FROV00001,FrozenEngine,1400,01/11/2025, 13:18:17,540
FROV00001,FrozenEngine,1400,01/11/2025, 14:12:49,540
FROV00001,FrozenEngine,1400,01/11/2025, 15:13:47,540
FROV00001,FrozenEngine,1400,01/11/2025, 16:17:29,540
FROV00001,FrozenEngine,1400,01/11/2025, 17:12:41,540
FROV00001,FrozenEngine,1400,01/11/2025, 18:18:55,540
FROV00001,FrozenEngine,1400,01/11/2025, 19:11:34,540
FROV00001,FrozenEngine,1400,01/11/2025, 20:15:18,540
FROV00001,FrozenEngine,1400,01/11/2025, 21:13:02,540
FROV00001,FrozenEngine,1400,01/11/2025, 22:13:29,540
FROV00001,FrozenEngine,1400,01/11/2025, 23:14:00,540
FROV00001,FrozenEngine,1400,01/12/2025, 01:13:20,540
FROV00001,FrozenEngine,1400,01/12/2025, 02:55:03,540
FROV00001,FrozenEngine,1400,01/12/2025, 03:26:03,540
FROV00001,FrozenEngine,1400,01/12/2025, 04:17:55,540
FROV00001,FrozenEngine,1400,01/12/2025, 05:14:35,540
FROV00001,FrozenEngine,1400,01/12/2025, 06:19:51,540
FROV00001,FrozenEngine,1400,01/12/2025, 07:13:10,540
FROV00001,FrozenEngine,1400,01/12/2025, 08:17:22,540
FROV00001,FrozenEngine,1400,01/12/2025, 09:14:25,540
FROV00001,FrozenEngine,1400,01/12/2025, 10:14:34,540
FROV00001,FrozenEngine,1400,01/12/2025, 11:12:24,540
FROV00001,FrozenEngine,1400,01/12/2025, 12:26:26,540
FROV00001,FrozenEngine,1400,01/12/2025, 13:18:04,540
FROV00001,FrozenEngine,1400,01/12/2025, 14:12:41,540
FROV00001,FrozenEngine,1400,01/12/2025, 15:14:02,540
FROV00001,FrozenEngine,1400,01/12/2025, 16:16:15,540
FROV00001,FrozenEngine,1400,01/12/2025, 17:12:35,540
FROV00001,FrozenEngine,1400,01/12/2025, 18:18:40,540
FROV00001,FrozenEngine,1400,01/12/2025, 19:11:23,540
FROV00001,FrozenEngine,1400,01/12/2025, 20:15:10,540
FROV00001,FrozenEngine,1400,01/12/2025, 21:13:34,540
FROV00001,FrozenEngine,1400,01/12/2025, 22:13:39,540
FROV00001,FrozenEngine,1400,01/12/2025, 23:13:51,540
FROV00001,FrozenEngine,1400,01/13/2025, 01:10:47,540
FROV00001,FrozenEngine,1400,01/13/2025, 02:53:28,540
FROV00001,FrozenEngine,1400,01/13/2025, 03:24:53,540
FROV00001,FrozenEngine,1400,01/13/2025, 04:19:06,540
FROV00001,FrozenEngine,1400,01/13/2025, 05:15:49,540
FROV00001,FrozenEngine,1400,01/13/2025, 06:21:59,540
FROV00001,FrozenEngine,1400,01/13/2025, 07:15:57,540
FROV00001,FrozenEngine,1400,01/13/2025, 08:20:48,540
FROV00001,FrozenEngine,1400,01/13/2025, 09:17:20,540
FROV00001,FrozenEngine,1400,01/13/2025, 10:17:01,540
FROV00001,FrozenEngine,1400,01/13/2025, 11:13:32,540
FROV00001,FrozenEngine,1400,01/13/2025, 12:30:11,540
FROV00001,FrozenEngine,1400,01/13/2025, 13:22:10,540
FROV00001,FrozenEngine,1400,01/13/2025, 14:15:06,540
FROV00001,FrozenEngine,1400,01/13/2025, 15:16:46,540
FROV00001,FrozenEngine,1400,01/13/2025, 16:19:43,540
FROV00001,FrozenEngine,1400,01/13/2025, 17:14:13,540
FROV00001,FrozenEngine,1400,01/13/2025, 18:21:34,540
FROV00001,FrozenEngine,1400,01/13/2025, 19:12:50,540
FROV00001,FrozenEngine,1400,01/13/2025, 20:16:06,540
FROV00001,FrozenEngine,1400,01/13/2025, 21:14:01,540
FROV00001,FrozenEngine,1400,01/13/2025, 22:13:52,540
FROV00001,FrozenEngine,1400,01/13/2025, 23:14:11,540
FROV00001,FrozenEngine,1400,01/14/2025, 01:04:01,540
FROV00001,FrozenEngine,1400,01/14/2025, 02:40:11,540
FROV00001,FrozenEngine,1400,01/14/2025, 03:15:08,540
FROV00001,FrozenEngine,1400,01/14/2025, 04:17:29,540
FROV00001,FrozenEngine,1400,01/14/2025, 05:15:42,540
FROV00001,FrozenEngine,1400,01/14/2025, 06:20:02,540
FROV00001,FrozenEngine,1400,01/14/2025, 07:14:13,540
FROV00001,FrozenEngine,1400,01/14/2025, 08:18:59,540
FROV00001,FrozenEngine,1400,01/14/2025, 09:15:41,540
FROV00001,FrozenEngine,1400,01/14/2025, 10:15:40,540
FROV00001,FrozenEngine,1400,01/14/2025, 11:12:54,540
FROV00001,FrozenEngine,1400,01/14/2025, 12:27:47,540
FROV00001,FrozenEngine,1400,01/14/2025, 13:20:00,540
FROV00001,FrozenEngine,1400,01/14/2025, 14:14:43,540
FROV00001,FrozenEngine,1400,01/14/2025, 15:15:24,540
FROV00001,FrozenEngine,1400,01/14/2025, 16:17:54,540
FROV00001,FrozenEngine,1400,01/14/2025, 17:13:27,540
FROV00001,FrozenEngine,1400,01/14/2025, 18:19:41,540
FROV00001,FrozenEngine,1400,01/14/2025, 19:12:07,540
FROV00001,FrozenEngine,1400,01/14/2025, 20:15:57,540
FROV00001,FrozenEngine,1400,01/14/2025, 21:14:06,540
FROV00001,FrozenEngine,1400,01/14/2025, 22:13:57,540
FROV00001,FrozenEngine,1400,01/14/2025, 23:13:54,540
FROV00001,FrozenEngine,1400,01/15/2025, 01:05:30,540
FROV00001,FrozenEngine,1400,01/15/2025, 02:42:15,540
FROV00001,FrozenEngine,1400,01/15/2025, 03:16:28,540
FROV00001,FrozenEngine,1400,01/15/2025, 04:17:50,540
FROV00001,FrozenEngine,1400,01/15/2025, 05:15:27,540
FROV00001,FrozenEngine,1400,01/15/2025, 06:20:17,540
FROV00001,FrozenEngine,1400,01/15/2025, 07:14:17,540
FROV00001,FrozenEngine,1400,01/15/2025, 08:18:56,540
FROV00001,FrozenEngine,1400,01/15/2025, 09:15:33,540
FROV00001,FrozenEngine,1400,01/15/2025, 10:15:37,540
FROV00001,FrozenEngine,1400,01/15/2025, 11:12:31,540
FROV00001,FrozenEngine,1400,01/15/2025, 12:27:55,540
FROV00001,FrozenEngine,1400,01/15/2025, 13:20:34,540
FROV00001,FrozenEngine,1400,01/15/2025, 14:14:19,540
FROV00001,FrozenEngine,1400,01/15/2025, 15:15:33,540
FROV00001,FrozenEngine,1400,01/15/2025, 16:17:52,540
FROV00001,FrozenEngine,1400,01/15/2025, 17:13:26,540
FROV00001,FrozenEngine,1400,01/15/2025, 18:19:29,540
FROV00001,FrozenEngine,1400,01/15/2025, 19:12:13,540
FROV00001,FrozenEngine,1400,01/15/2025, 20:15:53,540
FROV00001,FrozenEngine,1400,01/15/2025, 21:13:53,540
FROV00001,FrozenEngine,1400,01/15/2025, 22:13:33,540
FROV00001,FrozenEngine,1400,01/15/2025, 23:14:41,540
FROV00001,FrozenEngine,1400,01/16/2025, 01:04:45,540
FROV00001,FrozenEngine,1400,01/16/2025, 02:41:13,540
FROV00001,FrozenEngine,1400,01/16/2025, 03:16:44,540
FROV00001,FrozenEngine,1400,01/16/2025, 04:17:21,540
FROV00001,FrozenEngine,1400,01/16/2025, 05:14:38,540
FROV00001,FrozenEngine,1400,01/16/2025, 06:20:09,540
FROV00001,FrozenEngine,1400,01/16/2025, 07:14:04,540
FROV00001,FrozenEngine,1400,01/16/2025, 08:18:38,540
FROV00001,FrozenEngine,1400,01/16/2025, 09:15:37,540
FROV00001,FrozenEngine,1400,01/16/2025, 10:15:43,540
FROV00001,FrozenEngine,1400,01/16/2025, 11:12:23,540
FROV00001,FrozenEngine,1400,01/16/2025, 12:28:00,540
FROV00001,FrozenEngine,1400,01/16/2025, 13:20:54,540
FROV00001,FrozenEngine,1400,01/16/2025, 14:13:40,540
FROV00001,FrozenEngine,1400,01/16/2025, 15:15:00,540
FROV00001,FrozenEngine,1400,01/16/2025, 16:17:46,540
FROV00001,FrozenEngine,1400,01/16/2025, 17:13:58,540
FROV00001,FrozenEngine,1400,01/16/2025, 18:19:44,540
FROV00001,FrozenEngine,1400,01/16/2025, 19:12:19,540
FROV00001,FrozenEngine,1400,01/16/2025, 20:15:48,540
FROV00001,FrozenEngine,1400,01/16/2025, 21:13:44,540
FROV00001,FrozenEngine,1400,01/16/2025, 22:13:48,540
FROV00001,FrozenEngine,1400,01/16/2025, 23:15:27,540
FROV00001,FrozenEngine,1400,01/17/2025, 01:04:22,540
FROV00001,FrozenEngine,1400,01/17/2025, 02:40:56,540
FROV00001,FrozenEngine,1400,01/17/2025, 03:17:42,540
FROV00001,FrozenEngine,1400,01/17/2025, 04:18:23,540
FROV00001,FrozenEngine,1400,01/17/2025, 05:14:17,540
FROV00001,FrozenEngine,1400,01/17/2025, 06:20:19,540
FROV00001,FrozenEngine,1400,01/17/2025, 07:14:18,540
FROV00001,FrozenEngine,1400,01/17/2025, 08:18:43,540
FROV00001,FrozenEngine,1400,01/17/2025, 09:15:31,540
FROV00001,FrozenEngine,1400,01/17/2025, 10:15:36,540
FROV00001,FrozenEngine,1400,01/17/2025, 11:13:45,540
FROV00001,FrozenEngine,1400,01/17/2025, 12:27:26,540
FROV00001,FrozenEngine,1400,01/17/2025, 13:19:52,540
FROV00001,FrozenEngine,1400,01/17/2025, 14:13:44,540
FROV00001,FrozenEngine,1400,01/17/2025, 15:14:51,540
FROV00001,FrozenEngine,1400,01/17/2025, 16:17:29,540
FROV00001,FrozenEngine,1400,01/17/2025, 17:12:54,540
FROV00001,FrozenEngine,1400,01/17/2025, 18:19:15,540
FROV00001,FrozenEngine,1400,01/17/2025, 19:12:45,540
FROV00001,FrozenEngine,1400,01/17/2025, 20:15:57,540
FROV00001,FrozenEngine,1400,01/17/2025, 21:13:20,540
FROV00001,FrozenEngine,1400,01/17/2025, 22:13:37,540
FROV00001,FrozenEngine,1400,01/17/2025, 23:14:43,540
FROV00001,FrozenEngine,1400,01/18/2025, 01:03:16,540
FROV00001,FrozenEngine,1400,01/18/2025, 02:37:53,540
FROV00001,FrozenEngine,1400,01/18/2025, 03:15:14,540
FROV00001,FrozenEngine,1400,01/18/2025, 04:16:56,540
FROV00001,FrozenEngine,1400,01/18/2025, 05:13:53,540
FROV00001,FrozenEngine,1400,01/18/2025, 06:18:42,540
FROV00001,FrozenEngine,1400,01/18/2025, 07:13:02,540
FROV00001,FrozenEngine,1400,01/18/2025, 08:17:04,540
FROV00001,FrozenEngine,1400,01/18/2025, 09:14:15,540
FROV00001,FrozenEngine,1400,01/18/2025, 10:14:11,540
FROV00001,FrozenEngine,1400,01/18/2025, 11:11:08,540
FROV00001,FrozenEngine,1400,01/18/2025, 12:24:51,540
FROV00001,FrozenEngine,1400,01/18/2025, 13:15:51,540
FROV00001,FrozenEngine,1400,01/18/2025, 14:13:17,540
FROV00001,FrozenEngine,1400,01/18/2025, 15:13:51,540
FROV00001,FrozenEngine,1400,01/18/2025, 16:15:51,540
FROV00001,FrozenEngine,1400,01/18/2025, 17:12:14,540
FROV00001,FrozenEngine,1400,01/18/2025, 18:17:56,540
FROV00001,FrozenEngine,1400,01/18/2025, 19:11:23,540
FROV00001,FrozenEngine,1400,01/18/2025, 20:14:23,540
FROV00001,FrozenEngine,1400,01/18/2025, 21:13:54,540
FROV00001,FrozenEngine,1400,01/18/2025, 22:13:13,540
FROV00001,FrozenEngine,1400,01/18/2025, 23:13:48,540
FROV00001,FrozenEngine,1400,01/19/2025, 01:09:48,540
FROV00001,FrozenEngine,1400,01/19/2025, 02:46:44,540
FROV00001,FrozenEngine,1400,01/19/2025, 03:19:03,540
FROV00001,FrozenEngine,1400,01/19/2025, 04:17:01,540
FROV00001,FrozenEngine,1400,01/19/2025, 05:13:44,540
FROV00001,FrozenEngine,1400,01/19/2025, 06:18:55,540
FROV00001,FrozenEngine,1400,01/19/2025, 07:13:27,540
FROV00001,FrozenEngine,1400,01/19/2025, 08:16:45,540
FROV00001,FrozenEngine,1400,01/19/2025, 09:13:58,540
FROV00001,FrozenEngine,1400,01/19/2025, 10:15:06,540
FROV00001,FrozenEngine,1400,01/19/2025, 11:11:31,540
FROV00001,FrozenEngine,1400,01/19/2025, 12:24:34,540
FROV00001,FrozenEngine,1400,01/19/2025, 13:16:03,540
FROV00001,FrozenEngine,1400,01/19/2025, 14:14:11,540
FROV00001,FrozenEngine,1400,01/19/2025, 15:14:16,540
FROV00001,FrozenEngine,1400,01/19/2025, 16:16:13,540
FROV00001,FrozenEngine,1400,01/19/2025, 17:13:25,540
FROV00001,FrozenEngine,1400,01/19/2025, 18:17:52,540
FROV00001,FrozenEngine,1400,01/19/2025, 19:11:14,540
FROV00001,FrozenEngine,1400,01/19/2025, 20:14:20,540
FROV00001,FrozenEngine,1400,01/19/2025, 21:13:08,540
FROV00001,FrozenEngine,1400,01/19/2025, 22:14:46,540
FROV00001,FrozenEngine,1400,01/19/2025, 23:13:19,540
FROV00001,FrozenEngine,1400,01/20/2025, 01:06:04,540
FROV00001,FrozenEngine,1400,01/20/2025, 02:44:12,540
FROV00001,FrozenEngine,1400,01/20/2025, 03:18:14,540
FROV00001,FrozenEngine,1400,01/20/2025, 04:18:03,540
FROV00001,FrozenEngine,1400,01/20/2025, 05:15:18,540
FROV00001,FrozenEngine,1400,01/20/2025, 06:20:58,540
FROV00001,FrozenEngine,1400,01/20/2025, 07:14:44,540
FROV00001,FrozenEngine,1400,01/20/2025, 08:20:12,540
FROV00001,FrozenEngine,1400,01/20/2025, 09:16:23,540
FROV00001,FrozenEngine,1400,01/20/2025, 10:16:36,540
FROV00001,FrozenEngine,1400,01/20/2025, 11:13:16,540
FROV00001,FrozenEngine,1400,01/20/2025, 12:28:29,540
FROV00001,FrozenEngine,1400,01/20/2025, 13:21:20,540
FROV00001,FrozenEngine,1400,01/20/2025, 14:14:31,540
FROV00001,FrozenEngine,1400,01/20/2025, 15:16:02,540
FROV00001,FrozenEngine,1400,01/20/2025, 16:17:51,540
FROV00001,FrozenEngine,1400,01/20/2025, 17:13:28,540
FROV00001,FrozenEngine,1400,01/20/2025, 18:19:31,540
FROV00001,FrozenEngine,1400,01/20/2025, 19:11:48,540
FROV00001,FrozenEngine,1400,01/20/2025, 20:15:35,540
FROV00001,FrozenEngine,1400,01/20/2025, 21:13:39,540
FROV00001,FrozenEngine,1400,01/20/2025, 22:13:50,540
FROV00001,FrozenEngine,1400,01/20/2025, 23:13:40,540
FROV00001,FrozenEngine,1400,01/21/2025, 01:04:50,540
FROV00001,FrozenEngine,1400,01/21/2025, 02:42:10,540
FROV00001,FrozenEngine,1400,01/21/2025, 03:16:43,540
FROV00001,FrozenEngine,1400,01/21/2025, 04:17:51,540
FROV00001,FrozenEngine,1400,01/21/2025, 05:14:51,540
FROV00001,FrozenEngine,1400,01/21/2025, 06:20:26,540
FROV00001,FrozenEngine,1400,01/21/2025, 07:14:43,540
FROV00001,FrozenEngine,1400,01/21/2025, 08:19:06,540
FROV00001,FrozenEngine,1400,01/21/2025, 09:15:41,540
FROV00001,FrozenEngine,1400,01/21/2025, 10:15:41,540
FROV00001,FrozenEngine,1400,01/21/2025, 11:13:03,540
FROV00001,FrozenEngine,1400,01/21/2025, 12:28:33,540
FROV00001,FrozenEngine,1400,01/21/2025, 13:21:08,540
FROV00001,FrozenEngine,1400,01/21/2025, 14:14:15,540
FROV00001,FrozenEngine,1400,01/21/2025, 15:15:55,540
FROV00001,FrozenEngine,1400,01/21/2025, 16:18:14,540
FROV00001,FrozenEngine,1400,01/21/2025, 17:14:44,540
FROV00001,FrozenEngine,1400,01/21/2025, 18:20:03,540
FROV00001,FrozenEngine,1400,01/21/2025, 19:12:28,540
FROV00001,FrozenEngine,1400,01/21/2025, 20:16:21,540
FROV00001,FrozenEngine,1400,01/21/2025, 21:14:08,540
FROV00001,FrozenEngine,1400,01/21/2025, 22:14:01,540
FROV00001,FrozenEngine,1400,01/21/2025, 23:14:01,540
FROV00001,FrozenEngine,1400,01/22/2025, 01:06:31,540
FROV00001,FrozenEngine,1400,01/22/2025, 02:44:33,540
FROV00001,FrozenEngine,1400,01/22/2025, 03:18:22,540
FROV00001,FrozenEngine,1400,01/22/2025, 04:17:54,540
FROV00001,FrozenEngine,1400,01/22/2025, 05:14:57,540
FROV00001,FrozenEngine,1400,01/22/2025, 06:20:53,540
FROV00001,FrozenEngine,1400,01/22/2025, 07:14:23,540
FROV00001,FrozenEngine,1400,01/22/2025, 08:19:33,540
FROV00001,FrozenEngine,1400,01/22/2025, 09:15:56,540
FROV00001,FrozenEngine,1400,01/22/2025, 10:13:55,540
FROV00001,FrozenEngine,1400,01/22/2025, 11:13:08,540
FROV00001,FrozenEngine,1400,01/22/2025, 12:28:23,540
FROV00001,FrozenEngine,1400,01/22/2025, 13:21:08,540
FROV00001,FrozenEngine,1400,01/22/2025, 14:14:29,540
FROV00001,FrozenEngine,1400,01/22/2025, 15:15:48,540
FROV00001,FrozenEngine,1400,01/22/2025, 16:18:27,540
FROV00001,FrozenEngine,1400,01/22/2025, 17:14:32,540
FROV00001,FrozenEngine,1400,01/22/2025, 18:20:31,540
FROV00001,FrozenEngine,1400,01/22/2025, 19:12:23,540
FROV00001,FrozenEngine,1400,01/22/2025, 20:16:24,540
FROV00001,FrozenEngine,1400,01/22/2025, 21:12:03,540
FROV00001,FrozenEngine,1400,01/22/2025, 22:14:00,540
FROV00001,FrozenEngine,1400,01/22/2025, 23:14:37,540
FROV00001,FrozenEngine,1400,01/23/2025, 01:05:19,540
FROV00001,FrozenEngine,1400,01/23/2025, 02:42:33,540
FROV00001,FrozenEngine,1400,01/23/2025, 03:16:54,540
FROV00001,FrozenEngine,1400,01/23/2025, 04:17:47,540
FROV00001,FrozenEngine,1400,01/23/2025, 05:14:54,540
FROV00001,FrozenEngine,1400,01/23/2025, 06:20:26,540
FROV00001,FrozenEngine,1400,01/23/2025, 07:14:29,540
FROV00001,FrozenEngine,1400,01/23/2025, 08:19:26,540
FROV00001,FrozenEngine,1400,01/23/2025, 09:16:05,540
FROV00001,FrozenEngine,1400,01/23/2025, 10:16:42,540
FROV00001,FrozenEngine,1400,01/23/2025, 11:12:56,540
FROV00001,FrozenEngine,1400,01/23/2025, 12:28:43,540
FROV00001,FrozenEngine,1400,01/23/2025, 13:21:15,540
FROV00001,FrozenEngine,1400,01/23/2025, 14:14:26,540
FROV00001,FrozenEngine,1400,01/23/2025, 15:15:59,540
FROV00001,FrozenEngine,1400,01/23/2025, 16:18:23,540
FROV00001,FrozenEngine,1400,01/23/2025, 17:14:31,540
FROV00001,FrozenEngine,1400,01/23/2025, 18:20:14,540
FROV00001,FrozenEngine,1400,01/23/2025, 19:12:10,540
FROV00001,FrozenEngine,1400,01/23/2025, 20:15:54,540
FROV00001,FrozenEngine,1400,01/23/2025, 21:13:53,540
FROV00001,FrozenEngine,1400,01/23/2025, 22:14:02,540
FROV00001,FrozenEngine,1400,01/23/2025, 23:14:15,540
FROV00001,FrozenEngine,1400,01/24/2025, 01:05:19,540
FROV00001,FrozenEngine,1400,01/24/2025, 02:43:08,540
FROV00001,FrozenEngine,1400,01/24/2025, 03:17:13,540
FROV00001,FrozenEngine,1400,01/24/2025, 04:18:05,540
FROV00001,FrozenEngine,1400,01/24/2025, 05:14:47,540
FROV00001,FrozenEngine,1400,01/24/2025, 06:20:30,540
FROV00001,FrozenEngine,1400,01/24/2025, 07:14:17,540
FROV00001,FrozenEngine,1400,01/24/2025, 08:19:26,540
FROV00001,FrozenEngine,1400,01/24/2025, 09:15:58,540
FROV00001,FrozenEngine,1400,01/24/2025, 10:16:05,540
FROV00001,FrozenEngine,1400,01/24/2025, 11:13:04,540
FROV00001,FrozenEngine,1400,01/24/2025, 12:27:36,540
FROV00001,FrozenEngine,1400,01/24/2025, 13:20:15,540
FROV00001,FrozenEngine,1400,01/24/2025, 14:14:09,540
FROV00001,FrozenEngine,1400,01/24/2025, 15:15:36,540
FROV00001,FrozenEngine,1400,01/24/2025, 16:17:45,540
FROV00001,FrozenEngine,1400,01/24/2025, 17:13:23,540
FROV00001,FrozenEngine,1400,01/24/2025, 18:20:06,540
FROV00001,FrozenEngine,1400,01/24/2025, 19:12:19,540
FROV00001,FrozenEngine,1400,01/24/2025, 20:15:39,540
FROV00001,FrozenEngine,1400,01/24/2025, 21:13:30,540
FROV00001,FrozenEngine,1400,01/24/2025, 22:13:50,540
FROV00001,FrozenEngine,1400,01/24/2025, 23:14:03,540
FROV00001,FrozenEngine,1400,01/25/2025, 01:01:34,540
FROV00001,FrozenEngine,1400,01/25/2025, 02:12:45,540
FROV00001,FrozenEngine,1400,01/25/2025, 03:15:16,540
FROV00001,FrozenEngine,1400,01/25/2025, 04:16:53,540
FROV00001,FrozenEngine,1400,01/25/2025, 05:13:48,540
FROV00001,FrozenEngine,1400,01/25/2025, 06:19:04,540
FROV00001,FrozenEngine,1400,01/25/2025, 07:12:41,540
FROV00001,FrozenEngine,1400,01/25/2025, 08:17:40,540
FROV00001,FrozenEngine,1400,01/25/2025, 09:14:43,540
FROV00001,FrozenEngine,1400,01/25/2025, 10:14:11,540
FROV00001,FrozenEngine,1400,01/25/2025, 11:12:45,540
FROV00001,FrozenEngine,1400,01/25/2025, 12:24:53,540
FROV00001,FrozenEngine,1400,01/25/2025, 13:15:58,540
FROV00001,FrozenEngine,1400,01/25/2025, 14:12:51,540
FROV00001,FrozenEngine,1400,01/25/2025, 15:14:03,540
FROV00001,FrozenEngine,1400,01/25/2025, 16:17:36,540
FROV00001,FrozenEngine,1400,01/25/2025, 17:11:46,540
FROV00001,FrozenEngine,1400,01/25/2025, 18:17:50,540
FROV00001,FrozenEngine,1400,01/25/2025, 19:11:01,540
FROV00001,FrozenEngine,1400,01/25/2025, 20:14:30,540
FROV00001,FrozenEngine,1400,01/25/2025, 21:12:59,540
FROV00001,FrozenEngine,1400,01/25/2025, 22:14:29,540
FROV00001,FrozenEngine,1400,01/25/2025, 23:14:43,540
FROV00001,FrozenEngine,1400,01/26/2025, 01:07:02,540
FROV00001,FrozenEngine,1400,01/26/2025, 02:44:08,540
FROV00001,FrozenEngine,1400,01/26/2025, 03:17:15,540
FROV00001,FrozenEngine,1400,01/26/2025, 04:17:11,540
FROV00001,FrozenEngine,1400,01/26/2025, 05:14:37,540
FROV00001,FrozenEngine,1400,01/26/2025, 06:18:53,540
FROV00001,FrozenEngine,1400,01/26/2025, 07:13:05,540
FROV00001,FrozenEngine,1400,01/26/2025, 09:14:34,540
FROV00001,FrozenEngine,1400,01/26/2025, 10:14:34,540
FROV00001,FrozenEngine,1400,01/26/2025, 11:11:24,540
FROV00001,FrozenEngine,1400,01/26/2025, 12:24:36,540
FROV00001,FrozenEngine,1400,01/26/2025, 13:15:56,540
FROV00001,FrozenEngine,1400,01/26/2025, 14:12:23,540
FROV00001,FrozenEngine,1400,01/26/2025, 15:14:36,540
FROV00001,FrozenEngine,1400,01/26/2025, 16:16:06,540
FROV00001,FrozenEngine,1400,01/26/2025, 17:12:53,540
FROV00001,FrozenEngine,1400,01/26/2025, 18:18:48,540
FROV00001,FrozenEngine,1400,01/26/2025, 19:11:50,540
FROV00001,FrozenEngine,1400,01/26/2025, 20:14:45,540
FROV00001,FrozenEngine,1400,01/26/2025, 21:13:19,540
FROV00001,FrozenEngine,1400,01/26/2025, 22:12:57,540
FROV00001,FrozenEngine,1400,01/26/2025, 23:13:41,540
FROV00001,FrozenEngine,1400,01/27/2025, 01:06:17,540
FROV00001,FrozenEngine,1400,01/27/2025, 02:43:57,540
FROV00001,FrozenEngine,1400,01/27/2025, 03:18:07,540
FROV00001,FrozenEngine,1400,01/27/2025, 04:18:18,540
FROV00001,FrozenEngine,1400,01/27/2025, 05:15:04,540
FROV00001,FrozenEngine,1400,01/27/2025, 06:21:02,540
FROV00001,FrozenEngine,1400,01/27/2025, 07:15:04,540
FROV00001,FrozenEngine,1400,01/27/2025, 08:20:31,540
FROV00001,FrozenEngine,1400,01/27/2025, 09:17:05,540
FROV00001,FrozenEngine,1400,01/27/2025, 10:16:41,540
FROV00001,FrozenEngine,1400,01/27/2025, 11:13:31,540
FROV00001,FrozenEngine,1400,01/27/2025, 12:28:53,540
FROV00001,FrozenEngine,1400,01/27/2025, 13:21:26,540
FROV00001,FrozenEngine,1400,01/27/2025, 14:14:37,540
FROV00001,FrozenEngine,1400,01/27/2025, 15:14:25,540
FROV00001,FrozenEngine,1400,01/27/2025, 16:19:00,540
FROV00001,FrozenEngine,1400,01/27/2025, 17:14:05,540
FROV00001,FrozenEngine,1400,01/27/2025, 18:20:21,540
FROV00001,FrozenEngine,1400,01/27/2025, 19:12:36,540
FROV00001,FrozenEngine,1400,01/27/2025, 20:16:28,540
FROV00001,FrozenEngine,1400,01/27/2025, 21:14:30,540
FROV00001,FrozenEngine,1400,01/27/2025, 22:14:28,540
FROV00001,FrozenEngine,1400,01/27/2025, 23:14:21,540
FROV00001,FrozenEngine,1400,01/28/2025, 01:05:26,540
FROV00001,FrozenEngine,1400,01/28/2025, 02:41:42,540
FROV00001,FrozenEngine,1400,01/28/2025, 03:16:45,540
FROV00001,FrozenEngine,1400,01/28/2025, 04:17:46,540
FROV00001,FrozenEngine,1400,01/28/2025, 05:14:59,540
FROV00001,FrozenEngine,1400,01/28/2025, 06:20:23,540
FROV00001,FrozenEngine,1400,01/28/2025, 07:14:10,540
FROV00001,FrozenEngine,1400,01/28/2025, 08:19:12,540
FROV00001,FrozenEngine,1400,01/28/2025, 09:15:38,540
FROV00001,FrozenEngine,1400,01/28/2025, 10:15:46,540
FROV00001,FrozenEngine,1400,01/28/2025, 11:13:01,540
FROV00001,FrozenEngine,1400,01/28/2025, 12:27:55,540
FROV00001,FrozenEngine,1400,01/28/2025, 13:20:36,540
FROV00001,FrozenEngine,1400,01/28/2025, 14:14:28,540
FROV00001,FrozenEngine,1400,01/28/2025, 15:16:05,540
FROV00001,FrozenEngine,1400,01/28/2025, 16:18:17,540
FROV00001,FrozenEngine,1400,01/28/2025, 17:13:33,540
FROV00001,FrozenEngine,1400,01/28/2025, 18:19:51,540
FROV00001,FrozenEngine,1400,01/28/2025, 19:12:33,540
FROV00001,FrozenEngine,1400,01/28/2025, 20:16:01,540
FROV00001,FrozenEngine,1400,01/28/2025, 21:14:22,540
FROV00001,FrozenEngine,1400,01/28/2025, 22:14:11,540
FROV00001,FrozenEngine,1400,01/28/2025, 23:14:21,540
FROV00001,FrozenEngine,1400,01/29/2025, 01:04:52,540
FROV00001,FrozenEngine,1400,01/29/2025, 02:41:14,540
FROV00001,FrozenEngine,1400,01/29/2025, 03:16:40,540
FROV00001,FrozenEngine,1400,01/29/2025, 04:17:45,540
FROV00001,FrozenEngine,1400,01/29/2025, 05:14:47,540
FROV00001,FrozenEngine,1400,01/29/2025, 06:20:27,540
FROV00001,FrozenEngine,1400,01/29/2025, 07:14:26,540
FROV00001,FrozenEngine,1400,01/29/2025, 08:19:01,540
FROV00001,FrozenEngine,1400,01/29/2025, 09:15:23,540
FROV00001,FrozenEngine,1400,01/29/2025, 10:15:32,540
FROV00001,FrozenEngine,1400,01/29/2025, 11:13:20,540
FROV00001,FrozenEngine,1400,01/29/2025, 12:28:03,540
FROV00001,FrozenEngine,1400,01/29/2025, 13:21:16,540
FROV00001,FrozenEngine,1400,01/29/2025, 14:14:09,540
FROV00001,FrozenEngine,1400,01/29/2025, 15:15:29,540
FROV00001,FrozenEngine,1400,01/29/2025, 16:18:49,540
FROV00001,FrozenEngine,1400,01/29/2025, 17:13:52,540
FROV00001,FrozenEngine,1400,01/29/2025, 18:20:09,540
FROV00001,FrozenEngine,1400,01/29/2025, 19:11:40,540
FROV00001,FrozenEngine,1400,01/29/2025, 20:15:51,540
FROV00001,FrozenEngine,1400,01/29/2025, 21:14:14,540
FROV00001,FrozenEngine,1400,01/29/2025, 22:14:14,540
FROV00001,FrozenEngine,1400,01/29/2025, 23:14:11,540
FROV00001,FrozenEngine,1400,01/30/2025, 01:04:06,540
FROV00001,FrozenEngine,1400,01/30/2025, 02:40:31,540
FROV00001,FrozenEngine,1400,01/30/2025, 03:17:05,540
FROV00001,FrozenEngine,1400,01/30/2025, 04:17:43,540
FROV00001,FrozenEngine,1400,01/30/2025, 05:15:48,540
FROV00001,FrozenEngine,1400,01/30/2025, 06:20:31,540
FROV00001,FrozenEngine,1400,01/30/2025, 07:13:54,540
FROV00001,FrozenEngine,1400,01/30/2025, 08:18:22,540
FROV00001,FrozenEngine,1400,01/30/2025, 09:15:26,540
FROV00001,FrozenEngine,1400,01/30/2025, 10:15:24,540
FROV00001,FrozenEngine,1400,01/30/2025, 11:13:12,540
FROV00001,FrozenEngine,1400,01/30/2025, 12:28:12,540
FROV00001,FrozenEngine,1400,01/30/2025, 13:20:33,540
FROV00001,FrozenEngine,1400,01/30/2025, 14:14:32,540
FROV00001,FrozenEngine,1400,01/30/2025, 15:15:39,540
FROV00001,FrozenEngine,1400,01/30/2025, 16:18:07,540
FROV00001,FrozenEngine,1400,01/30/2025, 17:13:42,540
FROV00001,FrozenEngine,1400,01/30/2025, 18:19:39,540
FROV00001,FrozenEngine,1400,01/30/2025, 19:11:57,540
FROV00001,FrozenEngine,1400,01/30/2025, 20:16:01,540
FROV00001,FrozenEngine,1400,01/30/2025, 21:14:04,540
FROV00001,FrozenEngine,1400,01/30/2025, 22:13:45,540
FROV00001,FrozenEngine,1400,01/30/2025, 23:15:16,540
FROV00001,FrozenEngine,1400,01/31/2025, 01:05:33,540
FROV00001,FrozenEngine,1400,01/31/2025, 02:42:09,540
FROV00001,FrozenEngine,1400,01/31/2025, 03:16:07,540
FROV00001,FrozenEngine,1400,01/31/2025, 04:17:53,540
FROV00001,FrozenEngine,1400,01/31/2025, 05:14:56,540
FROV00001,FrozenEngine,1400,01/31/2025, 06:20:48,540
FROV00001,FrozenEngine,1400,01/31/2025, 08:18:34,540
FROV00001,FrozenEngine,1400,01/31/2025, 09:15:23,540
FROV00001,FrozenEngine,1400,01/31/2025, 10:15:11,540
FROV00001,FrozenEngine,1400,01/31/2025, 11:12:32,540
FROV00001,FrozenEngine,1400,01/31/2025, 12:27:09,540
FROV00001,FrozenEngine,1400,01/31/2025, 13:19:51,540
FROV00001,FrozenEngine,1400,01/31/2025, 14:14:00,540
FROV00001,FrozenEngine,1400,01/31/2025, 15:14:49,540
FROV00001,FrozenEngine,1400,01/31/2025, 16:17:56,540
FROV00001,FrozenEngine,1400,01/31/2025, 17:13:01,540
FROV00001,FrozenEngine,1400,01/31/2025, 18:19:29,540
FROV00001,FrozenEngine,1400,01/31/2025, 19:12:09,540
FROV00001,FrozenEngine,1400,01/31/2025, 20:15:46,540
FROV00001,FrozenEngine,1400,01/31/2025, 21:13:43,540
FROV00001,FrozenEngine,1400,01/31/2025, 22:14:32,540
FROV00001,FrozenEngine,1400,01/31/2025, 23:13:59,540
FROV00001,FrozenEngine,1400,02/01/2025, 01:09:00,540
FROV00001,FrozenEngine,1400,02/01/2025, 02:45:08,540
FROV00001,FrozenEngine,1400,02/01/2025, 03:19:36,540
FROV00001,FrozenEngine,1400,02/01/2025, 04:17:10,540
FROV00001,FrozenEngine,1400,02/01/2025, 05:14:09,540
FROV00001,FrozenEngine,1400,02/01/2025, 06:19:08,540
FROV00001,FrozenEngine,1400,02/01/2025, 07:14:12,540
FROV00001,FrozenEngine,1400,02/01/2025, 08:17:13,540
FROV00001,FrozenEngine,1400,02/01/2025, 09:15:07,540
FROV00001,FrozenEngine,1400,02/01/2025, 10:14:26,540
FROV00001,FrozenEngine,1400,02/01/2025, 11:11:37,540
FROV00001,FrozenEngine,1400,02/01/2025, 12:24:42,540
FROV00001,FrozenEngine,1400,02/01/2025, 13:15:58,540
FROV00001,FrozenEngine,1400,02/01/2025, 14:12:24,540
FROV00001,FrozenEngine,1400,02/01/2025, 15:15:55,540
FROV00001,FrozenEngine,1400,02/01/2025, 16:15:46,540
FROV00001,FrozenEngine,1400,02/01/2025, 17:12:31,540
FROV00001,FrozenEngine,1400,02/01/2025, 18:17:39,540
FROV00001,FrozenEngine,1400,02/01/2025, 19:10:51,540
FROV00001,FrozenEngine,1400,02/01/2025, 20:14:43,540
FROV00001,FrozenEngine,1400,02/01/2025, 21:13:38,540
FROV00001,FrozenEngine,1400,02/01/2025, 22:14:15,540
FROV00001,FrozenEngine,1400,02/01/2025, 23:13:37,540
FROV00001,FrozenEngine,1400,02/02/2025, 01:08:28,540
FROV00001,FrozenEngine,1400,02/02/2025, 02:44:03,540
FROV00001,FrozenEngine,1400,02/02/2025, 03:17:51,540
FROV00001,FrozenEngine,1400,02/02/2025, 04:16:42,540
FROV00001,FrozenEngine,1400,02/02/2025, 05:14:43,540
FROV00001,FrozenEngine,1400,02/02/2025, 06:19:02,540
FROV00001,FrozenEngine,1400,02/02/2025, 07:13:29,540
FROV00001,FrozenEngine,1400,02/02/2025, 08:16:37,540
FROV00001,FrozenEngine,1400,02/02/2025, 09:13:36,540
FROV00001,FrozenEngine,1400,02/02/2025, 10:14:25,540
FROV00001,FrozenEngine,1400,02/02/2025, 11:11:56,540
FROV00001,FrozenEngine,1400,02/02/2025, 12:24:45,540
FROV00001,FrozenEngine,1401,02/02/2025, 13:15:34,540
FROV00001,FrozenEngine,1401,02/02/2025, 14:12:58,540
FROV00001,FrozenEngine,1401,02/02/2025, 15:14:51,540
FROV00001,FrozenEngine,1401,02/02/2025, 16:16:55,540
FROV00001,FrozenEngine,1401,02/02/2025, 17:13:21,540
FROV00001,FrozenEngine,1401,02/02/2025, 18:18:15,540
FROV00001,FrozenEngine,1401,02/02/2025, 19:12:28,540
FROV00001,FrozenEngine,1401,02/02/2025, 20:14:39,540
FROV00001,FrozenEngine,1401,02/02/2025, 21:12:39,540
FROV00001,FrozenEngine,1401,02/02/2025, 22:13:38,540
FROV00001,FrozenEngine,1401,02/02/2025, 23:13:48,540
FROV00001,FrozenEngine,1401,02/03/2025, 01:06:34,540
FROV00001,FrozenEngine,1401,02/03/2025, 02:43:15,540
FROV00001,FrozenEngine,1401,02/03/2025, 03:19:49,540
FROV00001,FrozenEngine,1401,02/03/2025, 04:18:08,540
FROV00001,FrozenEngine,1401,02/03/2025, 05:15:11,540
FROV00001,FrozenEngine,1401,02/03/2025, 06:21:00,540
FROV00001,FrozenEngine,1401,02/03/2025, 07:14:40,540
FROV00001,FrozenEngine,1401,02/03/2025, 08:20:10,540
FROV00001,FrozenEngine,1401,02/03/2025, 09:16:44,540
FROV00001,FrozenEngine,1401,02/03/2025, 10:15:57,540
FROV00001,FrozenEngine,1401,02/03/2025, 11:12:56,540
FROV00001,FrozenEngine,1401,02/03/2025, 12:28:33,540
FROV00001,FrozenEngine,1401,02/03/2025, 13:20:56,540
FROV00001,FrozenEngine,1401,02/03/2025, 14:14:59,540
FROV00001,FrozenEngine,1401,02/03/2025, 15:15:41,540
FROV00001,FrozenEngine,1401,02/03/2025, 16:18:26,540
FROV00001,FrozenEngine,1401,02/03/2025, 17:13:32,540
FROV00001,FrozenEngine,1401,02/03/2025, 18:20:03,540
FROV00001,FrozenEngine,1401,02/03/2025, 19:13:01,540
FROV00001,FrozenEngine,1401,02/03/2025, 20:15:52,540
FROV00001,FrozenEngine,1401,02/03/2025, 21:14:32,540
FROV00001,FrozenEngine,1401,02/03/2025, 22:14:23,540
FROV00001,FrozenEngine,1401,02/03/2025, 23:14:17,540
FROV00001,FrozenEngine,1401,02/04/2025, 01:05:17,540
FROV00001,FrozenEngine,1401,02/04/2025, 02:42:25,540
FROV00001,FrozenEngine,1401,02/04/2025, 03:17:30,540
FROV00001,FrozenEngine,1401,02/04/2025, 04:17:39,540
FROV00001,FrozenEngine,1401,02/04/2025, 05:14:49,540
FROV00001,FrozenEngine,1401,02/04/2025, 06:21:05,540
FROV00001,FrozenEngine,1401,02/04/2025, 07:14:55,540
FROV00001,FrozenEngine,1401,02/04/2025, 08:19:31,540
FROV00001,FrozenEngine,1401,02/04/2025, 09:16:22,540
FROV00001,FrozenEngine,1401,02/04/2025, 10:16:17,540
FROV00001,FrozenEngine,1401,02/04/2025, 11:12:59,540
FROV00001,FrozenEngine,1401,02/04/2025, 12:29:05,540
FROV00001,FrozenEngine,1401,02/04/2025, 13:21:22,540
FROV00001,FrozenEngine,1401,02/04/2025, 14:14:29,540
FROV00001,FrozenEngine,1401,02/04/2025, 15:15:41,540
FROV00001,FrozenEngine,1401,02/04/2025, 16:18:21,540
FROV00001,FrozenEngine,1401,02/04/2025, 17:13:17,540
FROV00001,FrozenEngine,1401,02/04/2025, 18:20:07,540
FROV00001,FrozenEngine,1401,02/04/2025, 19:12:30,540
FROV00001,FrozenEngine,1401,02/04/2025, 20:16:15,540
FROV00001,FrozenEngine,1401,02/04/2025, 21:13:57,540
FROV00001,FrozenEngine,1401,02/04/2025, 22:14:25,540
FROV00001,FrozenEngine,1401,02/04/2025, 23:14:27,540
FROV00001,FrozenEngine,1401,02/05/2025, 01:06:05,540
FROV00001,FrozenEngine,1401,02/05/2025, 02:44:02,540
FROV00001,FrozenEngine,1401,02/05/2025, 03:18:59,540
FROV00001,FrozenEngine,1401,02/05/2025, 04:18:11,540
FROV00001,FrozenEngine,1401,02/05/2025, 05:15:19,540
FROV00001,FrozenEngine,1401,02/05/2025, 06:20:52,540
FROV00001,FrozenEngine,1401,02/05/2025, 07:14:10,540
FROV00001,FrozenEngine,1401,02/05/2025, 08:19:30,540
FROV00001,FrozenEngine,1401,02/05/2025, 09:16:42,540
FROV00001,FrozenEngine,1401,02/05/2025, 10:15:48,540
FROV00001,FrozenEngine,1401,02/05/2025, 11:13:04,540
FROV00001,FrozenEngine,1401,02/05/2025, 12:28:41,540
FROV00001,FrozenEngine,1401,02/05/2025, 13:21:25,540
FROV00001,FrozenEngine,1401,02/05/2025, 14:14:08,540
FROV00001,FrozenEngine,1401,02/05/2025, 15:15:48,540
FROV00001,FrozenEngine,1401,02/05/2025, 16:18:33,540
FROV00001,FrozenEngine,1401,02/05/2025, 17:14:02,540
FROV00001,FrozenEngine,1401,02/05/2025, 18:20:06,540
FROV00001,FrozenEngine,1401,02/05/2025, 19:13:27,540
FROV00001,FrozenEngine,1401,02/05/2025, 20:17:08,540
FROV00001,FrozenEngine,1401,02/05/2025, 21:15:02,540
FROV00001,FrozenEngine,1401,02/05/2025, 22:15:00,540
FROV00001,FrozenEngine,1401,02/05/2025, 23:14:55,540
FROV00001,FrozenEngine,1401,02/06/2025, 01:06:16,540
FROV00001,FrozenEngine,1401,02/06/2025, 02:44:24,540
FROV00001,FrozenEngine,1401,02/06/2025, 03:18:28,540
FROV00001,FrozenEngine,1401,02/06/2025, 04:17:47,540
FROV00001,FrozenEngine,1401,02/06/2025, 05:16:26,540
FROV00001,FrozenEngine,1401,02/06/2025, 06:21:15,540
FROV00001,FrozenEngine,1401,02/06/2025, 07:14:33,540
FROV00001,FrozenEngine,1401,02/06/2025, 08:19:21,540
FROV00001,FrozenEngine,1401,02/06/2025, 09:15:38,540
FROV00001,FrozenEngine,1401,02/06/2025, 10:15:40,540
FROV00001,FrozenEngine,1401,02/06/2025, 11:13:13,540
FROV00001,FrozenEngine,1401,02/06/2025, 12:28:55,540
FROV00001,FrozenEngine,1401,02/06/2025, 13:21:47,540
FROV00001,FrozenEngine,1401,02/06/2025, 14:14:31,540
FROV00001,FrozenEngine,1401,02/06/2025, 15:16:01,540
FROV00001,FrozenEngine,1401,02/06/2025, 16:16:46,540
FROV00001,FrozenEngine,1401,02/06/2025, 17:14:02,540
FROV00001,FrozenEngine,1401,02/06/2025, 18:19:55,540
FROV00001,FrozenEngine,1401,02/06/2025, 19:12:34,540
FROV00001,FrozenEngine,1401,02/06/2025, 20:16:05,540
FROV00001,FrozenEngine,1401,02/06/2025, 21:14:41,540
FROV00001,FrozenEngine,1401,02/06/2025, 22:14:41,540
FROV00001,FrozenEngine,1401,02/06/2025, 23:16:15,540
FROV00001,FrozenEngine,1401,02/07/2025, 01:06:38,540
FROV00001,FrozenEngine,1401,02/07/2025, 02:45:07,540
FROV00001,FrozenEngine,1401,02/07/2025, 03:19:15,540
FROV00001,FrozenEngine,1401,02/07/2025, 04:18:20,540
FROV00001,FrozenEngine,1401,02/07/2025, 05:15:16,540
FROV00001,FrozenEngine,1401,02/07/2025, 06:21:17,540
FROV00001,FrozenEngine,1401,02/07/2025, 07:14:29,540
FROV00001,FrozenEngine,1401,02/07/2025, 08:19:25,540
FROV00001,FrozenEngine,1401,02/07/2025, 09:15:45,540
FROV00001,FrozenEngine,1401,02/07/2025, 10:16:00,540
FROV00001,FrozenEngine,1401,02/07/2025, 11:13:01,540
FROV00001,FrozenEngine,1401,02/07/2025, 12:28:08,540
FROV00001,FrozenEngine,1401,02/07/2025, 13:20:45,540
FROV00001,FrozenEngine,1401,02/07/2025, 14:14:30,540
FROV00001,FrozenEngine,1401,02/07/2025, 15:15:46,540
FROV00001,FrozenEngine,1401,02/07/2025, 16:18:09,540
FROV00001,FrozenEngine,1401,02/07/2025, 17:13:20,540
FROV00001,FrozenEngine,1401,02/07/2025, 18:20:05,540
FROV00001,FrozenEngine,1401,02/07/2025, 19:12:14,540
FROV00001,FrozenEngine,1401,02/07/2025, 20:16:04,540
FROV00001,FrozenEngine,1401,02/07/2025, 21:13:51,540
FROV00001,FrozenEngine,1401,02/07/2025, 22:14:13,540
FROV00001,FrozenEngine,1401,02/07/2025, 23:14:16,540
FROV00001,FrozenEngine,1401,02/08/2025, 01:04:31,540
FROV00001,FrozenEngine,1401,02/08/2025, 02:40:48,540
FROV00001,FrozenEngine,1401,02/08/2025, 03:17:38,540
FROV00001,FrozenEngine,1401,02/08/2025, 04:17:16,540
FROV00001,FrozenEngine,1401,02/08/2025, 05:14:25,540
FROV00001,FrozenEngine,1401,02/08/2025, 06:19:19,540
FROV00001,FrozenEngine,1401,02/08/2025, 07:13:24,540
FROV00001,FrozenEngine,1401,02/08/2025, 08:17:30,540
FROV00001,FrozenEngine,1401,02/08/2025, 09:14:12,540
FROV00001,FrozenEngine,1401,02/08/2025, 10:14:07,540
FROV00001,FrozenEngine,1401,02/08/2025, 11:11:40,540
FROV00001,FrozenEngine,1401,02/08/2025, 12:25:31,540
FROV00001,FrozenEngine,1401,02/08/2025, 13:16:40,540
FROV00001,FrozenEngine,1401,02/08/2025, 14:12:57,540
FROV00001,FrozenEngine,1401,02/08/2025, 15:14:03,540
FROV00001,FrozenEngine,1401,02/08/2025, 16:16:27,540
FROV00001,FrozenEngine,1401,02/08/2025, 17:12:45,540
FROV00001,FrozenEngine,1401,02/08/2025, 18:18:15,540
FROV00001,FrozenEngine,1401,02/08/2025, 19:12:47,540
FROV00001,FrozenEngine,1401,02/08/2025, 20:14:51,540
FROV00001,FrozenEngine,1401,02/08/2025, 21:13:22,540
FROV00001,FrozenEngine,1401,02/08/2025, 22:12:58,540
FROV00001,FrozenEngine,1401,02/08/2025, 23:15:04,540
FROV00001,FrozenEngine,1401,02/09/2025, 01:09:39,540
FROV00001,FrozenEngine,1401,02/09/2025, 02:46:58,540
FROV00001,FrozenEngine,1401,02/09/2025, 03:19:47,540
FROV00001,FrozenEngine,1401,02/09/2025, 04:17:31,540
FROV00001,FrozenEngine,1401,02/09/2025, 05:14:54,540
FROV00001,FrozenEngine,1401,02/09/2025, 06:19:12,540
FROV00001,FrozenEngine,1401,02/09/2025, 07:13:56,540
FROV00001,FrozenEngine,1401,02/09/2025, 08:17:28,540
FROV00001,FrozenEngine,1401,02/09/2025, 09:13:55,540
FROV00001,FrozenEngine,1401,02/09/2025, 10:15:37,540
FROV00001,FrozenEngine,1401,02/09/2025, 11:11:53,540
FROV00001,FrozenEngine,1401,02/09/2025, 12:25:01,540
FROV00001,FrozenEngine,1401,02/09/2025, 13:16:30,540
FROV00001,FrozenEngine,1401,02/09/2025, 14:13:04,540
FROV00001,FrozenEngine,1401,02/09/2025, 15:14:34,540
FROV00001,FrozenEngine,1401,02/09/2025, 16:15:53,540
FROV00001,FrozenEngine,1401,02/09/2025, 17:12:39,540
FROV00001,FrozenEngine,1401,02/09/2025, 18:18:15,540
FROV00001,FrozenEngine,1401,02/09/2025, 19:12:27,540
FROV00001,FrozenEngine,1401,02/09/2025, 20:14:49,540
FROV00001,FrozenEngine,1401,02/09/2025, 21:14:02,540
FROV00001,FrozenEngine,1401,02/09/2025, 22:14:25,540
FROV00001,FrozenEngine,1401,02/09/2025, 23:14:42,540
FROV00001,FrozenEngine,1401,02/10/2025, 01:07:22,540
FROV00001,FrozenEngine,1401,02/10/2025, 02:46:15,540
FROV00001,FrozenEngine,1401,02/10/2025, 03:20:40,540
FROV00001,FrozenEngine,1401,02/10/2025, 04:19:03,540
FROV00001,FrozenEngine,1401,02/10/2025, 05:16:04,540
FROV00001,FrozenEngine,1401,02/10/2025, 06:21:51,540
FROV00001,FrozenEngine,1401,02/10/2025, 07:15:38,540
FROV00001,FrozenEngine,1401,02/10/2025, 08:20:16,540
FROV00001,FrozenEngine,1401,02/10/2025, 09:17:18,540
FROV00001,FrozenEngine,1401,02/10/2025, 10:16:45,540
FROV00001,FrozenEngine,1401,02/10/2025, 11:13:11,540
FROV00001,FrozenEngine,1401,02/10/2025, 12:29:03,540
FROV00001,FrozenEngine,1401,02/10/2025, 13:22:15,540
FROV00001,FrozenEngine,1401,02/10/2025, 14:14:59,540
FROV00001,FrozenEngine,1401,02/10/2025, 15:16:09,540
FROV00001,FrozenEngine,1401,02/10/2025, 16:18:57,540
FROV00001,FrozenEngine,1401,02/10/2025, 17:13:00,540
FROV00001,FrozenEngine,1401,02/10/2025, 18:20:41,540
FROV00001,FrozenEngine,1401,02/10/2025, 19:12:33,540
FROV00001,FrozenEngine,1401,02/10/2025, 20:16:08,540
FROV00001,FrozenEngine,1401,02/10/2025, 21:14:34,540
FROV00001,FrozenEngine,1401,02/10/2025, 22:14:44,540
FROV00001,FrozenEngine,1401,02/10/2025, 23:15:18,540
FROV00001,FrozenEngine,1401,02/11/2025, 01:06:19,540
FROV00001,FrozenEngine,1401,02/11/2025, 02:45:32,540
FROV00001,FrozenEngine,1401,02/11/2025, 03:19:33,540
FROV00001,FrozenEngine,1401,02/11/2025, 04:17:55,540
FROV00001,FrozenEngine,1401,02/11/2025, 05:14:58,540
FROV00001,FrozenEngine,1401,02/11/2025, 06:20:50,540
FROV00001,FrozenEngine,1401,02/11/2025, 07:14:47,540
FROV00001,FrozenEngine,1401,02/11/2025, 08:19:26,540
FROV00001,FrozenEngine,1401,02/11/2025, 09:16:44,540
FROV00001,FrozenEngine,1401,02/11/2025, 10:17:01,540
FROV00001,FrozenEngine,1401,02/11/2025, 11:13:30,540
FROV00001,FrozenEngine,1401,02/11/2025, 12:29:08,540
FROV00001,FrozenEngine,1401,02/11/2025, 13:22:40,540
FROV00001,FrozenEngine,1401,02/11/2025, 14:15:23,540
FROV00001,FrozenEngine,1401,02/11/2025, 15:17:03,540
FROV00001,FrozenEngine,1401,02/11/2025, 16:20:10,540
FROV00001,FrozenEngine,1401,02/11/2025, 17:14:42,540
FROV00001,FrozenEngine,1401,02/11/2025, 18:19:19,540
FROV00001,FrozenEngine,1401,02/11/2025, 19:11:48,540
FROV00001,FrozenEngine,1401,02/11/2025, 20:16:35,540
FROV00001,FrozenEngine,1401,02/11/2025, 21:14:20,540
FROV00001,FrozenEngine,1401,02/11/2025, 22:14:47,540
FROV00001,FrozenEngine,1401,02/11/2025, 23:15:08,540
FROV00001,FrozenEngine,1401,02/12/2025, 01:06:32,540
FROV00001,FrozenEngine,1401,02/12/2025, 02:44:25,540
FROV00001,FrozenEngine,1401,02/12/2025, 03:18:49,540
FROV00001,FrozenEngine,1401,02/12/2025, 04:18:05,540
FROV00001,FrozenEngine,1401,02/12/2025, 05:15:38,540
FROV00001,FrozenEngine,1401,02/12/2025, 06:21:16,540
FROV00001,FrozenEngine,1401,02/12/2025, 07:14:29,540
FROV00001,FrozenEngine,1401,02/12/2025, 08:20:10,540
FROV00001,FrozenEngine,1401,02/12/2025, 09:16:19,540
FROV00001,FrozenEngine,1401,02/12/2025, 10:15:55,540
FROV00001,FrozenEngine,1401,02/12/2025, 11:13:50,540
FROV00001,FrozenEngine,1401,02/12/2025, 12:28:47,540
FROV00001,FrozenEngine,1401,02/12/2025, 13:21:53,540
FROV00001,FrozenEngine,1401,02/12/2025, 14:14:46,540
FROV00001,FrozenEngine,1401,02/12/2025, 15:16:42,540
FROV00001,FrozenEngine,1401,02/12/2025, 16:19:27,540
FROV00001,FrozenEngine,1401,02/12/2025, 17:14:34,540
FROV00001,FrozenEngine,1401,02/12/2025, 18:20:43,540
FROV00001,FrozenEngine,1401,02/12/2025, 19:13:13,540
FROV00001,FrozenEngine,1401,02/12/2025, 20:16:57,540
FROV00001,FrozenEngine,1401,02/12/2025, 21:14:31,540
FROV00001,FrozenEngine,1401,02/12/2025, 22:14:42,540
FROV00001,FrozenEngine,1401,02/12/2025, 23:13:35,540
FROV00001,FrozenEngine,1401,02/13/2025, 01:06:41,540
FROV00001,FrozenEngine,1401,02/13/2025, 02:45:20,540
FROV00001,FrozenEngine,1401,02/13/2025, 03:18:56,540
FROV00001,FrozenEngine,1401,02/13/2025, 04:18:11,540
FROV00001,FrozenEngine,1401,02/13/2025, 05:15:04,540
FROV00001,FrozenEngine,1401,02/13/2025, 06:20:54,540
FROV00001,FrozenEngine,1401,02/13/2025, 07:14:29,540
FROV00001,FrozenEngine,1401,02/13/2025, 08:19:48,540
FROV00001,FrozenEngine,1401,02/13/2025, 09:16:43,540
FROV00001,FrozenEngine,1401,02/13/2025, 10:16:22,540
FROV00001,FrozenEngine,1401,02/13/2025, 11:13:08,540
FROV00001,FrozenEngine,1401,02/13/2025, 12:28:52,540
FROV00001,FrozenEngine,1401,02/13/2025, 13:22:03,540
FROV00001,FrozenEngine,1401,02/13/2025, 14:15:05,540
FROV00001,FrozenEngine,1401,02/13/2025, 15:16:40,540
FROV00001,FrozenEngine,1401,02/13/2025, 16:19:30,540
FROV00001,FrozenEngine,1401,02/13/2025, 17:11:46,540
FROV00001,FrozenEngine,1401,02/13/2025, 18:20:59,540
FROV00001,FrozenEngine,1401,02/13/2025, 19:12:45,540
FROV00001,FrozenEngine,1401,02/13/2025, 20:16:29,540
FROV00001,FrozenEngine,1401,02/13/2025, 21:14:27,540
FROV00001,FrozenEngine,1401,02/13/2025, 22:14:33,540
FROV00001,FrozenEngine,1401,02/13/2025, 23:14:37,540
FROV00001,FrozenEngine,1401,02/14/2025, 01:06:29,540
FROV00001,FrozenEngine,1401,02/14/2025, 02:45:07,540
FROV00001,FrozenEngine,1401,02/14/2025, 03:18:58,540
FROV00001,FrozenEngine,1401,02/14/2025, 04:18:11,540
FROV00001,FrozenEngine,1401,02/14/2025, 05:15:03,540
FROV00001,FrozenEngine,1401,02/14/2025, 06:20:48,540
FROV00001,FrozenEngine,1401,02/14/2025, 07:14:35,540
FROV00001,FrozenEngine,1401,02/14/2025, 08:19:27,540
FROV00001,FrozenEngine,1401,02/14/2025, 09:16:00,540
FROV00001,FrozenEngine,1401,02/14/2025, 10:15:49,540
FROV00001,FrozenEngine,1401,02/14/2025, 11:12:54,540
FROV00001,FrozenEngine,1401,02/14/2025, 12:28:43,540
FROV00001,FrozenEngine,1401,02/14/2025, 13:21:52,540
FROV00001,FrozenEngine,1401,02/14/2025, 14:14:18,540
FROV00001,FrozenEngine,1401,02/14/2025, 15:15:54,540
FROV00001,FrozenEngine,1401,02/14/2025, 16:18:10,540
FROV00001,FrozenEngine,1401,02/14/2025, 17:13:27,540
FROV00001,FrozenEngine,1401,02/14/2025, 18:20:03,540
FROV00001,FrozenEngine,1401,02/14/2025, 19:12:26,540
FROV00001,FrozenEngine,1401,02/14/2025, 20:16:11,540
FROV00001,FrozenEngine,1401,02/14/2025, 21:13:49,540
FROV00001,FrozenEngine,1401,02/14/2025, 22:14:19,540
FROV00001,FrozenEngine,1401,02/14/2025, 23:14:56,540
FROV00001,FrozenEngine,1401,02/15/2025, 01:05:43,540
FROV00001,FrozenEngine,1401,02/15/2025, 02:43:56,540
FROV00001,FrozenEngine,1401,02/15/2025, 03:18:34,540
FROV00001,FrozenEngine,1401,02/15/2025, 04:19:11,540
FROV00001,FrozenEngine,1401,02/15/2025, 05:15:12,540
FROV00001,FrozenEngine,1401,02/15/2025, 06:19:22,540
FROV00001,FrozenEngine,1401,02/15/2025, 07:13:08,540
FROV00001,FrozenEngine,1401,02/15/2025, 08:17:58,540
FROV00001,FrozenEngine,1401,02/15/2025, 09:15:19,540
FROV00001,FrozenEngine,1401,02/15/2025, 10:14:51,540
FROV00001,FrozenEngine,1401,02/15/2025, 11:11:43,540
FROV00001,FrozenEngine,1401,02/15/2025, 12:25:41,540
FROV00001,FrozenEngine,1401,02/15/2025, 13:16:21,540
FROV00001,FrozenEngine,1401,02/15/2025, 14:12:32,540
FROV00001,FrozenEngine,1401,02/15/2025, 15:14:34,540
FROV00001,FrozenEngine,1401,02/15/2025, 16:16:37,540
FROV00001,FrozenEngine,1401,02/15/2025, 17:13:28,540
FROV00001,FrozenEngine,1401,02/15/2025, 18:17:58,540
FROV00001,FrozenEngine,1401,02/15/2025, 19:12:19,540
FROV00001,FrozenEngine,1401,02/15/2025, 20:14:49,540
FROV00001,FrozenEngine,1401,02/15/2025, 21:14:05,540
FROV00001,FrozenEngine,1401,02/15/2025, 22:13:49,540
FROV00001,FrozenEngine,1401,02/15/2025, 23:13:35,540
FROV00001,FrozenEngine,1401,02/16/2025, 01:11:54,540
FROV00001,FrozenEngine,1401,02/16/2025, 02:51:25,540
FROV00001,FrozenEngine,1401,02/16/2025, 03:21:49,540
FROV00001,FrozenEngine,1401,02/16/2025, 04:17:28,540
FROV00001,FrozenEngine,1401,02/16/2025, 05:14:51,540
FROV00001,FrozenEngine,1401,02/16/2025, 06:19:21,540
FROV00001,FrozenEngine,1401,02/16/2025, 07:14:34,540
FROV00001,FrozenEngine,1401,02/16/2025, 08:17:28,540
FROV00001,FrozenEngine,1401,02/16/2025, 09:14:22,540
FROV00001,FrozenEngine,1401,02/16/2025, 10:14:16,540
FROV00001,FrozenEngine,1401,02/16/2025, 11:12:14,540
FROV00001,FrozenEngine,1401,02/16/2025, 12:28:16,540
FROV00001,FrozenEngine,1401,02/16/2025, 13:18:15,540
FROV00001,FrozenEngine,1401,02/16/2025, 14:13:20,540
FROV00001,FrozenEngine,1401,02/16/2025, 15:13:59,540
FROV00001,FrozenEngine,1401,02/16/2025, 16:16:26,540
FROV00001,FrozenEngine,1401,02/16/2025, 18:18:58,540
FROV00001,FrozenEngine,1401,02/16/2025, 19:12:33,540
FROV00001,FrozenEngine,1401,02/16/2025, 20:16:25,540
FROV00001,FrozenEngine,1401,02/16/2025, 21:13:39,540
FROV00001,FrozenEngine,1401,02/16/2025, 22:13:28,540
FROV00001,FrozenEngine,1401,02/16/2025, 23:14:06,540
FROV00001,FrozenEngine,1401,02/17/2025, 01:09:26,540
FROV00001,FrozenEngine,1401,02/17/2025, 02:49:40,540
FROV00001,FrozenEngine,1401,02/17/2025, 03:21:45,540
FROV00001,FrozenEngine,1401,02/17/2025, 04:18:39,540
FROV00001,FrozenEngine,1401,02/17/2025, 05:16:58,540
FROV00001,FrozenEngine,1401,02/17/2025, 06:21:45,540
FROV00001,FrozenEngine,1401,02/17/2025, 07:15:19,540
FROV00001,FrozenEngine,1401,02/17/2025, 08:21:11,540
FROV00001,FrozenEngine,1401,02/17/2025, 09:17:41,540
FROV00001,FrozenEngine,1401,02/17/2025, 10:17:43,540
FROV00001,FrozenEngine,1401,02/17/2025, 11:13:19,540
FROV00001,FrozenEngine,1401,02/17/2025, 12:29:41,540
FROV00001,FrozenEngine,1401,02/17/2025, 13:23:10,540
FROV00001,FrozenEngine,1401,02/17/2025, 14:15:14,540
FROV00001,FrozenEngine,1401,02/17/2025, 15:16:44,540
FROV00001,FrozenEngine,1401,02/17/2025, 16:18:45,540
FROV00001,FrozenEngine,1401,02/17/2025, 17:13:53,540
FROV00001,FrozenEngine,1401,02/17/2025, 18:20:08,540
FROV00001,FrozenEngine,1401,02/17/2025, 19:13:04,540
FROV00001,FrozenEngine,1401,02/17/2025, 20:15:52,540
FROV00001,FrozenEngine,1401,02/17/2025, 21:14:12,540
FROV00001,FrozenEngine,1401,02/17/2025, 22:14:39,540
FROV00001,FrozenEngine,1401,02/17/2025, 23:14:23,540
FROV00001,FrozenEngine,1401,02/18/2025, 01:06:26,540
FROV00001,FrozenEngine,1401,02/18/2025, 02:44:10,540
FROV00001,FrozenEngine,1401,02/18/2025, 03:18:43,540
FROV00001,FrozenEngine,1401,02/18/2025, 04:18:21,540
FROV00001,FrozenEngine,1401,02/18/2025, 05:15:55,540
FROV00001,FrozenEngine,1401,02/18/2025, 06:21:10,540
FROV00001,FrozenEngine,1401,02/18/2025, 07:14:51,540
FROV00001,FrozenEngine,1401,02/18/2025, 08:20:22,540
FROV00001,FrozenEngine,1401,02/18/2025, 09:16:28,540
FROV00001,FrozenEngine,1401,02/18/2025, 10:16:32,540
FROV00001,FrozenEngine,1401,02/18/2025, 11:13:19,540
FROV00001,FrozenEngine,1401,02/18/2025, 12:29:18,540
FROV00001,FrozenEngine,1401,02/18/2025, 13:21:56,540
FROV00001,FrozenEngine,1401,02/18/2025, 14:14:57,540
FROV00001,FrozenEngine,1401,02/18/2025, 15:16:52,540
FROV00001,FrozenEngine,1401,02/18/2025, 16:19:26,540
FROV00001,FrozenEngine,1401,02/18/2025, 17:14:47,540
FROV00001,FrozenEngine,1401,02/18/2025, 18:21:11,540
FROV00001,FrozenEngine,1401,02/18/2025, 19:12:43,540
FROV00001,FrozenEngine,1401,02/18/2025, 20:16:32,540
FROV00001,FrozenEngine,1401,02/18/2025, 21:14:34,540
FROV00001,FrozenEngine,1401,02/18/2025, 22:14:46,540
FROV00001,FrozenEngine,1401,02/18/2025, 23:14:29,540
FROV00001,FrozenEngine,1401,02/19/2025, 01:06:48,540
FROV00001,FrozenEngine,1401,02/19/2025, 02:45:20,540
FROV00001,FrozenEngine,1401,02/19/2025, 03:21:26,540
FROV00001,FrozenEngine,1401,02/19/2025, 04:18:39,540
FROV00001,FrozenEngine,1401,02/19/2025, 05:15:04,540
FROV00001,FrozenEngine,1401,02/19/2025, 06:21:35,540
FROV00001,FrozenEngine,1401,02/19/2025, 07:14:43,540
FROV00001,FrozenEngine,1401,02/19/2025, 08:20:20,540
FROV00001,FrozenEngine,1401,02/19/2025, 09:16:21,540
FROV00001,FrozenEngine,1401,02/19/2025, 10:16:26,540
FROV00001,FrozenEngine,1401,02/19/2025, 11:13:27,540
FROV00001,FrozenEngine,1401,02/19/2025, 12:26:47,540
FROV00001,FrozenEngine,1401,02/19/2025, 13:22:06,540
FROV00001,FrozenEngine,1401,02/19/2025, 14:15:02,540
FROV00001,FrozenEngine,1401,02/19/2025, 15:16:52,540
FROV00001,FrozenEngine,1401,02/19/2025, 16:18:47,540
FROV00001,FrozenEngine,1401,02/19/2025, 17:14:21,540
FROV00001,FrozenEngine,1401,02/19/2025, 18:19:20,540
FROV00001,FrozenEngine,1401,02/19/2025, 19:12:47,540
FROV00001,FrozenEngine,1401,02/19/2025, 20:17:20,540
FROV00001,FrozenEngine,1401,02/19/2025, 21:14:47,540
FROV00001,FrozenEngine,1401,02/19/2025, 22:14:39,540
FROV00001,FrozenEngine,1401,02/19/2025, 23:14:46,540
FROV00001,FrozenEngine,1401,02/20/2025, 01:07:08,540
FROV00001,FrozenEngine,1401,02/20/2025, 02:46:22,540
FROV00001,FrozenEngine,1401,02/20/2025, 03:19:57,540
FROV00001,FrozenEngine,1401,02/20/2025, 04:18:23,540
FROV00001,FrozenEngine,1401,02/20/2025, 05:15:17,540
FROV00001,FrozenEngine,1401,02/20/2025, 07:15:05,540
FROV00001,FrozenEngine,1401,02/20/2025, 08:19:58,540
FROV00001,FrozenEngine,1401,02/20/2025, 09:16:29,540
FROV00001,FrozenEngine,1401,02/20/2025, 10:16:44,540
FROV00001,FrozenEngine,1401,02/20/2025, 11:13:35,540
FROV00001,FrozenEngine,1401,02/20/2025, 12:29:24,540
FROV00001,FrozenEngine,1401,02/20/2025, 13:23:08,540
FROV00001,FrozenEngine,1401,02/20/2025, 14:15:18,540
FROV00001,FrozenEngine,1401,02/20/2025, 15:17:01,540
FROV00001,FrozenEngine,1401,02/20/2025, 16:19:47,540
FROV00001,FrozenEngine,1401,02/20/2025, 17:14:12,540
FROV00001,FrozenEngine,1401,02/20/2025, 18:20:34,540
FROV00001,FrozenEngine,1401,02/20/2025, 19:12:45,540
FROV00001,FrozenEngine,1401,02/20/2025, 20:16:45,540
FROV00001,FrozenEngine,1401,02/20/2025, 21:13:20,540
FROV00001,FrozenEngine,1401,02/20/2025, 22:14:57,540
FROV00001,FrozenEngine,1401,02/20/2025, 23:15:00,540
FROV00001,FrozenEngine,1401,02/21/2025, 01:07:26,540
FROV00001,FrozenEngine,1401,02/21/2025, 03:21:08,540
FROV00001,FrozenEngine,1401,02/21/2025, 04:19:51,540
FROV00001,FrozenEngine,1401,02/21/2025, 08:19:26,540
FROV00001,FrozenEngine,1401,02/21/2025, 09:16:02,540
FROV00001,FrozenEngine,1401,02/21/2025, 10:16:08,540
FROV00001,FrozenEngine,1401,02/21/2025, 11:12:57,540
FROV00001,FrozenEngine,1401,02/21/2025, 12:28:42,540
FROV00001,FrozenEngine,1401,02/21/2025, 13:22:02,540
FROV00001,FrozenEngine,1401,02/21/2025, 14:13:37,540
FROV00001,FrozenEngine,1401,02/21/2025, 15:15:52,540
FROV00001,FrozenEngine,1401,02/21/2025, 16:18:48,540
FROV00001,FrozenEngine,1401,02/21/2025, 17:13:46,540
FROV00001,FrozenEngine,1401,02/21/2025, 18:20:35,540
FROV00001,FrozenEngine,1401,02/21/2025, 19:12:22,540
FROV00001,FrozenEngine,1401,02/21/2025, 20:16:34,540
FROV00001,FrozenEngine,1401,02/21/2025, 21:13:28,540
FROV00001,FrozenEngine,1401,02/21/2025, 22:14:30,540
FROV00001,FrozenEngine,1401,02/21/2025, 23:15:44,540
FROV00001,FrozenEngine,1401,02/22/2025, 01:05:28,540
FROV00001,FrozenEngine,1401,02/22/2025, 02:42:56,540
FROV00001,FrozenEngine,1401,02/22/2025, 03:17:39,540
FROV00001,FrozenEngine,1401,02/22/2025, 04:17:54,540
FROV00001,FrozenEngine,1401,02/22/2025, 05:14:46,540
FROV00001,FrozenEngine,1401,02/22/2025, 06:20:58,540
FROV00001,FrozenEngine,1401,02/22/2025, 07:13:27,540
FROV00001,FrozenEngine,1401,02/22/2025, 08:17:29,540
FROV00001,FrozenEngine,1401,02/22/2025, 09:15:34,540
FROV00001,FrozenEngine,1401,02/22/2025, 10:15:06,540
FROV00001,FrozenEngine,1401,02/22/2025, 11:11:44,540
FROV00001,FrozenEngine,1401,02/22/2025, 12:25:33,540
FROV00001,FrozenEngine,1401,02/22/2025, 13:17:29,540
FROV00001,FrozenEngine,1401,02/22/2025, 14:13:42,540
FROV00001,FrozenEngine,1401,02/22/2025, 15:14:04,540
FROV00001,FrozenEngine,1401,02/22/2025, 16:16:21,540
FROV00001,FrozenEngine,1401,02/22/2025, 17:13:25,540
FROV00001,FrozenEngine,1401,02/22/2025, 18:18:40,540
FROV00001,FrozenEngine,1401,02/22/2025, 19:12:09,540
FROV00001,FrozenEngine,1401,02/22/2025, 20:15:19,540
FROV00001,FrozenEngine,1401,02/22/2025, 21:14:04,540
FROV00001,FrozenEngine,1401,02/22/2025, 22:13:12,540
FROV00001,FrozenEngine,1401,02/22/2025, 23:14:21,540
FROV00001,FrozenEngine,1401,02/23/2025, 01:12:07,540
FROV00001,FrozenEngine,1401,02/23/2025, 02:51:54,540
FROV00001,FrozenEngine,1401,02/23/2025, 03:21:54,540
FROV00001,FrozenEngine,1401,02/23/2025, 04:18:08,540
FROV00001,FrozenEngine,1401,02/23/2025, 05:14:11,540
FROV00001,FrozenEngine,1401,02/23/2025, 06:19:29,540
FROV00001,FrozenEngine,1401,02/23/2025, 07:13:46,540
FROV00001,FrozenEngine,1401,02/23/2025, 08:19:12,540
FROV00001,FrozenEngine,1401,02/23/2025, 09:14:32,540
FROV00001,FrozenEngine,1401,02/23/2025, 10:15:29,540
FROV00001,FrozenEngine,1401,02/23/2025, 11:13:08,540
FROV00001,FrozenEngine,1401,02/23/2025, 12:26:07,540
FROV00001,FrozenEngine,1401,02/23/2025, 13:18:08,540
FROV00001,FrozenEngine,1401,02/23/2025, 14:14:21,540
FROV00001,FrozenEngine,1401,02/23/2025, 15:14:03,540
FROV00001,FrozenEngine,1401,02/23/2025, 16:16:38,540
FROV00001,FrozenEngine,1401,02/23/2025, 17:13:21,540
FROV00001,FrozenEngine,1401,02/23/2025, 18:18:42,540
FROV00001,FrozenEngine,1401,02/23/2025, 19:11:46,540
FROV00001,FrozenEngine,1401,02/23/2025, 20:15:32,540
FROV00001,FrozenEngine,1401,02/23/2025, 21:13:32,540
FROV00001,FrozenEngine,1401,02/23/2025, 22:13:50,540
FROV00001,FrozenEngine,1401,02/23/2025, 23:14:03,540
FROV00001,FrozenEngine,1401,02/24/2025, 01:09:25,540
FROV00001,FrozenEngine,1401,02/24/2025, 02:52:21,540
FROV00001,FrozenEngine,1401,02/24/2025, 03:23:14,540
FROV00001,FrozenEngine,1401,02/24/2025, 04:18:54,540
FROV00001,FrozenEngine,1401,02/24/2025, 05:15:42,540
FROV00001,FrozenEngine,1401,02/24/2025, 06:22:32,540
FROV00001,FrozenEngine,1401,02/24/2025, 07:15:32,540
FROV00001,FrozenEngine,1401,02/24/2025, 08:21:05,540
FROV00001,FrozenEngine,1401,02/24/2025, 09:17:45,540
FROV00001,FrozenEngine,1401,02/24/2025, 10:17:33,540
FROV00001,FrozenEngine,1401,02/24/2025, 11:13:48,540
FROV00001,FrozenEngine,1401,02/24/2025, 12:29:52,540
FROV00001,FrozenEngine,1401,02/24/2025, 13:23:43,540
FROV00001,FrozenEngine,1401,02/24/2025, 14:15:31,540
FROV00001,FrozenEngine,1401,02/24/2025, 15:17:48,540
FROV00001,FrozenEngine,1401,02/24/2025, 16:20:18,540
FROV00001,FrozenEngine,1401,02/24/2025, 17:14:12,540
FROV00001,FrozenEngine,1401,02/24/2025, 18:21:03,540
FROV00001,FrozenEngine,1401,02/24/2025, 19:13:36,540
FROV00001,FrozenEngine,1401,02/24/2025, 20:17:17,540
FROV00001,FrozenEngine,1401,02/24/2025, 21:14:23,540
FROV00001,FrozenEngine,1401,02/24/2025, 22:14:46,540
FROV00001,FrozenEngine,1401,02/24/2025, 23:15:06,540
FROV00001,FrozenEngine,1401,02/25/2025, 01:08:41,540
FROV00001,FrozenEngine,1401,02/25/2025, 02:50:40,540
FROV00001,FrozenEngine,1401,02/25/2025, 03:23:02,540
FROV00001,FrozenEngine,1401,02/25/2025, 04:19:18,540
FROV00001,FrozenEngine,1401,02/25/2025, 05:15:38,540
FROV00001,FrozenEngine,1401,02/25/2025, 06:21:34,540
FROV00001,FrozenEngine,1401,02/25/2025, 07:15:24,540
FROV00001,FrozenEngine,1401,02/25/2025, 08:20:23,540
FROV00001,FrozenEngine,1401,02/25/2025, 09:16:45,540
FROV00001,FrozenEngine,1401,02/25/2025, 10:16:39,540
FROV00001,FrozenEngine,1401,02/25/2025, 11:13:25,540
FROV00001,FrozenEngine,1401,02/25/2025, 12:30:00,540
FROV00001,FrozenEngine,1401,02/25/2025, 13:23:43,540
FROV00001,FrozenEngine,1401,02/25/2025, 14:15:19,540
FROV00001,FrozenEngine,1401,02/25/2025, 15:17:17,540
FROV00001,FrozenEngine,1401,02/25/2025, 16:19:47,540
FROV00001,FrozenEngine,1401,02/25/2025, 17:17:11,540
FROV00001,FrozenEngine,1401,02/25/2025, 18:21:19,540
FROV00001,FrozenEngine,1401,02/25/2025, 19:13:35,540
FROV00001,FrozenEngine,1401,02/25/2025, 20:17:24,540
FROV00001,FrozenEngine,1401,02/25/2025, 21:14:50,540
FROV00001,FrozenEngine,1401,02/25/2025, 22:15:01,540
FROV00001,FrozenEngine,1401,02/25/2025, 23:14:50,540
FROV00001,FrozenEngine,1401,02/26/2025, 01:08:27,540
FROV00001,FrozenEngine,1401,02/26/2025, 02:49:47,540
FROV00001,FrozenEngine,1401,02/26/2025, 03:22:14,540
FROV00001,FrozenEngine,1401,02/26/2025, 04:18:58,540
FROV00001,FrozenEngine,1401,02/26/2025, 05:15:43,540
FROV00001,FrozenEngine,1401,02/26/2025, 06:22:08,540
FROV00001,FrozenEngine,1401,02/26/2025, 07:15:25,540
FROV00001,FrozenEngine,1401,02/26/2025, 08:20:17,540
FROV00001,FrozenEngine,1401,02/26/2025, 09:17:27,540
FROV00001,FrozenEngine,1401,02/26/2025, 10:17:09,540
FROV00001,FrozenEngine,1401,02/26/2025, 11:14:01,540
FROV00001,FrozenEngine,1401,02/26/2025, 12:29:42,540
FROV00001,FrozenEngine,1401,02/26/2025, 13:23:21,540
FROV00001,FrozenEngine,1401,02/26/2025, 14:15:18,540
FROV00001,FrozenEngine,1401,02/26/2025, 15:17:30,540
FROV00001,FrozenEngine,1401,02/26/2025, 16:19:57,540
FROV00001,FrozenEngine,1401,02/26/2025, 17:14:37,540
FROV00001,FrozenEngine,1401,02/26/2025, 18:21:03,540
FROV00001,FrozenEngine,1401,02/26/2025, 19:13:03,540
FROV00001,FrozenEngine,1401,02/26/2025, 20:17:22,540
FROV00001,FrozenEngine,1401,02/26/2025, 21:15:03,540
FROV00001,FrozenEngine,1401,02/26/2025, 22:14:56,540
FROV00001,FrozenEngine,1401,02/26/2025, 23:15:41,540
FROV00001,FrozenEngine,1401,02/27/2025, 01:08:39,540
FROV00001,FrozenEngine,1401,02/27/2025, 02:52:01,540
FROV00001,FrozenEngine,1401,02/27/2025, 03:23:16,540
FROV00001,FrozenEngine,1401,02/27/2025, 04:18:53,540
FROV00001,FrozenEngine,1401,02/27/2025, 05:16:39,540
FROV00001,FrozenEngine,1401,02/27/2025, 06:21:56,540
FROV00001,FrozenEngine,1401,02/27/2025, 07:15:11,540
FROV00001,FrozenEngine,1401,02/27/2025, 08:19:45,540
FROV00001,FrozenEngine,1401,02/27/2025, 09:16:51,540
FROV00001,FrozenEngine,1401,02/27/2025, 10:17:07,540
FROV00001,FrozenEngine,1401,02/27/2025, 11:13:22,540
FROV00001,FrozenEngine,1401,02/27/2025, 12:29:28,540
FROV00001,FrozenEngine,1401,02/27/2025, 13:24:06,540
FROV00001,FrozenEngine,1401,02/27/2025, 14:15:27,540
FROV00001,FrozenEngine,1401,02/27/2025, 15:17:31,540
FROV00001,FrozenEngine,1401,02/27/2025, 16:20:06,540
FROV00001,FrozenEngine,1401,02/27/2025, 17:14:32,540
FROV00001,FrozenEngine,1401,02/27/2025, 18:21:05,540
FROV00001,FrozenEngine,1401,02/27/2025, 19:13:17,540
FROV00001,FrozenEngine,1401,02/27/2025, 20:17:24,540
FROV00001,FrozenEngine,1401,02/27/2025, 21:15:03,540
FROV00001,FrozenEngine,1401,02/27/2025, 22:16:11,540
FROV00001,FrozenEngine,1401,02/27/2025, 23:15:20,540
FROV00001,FrozenEngine,1401,02/28/2025, 01:08:57,540
FROV00001,FrozenEngine,1401,02/28/2025, 02:52:07,540
FROV00001,FrozenEngine,1401,02/28/2025, 03:23:40,540
FROV00001,FrozenEngine,1401,02/28/2025, 04:19:03,540
FROV00001,FrozenEngine,1401,02/28/2025, 05:16:10,540
FROV00001,FrozenEngine,1401,02/28/2025, 06:21:50,540
FROV00001,FrozenEngine,1401,02/28/2025, 07:15:36,540
FROV00001,FrozenEngine,1401,02/28/2025, 08:19:42,540
FROV00001,FrozenEngine,1401,02/28/2025, 09:16:46,540
FROV00001,FrozenEngine,1401,02/28/2025, 10:16:37,540
FROV00001,FrozenEngine,1401,02/28/2025, 11:13:43,540
FROV00001,FrozenEngine,1401,02/28/2025, 12:29:11,540
FROV00001,FrozenEngine,1401,02/28/2025, 13:22:47,540
FROV00001,FrozenEngine,1401,02/28/2025, 14:15:13,540
FROV00001,FrozenEngine,1401,02/28/2025, 15:16:28,540
FROV00001,FrozenEngine,1401,02/28/2025, 16:19:51,540
FROV00001,FrozenEngine,1401,02/28/2025, 17:13:57,540
FROV00001,FrozenEngine,1401,02/28/2025, 18:20:51,540
FROV00001,FrozenEngine,1401,02/28/2025, 19:14:29,540
FROV00001,FrozenEngine,1401,02/28/2025, 20:17:01,540
FROV00001,FrozenEngine,1401,02/28/2025, 21:14:35,540
FROV00001,FrozenEngine,1401,02/28/2025, 22:14:38,540
FROV00001,FrozenEngine,1401,02/28/2025, 23:14:48,540
FROV00001,FrozenEngine,1401,03/01/2025, 01:13:28,540
FROV00001,FrozenEngine,1401,03/01/2025, 02:56:02,540
FROV00001,FrozenEngine,1401,03/01/2025, 03:29:03,540
FROV00001,FrozenEngine,1401,03/01/2025, 04:18:21,540
FROV00001,FrozenEngine,1401,03/01/2025, 05:15:11,540
FROV00001,FrozenEngine,1401,03/01/2025, 06:20:36,540
FROV00001,FrozenEngine,1401,03/01/2025, 07:13:59,540
FROV00001,FrozenEngine,1401,03/01/2025, 08:18:29,540
FROV00001,FrozenEngine,1401,03/01/2025, 09:14:58,540
FROV00001,FrozenEngine,1401,03/01/2025, 10:15:03,540
FROV00001,FrozenEngine,1401,03/01/2025, 11:12:25,540
FROV00001,FrozenEngine,1401,03/01/2025, 12:26:46,540
FROV00001,FrozenEngine,1401,03/01/2025, 13:18:54,540
FROV00001,FrozenEngine,1401,03/01/2025, 14:13:59,540
FROV00001,FrozenEngine,1401,03/01/2025, 15:14:27,540
FROV00001,FrozenEngine,1401,03/01/2025, 16:16:52,540
FROV00001,FrozenEngine,1401,03/01/2025, 17:12:54,540
FROV00001,FrozenEngine,1401,03/01/2025, 18:19:17,540
FROV00001,FrozenEngine,1401,03/01/2025, 19:12:03,540
FROV00001,FrozenEngine,1401,03/01/2025, 20:15:20,540
FROV00001,FrozenEngine,1401,03/01/2025, 21:14:02,540
FROV00001,FrozenEngine,1401,03/01/2025, 22:13:51,540
FROV00001,FrozenEngine,1401,03/01/2025, 23:15:45,540
FROV00001,FrozenEngine,1401,03/02/2025, 01:13:08,540
FROV00001,FrozenEngine,1401,03/02/2025, 02:54:29,540
FROV00001,FrozenEngine,1401,03/02/2025, 03:25:02,540
FROV00001,FrozenEngine,1401,03/02/2025, 04:17:53,540
FROV00001,FrozenEngine,1401,03/02/2025, 05:15:49,540
FROV00001,FrozenEngine,1401,03/02/2025, 06:20:42,540
FROV00001,FrozenEngine,1401,03/02/2025, 07:14:05,540
FROV00001,FrozenEngine,1401,03/02/2025, 08:17:58,540
FROV00001,FrozenEngine,1401,03/02/2025, 09:14:46,540
FROV00001,FrozenEngine,1401,03/02/2025, 10:15:51,540
FROV00001,FrozenEngine,1401,03/02/2025, 11:13:10,540
FROV00001,FrozenEngine,1401,03/02/2025, 12:25:50,540
FROV00001,FrozenEngine,1401,03/02/2025, 13:18:18,540
FROV00001,FrozenEngine,1401,03/02/2025, 14:14:36,540
FROV00001,FrozenEngine,1401,03/02/2025, 15:14:29,540
FROV00001,FrozenEngine,1401,03/02/2025, 16:17:49,540
FROV00001,FrozenEngine,1401,03/02/2025, 17:12:39,540
FROV00001,FrozenEngine,1401,03/02/2025, 18:20:19,540
FROV00001,FrozenEngine,1401,03/02/2025, 19:12:08,540
FROV00001,FrozenEngine,1401,03/02/2025, 20:15:46,540
FROV00001,FrozenEngine,1401,03/02/2025, 21:14:17,540
FROV00001,FrozenEngine,1401,03/02/2025, 22:14:59,540
FROV00001,FrozenEngine,1401,03/02/2025, 23:14:45,540
FROV00001,FrozenEngine,1401,03/03/2025, 01:11:07,540
FROV00001,FrozenEngine,1401,03/03/2025, 02:54:06,540
FROV00001,FrozenEngine,1401,03/03/2025, 03:26:01,540
FROV00001,FrozenEngine,1401,03/03/2025, 04:19:45,540
FROV00001,FrozenEngine,1401,03/03/2025, 05:16:08,540
FROV00001,FrozenEngine,1401,03/03/2025, 06:22:38,540
FROV00001,FrozenEngine,1401,03/03/2025, 07:16:30,540
FROV00001,FrozenEngine,1401,03/03/2025, 08:21:39,540
FROV00001,FrozenEngine,1401,03/03/2025, 09:18:16,540
FROV00001,FrozenEngine,1401,03/03/2025, 10:17:40,540
FROV00001,FrozenEngine,1401,03/03/2025, 11:14:14,540
FROV00001,FrozenEngine,1401,03/03/2025, 12:30:14,540
FROV00001,FrozenEngine,1401,03/03/2025, 13:24:00,540
FROV00001,FrozenEngine,1401,03/03/2025, 14:15:43,540
FROV00001,FrozenEngine,1401,03/03/2025, 15:17:17,540
FROV00001,FrozenEngine,1401,03/03/2025, 16:18:57,540
FROV00001,FrozenEngine,1401,03/03/2025, 17:14:30,540
FROV00001,FrozenEngine,1401,03/03/2025, 18:21:11,540
FROV00001,FrozenEngine,1401,03/03/2025, 19:13:14,540
FROV00001,FrozenEngine,1401,03/03/2025, 20:17:01,540
FROV00001,FrozenEngine,1401,03/03/2025, 21:16:11,540
FROV00001,FrozenEngine,1401,03/03/2025, 22:14:56,540
FROV00001,FrozenEngine,1401,03/03/2025, 23:15:05,540
FROV00001,FrozenEngine,1401,03/04/2025, 01:09:35,540
FROV00001,FrozenEngine,1401,03/04/2025, 02:53:22,540
FROV00001,FrozenEngine,1401,03/04/2025, 03:25:47,540
FROV00001,FrozenEngine,1401,03/04/2025, 04:18:41,540
FROV00001,FrozenEngine,1401,03/04/2025, 05:15:33,540
FROV00001,FrozenEngine,1401,03/04/2025, 06:21:33,540
FROV00001,FrozenEngine,1401,03/04/2025, 07:16:20,540
FROV00001,FrozenEngine,1401,03/04/2025, 08:19:06,540
FROV00001,FrozenEngine,1401,03/04/2025, 09:17:14,540
FROV00001,FrozenEngine,1401,03/04/2025, 10:17:27,540
FROV00001,FrozenEngine,1401,03/04/2025, 11:14:07,540
FROV00001,FrozenEngine,1401,03/04/2025, 12:29:57,540
FROV00001,FrozenEngine,1401,03/04/2025, 13:23:37,540
FROV00001,FrozenEngine,1401,03/04/2025, 14:15:15,540
FROV00001,FrozenEngine,1401,03/04/2025, 15:17:22,540
FROV00001,FrozenEngine,1401,03/04/2025, 16:19:49,540
FROV00001,FrozenEngine,1401,03/04/2025, 17:15:16,540
FROV00001,FrozenEngine,1401,03/04/2025, 18:21:24,540
FROV00001,FrozenEngine,1401,03/04/2025, 19:13:02,540
FROV00001,FrozenEngine,1401,03/04/2025, 20:17:13,540
FROV00001,FrozenEngine,1401,03/04/2025, 21:15:20,540
FROV00001,FrozenEngine,1401,03/04/2025, 22:14:21,540
FROV00001,FrozenEngine,1401,03/04/2025, 23:15:08,540
FROV00001,FrozenEngine,1401,03/05/2025, 01:09:43,540
FROV00001,FrozenEngine,1401,03/05/2025, 02:52:37,540
FROV00001,FrozenEngine,1401,03/05/2025, 03:24:21,540
FROV00001,FrozenEngine,1401,03/05/2025, 04:19:03,540
FROV00001,FrozenEngine,1401,03/05/2025, 05:15:54,540
FROV00001,FrozenEngine,1401,03/05/2025, 06:22:06,540
FROV00001,FrozenEngine,1401,03/05/2025, 07:15:40,540
FROV00001,FrozenEngine,1401,03/05/2025, 08:20:28,540
FROV00001,FrozenEngine,1401,03/05/2025, 09:17:19,540
FROV00001,FrozenEngine,1401,03/05/2025, 10:17:19,540
FROV00001,FrozenEngine,1401,03/05/2025, 11:13:50,540
FROV00001,FrozenEngine,1401,03/05/2025, 12:30:09,540
FROV00001,FrozenEngine,1401,03/05/2025, 13:24:12,540
FROV00001,FrozenEngine,1401,03/05/2025, 14:15:26,540
FROV00001,FrozenEngine,1401,03/05/2025, 15:17:47,540
FROV00001,FrozenEngine,1401,03/05/2025, 16:25:03,540
FROV00001,FrozenEngine,1401,03/05/2025, 17:15:01,540
FROV00001,FrozenEngine,1401,03/05/2025, 18:22:12,540
FROV00001,FrozenEngine,1401,03/05/2025, 19:13:27,540
FROV00001,FrozenEngine,1401,03/05/2025, 20:17:45,540
FROV00001,FrozenEngine,1401,03/05/2025, 21:15:00,540
FROV00001,FrozenEngine,1401,03/05/2025, 22:15:15,540
FROV00001,FrozenEngine,1401,03/05/2025, 23:15:44,540
FROV00001,FrozenEngine,1401,03/06/2025, 01:09:27,540
FROV00001,FrozenEngine,1401,03/06/2025, 02:53:47,540
FROV00001,FrozenEngine,1401,03/06/2025, 03:25:08,540
FROV00001,FrozenEngine,1401,03/06/2025, 04:18:46,540
FROV00001,FrozenEngine,1401,03/06/2025, 05:16:04,540
FROV00001,FrozenEngine,1401,03/06/2025, 06:22:14,540
FROV00001,FrozenEngine,1401,03/06/2025, 07:17:02,540
FROV00001,FrozenEngine,1401,03/06/2025, 08:20:10,540
FROV00001,FrozenEngine,1401,03/06/2025, 09:17:07,540
FROV00001,FrozenEngine,1401,03/06/2025, 10:16:58,540
FROV00001,FrozenEngine,1401,03/06/2025, 11:14:08,540
FROV00001,FrozenEngine,1401,03/06/2025, 12:30:13,540
FROV00001,FrozenEngine,1401,03/06/2025, 13:23:52,540
FROV00001,FrozenEngine,1401,03/06/2025, 14:15:23,540
FROV00001,FrozenEngine,1401,03/06/2025, 15:17:14,540
FROV00001,FrozenEngine,1401,03/06/2025, 16:19:53,540
FROV00001,FrozenEngine,1401,03/06/2025, 17:15:00,540
FROV00001,FrozenEngine,1401,03/06/2025, 18:21:16,540
FROV00001,FrozenEngine,1401,03/06/2025, 19:13:13,540
FROV00001,FrozenEngine,1401,03/06/2025, 20:17:37,540
FROV00001,FrozenEngine,1401,03/06/2025, 21:15:27,540
FROV00001,FrozenEngine,1401,03/06/2025, 22:15:14,540
FROV00001,FrozenEngine,1401,03/06/2025, 23:15:33,540
FROV00001,FrozenEngine,1401,03/07/2025, 01:10:21,540
FROV00001,FrozenEngine,1401,03/07/2025, 02:54:33,540
FROV00001,FrozenEngine,1401,03/07/2025, 03:26:09,540
FROV00001,FrozenEngine,1401,03/07/2025, 04:19:09,540
FROV00001,FrozenEngine,1401,03/07/2025, 05:16:01,540
FROV00001,FrozenEngine,1401,03/07/2025, 06:21:45,540
FROV00001,FrozenEngine,1401,03/07/2025, 07:15:22,540
FROV00001,FrozenEngine,1401,03/07/2025, 08:19:55,540
FROV00001,FrozenEngine,1401,03/07/2025, 09:16:55,540
FROV00001,FrozenEngine,1401,03/07/2025, 10:17:04,540
FROV00001,FrozenEngine,1401,03/07/2025, 11:13:45,540
FROV00001,FrozenEngine,1401,03/07/2025, 12:29:18,540
FROV00001,FrozenEngine,1401,03/07/2025, 13:23:25,540
FROV00001,FrozenEngine,1401,03/07/2025, 14:15:16,540
FROV00001,FrozenEngine,1401,03/07/2025, 15:16:36,540
FROV00001,FrozenEngine,1401,03/07/2025, 16:19:11,540
FROV00001,FrozenEngine,1401,03/07/2025, 17:14:01,540
FROV00001,FrozenEngine,1401,03/07/2025, 18:20:50,540
FROV00001,FrozenEngine,1401,03/07/2025, 19:12:57,540
FROV00001,FrozenEngine,1401,03/07/2025, 20:17:41,540
FROV00001,FrozenEngine,1401,03/07/2025, 21:13:38,540
FROV00001,FrozenEngine,1401,03/07/2025, 22:13:15,540
FROV00001,FrozenEngine,1401,03/07/2025, 23:12:54,540
FROV00001,FrozenEngine,1401,03/08/2025, 00:56:28,540
FROV00001,FrozenEngine,1401,03/08/2025, 01:56:21,540
FROV00001,FrozenEngine,1401,03/08/2025, 02:28:06,540
FROV00001,FrozenEngine,1401,03/08/2025, 03:14:55,540
FROV00001,FrozenEngine,1401,03/08/2025, 04:15:28,540
FROV00001,FrozenEngine,1401,03/08/2025, 05:13:01,540
FROV00001,FrozenEngine,1401,03/08/2025, 06:17:48,540
FROV00001,FrozenEngine,1401,03/08/2025, 07:11:39,540
FROV00001,FrozenEngine,1401,03/08/2025, 08:16:19,540
FROV00001,FrozenEngine,1401,03/08/2025, 09:14:06,540
FROV00001,FrozenEngine,1401,03/08/2025, 10:13:49,540
FROV00001,FrozenEngine,1401,03/08/2025, 11:11:38,540
FROV00001,FrozenEngine,1401,03/08/2025, 12:21:57,540
FROV00001,FrozenEngine,1401,03/08/2025, 13:14:14,540
FROV00001,FrozenEngine,1401,03/08/2025, 14:11:39,540
FROV00001,FrozenEngine,1401,03/08/2025, 15:13:21,540
FROV00001,FrozenEngine,1401,03/08/2025, 16:15:05,540
FROV00001,FrozenEngine,1401,03/08/2025, 17:12:14,540
FROV00001,FrozenEngine,1401,03/08/2025, 18:17:04,540
FROV00001,FrozenEngine,1401,03/08/2025, 19:12:07,540
FROV00001,FrozenEngine,1401,03/08/2025, 20:12:58,540
FROV00001,FrozenEngine,1401,03/08/2025, 21:12:57,540
FROV00001,FrozenEngine,1401,03/08/2025, 22:12:30,540
FROV00001,FrozenEngine,1401,03/08/2025, 23:14:15,540
FROV00001,FrozenEngine,1401,03/09/2025, 01:00:59,540
FROV00001,FrozenEngine,1401,03/09/2025, 02:05:37,540
FROV00001,FrozenEngine,1401,03/09/2025, 03:15:28,540
FROV00001,FrozenEngine,1401,03/09/2025, 04:15:51,540
FROV00001,FrozenEngine,1401,03/09/2025, 05:13:15,540
FROV00001,FrozenEngine,1401,03/09/2025, 06:17:22,540
FROV00001,FrozenEngine,1401,03/09/2025, 07:12:40,540
FROV00001,FrozenEngine,1401,03/09/2025, 08:16:48,540
FROV00001,FrozenEngine,1401,03/09/2025, 09:12:32,540
FROV00001,FrozenEngine,1401,03/09/2025, 10:14:14,540
FROV00001,FrozenEngine,1401,03/09/2025, 11:11:24,540
FROV00001,FrozenEngine,1401,03/09/2025, 12:21:37,540
FROV00001,FrozenEngine,1401,03/09/2025, 13:14:06,540
FROV00001,FrozenEngine,1401,03/09/2025, 14:12:17,540
FROV00001,FrozenEngine,1401,03/09/2025, 15:14:16,540
FROV00001,FrozenEngine,1401,03/09/2025, 16:14:53,540
FROV00001,FrozenEngine,1401,03/09/2025, 17:11:23,540
FROV00001,FrozenEngine,1401,03/09/2025, 18:16:00,540
FROV00001,FrozenEngine,1401,03/09/2025, 19:10:19,540
FROV00001,FrozenEngine,1401,03/09/2025, 20:14:28,540
FROV00001,FrozenEngine,1401,03/09/2025, 21:13:03,540
FROV00001,FrozenEngine,1401,03/09/2025, 22:13:13,540
FROV00001,FrozenEngine,1401,03/09/2025, 23:12:25,540
FROV00001,FrozenEngine,1401,03/10/2025, 00:59:28,540
FROV00001,FrozenEngine,1401,03/10/2025, 02:05:00,540
FROV00001,FrozenEngine,1401,03/10/2025, 03:16:43,540
FROV00001,FrozenEngine,1401,03/10/2025, 04:15:54,540
FROV00001,FrozenEngine,1401,03/10/2025, 05:14:15,540
FROV00001,FrozenEngine,1401,03/10/2025, 06:19:07,540
FROV00001,FrozenEngine,1401,03/10/2025, 07:14:52,540
FROV00001,FrozenEngine,1401,03/10/2025, 08:18:08,540
FROV00001,FrozenEngine,1401,03/10/2025, 09:14:59,540
FROV00001,FrozenEngine,1401,03/10/2025, 10:15:08,540
FROV00001,FrozenEngine,1401,03/10/2025, 11:11:37,540
FROV00001,FrozenEngine,1401,03/10/2025, 12:31:00,540
FROV00001,FrozenEngine,1401,03/10/2025, 13:25:23,540
FROV00001,FrozenEngine,1401,03/10/2025, 14:16:18,540
FROV00001,FrozenEngine,1401,03/10/2025, 15:18:24,540
FROV00001,FrozenEngine,1401,03/10/2025, 16:18:04,540
FROV00001,FrozenEngine,1401,03/10/2025, 17:15:35,540
FROV00001,FrozenEngine,1401,03/10/2025, 18:20:27,540
FROV00001,FrozenEngine,1401,03/10/2025, 19:14:18,540
FROV00001,FrozenEngine,1401,03/10/2025, 20:17:53,540
FROV00001,FrozenEngine,1401,03/10/2025, 21:14:53,540
FROV00001,FrozenEngine,1401,03/10/2025, 22:15:19,540
FROV00001,FrozenEngine,1401,03/10/2025, 23:15:07,540
FROV00001,FrozenEngine,1401,03/11/2025, 01:10:21,540
FROV00001,FrozenEngine,1401,03/11/2025, 02:54:35,540
FROV00001,FrozenEngine,1401,03/11/2025, 03:26:19,540
FROV00001,FrozenEngine,1401,03/11/2025, 04:19:48,540
FROV00001,FrozenEngine,1401,03/11/2025, 05:16:01,540
FROV00001,FrozenEngine,1401,03/11/2025, 06:22:10,540
FROV00001,FrozenEngine,1401,03/11/2025, 07:15:36,540
FROV00001,FrozenEngine,1401,03/11/2025, 08:20:41,540
FROV00001,FrozenEngine,1401,03/11/2025, 09:17:29,540
FROV00001,FrozenEngine,1401,03/11/2025, 10:17:53,540
FROV00001,FrozenEngine,1401,03/11/2025, 11:14:14,540
FROV00001,FrozenEngine,1401,03/11/2025, 12:31:00,540
FROV00001,FrozenEngine,1401,03/11/2025, 13:24:55,540
FROV00001,FrozenEngine,1401,03/11/2025, 14:16:28,540
FROV00001,FrozenEngine,1401,03/11/2025, 15:17:55,540
FROV00001,FrozenEngine,1401,03/11/2025, 16:20:27,540
FROV00001,FrozenEngine,1401,03/11/2025, 17:15:08,540
FROV00001,FrozenEngine,1401,03/11/2025, 18:21:58,540
FROV00001,FrozenEngine,1401,03/11/2025, 19:13:32,540
FROV00001,FrozenEngine,1401,03/11/2025, 20:17:27,540
FROV00001,FrozenEngine,1401,03/11/2025, 21:13:03,540
FROV00001,FrozenEngine,1401,03/11/2025, 22:15:08,540
FROV00001,FrozenEngine,1401,03/11/2025, 23:14:57,540
FROV00001,FrozenEngine,1401,03/12/2025, 01:09:24,540
FROV00001,FrozenEngine,1401,03/12/2025, 02:53:37,540
FROV00001,FrozenEngine,1401,03/12/2025, 03:25:14,540
FROV00001,FrozenEngine,1401,03/12/2025, 04:18:43,540
FROV00001,FrozenEngine,1401,03/12/2025, 05:16:09,540
FROV00001,FrozenEngine,1401,03/12/2025, 06:22:02,540
FROV00001,FrozenEngine,1401,03/12/2025, 07:15:43,540
FROV00001,FrozenEngine,1401,03/12/2025, 08:21:36,540
FROV00001,FrozenEngine,1401,03/12/2025, 09:17:14,540
FROV00001,FrozenEngine,1401,03/12/2025, 10:17:17,540
FROV00001,FrozenEngine,1401,03/12/2025, 11:13:53,540
FROV00001,FrozenEngine,1401,03/12/2025, 12:30:38,540
FROV00001,FrozenEngine,1401,03/12/2025, 13:24:51,540
FROV00001,FrozenEngine,1401,03/12/2025, 14:15:52,540
FROV00001,FrozenEngine,1401,03/12/2025, 15:17:36,540
FROV00001,FrozenEngine,1401,03/12/2025, 16:20:07,540
FROV00001,FrozenEngine,1401,03/12/2025, 17:15:12,540
FROV00001,FrozenEngine,1401,03/12/2025, 18:22:07,540
FROV00001,FrozenEngine,1401,03/12/2025, 19:13:29,540
FROV00001,FrozenEngine,1401,03/12/2025, 20:17:40,540
FROV00001,FrozenEngine,1401,03/12/2025, 21:15:20,540
FROV00001,FrozenEngine,1401,03/12/2025, 22:15:43,540
FROV00001,FrozenEngine,1401,03/12/2025, 23:15:45,540
FROV00001,FrozenEngine,1401,03/13/2025, 01:10:55,540
FROV00001,FrozenEngine,1401,03/13/2025, 02:55:24,540
FROV00001,FrozenEngine,1401,03/13/2025, 03:27:25,540
FROV00001,FrozenEngine,1401,03/13/2025, 04:19:29,540
FROV00001,FrozenEngine,1401,03/13/2025, 05:15:55,540
FROV00001,FrozenEngine,1401,03/13/2025, 06:21:54,540
FROV00001,FrozenEngine,1401,03/13/2025, 07:15:30,540
FROV00001,FrozenEngine,1401,03/13/2025, 08:21:37,540
FROV00001,FrozenEngine,1401,03/13/2025, 09:17:22,540
FROV00001,FrozenEngine,1401,03/13/2025, 10:17:58,540
FROV00001,FrozenEngine,1401,03/13/2025, 11:14:20,540
FROV00001,FrozenEngine,1401,03/13/2025, 12:30:39,540
FROV00001,FrozenEngine,1401,03/13/2025, 13:25:10,540
FROV00001,FrozenEngine,1401,03/13/2025, 14:15:54,540
FROV00001,FrozenEngine,1401,03/13/2025, 15:18:20,540
FROV00001,FrozenEngine,1401,03/13/2025, 16:20:45,540
FROV00001,FrozenEngine,1401,03/13/2025, 17:13:15,540
FROV00001,FrozenEngine,1401,03/13/2025, 18:21:42,540
FROV00001,FrozenEngine,1401,03/13/2025, 19:13:27,540
FROV00001,FrozenEngine,1401,03/13/2025, 20:17:44,540
FROV00001,FrozenEngine,1401,03/13/2025, 21:15:26,540
FROV00001,FrozenEngine,1401,03/13/2025, 22:14:49,540
FROV00001,FrozenEngine,1401,03/13/2025, 23:15:11,540
FROV00001,FrozenEngine,1401,03/14/2025, 01:09:30,540
FROV00001,FrozenEngine,1401,03/14/2025, 02:53:24,540
FROV00001,FrozenEngine,1401,03/14/2025, 03:26:25,540
FROV00001,FrozenEngine,1401,03/14/2025, 04:19:00,540
FROV00001,FrozenEngine,1401,03/14/2025, 05:15:47,540
FROV00001,FrozenEngine,1401,03/14/2025, 06:22:08,540
FROV00001,FrozenEngine,1401,03/14/2025, 07:15:36,540
FROV00001,FrozenEngine,1401,03/14/2025, 08:20:13,540
FROV00001,FrozenEngine,1401,03/14/2025, 09:17:40,540
FROV00001,FrozenEngine,1401,03/14/2025, 10:17:24,540
FROV00001,FrozenEngine,1401,03/14/2025, 11:13:39,540
FROV00001,FrozenEngine,1401,03/14/2025, 12:29:16,540
FROV00001,FrozenEngine,1401,03/14/2025, 13:22:45,540
FROV00001,FrozenEngine,1401,03/14/2025, 14:14:49,540
FROV00001,FrozenEngine,1401,03/14/2025, 15:16:19,540
FROV00001,FrozenEngine,1401,03/14/2025, 16:19:22,540
FROV00001,FrozenEngine,1401,03/14/2025, 17:13:07,540
FROV00001,FrozenEngine,1401,03/14/2025, 18:21:10,540
FROV00001,FrozenEngine,1401,03/14/2025, 19:13:36,540
FROV00001,FrozenEngine,1401,03/14/2025, 20:16:44,540
FROV00001,FrozenEngine,1401,03/14/2025, 21:15:16,540
FROV00001,FrozenEngine,1401,03/14/2025, 22:15:07,540
FROV00001,FrozenEngine,1401,03/14/2025, 23:16:11,540
FROV00001,FrozenEngine,1401,03/15/2025, 01:08:58,540
FROV00001,FrozenEngine,1401,03/15/2025, 02:50:53,540
FROV00001,FrozenEngine,1401,03/15/2025, 03:23:13,540
FROV00001,FrozenEngine,1401,03/15/2025, 04:18:09,540
FROV00001,FrozenEngine,1401,03/15/2025, 05:14:59,540
FROV00001,FrozenEngine,1401,03/15/2025, 06:20:50,540
FROV00001,FrozenEngine,1401,03/15/2025, 07:15:05,540
FROV00001,FrozenEngine,1401,03/15/2025, 08:18:37,540
FROV00001,FrozenEngine,1401,03/15/2025, 09:15:04,540
FROV00001,FrozenEngine,1401,03/15/2025, 10:16:18,540
FROV00001,FrozenEngine,1401,03/15/2025, 11:12:14,540
FROV00001,FrozenEngine,1401,03/15/2025, 12:27:37,540
FROV00001,FrozenEngine,1401,03/15/2025, 13:19:29,540
FROV00001,FrozenEngine,1401,03/15/2025, 14:15:08,540
FROV00001,FrozenEngine,1401,03/15/2025, 15:14:39,540
FROV00001,FrozenEngine,1401,03/15/2025, 16:17:11,540
FROV00001,FrozenEngine,1401,03/15/2025, 17:13:12,540
FROV00001,FrozenEngine,1401,03/15/2025, 18:19:28,540
FROV00001,FrozenEngine,1401,03/15/2025, 19:11:43,540
FROV00001,FrozenEngine,1401,03/15/2025, 20:15:36,540
FROV00001,FrozenEngine,1401,03/15/2025, 21:14:48,540
FROV00001,FrozenEngine,1401,03/15/2025, 22:14:49,540
FROV00001,FrozenEngine,1401,03/15/2025, 23:14:17,540
FROV00001,FrozenEngine,1401,03/16/2025, 01:15:22,540
FROV00001,FrozenEngine,1401,03/16/2025, 02:58:41,540
FROV00001,FrozenEngine,1401,03/16/2025, 03:31:59,540
FROV00001,FrozenEngine,1401,03/16/2025, 04:18:24,540
FROV00001,FrozenEngine,1401,03/16/2025, 05:14:49,540
FROV00001,FrozenEngine,1401,03/16/2025, 06:20:04,540
FROV00001,FrozenEngine,1401,03/16/2025, 07:14:13,540
FROV00001,FrozenEngine,1401,03/16/2025, 08:18:39,540
FROV00001,FrozenEngine,1401,03/16/2025, 09:15:06,540
FROV00001,FrozenEngine,1401,03/16/2025, 10:15:28,540
FROV00001,FrozenEngine,1401,03/16/2025, 11:14:02,540
FROV00001,FrozenEngine,1401,03/16/2025, 12:26:54,540
FROV00001,FrozenEngine,1401,03/16/2025, 13:20:44,540
FROV00001,FrozenEngine,1401,03/16/2025, 14:13:29,540
FROV00001,FrozenEngine,1401,03/16/2025, 15:15:22,540
FROV00001,FrozenEngine,1401,03/16/2025, 16:17:45,540
FROV00001,FrozenEngine,1401,03/16/2025, 17:13:34,540
FROV00001,FrozenEngine,1401,03/16/2025, 18:20:04,540
FROV00001,FrozenEngine,1401,03/16/2025, 19:12:25,540
FROV00001,FrozenEngine,1401,03/16/2025, 20:16:55,540
FROV00001,FrozenEngine,1401,03/16/2025, 21:14:12,540
FROV00001,FrozenEngine,1401,03/16/2025, 22:14:20,540
FROV00001,FrozenEngine,1401,03/16/2025, 23:15:20,540
FROV00001,FrozenEngine,1401,03/17/2025, 01:12:49,540
FROV00001,FrozenEngine,1401,03/17/2025, 02:58:01,540
FROV00001,FrozenEngine,1401,03/17/2025, 03:30:17,540
FROV00001,FrozenEngine,1401,03/17/2025, 04:19:23,540
FROV00001,FrozenEngine,1401,03/17/2025, 05:16:25,540
FROV00001,FrozenEngine,1401,03/17/2025, 06:22:46,540
FROV00001,FrozenEngine,1401,03/17/2025, 07:16:19,540
FROV00001,FrozenEngine,1401,03/17/2025, 08:22:18,540
FROV00001,FrozenEngine,1401,03/17/2025, 09:19:11,540
FROV00001,FrozenEngine,1401,03/17/2025, 10:18:13,540
FROV00001,FrozenEngine,1401,03/17/2025, 11:13:56,540
FROV00001,FrozenEngine,1401,03/17/2025, 12:31:38,540
FROV00001,FrozenEngine,1401,03/17/2025, 13:25:54,540
FROV00001,FrozenEngine,1401,03/17/2025, 14:16:40,540
FROV00001,FrozenEngine,1401,03/17/2025, 15:17:26,540
FROV00001,FrozenEngine,1401,03/17/2025, 16:20:38,540
FROV00001,FrozenEngine,1401,03/17/2025, 17:15:19,540
FROV00001,FrozenEngine,1401,03/17/2025, 18:22:08,540
FROV00001,FrozenEngine,1401,03/17/2025, 19:13:26,540
FROV00001,FrozenEngine,1401,03/17/2025, 20:17:59,540
FROV00001,FrozenEngine,1401,03/17/2025, 21:15:14,540
FROV00001,FrozenEngine,1401,03/17/2025, 22:16:10,540
FROV00001,FrozenEngine,1401,03/17/2025, 23:15:22,540
FROV00001,FrozenEngine,1401,03/18/2025, 01:10:40,540
FROV00001,FrozenEngine,1401,03/18/2025, 02:57:09,540
FROV00001,FrozenEngine,1401,03/18/2025, 03:28:40,540
FROV00001,FrozenEngine,1401,03/18/2025, 04:19:11,540
FROV00001,FrozenEngine,1401,03/18/2025, 05:16:15,540
FROV00001,FrozenEngine,1401,03/18/2025, 06:21:58,540
FROV00001,FrozenEngine,1401,03/18/2025, 07:16:34,540
FROV00001,FrozenEngine,1401,03/18/2025, 08:21:07,540
FROV00001,FrozenEngine,1401,03/18/2025, 09:17:40,540
FROV00001,FrozenEngine,1401,03/18/2025, 10:17:22,540
FROV00001,FrozenEngine,1401,03/18/2025, 11:14:06,540
FROV00001,FrozenEngine,1401,03/18/2025, 12:30:44,540
FROV00001,FrozenEngine,1401,03/18/2025, 13:25:12,540
FROV00001,FrozenEngine,1401,03/18/2025, 14:15:51,540
FROV00001,FrozenEngine,1401,03/18/2025, 15:17:47,540
FROV00001,FrozenEngine,1401,03/18/2025, 16:20:22,540
FROV00001,FrozenEngine,1401,03/18/2025, 17:15:07,540
FROV00001,FrozenEngine,1401,03/18/2025, 18:22:10,540
FROV00001,FrozenEngine,1401,03/18/2025, 19:13:25,540
FROV00001,FrozenEngine,1401,03/18/2025, 20:16:59,540
FROV00001,FrozenEngine,1401,03/18/2025, 21:15:05,540
FROV00001,FrozenEngine,1401,03/18/2025, 22:15:21,540
FROV00001,FrozenEngine,1401,03/18/2025, 23:14:57,540
FROV00001,FrozenEngine,1401,03/19/2025, 01:11:25,540
FROV00001,FrozenEngine,1401,03/19/2025, 02:56:06,540
FROV00001,FrozenEngine,1401,03/19/2025, 03:28:21,540
FROV00001,FrozenEngine,1401,03/19/2025, 04:19:11,540
FROV00001,FrozenEngine,1401,03/19/2025, 05:16:01,540
FROV00001,FrozenEngine,1401,03/19/2025, 06:22:11,540
FROV00001,FrozenEngine,1401,03/19/2025, 07:16:01,540
FROV00001,FrozenEngine,1401,03/19/2025, 08:21:17,540
FROV00001,FrozenEngine,1401,03/19/2025, 09:17:37,540
FROV00001,FrozenEngine,1401,03/19/2025, 10:18:19,540
FROV00001,FrozenEngine,1401,03/19/2025, 11:14:25,540
FROV00001,FrozenEngine,1401,03/19/2025, 12:30:45,540
FROV00001,FrozenEngine,1401,03/19/2025, 13:25:16,540
FROV00001,FrozenEngine,1401,03/19/2025, 14:16:08,540
FROV00001,FrozenEngine,1401,03/19/2025, 15:17:18,540
FROV00001,FrozenEngine,1401,03/19/2025, 16:20:08,540
FROV00001,FrozenEngine,1401,03/19/2025, 17:15:17,540
FROV00001,FrozenEngine,1401,03/19/2025, 18:22:27,540
FROV00001,FrozenEngine,1401,03/19/2025, 19:13:38,540
FROV00001,FrozenEngine,1401,03/19/2025, 20:17:49,540
FROV00001,FrozenEngine,1401,03/19/2025, 21:15:42,540
FROV00001,FrozenEngine,1401,03/19/2025, 22:15:24,540
FROV00001,FrozenEngine,1401,03/19/2025, 23:16:10,540
FROV00001,FrozenEngine,1401,03/20/2025, 01:09:54,540
FROV00001,FrozenEngine,1401,03/20/2025, 02:55:06,540
FROV00001,FrozenEngine,1401,03/20/2025, 03:27:42,540
FROV00001,FrozenEngine,1401,03/20/2025, 04:19:24,540
FROV00001,FrozenEngine,1401,03/20/2025, 05:15:57,540
FROV00001,FrozenEngine,1401,03/20/2025, 06:22:19,540
FROV00001,FrozenEngine,1401,03/20/2025, 07:16:06,540
FROV00001,FrozenEngine,1401,03/20/2025, 08:21:21,540
FROV00001,FrozenEngine,1401,03/20/2025, 09:17:22,540
FROV00001,FrozenEngine,1401,03/20/2025, 10:17:18,540
FROV00001,FrozenEngine,1401,03/20/2025, 11:13:50,540
FROV00001,FrozenEngine,1401,03/20/2025, 12:29:32,540
FROV00001,FrozenEngine,1401,03/20/2025, 13:24:05,540
FROV00001,FrozenEngine,1401,03/20/2025, 14:16:24,540
FROV00001,FrozenEngine,1401,03/20/2025, 15:18:01,540
FROV00001,FrozenEngine,1401,03/20/2025, 16:20:42,540
FROV00001,FrozenEngine,1401,03/20/2025, 17:15:30,540
FROV00001,FrozenEngine,1401,03/20/2025, 18:22:07,540
FROV00001,FrozenEngine,1401,03/20/2025, 19:13:33,540
FROV00001,FrozenEngine,1401,03/20/2025, 20:17:29,540
FROV00001,FrozenEngine,1401,03/20/2025, 21:15:14,540
FROV00001,FrozenEngine,1401,03/20/2025, 22:15:03,540
FROV00001,FrozenEngine,1401,03/20/2025, 23:15:29,540
FROV00001,FrozenEngine,1401,03/21/2025, 01:11:21,540
FROV00001,FrozenEngine,1401,03/21/2025, 02:57:04,540
FROV00001,FrozenEngine,1401,03/21/2025, 03:29:09,540
FROV00001,FrozenEngine,1401,03/21/2025, 04:18:56,540
FROV00001,FrozenEngine,1401,03/21/2025, 05:15:57,540
FROV00001,FrozenEngine,1401,03/21/2025, 06:24:05,540
FROV00001,FrozenEngine,1401,03/21/2025, 07:15:49,540
FROV00001,FrozenEngine,1401,03/21/2025, 08:20:12,540
FROV00001,FrozenEngine,1401,03/21/2025, 09:16:51,540
FROV00001,FrozenEngine,1401,03/21/2025, 10:17:03,540
FROV00001,FrozenEngine,1401,03/21/2025, 11:14:19,540
FROV00001,FrozenEngine,1401,03/21/2025, 12:29:58,540
FROV00001,FrozenEngine,1401,03/21/2025, 13:24:40,540
FROV00001,FrozenEngine,1401,03/21/2025, 14:15:28,540
FROV00001,FrozenEngine,1401,03/21/2025, 15:16:51,540
FROV00001,FrozenEngine,1401,03/21/2025, 16:20:01,540
FROV00001,FrozenEngine,1401,03/21/2025, 17:14:27,540
FROV00001,FrozenEngine,1401,03/21/2025, 18:21:06,540
FROV00001,FrozenEngine,1401,03/21/2025, 19:12:36,540
FROV00001,FrozenEngine,1401,03/21/2025, 20:17:33,540
FROV00001,FrozenEngine,1401,03/21/2025, 21:14:38,540
FROV00001,FrozenEngine,1401,03/21/2025, 22:15:42,540
FROV00001,FrozenEngine,1401,03/21/2025, 23:14:56,540
FROV00001,FrozenEngine,1401,03/22/2025, 01:10:03,540
FROV00001,FrozenEngine,1401,03/22/2025, 02:53:10,540
FROV00001,FrozenEngine,1401,03/22/2025, 03:28:54,540
FROV00001,FrozenEngine,1401,03/22/2025, 04:18:45,540
FROV00001,FrozenEngine,1401,03/22/2025, 05:15:25,540
FROV00001,FrozenEngine,1401,03/22/2025, 06:20:13,540
FROV00001,FrozenEngine,1401,03/22/2025, 07:14:42,540
FROV00001,FrozenEngine,1401,03/22/2025, 08:19:09,540
FROV00001,FrozenEngine,1401,03/22/2025, 09:16:08,540
FROV00001,FrozenEngine,1401,03/22/2025, 10:16:39,540
FROV00001,FrozenEngine,1401,03/22/2025, 11:13:36,540
FROV00001,FrozenEngine,1401,03/22/2025, 12:27:29,540
FROV00001,FrozenEngine,1401,03/22/2025, 13:19:43,540
FROV00001,FrozenEngine,1401,03/22/2025, 14:15:06,540
FROV00001,FrozenEngine,1401,03/22/2025, 15:14:46,540
FROV00001,FrozenEngine,1401,03/22/2025, 16:17:27,540
FROV00001,FrozenEngine,1401,03/22/2025, 17:13:02,540
FROV00001,FrozenEngine,1401,03/22/2025, 18:19:55,540
FROV00001,FrozenEngine,1401,03/22/2025, 19:12:40,540
FROV00001,FrozenEngine,1401,03/22/2025, 20:16:05,540
FROV00001,FrozenEngine,1401,03/22/2025, 21:14:20,540
FROV00001,FrozenEngine,1401,03/22/2025, 22:14:06,540
FROV00001,FrozenEngine,1401,03/22/2025, 23:15:12,540
FROV00001,FrozenEngine,1401,03/23/2025, 01:15:44,540
FROV00001,FrozenEngine,1401,03/23/2025, 03:01:36,540
FROV00001,FrozenEngine,1401,03/23/2025, 03:37:08,540
FROV00001,FrozenEngine,1401,03/23/2025, 04:18:37,540
FROV00001,FrozenEngine,1401,03/23/2025, 05:14:48,540
FROV00001,FrozenEngine,1401,03/23/2025, 06:20:18,540
FROV00001,FrozenEngine,1401,03/23/2025, 07:14:34,540
FROV00001,FrozenEngine,1401,03/23/2025, 08:19:00,540
FROV00001,FrozenEngine,1401,03/23/2025, 09:15:04,540
FROV00001,FrozenEngine,1401,03/23/2025, 10:15:31,540
FROV00001,FrozenEngine,1401,03/23/2025, 11:13:21,540
FROV00001,FrozenEngine,1401,03/23/2025, 12:27:35,540
FROV00001,FrozenEngine,1401,03/23/2025, 13:20:25,540
FROV00001,FrozenEngine,1401,03/23/2025, 14:13:40,540
FROV00001,FrozenEngine,1401,03/23/2025, 15:15:00,540
FROV00001,FrozenEngine,1401,03/23/2025, 16:17:31,540
FROV00001,FrozenEngine,1401,03/23/2025, 17:13:09,540
FROV00001,FrozenEngine,1401,03/23/2025, 18:19:14,540
FROV00001,FrozenEngine,1401,03/23/2025, 19:13:46,540
FROV00001,FrozenEngine,1401,03/23/2025, 20:16:16,540
FROV00001,FrozenEngine,1401,03/23/2025, 21:13:58,540
FROV00001,FrozenEngine,1401,03/23/2025, 22:15:40,540
FROV00001,FrozenEngine,1401,03/23/2025, 23:14:43,540
FROV00001,FrozenEngine,1401,03/24/2025, 01:13:06,540
FROV00001,FrozenEngine,1401,03/24/2025, 03:01:24,540
FROV00001,FrozenEngine,1401,03/24/2025, 03:38:53,540
FROV00001,FrozenEngine,1401,03/24/2025, 04:19:40,540
FROV00001,FrozenEngine,1401,03/24/2025, 05:16:38,540
FROV00001,FrozenEngine,1401,03/24/2025, 06:23:03,540
FROV00001,FrozenEngine,1401,03/24/2025, 07:16:50,540
FROV00001,FrozenEngine,1401,03/24/2025, 08:21:59,540
FROV00001,FrozenEngine,1401,03/24/2025, 09:19:04,540
FROV00001,FrozenEngine,1401,03/24/2025, 10:18:12,540
FROV00001,FrozenEngine,1401,03/24/2025, 11:14:10,540
FROV00001,FrozenEngine,1401,03/24/2025, 12:32:18,540
FROV00001,FrozenEngine,1401,03/24/2025, 13:26:16,540
FROV00001,FrozenEngine,1401,03/24/2025, 14:16:31,540
FROV00001,FrozenEngine,1401,03/24/2025, 15:17:59,540
FROV00001,FrozenEngine,1401,03/24/2025, 16:21:25,540
FROV00001,FrozenEngine,1401,03/24/2025, 17:15:24,540
FROV00001,FrozenEngine,1401,03/24/2025, 18:22:11,540
FROV00001,FrozenEngine,1401,03/24/2025, 19:13:57,540
FROV00001,FrozenEngine,1401,03/24/2025, 20:16:25,540
FROV00001,FrozenEngine,1401,03/24/2025, 21:14:53,540
FROV00001,FrozenEngine,1401,03/24/2025, 22:15:34,540
FROV00001,FrozenEngine,1401,03/24/2025, 23:15:53,540
FROV00001,FrozenEngine,1401,03/25/2025, 01:12:00,540
FROV00001,FrozenEngine,1401,03/25/2025, 02:58:23,540
FROV00001,FrozenEngine,1401,03/25/2025, 03:31:58,540
FROV00001,FrozenEngine,1401,03/25/2025, 04:19:08,540
FROV00001,FrozenEngine,1401,03/25/2025, 05:17:23,540
FROV00001,FrozenEngine,1401,03/25/2025, 06:22:50,540
FROV00001,FrozenEngine,1401,03/25/2025, 07:18:18,540
FROV00001,FrozenEngine,1401,03/25/2025, 08:21:14,540
FROV00001,FrozenEngine,1401,03/25/2025, 09:17:22,540
FROV00001,FrozenEngine,1401,03/25/2025, 10:17:27,540
FROV00001,FrozenEngine,1401,03/25/2025, 11:14:13,540
FROV00001,FrozenEngine,1401,03/25/2025, 12:31:11,540
FROV00001,FrozenEngine,1401,03/25/2025, 13:26:30,540
FROV00001,FrozenEngine,1401,03/25/2025, 14:16:52,540
FROV00001,FrozenEngine,1401,03/25/2025, 15:18:10,540
FROV00001,FrozenEngine,1401,03/25/2025, 16:19:03,540
FROV00001,FrozenEngine,1401,03/25/2025, 17:15:30,540
FROV00001,FrozenEngine,1401,03/25/2025, 18:21:50,540
FROV00001,FrozenEngine,1401,03/25/2025, 19:13:37,540
FROV00001,FrozenEngine,1401,03/25/2025, 20:17:59,540
FROV00001,FrozenEngine,1401,03/25/2025, 21:15:24,540
FROV00001,FrozenEngine,1401,03/25/2025, 22:15:45,540
FROV00001,FrozenEngine,1401,03/25/2025, 23:15:11,540
FROV00001,FrozenEngine,1401,03/26/2025, 01:11:29,540
FROV00001,FrozenEngine,1401,03/26/2025, 02:57:09,540
FROV00001,FrozenEngine,1401,03/26/2025, 03:29:16,540
FROV00001,FrozenEngine,1401,03/26/2025, 04:19:13,540
FROV00001,FrozenEngine,1401,03/26/2025, 05:16:07,540
FROV00001,FrozenEngine,1401,03/26/2025, 06:22:15,540
FROV00001,FrozenEngine,1401,03/26/2025, 07:16:15,540
FROV00001,FrozenEngine,1401,03/26/2025, 08:20:56,540
FROV00001,FrozenEngine,1401,03/26/2025, 09:17:26,540
FROV00001,FrozenEngine,1401,03/26/2025, 10:17:28,540
FROV00001,FrozenEngine,1401,03/26/2025, 11:13:56,540
FROV00001,FrozenEngine,1401,03/26/2025, 12:30:53,540
FROV00001,FrozenEngine,1401,03/26/2025, 13:25:56,540
FROV00001,FrozenEngine,1401,03/26/2025, 14:16:42,540
FROV00001,FrozenEngine,1401,03/26/2025, 15:18:11,540
FROV00001,FrozenEngine,1401,03/26/2025, 16:20:45,540
FROV00001,FrozenEngine,1401,03/26/2025, 17:15:16,540
FROV00001,FrozenEngine,1401,03/26/2025, 18:22:04,540
FROV00001,FrozenEngine,1401,03/26/2025, 19:13:50,540
FROV00001,FrozenEngine,1401,03/26/2025, 20:18:03,540
FROV00001,FrozenEngine,1401,03/26/2025, 21:15:16,540
FROV00001,FrozenEngine,1401,03/26/2025, 22:15:21,540
FROV00001,FrozenEngine,1401,03/26/2025, 23:15:51,540
FROV00001,FrozenEngine,1401,03/27/2025, 01:11:16,540
FROV00001,FrozenEngine,1401,03/27/2025, 02:57:08,540
FROV00001,FrozenEngine,1401,03/27/2025, 03:31:53,540
FROV00001,FrozenEngine,1401,03/27/2025, 04:18:59,540
FROV00001,FrozenEngine,1401,03/27/2025, 05:16:27,540
FROV00001,FrozenEngine,1401,03/27/2025, 06:22:24,540
FROV00001,FrozenEngine,1401,03/27/2025, 07:16:34,540
FROV00001,FrozenEngine,1401,03/27/2025, 08:21:14,540
FROV00001,FrozenEngine,1401,03/27/2025, 09:18:21,540
FROV00001,FrozenEngine,1401,03/27/2025, 10:17:24,540
FROV00001,FrozenEngine,1401,03/27/2025, 11:13:58,540
FROV00001,FrozenEngine,1401,03/27/2025, 12:31:28,540
FROV00001,FrozenEngine,1401,03/27/2025, 13:25:45,540
FROV00001,FrozenEngine,1401,03/27/2025, 14:16:24,540
FROV00001,FrozenEngine,1401,03/27/2025, 15:17:33,540
FROV00001,FrozenEngine,1401,03/27/2025, 16:20:27,540
FROV00001,FrozenEngine,1401,03/27/2025, 17:15:00,540
FROV00001,FrozenEngine,1401,03/27/2025, 18:21:48,540
FROV00001,FrozenEngine,1401,03/27/2025, 19:13:29,540
FROV00001,FrozenEngine,1401,03/27/2025, 20:17:30,540
FROV00001,FrozenEngine,1401,03/27/2025, 21:16:07,540
FROV00001,FrozenEngine,1401,03/27/2025, 22:15:01,540
FROV00001,FrozenEngine,1401,03/27/2025, 23:16:01,540
FROV00001,FrozenEngine,1401,03/28/2025, 01:11:11,540
FROV00001,FrozenEngine,1401,03/28/2025, 02:58:50,540
FROV00001,FrozenEngine,1401,03/28/2025, 03:33:40,540
FROV00001,FrozenEngine,1401,03/28/2025, 04:19:49,540
FROV00001,FrozenEngine,1401,03/28/2025, 05:16:33,540
FROV00001,FrozenEngine,1401,03/28/2025, 06:22:55,540
FROV00001,FrozenEngine,1401,03/28/2025, 07:16:34,540
FROV00001,FrozenEngine,1401,03/28/2025, 08:20:59,540
FROV00001,FrozenEngine,1401,03/28/2025, 09:17:32,540
FROV00001,FrozenEngine,1401,03/28/2025, 10:17:02,540
FROV00001,FrozenEngine,1401,03/28/2025, 11:13:52,540
FROV00001,FrozenEngine,1401,03/28/2025, 12:30:19,540
FROV00001,FrozenEngine,1401,03/28/2025, 13:24:58,540
FROV00001,FrozenEngine,1401,03/28/2025, 14:15:44,540
FROV00001,FrozenEngine,1401,03/28/2025, 15:16:46,540
FROV00001,FrozenEngine,1401,03/28/2025, 16:19:56,540
FROV00001,FrozenEngine,1401,03/28/2025, 17:15:19,540
FROV00001,FrozenEngine,1401,03/28/2025, 18:22:04,540
FROV00001,FrozenEngine,1401,03/28/2025, 19:14:08,540
FROV00001,FrozenEngine,1401,03/28/2025, 20:18:02,540
FROV00001,FrozenEngine,1401,03/28/2025, 21:15:11,540
FROV00001,FrozenEngine,1401,03/28/2025, 22:15:53,540
FROV00001,FrozenEngine,1401,03/28/2025, 23:15:24,540
FROV00001,FrozenEngine,1401,03/29/2025, 01:10:35,540
FROV00001,FrozenEngine,1401,03/29/2025, 02:55:43,540
FROV00001,FrozenEngine,1401,03/29/2025, 03:27:47,540
FROV00001,FrozenEngine,1401,03/29/2025, 04:19:58,540
FROV00001,FrozenEngine,1401,03/29/2025, 05:14:57,540
FROV00001,FrozenEngine,1401,03/29/2025, 06:20:42,540
FROV00001,FrozenEngine,1401,03/29/2025, 07:14:43,540
FROV00001,FrozenEngine,1401,03/29/2025, 08:19:15,540
FROV00001,FrozenEngine,1401,03/29/2025, 09:16:00,540
FROV00001,FrozenEngine,1401,03/29/2025, 10:15:42,540
FROV00001,FrozenEngine,1401,03/29/2025, 11:13:27,540
FROV00001,FrozenEngine,1401,03/29/2025, 12:27:38,540
FROV00001,FrozenEngine,1401,03/29/2025, 13:21:12,540
FROV00001,FrozenEngine,1401,03/29/2025, 14:14:53,540
FROV00001,FrozenEngine,1401,03/29/2025, 15:16:43,540
FROV00001,FrozenEngine,1401,03/29/2025, 16:18:08,540
FROV00001,FrozenEngine,1401,03/29/2025, 17:13:13,540
FROV00001,FrozenEngine,1401,03/29/2025, 18:19:35,540
FROV00001,FrozenEngine,1401,03/29/2025, 19:12:59,540
FROV00001,FrozenEngine,1401,03/29/2025, 20:16:20,540
FROV00001,FrozenEngine,1401,03/29/2025, 21:14:23,540
FROV00001,FrozenEngine,1401,03/29/2025, 22:14:19,540
FROV00001,FrozenEngine,1401,03/29/2025, 23:14:55,540
FROV00001,FrozenEngine,1401,03/30/2025, 01:17:09,540
FROV00001,FrozenEngine,1401,03/30/2025, 03:04:19,540
FROV00001,FrozenEngine,1401,03/30/2025, 04:18:51,540
FROV00001,FrozenEngine,1401,03/30/2025, 05:15:09,540
FROV00001,FrozenEngine,1401,03/30/2025, 06:20:46,540
FROV00001,FrozenEngine,1401,03/30/2025, 07:15:09,540
FROV00001,FrozenEngine,1401,03/30/2025, 08:18:55,540
FROV00001,FrozenEngine,1401,03/30/2025, 09:15:18,540
FROV00001,FrozenEngine,1401,03/30/2025, 10:15:36,540
FROV00001,FrozenEngine,1401,03/30/2025, 11:14:00,540
FROV00001,FrozenEngine,1401,03/30/2025, 12:28:17,540
FROV00001,FrozenEngine,1401,03/30/2025, 13:21:23,540
FROV00001,FrozenEngine,1401,03/30/2025, 14:15:07,540
FROV00001,FrozenEngine,1401,03/30/2025, 15:15:44,540
FROV00001,FrozenEngine,1401,03/30/2025, 16:17:47,540
FROV00001,FrozenEngine,1401,03/30/2025, 17:13:31,540
FROV00001,FrozenEngine,1401,03/30/2025, 18:19:54,540
FROV00001,FrozenEngine,1401,03/30/2025, 19:12:52,540
FROV00001,FrozenEngine,1401,03/30/2025, 20:16:56,540
FROV00001,FrozenEngine,1401,03/30/2025, 21:15:26,540
FROV00001,FrozenEngine,1401,03/30/2025, 22:14:39,540
FROV00001,FrozenEngine,1401,03/30/2025, 23:15:38,540
FROV00001,FrozenEngine,1401,03/31/2025, 01:15:49,540
FROV00001,FrozenEngine,1401,03/31/2025, 03:04:21,540
FROV00001,FrozenEngine,1401,03/31/2025, 04:19:41,540
FROV00001,FrozenEngine,1401,03/31/2025, 05:17:19,540
FROV00001,FrozenEngine,1401,03/31/2025, 06:23:28,540
FROV00001,FrozenEngine,1401,03/31/2025, 07:17:12,540
FROV00001,FrozenEngine,1401,03/31/2025, 08:22:21,540
FROV00001,FrozenEngine,1401,03/31/2025, 09:18:34,540
FROV00001,FrozenEngine,1401,03/31/2025, 10:18:02,540
FROV00001,FrozenEngine,1401,03/31/2025, 11:14:19,540
FROV00001,FrozenEngine,1401,03/31/2025, 12:31:24,540
FROV00001,FrozenEngine,1401,03/31/2025, 13:26:46,540
FROV00001,FrozenEngine,1401,03/31/2025, 14:16:32,540
FROV00001,FrozenEngine,1401,03/31/2025, 15:17:47,540
FROV00001,FrozenEngine,1401,03/31/2025, 16:20:35,540
FROV00001,FrozenEngine,1401,03/31/2025, 17:14:50,540
FROV00001,FrozenEngine,1401,03/31/2025, 18:21:54,540
FROV00001,FrozenEngine,1401,03/31/2025, 19:14:09,540
FROV00001,FrozenEngine,1401,03/31/2025, 20:18:39,540
FROV00001,FrozenEngine,1401,03/31/2025, 21:15:39,540
FROV00001,FrozenEngine,1401,03/31/2025, 22:16:27,540
FROV00001,FrozenEngine,1401,03/31/2025, 23:15:23,540
FROV00001,FrozenEngine,1401,04/01/2025, 01:20:24,540
FROV00001,FrozenEngine,1401,04/01/2025, 03:11:31,540
FROV00001,FrozenEngine,1401,04/01/2025, 04:19:46,540
FROV00001,FrozenEngine,1401,04/01/2025, 05:16:43,540
FROV00001,FrozenEngine,1401,04/01/2025, 06:23:37,540
FROV00001,FrozenEngine,1401,04/01/2025, 07:16:51,540
FROV00001,FrozenEngine,1401,04/01/2025, 08:21:51,540
FROV00001,FrozenEngine,1401,04/01/2025, 09:18:33,540
FROV00001,FrozenEngine,1401,04/01/2025, 10:17:50,540
FROV00001,FrozenEngine,1401,04/01/2025, 11:14:26,540
FROV00001,FrozenEngine,1401,04/01/2025, 12:32:38,540
FROV00001,FrozenEngine,1401,04/01/2025, 13:27:45,540
FROV00001,FrozenEngine,1401,04/01/2025, 14:16:32,540
FROV00001,FrozenEngine,1401,04/01/2025, 15:17:34,540
FROV00001,FrozenEngine,1401,04/01/2025, 16:19:51,540
FROV00001,FrozenEngine,1401,04/01/2025, 17:16:10,540
FROV00001,FrozenEngine,1401,04/01/2025, 18:21:47,540
FROV00001,FrozenEngine,1401,04/01/2025, 19:14:09,540
FROV00001,FrozenEngine,1401,04/01/2025, 20:18:26,540
FROV00001,FrozenEngine,1401,04/01/2025, 21:15:33,540
FROV00001,FrozenEngine,1401,04/01/2025, 22:15:37,540
FROV00001,FrozenEngine,1401,04/01/2025, 23:15:39,540
FROV00001,FrozenEngine,1401,04/02/2025, 01:13:07,540
FROV00001,FrozenEngine,1401,04/02/2025, 03:00:16,540
FROV00001,FrozenEngine,1401,04/02/2025, 03:37:14,540
FROV00001,FrozenEngine,1401,04/02/2025, 04:19:31,540
FROV00001,FrozenEngine,1401,04/02/2025, 05:17:30,540
FROV00001,FrozenEngine,1401,04/02/2025, 06:22:40,540
FROV00001,FrozenEngine,1401,04/02/2025, 07:16:34,540
FROV00001,FrozenEngine,1401,04/02/2025, 08:22:16,540
FROV00001,FrozenEngine,1401,04/02/2025, 09:17:28,540
FROV00001,FrozenEngine,1401,04/02/2025, 10:17:57,540
FROV00001,FrozenEngine,1401,04/02/2025, 11:14:23,540
FROV00001,FrozenEngine,1401,04/02/2025, 12:32:03,540
FROV00001,FrozenEngine,1401,04/02/2025, 13:26:44,540
FROV00001,FrozenEngine,1401,04/02/2025, 14:16:05,540
FROV00001,FrozenEngine,1401,04/02/2025, 15:17:15,540
FROV00001,FrozenEngine,1401,04/02/2025, 16:20:55,540
FROV00001,FrozenEngine,1401,04/02/2025, 17:14:54,540
FROV00001,FrozenEngine,1401,04/02/2025, 18:22:59,540
FROV00001,FrozenEngine,1401,04/02/2025, 19:13:53,540
FROV00001,FrozenEngine,1401,04/02/2025, 20:17:58,540
FROV00001,FrozenEngine,1401,04/02/2025, 21:15:33,540
FROV00001,FrozenEngine,1401,04/02/2025, 22:15:07,540
FROV00001,FrozenEngine,1401,04/02/2025, 23:15:27,540
FROV00001,FrozenEngine,1401,04/03/2025, 01:12:15,540
FROV00001,FrozenEngine,1401,04/03/2025, 02:58:24,540
FROV00001,FrozenEngine,1401,04/03/2025, 03:34:48,540
FROV00001,FrozenEngine,1401,04/03/2025, 04:20:30,540
FROV00001,FrozenEngine,1401,04/03/2025, 05:16:52,540
FROV00001,FrozenEngine,1401,04/03/2025, 06:23:23,540
FROV00001,FrozenEngine,1401,04/03/2025, 07:16:28,540
FROV00001,FrozenEngine,1401,04/03/2025, 08:21:08,540
FROV00001,FrozenEngine,1401,04/03/2025, 09:17:57,540
FROV00001,FrozenEngine,1401,04/03/2025, 10:17:47,540
FROV00001,FrozenEngine,1401,04/03/2025, 11:15:04,540
FROV00001,FrozenEngine,1401,04/03/2025, 12:31:16,540
FROV00001,FrozenEngine,1401,04/03/2025, 13:26:09,540
FROV00001,FrozenEngine,1401,04/03/2025, 14:16:14,540
FROV00001,FrozenEngine,1401,04/03/2025, 15:16:07,540
FROV00001,FrozenEngine,1401,04/03/2025, 16:19:54,540
FROV00001,FrozenEngine,1401,04/03/2025, 17:15:07,540
FROV00001,FrozenEngine,1401,04/03/2025, 18:21:42,540
FROV00001,FrozenEngine,1401,04/03/2025, 19:14:04,540
FROV00001,FrozenEngine,1401,04/03/2025, 20:18:03,540
FROV00001,FrozenEngine,1401,04/03/2025, 21:15:27,540
FROV00001,FrozenEngine,1401,04/03/2025, 22:15:13,540
FROV00001,FrozenEngine,1401,04/03/2025, 23:16:50,540
FROV00001,FrozenEngine,1401,04/04/2025, 01:11:48,540
FROV00001,FrozenEngine,1401,04/04/2025, 02:58:31,540
FROV00001,FrozenEngine,1401,04/04/2025, 03:32:38,540
FROV00001,FrozenEngine,1401,04/04/2025, 04:19:18,540
FROV00001,FrozenEngine,1401,04/04/2025, 05:17:09,540
FROV00001,FrozenEngine,1401,04/04/2025, 06:22:37,540
FROV00001,FrozenEngine,1401,04/04/2025, 07:16:06,540
FROV00001,FrozenEngine,1401,04/04/2025, 08:20:59,540
FROV00001,FrozenEngine,1401,04/04/2025, 09:17:43,540
FROV00001,FrozenEngine,1401,04/04/2025, 10:17:29,540
FROV00001,FrozenEngine,1401,04/04/2025, 11:15:35,540
FROV00001,FrozenEngine,1401,04/04/2025, 12:30:35,540
FROV00001,FrozenEngine,1401,04/04/2025, 13:25:22,540
FROV00001,FrozenEngine,1401,04/04/2025, 14:15:37,540
FROV00001,FrozenEngine,1401,04/04/2025, 15:17:10,540
FROV00001,FrozenEngine,1401,04/04/2025, 16:19:33,540
FROV00001,FrozenEngine,1401,04/04/2025, 17:14:44,540
FROV00001,FrozenEngine,1401,04/04/2025, 18:21:30,540
FROV00001,FrozenEngine,1401,04/04/2025, 19:14:57,540
FROV00001,FrozenEngine,1401,04/04/2025, 20:17:36,540
FROV00001,FrozenEngine,1401,04/04/2025, 21:15:10,540
FROV00001,FrozenEngine,1401,04/04/2025, 22:15:15,540
FROV00001,FrozenEngine,1401,04/04/2025, 23:15:28,540
FROV00001,FrozenEngine,1401,04/05/2025, 01:10:44,540
FROV00001,FrozenEngine,1401,04/05/2025, 02:56:27,540
FROV00001,FrozenEngine,1401,04/05/2025, 03:29:07,540
FROV00001,FrozenEngine,1401,04/05/2025, 04:18:29,540
FROV00001,FrozenEngine,1401,04/05/2025, 05:16:55,540
FROV00001,FrozenEngine,1401,04/05/2025, 06:20:41,540
FROV00001,FrozenEngine,1401,04/05/2025, 07:14:40,540
FROV00001,FrozenEngine,1401,04/05/2025, 08:18:47,540
FROV00001,FrozenEngine,1401,04/05/2025, 09:15:32,540
FROV00001,FrozenEngine,1401,04/05/2025, 10:15:39,540
FROV00001,FrozenEngine,1401,04/05/2025, 11:13:18,540
FROV00001,FrozenEngine,1401,04/05/2025, 12:28:14,540
FROV00001,FrozenEngine,1401,04/05/2025, 13:21:07,540
FROV00001,FrozenEngine,1401,04/05/2025, 14:13:45,540
FROV00001,FrozenEngine,1401,04/05/2025, 15:14:41,540
FROV00001,FrozenEngine,1401,04/05/2025, 16:18:33,540
FROV00001,FrozenEngine,1401,04/05/2025, 17:13:06,540
FROV00001,FrozenEngine,1401,04/05/2025, 18:19:38,540
FROV00001,FrozenEngine,1401,04/05/2025, 19:12:05,540
FROV00001,FrozenEngine,1401,04/05/2025, 20:15:57,540
FROV00001,FrozenEngine,1401,04/05/2025, 21:15:13,540
FROV00001,FrozenEngine,1401,04/05/2025, 22:15:10,540
FROV00001,FrozenEngine,1401,04/05/2025, 23:16:20,540
FROV00001,FrozenEngine,1401,04/06/2025, 01:16:21,540
FROV00001,FrozenEngine,1401,04/06/2025, 03:02:46,540
FROV00001,FrozenEngine,1401,04/06/2025, 04:19:38,540
FROV00001,FrozenEngine,1401,04/06/2025, 05:15:43,540
FROV00001,FrozenEngine,1401,04/06/2025, 06:21:52,540
FROV00001,FrozenEngine,1401,04/06/2025, 07:14:40,540
FROV00001,FrozenEngine,1401,04/06/2025, 08:18:54,540
FROV00001,FrozenEngine,1401,04/06/2025, 09:15:41,540
FROV00001,FrozenEngine,1401,04/06/2025, 10:16:42,540
FROV00001,FrozenEngine,1401,04/06/2025, 11:12:32,540
FROV00001,FrozenEngine,1401,04/06/2025, 12:27:55,540
FROV00001,FrozenEngine,1401,04/06/2025, 13:22:14,540
FROV00001,FrozenEngine,1401,04/06/2025, 14:14:18,540
FROV00001,FrozenEngine,1401,04/06/2025, 15:15:05,540
FROV00001,FrozenEngine,1401,04/06/2025, 16:17:24,540
FROV00001,FrozenEngine,1401,04/06/2025, 17:13:47,540
FROV00001,FrozenEngine,1401,04/06/2025, 18:20:07,540
FROV00001,FrozenEngine,1401,04/06/2025, 19:12:26,540
FROV00001,FrozenEngine,1401,04/06/2025, 20:16:29,540
FROV00001,FrozenEngine,1401,04/06/2025, 21:15:01,540
FROV00001,FrozenEngine,1401,04/06/2025, 22:14:47,540
FROV00001,FrozenEngine,1401,04/06/2025, 23:15:01,540
FROV00001,FrozenEngine,1401,04/07/2025, 01:14:46,540
FROV00001,FrozenEngine,1401,04/07/2025, 03:02:48,540
FROV00001,FrozenEngine,1401,04/07/2025, 04:20:29,540
FROV00001,FrozenEngine,1401,04/07/2025, 05:17:35,540
FROV00001,FrozenEngine,1401,04/07/2025, 06:23:31,540
FROV00001,FrozenEngine,1401,04/07/2025, 07:17:14,540
FROV00001,FrozenEngine,1401,04/07/2025, 08:22:05,540
FROV00001,FrozenEngine,1401,04/07/2025, 09:18:47,540
FROV00001,FrozenEngine,1401,04/07/2025, 10:19:09,540
FROV00001,FrozenEngine,1401,04/07/2025, 11:14:19,540
FROV00001,FrozenEngine,1401,04/07/2025, 12:32:29,540
FROV00001,FrozenEngine,1401,04/07/2025, 13:26:55,540
FROV00001,FrozenEngine,1401,04/07/2025, 14:16:56,540
FROV00001,FrozenEngine,1401,04/07/2025, 15:17:48,540
FROV00001,FrozenEngine,1401,04/07/2025, 16:20:01,540
FROV00001,FrozenEngine,1401,04/07/2025, 17:15:21,540
FROV00001,FrozenEngine,1401,04/07/2025, 18:21:53,540
FROV00001,FrozenEngine,1401,04/07/2025, 19:13:57,540
FROV00001,FrozenEngine,1401,04/07/2025, 20:18:01,540
FROV00001,FrozenEngine,1401,04/07/2025, 21:15:35,540
FROV00001,FrozenEngine,1401,04/07/2025, 22:15:59,540
FROV00001,FrozenEngine,1401,04/07/2025, 23:16:44,540
FROV00001,FrozenEngine,1401,04/08/2025, 01:12:11,540
FROV00001,FrozenEngine,1401,04/08/2025, 02:59:07,540
FROV00001,FrozenEngine,1401,04/08/2025, 03:34:18,540
FROV00001,FrozenEngine,1401,04/08/2025, 04:19:28,540
FROV00001,FrozenEngine,1401,04/08/2025, 05:16:38,540
FROV00001,FrozenEngine,1401,04/08/2025, 06:22:46,540
FROV00001,FrozenEngine,1401,04/08/2025, 07:16:45,540
FROV00001,FrozenEngine,1401,04/08/2025, 08:22:25,540
FROV00001,FrozenEngine,1401,04/08/2025, 09:18:16,540
FROV00001,FrozenEngine,1401,04/08/2025, 10:18:11,540
FROV00001,FrozenEngine,1401,04/08/2025, 11:14:23,540
FROV00001,FrozenEngine,1401,04/08/2025, 12:31:52,540
FROV00001,FrozenEngine,1401,04/08/2025, 13:27:06,540
FROV00001,FrozenEngine,1401,04/08/2025, 14:17:10,540
FROV00001,FrozenEngine,1401,04/08/2025, 15:18:05,540
FROV00001,FrozenEngine,1401,04/08/2025, 16:20:48,540
FROV00001,FrozenEngine,1401,04/08/2025, 17:15:29,540
FROV00001,FrozenEngine,1401,04/08/2025, 18:21:41,540
FROV00001,FrozenEngine,1401,04/08/2025, 19:14:48,540
FROV00001,FrozenEngine,1401,04/08/2025, 20:18:12,540
FROV00001,FrozenEngine,1401,04/08/2025, 21:15:32,540
FROV00001,FrozenEngine,1401,04/08/2025, 22:16:02,540
FROV00001,FrozenEngine,1401,04/08/2025, 23:15:33,540
FROV00001,FrozenEngine,1401,04/09/2025, 01:12:28,540
FROV00001,FrozenEngine,1401,04/09/2025, 03:00:19,540
FROV00001,FrozenEngine,1401,04/09/2025, 03:36:29,540
FROV00001,FrozenEngine,1401,04/09/2025, 04:19:38,540
FROV00001,FrozenEngine,1401,04/09/2025, 05:16:45,540
FROV00001,FrozenEngine,1401,04/09/2025, 06:23:24,540
FROV00001,FrozenEngine,1401,04/09/2025, 07:16:54,540
FROV00001,FrozenEngine,1401,04/09/2025, 08:22:52,540
FROV00001,FrozenEngine,1401,04/09/2025, 09:18:18,540
FROV00001,FrozenEngine,1401,04/09/2025, 10:19:46,540
FROV00001,FrozenEngine,1401,04/09/2025, 11:14:51,540
FROV00001,FrozenEngine,1401,04/09/2025, 12:31:55,540
FROV00001,FrozenEngine,1401,04/09/2025, 13:27:54,540
FROV00001,FrozenEngine,1401,04/09/2025, 14:17:23,540
FROV00001,FrozenEngine,1401,04/09/2025, 15:20:20,540
FROV00001,FrozenEngine,1401,04/09/2025, 16:20:55,540
FROV00001,FrozenEngine,1401,04/09/2025, 17:15:26,540
FROV00001,FrozenEngine,1401,04/09/2025, 18:22:27,540
FROV00001,FrozenEngine,1401,04/09/2025, 19:14:18,540
FROV00001,FrozenEngine,1401,04/09/2025, 20:17:35,540
FROV00001,FrozenEngine,1401,04/09/2025, 21:14:09,540
FROV00001,FrozenEngine,1401,04/09/2025, 22:15:25,540
FROV00001,FrozenEngine,1401,04/09/2025, 23:15:22,540
FROV00001,FrozenEngine,1401,04/10/2025, 01:12:49,540
FROV00001,FrozenEngine,1401,04/10/2025, 02:59:48,540
FROV00001,FrozenEngine,1401,04/10/2025, 03:35:52,540
FROV00001,FrozenEngine,1401,04/10/2025, 04:19:59,540
FROV00001,FrozenEngine,1401,04/10/2025, 05:16:58,540
FROV00001,FrozenEngine,1401,04/10/2025, 06:23:20,540
FROV00001,FrozenEngine,1401,04/10/2025, 07:16:28,540
FROV00001,FrozenEngine,1401,04/10/2025, 08:21:56,540
FROV00001,FrozenEngine,1401,04/10/2025, 09:17:55,540
FROV00001,FrozenEngine,1401,04/10/2025, 10:18:53,540
FROV00001,FrozenEngine,1401,04/10/2025, 11:14:29,540
FROV00001,FrozenEngine,1401,04/10/2025, 12:32:15,540
FROV00001,FrozenEngine,1401,04/10/2025, 13:26:59,540
FROV00001,FrozenEngine,1401,04/10/2025, 14:16:45,540
FROV00001,FrozenEngine,1401,04/10/2025, 15:18:05,540
FROV00001,FrozenEngine,1401,04/10/2025, 16:20:43,540
FROV00001,FrozenEngine,1401,04/10/2025, 17:15:09,540
FROV00001,FrozenEngine,1401,04/10/2025, 18:21:20,540
FROV00001,FrozenEngine,1401,04/10/2025, 19:13:43,540
FROV00001,FrozenEngine,1401,04/10/2025, 20:18:03,540
FROV00001,FrozenEngine,1401,04/10/2025, 21:15:27,540
FROV00001,FrozenEngine,1401,04/10/2025, 22:16:56,540
FROV00001,FrozenEngine,1401,04/10/2025, 23:16:22,540
FROV00001,FrozenEngine,1401,04/11/2025, 01:12:50,540
FROV00001,FrozenEngine,1401,04/11/2025, 03:00:49,540
FROV00001,FrozenEngine,1401,04/11/2025, 03:37:14,540
FROV00001,FrozenEngine,1401,04/11/2025, 04:20:24,540
FROV00001,FrozenEngine,1401,04/11/2025, 05:17:56,540
FROV00001,FrozenEngine,1401,04/11/2025, 06:23:05,540
FROV00001,FrozenEngine,1401,04/11/2025, 07:16:19,540
FROV00001,FrozenEngine,1401,04/11/2025, 08:22:07,540
FROV00001,FrozenEngine,1401,04/11/2025, 09:17:58,540
FROV00001,FrozenEngine,1401,04/11/2025, 10:17:08,540
FROV00001,FrozenEngine,1401,04/11/2025, 11:13:53,540
FROV00001,FrozenEngine,1401,04/11/2025, 12:31:44,540
FROV00001,FrozenEngine,1401,04/11/2025, 13:26:09,540
FROV00001,FrozenEngine,1401,04/11/2025, 14:16:33,540
FROV00001,FrozenEngine,1401,04/11/2025, 15:17:36,540
FROV00001,FrozenEngine,1401,04/11/2025, 16:20:46,540
FROV00001,FrozenEngine,1401,04/11/2025, 17:14:52,540
FROV00001,FrozenEngine,1401,04/11/2025, 18:21:54,540
FROV00001,FrozenEngine,1401,04/11/2025, 19:14:24,540
FROV00001,FrozenEngine,1401,04/11/2025, 20:17:55,540
FROV00001,FrozenEngine,1401,04/11/2025, 21:15:09,540
FROV00001,FrozenEngine,1401,04/11/2025, 22:15:27,540
FROV00001,FrozenEngine,1401,04/11/2025, 23:15:50,540
FROV00001,FrozenEngine,1401,04/12/2025, 01:11:43,540
FROV00001,FrozenEngine,1401,04/12/2025, 02:57:01,540
FROV00001,FrozenEngine,1401,04/12/2025, 03:29:41,540
FROV00001,FrozenEngine,1401,04/12/2025, 04:18:44,540
FROV00001,FrozenEngine,1401,04/12/2025, 05:15:19,540
FROV00001,FrozenEngine,1401,04/12/2025, 06:20:33,540
FROV00001,FrozenEngine,1401,04/12/2025, 07:14:48,540
FROV00001,FrozenEngine,1401,04/12/2025, 08:19:25,540
FROV00001,FrozenEngine,1401,04/12/2025, 09:16:58,540
FROV00001,FrozenEngine,1401,04/12/2025, 10:15:16,540
FROV00001,FrozenEngine,1401,04/12/2025, 11:12:39,540
FROV00001,FrozenEngine,1401,04/12/2025, 12:28:19,540
FROV00001,FrozenEngine,1401,04/12/2025, 13:21:19,540
FROV00001,FrozenEngine,1401,04/12/2025, 14:13:53,540
FROV00001,FrozenEngine,1401,04/12/2025, 15:14:57,540
FROV00001,FrozenEngine,1401,04/12/2025, 16:18:35,540
FROV00001,FrozenEngine,1401,04/12/2025, 17:14:49,540
FROV00001,FrozenEngine,1401,04/12/2025, 18:19:57,540
FROV00001,FrozenEngine,1401,04/12/2025, 19:13:37,540
FROV00001,FrozenEngine,1401,04/12/2025, 20:16:27,540
FROV00001,FrozenEngine,1401,04/12/2025, 21:14:36,540
FROV00001,FrozenEngine,1401,04/12/2025, 22:14:42,540
FROV00001,FrozenEngine,1401,04/12/2025, 23:15:08,540
FROV00001,FrozenEngine,1401,04/13/2025, 02:40:52,540
FROV00001,FrozenEngine,1401,04/13/2025, 04:25:24,540
FROV00001,FrozenEngine,1401,04/13/2025, 05:22:07,540
FROV00001,FrozenEngine,1401,04/13/2025, 06:21:35,540
FROV00001,FrozenEngine,1401,04/13/2025, 07:14:52,540
FROV00001,FrozenEngine,1401,04/13/2025, 08:19:15,540
FROV00001,FrozenEngine,1401,04/13/2025, 09:17:27,540
FROV00001,FrozenEngine,1401,04/13/2025, 10:17:15,540
FROV00001,FrozenEngine,1401,04/13/2025, 11:12:37,540
FROV00001,FrozenEngine,1401,04/13/2025, 12:28:42,540
FROV00001,FrozenEngine,1401,04/13/2025, 13:24:21,540
FROV00001,FrozenEngine,1401,04/13/2025, 14:14:10,540
FROV00001,FrozenEngine,1401,04/13/2025, 15:16:28,540
FROV00001,FrozenEngine,1401,04/13/2025, 16:20:05,540
FROV00001,FrozenEngine,1401,04/13/2025, 17:13:49,540
FROV00001,FrozenEngine,1401,04/13/2025, 18:20:37,540
FROV00001,FrozenEngine,1401,04/13/2025, 19:12:42,540
FROV00001,FrozenEngine,1401,04/13/2025, 20:16:53,540
FROV00001,FrozenEngine,1401,04/13/2025, 21:15:18,540
FROV00001,FrozenEngine,1401,04/13/2025, 22:15:18,540
FROV00001,FrozenEngine,1401,04/13/2025, 23:16:39,540
FROV00001,FrozenEngine,1401,04/14/2025, 01:15:42,540
FROV00001,FrozenEngine,1401,04/14/2025, 03:05:41,540
FROV00001,FrozenEngine,1401,04/14/2025, 04:19:26,540
FROV00001,FrozenEngine,1401,04/14/2025, 05:17:55,540
FROV00001,FrozenEngine,1401,04/14/2025, 06:24:30,540
FROV00001,FrozenEngine,1401,04/14/2025, 07:17:29,540
FROV00001,FrozenEngine,1401,04/14/2025, 08:22:09,540
FROV00001,FrozenEngine,1401,04/14/2025, 09:18:57,540
FROV00001,FrozenEngine,1401,04/14/2025, 10:18:32,540
FROV00001,FrozenEngine,1401,04/14/2025, 11:14:44,540
FROV00001,FrozenEngine,1401,04/14/2025, 12:31:50,540
FROV00001,FrozenEngine,1401,04/14/2025, 13:27:42,540
FROV00001,FrozenEngine,1401,04/14/2025, 14:16:58,540
FROV00001,FrozenEngine,1401,04/14/2025, 15:18:22,540
FROV00001,FrozenEngine,1401,04/14/2025, 16:20:28,540
FROV00001,FrozenEngine,1401,04/14/2025, 17:15:14,540
FROV00001,FrozenEngine,1401,04/14/2025, 18:22:32,540
FROV00001,FrozenEngine,1401,04/14/2025, 19:14:13,540
FROV00001,FrozenEngine,1401,04/14/2025, 20:18:38,540
FROV00001,FrozenEngine,1401,04/14/2025, 21:15:49,540
FROV00001,FrozenEngine,1401,04/14/2025, 22:15:52,540
FROV00001,FrozenEngine,1401,04/14/2025, 23:15:23,540
FROV00001,FrozenEngine,1401,04/15/2025, 01:14:58,540
FROV00001,FrozenEngine,1401,04/15/2025, 03:03:43,540
FROV00001,FrozenEngine,1401,04/15/2025, 04:19:46,540
FROV00001,FrozenEngine,1401,04/15/2025, 05:16:53,540
FROV00001,FrozenEngine,1401,04/15/2025, 06:23:23,540
FROV00001,FrozenEngine,1401,04/15/2025, 07:17:31,540
FROV00001,FrozenEngine,1401,04/15/2025, 08:22:19,540
FROV00001,FrozenEngine,1401,04/15/2025, 09:19:02,540
FROV00001,FrozenEngine,1401,04/15/2025, 10:18:17,540
FROV00001,FrozenEngine,1401,04/15/2025, 11:14:24,540
FROV00001,FrozenEngine,1401,04/15/2025, 12:32:06,540
FROV00001,FrozenEngine,1401,04/15/2025, 13:27:16,540
FROV00001,FrozenEngine,1401,04/15/2025, 14:16:56,540
FROV00001,FrozenEngine,1401,04/15/2025, 15:17:42,540
FROV00001,FrozenEngine,1401,04/15/2025, 16:18:56,540
FROV00001,FrozenEngine,1401,04/15/2025, 17:15:09,540
FROV00001,FrozenEngine,1401,04/15/2025, 18:21:21,540
FROV00001,FrozenEngine,1401,04/15/2025, 19:13:59,540
FROV00001,FrozenEngine,1401,04/15/2025, 20:18:37,540
FROV00001,FrozenEngine,1401,04/15/2025, 21:15:43,540
FROV00001,FrozenEngine,1401,04/15/2025, 22:15:49,540
FROV00001,FrozenEngine,1401,04/15/2025, 23:15:59,540
FROV00001,FrozenEngine,1401,04/16/2025, 01:14:20,540
FROV00001,FrozenEngine,1401,04/16/2025, 03:03:26,540
FROV00001,FrozenEngine,1401,04/16/2025, 04:19:30,540
FROV00001,FrozenEngine,1401,04/16/2025, 05:17:02,540
FROV00001,FrozenEngine,1401,04/16/2025, 06:23:03,540
FROV00001,FrozenEngine,1401,04/16/2025, 07:16:34,540
FROV00001,FrozenEngine,1401,04/16/2025, 08:22:30,540
FROV00001,FrozenEngine,1401,04/16/2025, 09:18:30,540
FROV00001,FrozenEngine,1401,04/16/2025, 10:18:22,540
FROV00001,FrozenEngine,1401,04/16/2025, 11:14:33,540
FROV00001,FrozenEngine,1401,04/16/2025, 12:32:20,540
FROV00001,FrozenEngine,1401,04/16/2025, 13:26:59,540
FROV00001,FrozenEngine,1401,04/16/2025, 14:17:22,540
FROV00001,FrozenEngine,1401,04/16/2025, 15:18:30,540
FROV00001,FrozenEngine,1401,04/16/2025, 16:20:59,540
FROV00001,FrozenEngine,1401,04/16/2025, 17:14:45,540
FROV00001,FrozenEngine,1401,04/16/2025, 18:22:52,540
FROV00001,FrozenEngine,1401,04/16/2025, 19:12:49,540
FROV00001,FrozenEngine,1401,04/16/2025, 20:18:53,540
FROV00001,FrozenEngine,1401,04/16/2025, 21:15:30,540
FROV00001,FrozenEngine,1401,04/16/2025, 22:15:44,540
FROV00001,FrozenEngine,1401,04/16/2025, 23:15:38,540
FROV00001,FrozenEngine,1500,05/18/2025, 15:13:38,540
FROV00001,FrozenEngine,1500,05/18/2025, 16:18:34,540
FROV00001,FrozenEngine,1501,05/18/2025, 17:13:52,540
FROV00001,FrozenEngine,1501,05/18/2025, 18:20:49,540
FROV00001,FrozenEngine,1501,05/18/2025, 19:13:15,540
FROV00001,FrozenEngine,1501,05/18/2025, 20:17:51,540
FROV00001,FrozenEngine,1501,05/18/2025, 21:14:50,540
FROV00001,FrozenEngine,1502,05/18/2025, 22:15:25,540
FROV00001,FrozenEngine,1502,05/18/2025, 23:15:43,540
FROV00001,FrozenEngine,1502,05/19/2025, 01:20:13,540
FROV00001,FrozenEngine,1502,05/19/2025, 03:16:58,540
FROV00001,FrozenEngine,1502,05/19/2025, 04:25:09,540
FROV00001,FrozenEngine,1502,05/19/2025, 05:17:19,540
FROV00001,FrozenEngine,1502,05/19/2025, 06:25:09,540
FROV00001,FrozenEngine,1502,05/19/2025, 07:17:55,540
FROV00001,FrozenEngine,1502,05/19/2025, 08:24:44,540
FROV00001,FrozenEngine,1502,05/19/2025, 09:19:26,540
FROV00001,FrozenEngine,1502,05/19/2025, 10:19:14,540
FROV00001,FrozenEngine,1502,05/19/2025, 11:15:21,540
FROV00001,FrozenEngine,1502,05/19/2025, 12:34:35,540
FROV00001,FrozenEngine,1502,05/19/2025, 13:30:21,540
FROV00001,FrozenEngine,1502,05/19/2025, 14:17:28,540
FROV00001,FrozenEngine,1502,05/19/2025, 15:19:00,540
FROV00001,FrozenEngine,1502,05/19/2025, 16:21:19,540
FROV00001,FrozenEngine,1502,05/19/2025, 17:15:30,540
FROV00001,FrozenEngine,1502,05/19/2025, 18:23:19,540
FROV00001,FrozenEngine,1502,05/19/2025, 19:14:09,540
FROV00001,FrozenEngine,1502,05/19/2025, 20:18:56,540
FROV00001,FrozenEngine,1502,05/19/2025, 21:16:10,540
FROV00001,FrozenEngine,1502,05/19/2025, 22:16:26,540
FROV00001,FrozenEngine,1502,05/19/2025, 23:15:53,540
FROV00001,FrozenEngine,1502,05/20/2025, 01:17:54,540
FROV00001,FrozenEngine,1502,05/20/2025, 03:11:08,540
FROV00001,FrozenEngine,1502,05/20/2025, 04:20:47,540
FROV00001,FrozenEngine,1502,05/20/2025, 05:17:20,540
FROV00001,FrozenEngine,1502,05/20/2025, 06:24:50,540
FROV00001,FrozenEngine,1502,05/20/2025, 07:17:18,540
FROV00001,FrozenEngine,1502,05/20/2025, 08:23:28,540
FROV00001,FrozenEngine,1502,05/20/2025, 09:19:02,540
FROV00001,FrozenEngine,1502,05/20/2025, 10:19:13,540
FROV00001,FrozenEngine,1502,05/20/2025, 11:14:59,540
FROV00001,FrozenEngine,1502,05/20/2025, 12:35:08,540
FROV00001,FrozenEngine,1502,05/20/2025, 13:30:55,540
FROV00001,FrozenEngine,1502,05/20/2025, 14:17:30,540
FROV00001,FrozenEngine,1502,05/20/2025, 15:18:51,540
FROV00001,FrozenEngine,1502,05/20/2025, 16:21:16,540
FROV00001,FrozenEngine,1502,05/20/2025, 17:15:24,540
FROV00001,FrozenEngine,1502,05/20/2025, 18:23:38,540
FROV00001,FrozenEngine,1502,05/20/2025, 19:13:43,540
FROV00001,FrozenEngine,1502,05/20/2025, 20:19:14,540
FROV00001,FrozenEngine,1502,05/20/2025, 21:16:11,540
FROV00001,FrozenEngine,1502,05/20/2025, 22:16:04,540
FROV00001,FrozenEngine,1502,05/20/2025, 23:15:58,540
FROV00001,FrozenEngine,1502,05/21/2025, 01:17:16,540
FROV00001,FrozenEngine,1502,05/21/2025, 03:10:49,540
FROV00001,FrozenEngine,1502,05/21/2025, 04:21:07,540
FROV00001,FrozenEngine,1502,05/21/2025, 05:17:31,540
FROV00001,FrozenEngine,1502,05/21/2025, 06:24:45,540
FROV00001,FrozenEngine,1502,05/21/2025, 07:17:07,540
FROV00001,FrozenEngine,1502,05/21/2025, 08:22:35,540
FROV00001,FrozenEngine,1502,05/21/2025, 09:18:47,540
FROV00001,FrozenEngine,1502,05/21/2025, 10:18:47,540
FROV00001,FrozenEngine,1502,05/21/2025, 11:14:45,540
FROV00001,FrozenEngine,1502,05/21/2025, 12:33:39,540
FROV00001,FrozenEngine,1502,05/21/2025, 13:29:33,540
FROV00001,FrozenEngine,1502,05/21/2025, 14:17:54,540
FROV00001,FrozenEngine,1502,05/21/2025, 15:19:08,540
FROV00001,FrozenEngine,1502,05/21/2025, 16:21:18,540
FROV00001,FrozenEngine,1502,05/21/2025, 17:15:00,540
FROV00001,FrozenEngine,1502,05/21/2025, 18:23:32,540
FROV00001,FrozenEngine,1502,05/21/2025, 19:13:53,540
FROV00001,FrozenEngine,1502,05/21/2025, 20:18:47,540
FROV00001,FrozenEngine,1502,05/21/2025, 21:16:11,540
FROV00001,FrozenEngine,1502,05/21/2025, 22:16:09,540
FROV00001,FrozenEngine,1502,05/21/2025, 23:16:10,540
FROV00001,FrozenEngine,1502,05/22/2025, 01:16:41,540
FROV00001,FrozenEngine,1502,05/22/2025, 03:10:35,540
FROV00001,FrozenEngine,1502,05/22/2025, 04:21:59,540
FROV00001,FrozenEngine,1502,05/22/2025, 05:17:42,540
FROV00001,FrozenEngine,1502,05/22/2025, 06:24:31,540
FROV00001,FrozenEngine,1502,05/22/2025, 07:17:12,540
FROV00001,FrozenEngine,1502,05/22/2025, 08:22:22,540
FROV00001,FrozenEngine,1502,05/22/2025, 09:18:20,540
FROV00001,FrozenEngine,1502,05/22/2025, 10:18:24,540
FROV00001,FrozenEngine,1502,05/22/2025, 11:15:11,540
FROV00001,FrozenEngine,1502,05/22/2025, 12:34:25,540
FROV00001,FrozenEngine,1502,05/22/2025, 13:29:49,540
FROV00001,FrozenEngine,1502,05/22/2025, 14:17:04,540
FROV00001,FrozenEngine,1502,05/22/2025, 15:18:30,540
FROV00001,FrozenEngine,1502,05/22/2025, 16:21:39,540
FROV00001,FrozenEngine,1502,05/22/2025, 17:15:11,540
FROV00001,FrozenEngine,1502,05/22/2025, 18:23:13,540
FROV00001,FrozenEngine,1502,05/22/2025, 19:14:06,540
FROV00001,FrozenEngine,1502,05/22/2025, 20:19:02,540
FROV00001,FrozenEngine,1502,05/22/2025, 21:16:10,540
FROV00001,FrozenEngine,1502,05/22/2025, 22:16:30,540
FROV00001,FrozenEngine,1502,05/22/2025, 23:16:18,540
FROV00001,FrozenEngine,1502,05/23/2025, 01:16:45,540
FROV00001,FrozenEngine,1502,05/23/2025, 03:10:17,540
FROV00001,FrozenEngine,1502,05/23/2025, 04:21:03,540
FROV00001,FrozenEngine,1502,05/23/2025, 05:17:21,540
FROV00001,FrozenEngine,1502,05/23/2025, 06:24:10,540
FROV00001,FrozenEngine,1502,05/23/2025, 07:16:59,540
FROV00001,FrozenEngine,1502,05/23/2025, 08:22:32,540
FROV00001,FrozenEngine,1502,05/23/2025, 09:18:15,540
FROV00001,FrozenEngine,1502,05/23/2025, 10:18:17,540
FROV00001,FrozenEngine,1502,05/23/2025, 11:14:43,540
FROV00001,FrozenEngine,1502,05/23/2025, 12:32:43,540
FROV00001,FrozenEngine,1502,05/23/2025, 13:28:14,540
FROV00001,FrozenEngine,1502,05/23/2025, 14:16:34,540
FROV00001,FrozenEngine,1502,05/23/2025, 15:17:31,540
FROV00001,FrozenEngine,1502,05/23/2025, 16:20:18,540
FROV00001,FrozenEngine,1502,05/23/2025, 17:15:49,540
FROV00001,FrozenEngine,1502,05/23/2025, 18:21:53,540
FROV00001,FrozenEngine,1502,05/23/2025, 19:13:45,540
FROV00001,FrozenEngine,1502,05/23/2025, 20:18:47,540
FROV00001,FrozenEngine,1502,05/23/2025, 21:14:20,540
FROV00001,FrozenEngine,1502,05/23/2025, 22:16:42,540
FROV00001,FrozenEngine,1502,05/23/2025, 23:16:22,540
FROV00001,FrozenEngine,1502,05/24/2025, 01:14:03,540
FROV00001,FrozenEngine,1502,05/24/2025, 03:04:39,540
FROV00001,FrozenEngine,1502,05/24/2025, 04:19:47,540
FROV00001,FrozenEngine,1502,05/24/2025, 05:16:24,540
FROV00001,FrozenEngine,1502,05/24/2025, 06:21:22,540
FROV00001,FrozenEngine,1502,05/24/2025, 07:15:07,540
FROV00001,FrozenEngine,1502,05/24/2025, 08:19:38,540
FROV00001,FrozenEngine,1502,05/24/2025, 09:15:56,540
FROV00001,FrozenEngine,1502,05/24/2025, 10:16:16,540
FROV00001,FrozenEngine,1502,05/24/2025, 11:13:20,540
FROV00001,FrozenEngine,1502,05/24/2025, 12:29:56,540
FROV00001,FrozenEngine,1502,05/24/2025, 13:24:54,540
FROV00001,FrozenEngine,1502,05/24/2025, 14:14:38,540
FROV00001,FrozenEngine,1502,05/24/2025, 15:15:17,540
FROV00001,FrozenEngine,1502,05/24/2025, 16:18:43,540
FROV00001,FrozenEngine,1502,05/24/2025, 17:13:42,540
FROV00001,FrozenEngine,1502,05/24/2025, 18:20:50,540
FROV00001,FrozenEngine,1502,05/24/2025, 19:13:16,540
FROV00001,FrozenEngine,1502,05/24/2025, 20:17:46,540
FROV00001,FrozenEngine,1502,05/24/2025, 21:15:01,540
FROV00001,FrozenEngine,1502,05/24/2025, 22:15:26,540
FROV00001,FrozenEngine,1502,05/24/2025, 23:15:46,540
FROV00001,FrozenEngine,1502,05/25/2025, 01:23:23,540
FROV00001,FrozenEngine,1502,05/25/2025, 03:18:44,540
FROV00001,FrozenEngine,1502,05/25/2025, 04:23:55,540
FROV00001,FrozenEngine,1502,05/25/2025, 05:16:05,540
FROV00001,FrozenEngine,1502,05/25/2025, 06:21:54,540
FROV00001,FrozenEngine,1502,05/25/2025, 07:15:23,540
FROV00001,FrozenEngine,1502,05/25/2025, 08:19:57,540
FROV00001,FrozenEngine,1502,05/25/2025, 09:16:14,540
FROV00001,FrozenEngine,1503,05/25/2025, 10:16:13,540
FROV00001,FrozenEngine,1503,05/25/2025, 11:13:27,540
FROV00001,FrozenEngine,1503,05/25/2025, 12:30:10,540
FROV00001,FrozenEngine,1503,05/25/2025, 13:24:06,540
FROV00001,FrozenEngine,1503,05/25/2025, 14:14:56,540
FROV00001,FrozenEngine,1503,05/25/2025, 15:15:35,540
FROV00001,FrozenEngine,1503,05/25/2025, 16:18:55,540
FROV00001,FrozenEngine,1503,05/25/2025, 17:13:58,540
FROV00001,FrozenEngine,1503,05/25/2025, 18:20:57,540
FROV00001,FrozenEngine,1503,05/25/2025, 19:13:15,540
FROV00001,FrozenEngine,1503,05/25/2025, 20:17:14,540
FROV00001,FrozenEngine,1503,05/25/2025, 21:15:02,540
FROV00001,FrozenEngine,1504,05/25/2025, 22:15:31,540
FROV00001,FrozenEngine,1504,05/25/2025, 23:15:50,540
FROV00001,FrozenEngine,1504,05/26/2025, 01:18:49,540
FROV00001,FrozenEngine,1504,05/26/2025, 03:15:16,540
FROV00001,FrozenEngine,1504,05/26/2025, 04:23:12,540
FROV00001,FrozenEngine,1504,05/26/2025, 05:18:24,540
FROV00001,FrozenEngine,1504,05/26/2025, 06:25:29,540
FROV00001,FrozenEngine,1504,05/26/2025, 07:21:15,540
FROV00001,FrozenEngine,1504,05/26/2025, 08:31:39,540
FROV00001,FrozenEngine,1504,05/26/2025, 09:43:50,540
FROV00001,FrozenEngine,1504,05/26/2025, 10:21:58,540
FROV00001,FrozenEngine,1504,05/26/2025, 11:14:14,540
FROV00001,FrozenEngine,1504,05/26/2025, 12:32:39,540
FROV00001,FrozenEngine,1504,05/26/2025, 13:27:30,540
FROV00001,FrozenEngine,1504,05/26/2025, 14:17:19,540
FROV00001,FrozenEngine,1504,05/26/2025, 15:17:43,540
FROV00001,FrozenEngine,1504,05/26/2025, 16:20:05,540
FROV00001,FrozenEngine,1504,05/26/2025, 17:14:36,540
FROV00001,FrozenEngine,1504,05/26/2025, 18:22:06,540
FROV00001,FrozenEngine,1504,05/26/2025, 19:14:17,540
FROV00001,FrozenEngine,1504,05/26/2025, 20:18:41,540
FROV00001,FrozenEngine,1504,05/26/2025, 21:15:30,540
FROV00001,FrozenEngine,1504,05/26/2025, 22:15:46,540
FROV00001,FrozenEngine,1504,05/26/2025, 23:17:02,540
FROV00001,FrozenEngine,1504,05/27/2025, 01:17:31,540
FROV00001,FrozenEngine,1504,05/27/2025, 03:09:41,540
FROV00001,FrozenEngine,1504,05/27/2025, 04:23:11,540
FROV00001,FrozenEngine,1504,05/27/2025, 06:24:37,540
FROV00001,FrozenEngine,1504,05/27/2025, 07:17:23,540
FROV00001,FrozenEngine,1504,05/27/2025, 09:18:16,540
FROV00001,FrozenEngine,1504,05/27/2025, 10:19:03,540
FROV00001,FrozenEngine,1504,05/27/2025, 11:15:01,540
FROV00001,FrozenEngine,1504,05/27/2025, 12:34:06,540
FROV00001,FrozenEngine,1504,05/27/2025, 13:30:31,540
FROV00001,FrozenEngine,1504,05/27/2025, 14:17:02,540
FROV00001,FrozenEngine,1504,05/27/2025, 15:18:49,540
FROV00001,FrozenEngine,1504,05/27/2025, 16:21:25,540
FROV00001,FrozenEngine,1504,05/27/2025, 17:15:43,540
FROV00001,FrozenEngine,1504,05/27/2025, 18:22:28,540
FROV00001,FrozenEngine,1504,05/27/2025, 19:13:46,540
FROV00001,FrozenEngine,1504,05/27/2025, 20:19:17,540
FROV00001,FrozenEngine,1504,05/27/2025, 21:16:35,540
FROV00001,FrozenEngine,1504,05/27/2025, 22:16:05,540
FROV00001,FrozenEngine,1504,05/27/2025, 23:16:03,540
FROV00001,FrozenEngine,1504,05/28/2025, 01:17:47,540
FROV00001,FrozenEngine,1504,05/28/2025, 03:12:07,540
FROV00001,FrozenEngine,1504,05/28/2025, 04:21:53,540
FROV00001,FrozenEngine,1504,05/28/2025, 05:17:29,540
FROV00001,FrozenEngine,1504,05/28/2025, 06:24:52,540
FROV00001,FrozenEngine,1504,05/28/2025, 07:17:05,540
FROV00001,FrozenEngine,1504,05/28/2025, 08:22:54,540
FROV00001,FrozenEngine,1504,05/28/2025, 09:18:31,540
FROV00001,FrozenEngine,1504,05/28/2025, 10:19:16,540
FROV00001,FrozenEngine,1504,05/28/2025, 11:15:16,540
FROV00001,FrozenEngine,1504,05/28/2025, 12:34:16,540
FROV00001,FrozenEngine,1504,05/28/2025, 13:31:09,540
FROV00001,FrozenEngine,1504,05/28/2025, 14:18:17,540
FROV00001,FrozenEngine,1504,05/28/2025, 15:17:41,540
FROV00001,FrozenEngine,1504,05/28/2025, 16:20:21,540
FROV00001,FrozenEngine,1504,05/28/2025, 17:15:27,540
FROV00001,FrozenEngine,1504,05/28/2025, 18:22:17,540
FROV00001,FrozenEngine,1504,05/28/2025, 19:14:37,540
FROV00001,FrozenEngine,1504,05/28/2025, 20:19:09,540
FROV00001,FrozenEngine,1505,05/28/2025, 21:16:04,540
FROV00001,FrozenEngine,1505,05/28/2025, 22:16:22,540
FROV00001,FrozenEngine,1505,05/28/2025, 23:16:28,540
FROV00001,FrozenEngine,1505,05/29/2025, 01:17:34,540
FROV00001,FrozenEngine,1505,05/29/2025, 03:12:19,540
FROV00001,FrozenEngine,1505,05/29/2025, 04:22:39,540
FROV00001,FrozenEngine,1505,05/29/2025, 05:17:51,540
FROV00001,FrozenEngine,1505,05/29/2025, 06:24:37,540
FROV00001,FrozenEngine,1505,05/29/2025, 07:17:16,540
FROV00001,FrozenEngine,1505,05/29/2025, 08:22:43,540
FROV00001,FrozenEngine,1505,05/29/2025, 09:18:42,540
FROV00001,FrozenEngine,1505,05/29/2025, 10:19:26,540
FROV00001,FrozenEngine,1505,05/29/2025, 11:14:55,540
FROV00001,FrozenEngine,1505,05/29/2025, 12:33:26,540
FROV00001,FrozenEngine,1505,05/29/2025, 13:29:06,540
FROV00001,FrozenEngine,1505,05/29/2025, 14:16:49,540
FROV00001,FrozenEngine,1505,05/29/2025, 15:18:00,540
FROV00001,FrozenEngine,1505,05/29/2025, 16:20:47,540
FROV00001,FrozenEngine,1505,05/29/2025, 17:16:35,540
FROV00001,FrozenEngine,1505,05/29/2025, 18:23:01,540
FROV00001,FrozenEngine,1505,05/29/2025, 19:13:05,540
FROV00001,FrozenEngine,1505,05/29/2025, 20:19:24,540
FROV00001,FrozenEngine,1505,05/29/2025, 21:16:24,540
FROV00001,FrozenEngine,1505,05/29/2025, 22:16:34,540
FROV00001,FrozenEngine,1505,05/29/2025, 23:16:23,540
FROV00001,FrozenEngine,1505,05/30/2025, 01:15:35,540
FROV00001,FrozenEngine,1505,05/30/2025, 03:10:21,540
FROV00001,FrozenEngine,1505,05/30/2025, 04:21:51,540
FROV00001,FrozenEngine,1505,05/30/2025, 05:17:36,540
FROV00001,FrozenEngine,1505,05/30/2025, 06:23:58,540
FROV00001,FrozenEngine,1506,05/30/2025, 07:16:43,540
FROV00001,FrozenEngine,1506,05/30/2025, 08:22:44,540
FROV00001,FrozenEngine,1506,05/30/2025, 09:18:00,540
FROV00001,FrozenEngine,1506,05/30/2025, 10:18:22,540
FROV00001,FrozenEngine,1506,05/30/2025, 11:14:26,540
FROV00001,FrozenEngine,1506,05/30/2025, 12:33:09,540
FROV00001,FrozenEngine,1506,05/30/2025, 13:28:39,540
FROV00001,FrozenEngine,1506,05/30/2025, 14:17:33,540
FROV00001,FrozenEngine,1506,05/30/2025, 15:17:39,540
FROV00001,FrozenEngine,1506,05/30/2025, 16:21:04,540
FROV00001,FrozenEngine,1506,05/30/2025, 17:15:27,540
FROV00001,FrozenEngine,1506,05/30/2025, 18:22:50,540
FROV00001,FrozenEngine,1506,05/30/2025, 19:13:59,540
FROV00001,FrozenEngine,1506,05/30/2025, 20:18:40,540
FROV00001,FrozenEngine,1506,05/30/2025, 21:15:44,540
FROV00001,FrozenEngine,1506,05/30/2025, 22:16:23,540
FROV00001,FrozenEngine,1506,05/30/2025, 23:16:26,540
FROV00001,FrozenEngine,1506,05/31/2025, 01:15:50,540
FROV00001,FrozenEngine,1506,05/31/2025, 03:09:31,540
FROV00001,FrozenEngine,1506,05/31/2025, 04:21:03,540
FROV00001,FrozenEngine,1506,05/31/2025, 05:16:39,540
FROV00001,FrozenEngine,1506,05/31/2025, 06:22:14,540
FROV00001,FrozenEngine,1506,05/31/2025, 07:15:42,540
FROV00001,FrozenEngine,1506,05/31/2025, 08:20:27,540
FROV00001,FrozenEngine,1506,05/31/2025, 09:16:26,540
FROV00001,FrozenEngine,1506,05/31/2025, 10:16:39,540
FROV00001,FrozenEngine,1506,05/31/2025, 11:13:30,540
FROV00001,FrozenEngine,1506,05/31/2025, 12:30:07,540
FROV00001,FrozenEngine,1506,05/31/2025, 13:25:59,540
FROV00001,FrozenEngine,1506,05/31/2025, 14:14:53,540
FROV00001,FrozenEngine,1506,05/31/2025, 15:15:44,540
FROV00001,FrozenEngine,1506,05/31/2025, 16:19:01,540
FROV00001,FrozenEngine,1506,05/31/2025, 17:14:22,540
FROV00001,FrozenEngine,1506,05/31/2025, 18:21:37,540
FROV00001,FrozenEngine,1506,05/31/2025, 19:13:08,540
FROV00001,FrozenEngine,1506,05/31/2025, 20:17:11,540
FROV00001,FrozenEngine,1506,05/31/2025, 21:15:05,540
FROV00001,FrozenEngine,1506,05/31/2025, 22:15:42,540
FROV00001,FrozenEngine,1506,05/31/2025, 23:16:17,540
FROV00001,FrozenEngine,1506,06/01/2025, 01:39:36,540
FROV00001,FrozenEngine,1506,06/01/2025, 03:30:26,540
FROV00001,FrozenEngine,1506,06/01/2025, 04:33:34,540
FROV00001,FrozenEngine,1507,06/01/2025, 05:17:17,540
FROV00001,FrozenEngine,1507,06/01/2025, 06:23:24,540
FROV00001,FrozenEngine,1507,06/01/2025, 07:16:10,540
FROV00001,FrozenEngine,1507,06/01/2025, 08:21:19,540
FROV00001,FrozenEngine,1507,06/01/2025, 09:16:47,540
FROV00001,FrozenEngine,1507,06/01/2025, 10:17:30,540
FROV00001,FrozenEngine,1507,06/01/2025, 11:13:45,540
FROV00001,FrozenEngine,1507,06/01/2025, 12:31:15,540
FROV00001,FrozenEngine,1507,06/01/2025, 13:25:02,540
FROV00001,FrozenEngine,1507,06/01/2025, 14:14:55,540
FROV00001,FrozenEngine,1507,06/01/2025, 15:15:58,540
FROV00001,FrozenEngine,1507,06/01/2025, 16:19:37,540
FROV00001,FrozenEngine,1507,06/01/2025, 17:14:46,540
FROV00001,FrozenEngine,1507,06/01/2025, 18:21:31,540
FROV00001,FrozenEngine,1507,06/01/2025, 19:13:32,540
FROV00001,FrozenEngine,1507,06/01/2025, 20:18:19,540
FROV00001,FrozenEngine,1507,06/01/2025, 21:15:15,540
FROV00001,FrozenEngine,1507,06/01/2025, 22:16:00,540
FROV00001,FrozenEngine,1507,06/01/2025, 23:16:08,540
FROV00001,FrozenEngine,1507,06/02/2025, 01:20:45,540
FROV00001,FrozenEngine,1507,06/02/2025, 03:19:16,540
FROV00001,FrozenEngine,1507,06/02/2025, 04:28:36,540
FROV00001,FrozenEngine,1507,06/02/2025, 05:18:44,540
FROV00001,FrozenEngine,1507,06/02/2025, 06:25:59,540
FROV00001,FrozenEngine,1507,06/02/2025, 07:18:09,540
FROV00001,FrozenEngine,1507,06/02/2025, 08:24:03,540
FROV00001,FrozenEngine,1508,06/02/2025, 09:19:10,540
FROV00001,FrozenEngine,1508,06/02/2025, 10:19:20,540
FROV00001,FrozenEngine,1508,06/02/2025, 11:15:47,540
FROV00001,FrozenEngine,1508,06/02/2025, 12:34:36,540
FROV00001,FrozenEngine,1508,06/02/2025, 13:30:58,540
FROV00001,FrozenEngine,1508,06/02/2025, 14:18:10,540
FROV00001,FrozenEngine,1508,06/02/2025, 15:19:12,540
FROV00001,FrozenEngine,1508,06/02/2025, 16:21:57,540
FROV00001,FrozenEngine,1508,06/02/2025, 17:16:22,540
FROV00001,FrozenEngine,1508,06/02/2025, 18:23:35,540
FROV00001,FrozenEngine,1508,06/02/2025, 19:14:15,540
FROV00001,FrozenEngine,1508,06/02/2025, 20:19:32,540
FROV00001,FrozenEngine,1508,06/02/2025, 21:17:38,540
FROV00001,FrozenEngine,1508,06/02/2025, 22:16:45,540
FROV00001,FrozenEngine,1508,06/02/2025, 23:16:17,540
FROV00001,FrozenEngine,1508,06/03/2025, 01:19:07,540
FROV00001,FrozenEngine,1508,06/03/2025, 03:14:55,540
FROV00001,FrozenEngine,1508,06/03/2025, 04:24:22,540
FROV00001,FrozenEngine,1508,06/03/2025, 05:18:21,540
FROV00001,FrozenEngine,1508,06/03/2025, 06:25:10,540
FROV00001,FrozenEngine,1508,06/03/2025, 07:17:50,540
FROV00001,FrozenEngine,1508,06/03/2025, 08:23:56,540
FROV00001,FrozenEngine,1508,06/03/2025, 09:19:22,540
FROV00001,FrozenEngine,1508,06/03/2025, 10:19:41,540
FROV00001,FrozenEngine,1508,06/03/2025, 11:15:40,540
FROV00001,FrozenEngine,1508,06/03/2025, 12:34:40,540
FROV00001,FrozenEngine,1508,06/03/2025, 13:31:48,540
FROV00001,FrozenEngine,1508,06/03/2025, 14:17:59,540
FROV00001,FrozenEngine,1508,06/03/2025, 15:19:52,540
FROV00001,FrozenEngine,1508,06/03/2025, 16:22:54,540
FROV00001,FrozenEngine,1508,06/03/2025, 17:16:32,540
FROV00001,FrozenEngine,1508,06/03/2025, 18:24:04,540
FROV00001,FrozenEngine,1508,06/03/2025, 19:13:53,540
FROV00001,FrozenEngine,1508,06/03/2025, 20:19:46,540
FROV00001,FrozenEngine,1508,06/03/2025, 21:15:12,540
FROV00001,FrozenEngine,1508,06/03/2025, 22:17:10,540
FROV00001,FrozenEngine,1508,06/03/2025, 23:16:18,540
FROV00001,FrozenEngine,1508,06/04/2025, 01:18:45,540
FROV00001,FrozenEngine,1508,06/04/2025, 03:15:01,540
FROV00001,FrozenEngine,1508,06/04/2025, 04:24:28,540
FROV00001,FrozenEngine,1508,06/04/2025, 05:17:47,540
FROV00001,FrozenEngine,1508,06/04/2025, 06:25:02,540
FROV00001,FrozenEngine,1508,06/04/2025, 07:17:41,540
FROV00001,FrozenEngine,1508,06/04/2025, 08:23:24,540
FROV00001,FrozenEngine,1508,06/04/2025, 09:18:44,540
FROV00001,FrozenEngine,1508,06/04/2025, 10:19:18,540
FROV00001,FrozenEngine,1508,06/04/2025, 11:15:56,540
FROV00001,FrozenEngine,1508,06/04/2025, 12:34:28,540
FROV00001,FrozenEngine,1508,06/04/2025, 13:33:10,540
FROV00001,FrozenEngine,1508,06/04/2025, 14:15:06,540
FROV00001,FrozenEngine,1508,06/04/2025, 15:41:04,540
FROV00001,FrozenEngine,1508,06/04/2025, 16:19:45,540
FROV00001,FrozenEngine,1508,06/04/2025, 17:16:29,540
FROV00001,FrozenEngine,1508,06/04/2025, 18:23:47,540
FROV00001,FrozenEngine,1508,06/04/2025, 19:14:35,540
FROV00001,FrozenEngine,1508,06/04/2025, 20:15:50,540
FROV00001,FrozenEngine,1510,06/04/2025, 21:14:19,540
FROV00001,FrozenEngine,1510,06/04/2025, 22:15:35,540
FROV00001,FrozenEngine,1510,06/04/2025, 23:16:42,540
FROV00001,FrozenEngine,1510,06/05/2025, 03:15:12,540
FROV00001,FrozenEngine,1510,06/05/2025, 04:25:21,540
FROV00001,FrozenEngine,1510,06/05/2025, 05:18:03,540
FROV00001,FrozenEngine,1510,06/05/2025, 06:25:25,540
FROV00001,FrozenEngine,1510,06/05/2025, 07:17:30,540
FROV00001,FrozenEngine,1510,06/05/2025, 08:22:33,540
FROV00001,FrozenEngine,1510,06/05/2025, 10:19:14,540
FROV00001,FrozenEngine,1510,06/05/2025, 12:34:31,540
FROV00001,FrozenEngine,1510,06/05/2025, 13:30:47,540
FROV00001,FrozenEngine,1510,06/05/2025, 14:17:24,540
FROV00001,FrozenEngine,1510,06/05/2025, 15:18:52,540
FROV00001,FrozenEngine,1510,06/05/2025, 16:21:29,540
FROV00001,FrozenEngine,1510,06/05/2025, 17:13:29,540
FROV00001,FrozenEngine,1510,06/05/2025, 19:14:00,540
FROV00001,FrozenEngine,1510,06/05/2025, 20:16:22,540
FROV00001,FrozenEngine,1510,06/05/2025, 21:16:19,540
FROV00001,FrozenEngine,1510,06/05/2025, 23:18:24,540
FROV00001,FrozenEngine,1510,06/06/2025, 01:17:28,540
FROV00001,FrozenEngine,1510,06/06/2025, 03:14:24,540
FROV00001,FrozenEngine,1510,06/06/2025, 04:23:31,540
FROV00001,FrozenEngine,1510,06/06/2025, 05:17:40,540
FROV00001,FrozenEngine,1510,06/06/2025, 06:25:26,540
FROV00001,FrozenEngine,1510,06/06/2025, 07:16:41,540
FROV00001,FrozenEngine,1510,06/06/2025, 09:18:39,540
FROV00001,FrozenEngine,1510,06/06/2025, 10:19:31,540
FROV00001,FrozenEngine,1510,06/06/2025, 11:15:27,540
FROV00001,FrozenEngine,1510,06/06/2025, 13:29:16,540
FROV00001,FrozenEngine,1510,06/06/2025, 14:16:59,540
FROV00001,FrozenEngine,1510,06/06/2025, 15:15:32,540
FROV00001,FrozenEngine,1510,06/06/2025, 16:22:00,540
FROV00001,FrozenEngine,1510,06/06/2025, 17:16:34,540
FROV00001,FrozenEngine,1510,06/06/2025, 18:23:22,540
FROV00001,FrozenEngine,1510,06/06/2025, 19:14:34,540
FROV00001,FrozenEngine,1510,06/06/2025, 20:19:51,540
FROV00001,FrozenEngine,1510,06/06/2025, 21:16:20,540
FROV00001,FrozenEngine,1510,06/06/2025, 22:16:25,540
FROV00001,FrozenEngine,1510,06/06/2025, 23:16:51,540
FROV00001,FrozenEngine,1510,06/07/2025, 01:16:58,540
FROV00001,FrozenEngine,1510,06/07/2025, 03:12:13,540
FROV00001,FrozenEngine,1510,06/07/2025, 04:20:23,540
FROV00001,FrozenEngine,1510,06/07/2025, 05:16:23,540
FROV00001,FrozenEngine,1510,06/07/2025, 06:22:09,540
FROV00001,FrozenEngine,1510,06/07/2025, 07:15:50,540
FROV00001,FrozenEngine,1510,06/07/2025, 08:20:03,540
FROV00001,FrozenEngine,1510,06/07/2025, 09:16:35,540
FROV00001,FrozenEngine,1510,06/07/2025, 10:17:35,540
FROV00001,FrozenEngine,1510,06/07/2025, 11:13:28,540
FROV00001,FrozenEngine,1510,06/07/2025, 13:25:14,540
FROV00001,FrozenEngine,1510,06/07/2025, 14:14:57,540
FROV00001,FrozenEngine,1510,06/07/2025, 15:15:55,540
FROV00001,FrozenEngine,1510,06/07/2025, 16:19:35,540
FROV00001,FrozenEngine,1510,06/07/2025, 17:14:07,540
FROV00001,FrozenEngine,1510,06/07/2025, 18:21:24,540
FROV00001,FrozenEngine,1510,06/07/2025, 19:13:18,540
FROV00001,FrozenEngine,1510,06/07/2025, 20:17:33,540
FROV00001,FrozenEngine,1510,06/07/2025, 21:14:56,540
FROV00001,FrozenEngine,1510,06/07/2025, 22:16:07,540
FROV00001,FrozenEngine,1510,06/07/2025, 23:17:07,540
FROV00001,FrozenEngine,1510,06/08/2025, 01:25:08,540
FROV00001,FrozenEngine,1510,06/08/2025, 03:23:01,540
FROV00001,FrozenEngine,1510,06/08/2025, 04:28:42,540
FROV00001,FrozenEngine,1510,06/08/2025, 05:17:36,540
FROV00001,FrozenEngine,1510,06/08/2025, 06:23:29,540
FROV00001,FrozenEngine,1510,06/08/2025, 07:15:39,540
FROV00001,FrozenEngine,1510,06/08/2025, 08:20:02,540
FROV00001,FrozenEngine,1510,06/08/2025, 09:16:16,540
FROV00001,FrozenEngine,1510,06/08/2025, 10:17:05,540
FROV00001,FrozenEngine,1510,06/08/2025, 11:13:37,540
FROV00001,FrozenEngine,1510,06/08/2025, 12:30:33,540
FROV00001,FrozenEngine,1510,06/08/2025, 13:25:11,540
FROV00001,FrozenEngine,1510,06/08/2025, 14:15:01,540
FROV00001,FrozenEngine,1510,06/08/2025, 15:17:20,540
FROV00001,FrozenEngine,1510,06/08/2025, 16:19:21,540
FROV00001,FrozenEngine,1510,06/08/2025, 17:14:16,540
FROV00001,FrozenEngine,1510,06/08/2025, 18:21:20,540
FROV00001,FrozenEngine,1510,06/08/2025, 19:13:51,540
FROV00001,FrozenEngine,1510,06/08/2025, 20:17:26,540
FROV00001,FrozenEngine,1510,06/08/2025, 21:14:48,540
FROV00001,FrozenEngine,1510,06/08/2025, 22:15:41,540
FROV00001,FrozenEngine,1510,06/08/2025, 23:15:52,540
FROV00001,FrozenEngine,1510,06/09/2025, 01:22:07,540
FROV00001,FrozenEngine,1510,06/09/2025, 03:20:49,540
FROV00001,FrozenEngine,1510,06/09/2025, 04:29:30,540
FROV00001,FrozenEngine,1510,06/09/2025, 06:26:48,540
FROV00001,FrozenEngine,1510,06/09/2025, 07:18:26,540
FROV00001,FrozenEngine,1510,06/09/2025, 08:24:51,540
FROV00001,FrozenEngine,1510,06/09/2025, 09:19:47,540
FROV00001,FrozenEngine,1510,06/09/2025, 10:19:28,540
FROV00001,FrozenEngine,1510,06/09/2025, 11:15:41,540
FROV00001,FrozenEngine,1510,06/09/2025, 12:34:36,540
FROV00001,FrozenEngine,1510,06/09/2025, 13:30:56,540
FROV00001,FrozenEngine,1510,06/09/2025, 14:18:16,540
FROV00001,FrozenEngine,1510,06/09/2025, 15:19:10,540
FROV00001,FrozenEngine,1510,06/09/2025, 16:21:45,540
FROV00001,FrozenEngine,1510,06/09/2025, 17:15:46,540
FROV00001,FrozenEngine,1510,06/09/2025, 18:24:28,540
FROV00001,FrozenEngine,1510,06/09/2025, 19:14:02,540
FROV00001,FrozenEngine,1510,06/09/2025, 20:19:21,540
FROV00001,FrozenEngine,1510,06/09/2025, 21:16:44,540
FROV00001,FrozenEngine,1510,06/09/2025, 22:17:20,540
FROV00001,FrozenEngine,1510,06/09/2025, 23:16:43,540
FROV00001,FrozenEngine,1510,06/10/2025, 01:19:25,540
FROV00001,FrozenEngine,1510,06/10/2025, 03:17:21,540
FROV00001,FrozenEngine,1510,06/10/2025, 04:25:51,540
FROV00001,FrozenEngine,1510,06/10/2025, 05:17:23,540
FROV00001,FrozenEngine,1510,06/10/2025, 06:24:45,540
FROV00001,FrozenEngine,1510,06/10/2025, 07:16:54,540
FROV00001,FrozenEngine,1510,06/10/2025, 08:23:38,540
FROV00001,FrozenEngine,1510,06/10/2025, 09:19:28,540
FROV00001,FrozenEngine,1510,06/10/2025, 10:19:05,540
FROV00001,FrozenEngine,1510,06/10/2025, 11:15:29,540
FROV00001,FrozenEngine,1510,06/10/2025, 12:34:52,540
FROV00001,FrozenEngine,1510,06/10/2025, 13:32:05,540
FROV00001,FrozenEngine,1510,06/10/2025, 14:17:44,540
FROV00001,FrozenEngine,1510,06/10/2025, 15:18:47,540
FROV00001,FrozenEngine,1510,06/10/2025, 16:21:44,540
FROV00001,FrozenEngine,1510,06/10/2025, 17:15:45,540
FROV00001,FrozenEngine,1510,06/10/2025, 18:23:42,540
FROV00001,FrozenEngine,1511,06/10/2025, 19:14:04,540
FROV00001,FrozenEngine,1511,06/10/2025, 20:19:44,540
FROV00001,FrozenEngine,1511,06/10/2025, 21:17:02,540
FROV00001,FrozenEngine,1511,06/10/2025, 23:16:30,540
FROV00001,FrozenEngine,1511,06/11/2025, 03:16:25,540
FROV00001,FrozenEngine,1511,06/11/2025, 04:26:29,540
FROV00001,FrozenEngine,1511,06/11/2025, 06:24:55,540
FROV00001,FrozenEngine,1511,06/11/2025, 07:17:24,540
FROV00001,FrozenEngine,1511,06/11/2025, 08:24:02,540
FROV00001,FrozenEngine,1511,06/11/2025, 09:18:44,540
FROV00001,FrozenEngine,1511,06/11/2025, 11:15:48,540
FROV00001,FrozenEngine,1511,06/11/2025, 14:15:57,540
FROV00001,FrozenEngine,1511,06/11/2025, 15:19:28,540
FROV00001,FrozenEngine,1511,06/11/2025, 17:16:18,540
FROV00001,FrozenEngine,1511,06/11/2025, 18:24:31,540
FROV00001,FrozenEngine,1511,06/11/2025, 19:14:20,540
FROV00001,FrozenEngine,1511,06/11/2025, 20:17:57,540
FROV00001,FrozenEngine,1511,06/11/2025, 21:16:36,540
FROV00001,FrozenEngine,1511,06/11/2025, 22:17:05,540
FROV00001,FrozenEngine,1511,06/11/2025, 23:18:10,540
FROV00001,FrozenEngine,1511,06/12/2025, 01:18:00,540
FROV00001,FrozenEngine,1511,06/12/2025, 03:14:50,540
FROV00001,FrozenEngine,1511,06/12/2025, 04:24:51,540
FROV00001,FrozenEngine,1511,06/12/2025, 05:17:27,540
FROV00001,FrozenEngine,1511,06/12/2025, 07:17:41,540
FROV00001,FrozenEngine,1511,06/12/2025, 09:18:55,540
FROV00001,FrozenEngine,1511,06/12/2025, 10:19:26,540
FROV00001,FrozenEngine,1511,06/12/2025, 11:15:23,540
FROV00001,FrozenEngine,1511,06/12/2025, 12:33:52,540
FROV00001,FrozenEngine,1511,06/12/2025, 13:31:40,540
FROV00001,FrozenEngine,1511,06/12/2025, 14:17:32,540
FROV00001,FrozenEngine,1511,06/12/2025, 15:18:45,540
FROV00001,FrozenEngine,1511,06/12/2025, 16:21:08,540
FROV00001,FrozenEngine,1511,06/12/2025, 17:16:17,540
FROV00001,FrozenEngine,1511,06/12/2025, 18:23:14,540
FROV00001,FrozenEngine,1511,06/12/2025, 19:13:54,540
FROV00001,FrozenEngine,1511,06/12/2025, 20:19:31,540
FROV00001,FrozenEngine,1511,06/12/2025, 21:16:41,540
FROV00001,FrozenEngine,1511,06/12/2025, 22:16:47,540
FROV00001,FrozenEngine,1511,06/12/2025, 23:16:56,540
FROV00001,FrozenEngine,1511,06/13/2025, 01:19:16,540
FROV00001,FrozenEngine,1511,06/13/2025, 03:16:34,540
FROV00001,FrozenEngine,1511,06/13/2025, 04:25:28,540
FROV00001,FrozenEngine,1511,06/13/2025, 05:17:08,540
FROV00001,FrozenEngine,1511,06/13/2025, 06:25:09,540
FROV00001,FrozenEngine,1511,06/13/2025, 07:16:49,540
FROV00001,FrozenEngine,1511,06/13/2025, 08:22:42,540
FROV00001,FrozenEngine,1511,06/13/2025, 09:19:10,540
FROV00001,FrozenEngine,1511,06/13/2025, 10:19:06,540
FROV00001,FrozenEngine,1511,06/13/2025, 11:15:34,540
FROV00001,FrozenEngine,1511,06/13/2025, 12:33:59,540
FROV00001,FrozenEngine,1511,06/13/2025, 13:29:56,540
FROV00001,FrozenEngine,1511,06/13/2025, 15:18:37,540
FROV00001,FrozenEngine,1511,06/13/2025, 16:21:30,540
FROV00001,FrozenEngine,1511,06/13/2025, 17:15:10,540
FROV00001,FrozenEngine,1511,06/13/2025, 18:23:48,540
FROV00001,FrozenEngine,1511,06/13/2025, 19:14:18,540
FROV00001,FrozenEngine,1511,06/13/2025, 20:19:00,540
FROV00001,FrozenEngine,1511,06/13/2025, 21:16:48,540
FROV00001,FrozenEngine,1511,06/13/2025, 22:16:43,540
FROV00001,FrozenEngine,1511,06/13/2025, 23:17:39,540
FROV00001,FrozenEngine,1511,06/14/2025, 03:11:06,540
FROV00001,FrozenEngine,1511,06/14/2025, 04:21:18,540
FROV00001,FrozenEngine,1511,06/14/2025, 05:17:08,540
FROV00001,FrozenEngine,1511,06/14/2025, 07:15:44,540
FROV00001,FrozenEngine,1511,06/14/2025, 08:20:13,540
FROV00001,FrozenEngine,1511,06/14/2025, 09:17:51,540
FROV00001,FrozenEngine,1511,06/14/2025, 10:17:07,540
FROV00001,FrozenEngine,1511,06/14/2025, 11:13:30,540
FROV00001,FrozenEngine,1511,06/14/2025, 12:30:54,540
FROV00001,FrozenEngine,1511,06/14/2025, 13:25:31,540
FROV00001,FrozenEngine,1511,06/14/2025, 14:14:50,540
FROV00001,FrozenEngine,1511,06/14/2025, 16:19:02,540
FROV00001,FrozenEngine,1511,06/14/2025, 17:14:14,540
FROV00001,FrozenEngine,1511,06/14/2025, 18:21:11,540
FROV00001,FrozenEngine,1511,06/14/2025, 19:13:17,540
FROV00001,FrozenEngine,1511,06/14/2025, 20:17:23,540
FROV00001,FrozenEngine,1511,06/14/2025, 21:15:18,540
FROV00001,FrozenEngine,1511,06/14/2025, 22:16:00,540
FROV00001,FrozenEngine,1511,06/14/2025, 23:17:10,540
FROV00001,FrozenEngine,1511,06/15/2025, 01:26:34,540
FROV00001,FrozenEngine,1511,06/15/2025, 03:23:02,540
FROV00001,FrozenEngine,1511,06/15/2025, 04:27:26,540
FROV00001,FrozenEngine,1511,06/15/2025, 05:16:25,540
FROV00001,FrozenEngine,1511,06/15/2025, 06:23:04,540
FROV00001,FrozenEngine,1511,06/15/2025, 07:16:14,540
FROV00001,FrozenEngine,1511,06/15/2025, 08:20:32,540
FROV00001,FrozenEngine,1511,06/15/2025, 09:17:13,540
FROV00001,FrozenEngine,1511,06/15/2025, 10:18:10,540
FROV00001,FrozenEngine,1511,06/15/2025, 11:14:11,540
FROV00001,FrozenEngine,1511,06/15/2025, 12:31:12,540
FROV00001,FrozenEngine,1511,06/15/2025, 13:25:33,540
FROV00001,FrozenEngine,1511,06/15/2025, 14:14:51,540
FROV00001,FrozenEngine,1511,06/15/2025, 15:16:24,540
FROV00001,FrozenEngine,1511,06/15/2025, 16:19:19,540
FROV00001,FrozenEngine,1511,06/15/2025, 19:13:51,540
FROV00001,FrozenEngine,1511,06/15/2025, 20:18:08,540
FROV00001,FrozenEngine,1511,06/15/2025, 21:15:22,540
FROV00001,FrozenEngine,1511,06/15/2025, 22:16:02,540
FROV00001,FrozenEngine,1511,06/15/2025, 23:15:46,540
FROV00001,FrozenEngine,1511,06/16/2025, 01:21:14,540
FROV00001,FrozenEngine,1511,06/16/2025, 03:20:35,540
FROV00001,FrozenEngine,1511,06/16/2025, 04:30:09,540
FROV00001,FrozenEngine,1511,06/16/2025, 05:19:38,540
FROV00001,FrozenEngine,1511,06/16/2025, 06:27:13,540
FROV00001,FrozenEngine,1511,06/16/2025, 07:19:03,540
FROV00001,FrozenEngine,1511,06/16/2025, 08:24:39,540
FROV00001,FrozenEngine,1511,06/16/2025, 09:20:47,540
FROV00001,FrozenEngine,1511,06/16/2025, 10:19:59,540
FROV00001,FrozenEngine,1511,06/16/2025, 12:35:15,540
FROV00001,FrozenEngine,1511,06/16/2025, 13:32:33,540
FROV00001,FrozenEngine,1511,06/16/2025, 14:17:40,540
FROV00001,FrozenEngine,1511,06/16/2025, 15:19:16,540
FROV00001,FrozenEngine,1511,06/16/2025, 16:22:07,540
FROV00001,FrozenEngine,1511,06/16/2025, 17:16:22,540
FROV00001,FrozenEngine,1511,06/16/2025, 19:13:59,540
FROV00001,FrozenEngine,1511,06/16/2025, 20:19:23,540
FROV00001,FrozenEngine,1511,06/16/2025, 22:17:12,540
FROV00001,FrozenEngine,1511,06/16/2025, 23:16:44,540
FROV00001,FrozenEngine,1511,06/17/2025, 01:19:13,540
FROV00001,FrozenEngine,1511,06/17/2025, 03:16:37,540
FROV00001,FrozenEngine,1511,06/17/2025, 04:26:19,540
FROV00001,FrozenEngine,1511,06/17/2025, 05:18:00,540
FROV00001,FrozenEngine,1511,06/17/2025, 06:25:35,540
FROV00001,FrozenEngine,1511,06/17/2025, 08:23:40,540
FROV00001,FrozenEngine,1511,06/17/2025, 09:19:47,540
FROV00001,FrozenEngine,1511,06/17/2025, 10:19:23,540
FROV00001,FrozenEngine,1511,06/17/2025, 11:15:48,540
FROV00001,FrozenEngine,1511,06/17/2025, 12:35:45,540
FROV00001,FrozenEngine,1511,06/17/2025, 13:31:17,540
FROV00001,FrozenEngine,1511,06/17/2025, 14:17:47,540
FROV00001,FrozenEngine,1511,06/17/2025, 15:19:15,540
FROV00001,FrozenEngine,1511,06/17/2025, 16:22:04,540
FROV00001,FrozenEngine,1511,06/17/2025, 17:16:28,540
FROV00001,FrozenEngine,1511,06/17/2025, 18:24:06,540
FROV00001,FrozenEngine,1511,06/17/2025, 19:14:10,540
FROV00001,FrozenEngine,1511,06/17/2025, 21:16:56,540
FROV00001,FrozenEngine,1511,06/17/2025, 22:16:47,540
FROV00001,FrozenEngine,1511,06/18/2025, 01:18:43,540
FROV00001,FrozenEngine,1511,06/18/2025, 04:26:50,540
FROV00001,FrozenEngine,1511,06/18/2025, 05:17:52,540
FROV00001,FrozenEngine,1511,06/18/2025, 06:25:02,540
FROV00001,FrozenEngine,1511,06/18/2025, 08:23:02,540
FROV00001,FrozenEngine,1511,06/18/2025, 10:19:32,540
FROV00001,FrozenEngine,1511,06/18/2025, 11:16:11,540
FROV00001,FrozenEngine,1511,06/18/2025, 12:35:15,540
FROV00001,FrozenEngine,1511,06/18/2025, 14:17:48,540
FROV00001,FrozenEngine,1511,06/18/2025, 15:19:15,540
FROV00001,FrozenEngine,1511,06/18/2025, 16:21:58,540
FROV00001,FrozenEngine,1511,06/18/2025, 17:17:21,540
FROV00001,FrozenEngine,1511,06/18/2025, 18:23:48,540
FROV00001,FrozenEngine,1511,06/18/2025, 19:14:30,540
FROV00001,FrozenEngine,1511,06/18/2025, 20:20:30,540
FROV00001,FrozenEngine,1511,06/18/2025, 21:16:35,540
FROV00001,FrozenEngine,1511,06/18/2025, 22:16:45,540
FROV00001,FrozenEngine,1511,06/18/2025, 23:16:59,540
FROV00001,FrozenEngine,1511,06/19/2025, 01:19:17,540
FROV00001,FrozenEngine,1511,06/19/2025, 03:16:16,540
FROV00001,FrozenEngine,1511,06/19/2025, 04:26:09,540
FROV00001,FrozenEngine,1511,06/19/2025, 06:25:18,540
FROV00001,FrozenEngine,1511,06/19/2025, 07:17:14,540
FROV00001,FrozenEngine,1511,06/19/2025, 08:22:55,540
FROV00001,FrozenEngine,1511,06/19/2025, 09:18:56,540
FROV00001,FrozenEngine,1512,06/19/2025, 10:19:23,540
FROV00001,FrozenEngine,1512,06/19/2025, 11:15:37,540
FROV00001,FrozenEngine,1512,06/19/2025, 12:34:28,540
FROV00001,FrozenEngine,1512,06/19/2025, 13:30:28,540
FROV00001,FrozenEngine,1512,06/19/2025, 14:16:30,540
FROV00001,FrozenEngine,1512,06/19/2025, 15:17:56,540
FROV00001,FrozenEngine,1512,06/19/2025, 16:20:57,540
FROV00001,FrozenEngine,1512,06/19/2025, 17:15:25,540
FROV00001,FrozenEngine,1512,06/19/2025, 18:22:55,540
FROV00001,FrozenEngine,1512,06/19/2025, 19:13:32,540
FROV00001,FrozenEngine,1512,06/19/2025, 20:20:08,540
FROV00001,FrozenEngine,1512,06/19/2025, 21:15:59,540
FROV00001,FrozenEngine,1512,06/19/2025, 22:16:23,540
FROV00001,FrozenEngine,1512,06/19/2025, 23:16:51,540
FROV00001,FrozenEngine,1512,06/20/2025, 01:18:34,540
FROV00001,FrozenEngine,1512,06/20/2025, 03:15:19,540
FROV00001,FrozenEngine,1512,06/20/2025, 04:24:58,540
FROV00001,FrozenEngine,1512,06/20/2025, 05:18:16,540
FROV00001,FrozenEngine,1512,06/20/2025, 06:25:24,540
FROV00001,FrozenEngine,1512,06/20/2025, 07:17:04,540
FROV00001,FrozenEngine,1512,06/20/2025, 08:22:58,540
FROV00001,FrozenEngine,1512,06/20/2025, 09:18:38,540
FROV00001,FrozenEngine,1512,06/20/2025, 10:18:30,540
FROV00001,FrozenEngine,1512,06/20/2025, 11:15:22,540
FROV00001,FrozenEngine,1512,06/20/2025, 12:34:28,540
FROV00001,FrozenEngine,1512,06/20/2025, 13:29:38,540
FROV00001,FrozenEngine,1512,06/20/2025, 14:16:36,540
FROV00001,FrozenEngine,1512,06/20/2025, 15:17:52,540
FROV00001,FrozenEngine,1512,06/20/2025, 17:15:47,540
FROV00001,FrozenEngine,1512,06/20/2025, 18:22:57,540
FROV00001,FrozenEngine,1512,06/20/2025, 19:13:55,540
FROV00001,FrozenEngine,1512,06/20/2025, 20:19:19,540
FROV00001,FrozenEngine,1512,06/20/2025, 21:15:59,540
FROV00001,FrozenEngine,1512,06/20/2025, 22:16:37,540
FROV00001,FrozenEngine,1512,06/20/2025, 23:16:50,540
FROV00001,FrozenEngine,1512,06/21/2025, 01:17:41,540
FROV00001,FrozenEngine,1512,06/21/2025, 03:11:50,540
FROV00001,FrozenEngine,1512,06/21/2025, 04:21:03,540
FROV00001,FrozenEngine,1512,06/21/2025, 05:16:47,540
FROV00001,FrozenEngine,1512,06/21/2025, 06:22:53,540
FROV00001,FrozenEngine,1512,06/21/2025, 07:16:05,540
FROV00001,FrozenEngine,1512,06/21/2025, 08:20:48,540
FROV00001,FrozenEngine,1512,06/21/2025, 09:16:49,540
FROV00001,FrozenEngine,1512,06/21/2025, 10:17:00,540
FROV00001,FrozenEngine,1512,06/21/2025, 12:30:45,540
FROV00001,FrozenEngine,1512,06/21/2025, 13:25:45,540
FROV00001,FrozenEngine,1512,06/21/2025, 14:16:09,540
FROV00001,FrozenEngine,1512,06/21/2025, 15:16:38,540
FROV00001,FrozenEngine,1512,06/21/2025, 16:19:20,540
FROV00001,FrozenEngine,1512,06/21/2025, 18:21:17,540
FROV00001,FrozenEngine,1512,06/21/2025, 20:17:37,540
FROV00001,FrozenEngine,1513,06/21/2025, 22:15:19,540
FROV00001,FrozenEngine,1513,06/21/2025, 23:16:05,540
FROV00001,FrozenEngine,1513,06/22/2025, 01:25:45,540
FROV00001,FrozenEngine,1513,06/22/2025, 03:24:17,540
FROV00001,FrozenEngine,1513,06/22/2025, 04:28:52,540
FROV00001,FrozenEngine,1513,06/22/2025, 05:17:17,540
FROV00001,FrozenEngine,1513,06/22/2025, 06:23:06,540
FROV00001,FrozenEngine,1513,06/22/2025, 07:16:47,540
FROV00001,FrozenEngine,1513,06/22/2025, 08:21:11,540
FROV00001,FrozenEngine,1513,06/22/2025, 09:17:35,540
FROV00001,FrozenEngine,1513,06/22/2025, 10:16:57,540
FROV00001,FrozenEngine,1513,06/22/2025, 11:13:57,540
FROV00001,FrozenEngine,1513,06/22/2025, 12:30:35,540
FROV00001,FrozenEngine,1513,06/22/2025, 13:25:18,540
FROV00001,FrozenEngine,1513,06/22/2025, 14:15:29,540
FROV00001,FrozenEngine,1513,06/22/2025, 15:16:30,540
FROV00001,FrozenEngine,1513,06/22/2025, 16:19:30,540
FROV00001,FrozenEngine,1513,06/22/2025, 17:14:07,540
FROV00001,FrozenEngine,1513,06/22/2025, 18:21:42,540
FROV00001,FrozenEngine,1513,06/22/2025, 19:13:35,540
FROV00001,FrozenEngine,1513,06/22/2025, 20:18:09,540
FROV00001,FrozenEngine,1513,06/22/2025, 21:15:33,540
FROV00001,FrozenEngine,1513,06/22/2025, 22:15:41,540
FROV00001,FrozenEngine,1513,06/22/2025, 23:16:22,540
FROV00001,FrozenEngine,1513,06/23/2025, 01:23:46,540
FROV00001,FrozenEngine,1513,06/23/2025, 03:24:46,540
FROV00001,FrozenEngine,1513,06/23/2025, 04:32:15,540
FROV00001,FrozenEngine,1513,06/23/2025, 05:19:43,540
FROV00001,FrozenEngine,1513,06/23/2025, 08:24:45,540
FROV00001,FrozenEngine,1513,06/23/2025, 09:21:17,540
FROV00001,FrozenEngine,1513,06/23/2025, 10:19:56,540
FROV00001,FrozenEngine,1513,06/23/2025, 11:16:13,540
FROV00001,FrozenEngine,1513,06/23/2025, 12:36:15,540
FROV00001,FrozenEngine,1514,06/23/2025, 14:18:04,540
FROV00001,FrozenEngine,1514,06/23/2025, 15:19:48,540
FROV00001,FrozenEngine,1514,06/23/2025, 16:22:20,540
FROV00001,FrozenEngine,1514,06/23/2025, 17:16:22,540
FROV00001,FrozenEngine,1514,06/23/2025, 18:24:15,540
FROV00001,FrozenEngine,1515,06/23/2025, 19:14:51,540
FROV00001,FrozenEngine,1515,06/23/2025, 20:20:03,540
FROV00001,FrozenEngine,1515,06/23/2025, 21:17:04,540
FROV00001,FrozenEngine,1515,06/23/2025, 22:17:30,540
FROV00001,FrozenEngine,1515,06/23/2025, 23:13:49,540
FROV00001,FrozenEngine,1515,06/24/2025, 01:19:35,540
FROV00001,FrozenEngine,1515,06/24/2025, 03:17:51,540
FROV00001,FrozenEngine,1515,06/24/2025, 04:27:43,540
FROV00001,FrozenEngine,1515,06/24/2025, 05:19:45,540
FROV00001,FrozenEngine,1515,06/24/2025, 06:26:07,540
FROV00001,FrozenEngine,1515,06/24/2025, 07:18:32,540
FROV00001,FrozenEngine,1515,06/24/2025, 08:23:58,540
FROV00001,FrozenEngine,1515,06/24/2025, 09:19:54,540
FROV00001,FrozenEngine,1515,06/24/2025, 10:19:23,540
FROV00001,FrozenEngine,1515,06/24/2025, 12:35:06,540
FROV00001,FrozenEngine,1515,06/24/2025, 13:32:52,540
FROV00001,FrozenEngine,1515,06/24/2025, 14:17:47,540
FROV00001,FrozenEngine,1515,06/24/2025, 15:19:16,540
FROV00001,FrozenEngine,1515,06/24/2025, 16:21:52,540
FROV00001,FrozenEngine,1515,06/24/2025, 17:17:47,540
FROV00001,FrozenEngine,1515,06/24/2025, 18:24:05,540
FROV00001,FrozenEngine,1515,06/24/2025, 19:14:31,540
FROV00001,FrozenEngine,1515,06/24/2025, 20:19:48,540
FROV00001,FrozenEngine,1515,06/24/2025, 21:16:50,540
FROV00001,FrozenEngine,1515,06/24/2025, 22:17:06,540
FROV00001,FrozenEngine,1515,06/25/2025, 01:20:05,540
FROV00001,FrozenEngine,1515,06/25/2025, 03:18:17,540
FROV00001,FrozenEngine,1515,06/25/2025, 04:28:35,540
FROV00001,FrozenEngine,1515,06/25/2025, 05:19:10,540
FROV00001,FrozenEngine,1515,06/25/2025, 06:26:20,540
FROV00001,FrozenEngine,1515,06/25/2025, 07:18:21,540
FROV00001,FrozenEngine,1515,06/25/2025, 08:24:35,540
FROV00001,FrozenEngine,1515,06/25/2025, 09:20:24,540
FROV00001,FrozenEngine,1515,06/25/2025, 10:19:13,540
FROV00001,FrozenEngine,1515,06/25/2025, 11:16:07,540
FROV00001,FrozenEngine,1515,06/25/2025, 12:35:14,540
FROV00001,FrozenEngine,1515,06/25/2025, 13:32:52,540
FROV00001,FrozenEngine,1515,06/25/2025, 14:17:42,540
FROV00001,FrozenEngine,1515,06/25/2025, 15:20:03,540
FROV00001,FrozenEngine,1515,06/25/2025, 16:22:34,540
FROV00001,FrozenEngine,1515,06/25/2025, 17:16:51,540
FROV00001,FrozenEngine,1515,06/25/2025, 18:24:27,540
FROV00001,FrozenEngine,1515,06/25/2025, 19:13:14,540
FROV00001,FrozenEngine,1515,06/25/2025, 20:19:24,540
FROV00001,FrozenEngine,1515,06/25/2025, 21:17:01,540
FROV00001,FrozenEngine,1515,06/25/2025, 22:17:01,540
FROV00001,FrozenEngine,1515,06/25/2025, 23:16:45,540
FROV00001,FrozenEngine,1515,06/26/2025, 01:18:53,540
FROV00001,FrozenEngine,1515,06/26/2025, 03:17:05,540
FROV00001,FrozenEngine,1515,06/26/2025, 04:26:50,540
FROV00001,FrozenEngine,1515,06/26/2025, 05:18:24,540
FROV00001,FrozenEngine,1515,06/26/2025, 06:25:41,540
FROV00001,FrozenEngine,1515,06/26/2025, 07:17:52,540
FROV00001,FrozenEngine,1515,06/26/2025, 08:23:14,540
FROV00001,FrozenEngine,1515,06/26/2025, 10:18:55,540
FROV00001,FrozenEngine,1515,06/26/2025, 11:15:27,540
FROV00001,FrozenEngine,1515,06/26/2025, 12:34:54,540
FROV00001,FrozenEngine,1515,06/26/2025, 13:31:14,540
FROV00001,FrozenEngine,1515,06/26/2025, 14:17:29,540
FROV00001,FrozenEngine,1515,06/26/2025, 15:19:26,540
FROV00001,FrozenEngine,1515,06/26/2025, 16:21:40,540
FROV00001,FrozenEngine,1515,06/26/2025, 17:15:56,540
FROV00001,FrozenEngine,1515,06/26/2025, 18:25:26,540
FROV00001,FrozenEngine,1515,06/26/2025, 19:14:35,540
FROV00001,FrozenEngine,1515,06/26/2025, 20:19:06,540
FROV00001,FrozenEngine,1515,06/26/2025, 21:16:26,540
FROV00001,FrozenEngine,1515,06/26/2025, 22:17:02,540
FROV00001,FrozenEngine,1515,06/26/2025, 23:17:19,540
FROV00001,FrozenEngine,1515,06/27/2025, 01:19:53,540
FROV00001,FrozenEngine,1515,06/27/2025, 03:18:13,540
FROV00001,FrozenEngine,1515,06/27/2025, 04:27:03,540
FROV00001,FrozenEngine,1515,06/27/2025, 05:18:31,540
FROV00001,FrozenEngine,1515,06/27/2025, 06:25:49,540
FROV00001,FrozenEngine,1515,06/27/2025, 07:18:02,540
FROV00001,FrozenEngine,1515,06/27/2025, 08:23:12,540
FROV00001,FrozenEngine,1515,06/27/2025, 09:18:57,540
FROV00001,FrozenEngine,1515,06/27/2025, 10:19:22,540
FROV00001,FrozenEngine,1515,06/27/2025, 11:15:23,540
FROV00001,FrozenEngine,1515,06/27/2025, 12:33:47,540
FROV00001,FrozenEngine,1515,06/27/2025, 13:29:21,540
FROV00001,FrozenEngine,1515,06/27/2025, 14:17:28,540
FROV00001,FrozenEngine,1515,06/27/2025, 15:18:05,540
FROV00001,FrozenEngine,1515,06/27/2025, 16:21:46,540
FROV00001,FrozenEngine,1515,06/27/2025, 17:15:33,540
FROV00001,FrozenEngine,1516,06/27/2025, 18:23:39,540
FROV00001,FrozenEngine,1516,06/27/2025, 19:14:02,540
FROV00001,FrozenEngine,1516,06/27/2025, 20:19:33,540
FROV00001,FrozenEngine,1516,06/27/2025, 21:15:26,540
FROV00001,FrozenEngine,1516,06/27/2025, 22:18:10,540
FROV00001,FrozenEngine,1516,06/27/2025, 23:16:59,540
FROV00001,FrozenEngine,1517,06/28/2025, 01:17:04,540
FROV00001,FrozenEngine,1518,06/28/2025, 03:12:52,540
FROV00001,FrozenEngine,1521,06/28/2025, 04:21:15,540
FROV00001,FrozenEngine,1521,06/28/2025, 05:17:52,540
FROV00001,FrozenEngine,1521,06/28/2025, 06:23:12,540
FROV00001,FrozenEngine,1521,06/28/2025, 07:16:08,540
FROV00001,FrozenEngine,1521,06/28/2025, 08:20:52,540
FROV00001,FrozenEngine,1521,06/28/2025, 09:17:27,540
FROV00001,FrozenEngine,1522,06/28/2025, 10:17:02,540
FROV00001,FrozenEngine,1522,06/28/2025, 11:14:24,540
FROV00001,FrozenEngine,1522,06/28/2025, 12:30:51,540
FROV00001,FrozenEngine,1522,06/28/2025, 14:14:57,540
FROV00001,FrozenEngine,1522,06/28/2025, 15:16:27,540
FROV00001,FrozenEngine,1522,06/28/2025, 16:20:00,540
FROV00001,FrozenEngine,1522,06/28/2025, 17:14:36,540
FROV00001,FrozenEngine,1522,06/28/2025, 18:21:45,540
FROV00001,FrozenEngine,1522,06/28/2025, 19:13:27,540
FROV00001,FrozenEngine,1522,06/28/2025, 20:17:55,540
FROV00001,FrozenEngine,1522,06/28/2025, 21:15:35,540
FROV00001,FrozenEngine,1522,06/28/2025, 22:15:43,540
FROV00001,FrozenEngine,1522,06/28/2025, 23:16:40,540
FROV00001,FrozenEngine,1522,06/29/2025, 01:27:32,540
FROV00001,FrozenEngine,1522,06/29/2025, 03:27:10,540
FROV00001,FrozenEngine,1522,06/29/2025, 04:33:19,540
FROV00001,FrozenEngine,1522,06/29/2025, 05:21:04,540
FROV00001,FrozenEngine,1522,06/29/2025, 07:16:05,540
FROV00001,FrozenEngine,1522,06/29/2025, 08:21:04,540
FROV00001,FrozenEngine,1522,06/29/2025, 09:17:16,540
FROV00001,FrozenEngine,1522,06/29/2025, 10:18:26,540
FROV00001,FrozenEngine,1522,06/29/2025, 11:14:09,540
FROV00001,FrozenEngine,1522,06/29/2025, 12:31:34,540
FROV00001,FrozenEngine,1522,06/29/2025, 13:26:26,540
FROV00001,FrozenEngine,1522,06/29/2025, 14:15:14,540
FROV00001,FrozenEngine,1522,06/29/2025, 15:16:45,540
FROV00001,FrozenEngine,1522,06/29/2025, 16:19:37,540
FROV00001,FrozenEngine,1522,06/29/2025, 17:14:44,540
FROV00001,FrozenEngine,1522,06/29/2025, 18:21:52,540
FROV00001,FrozenEngine,1522,06/29/2025, 19:13:37,540
FROV00001,FrozenEngine,1522,06/29/2025, 20:18:22,540
FROV00001,FrozenEngine,1522,06/29/2025, 21:15:48,540
FROV00001,FrozenEngine,1522,06/29/2025, 22:16:07,540
FROV00001,FrozenEngine,1522,06/29/2025, 23:16:13,540
FROV00001,FrozenEngine,1522,06/30/2025, 01:24:06,540
FROV00001,FrozenEngine,1522,06/30/2025, 03:23:34,540
FROV00001,FrozenEngine,1522,06/30/2025, 04:32:07,540
FROV00001,FrozenEngine,1522,06/30/2025, 05:20:04,540
FROV00001,FrozenEngine,1522,06/30/2025, 06:26:43,540
FROV00001,FrozenEngine,1522,06/30/2025, 07:19:12,540
FROV00001,FrozenEngine,1522,06/30/2025, 08:24:11,540
FROV00001,FrozenEngine,1522,06/30/2025, 09:20:51,540
FROV00001,FrozenEngine,1522,06/30/2025, 10:19:50,540
FROV00001,FrozenEngine,1522,06/30/2025, 11:15:37,540
FROV00001,FrozenEngine,1522,06/30/2025, 12:34:30,540
FROV00001,FrozenEngine,1522,06/30/2025, 13:32:04,540
FROV00001,FrozenEngine,1522,06/30/2025, 14:17:34,540
FROV00001,FrozenEngine,1522,06/30/2025, 16:21:58,540
FROV00001,FrozenEngine,1522,06/30/2025, 17:16:09,540
FROV00001,FrozenEngine,1522,06/30/2025, 18:24:40,540
FROV00001,FrozenEngine,1522,06/30/2025, 19:14:03,540
FROV00001,FrozenEngine,1522,06/30/2025, 20:18:50,540
FROV00001,FrozenEngine,1522,06/30/2025, 21:16:45,540
FROV00001,FrozenEngine,1522,06/30/2025, 22:17:05,540
FROV00001,FrozenEngine,1522,06/30/2025, 23:16:28,540
FROV00001,FrozenEngine,1522,07/01/2025, 01:27:40,540
FROV00001,FrozenEngine,1522,07/01/2025, 03:28:53,540
FROV00001,FrozenEngine,1522,07/01/2025, 04:36:25,540
FROV00001,FrozenEngine,1522,07/01/2025, 05:21:32,540
FROV00001,FrozenEngine,1522,07/01/2025, 07:19:14,540
FROV00001,FrozenEngine,1522,07/01/2025, 08:24:08,540
FROV00001,FrozenEngine,1522,07/01/2025, 09:20:38,540
FROV00001,FrozenEngine,1522,07/01/2025, 10:19:52,540
FROV00001,FrozenEngine,1522,07/01/2025, 11:15:56,540
FROV00001,FrozenEngine,1522,07/01/2025, 12:35:16,540
FROV00001,FrozenEngine,1522,07/01/2025, 13:32:03,540
FROV00001,FrozenEngine,1522,07/01/2025, 14:17:03,540
FROV00001,FrozenEngine,1522,07/01/2025, 15:19:15,540
FROV00001,FrozenEngine,1522,07/01/2025, 16:22:08,540
FROV00001,FrozenEngine,1522,07/01/2025, 17:16:34,540
FROV00001,FrozenEngine,1522,07/01/2025, 19:14:19,540
FROV00001,FrozenEngine,1522,07/01/2025, 20:19:46,540
FROV00001,FrozenEngine,1522,07/01/2025, 21:16:57,540
FROV00001,FrozenEngine,1522,07/01/2025, 22:17:05,540
FROV00001,FrozenEngine,1522,07/01/2025, 23:16:43,540
FROV00001,FrozenEngine,1522,07/02/2025, 01:19:51,540
FROV00001,FrozenEngine,1522,07/02/2025, 03:17:26,540
FROV00001,FrozenEngine,1522,07/02/2025, 04:27:49,540
FROV00001,FrozenEngine,1522,07/02/2025, 05:20:01,540
FROV00001,FrozenEngine,1522,07/02/2025, 06:26:02,540
FROV00001,FrozenEngine,1522,07/02/2025, 07:17:57,540
FROV00001,FrozenEngine,1522,07/02/2025, 08:23:58,540
FROV00001,FrozenEngine,1522,07/02/2025, 09:20:30,540
FROV00001,FrozenEngine,1522,07/02/2025, 10:19:26,540
FROV00001,FrozenEngine,1522,07/02/2025, 11:15:54,540
FROV00001,FrozenEngine,1522,07/02/2025, 12:34:54,540
FROV00001,FrozenEngine,1522,07/02/2025, 13:30:57,540
FROV00001,FrozenEngine,1522,07/02/2025, 14:17:51,540
FROV00001,FrozenEngine,1522,07/02/2025, 15:19:11,540
FROV00001,FrozenEngine,1522,07/02/2025, 16:21:29,540
FROV00001,FrozenEngine,1522,07/02/2025, 17:17:13,540
FROV00001,FrozenEngine,1522,07/02/2025, 18:24:17,540
FROV00001,FrozenEngine,1522,07/02/2025, 19:14:22,540
FROV00001,FrozenEngine,1522,07/02/2025, 20:17:47,540
FROV00001,FrozenEngine,1522,07/02/2025, 21:16:33,540
FROV00001,FrozenEngine,1522,07/02/2025, 22:17:02,540
FROV00001,FrozenEngine,1523,07/02/2025, 23:17:17,540
FROV00001,FrozenEngine,1523,07/03/2025, 01:19:41,540
FROV00001,FrozenEngine,1523,07/03/2025, 03:18:57,540
FROV00001,FrozenEngine,1523,07/03/2025, 04:30:21,540
FROV00001,FrozenEngine,1523,07/03/2025, 05:21:40,540
FROV00001,FrozenEngine,1523,07/03/2025, 09:19:30,540
FROV00001,FrozenEngine,1523,07/03/2025, 10:19:32,540
FROV00001,FrozenEngine,1523,07/03/2025, 11:16:02,540
FROV00001,FrozenEngine,1523,07/03/2025, 12:35:25,540
FROV00001,FrozenEngine,1523,07/03/2025, 13:29:44,540
FROV00001,FrozenEngine,1523,07/03/2025, 14:17:18,540
FROV00001,FrozenEngine,1523,07/03/2025, 16:21:27,540
FROV00001,FrozenEngine,1523,07/03/2025, 17:18:09,540
FROV00001,FrozenEngine,1523,07/03/2025, 18:23:56,540
FROV00001,FrozenEngine,1523,07/03/2025, 19:14:07,540
FROV00001,FrozenEngine,1523,07/03/2025, 20:18:50,540
FROV00001,FrozenEngine,1523,07/03/2025, 21:16:15,540
FROV00001,FrozenEngine,1523,07/03/2025, 22:16:52,540
FROV00001,FrozenEngine,1523,07/03/2025, 23:17:06,540
FROV00001,FrozenEngine,1523,07/04/2025, 01:19:21,540
FROV00001,FrozenEngine,1523,07/04/2025, 03:17:10,540
FROV00001,FrozenEngine,1523,07/04/2025, 04:28:02,540
FROV00001,FrozenEngine,1523,07/04/2025, 05:20:02,540
FROV00001,FrozenEngine,1523,07/04/2025, 06:26:15,540
FROV00001,FrozenEngine,1523,07/04/2025, 07:18:34,540
FROV00001,FrozenEngine,1523,07/04/2025, 08:23:25,540
FROV00001,FrozenEngine,1523,07/04/2025, 09:19:22,540
FROV00001,FrozenEngine,1523,07/04/2025, 10:19:21,540
FROV00001,FrozenEngine,1523,07/04/2025, 11:16:40,540
FROV00001,FrozenEngine,1523,07/04/2025, 12:34:12,540
FROV00001,FrozenEngine,1524,07/04/2025, 13:29:41,540
FROV00001,FrozenEngine,1524,07/04/2025, 14:17:08,540
FROV00001,FrozenEngine,1524,07/04/2025, 15:17:34,540
FROV00001,FrozenEngine,1524,07/04/2025, 16:21:08,540
FROV00001,FrozenEngine,1524,07/04/2025, 17:15:20,540
FROV00001,FrozenEngine,1524,07/04/2025, 18:22:56,540
FROV00001,FrozenEngine,1524,07/04/2025, 19:14:24,540
FROV00001,FrozenEngine,1524,07/04/2025, 20:18:37,540
FROV00001,FrozenEngine,1524,07/04/2025, 21:17:03,540
FROV00001,FrozenEngine,1524,07/04/2025, 22:16:46,540
FROV00001,FrozenEngine,1524,07/04/2025, 23:16:28,540
FROV00001,FrozenEngine,1524,07/05/2025, 01:16:52,540
FROV00001,FrozenEngine,1524,07/05/2025, 04:22:38,540
FROV00001,FrozenEngine,1525,07/05/2025, 05:17:22,540
FROV00001,FrozenEngine,1525,07/05/2025, 06:23:04,540
FROV00001,FrozenEngine,1525,07/05/2025, 07:16:03,540
FROV00001,FrozenEngine,1525,07/05/2025, 08:21:04,540
FROV00001,FrozenEngine,1525,07/05/2025, 09:17:27,540
FROV00001,FrozenEngine,1525,07/05/2025, 10:17:03,540
FROV00001,FrozenEngine,1525,07/05/2025, 11:14:05,540
FROV00001,FrozenEngine,1525,07/05/2025, 12:31:09,540
FROV00001,FrozenEngine,1525,07/05/2025, 13:26:13,540
FROV00001,FrozenEngine,1525,07/05/2025, 15:16:16,540
FROV00001,FrozenEngine,1525,07/05/2025, 16:19:38,540
FROV00001,FrozenEngine,1525,07/05/2025, 17:15:07,540
FROV00001,FrozenEngine,1525,07/05/2025, 18:21:21,540
FROV00001,FrozenEngine,1525,07/05/2025, 19:14:20,540
FROV00001,FrozenEngine,1525,07/05/2025, 20:17:50,540
FROV00001,FrozenEngine,1525,07/05/2025, 21:16:14,540
FROV00001,FrozenEngine,1525,07/05/2025, 22:15:30,540
FROV00001,FrozenEngine,1525,07/05/2025, 23:16:28,540
FROV00001,FrozenEngine,1525,07/06/2025, 01:26:19,540
FROV00001,FrozenEngine,1525,07/06/2025, 03:25:44,540
FROV00001,FrozenEngine,1525,07/06/2025, 04:31:09,540
FROV00001,FrozenEngine,1525,07/06/2025, 05:17:40,540
FROV00001,FrozenEngine,1525,07/06/2025, 06:23:41,540
FROV00001,FrozenEngine,1525,07/06/2025, 07:15:53,540
FROV00001,FrozenEngine,1525,07/06/2025, 08:20:45,540
FROV00001,FrozenEngine,1525,07/06/2025, 09:16:46,540
FROV00001,FrozenEngine,1525,07/06/2025, 10:17:37,540
FROV00001,FrozenEngine,1525,07/06/2025, 11:15:14,540
FROV00001,FrozenEngine,1525,07/06/2025, 12:31:24,540
FROV00001,FrozenEngine,1525,07/06/2025, 13:26:45,540
FROV00001,FrozenEngine,1525,07/06/2025, 14:14:59,540
FROV00001,FrozenEngine,1525,07/06/2025, 16:20:05,540
FROV00001,FrozenEngine,1525,07/06/2025, 17:14:58,540
FROV00001,FrozenEngine,1525,07/06/2025, 18:22:11,540
FROV00001,FrozenEngine,1525,07/06/2025, 19:14:07,540
FROV00001,FrozenEngine,1525,07/06/2025, 20:18:42,540
FROV00001,FrozenEngine,1525,07/06/2025, 21:15:42,540
FROV00001,FrozenEngine,1525,07/06/2025, 22:16:58,540
FROV00001,FrozenEngine,1525,07/06/2025, 23:16:22,540
FROV00001,FrozenEngine,1525,07/07/2025, 01:23:58,540
FROV00001,FrozenEngine,1525,07/07/2025, 03:23:42,540
FROV00001,FrozenEngine,1525,07/07/2025, 05:21:00,540
FROV00001,FrozenEngine,1525,07/07/2025, 06:27:12,540
FROV00001,FrozenEngine,1525,07/07/2025, 07:19:42,540
FROV00001,FrozenEngine,1525,07/07/2025, 09:21:27,540
FROV00001,FrozenEngine,1525,07/07/2025, 10:20:38,540
FROV00001,FrozenEngine,1525,07/07/2025, 11:15:52,540
FROV00001,FrozenEngine,1525,07/07/2025, 12:35:15,540
FROV00001,FrozenEngine,1525,07/07/2025, 13:32:04,540
FROV00001,FrozenEngine,1525,07/07/2025, 14:17:51,540
FROV00001,FrozenEngine,1525,07/07/2025, 15:18:13,540
FROV00001,FrozenEngine,1525,07/07/2025, 16:22:12,540
FROV00001,FrozenEngine,1525,07/07/2025, 17:16:30,540
FROV00001,FrozenEngine,1525,07/07/2025, 18:24:12,540
FROV00001,FrozenEngine,1525,07/07/2025, 19:15:55,540
FROV00001,FrozenEngine,1525,07/07/2025, 20:19:37,540
FROV00001,FrozenEngine,1525,07/07/2025, 21:16:32,540
FROV00001,FrozenEngine,1525,07/07/2025, 22:17:25,540
FROV00001,FrozenEngine,1525,07/07/2025, 23:17:09,540
FROV00001,FrozenEngine,1525,07/08/2025, 01:20:08,540
FROV00001,FrozenEngine,1525,07/08/2025, 03:18:29,540
FROV00001,FrozenEngine,1525,07/08/2025, 04:28:29,540
FROV00001,FrozenEngine,1525,07/08/2025, 05:19:07,540
FROV00001,FrozenEngine,1525,07/08/2025, 06:26:01,540
FROV00001,FrozenEngine,1525,07/08/2025, 07:18:26,540
FROV00001,FrozenEngine,1525,07/08/2025, 08:24:01,540
FROV00001,FrozenEngine,1525,07/08/2025, 09:20:09,540
FROV00001,FrozenEngine,1525,07/08/2025, 10:19:32,540
FROV00001,FrozenEngine,1526,07/08/2025, 11:16:27,540
FROV00001,FrozenEngine,1526,07/08/2025, 12:36:08,540
FROV00001,FrozenEngine,1526,07/08/2025, 13:32:48,540
FROV00001,FrozenEngine,1526,07/08/2025, 14:17:22,540
FROV00001,FrozenEngine,1526,07/08/2025, 15:18:51,540
FROV00001,FrozenEngine,1526,07/08/2025, 16:22:10,540
FROV00001,FrozenEngine,1526,07/08/2025, 17:17:28,540
FROV00001,FrozenEngine,1526,07/08/2025, 18:24:23,540
FROV00001,FrozenEngine,1526,07/08/2025, 19:14:35,540
FROV00001,FrozenEngine,1526,07/08/2025, 20:19:42,540
FROV00001,FrozenEngine,1526,07/08/2025, 21:17:13,540
FROV00001,FrozenEngine,1526,07/08/2025, 22:17:20,540
FROV00001,FrozenEngine,1526,07/08/2025, 23:17:28,540
FROV00001,FrozenEngine,1526,07/09/2025, 01:21:02,540
FROV00001,FrozenEngine,1526,07/09/2025, 03:21:04,540
FROV00001,FrozenEngine,1526,07/09/2025, 04:32:56,540
FROV00001,FrozenEngine,1526,07/09/2025, 05:22:32,540
FROV00001,FrozenEngine,1526,07/09/2025, 06:26:20,540
FROV00001,FrozenEngine,1526,07/09/2025, 07:18:34,540
FROV00001,FrozenEngine,1526,07/09/2025, 08:23:46,540
FROV00001,FrozenEngine,1526,07/09/2025, 10:19:59,540
FROV00001,FrozenEngine,1526,07/09/2025, 11:16:00,540
FROV00001,FrozenEngine,1526,07/09/2025, 12:35:28,540
FROV00001,FrozenEngine,1526,07/09/2025, 13:32:18,540
FROV00001,FrozenEngine,1526,07/09/2025, 14:17:28,540
FROV00001,FrozenEngine,1526,07/09/2025, 15:19:20,540
FROV00001,FrozenEngine,1526,07/09/2025, 17:18:02,540
FROV00001,FrozenEngine,1526,07/09/2025, 18:24:21,540
FROV00001,FrozenEngine,1526,07/09/2025, 19:15:24,540
FROV00001,FrozenEngine,1526,07/09/2025, 21:16:56,540
FROV00001,FrozenEngine,1526,07/09/2025, 22:17:24,540
FROV00001,FrozenEngine,1526,07/09/2025, 23:17:39,540
FROV00001,FrozenEngine,1526,07/10/2025, 01:21:05,540
FROV00001,FrozenEngine,1526,07/10/2025, 03:20:50,540
FROV00001,FrozenEngine,1526,07/10/2025, 04:30:32,540
FROV00001,FrozenEngine,1526,07/10/2025, 06:26:42,540
FROV00001,FrozenEngine,1526,07/10/2025, 08:23:56,540
FROV00001,FrozenEngine,1526,07/10/2025, 09:21:02,540
FROV00001,FrozenEngine,1526,07/10/2025, 10:20:03,540
FROV00001,FrozenEngine,1526,07/10/2025, 12:36:00,540
FROV00001,FrozenEngine,1526,07/10/2025, 13:33:09,540
FROV00001,FrozenEngine,1526,07/10/2025, 14:18:24,540
FROV00001,FrozenEngine,1526,07/10/2025, 15:19:49,540
FROV00001,FrozenEngine,1526,07/10/2025, 16:22:30,540
FROV00001,FrozenEngine,1526,07/10/2025, 17:18:11,540
FROV00001,FrozenEngine,1526,07/10/2025, 18:25:04,540
FROV00001,FrozenEngine,1526,07/10/2025, 20:19:14,540
FROV00001,FrozenEngine,1526,07/10/2025, 21:18:21,540
FROV00001,FrozenEngine,1526,07/10/2025, 22:17:00,540
FROV00001,FrozenEngine,1526,07/10/2025, 23:17:29,540
FROV00001,FrozenEngine,1526,07/11/2025, 01:22:07,540
FROV00001,FrozenEngine,1526,07/11/2025, 03:26:33,540
FROV00001,FrozenEngine,1526,07/11/2025, 04:35:12,540
FROV00001,FrozenEngine,1526,07/11/2025, 05:21:27,540
FROV00001,FrozenEngine,1526,07/11/2025, 07:19:21,540
FROV00001,FrozenEngine,1526,07/11/2025, 08:23:45,540
FROV00001,FrozenEngine,1526,07/11/2025, 09:19:42,540
FROV00001,FrozenEngine,1526,07/11/2025, 10:19:12,540
FROV00001,FrozenEngine,1526,07/11/2025, 11:16:34,540
FROV00001,FrozenEngine,1526,07/11/2025, 12:34:34,540
FROV00001,FrozenEngine,1526,07/11/2025, 13:31:01,540
FROV00001,FrozenEngine,1526,07/11/2025, 14:18:07,540
FROV00001,FrozenEngine,1526,07/11/2025, 16:21:39,540
FROV00001,FrozenEngine,1526,07/11/2025, 17:16:50,540
FROV00001,FrozenEngine,1527,07/13/2025, 19:14:09,540
FROV00001,FrozenEngine,1527,07/13/2025, 20:17:55,540
FROV00001,FrozenEngine,1527,07/13/2025, 21:15:50,540
FROV00001,FrozenEngine,1527,07/13/2025, 22:16:41,540
FROV00001,FrozenEngine,1527,07/13/2025, 23:18:31,540
FROV00001,FrozenEngine,1527,07/14/2025, 01:25:31,540
FROV00001,FrozenEngine,1527,07/14/2025, 03:39:25,540
FROV00001,FrozenEngine,1527,07/14/2025, 05:23:42,540
FROV00001,FrozenEngine,1527,07/14/2025, 06:28:07,540
FROV00001,FrozenEngine,1527,07/14/2025, 07:22:13,540
FROV00001,FrozenEngine,1527,07/14/2025, 08:26:14,540
FROV00001,FrozenEngine,1527,07/14/2025, 11:16:33,540
FROV00001,FrozenEngine,1527,07/14/2025, 12:36:44,540
FROV00001,FrozenEngine,1527,07/14/2025, 13:35:09,540
FROV00001,FrozenEngine,1527,07/14/2025, 14:19:11,540
FROV00001,FrozenEngine,1527,07/14/2025, 15:19:56,540
FROV00001,FrozenEngine,1527,07/14/2025, 16:22:54,540
FROV00001,FrozenEngine,1527,07/14/2025, 17:18:00,540
FROV00001,FrozenEngine,1527,07/14/2025, 19:14:48,540
FROV00001,FrozenEngine,1527,07/14/2025, 20:20:18,540
FROV00001,FrozenEngine,1527,07/14/2025, 21:17:49,540
FROV00001,FrozenEngine,1527,07/14/2025, 22:17:50,540
FROV00001,FrozenEngine,1527,07/14/2025, 23:17:59,540
FROV00001,FrozenEngine,1527,07/15/2025, 01:25:33,540
FROV00001,FrozenEngine,1527,07/15/2025, 03:28:42,540
FROV00001,FrozenEngine,1527,07/15/2025, 04:37:19,540
FROV00001,FrozenEngine,1527,07/15/2025, 05:22:44,540
FROV00001,FrozenEngine,1527,07/15/2025, 06:27:29,540
FROV00001,FrozenEngine,1527,07/15/2025, 07:20:51,540
FROV00001,FrozenEngine,1527,07/15/2025, 08:24:12,540
FROV00001,FrozenEngine,1527,07/15/2025, 09:27:08,540
FROV00001,FrozenEngine,1527,07/15/2025, 11:16:13,540
FROV00001,FrozenEngine,1527,07/15/2025, 12:37:10,540
FROV00001,FrozenEngine,1527,07/15/2025, 13:35:48,540
FROV00001,FrozenEngine,1527,07/15/2025, 15:18:08,540
FROV00001,FrozenEngine,1527,07/15/2025, 16:23:01,540
FROV00001,FrozenEngine,1527,07/15/2025, 17:16:51,540
FROV00001,FrozenEngine,1527,07/15/2025, 18:26:13,540
FROV00001,FrozenEngine,1527,07/15/2025, 19:16:39,540
FROV00001,FrozenEngine,1528,07/15/2025, 20:20:34,540
FROV00001,FrozenEngine,1528,07/15/2025, 21:17:49,540
FROV00001,FrozenEngine,1528,07/15/2025, 22:18:22,540
FROV00001,FrozenEngine,1528,07/15/2025, 23:17:00,540
FROV00001,FrozenEngine,1528,07/16/2025, 01:22:56,540
FROV00001,FrozenEngine,1528,07/16/2025, 03:26:26,540
FROV00001,FrozenEngine,1530,07/16/2025, 04:36:43,540
FROV00001,FrozenEngine,1530,07/16/2025, 05:23:56,540
FROV00001,FrozenEngine,1530,07/16/2025, 06:26:32,540
FROV00001,FrozenEngine,1530,07/16/2025, 07:20:21,540
FROV00001,FrozenEngine,1530,07/16/2025, 08:24:19,540
FROV00001,FrozenEngine,1530,07/16/2025, 09:23:13,540
FROV00001,FrozenEngine,1530,07/16/2025, 10:19:47,540
FROV00001,FrozenEngine,1530,07/16/2025, 11:16:24,540
FROV00001,FrozenEngine,1530,07/16/2025, 12:37:37,540
FROV00001,FrozenEngine,1530,07/16/2025, 13:36:09,540
FROV00001,FrozenEngine,1530,07/16/2025, 14:17:25,540
FROV00001,FrozenEngine,1530,07/16/2025, 15:19:48,540
FROV00001,FrozenEngine,1530,07/16/2025, 17:19:05,540
FROV00001,FrozenEngine,1530,07/16/2025, 18:25:32,540
FROV00001,FrozenEngine,1532,07/16/2025, 19:16:18,540
FROV00001,FrozenEngine,1532,07/16/2025, 20:20:18,540
FROV00001,FrozenEngine,1532,07/16/2025, 21:18:15,540
FROV00001,FrozenEngine,1532,07/16/2025, 22:17:54,540
FROV00001,FrozenEngine,1532,07/16/2025, 23:17:57,540
FROV00001,FrozenEngine,1533,07/17/2025, 01:24:08,540
FROV00001,FrozenEngine,1533,07/17/2025, 03:26:18,540
FROV00001,FrozenEngine,1533,07/17/2025, 04:36:34,540
FROV00001,FrozenEngine,1533,07/17/2025, 05:23:30,540
FROV00001,FrozenEngine,1533,07/17/2025, 06:27:23,540
FROV00001,FrozenEngine,1533,07/17/2025, 07:20:28,540
FROV00001,FrozenEngine,1533,07/17/2025, 08:24:22,540
FROV00001,FrozenEngine,1533,07/17/2025, 10:20:32,540
FROV00001,FrozenEngine,1533,07/17/2025, 11:16:41,540
FROV00001,FrozenEngine,1534,07/17/2025, 12:36:19,540
FROV00001,FrozenEngine,1534,07/17/2025, 13:35:55,540
FROV00001,FrozenEngine,1534,07/17/2025, 14:17:03,540
FROV00001,FrozenEngine,1534,07/17/2025, 16:22:43,540
FROV00001,FrozenEngine,1534,07/17/2025, 17:17:46,540
FROV00001,FrozenEngine,1534,07/17/2025, 18:25:49,540
FROV00001,FrozenEngine,1534,07/17/2025, 19:16:37,540
FROV00001,FrozenEngine,1534,07/17/2025, 20:20:23,540
FROV00001,FrozenEngine,1534,07/17/2025, 21:17:17,540
FROV00001,FrozenEngine,1534,07/17/2025, 22:17:55,540
FROV00001,FrozenEngine,1534,07/17/2025, 23:18:47,540
FROV00001,FrozenEngine,1534,07/18/2025, 01:23:28,540
FROV00001,FrozenEngine,1534,07/18/2025, 03:27:53,540
FROV00001,FrozenEngine,1534,07/18/2025, 04:37:32,540
FROV00001,FrozenEngine,1534,07/18/2025, 05:24:24,540
FROV00001,FrozenEngine,1534,07/18/2025, 06:26:57,540
FROV00001,FrozenEngine,1534,07/18/2025, 08:24:30,540
FROV00001,FrozenEngine,1534,07/18/2025, 10:20:26,540
FROV00001,FrozenEngine,1534,07/18/2025, 11:16:07,540
FROV00001,FrozenEngine,1534,07/18/2025, 12:36:25,540
FROV00001,FrozenEngine,1534,07/18/2025, 13:35:43,540
FROV00001,FrozenEngine,1534,07/18/2025, 14:18:05,540
FROV00001,FrozenEngine,1534,07/18/2025, 15:19:03,540
FROV00001,FrozenEngine,1534,07/18/2025, 16:23:34,540
FROV00001,FrozenEngine,1534,07/18/2025, 17:19:11,540
FROV00001,FrozenEngine,1534,07/18/2025, 18:24:48,540
FROV00001,FrozenEngine,1534,07/18/2025, 19:16:06,540
FROV00001,FrozenEngine,1534,07/18/2025, 20:19:49,540
FROV00001,FrozenEngine,1534,07/18/2025, 21:17:36,540
FROV00001,FrozenEngine,1534,07/18/2025, 22:18:13,540
FROV00001,FrozenEngine,1534,07/18/2025, 23:17:47,540
FROV00001,FrozenEngine,1534,07/19/2025, 01:21:18,540
FROV00001,FrozenEngine,1534,07/19/2025, 03:21:31,540
FROV00001,FrozenEngine,1534,07/19/2025, 04:29:38,540
FROV00001,FrozenEngine,1534,07/19/2025, 05:20:30,540
FROV00001,FrozenEngine,1534,07/19/2025, 06:25:11,540
FROV00001,FrozenEngine,1534,07/19/2025, 07:17:01,540
FROV00001,FrozenEngine,1534,07/19/2025, 08:22:03,540
FROV00001,FrozenEngine,1534,07/19/2025, 09:17:33,540
FROV00001,FrozenEngine,1534,07/19/2025, 10:18:29,540
FROV00001,FrozenEngine,1534,07/19/2025, 11:15:26,540
FROV00001,FrozenEngine,1534,07/19/2025, 12:33:01,540
FROV00001,FrozenEngine,1534,07/19/2025, 13:28:19,540
FROV00001,FrozenEngine,1534,07/19/2025, 14:15:47,540
FROV00001,FrozenEngine,1534,07/19/2025, 15:17:30,540
FROV00001,FrozenEngine,1534,07/19/2025, 16:20:37,540
FROV00001,FrozenEngine,1534,07/19/2025, 18:23:12,540
FROV00001,FrozenEngine,1534,07/19/2025, 19:13:51,540
FROV00001,FrozenEngine,1534,07/19/2025, 20:19:01,540
FROV00001,FrozenEngine,1534,07/19/2025, 21:16:12,540
FROV00001,FrozenEngine,1534,07/19/2025, 22:16:59,540
FROV00001,FrozenEngine,1534,07/19/2025, 23:18:53,540
FROV00001,FrozenEngine,1534,07/20/2025, 01:39:31,540
FROV00001,FrozenEngine,1534,07/20/2025, 03:44:23,540
FROV00001,FrozenEngine,1534,07/20/2025, 04:40:20,540
FROV00001,FrozenEngine,1534,07/20/2025, 05:23:09,540
FROV00001,FrozenEngine,1534,07/20/2025, 06:24:54,540
FROV00001,FrozenEngine,1534,07/20/2025, 07:16:52,540
FROV00001,FrozenEngine,1534,07/20/2025, 08:21:48,540
FROV00001,FrozenEngine,1534,07/20/2025, 09:17:54,540
FROV00001,FrozenEngine,1534,07/20/2025, 10:18:54,540
FROV00001,FrozenEngine,1534,07/20/2025, 11:15:09,540
FROV00001,FrozenEngine,1534,07/20/2025, 12:33:36,540
FROV00001,FrozenEngine,1534,07/20/2025, 13:29:36,540
FROV00001,FrozenEngine,1534,07/20/2025, 14:15:59,540
FROV00001,FrozenEngine,1534,07/20/2025, 15:17:11,540
FROV00001,FrozenEngine,1534,07/20/2025, 16:20:37,540
FROV00001,FrozenEngine,1534,07/20/2025, 17:15:39,540
FROV00001,FrozenEngine,1534,07/20/2025, 18:23:28,540
FROV00001,FrozenEngine,1534,07/20/2025, 19:14:20,540
FROV00001,FrozenEngine,1534,07/20/2025, 21:16:27,540
FROV00001,FrozenEngine,1534,07/20/2025, 22:17:19,540
FROV00001,FrozenEngine,1534,07/20/2025, 23:18:38,540
FROV00001,FrozenEngine,1534,07/21/2025, 01:27:48,540
FROV00001,FrozenEngine,1534,07/21/2025, 04:41:06,540
FROV00001,FrozenEngine,1534,07/21/2025, 05:25:42,540
FROV00001,FrozenEngine,1534,07/21/2025, 06:28:04,540
FROV00001,FrozenEngine,1534,07/21/2025, 07:26:13,540
FROV00001,FrozenEngine,1534,07/21/2025, 08:27:33,540
FROV00001,FrozenEngine,1534,07/21/2025, 09:26:41,540
FROV00001,FrozenEngine,1534,07/21/2025, 10:20:42,540
FROV00001,FrozenEngine,1534,07/21/2025, 11:16:53,540
FROV00001,FrozenEngine,1534,07/21/2025, 12:38:02,540
FROV00001,FrozenEngine,1534,07/21/2025, 13:37:48,540
FROV00001,FrozenEngine,1534,07/21/2025, 14:20:24,540
FROV00001,FrozenEngine,1534,07/21/2025, 15:20:22,540
FROV00001,FrozenEngine,1534,07/21/2025, 16:22:13,540
FROV00001,FrozenEngine,1534,07/21/2025, 17:18:51,540
FROV00001,FrozenEngine,1534,07/21/2025, 18:26:57,540
FROV00001,FrozenEngine,1534,07/21/2025, 19:17:12,540
FROV00001,FrozenEngine,1534,07/21/2025, 20:20:39,540
FROV00001,FrozenEngine,1534,07/21/2025, 21:17:51,540
FROV00001,FrozenEngine,1534,07/21/2025, 22:18:36,540
FROV00001,FrozenEngine,1534,07/21/2025, 23:18:19,540
FROV00001,FrozenEngine,1534,07/22/2025, 01:23:54,540
FROV00001,FrozenEngine,1534,07/22/2025, 03:27:36,540
FROV00001,FrozenEngine,1534,07/22/2025, 04:37:27,540
FROV00001,FrozenEngine,1534,07/22/2025, 05:23:15,540
FROV00001,FrozenEngine,1534,07/22/2025, 06:26:55,540
FROV00001,FrozenEngine,1534,07/22/2025, 07:21:50,540
FROV00001,FrozenEngine,1534,07/22/2025, 08:25:39,540
FROV00001,FrozenEngine,1534,07/22/2025, 09:23:19,540
FROV00001,FrozenEngine,1534,07/22/2025, 10:20:21,540
FROV00001,FrozenEngine,1534,07/22/2025, 11:16:07,540
FROV00001,FrozenEngine,1534,07/22/2025, 12:37:06,540
FROV00001,FrozenEngine,1535,07/22/2025, 13:36:49,540
FROV00001,FrozenEngine,1535,07/22/2025, 14:19:50,540
FROV00001,FrozenEngine,1535,07/22/2025, 15:20:15,540
FROV00001,FrozenEngine,1535,07/22/2025, 16:23:01,540
FROV00001,FrozenEngine,1535,07/22/2025, 17:19:07,540
FROV00001,FrozenEngine,1535,07/22/2025, 18:26:08,540
FROV00001,FrozenEngine,1535,07/22/2025, 19:17:18,540
FROV00001,FrozenEngine,1535,07/22/2025, 21:17:29,540
FROV00001,FrozenEngine,1535,07/22/2025, 22:17:45,540
FROV00001,FrozenEngine,1535,07/22/2025, 23:18:04,540
FROV00001,FrozenEngine,1535,07/23/2025, 01:24:43,540
FROV00001,FrozenEngine,1535,07/23/2025, 03:29:36,540
FROV00001,FrozenEngine,1535,07/23/2025, 05:26:16,540
FROV00001,FrozenEngine,1535,07/23/2025, 06:28:05,540
FROV00001,FrozenEngine,1535,07/23/2025, 08:25:26,540
FROV00001,FrozenEngine,1535,07/23/2025, 10:20:24,540
FROV00001,FrozenEngine,1535,07/23/2025, 11:16:31,540
FROV00001,FrozenEngine,1536,07/23/2025, 12:37:39,540
FROV00001,FrozenEngine,1536,07/23/2025, 13:37:31,540
FROV00001,FrozenEngine,1536,07/23/2025, 14:20:25,540
FROV00001,FrozenEngine,1536,07/23/2025, 15:20:37,540
FROV00001,FrozenEngine,1536,07/23/2025, 16:23:09,540
FROV00001,FrozenEngine,1536,07/23/2025, 17:20:19,540
FROV00001,FrozenEngine,1536,07/23/2025, 18:26:13,540
FROV00001,FrozenEngine,1536,07/23/2025, 19:16:49,540
FROV00001,FrozenEngine,1536,07/23/2025, 20:20:35,540
FROV00001,FrozenEngine,1536,07/23/2025, 21:18:16,540
FROV00001,FrozenEngine,1536,07/23/2025, 22:18:10,540
FROV00001,FrozenEngine,1536,07/23/2025, 23:18:55,540
FROV00001,FrozenEngine,1536,07/24/2025, 01:24:03,540
FROV00001,FrozenEngine,1536,07/24/2025, 03:27:52,540
FROV00001,FrozenEngine,1536,07/24/2025, 04:37:54,540
FROV00001,FrozenEngine,1536,07/24/2025, 05:24:17,540
FROV00001,FrozenEngine,1536,07/24/2025, 07:22:01,540
FROV00001,FrozenEngine,1536,07/24/2025, 09:22:51,540
FROV00001,FrozenEngine,1536,07/24/2025, 10:20:14,540
FROV00001,FrozenEngine,1536,07/24/2025, 11:16:55,540
FROV00001,FrozenEngine,1536,07/24/2025, 12:37:23,540
FROV00001,FrozenEngine,1536,07/24/2025, 13:37:38,540
FROV00001,FrozenEngine,1536,07/24/2025, 14:20:06,540
FROV00001,FrozenEngine,1536,07/24/2025, 15:18:34,540
FROV00001,FrozenEngine,1536,07/24/2025, 16:20:56,540
FROV00001,FrozenEngine,1536,07/24/2025, 17:17:36,540
FROV00001,FrozenEngine,1536,07/24/2025, 18:26:13,540
FROV00001,FrozenEngine,1536,07/24/2025, 20:19:17,540
FROV00001,FrozenEngine,1536,07/24/2025, 21:18:15,540
FROV00001,FrozenEngine,1536,07/24/2025, 22:18:36,540
FROV00001,FrozenEngine,1536,07/24/2025, 23:18:40,540
FROV00001,FrozenEngine,1536,07/25/2025, 01:23:42,540
FROV00001,FrozenEngine,1536,07/25/2025, 03:27:58,540
FROV00001,FrozenEngine,1536,07/25/2025, 04:37:41,540
FROV00001,FrozenEngine,1536,07/25/2025, 05:25:38,540
FROV00001,FrozenEngine,1536,07/25/2025, 06:27:39,540
FROV00001,FrozenEngine,1536,07/25/2025, 08:24:13,540
FROV00001,FrozenEngine,1536,07/25/2025, 10:20:27,540
FROV00001,FrozenEngine,1536,07/25/2025, 11:16:55,540
FROV00001,FrozenEngine,1536,07/25/2025, 12:36:48,540
FROV00001,FrozenEngine,1536,07/25/2025, 13:36:10,540
FROV00001,FrozenEngine,1536,07/25/2025, 15:19:42,540
FROV00001,FrozenEngine,1536,07/25/2025, 17:18:47,540
FROV00001,FrozenEngine,1536,07/25/2025, 18:25:34,540
FROV00001,FrozenEngine,1536,07/25/2025, 19:16:40,540
FROV00001,FrozenEngine,1536,07/25/2025, 20:20:15,540
FROV00001,FrozenEngine,1536,07/25/2025, 21:17:27,540
FROV00001,FrozenEngine,1536,07/25/2025, 23:18:27,540
FROV00001,FrozenEngine,1536,07/26/2025, 01:21:47,540
FROV00001,FrozenEngine,1536,07/26/2025, 03:24:46,540
FROV00001,FrozenEngine,1536,07/26/2025, 04:34:42,540
FROV00001,FrozenEngine,1536,07/26/2025, 05:21:11,540
FROV00001,FrozenEngine,1536,07/26/2025, 06:25:08,540
FROV00001,FrozenEngine,1536,07/26/2025, 07:17:46,540
FROV00001,FrozenEngine,1536,07/26/2025, 08:22:16,540
FROV00001,FrozenEngine,1536,07/26/2025, 09:17:53,540
FROV00001,FrozenEngine,1536,07/26/2025, 10:18:20,540
FROV00001,FrozenEngine,1536,07/26/2025, 11:15:20,540
FROV00001,FrozenEngine,1536,07/26/2025, 12:33:28,540
FROV00001,FrozenEngine,1536,07/26/2025, 13:29:18,540
FROV00001,FrozenEngine,1536,07/26/2025, 14:16:25,540
FROV00001,FrozenEngine,1536,07/26/2025, 15:17:47,540
FROV00001,FrozenEngine,1536,07/26/2025, 16:20:34,540
FROV00001,FrozenEngine,1536,07/26/2025, 17:16:37,540
FROV00001,FrozenEngine,1536,07/26/2025, 18:23:39,540
FROV00001,FrozenEngine,1536,07/26/2025, 19:14:07,540
FROV00001,FrozenEngine,1536,07/26/2025, 20:18:56,540
FROV00001,FrozenEngine,1536,07/26/2025, 21:16:37,540
FROV00001,FrozenEngine,1536,07/26/2025, 22:17:07,540
FROV00001,FrozenEngine,1536,07/26/2025, 23:17:27,540
FROV00001,FrozenEngine,1536,07/27/2025, 03:45:50,540
FROV00001,FrozenEngine,1536,07/27/2025, 04:41:46,540
FROV00001,FrozenEngine,1536,07/27/2025, 05:24:12,540
FROV00001,FrozenEngine,1536,07/27/2025, 06:25:44,540
FROV00001,FrozenEngine,1536,07/27/2025, 07:17:26,540
FROV00001,FrozenEngine,1536,07/27/2025, 08:22:17,540
FROV00001,FrozenEngine,1536,07/27/2025, 09:18:48,540
FROV00001,FrozenEngine,1536,07/27/2025, 10:18:32,540
FROV00001,FrozenEngine,1536,07/27/2025, 11:14:58,540
FROV00001,FrozenEngine,1536,07/27/2025, 12:34:20,540
FROV00001,FrozenEngine,1536,07/27/2025, 13:29:51,540
FROV00001,FrozenEngine,1536,07/27/2025, 14:16:13,540
FROV00001,FrozenEngine,1536,07/27/2025, 15:17:46,540
FROV00001,FrozenEngine,1536,07/27/2025, 16:21:09,540
FROV00001,FrozenEngine,1536,07/27/2025, 17:15:24,540
FROV00001,FrozenEngine,1536,07/27/2025, 18:23:40,540
FROV00001,FrozenEngine,1536,07/27/2025, 21:16:51,540
FROV00001,FrozenEngine,1536,07/27/2025, 22:17:56,540
FROV00001,FrozenEngine,1536,07/27/2025, 23:18:23,540
FROV00001,FrozenEngine,1536,07/28/2025, 01:29:06,540
FROV00001,FrozenEngine,1536,07/28/2025, 03:44:20,540
FROV00001,FrozenEngine,1536,07/28/2025, 04:43:44,540
FROV00001,FrozenEngine,1536,07/28/2025, 06:29:18,540
FROV00001,FrozenEngine,1536,07/28/2025, 07:24:06,540
FROV00001,FrozenEngine,1536,07/28/2025, 08:27:27,540
FROV00001,FrozenEngine,1536,07/28/2025, 10:20:46,540
FROV00001,FrozenEngine,1536,07/28/2025, 11:16:43,540
FROV00001,FrozenEngine,1536,07/28/2025, 12:38:15,540
FROV00001,FrozenEngine,1536,07/28/2025, 13:38:14,540
FROV00001,FrozenEngine,1536,07/28/2025, 14:21:02,540
FROV00001,FrozenEngine,1536,07/28/2025, 15:20:30,540
FROV00001,FrozenEngine,1536,07/28/2025, 16:23:37,540
FROV00001,FrozenEngine,1536,07/28/2025, 17:20:58,540
FROV00001,FrozenEngine,1536,07/28/2025, 18:27:28,540
FROV00001,FrozenEngine,1536,07/28/2025, 19:18:11,540
FROV00001,FrozenEngine,1536,07/28/2025, 20:20:56,540
FROV00001,FrozenEngine,1536,07/28/2025, 21:17:55,540
FROV00001,FrozenEngine,1536,07/28/2025, 22:18:40,540
FROV00001,FrozenEngine,1536,07/28/2025, 23:18:49,540
FROV00001,FrozenEngine,1536,07/29/2025, 01:43:41,540
FROV00001,FrozenEngine,1536,07/29/2025, 03:48:20,540
FROV00001,FrozenEngine,1536,07/29/2025, 04:45:07,540
FROV00001,FrozenEngine,1536,07/29/2025, 05:26:33,540
FROV00001,FrozenEngine,1536,07/29/2025, 06:28:18,540
FROV00001,FrozenEngine,1536,07/29/2025, 07:23:01,540
FROV00001,FrozenEngine,1536,07/29/2025, 08:25:43,540
FROV00001,FrozenEngine,1536,07/29/2025, 09:24:25,540
FROV00001,FrozenEngine,1536,07/29/2025, 12:38:40,540
FROV00001,FrozenEngine,1536,07/29/2025, 13:39:52,540
FROV00001,FrozenEngine,1536,07/29/2025, 14:22:22,540
FROV00001,FrozenEngine,1536,07/29/2025, 16:22:09,540
FROV00001,FrozenEngine,1536,07/29/2025, 17:21:11,540
FROV00001,FrozenEngine,1536,07/29/2025, 18:27:40,540
FROV00001,FrozenEngine,1536,07/29/2025, 19:19:45,540
FROV00001,FrozenEngine,1536,07/29/2025, 20:21:13,540
FROV00001,FrozenEngine,1536,07/29/2025, 21:18:19,540
FROV00001,FrozenEngine,1536,07/29/2025, 22:18:29,540
FROV00001,FrozenEngine,1536,07/29/2025, 23:18:28,540
FROV00001,FrozenEngine,1536,07/30/2025, 01:25:44,540
FROV00001,FrozenEngine,1536,07/30/2025, 03:41:56,540
FROV00001,FrozenEngine,1536,07/30/2025, 04:41:30,540
FROV00001,FrozenEngine,1536,07/30/2025, 05:27:41,540
FROV00001,FrozenEngine,1536,07/30/2025, 07:23:18,540
FROV00001,FrozenEngine,1536,07/30/2025, 08:25:06,540
FROV00001,FrozenEngine,1536,07/30/2025, 09:25:53,540
FROV00001,FrozenEngine,1536,07/30/2025, 10:20:35,540
FROV00001,FrozenEngine,1536,07/30/2025, 11:17:19,540
FROV00001,FrozenEngine,1536,07/30/2025, 12:38:21,540
FROV00001,FrozenEngine,1536,07/30/2025, 14:19:39,540
FROV00001,FrozenEngine,1536,07/30/2025, 15:20:06,540
FROV00001,FrozenEngine,1536,07/30/2025, 16:23:00,540
FROV00001,FrozenEngine,1536,07/30/2025, 17:19:32,540
FROV00001,FrozenEngine,1536,07/30/2025, 18:26:42,540
FROV00001,FrozenEngine,1536,07/30/2025, 19:18:01,540
FROV00001,FrozenEngine,1536,07/30/2025, 20:19:23,540
FROV00001,FrozenEngine,1536,07/30/2025, 21:18:16,540
FROV00001,FrozenEngine,1536,07/30/2025, 22:18:34,540
FROV00001,FrozenEngine,1536,07/30/2025, 23:18:29,540
FROV00001,FrozenEngine,1536,07/31/2025, 01:25:32,540
FROV00001,FrozenEngine,1536,07/31/2025, 03:40:24,540
FROV00001,FrozenEngine,1536,07/31/2025, 04:40:07,540
FROV00001,FrozenEngine,1536,07/31/2025, 05:25:32,540
FROV00001,FrozenEngine,1536,07/31/2025, 06:28:32,540
FROV00001,FrozenEngine,1536,07/31/2025, 07:22:59,540
FROV00001,FrozenEngine,1536,07/31/2025, 08:25:48,540
FROV00001,FrozenEngine,1536,07/31/2025, 09:24:35,540
FROV00001,FrozenEngine,1536,07/31/2025, 10:20:10,540
FROV00001,FrozenEngine,1536,07/31/2025, 11:16:48,540
FROV00001,FrozenEngine,1536,07/31/2025, 13:37:31,540
FROV00001,FrozenEngine,1536,07/31/2025, 14:20:25,540
FROV00001,FrozenEngine,1536,07/31/2025, 15:20:07,540
FROV00001,FrozenEngine,1536,07/31/2025, 16:23:22,540
FROV00001,FrozenEngine,1536,07/31/2025, 17:19:07,540
FROV00001,FrozenEngine,1536,07/31/2025, 18:27:11,540
FROV00001,FrozenEngine,1536,07/31/2025, 19:18:14,540
FROV00001,FrozenEngine,1536,07/31/2025, 20:20:36,540
FROV00001,FrozenEngine,1536,07/31/2025, 21:17:51,540
FROV00001,FrozenEngine,1536,07/31/2025, 23:18:14,540
FROV00001,FrozenEngine,1536,08/01/2025, 01:43:44,540
FROV00001,FrozenEngine,1536,08/01/2025, 03:54:19,540
FROV00001,FrozenEngine,1536,08/01/2025, 04:52:42,540
FROV00001,FrozenEngine,1536,08/01/2025, 05:30:06,540
FROV00001,FrozenEngine,1536,08/01/2025, 06:29:30,540
FROV00001,FrozenEngine,1536,08/01/2025, 07:24:17,540
FROV00001,FrozenEngine,1536,08/01/2025, 08:25:13,540
FROV00001,FrozenEngine,1536,08/01/2025, 09:24:04,540
FROV00001,FrozenEngine,1536,08/01/2025, 10:20:35,540
FROV00001,FrozenEngine,1536,08/01/2025, 11:16:43,540
FROV00001,FrozenEngine,1536,08/01/2025, 12:37:09,540
FROV00001,FrozenEngine,1536,08/01/2025, 13:36:39,540
FROV00001,FrozenEngine,1536,08/01/2025, 14:20:32,540
FROV00001,FrozenEngine,1536,08/01/2025, 15:20:01,540
FROV00001,FrozenEngine,1536,08/01/2025, 16:23:17,540
FROV00001,FrozenEngine,1536,08/01/2025, 17:19:57,540
FROV00001,FrozenEngine,1536,08/01/2025, 18:25:49,540
FROV00001,FrozenEngine,1536,08/01/2025, 19:17:33,540
FROV00001,FrozenEngine,1536,08/01/2025, 20:20:39,540
FROV00001,FrozenEngine,1536,08/01/2025, 21:17:58,540
FROV00001,FrozenEngine,1536,08/01/2025, 22:18:33,540
FROV00001,FrozenEngine,1536,08/01/2025, 23:18:22,540
FROV00001,FrozenEngine,1536,08/02/2025, 01:22:06,540
FROV00001,FrozenEngine,1536,08/02/2025, 03:24:36,540
FROV00001,FrozenEngine,1536,08/02/2025, 04:33:59,540
FROV00001,FrozenEngine,1536,08/02/2025, 06:24:33,540
FROV00001,FrozenEngine,1536,08/02/2025, 07:17:23,540
FROV00001,FrozenEngine,1536,08/02/2025, 08:21:59,540
FROV00001,FrozenEngine,1536,08/02/2025, 09:20:06,540
FROV00001,FrozenEngine,1536,08/02/2025, 10:18:43,540
FROV00001,FrozenEngine,1536,08/02/2025, 11:15:35,540
FROV00001,FrozenEngine,1536,08/02/2025, 12:33:51,540
FROV00001,FrozenEngine,1539,08/02/2025, 13:29:34,540
FROV00001,FrozenEngine,1539,08/02/2025, 15:18:10,540
FROV00001,FrozenEngine,1539,08/02/2025, 16:20:55,540
FROV00001,FrozenEngine,1539,08/02/2025, 17:15:46,540
FROV00001,FrozenEngine,1539,08/02/2025, 18:24:39,540
FROV00001,FrozenEngine,1539,08/02/2025, 19:14:13,540
FROV00001,FrozenEngine,1539,08/02/2025, 20:18:57,540
FROV00001,FrozenEngine,1539,08/02/2025, 22:17:14,540
FROV00001,FrozenEngine,1539,08/02/2025, 23:18:50,540
FROV00001,FrozenEngine,1539,08/03/2025, 01:41:45,540
FROV00001,FrozenEngine,1539,08/03/2025, 03:49:21,540
FROV00001,FrozenEngine,1539,08/03/2025, 04:46:09,540
FROV00001,FrozenEngine,1539,08/03/2025, 05:25:46,540
FROV00001,FrozenEngine,1540,08/03/2025, 06:24:53,540
FROV00001,FrozenEngine,1540,08/03/2025, 07:17:24,540
FROV00001,FrozenEngine,1540,08/03/2025, 08:22:27,540
FROV00001,FrozenEngine,1540,08/03/2025, 09:18:30,540
FROV00001,FrozenEngine,1540,08/03/2025, 10:18:23,540
FROV00001,FrozenEngine,1540,08/03/2025, 11:16:07,540
FROV00001,FrozenEngine,1540,08/03/2025, 12:35:21,540
FROV00001,FrozenEngine,1540,08/03/2025, 13:31:22,540
FROV00001,FrozenEngine,1540,08/03/2025, 14:16:12,540
FROV00001,FrozenEngine,1540,08/03/2025, 15:18:02,540
FROV00001,FrozenEngine,1540,08/03/2025, 17:16:57,540
FROV00001,FrozenEngine,1540,08/03/2025, 18:24:59,540
FROV00001,FrozenEngine,1540,08/03/2025, 19:15:40,540
FROV00001,FrozenEngine,1540,08/03/2025, 20:20:15,540
FROV00001,FrozenEngine,1540,08/03/2025, 21:17:33,540
FROV00001,FrozenEngine,1540,08/03/2025, 22:18:03,540
FROV00001,FrozenEngine,1540,08/03/2025, 23:18:23,540
FROV00001,FrozenEngine,1540,08/04/2025, 01:41:22,540
FROV00001,FrozenEngine,1540,08/04/2025, 03:54:20,540
FROV00001,FrozenEngine,1540,08/04/2025, 04:55:47,540
FROV00001,FrozenEngine,1540,08/04/2025, 05:35:53,540
FROV00001,FrozenEngine,1540,08/04/2025, 06:34:26,540
FROV00001,FrozenEngine,1540,08/04/2025, 07:27:29,540
FROV00001,FrozenEngine,1540,08/04/2025, 08:27:13,540
FROV00001,FrozenEngine,1540,08/04/2025, 09:29:35,540
FROV00001,FrozenEngine,1540,08/04/2025, 10:22:04,540
FROV00001,FrozenEngine,1540,08/04/2025, 11:17:33,540
FROV00001,FrozenEngine,1540,08/04/2025, 12:39:17,540
FROV00001,FrozenEngine,1540,08/04/2025, 13:40:43,540
FROV00001,FrozenEngine,1540,08/04/2025, 14:23:21,540
FROV00001,FrozenEngine,1540,08/04/2025, 15:20:56,540
FROV00001,FrozenEngine,1540,08/04/2025, 16:24:43,540
FROV00001,FrozenEngine,1540,08/04/2025, 17:23:06,540
FROV00001,FrozenEngine,1540,08/04/2025, 18:28:05,540
FROV00001,FrozenEngine,1540,08/04/2025, 19:19:21,540
FROV00001,FrozenEngine,1540,08/04/2025, 20:21:08,540
FROV00001,FrozenEngine,1540,08/04/2025, 21:18:29,540
FROV00001,FrozenEngine,1540,08/04/2025, 22:19:00,540
FROV00001,FrozenEngine,1540,08/04/2025, 23:18:42,540
FROV00001,FrozenEngine,1540,08/05/2025, 01:27:23,540
FROV00001,FrozenEngine,1540,08/05/2025, 03:46:02,540
FROV00001,FrozenEngine,1540,08/05/2025, 04:45:15,540
FROV00001,FrozenEngine,1540,08/05/2025, 05:27:28,540
FROV00001,FrozenEngine,1540,08/05/2025, 06:30:00,540
FROV00001,FrozenEngine,1540,08/05/2025, 07:24:31,540
FROV00001,FrozenEngine,1540,08/05/2025, 08:26:04,540
FROV00001,FrozenEngine,1540,08/05/2025, 09:25:35,540
FROV00001,FrozenEngine,1540,08/05/2025, 10:21:06,540
FROV00001,FrozenEngine,1540,08/05/2025, 11:17:32,540
FROV00001,FrozenEngine,1541,08/05/2025, 12:39:18,540
FROV00001,FrozenEngine,1541,08/05/2025, 13:40:37,540
FROV00001,FrozenEngine,1541,08/05/2025, 14:23:26,540
FROV00001,FrozenEngine,1541,08/05/2025, 15:22:01,540
FROV00001,FrozenEngine,1541,08/05/2025, 16:20:23,540
FROV00001,FrozenEngine,1542,08/05/2025, 17:17:54,540
FROV00001,FrozenEngine,1542,08/05/2025, 18:29:01,540
FROV00001,FrozenEngine,1542,08/05/2025, 19:20:42,540
FROV00001,FrozenEngine,1542,08/05/2025, 20:19:34,540
FROV00001,FrozenEngine,1542,08/05/2025, 21:18:33,540
FROV00001,FrozenEngine,1542,08/05/2025, 22:19:36,540
FROV00001,FrozenEngine,1542,08/05/2025, 23:18:37,540
FROV00001,FrozenEngine,1542,08/06/2025, 01:25:41,540
FROV00001,FrozenEngine,1542,08/06/2025, 03:43:08,540
FROV00001,FrozenEngine,1542,08/06/2025, 04:42:43,540
FROV00001,FrozenEngine,1542,08/06/2025, 05:28:57,540
FROV00001,FrozenEngine,1542,08/06/2025, 06:29:58,540
FROV00001,FrozenEngine,1542,08/06/2025, 07:24:09,540
FROV00001,FrozenEngine,1542,08/06/2025, 08:25:41,540
FROV00001,FrozenEngine,1542,08/06/2025, 09:26:13,540
FROV00001,FrozenEngine,1542,08/06/2025, 10:20:51,540
FROV00001,FrozenEngine,1542,08/06/2025, 11:17:29,540
FROV00001,FrozenEngine,1542,08/06/2025, 12:39:21,540
FROV00001,FrozenEngine,1542,08/06/2025, 13:41:20,540
FROV00001,FrozenEngine,1542,08/06/2025, 14:22:06,540
FROV00001,FrozenEngine,1542,08/06/2025, 15:21:11,540
FROV00001,FrozenEngine,1542,08/06/2025, 16:24:09,540
FROV00001,FrozenEngine,1542,08/06/2025, 17:21:20,540
FROV00001,FrozenEngine,1542,08/06/2025, 18:27:18,540
FROV00001,FrozenEngine,1542,08/06/2025, 19:18:12,540
FROV00001,FrozenEngine,1542,08/06/2025, 20:20:43,540
FROV00001,FrozenEngine,1542,08/06/2025, 21:16:26,540
FROV00001,FrozenEngine,1542,08/06/2025, 22:19:33,540
FROV00001,FrozenEngine,1542,08/06/2025, 23:19:17,540
FROV00001,FrozenEngine,1542,08/07/2025, 01:26:17,540
FROV00001,FrozenEngine,1542,08/07/2025, 03:43:00,540
FROV00001,FrozenEngine,1542,08/07/2025, 04:42:18,540
FROV00001,FrozenEngine,1542,08/07/2025, 05:27:21,540
FROV00001,FrozenEngine,1542,08/07/2025, 06:29:10,540
FROV00001,FrozenEngine,1542,08/07/2025, 07:24:07,540
FROV00001,FrozenEngine,1542,08/07/2025, 08:25:35,540
FROV00001,FrozenEngine,1542,08/07/2025, 09:24:56,540
FROV00001,FrozenEngine,1542,08/07/2025, 11:17:43,540
FROV00001,FrozenEngine,1542,08/07/2025, 12:38:35,540
FROV00001,FrozenEngine,1542,08/07/2025, 13:39:28,540
FROV00001,FrozenEngine,1542,08/07/2025, 14:22:12,540
FROV00001,FrozenEngine,1542,08/07/2025, 15:21:05,540
FROV00001,FrozenEngine,1542,08/07/2025, 16:24:17,540
FROV00001,FrozenEngine,1542,08/07/2025, 17:20:26,540
FROV00001,FrozenEngine,1542,08/07/2025, 18:28:29,540
FROV00001,FrozenEngine,1542,08/07/2025, 20:20:32,540
FROV00001,FrozenEngine,1542,08/07/2025, 22:19:01,540
FROV00001,FrozenEngine,1542,08/07/2025, 23:19:05,540
FROV00001,FrozenEngine,1542,08/08/2025, 01:25:52,540
FROV00001,FrozenEngine,1542,08/08/2025, 03:42:42,540
FROV00001,FrozenEngine,1542,08/08/2025, 04:42:25,540
FROV00001,FrozenEngine,1542,08/08/2025, 05:27:22,540
FROV00001,FrozenEngine,1542,08/08/2025, 06:29:10,540
FROV00001,FrozenEngine,1542,08/08/2025, 07:24:04,540
FROV00001,FrozenEngine,1542,08/08/2025, 08:25:50,540
FROV00001,FrozenEngine,1542,08/08/2025, 09:24:47,540
FROV00001,FrozenEngine,1542,08/08/2025, 11:16:45,540
FROV00001,FrozenEngine,1542,08/08/2025, 12:37:47,540
FROV00001,FrozenEngine,1542,08/08/2025, 13:37:47,540
FROV00001,FrozenEngine,1542,08/08/2025, 14:20:40,540
FROV00001,FrozenEngine,1542,08/08/2025, 15:19:36,540
FROV00001,FrozenEngine,1542,08/08/2025, 16:21:18,540
FROV00001,FrozenEngine,1542,08/08/2025, 17:14:30,540
FROV00001,FrozenEngine,1542,08/08/2025, 18:24:35,540
FROV00001,FrozenEngine,1542,08/08/2025, 19:15:23,540
FROV00001,FrozenEngine,1542,08/08/2025, 20:19:53,540
FROV00001,FrozenEngine,1542,08/08/2025, 21:17:07,540
FROV00001,FrozenEngine,1542,08/08/2025, 22:17:31,540
FROV00001,FrozenEngine,1542,08/08/2025, 23:17:41,540
FROV00001,FrozenEngine,1542,08/09/2025, 01:19:27,540
FROV00001,FrozenEngine,1542,08/09/2025, 03:18:43,540
FROV00001,FrozenEngine,1542,08/09/2025, 04:27:35,540
FROV00001,FrozenEngine,1542,08/09/2025, 05:17:49,540
FROV00001,FrozenEngine,1542,08/09/2025, 07:16:28,540
FROV00001,FrozenEngine,1542,08/09/2025, 08:21:56,540
FROV00001,FrozenEngine,1542,08/09/2025, 09:17:39,540
FROV00001,FrozenEngine,1542,08/09/2025, 10:17:30,540
FROV00001,FrozenEngine,1542,08/09/2025, 11:15:14,540
FROV00001,FrozenEngine,1542,08/09/2025, 12:33:20,540
FROV00001,FrozenEngine,1542,08/09/2025, 13:27:53,540
FROV00001,FrozenEngine,1542,08/09/2025, 14:16:31,540
FROV00001,FrozenEngine,1542,08/09/2025, 15:17:24,540
FROV00001,FrozenEngine,1542,08/09/2025, 16:20:35,540
FROV00001,FrozenEngine,1542,08/09/2025, 17:15:06,540
FROV00001,FrozenEngine,1542,08/09/2025, 18:23:29,540
FROV00001,FrozenEngine,1542,08/09/2025, 19:13:34,540
FROV00001,FrozenEngine,1542,08/09/2025, 20:18:37,540
FROV00001,FrozenEngine,1542,08/09/2025, 21:16:18,540
FROV00001,FrozenEngine,1542,08/09/2025, 22:17:06,540
FROV00001,FrozenEngine,1542,08/09/2025, 23:16:57,540
FROV00001,FrozenEngine,1542,08/10/2025, 01:30:10,540
FROV00001,FrozenEngine,1542,08/10/2025, 04:38:48,540
FROV00001,FrozenEngine,1542,08/10/2025, 06:25:10,540
FROV00001,FrozenEngine,1542,08/10/2025, 07:16:21,540
FROV00001,FrozenEngine,1542,08/10/2025, 08:21:56,540
FROV00001,FrozenEngine,1543,08/10/2025, 09:17:46,540
FROV00001,FrozenEngine,1543,08/10/2025, 10:18:14,540
FROV00001,FrozenEngine,1543,08/10/2025, 11:14:55,540
FROV00001,FrozenEngine,1543,08/10/2025, 12:33:42,540
FROV00001,FrozenEngine,1543,08/10/2025, 14:16:15,540
FROV00001,FrozenEngine,1543,08/10/2025, 15:17:25,540
FROV00001,FrozenEngine,1543,08/10/2025, 16:20:57,540
FROV00001,FrozenEngine,1543,08/10/2025, 17:15:00,540
FROV00001,FrozenEngine,1543,08/10/2025, 18:22:58,540
FROV00001,FrozenEngine,1543,08/10/2025, 19:14:03,540
FROV00001,FrozenEngine,1543,08/10/2025, 20:19:30,540
FROV00001,FrozenEngine,1543,08/10/2025, 21:16:19,540
FROV00001,FrozenEngine,1543,08/10/2025, 22:16:46,540
FROV00001,FrozenEngine,1543,08/10/2025, 23:17:02,540
FROV00001,FrozenEngine,1543,08/11/2025, 01:26:32,540
FROV00001,FrozenEngine,1543,08/11/2025, 03:41:48,540
FROV00001,FrozenEngine,1543,08/11/2025, 04:41:23,540
FROV00001,FrozenEngine,1543,08/11/2025, 05:26:09,540
FROV00001,FrozenEngine,1543,08/11/2025, 06:28:54,540
FROV00001,FrozenEngine,1543,08/11/2025, 07:23:21,540
FROV00001,FrozenEngine,1543,08/11/2025, 08:26:50,540
FROV00001,FrozenEngine,1543,08/11/2025, 10:20:50,540
FROV00001,FrozenEngine,1543,08/11/2025, 11:17:00,540
FROV00001,FrozenEngine,1543,08/11/2025, 12:37:58,540
FROV00001,FrozenEngine,1543,08/11/2025, 13:36:51,540
FROV00001,FrozenEngine,1543,08/11/2025, 14:20:11,540
FROV00001,FrozenEngine,1544,08/11/2025, 15:19:54,540
FROV00001,FrozenEngine,1544,08/11/2025, 16:22:42,540
FROV00001,FrozenEngine,1544,08/11/2025, 17:19:04,540
FROV00001,FrozenEngine,1544,08/11/2025, 18:27:00,540
FROV00001,FrozenEngine,1544,08/11/2025, 19:17:13,540
FROV00001,FrozenEngine,1544,08/11/2025, 20:18:42,540
FROV00001,FrozenEngine,1544,08/11/2025, 21:17:08,540
FROV00001,FrozenEngine,1544,08/11/2025, 22:17:09,540
FROV00001,FrozenEngine,1544,08/11/2025, 23:16:52,540
FROV00001,FrozenEngine,1544,08/12/2025, 01:18:35,540
FROV00001,FrozenEngine,1544,08/12/2025, 03:15:53,540
FROV00001,FrozenEngine,1544,08/12/2025, 04:26:14,540
FROV00001,FrozenEngine,1544,08/12/2025, 06:26:54,540
FROV00001,FrozenEngine,1544,08/12/2025, 07:18:54,540
FROV00001,FrozenEngine,1544,08/12/2025, 08:23:48,540
FROV00001,FrozenEngine,1544,08/12/2025, 09:20:31,540
FROV00001,FrozenEngine,1544,08/12/2025, 10:19:51,540
FROV00001,FrozenEngine,1544,08/12/2025, 11:16:20,540
FROV00001,FrozenEngine,1544,08/12/2025, 12:35:44,540
FROV00001,FrozenEngine,1545,08/12/2025, 13:33:13,540
FROV00001,FrozenEngine,1545,08/12/2025, 15:19:33,540
FROV00001,FrozenEngine,1545,08/12/2025, 16:22:31,540
FROV00001,FrozenEngine,1545,08/12/2025, 17:17:34,540
FROV00001,FrozenEngine,1545,08/12/2025, 18:26:48,540
FROV00001,FrozenEngine,1545,08/12/2025, 19:15:12,540
FROV00001,FrozenEngine,1545,08/12/2025, 20:20:29,540
FROV00001,FrozenEngine,1545,08/12/2025, 21:17:09,540
FROV00001,FrozenEngine,1545,08/12/2025, 22:16:52,540
FROV00001,FrozenEngine,1545,08/13/2025, 01:19:51,540
FROV00001,FrozenEngine,1545,08/13/2025, 03:18:51,540
FROV00001,FrozenEngine,1545,08/13/2025, 04:28:40,540
FROV00001,FrozenEngine,1545,08/13/2025, 05:19:14,540
FROV00001,FrozenEngine,1545,08/13/2025, 06:27:10,540
FROV00001,FrozenEngine,1545,08/13/2025, 07:19:39,540
FROV00001,FrozenEngine,1545,08/13/2025, 08:23:54,540
FROV00001,FrozenEngine,1546,08/13/2025, 09:20:57,540
FROV00001,FrozenEngine,1546,08/13/2025, 10:19:49,540
FROV00001,FrozenEngine,1546,08/13/2025, 11:16:39,540
FROV00001,FrozenEngine,1546,08/13/2025, 12:36:21,540
FROV00001,FrozenEngine,1546,08/13/2025, 13:34:06,540
FROV00001,FrozenEngine,1546,08/13/2025, 14:18:29,540
FROV00001,FrozenEngine,1546,08/13/2025, 15:15:50,540
FROV00001,FrozenEngine,1546,08/13/2025, 16:19:17,540
FROV00001,FrozenEngine,1546,08/13/2025, 17:14:56,540
FROV00001,FrozenEngine,1546,08/13/2025, 18:25:05,540
FROV00001,FrozenEngine,1546,08/13/2025, 19:14:56,540
FROV00001,FrozenEngine,1546,08/13/2025, 20:19:21,540
FROV00001,FrozenEngine,1546,08/13/2025, 21:16:57,540
FROV00001,FrozenEngine,1546,08/13/2025, 22:17:54,540
FROV00001,FrozenEngine,1546,08/13/2025, 23:17:12,540
FROV00001,FrozenEngine,1546,08/14/2025, 01:20:20,540
FROV00001,FrozenEngine,1546,08/14/2025, 03:19:02,540
FROV00001,FrozenEngine,1546,08/14/2025, 04:28:33,540
FROV00001,FrozenEngine,1546,08/14/2025, 05:19:09,540
FROV00001,FrozenEngine,1546,08/14/2025, 06:27:41,540
FROV00001,FrozenEngine,1546,08/14/2025, 07:19:39,540
FROV00001,FrozenEngine,1546,08/14/2025, 08:24:34,540
FROV00001,FrozenEngine,1546,08/14/2025, 09:21:11,540
FROV00001,FrozenEngine,1546,08/14/2025, 10:20:16,540
FROV00001,FrozenEngine,1546,08/14/2025, 11:16:11,540
FROV00001,FrozenEngine,1546,08/14/2025, 12:36:57,540
FROV00001,FrozenEngine,1546,08/14/2025, 13:34:36,540
FROV00001,FrozenEngine,1546,08/14/2025, 14:18:19,540
FROV00001,FrozenEngine,1546,08/14/2025, 15:19:18,540
FROV00001,FrozenEngine,1546,08/14/2025, 16:22:52,540
FROV00001,FrozenEngine,1546,08/14/2025, 17:16:45,540
FROV00001,FrozenEngine,1546,08/14/2025, 18:25:48,540
FROV00001,FrozenEngine,1546,08/14/2025, 19:15:40,540
FROV00001,FrozenEngine,1546,08/14/2025, 20:20:11,540
FROV00001,FrozenEngine,1546,08/14/2025, 21:17:09,540
FROV00001,FrozenEngine,1546,08/14/2025, 22:16:53,540
FROV00001,FrozenEngine,1546,08/14/2025, 23:17:07,540
FROV00001,FrozenEngine,1546,08/15/2025, 01:20:56,540
FROV00001,FrozenEngine,1546,08/15/2025, 03:20:13,540
FROV00001,FrozenEngine,1546,08/15/2025, 04:29:12,540
FROV00001,FrozenEngine,1546,08/15/2025, 05:19:21,540
FROV00001,FrozenEngine,1546,08/15/2025, 06:27:05,540
FROV00001,FrozenEngine,1546,08/15/2025, 07:18:18,540
FROV00001,FrozenEngine,1546,08/15/2025, 08:23:13,540
FROV00001,FrozenEngine,1546,08/15/2025, 09:19:14,540
FROV00001,FrozenEngine,1546,08/15/2025, 10:18:44,540
FROV00001,FrozenEngine,1546,08/15/2025, 11:15:27,540
FROV00001,FrozenEngine,1546,08/15/2025, 12:33:50,540
FROV00001,FrozenEngine,1546,08/15/2025, 13:29:45,540
FROV00001,FrozenEngine,1546,08/15/2025, 14:17:36,540
FROV00001,FrozenEngine,1546,08/15/2025, 15:18:15,540
FROV00001,FrozenEngine,1546,08/15/2025, 16:21:29,540
FROV00001,FrozenEngine,1546,08/15/2025, 17:16:01,540
FROV00001,FrozenEngine,1546,08/15/2025, 18:25:07,540
FROV00001,FrozenEngine,1546,08/15/2025, 19:14:33,540
FROV00001,FrozenEngine,1546,08/15/2025, 20:19:34,540
FROV00001,FrozenEngine,1546,08/15/2025, 21:14:42,540
FROV00001,FrozenEngine,1546,08/15/2025, 22:17:00,540
FROV00001,FrozenEngine,1546,08/15/2025, 23:17:15,540
FROV00001,FrozenEngine,1546,08/16/2025, 01:16:41,540
FROV00001,FrozenEngine,1546,08/16/2025, 03:13:16,540
FROV00001,FrozenEngine,1546,08/16/2025, 04:22:40,540
FROV00001,FrozenEngine,1546,08/16/2025, 05:17:14,540
FROV00001,FrozenEngine,1546,08/16/2025, 06:23:49,540
FROV00001,FrozenEngine,1546,08/16/2025, 07:16:03,540
FROV00001,FrozenEngine,1546,08/16/2025, 08:21:31,540
FROV00001,FrozenEngine,1546,08/16/2025, 09:17:32,540
FROV00001,FrozenEngine,1546,08/16/2025, 10:17:16,540
FROV00001,FrozenEngine,1546,08/16/2025, 11:14:19,540
FROV00001,FrozenEngine,1546,08/16/2025, 12:32:11,540
FROV00001,FrozenEngine,1546,08/16/2025, 13:25:38,540
FROV00001,FrozenEngine,1546,08/16/2025, 14:15:12,540
FROV00001,FrozenEngine,1546,08/16/2025, 15:16:10,540
FROV00001,FrozenEngine,1546,08/16/2025, 16:19:31,540
FROV00001,FrozenEngine,1546,08/16/2025, 17:14:30,540
FROV00001,FrozenEngine,1546,08/16/2025, 18:21:59,540
FROV00001,FrozenEngine,1546,08/16/2025, 19:13:51,540
FROV00001,FrozenEngine,1546,08/16/2025, 20:17:53,540
FROV00001,FrozenEngine,1546,08/16/2025, 21:15:55,540
FROV00001,FrozenEngine,1546,08/16/2025, 22:16:02,540
FROV00001,FrozenEngine,1546,08/16/2025, 23:16:08,540
FROV00001,FrozenEngine,1546,08/17/2025, 01:25:36,540
FROV00001,FrozenEngine,1546,08/17/2025, 03:24:45,540
FROV00001,FrozenEngine,1546,08/17/2025, 04:30:54,540
FROV00001,FrozenEngine,1546,08/17/2025, 05:18:00,540
FROV00001,FrozenEngine,1548,08/17/2025, 06:24:58,540
FROV00001,FrozenEngine,1548,08/17/2025, 07:15:55,540
FROV00001,FrozenEngine,1548,08/17/2025, 08:22:06,540
FROV00001,FrozenEngine,1548,08/17/2025, 09:17:26,540
FROV00001,FrozenEngine,1548,08/17/2025, 10:17:33,540
FROV00001,FrozenEngine,1548,08/17/2025, 11:14:06,540
FROV00001,FrozenEngine,1548,08/17/2025, 12:32:57,540
FROV00001,FrozenEngine,1548,08/17/2025, 13:26:47,540
FROV00001,FrozenEngine,1548,08/17/2025, 14:15:45,540
FROV00001,FrozenEngine,1548,08/17/2025, 15:16:45,540
FROV00001,FrozenEngine,1548,08/17/2025, 16:20:07,540
FROV00001,FrozenEngine,1548,08/17/2025, 17:15:18,540
FROV00001,FrozenEngine,1548,08/17/2025, 18:23:03,540
FROV00001,FrozenEngine,1548,08/17/2025, 19:13:53,540
FROV00001,FrozenEngine,1548,08/17/2025, 20:18:58,540
FROV00001,FrozenEngine,1548,08/17/2025, 21:15:54,540
FROV00001,FrozenEngine,1548,08/17/2025, 22:17:04,540
FROV00001,FrozenEngine,1548,08/17/2025, 23:16:55,540
FROV00001,FrozenEngine,1548,08/18/2025, 01:24:50,540
FROV00001,FrozenEngine,1548,08/18/2025, 03:28:23,540
FROV00001,FrozenEngine,1548,08/18/2025, 04:37:28,540
FROV00001,FrozenEngine,1548,08/18/2025, 05:22:30,540
FROV00001,FrozenEngine,1548,08/18/2025, 06:28:58,540
FROV00001,FrozenEngine,1549,08/18/2025, 07:21:39,540
FROV00001,FrozenEngine,1549,08/18/2025, 08:26:09,540
FROV00001,FrozenEngine,1549,08/18/2025, 09:23:11,540
FROV00001,FrozenEngine,1549,08/18/2025, 10:20:25,540
FROV00001,FrozenEngine,1549,08/18/2025, 11:16:53,540
FROV00001,FrozenEngine,1549,08/18/2025, 12:37:09,540
FROV00001,FrozenEngine,1549,08/18/2025, 13:34:58,540
FROV00001,FrozenEngine,1549,08/18/2025, 14:19:08,540
FROV00001,FrozenEngine,1549,08/18/2025, 15:19:23,540
FROV00001,FrozenEngine,1549,08/18/2025, 16:22:31,540
FROV00001,FrozenEngine,1549,08/18/2025, 17:17:51,540
FROV00001,FrozenEngine,1549,08/18/2025, 18:25:54,540
FROV00001,FrozenEngine,1549,08/18/2025, 19:15:42,540
FROV00001,FrozenEngine,1549,08/18/2025, 20:18:36,540
FROV00001,FrozenEngine,1549,08/18/2025, 21:15:27,540
FROV00001,FrozenEngine,1549,08/18/2025, 22:15:38,540
FROV00001,FrozenEngine,1549,08/18/2025, 23:16:35,540
FROV00001,FrozenEngine,1549,08/19/2025, 01:17:02,540
FROV00001,FrozenEngine,1549,08/19/2025, 03:09:07,540
FROV00001,FrozenEngine,1549,08/19/2025, 04:20:40,540
FROV00001,FrozenEngine,1549,08/19/2025, 05:17:18,540
FROV00001,FrozenEngine,1549,08/19/2025, 06:25:52,540
FROV00001,FrozenEngine,1549,08/19/2025, 07:16:53,540
FROV00001,FrozenEngine,1549,08/19/2025, 08:22:33,540
FROV00001,FrozenEngine,1549,08/19/2025, 09:19:10,540
FROV00001,FrozenEngine,1549,08/19/2025, 10:18:42,540
FROV00001,FrozenEngine,1549,08/19/2025, 11:14:48,540
FROV00001,FrozenEngine,1549,08/19/2025, 12:34:10,540
FROV00001,FrozenEngine,1549,08/19/2025, 13:28:41,540
FROV00001,FrozenEngine,1549,08/19/2025, 14:17:12,540
FROV00001,FrozenEngine,1549,08/19/2025, 15:18:48,540
FROV00001,FrozenEngine,1549,08/19/2025, 16:21:40,540
FROV00001,FrozenEngine,1549,08/19/2025, 17:15:27,540
FROV00001,FrozenEngine,1549,08/19/2025, 18:22:46,540
FROV00001,FrozenEngine,1549,08/19/2025, 19:13:51,540
FROV00001,FrozenEngine,1549,08/19/2025, 20:19:15,540
FROV00001,FrozenEngine,1549,08/19/2025, 21:16:08,540
FROV00001,FrozenEngine,1549,08/19/2025, 22:16:40,540
FROV00001,FrozenEngine,1549,08/19/2025, 23:16:11,540
FROV00001,FrozenEngine,1549,08/20/2025, 01:14:59,540
FROV00001,FrozenEngine,1549,08/20/2025, 03:07:05,540
FROV00001,FrozenEngine,1549,08/20/2025, 04:21:07,540
FROV00001,FrozenEngine,1549,08/20/2025, 05:17:46,540
FROV00001,FrozenEngine,1549,08/20/2025, 06:26:11,540
FROV00001,FrozenEngine,1549,08/20/2025, 07:17:28,540
FROV00001,FrozenEngine,1549,08/20/2025, 08:22:27,540
FROV00001,FrozenEngine,1549,08/20/2025, 09:18:56,540
FROV00001,FrozenEngine,1549,08/20/2025, 10:18:29,540
FROV00001,FrozenEngine,1549,08/20/2025, 11:15:02,540
FROV00001,FrozenEngine,1549,08/20/2025, 12:34:12,540
FROV00001,FrozenEngine,1549,08/20/2025, 13:29:25,540
FROV00001,FrozenEngine,1549,08/20/2025, 14:18:24,540
FROV00001,FrozenEngine,1549,08/20/2025, 15:18:54,540
FROV00001,FrozenEngine,1549,08/20/2025, 16:21:34,540
FROV00001,FrozenEngine,1549,08/20/2025, 17:15:26,540
FROV00001,FrozenEngine,1549,08/20/2025, 18:24:26,540
FROV00001,FrozenEngine,1549,08/20/2025, 19:14:09,540
FROV00001,FrozenEngine,1549,08/20/2025, 20:19:20,540
FROV00001,FrozenEngine,1549,08/20/2025, 21:16:07,540
FROV00001,FrozenEngine,1549,08/20/2025, 22:16:17,540
FROV00001,FrozenEngine,1549,08/20/2025, 23:16:16,540
FROV00001,FrozenEngine,1549,08/21/2025, 01:14:00,540
FROV00001,FrozenEngine,1550,08/21/2025, 03:06:05,540
FROV00001,FrozenEngine,1550,08/21/2025, 04:20:39,540
FROV00001,FrozenEngine,1550,08/21/2025, 05:17:55,540
FROV00001,FrozenEngine,1550,08/21/2025, 06:35:28,540
FROV00001,FrozenEngine,1550,08/21/2025, 07:20:05,540
FROV00001,FrozenEngine,1550,08/21/2025, 08:22:41,540
FROV00001,FrozenEngine,1550,08/21/2025, 09:18:26,540
FROV00001,FrozenEngine,1550,08/21/2025, 10:18:27,540
FROV00001,FrozenEngine,1550,08/21/2025, 11:15:43,540
FROV00001,FrozenEngine,1550,08/21/2025, 12:33:47,540
FROV00001,FrozenEngine,1550,08/21/2025, 13:28:26,540
FROV00001,FrozenEngine,1550,08/21/2025, 14:17:51,540
FROV00001,FrozenEngine,1550,08/21/2025, 15:18:30,540
FROV00001,FrozenEngine,1550,08/21/2025, 16:30:14,540
FROV00001,FrozenEngine,1550,08/21/2025, 17:15:23,540
FROV00001,FrozenEngine,1550,08/21/2025, 18:24:34,540
FROV00001,FrozenEngine,1550,08/21/2025, 19:13:51,540
FROV00001,FrozenEngine,1550,08/21/2025, 20:18:19,540
FROV00001,FrozenEngine,1550,08/21/2025, 21:15:44,540
FROV00001,FrozenEngine,1550,08/21/2025, 22:17:13,540
FROV00001,FrozenEngine,1550,08/21/2025, 23:16:18,540
FROV00001,FrozenEngine,1550,08/22/2025, 01:14:58,540
FROV00001,FrozenEngine,1550,08/22/2025, 03:07:05,540
FROV00001,FrozenEngine,1550,08/22/2025, 04:19:57,540
FROV00001,FrozenEngine,1550,08/22/2025, 05:17:23,540
FROV00001,FrozenEngine,1550,08/22/2025, 06:25:33,540
FROV00001,FrozenEngine,1550,08/22/2025, 07:16:36,540
FROV00001,FrozenEngine,1550,08/22/2025, 08:22:16,540
FROV00001,FrozenEngine,1550,08/22/2025, 09:18:28,540
FROV00001,FrozenEngine,1550,08/22/2025, 10:18:30,540
FROV00001,FrozenEngine,1550,08/22/2025, 11:14:31,540
FROV00001,FrozenEngine,1550,08/22/2025, 12:33:23,540
FROV00001,FrozenEngine,1550,08/22/2025, 13:27:23,540
FROV00001,FrozenEngine,1550,08/22/2025, 14:16:46,540
FROV00001,FrozenEngine,1550,08/22/2025, 15:17:33,540
FROV00001,FrozenEngine,1550,08/22/2025, 16:20:13,540
FROV00001,FrozenEngine,1550,08/22/2025, 17:16:01,540
FROV00001,FrozenEngine,1550,08/22/2025, 18:23:13,540
FROV00001,FrozenEngine,1550,08/22/2025, 19:14:14,540
FROV00001,FrozenEngine,1550,08/22/2025, 20:18:50,540
FROV00001,FrozenEngine,1550,08/22/2025, 21:15:19,540
FROV00001,FrozenEngine,1550,08/22/2025, 22:15:46,540
FROV00001,FrozenEngine,1552,08/22/2025, 23:16:04,540
FROV00001,FrozenEngine,1552,08/23/2025, 01:12:37,540
FROV00001,FrozenEngine,1552,08/23/2025, 03:01:02,540
FROV00001,FrozenEngine,1552,08/23/2025, 03:39:07,540
FROV00001,FrozenEngine,1552,08/23/2025, 04:19:36,540
FROV00001,FrozenEngine,1552,08/23/2025, 05:16:09,540
FROV00001,FrozenEngine,1552,08/23/2025, 06:22:43,540
FROV00001,FrozenEngine,1552,08/23/2025, 07:15:10,540
FROV00001,FrozenEngine,1552,08/23/2025, 08:20:28,540
FROV00001,FrozenEngine,1552,08/23/2025, 09:16:02,540
FROV00001,FrozenEngine,1552,08/23/2025, 10:16:42,540
FROV00001,FrozenEngine,1552,08/23/2025, 11:13:08,540
FROV00001,FrozenEngine,1552,08/23/2025, 12:30:12,540
FROV00001,FrozenEngine,1552,08/23/2025, 13:23:50,540
FROV00001,FrozenEngine,1552,08/23/2025, 14:14:42,540
FROV00001,FrozenEngine,1552,08/23/2025, 15:15:06,540
FROV00001,FrozenEngine,1552,08/23/2025, 16:18:08,540
FROV00001,FrozenEngine,1552,08/23/2025, 17:13:35,540
FROV00001,FrozenEngine,1552,08/23/2025, 18:21:00,540
FROV00001,FrozenEngine,1552,08/23/2025, 19:12:59,540
FROV00001,FrozenEngine,1553,08/23/2025, 20:17:05,540
FROV00001,FrozenEngine,1553,08/23/2025, 21:15:02,540
FROV00001,FrozenEngine,1553,08/23/2025, 22:15:16,540
FROV00001,FrozenEngine,1553,08/23/2025, 23:15:44,540
FROV00001,FrozenEngine,1553,08/24/2025, 01:22:41,540
FROV00001,FrozenEngine,1553,08/24/2025, 03:17:45,540
FROV00001,FrozenEngine,1553,08/24/2025, 04:23:48,540
FROV00001,FrozenEngine,1553,08/24/2025, 05:16:57,540
FROV00001,FrozenEngine,1553,08/24/2025, 06:23:21,540
FROV00001,FrozenEngine,1553,08/24/2025, 07:15:55,540
FROV00001,FrozenEngine,1553,08/24/2025, 08:19:50,540
FROV00001,FrozenEngine,1553,08/24/2025, 09:16:15,540
FROV00001,FrozenEngine,1553,08/24/2025, 10:16:37,540
FROV00001,FrozenEngine,1553,08/24/2025, 11:13:36,540
FROV00001,FrozenEngine,1553,08/24/2025, 12:30:45,540
FROV00001,FrozenEngine,1553,08/24/2025, 13:24:18,540
FROV00001,FrozenEngine,1553,08/24/2025, 14:14:24,540
FROV00001,FrozenEngine,1553,08/24/2025, 15:15:57,540
FROV00001,FrozenEngine,1553,08/24/2025, 16:19:19,540
FROV00001,FrozenEngine,1553,08/24/2025, 17:14:26,540
FROV00001,FrozenEngine,1553,08/24/2025, 18:21:48,540
FROV00001,FrozenEngine,1553,08/24/2025, 19:13:38,540
FROV00001,FrozenEngine,1553,08/24/2025, 20:18:00,540
FROV00001,FrozenEngine,1553,08/24/2025, 21:14:57,540
FROV00001,FrozenEngine,1553,08/24/2025, 22:16:10,540
FROV00001,FrozenEngine,1553,08/24/2025, 23:15:35,540
FROV00001,FrozenEngine,1553,08/25/2025, 01:18:05,540
FROV00001,FrozenEngine,1553,08/25/2025, 03:14:09,540
FROV00001,FrozenEngine,1553,08/25/2025, 04:24:38,540
FROV00001,FrozenEngine,1553,08/25/2025, 05:18:34,540
FROV00001,FrozenEngine,1553,08/25/2025, 06:28:16,540
FROV00001,FrozenEngine,1554,08/25/2025, 07:18:10,540
FROV00001,FrozenEngine,1554,08/25/2025, 08:24:34,540
FROV00001,FrozenEngine,1554,08/25/2025, 09:19:55,540
FROV00001,FrozenEngine,1554,08/25/2025, 10:19:37,540
FROV00001,FrozenEngine,1554,08/25/2025, 11:15:44,540
FROV00001,FrozenEngine,1554,08/25/2025, 12:35:03,540
FROV00001,FrozenEngine,1554,08/25/2025, 13:29:34,540
FROV00001,FrozenEngine,1554,08/25/2025, 14:18:09,540
FROV00001,FrozenEngine,1554,08/25/2025, 15:18:24,540
FROV00001,FrozenEngine,1554,08/25/2025, 16:21:03,540
FROV00001,FrozenEngine,1554,08/25/2025, 17:14:13,540
FROV00001,FrozenEngine,1554,08/25/2025, 18:24:58,540
FROV00001,FrozenEngine,1554,08/25/2025, 19:14:10,540
FROV00001,FrozenEngine,1554,08/25/2025, 20:19:21,540
FROV00001,FrozenEngine,1554,08/25/2025, 21:16:19,540
FROV00001,FrozenEngine,1554,08/25/2025, 22:17:00,540
FROV00001,FrozenEngine,1554,08/25/2025, 23:16:23,540
FROV00001,FrozenEngine,1554,08/26/2025, 01:15:51,540
FROV00001,FrozenEngine,1554,08/26/2025, 03:08:06,540
FROV00001,FrozenEngine,1554,08/26/2025, 04:20:44,540
FROV00001,FrozenEngine,1554,08/26/2025, 05:17:54,540
FROV00001,FrozenEngine,1554,08/26/2025, 06:25:46,540
FROV00001,FrozenEngine,1554,08/26/2025, 07:17:34,540
FROV00001,FrozenEngine,1554,08/26/2025, 08:23:53,540
FROV00001,FrozenEngine,1554,08/26/2025, 09:19:28,540
FROV00001,FrozenEngine,1554,08/26/2025, 10:19:18,540
FROV00001,FrozenEngine,1554,08/26/2025, 11:15:59,540
FROV00001,FrozenEngine,1554,08/26/2025, 12:36:44,540
FROV00001,FrozenEngine,1554,08/26/2025, 13:31:29,540
FROV00001,FrozenEngine,1554,08/26/2025, 14:16:42,540
FROV00001,FrozenEngine,1554,08/26/2025, 15:18:25,540
FROV00001,FrozenEngine,1554,08/26/2025, 16:20:19,540
FROV00001,FrozenEngine,1554,08/26/2025, 17:15:14,540
FROV00001,FrozenEngine,1554,08/26/2025, 18:23:20,540
FROV00001,FrozenEngine,1554,08/26/2025, 19:13:31,540
FROV00001,FrozenEngine,1554,08/26/2025, 20:19:08,540
FROV00001,FrozenEngine,1554,08/26/2025, 21:15:24,540
FROV00001,FrozenEngine,1554,08/26/2025, 22:16:00,540
FROV00001,FrozenEngine,1554,08/26/2025, 23:15:18,540
FROV00001,FrozenEngine,1554,08/27/2025, 01:14:33,540
FROV00001,FrozenEngine,1554,08/27/2025, 03:01:28,540
FROV00001,FrozenEngine,1554,08/27/2025, 03:38:59,540
FROV00001,FrozenEngine,1554,08/27/2025, 04:20:21,540
FROV00001,FrozenEngine,1554,08/27/2025, 05:16:53,540
FROV00001,FrozenEngine,1554,08/27/2025, 06:24:15,540
FROV00001,FrozenEngine,1554,08/27/2025, 07:16:09,540
FROV00001,FrozenEngine,1554,08/27/2025, 08:22:01,540
FROV00001,FrozenEngine,1554,08/27/2025, 09:18:07,540
FROV00001,FrozenEngine,1554,08/27/2025, 10:17:37,540
FROV00001,FrozenEngine,1554,08/27/2025, 11:15:04,540
FROV00001,FrozenEngine,1554,08/27/2025, 12:33:37,540
FROV00001,FrozenEngine,1554,08/27/2025, 13:26:41,540
FROV00001,FrozenEngine,1554,08/27/2025, 14:17:21,540
FROV00001,FrozenEngine,1554,08/27/2025, 15:18:11,540
FROV00001,FrozenEngine,1554,08/27/2025, 16:20:46,540
FROV00001,FrozenEngine,1554,08/27/2025, 17:15:01,540
FROV00001,FrozenEngine,1554,08/27/2025, 18:23:02,540
FROV00001,FrozenEngine,1554,08/27/2025, 19:14:20,540
FROV00001,FrozenEngine,1554,08/27/2025, 20:18:53,540
FROV00001,FrozenEngine,1554,08/27/2025, 21:15:50,540
FROV00001,FrozenEngine,1554,08/27/2025, 22:15:47,540
FROV00001,FrozenEngine,1554,08/27/2025, 23:15:39,540
FROV00001,FrozenEngine,1554,08/28/2025, 01:13:00,540
FROV00001,FrozenEngine,1554,08/28/2025, 03:01:05,540
FROV00001,FrozenEngine,1554,08/28/2025, 03:39:03,540
FROV00001,FrozenEngine,1554,08/28/2025, 04:19:55,540
FROV00001,FrozenEngine,1554,08/28/2025, 05:17:00,540
FROV00001,FrozenEngine,1554,08/28/2025, 06:25:18,540
FROV00001,FrozenEngine,1554,08/28/2025, 07:17:12,540
FROV00001,FrozenEngine,1554,08/28/2025, 08:22:15,540
FROV00001,FrozenEngine,1554,08/28/2025, 09:18:05,540
FROV00001,FrozenEngine,1554,08/28/2025, 10:18:00,540
FROV00001,FrozenEngine,1554,08/28/2025, 11:14:20,540
FROV00001,FrozenEngine,1554,08/28/2025, 12:33:18,540
FROV00001,FrozenEngine,1554,08/28/2025, 13:28:03,540
FROV00001,FrozenEngine,1554,08/28/2025, 14:17:33,540
FROV00001,FrozenEngine,1554,08/28/2025, 15:17:42,540
FROV00001,FrozenEngine,1554,08/28/2025, 16:21:05,540
FROV00001,FrozenEngine,1554,08/28/2025, 17:14:46,540
FROV00001,FrozenEngine,1554,08/28/2025, 18:23:02,540
FROV00001,FrozenEngine,1554,08/28/2025, 19:14:18,540
FROV00001,FrozenEngine,1555,08/28/2025, 20:18:20,540
FROV00001,FrozenEngine,1555,08/28/2025, 21:15:28,540
FROV00001,FrozenEngine,1555,08/28/2025, 22:16:02,540
FROV00001,FrozenEngine,1555,08/28/2025, 23:15:43,540
FROV00001,FrozenEngine,1555,08/29/2025, 01:12:45,540
FROV00001,FrozenEngine,1555,08/29/2025, 03:01:27,540
FROV00001,FrozenEngine,1555,08/29/2025, 03:38:20,540
FROV00001,FrozenEngine,1555,08/29/2025, 04:20:34,540
FROV00001,FrozenEngine,1555,08/29/2025, 05:16:16,540
FROV00001,FrozenEngine,1555,08/29/2025, 06:24:21,540
FROV00001,FrozenEngine,1555,08/29/2025, 07:16:20,540
FROV00001,FrozenEngine,1555,08/29/2025, 08:21:22,540
FROV00001,FrozenEngine,1555,08/29/2025, 09:18:33,540
FROV00001,FrozenEngine,1555,08/29/2025, 10:17:21,540
FROV00001,FrozenEngine,1555,08/29/2025, 11:14:30,540
FROV00001,FrozenEngine,1555,08/29/2025, 12:32:31,540
FROV00001,FrozenEngine,1555,08/29/2025, 13:25:28,540
FROV00001,FrozenEngine,1555,08/29/2025, 14:16:07,540
FROV00001,FrozenEngine,1556,08/29/2025, 15:15:01,540
FROV00001,FrozenEngine,1556,08/29/2025, 16:20:50,540
FROV00001,FrozenEngine,1556,08/29/2025, 17:14:41,540
FROV00001,FrozenEngine,1556,08/29/2025, 18:22:42,540
FROV00001,FrozenEngine,1556,08/29/2025, 19:13:13,540
FROV00001,FrozenEngine,1556,08/29/2025, 20:17:38,540
FROV00001,FrozenEngine,1556,08/29/2025, 21:14:50,540
FROV00001,FrozenEngine,1556,08/29/2025, 22:15:43,540
FROV00001,FrozenEngine,1556,08/29/2025, 23:15:30,540
FROV00001,FrozenEngine,1556,08/30/2025, 01:09:31,540
FROV00001,FrozenEngine,1556,08/30/2025, 02:55:12,540
FROV00001,FrozenEngine,1556,08/30/2025, 03:28:15,540
FROV00001,FrozenEngine,1556,08/30/2025, 04:18:50,540
FROV00001,FrozenEngine,1556,08/30/2025, 05:15:24,540
FROV00001,FrozenEngine,1556,08/30/2025, 06:21:29,540
FROV00001,FrozenEngine,1556,08/30/2025, 07:14:21,540
FROV00001,FrozenEngine,1556,08/30/2025, 08:19:12,540
FROV00001,FrozenEngine,1556,08/30/2025, 09:15:22,540
FROV00001,FrozenEngine,1556,08/30/2025, 10:15:38,540
FROV00001,FrozenEngine,1556,08/30/2025, 11:12:57,540
FROV00001,FrozenEngine,1556,08/30/2025, 12:29:25,540
FROV00001,FrozenEngine,1556,08/30/2025, 13:21:08,540
FROV00001,FrozenEngine,1556,08/30/2025, 14:14:01,540
FROV00001,FrozenEngine,1556,08/30/2025, 15:15:20,540
FROV00001,FrozenEngine,1556,08/30/2025, 16:18:08,540
FROV00001,FrozenEngine,1556,08/30/2025, 17:13:14,540
FROV00001,FrozenEngine,1556,08/30/2025, 18:20:47,540
FROV00001,FrozenEngine,1556,08/30/2025, 19:12:24,540
FROV00001,FrozenEngine,1556,08/30/2025, 20:16:14,540
FROV00001,FrozenEngine,1556,08/30/2025, 21:14:03,540
FROV00001,FrozenEngine,1556,08/30/2025, 22:14:35,540
FROV00001,FrozenEngine,1556,08/30/2025, 23:14:45,540
FROV00001,FrozenEngine,1556,08/31/2025, 01:17:35,540
FROV00001,FrozenEngine,1556,08/31/2025, 03:05:16,540
FROV00001,FrozenEngine,1556,08/31/2025, 04:19:14,540
FROV00001,FrozenEngine,1556,08/31/2025, 05:15:28,540
FROV00001,FrozenEngine,1556,08/31/2025, 06:22:16,540
FROV00001,FrozenEngine,1556,08/31/2025, 07:15:25,540
FROV00001,FrozenEngine,1556,08/31/2025, 08:19:14,540
FROV00001,FrozenEngine,1556,08/31/2025, 09:15:06,540
FROV00001,FrozenEngine,1556,08/31/2025, 10:15:32,540
FROV00001,FrozenEngine,1556,08/31/2025, 11:13:23,540
FROV00001,FrozenEngine,1556,08/31/2025, 12:30:11,540
FROV00001,FrozenEngine,1556,08/31/2025, 13:21:49,540
FROV00001,FrozenEngine,1556,08/31/2025, 14:13:59,540
FROV00001,FrozenEngine,1556,08/31/2025, 15:15:33,540
FROV00001,FrozenEngine,1556,08/31/2025, 16:18:08,540
FROV00001,FrozenEngine,1556,08/31/2025, 17:13:30,540
FROV00001,FrozenEngine,1556,08/31/2025, 18:21:26,540
FROV00001,FrozenEngine,1556,08/31/2025, 19:13:17,540
FROV00001,FrozenEngine,1556,08/31/2025, 20:17:34,540
FROV00001,FrozenEngine,1556,08/31/2025, 21:14:36,540
FROV00001,FrozenEngine,1556,08/31/2025, 22:15:24,540
FROV00001,FrozenEngine,1556,08/31/2025, 23:15:06,540
FROV00001,FrozenEngine,1556,09/01/2025, 01:24:21,540
FROV00001,FrozenEngine,1556,09/01/2025, 03:19:57,540
FROV00001,FrozenEngine,1556,09/01/2025, 04:27:31,540
FROV00001,FrozenEngine,1556,09/01/2025, 05:17:52,540
FROV00001,FrozenEngine,1556,09/01/2025, 06:27:27,540
FROV00001,FrozenEngine,1556,09/01/2025, 07:18:48,540
FROV00001,FrozenEngine,1556,09/01/2025, 08:24:20,540
FROV00001,FrozenEngine,1556,09/01/2025, 09:20:50,540
FROV00001,FrozenEngine,1556,09/01/2025, 10:19:14,540
FROV00001,FrozenEngine,1556,09/01/2025, 11:14:38,540
FROV00001,FrozenEngine,1556,09/01/2025, 12:34:09,540
FROV00001,FrozenEngine,1556,09/01/2025, 13:26:59,540
FROV00001,FrozenEngine,1556,09/01/2025, 14:16:29,540
FROV00001,FrozenEngine,1557,09/01/2025, 15:16:34,540
FROV00001,FrozenEngine,1557,09/01/2025, 16:20:01,540
FROV00001,FrozenEngine,1557,09/01/2025, 17:14:23,540
FROV00001,FrozenEngine,1557,09/01/2025, 18:22:18,540
FROV00001,FrozenEngine,1557,09/01/2025, 19:13:17,540
FROV00001,FrozenEngine,1557,09/01/2025, 20:17:17,540
FROV00001,FrozenEngine,1557,09/01/2025, 21:14:43,540
FROV00001,FrozenEngine,1557,09/01/2025, 22:15:39,540
FROV00001,FrozenEngine,1558,09/01/2025, 23:15:30,540
FROV00001,FrozenEngine,1558,09/02/2025, 01:14:12,540
FROV00001,FrozenEngine,1558,09/02/2025, 03:05:04,540
FROV00001,FrozenEngine,1558,09/02/2025, 04:20:47,540
FROV00001,FrozenEngine,1558,09/02/2025, 05:17:17,540
FROV00001,FrozenEngine,1558,09/02/2025, 06:26:09,540
FROV00001,FrozenEngine,1558,09/02/2025, 07:16:50,540
FROV00001,FrozenEngine,1558,09/02/2025, 08:22:51,540
FROV00001,FrozenEngine,1558,09/02/2025, 09:18:36,540
FROV00001,FrozenEngine,1558,09/02/2025, 10:18:28,540
FROV00001,FrozenEngine,1558,09/02/2025, 11:14:26,540
FROV00001,FrozenEngine,1558,09/02/2025, 12:33:50,540
FROV00001,FrozenEngine,1558,09/02/2025, 13:28:13,540
FROV00001,FrozenEngine,1558,09/02/2025, 14:17:12,540
FROV00001,FrozenEngine,1558,09/02/2025, 15:18:00,540
FROV00001,FrozenEngine,1558,09/02/2025, 16:20:52,540
FROV00001,FrozenEngine,1558,09/02/2025, 17:14:36,540
FROV00001,FrozenEngine,1558,09/02/2025, 18:21:59,540
FROV00001,FrozenEngine,1558,09/02/2025, 19:13:39,540
FROV00001,FrozenEngine,1558,09/02/2025, 20:17:31,540
FROV00001,FrozenEngine,1558,09/02/2025, 21:14:40,540
FROV00001,FrozenEngine,1558,09/02/2025, 22:15:10,540
FROV00001,FrozenEngine,1558,09/02/2025, 23:14:23,540
FROV00001,FrozenEngine,1558,09/03/2025, 01:09:52,540
FROV00001,FrozenEngine,1558,09/03/2025, 02:53:51,540
FROV00001,FrozenEngine,1558,09/03/2025, 03:25:36,540
FROV00001,FrozenEngine,1558,09/03/2025, 04:19:58,540
FROV00001,FrozenEngine,1558,09/03/2025, 05:15:35,540
FROV00001,FrozenEngine,1558,09/03/2025, 06:23:23,540
FROV00001,FrozenEngine,1558,09/03/2025, 07:16:31,540
FROV00001,FrozenEngine,1558,09/03/2025, 08:21:22,540
FROV00001,FrozenEngine,1558,09/03/2025, 09:17:37,540
FROV00001,FrozenEngine,1558,09/03/2025, 10:16:41,540
FROV00001,FrozenEngine,1558,09/03/2025, 11:14:08,540
FROV00001,FrozenEngine,1558,09/03/2025, 12:32:41,540
FROV00001,FrozenEngine,1558,09/03/2025, 13:25:53,540
FROV00001,FrozenEngine,1558,09/03/2025, 14:16:29,540
FROV00001,FrozenEngine,1558,09/03/2025, 15:17:48,540
FROV00001,FrozenEngine,1558,09/03/2025, 16:20:21,540
FROV00001,FrozenEngine,1558,09/03/2025, 17:14:51,540
FROV00001,FrozenEngine,1558,09/03/2025, 18:22:19,540
FROV00001,FrozenEngine,1558,09/03/2025, 19:14:17,540
FROV00001,FrozenEngine,1558,09/03/2025, 20:17:30,540
FROV00001,FrozenEngine,1558,09/03/2025, 21:14:42,540
FROV00001,FrozenEngine,1558,09/03/2025, 22:14:45,540
FROV00001,FrozenEngine,1558,09/03/2025, 23:14:53,540
FROV00001,FrozenEngine,1558,09/04/2025, 01:09:33,540
FROV00001,FrozenEngine,1558,09/04/2025, 02:54:21,540
FROV00001,FrozenEngine,1558,09/04/2025, 03:26:49,540
FROV00001,FrozenEngine,1558,09/04/2025, 04:19:19,540
FROV00001,FrozenEngine,1558,09/04/2025, 05:16:09,540
FROV00001,FrozenEngine,1558,09/04/2025, 06:23:57,540
FROV00001,FrozenEngine,1558,09/04/2025, 07:16:10,540
FROV00001,FrozenEngine,1558,09/04/2025, 08:21:05,540
FROV00001,FrozenEngine,1559,09/04/2025, 09:17:32,540
FROV00001,FrozenEngine,1559,09/04/2025, 10:17:16,540
FROV00001,FrozenEngine,1559,09/04/2025, 11:13:56,540
FROV00001,FrozenEngine,1559,09/04/2025, 12:31:45,540
FROV00001,FrozenEngine,1559,09/04/2025, 13:25:27,540
FROV00001,FrozenEngine,1559,09/04/2025, 14:16:48,540
FROV00001,FrozenEngine,1559,09/04/2025, 15:17:06,540
FROV00001,FrozenEngine,1559,09/04/2025, 16:20:45,540
FROV00001,FrozenEngine,1559,09/04/2025, 17:14:37,540
FROV00001,FrozenEngine,1559,09/04/2025, 18:22:43,540
FROV00001,FrozenEngine,1559,09/04/2025, 19:14:10,540
FROV00001,FrozenEngine,1559,09/04/2025, 20:18:06,540
FROV00001,FrozenEngine,1559,09/04/2025, 21:15:29,540
FROV00001,FrozenEngine,1559,09/04/2025, 22:15:17,540
FROV00001,FrozenEngine,1559,09/04/2025, 23:15:19,540
FROV00001,FrozenEngine,1559,09/05/2025, 01:11:22,540
FROV00001,FrozenEngine,1559,09/05/2025, 02:57:24,540
FROV00001,FrozenEngine,1559,09/05/2025, 03:30:15,540
FROV00001,FrozenEngine,1559,09/05/2025, 04:19:58,540
FROV00001,FrozenEngine,1559,09/05/2025, 05:16:21,540
FROV00001,FrozenEngine,1559,09/05/2025, 06:24:08,540
FROV00001,FrozenEngine,1559,09/05/2025, 07:16:27,540
FROV00001,FrozenEngine,1559,09/05/2025, 08:21:10,540
FROV00001,FrozenEngine,1559,09/05/2025, 09:18:01,540
FROV00001,FrozenEngine,1559,09/05/2025, 10:17:55,540
FROV00001,FrozenEngine,1559,09/05/2025, 11:14:09,540
FROV00001,FrozenEngine,1559,09/05/2025, 12:31:32,540
FROV00001,FrozenEngine,1559,09/05/2025, 13:24:40,540
FROV00001,FrozenEngine,1559,09/05/2025, 14:15:26,540
FROV00001,FrozenEngine,1559,09/05/2025, 15:16:56,540
FROV00001,FrozenEngine,1559,09/05/2025, 16:20:19,540
FROV00001,FrozenEngine,1559,09/05/2025, 17:15:17,540
FROV00001,FrozenEngine,1559,09/05/2025, 18:21:38,540
FROV00001,FrozenEngine,1559,09/05/2025, 19:14:38,540
FROV00001,FrozenEngine,1559,09/05/2025, 20:17:44,540
FROV00001,FrozenEngine,1559,09/05/2025, 21:14:47,540
FROV00001,FrozenEngine,1559,09/05/2025, 22:15:27,540
FROV00001,FrozenEngine,1559,09/05/2025, 23:14:58,540
FROV00001,FrozenEngine,1559,09/06/2025, 01:09:26,540
FROV00001,FrozenEngine,1559,09/06/2025, 02:52:41,540
FROV00001,FrozenEngine,1559,09/06/2025, 03:24:47,540
FROV00001,FrozenEngine,1559,09/06/2025, 04:18:37,540
FROV00001,FrozenEngine,1559,09/06/2025, 05:14:40,540
FROV00001,FrozenEngine,1559,09/06/2025, 06:21:39,540
FROV00001,FrozenEngine,1559,09/06/2025, 07:14:37,540
FROV00001,FrozenEngine,1559,09/06/2025, 08:18:26,540
FROV00001,FrozenEngine,1559,09/06/2025, 09:15:09,540
FROV00001,FrozenEngine,1559,09/06/2025, 10:15:18,540
FROV00001,FrozenEngine,1559,09/06/2025, 11:12:42,540
FROV00001,FrozenEngine,1559,09/06/2025, 12:28:19,540
FROV00001,FrozenEngine,1559,09/06/2025, 13:19:12,540
FROV00001,FrozenEngine,1559,09/06/2025, 14:13:17,540
FROV00001,FrozenEngine,1559,09/06/2025, 15:14:11,540
FROV00001,FrozenEngine,1559,09/06/2025, 16:17:44,540
FROV00001,FrozenEngine,1559,09/06/2025, 17:13:10,540
FROV00001,FrozenEngine,1559,09/06/2025, 18:19:57,540
FROV00001,FrozenEngine,1559,09/06/2025, 19:11:56,540
FROV00001,FrozenEngine,1559,09/06/2025, 20:16:15,540
FROV00001,FrozenEngine,1559,09/06/2025, 21:13:37,540
FROV00001,FrozenEngine,1559,09/06/2025, 22:14:45,540
FROV00001,FrozenEngine,1559,09/06/2025, 23:14:21,540
FROV00001,FrozenEngine,1559,09/07/2025, 01:16:30,540
FROV00001,FrozenEngine,1559,09/07/2025, 03:01:22,540
FROV00001,FrozenEngine,1559,09/07/2025, 03:37:08,540
FROV00001,FrozenEngine,1559,09/07/2025, 04:18:50,540
FROV00001,FrozenEngine,1559,09/07/2025, 05:15:29,540
FROV00001,FrozenEngine,1559,09/07/2025, 06:21:47,540
FROV00001,FrozenEngine,1559,09/07/2025, 07:14:39,540
FROV00001,FrozenEngine,1559,09/07/2025, 08:18:43,540
FROV00001,FrozenEngine,1559,09/07/2025, 09:14:49,540
FROV00001,FrozenEngine,1559,09/07/2025, 10:15:43,540
FROV00001,FrozenEngine,1560,09/07/2025, 11:12:12,540
FROV00001,FrozenEngine,1560,09/07/2025, 12:28:55,540
FROV00001,FrozenEngine,1560,09/07/2025, 13:19:37,540
FROV00001,FrozenEngine,1560,09/07/2025, 14:13:27,540
FROV00001,FrozenEngine,1560,09/07/2025, 15:14:20,540
FROV00001,FrozenEngine,1560,09/07/2025, 16:17:41,540
FROV00001,FrozenEngine,1560,09/07/2025, 17:13:12,540
FROV00001,FrozenEngine,1560,09/07/2025, 18:19:50,540
FROV00001,FrozenEngine,1560,09/07/2025, 19:12:03,540
FROV00001,FrozenEngine,1560,09/07/2025, 20:16:19,540
FROV00001,FrozenEngine,1560,09/07/2025, 21:14:12,540
FROV00001,FrozenEngine,1560,09/07/2025, 22:14:39,540
FROV00001,FrozenEngine,1560,09/07/2025, 23:14:31,540
FROV00001,FrozenEngine,1560,09/08/2025, 01:15:08,540
FROV00001,FrozenEngine,1560,09/08/2025, 03:04:39,540
FROV00001,FrozenEngine,1560,09/08/2025, 04:20:28,540
FROV00001,FrozenEngine,1560,09/08/2025, 05:17:26,540
FROV00001,FrozenEngine,1560,09/08/2025, 06:25:57,540
FROV00001,FrozenEngine,1560,09/08/2025, 07:17:04,540
FROV00001,FrozenEngine,1560,09/08/2025, 08:23:20,540
FROV00001,FrozenEngine,1560,09/08/2025, 09:19:50,540
FROV00001,FrozenEngine,1560,09/08/2025, 10:18:52,540
FROV00001,FrozenEngine,1560,09/08/2025, 11:14:32,540
FROV00001,FrozenEngine,1560,09/08/2025, 12:34:40,540
FROV00001,FrozenEngine,1560,09/08/2025, 13:27:52,540
FROV00001,FrozenEngine,1561,09/08/2025, 14:17:45,540
FROV00001,FrozenEngine,1561,09/08/2025, 15:16:22,540
FROV00001,FrozenEngine,1561,09/08/2025, 16:19:42,540
FROV00001,FrozenEngine,1561,09/08/2025, 17:16:44,540
FROV00001,FrozenEngine,1561,09/08/2025, 18:23:49,540
FROV00001,FrozenEngine,1561,09/08/2025, 19:14:26,540
FROV00001,FrozenEngine,1561,09/08/2025, 20:17:52,540
FROV00001,FrozenEngine,1561,09/08/2025, 21:15:14,540
FROV00001,FrozenEngine,1561,09/08/2025, 22:15:59,540
FROV00001,FrozenEngine,1561,09/08/2025, 23:15:47,540
FROV00001,FrozenEngine,1561,09/09/2025, 01:12:19,540
FROV00001,FrozenEngine,1561,09/09/2025, 02:59:59,540
FROV00001,FrozenEngine,1561,09/09/2025, 03:36:25,540
FROV00001,FrozenEngine,1561,09/09/2025, 04:19:57,540
FROV00001,FrozenEngine,1561,09/09/2025, 05:16:35,540
FROV00001,FrozenEngine,1561,09/09/2025, 06:25:29,540
FROV00001,FrozenEngine,1561,09/09/2025, 07:16:45,540
FROV00001,FrozenEngine,1561,09/09/2025, 08:22:58,540
FROV00001,FrozenEngine,1561,09/09/2025, 09:19:17,540
FROV00001,FrozenEngine,1561,09/09/2025, 10:18:45,540
FROV00001,FrozenEngine,1561,09/09/2025, 11:14:48,540
FROV00001,FrozenEngine,1561,09/09/2025, 12:34:47,540
FROV00001,FrozenEngine,1561,09/09/2025, 13:29:30,540
FROV00001,FrozenEngine,1561,09/09/2025, 14:15:30,540
FROV00001,FrozenEngine,1561,09/09/2025, 15:18:50,540
FROV00001,FrozenEngine,1561,09/09/2025, 16:20:48,540
FROV00001,FrozenEngine,1561,09/09/2025, 17:15:01,540
FROV00001,FrozenEngine,1561,09/09/2025, 18:20:36,540
FROV00001,FrozenEngine,1561,09/09/2025, 19:13:20,540
FROV00001,FrozenEngine,1561,09/09/2025, 20:17:46,540
FROV00001,FrozenEngine,1561,09/09/2025, 21:14:17,540
FROV00001,FrozenEngine,1561,09/09/2025, 22:15:22,540
FROV00001,FrozenEngine,1561,09/09/2025, 23:14:53,540
FROV00001,FrozenEngine,1561,09/10/2025, 01:10:22,540
FROV00001,FrozenEngine,1561,09/10/2025, 02:54:02,540
FROV00001,FrozenEngine,1561,09/10/2025, 03:25:39,540
FROV00001,FrozenEngine,1561,09/10/2025, 04:19:29,540
FROV00001,FrozenEngine,1561,09/10/2025, 05:16:08,540
FROV00001,FrozenEngine,1562,09/10/2025, 06:24:27,540
FROV00001,FrozenEngine,1562,09/10/2025, 07:15:54,540
FROV00001,FrozenEngine,1562,09/10/2025, 08:21:46,540
FROV00001,FrozenEngine,1562,09/10/2025, 09:17:30,540
FROV00001,FrozenEngine,1562,09/10/2025, 10:17:02,540
FROV00001,FrozenEngine,1562,09/10/2025, 11:13:44,540
FROV00001,FrozenEngine,1562,09/10/2025, 12:32:41,540
FROV00001,FrozenEngine,1562,09/10/2025, 13:25:08,540
FROV00001,FrozenEngine,1562,09/10/2025, 14:16:00,540
FROV00001,FrozenEngine,1562,09/10/2025, 15:17:43,540
FROV00001,FrozenEngine,1562,09/10/2025, 16:20:08,540
FROV00001,FrozenEngine,1562,09/10/2025, 17:14:26,540
FROV00001,FrozenEngine,1562,09/10/2025, 18:23:15,540
FROV00001,FrozenEngine,1562,09/10/2025, 19:13:19,540
FROV00001,FrozenEngine,1562,09/10/2025, 20:18:48,540
FROV00001,FrozenEngine,1562,09/10/2025, 21:14:53,540
FROV00001,FrozenEngine,1562,09/10/2025, 22:15:16,540
FROV00001,FrozenEngine,1562,09/10/2025, 23:15:35,540
FROV00001,FrozenEngine,1562,09/11/2025, 01:12:02,540
FROV00001,FrozenEngine,1562,09/11/2025, 02:58:47,540
FROV00001,FrozenEngine,1562,09/11/2025, 03:33:06,540
FROV00001,FrozenEngine,1562,09/11/2025, 04:20:15,540
FROV00001,FrozenEngine,1562,09/11/2025, 05:16:40,540
FROV00001,FrozenEngine,1562,09/11/2025, 06:24:40,540
FROV00001,FrozenEngine,1562,09/11/2025, 07:16:08,540
FROV00001,FrozenEngine,1562,09/11/2025, 08:21:31,540
FROV00001,FrozenEngine,1562,09/11/2025, 09:17:16,540
FROV00001,FrozenEngine,1562,09/11/2025, 10:16:52,540
FROV00001,FrozenEngine,1562,09/11/2025, 11:13:37,540
FROV00001,FrozenEngine,1562,09/11/2025, 12:31:25,540
FROV00001,FrozenEngine,1562,09/11/2025, 13:22:30,540
FROV00001,FrozenEngine,1562,09/11/2025, 14:17:13,540
FROV00001,FrozenEngine,1562,09/11/2025, 15:16:33,540
FROV00001,FrozenEngine,1562,09/11/2025, 16:20:21,540
FROV00001,FrozenEngine,1562,09/11/2025, 17:14:12,540
FROV00001,FrozenEngine,1562,09/11/2025, 18:20:00,540
FROV00001,FrozenEngine,1562,09/11/2025, 19:12:51,540
FROV00001,FrozenEngine,1562,09/11/2025, 20:15:10,540
FROV00001,FrozenEngine,1562,09/11/2025, 21:14:47,540
FROV00001,FrozenEngine,1562,09/11/2025, 22:15:16,540
FROV00001,FrozenEngine,1562,09/11/2025, 23:15:34,540
FROV00001,FrozenEngine,1562,09/12/2025, 01:09:50,540
FROV00001,FrozenEngine,1562,09/12/2025, 02:53:26,540
FROV00001,FrozenEngine,1562,09/12/2025, 03:25:31,540
FROV00001,FrozenEngine,1562,09/12/2025, 04:18:58,540
FROV00001,FrozenEngine,1562,09/12/2025, 05:16:04,540
FROV00001,FrozenEngine,1562,09/12/2025, 06:24:10,540
FROV00001,FrozenEngine,1562,09/12/2025, 07:15:58,540
FROV00001,FrozenEngine,1562,09/12/2025, 08:20:40,540
FROV00001,FrozenEngine,1562,09/12/2025, 09:17:12,540
FROV00001,FrozenEngine,1562,09/12/2025, 10:17:37,540
FROV00001,FrozenEngine,1562,09/12/2025, 11:13:45,540
FROV00001,FrozenEngine,1562,09/12/2025, 12:31:07,540
FROV00001,FrozenEngine,1562,09/12/2025, 13:24:17,540
FROV00001,FrozenEngine,1562,09/12/2025, 14:15:46,540
FROV00001,FrozenEngine,1562,09/12/2025, 15:16:03,540
FROV00001,FrozenEngine,1562,09/12/2025, 16:17:05,540
FROV00001,FrozenEngine,1562,09/12/2025, 17:14:12,540
FROV00001,FrozenEngine,1562,09/12/2025, 18:19:45,540
FROV00001,FrozenEngine,1562,09/12/2025, 19:14:28,540
FROV00001,FrozenEngine,1562,09/12/2025, 20:17:57,540
FROV00001,FrozenEngine,1562,09/12/2025, 21:14:16,540
FROV00001,FrozenEngine,1562,09/12/2025, 22:14:52,540
FROV00001,FrozenEngine,1562,09/12/2025, 23:14:29,540
FROV00001,FrozenEngine,1562,09/13/2025, 01:06:46,540
FROV00001,FrozenEngine,1563,09/13/2025, 02:44:27,540
FROV00001,FrozenEngine,1563,09/13/2025, 03:19:34,540
FROV00001,FrozenEngine,1563,09/13/2025, 04:18:00,540
FROV00001,FrozenEngine,1563,09/13/2025, 05:14:45,540
FROV00001,FrozenEngine,1563,09/13/2025, 06:21:23,540
FROV00001,FrozenEngine,1563,09/13/2025, 07:13:41,540
FROV00001,FrozenEngine,1563,09/13/2025, 08:19:11,540
FROV00001,FrozenEngine,1563,09/13/2025, 09:15:00,540
FROV00001,FrozenEngine,1563,09/13/2025, 10:15:20,540
FROV00001,FrozenEngine,1563,09/13/2025, 11:12:07,540
FROV00001,FrozenEngine,1563,09/13/2025, 12:29:04,540
FROV00001,FrozenEngine,1563,09/13/2025, 13:18:47,540
FROV00001,FrozenEngine,1563,09/13/2025, 14:13:04,540
FROV00001,FrozenEngine,1563,09/13/2025, 15:13:50,540
FROV00001,FrozenEngine,1563,09/13/2025, 16:17:30,540
FROV00001,FrozenEngine,1563,09/13/2025, 17:12:35,540
FROV00001,FrozenEngine,1563,09/13/2025, 18:19:31,540
FROV00001,FrozenEngine,1563,09/13/2025, 19:12:08,540
FROV00001,FrozenEngine,1563,09/13/2025, 20:15:46,540
FROV00001,FrozenEngine,1563,09/13/2025, 21:13:13,540
FROV00001,FrozenEngine,1563,09/13/2025, 22:13:47,540
FROV00001,FrozenEngine,1563,09/13/2025, 23:14:16,540
FROV00001,FrozenEngine,1563,09/14/2025, 01:15:39,540
FROV00001,FrozenEngine,1563,09/14/2025, 03:01:10,540
FROV00001,FrozenEngine,1563,09/14/2025, 03:36:02,540
FROV00001,FrozenEngine,1563,09/14/2025, 04:19:12,540
FROV00001,FrozenEngine,1563,09/14/2025, 05:14:52,540
FROV00001,FrozenEngine,1563,09/14/2025, 06:21:54,540
FROV00001,FrozenEngine,1563,09/14/2025, 07:15:04,540
FROV00001,FrozenEngine,1563,09/14/2025, 08:19:10,540
FROV00001,FrozenEngine,1563,09/14/2025, 09:14:53,540
FROV00001,FrozenEngine,1563,09/14/2025, 10:14:36,540
FROV00001,FrozenEngine,1563,09/14/2025, 11:12:15,540
FROV00001,FrozenEngine,1564,09/14/2025, 12:28:26,540
FROV00001,FrozenEngine,1564,09/14/2025, 13:18:11,540
FROV00001,FrozenEngine,1564,09/14/2025, 14:13:30,540
FROV00001,FrozenEngine,1564,09/14/2025, 15:14:56,540
FROV00001,FrozenEngine,1564,09/14/2025, 16:17:05,540
FROV00001,FrozenEngine,1564,09/14/2025, 17:13:21,540
FROV00001,FrozenEngine,1564,09/14/2025, 18:19:50,540
FROV00001,FrozenEngine,1564,09/14/2025, 19:11:58,540
FROV00001,FrozenEngine,1564,09/14/2025, 20:16:21,540
FROV00001,FrozenEngine,1564,09/14/2025, 21:13:40,540
FROV00001,FrozenEngine,1564,09/14/2025, 22:14:26,540
FROV00001,FrozenEngine,1564,09/14/2025, 23:14:23,540
FROV00001,FrozenEngine,1564,09/15/2025, 01:16:01,540
FROV00001,FrozenEngine,1564,09/15/2025, 03:05:54,540
FROV00001,FrozenEngine,1564,09/15/2025, 04:20:11,540
FROV00001,FrozenEngine,1564,09/15/2025, 05:16:47,540
FROV00001,FrozenEngine,1564,09/15/2025, 06:26:17,540
FROV00001,FrozenEngine,1564,09/15/2025, 07:17:23,540
FROV00001,FrozenEngine,1564,09/15/2025, 08:22:56,540
FROV00001,FrozenEngine,1564,09/15/2025, 09:19:50,540
FROV00001,FrozenEngine,1564,09/15/2025, 10:18:20,540
FROV00001,FrozenEngine,1564,09/15/2025, 11:14:12,540
FROV00001,FrozenEngine,1564,09/15/2025, 12:33:28,540
FROV00001,FrozenEngine,1564,09/15/2025, 13:26:28,540
FROV00001,FrozenEngine,1564,09/15/2025, 14:17:13,540
FROV00001,FrozenEngine,1564,09/15/2025, 15:18:24,540
FROV00001,FrozenEngine,1564,09/15/2025, 16:20:24,540
FROV00001,FrozenEngine,1564,09/15/2025, 17:14:58,540
FROV00001,FrozenEngine,1564,09/15/2025, 18:23:12,540
FROV00001,FrozenEngine,1564,09/15/2025, 20:17:42,540
FROV00001,FrozenEngine,1564,09/15/2025, 21:14:48,540
FROV00001,FrozenEngine,1564,09/15/2025, 22:14:54,540
FROV00001,FrozenEngine,1564,09/15/2025, 23:14:55,540
FROV00001,FrozenEngine,1564,09/16/2025, 01:10:14,540
FROV00001,FrozenEngine,1566,09/16/2025, 02:54:56,540
FROV00001,FrozenEngine,1566,09/16/2025, 03:28:14,540
FROV00001,FrozenEngine,1566,09/16/2025, 04:19:17,540
FROV00001,FrozenEngine,1566,09/16/2025, 05:16:46,540
FROV00001,FrozenEngine,1566,09/16/2025, 06:24:36,540
FROV00001,FrozenEngine,1566,09/16/2025, 07:16:29,540
FROV00001,FrozenEngine,1566,09/16/2025, 08:22:39,540
FROV00001,FrozenEngine,1566,09/16/2025, 09:18:13,540
FROV00001,FrozenEngine,1567,09/16/2025, 10:17:47,540
FROV00001,FrozenEngine,1567,09/16/2025, 11:14:33,540
FROV00001,FrozenEngine,1567,09/16/2025, 12:32:48,540
FROV00001,FrozenEngine,1567,09/16/2025, 13:26:52,540
FROV00001,FrozenEngine,1567,09/16/2025, 14:16:50,540
FROV00001,FrozenEngine,1567,09/16/2025, 15:18:17,540
FROV00001,FrozenEngine,1567,09/16/2025, 16:20:24,540
FROV00001,FrozenEngine,1567,09/16/2025, 17:14:45,540
FROV00001,FrozenEngine,1568,09/16/2025, 18:24:00,540
FROV00001,FrozenEngine,1568,09/16/2025, 19:14:00,540
FROV00001,FrozenEngine,1568,09/16/2025, 20:17:52,540
FROV00001,FrozenEngine,1568,09/16/2025, 21:15:19,540
FROV00001,FrozenEngine,1568,09/16/2025, 22:14:57,540
FROV00001,FrozenEngine,1568,09/16/2025, 23:12:14,540
FROV00001,FrozenEngine,1568,09/17/2025, 01:09:45,540
FROV00001,FrozenEngine,1568,09/17/2025, 02:54:09,540
FROV00001,FrozenEngine,1568,09/17/2025, 03:26:22,540
FROV00001,FrozenEngine,1568,09/17/2025, 04:19:29,540
FROV00001,FrozenEngine,1568,09/17/2025, 05:16:44,540
FROV00001,FrozenEngine,1568,09/17/2025, 06:24:55,540
FROV00001,FrozenEngine,1568,09/17/2025, 07:15:24,540
FROV00001,FrozenEngine,1568,09/17/2025, 08:21:26,540
FROV00001,FrozenEngine,1568,09/17/2025, 09:18:08,540
FROV00001,FrozenEngine,1568,09/17/2025, 10:17:21,540
FROV00001,FrozenEngine,1568,09/17/2025, 11:13:55,540
FROV00001,FrozenEngine,1568,09/17/2025, 12:33:10,540
FROV00001,FrozenEngine,1568,09/17/2025, 13:25:43,540
FROV00001,FrozenEngine,1568,09/17/2025, 14:16:35,540
FROV00001,FrozenEngine,1568,09/17/2025, 15:18:05,540
FROV00001,FrozenEngine,1568,09/17/2025, 16:21:24,540
FROV00001,FrozenEngine,1568,09/17/2025, 17:14:14,540
FROV00001,FrozenEngine,1568,09/17/2025, 18:22:57,540
FROV00001,FrozenEngine,1568,09/17/2025, 19:13:32,540
FROV00001,FrozenEngine,1568,09/17/2025, 20:17:37,540
FROV00001,FrozenEngine,1569,09/17/2025, 21:14:57,540
FROV00001,FrozenEngine,1569,09/17/2025, 22:15:09,540
FROV00001,FrozenEngine,1569,09/17/2025, 23:14:37,540
FROV00001,FrozenEngine,1569,09/18/2025, 01:09:52,540
FROV00001,FrozenEngine,1569,09/18/2025, 02:56:03,540
FROV00001,FrozenEngine,1569,09/18/2025, 03:28:56,540
FROV00001,FrozenEngine,1569,09/18/2025, 04:20:02,540
FROV00001,FrozenEngine,1569,09/18/2025, 05:16:18,540
FROV00001,FrozenEngine,1569,09/18/2025, 06:23:55,540
FROV00001,FrozenEngine,1569,09/18/2025, 07:16:08,540
FROV00001,FrozenEngine,1569,09/18/2025, 08:21:39,540
FROV00001,FrozenEngine,1569,09/18/2025, 09:17:36,540
FROV00001,FrozenEngine,1569,09/18/2025, 10:17:14,540
FROV00001,FrozenEngine,1569,09/18/2025, 11:14:19,540
FROV00001,FrozenEngine,1569,09/18/2025, 12:32:13,540
FROV00001,FrozenEngine,1569,09/18/2025, 13:25:43,540
FROV00001,FrozenEngine,1569,09/18/2025, 14:16:50,540
FROV00001,FrozenEngine,1569,09/18/2025, 15:17:57,540
FROV00001,FrozenEngine,1569,09/18/2025, 16:19:42,540
FROV00001,FrozenEngine,1569,09/18/2025, 17:14:36,540
FROV00001,FrozenEngine,1569,09/18/2025, 18:23:57,540
FROV00001,FrozenEngine,1569,09/18/2025, 19:13:23,540
FROV00001,FrozenEngine,1569,09/18/2025, 20:18:24,540
FROV00001,FrozenEngine,1569,09/18/2025, 21:15:25,540
FROV00001,FrozenEngine,1569,09/18/2025, 22:14:25,540
FROV00001,FrozenEngine,1569,09/18/2025, 23:15:04,540
FROV00001,FrozenEngine,1569,09/19/2025, 01:12:19,540
FROV00001,FrozenEngine,1569,09/19/2025, 02:58:51,540
FROV00001,FrozenEngine,1569,09/19/2025, 03:33:59,540
FROV00001,FrozenEngine,1569,09/19/2025, 04:19:35,540
FROV00001,FrozenEngine,1569,09/19/2025, 05:16:06,540
FROV00001,FrozenEngine,1569,09/19/2025, 06:24:09,540
FROV00001,FrozenEngine,1569,09/19/2025, 07:15:45,540
FROV00001,FrozenEngine,1569,09/19/2025, 08:21:38,540
FROV00001,FrozenEngine,1569,09/19/2025, 09:18:42,540
FROV00001,FrozenEngine,1569,09/19/2025, 10:18:10,540
FROV00001,FrozenEngine,1569,09/19/2025, 11:13:58,540
FROV00001,FrozenEngine,1569,09/19/2025, 12:33:03,540
FROV00001,FrozenEngine,1569,09/19/2025, 13:25:24,540
FROV00001,FrozenEngine,1569,09/19/2025, 14:16:25,540
FROV00001,FrozenEngine,1569,09/19/2025, 15:16:56,540
FROV00001,FrozenEngine,1569,09/19/2025, 16:19:13,540
FROV00001,FrozenEngine,1569,09/19/2025, 17:14:08,540
FROV00001,FrozenEngine,1569,09/19/2025, 18:22:27,540
FROV00001,FrozenEngine,1569,09/19/2025, 19:13:25,540
FROV00001,FrozenEngine,1569,09/19/2025, 20:17:33,540
FROV00001,FrozenEngine,1569,09/19/2025, 21:14:34,540
FROV00001,FrozenEngine,1570,09/19/2025, 22:15:23,540
FROV00001,FrozenEngine,1570,09/19/2025, 23:14:49,540
FROV00001,FrozenEngine,1570,09/20/2025, 01:08:41,540
FROV00001,FrozenEngine,1570,09/20/2025, 02:52:54,540
FROV00001,FrozenEngine,1570,09/20/2025, 03:25:38,540
FROV00001,FrozenEngine,1570,09/20/2025, 04:19:24,540
FROV00001,FrozenEngine,1570,09/20/2025, 05:15:19,540
FROV00001,FrozenEngine,1570,09/20/2025, 06:22:14,540
FROV00001,FrozenEngine,1570,09/20/2025, 07:14:46,540
FROV00001,FrozenEngine,1570,09/20/2025, 08:19:48,540
FROV00001,FrozenEngine,1570,09/20/2025, 09:15:37,540
FROV00001,FrozenEngine,1570,09/20/2025, 10:15:45,540
FROV00001,FrozenEngine,1570,09/20/2025, 11:12:41,540
FROV00001,FrozenEngine,1570,09/20/2025, 12:29:59,540
FROV00001,FrozenEngine,1570,09/20/2025, 13:20:27,540
FROV00001,FrozenEngine,1570,09/20/2025, 14:13:46,540
FROV00001,FrozenEngine,1570,09/20/2025, 15:14:52,540
FROV00001,FrozenEngine,1570,09/20/2025, 16:17:49,540
FROV00001,FrozenEngine,1570,09/20/2025, 17:12:52,540
FROV00001,FrozenEngine,1570,09/20/2025, 18:20:35,540
FROV00001,FrozenEngine,1570,09/20/2025, 19:11:34,540
FROV00001,FrozenEngine,1570,09/20/2025, 20:15:31,540
FROV00001,FrozenEngine,1570,09/20/2025, 21:13:06,540
FROV00001,FrozenEngine,1570,09/20/2025, 22:14:22,540
FROV00001,FrozenEngine,1570,09/20/2025, 23:14:39,540
FROV00001,FrozenEngine,1570,09/21/2025, 01:17:29,540
FROV00001,FrozenEngine,1570,09/21/2025, 03:05:36,540
FROV00001,FrozenEngine,1570,09/21/2025, 04:19:16,540
FROV00001,FrozenEngine,1570,09/21/2025, 05:15:21,540
FROV00001,FrozenEngine,1570,09/21/2025, 06:22:45,540
FROV00001,FrozenEngine,1570,09/21/2025, 07:14:19,540
FROV00001,FrozenEngine,1570,09/21/2025, 08:18:42,540
FROV00001,FrozenEngine,1570,09/21/2025, 09:14:40,540
FROV00001,FrozenEngine,1570,09/21/2025, 10:15:15,540
FROV00001,FrozenEngine,1570,09/21/2025, 11:12:13,540
FROV00001,FrozenEngine,1570,09/21/2025, 12:29:44,540
FROV00001,FrozenEngine,1570,09/21/2025, 13:20:36,540
FROV00001,FrozenEngine,1570,09/21/2025, 14:13:38,540
FROV00001,FrozenEngine,1570,09/21/2025, 15:15:02,540
FROV00001,FrozenEngine,1571,09/21/2025, 16:18:09,540
FROV00001,FrozenEngine,1571,09/21/2025, 17:13:47,540
FROV00001,FrozenEngine,1571,09/21/2025, 18:20:41,540
FROV00001,FrozenEngine,1571,09/21/2025, 19:12:49,540
FROV00001,FrozenEngine,1571,09/21/2025, 20:16:54,540
FROV00001,FrozenEngine,1571,09/21/2025, 21:13:48,540
FROV00001,FrozenEngine,1571,09/21/2025, 22:14:58,540
FROV00001,FrozenEngine,1571,09/21/2025, 23:14:40,540
FROV00001,FrozenEngine,1571,09/22/2025, 01:16:49,540
FROV00001,FrozenEngine,1571,09/22/2025, 03:05:34,540
FROV00001,FrozenEngine,1571,09/22/2025, 04:20:10,540
FROV00001,FrozenEngine,1571,09/22/2025, 05:16:53,540
FROV00001,FrozenEngine,1571,09/22/2025, 06:26:09,540
FROV00001,FrozenEngine,1571,09/22/2025, 07:17:20,540
FROV00001,FrozenEngine,1571,09/22/2025, 08:23:12,540
FROV00001,FrozenEngine,1571,09/22/2025, 09:20:39,540
FROV00001,FrozenEngine,1571,09/22/2025, 10:18:49,540
FROV00001,FrozenEngine,1571,09/22/2025, 11:14:37,540
FROV00001,FrozenEngine,1571,09/22/2025, 12:33:37,540
FROV00001,FrozenEngine,1571,09/22/2025, 13:27:13,540
FROV00001,FrozenEngine,1571,09/22/2025, 14:17:50,540
FROV00001,FrozenEngine,1571,09/22/2025, 15:18:28,540
FROV00001,FrozenEngine,1571,09/22/2025, 16:20:52,540
FROV00001,FrozenEngine,1571,09/22/2025, 17:14:50,540
FROV00001,FrozenEngine,1571,09/22/2025, 18:22:55,540
FROV00001,FrozenEngine,1571,09/22/2025, 19:14:04,540
FROV00001,FrozenEngine,1571,09/22/2025, 20:18:18,540
FROV00001,FrozenEngine,1571,09/22/2025, 21:14:42,540
FROV00001,FrozenEngine,1571,09/22/2025, 22:15:28,540
FROV00001,FrozenEngine,1571,09/22/2025, 23:15:20,540
FROV00001,FrozenEngine,1571,09/23/2025, 01:10:17,540
FROV00001,FrozenEngine,1571,09/23/2025, 02:56:11,540
FROV00001,FrozenEngine,1571,09/23/2025, 03:29:58,540
FROV00001,FrozenEngine,1571,09/23/2025, 04:19:23,540
FROV00001,FrozenEngine,1571,09/23/2025, 05:16:24,540
FROV00001,FrozenEngine,1571,09/23/2025, 06:24:39,540
FROV00001,FrozenEngine,1571,09/23/2025, 07:16:53,540
FROV00001,FrozenEngine,1571,09/23/2025, 08:21:58,540
FROV00001,FrozenEngine,1571,09/23/2025, 09:18:11,540
FROV00001,FrozenEngine,1571,09/23/2025, 10:17:23,540
FROV00001,FrozenEngine,1571,09/23/2025, 11:14:09,540
FROV00001,FrozenEngine,1571,09/23/2025, 12:32:40,540
FROV00001,FrozenEngine,1571,09/23/2025, 13:27:05,540
FROV00001,FrozenEngine,1572,09/23/2025, 14:16:59,540
FROV00001,FrozenEngine,1572,09/23/2025, 15:18:10,540
FROV00001,FrozenEngine,1572,09/23/2025, 16:20:33,540
FROV00001,FrozenEngine,1572,09/23/2025, 17:13:09,540
FROV00001,FrozenEngine,1572,09/23/2025, 18:23:57,540
FROV00001,FrozenEngine,1572,09/23/2025, 19:13:52,540
FROV00001,FrozenEngine,1572,09/23/2025, 20:17:56,540
FROV00001,FrozenEngine,1572,09/23/2025, 21:14:48,540
FROV00001,FrozenEngine,1572,09/23/2025, 22:15:48,540
FROV00001,FrozenEngine,1572,09/23/2025, 23:15:17,540
FROV00001,FrozenEngine,1572,09/24/2025, 01:11:49,540
FROV00001,FrozenEngine,1572,09/24/2025, 02:57:44,540
FROV00001,FrozenEngine,1572,09/24/2025, 03:31:01,540
FROV00001,FrozenEngine,1572,09/24/2025, 04:19:29,540
FROV00001,FrozenEngine,1572,09/24/2025, 05:16:25,540
FROV00001,FrozenEngine,1572,09/24/2025, 06:24:36,540
FROV00001,FrozenEngine,1572,09/24/2025, 07:17:19,540
FROV00001,FrozenEngine,1572,09/24/2025, 08:22:18,540
FROV00001,FrozenEngine,1572,09/24/2025, 09:18:29,540
FROV00001,FrozenEngine,1572,09/24/2025, 10:17:26,540
FROV00001,FrozenEngine,1572,09/24/2025, 11:14:14,540
FROV00001,FrozenEngine,1572,09/24/2025, 12:32:51,540
FROV00001,FrozenEngine,1572,09/24/2025, 13:27:03,540
FROV00001,FrozenEngine,1572,09/24/2025, 14:14:45,540
FROV00001,FrozenEngine,1573,09/24/2025, 15:17:48,540
FROV00001,FrozenEngine,1573,09/24/2025, 16:21:13,540
FROV00001,FrozenEngine,1573,09/24/2025, 17:15:12,540
FROV00001,FrozenEngine,1573,09/24/2025, 18:22:44,540
FROV00001,FrozenEngine,1573,09/24/2025, 19:14:25,540
FROV00001,FrozenEngine,1573,09/24/2025, 20:18:26,540
FROV00001,FrozenEngine,1573,09/24/2025, 21:15:18,540
FROV00001,FrozenEngine,1573,09/24/2025, 22:15:23,540
FROV00001,FrozenEngine,1573,09/25/2025, 01:11:50,540
FROV00001,FrozenEngine,1573,09/25/2025, 02:59:54,540
FROV00001,FrozenEngine,1573,09/25/2025, 03:36:57,540
FROV00001,FrozenEngine,1573,09/25/2025, 04:20:12,540
FROV00001,FrozenEngine,1573,09/25/2025, 05:16:30,540
FROV00001,FrozenEngine,1573,09/25/2025, 06:24:49,540
FROV00001,FrozenEngine,1573,09/25/2025, 07:17:51,540
FROV00001,FrozenEngine,1573,09/25/2025, 08:22:07,540
FROV00001,FrozenEngine,1573,09/25/2025, 09:17:39,540
FROV00001,FrozenEngine,1573,09/25/2025, 10:18:09,540
FROV00001,FrozenEngine,1573,09/25/2025, 11:15:22,540
FROV00001,FrozenEngine,1573,09/25/2025, 12:34:08,540
FROV00001,FrozenEngine,1573,09/25/2025, 13:27:32,540
FROV00001,FrozenEngine,1573,09/25/2025, 14:17:36,540
FROV00001,FrozenEngine,1573,09/25/2025, 15:18:09,540
FROV00001,FrozenEngine,1573,09/25/2025, 16:20:27,540
FROV00001,FrozenEngine,1573,09/25/2025, 17:14:37,540
FROV00001,FrozenEngine,1573,09/25/2025, 18:24:08,540
FROV00001,FrozenEngine,1573,09/25/2025, 19:14:22,540
FROV00001,FrozenEngine,1573,09/25/2025, 20:18:50,540
FROV00001,FrozenEngine,1573,09/25/2025, 21:15:31,540
FROV00001,FrozenEngine,1573,09/25/2025, 22:14:19,540
FROV00001,FrozenEngine,1573,09/25/2025, 23:15:11,540
FROV00001,FrozenEngine,1573,09/26/2025, 01:11:36,540
FROV00001,FrozenEngine,1573,09/26/2025, 02:58:05,540
FROV00001,FrozenEngine,1573,09/26/2025, 03:32:05,540
FROV00001,FrozenEngine,1573,09/26/2025, 04:19:41,540
FROV00001,FrozenEngine,1573,09/26/2025, 05:16:13,540
FROV00001,FrozenEngine,1573,09/26/2025, 06:24:59,540
FROV00001,FrozenEngine,1573,09/26/2025, 07:17:31,540
FROV00001,FrozenEngine,1573,09/26/2025, 08:23:11,540
FROV00001,FrozenEngine,1573,09/26/2025, 09:18:27,540
FROV00001,FrozenEngine,1573,09/26/2025, 10:17:16,540
FROV00001,FrozenEngine,1573,09/26/2025, 11:14:22,540
FROV00001,FrozenEngine,1573,09/26/2025, 12:32:50,540
FROV00001,FrozenEngine,1573,09/26/2025, 13:25:40,540
FROV00001,FrozenEngine,1573,09/26/2025, 14:15:01,540
FROV00001,FrozenEngine,1573,09/26/2025, 15:17:29,540
FROV00001,FrozenEngine,1573,09/26/2025, 16:20:34,540
FROV00001,FrozenEngine,1573,09/26/2025, 17:14:48,540
FROV00001,FrozenEngine,1573,09/26/2025, 18:21:57,540
FROV00001,FrozenEngine,1573,09/26/2025, 19:13:47,540
FROV00001,FrozenEngine,1573,09/26/2025, 20:17:46,540
FROV00001,FrozenEngine,1573,09/26/2025, 21:14:41,540
FROV00001,FrozenEngine,1573,09/26/2025, 22:14:57,540
FROV00001,FrozenEngine,1573,09/26/2025, 23:15:27,540
FROV00001,FrozenEngine,1573,09/27/2025, 01:08:37,540
FROV00001,FrozenEngine,1573,09/27/2025, 02:52:31,540
FROV00001,FrozenEngine,1573,09/27/2025, 03:25:39,540
FROV00001,FrozenEngine,1573,09/27/2025, 04:19:19,540
FROV00001,FrozenEngine,1573,09/27/2025, 05:15:39,540
FROV00001,FrozenEngine,1573,09/27/2025, 06:21:13,540
FROV00001,FrozenEngine,1573,09/27/2025, 07:14:10,540
FROV00001,FrozenEngine,1573,09/27/2025, 08:19:29,540
FROV00001,FrozenEngine,1573,09/27/2025, 09:14:41,540
FROV00001,FrozenEngine,1573,09/27/2025, 10:15:32,540
FROV00001,FrozenEngine,1573,09/27/2025, 11:12:11,540
FROV00001,FrozenEngine,1573,09/27/2025, 12:29:05,540
FROV00001,FrozenEngine,1573,09/27/2025, 13:20:00,540
FROV00001,FrozenEngine,1573,09/27/2025, 14:13:26,540
FROV00001,FrozenEngine,1573,09/27/2025, 15:14:36,540
FROV00001,FrozenEngine,1573,09/27/2025, 16:18:04,540
FROV00001,FrozenEngine,1573,09/27/2025, 17:13:19,540
FROV00001,FrozenEngine,1573,09/27/2025, 18:20:33,540
FROV00001,FrozenEngine,1573,09/27/2025, 19:12:14,540
FROV00001,FrozenEngine,1573,09/27/2025, 20:16:13,540
FROV00001,FrozenEngine,1573,09/27/2025, 21:13:35,540
FROV00001,FrozenEngine,1573,09/27/2025, 22:14:41,540
FROV00001,FrozenEngine,1573,09/27/2025, 23:14:51,540
FROV00001,FrozenEngine,1573,09/28/2025, 01:18:36,540
FROV00001,FrozenEngine,1573,09/28/2025, 03:06:53,540
FROV00001,FrozenEngine,1573,09/28/2025, 04:19:10,540
FROV00001,FrozenEngine,1573,09/28/2025, 05:15:35,540
FROV00001,FrozenEngine,1573,09/28/2025, 06:22:23,540
FROV00001,FrozenEngine,1573,09/28/2025, 07:14:43,540
FROV00001,FrozenEngine,1573,09/28/2025, 08:19:34,540
FROV00001,FrozenEngine,1573,09/28/2025, 09:14:55,540
FROV00001,FrozenEngine,1573,09/28/2025, 10:15:48,540
FROV00001,FrozenEngine,1573,09/28/2025, 11:12:35,540
FROV00001,FrozenEngine,1573,09/28/2025, 12:29:26,540
FROV00001,FrozenEngine,1573,09/28/2025, 13:20:28,540
FROV00001,FrozenEngine,1573,09/28/2025, 14:12:57,540
FROV00001,FrozenEngine,1573,09/28/2025, 15:14:34,540
FROV00001,FrozenEngine,1573,09/28/2025, 16:17:31,540
FROV00001,FrozenEngine,1573,09/28/2025, 17:13:15,540
FROV00001,FrozenEngine,1573,09/28/2025, 18:20:35,540
FROV00001,FrozenEngine,1573,09/28/2025, 19:12:11,540
FROV00001,FrozenEngine,1573,09/28/2025, 20:17:10,540
FROV00001,FrozenEngine,1573,09/28/2025, 21:13:32,540
FROV00001,FrozenEngine,1573,09/28/2025, 22:14:35,540
FROV00001,FrozenEngine,1573,09/28/2025, 23:15:15,540
FROV00001,FrozenEngine,1573,09/29/2025, 01:13:33,540
FROV00001,FrozenEngine,1573,09/29/2025, 03:02:42,540
FROV00001,FrozenEngine,1573,09/29/2025, 04:20:44,540
FROV00001,FrozenEngine,1573,09/29/2025, 05:18:13,540
FROV00001,FrozenEngine,1573,09/29/2025, 06:26:10,540
FROV00001,FrozenEngine,1573,09/29/2025, 07:17:34,540
FROV00001,FrozenEngine,1573,09/29/2025, 08:23:57,540
FROV00001,FrozenEngine,1573,09/29/2025, 09:19:59,540
FROV00001,FrozenEngine,1573,09/29/2025, 10:19:15,540
FROV00001,FrozenEngine,1573,09/29/2025, 11:14:59,540
FROV00001,FrozenEngine,1573,09/29/2025, 12:34:18,540
FROV00001,FrozenEngine,1573,09/29/2025, 13:27:42,540
FROV00001,FrozenEngine,1573,09/29/2025, 14:16:57,540
FROV00001,FrozenEngine,1573,09/29/2025, 15:17:20,540
FROV00001,FrozenEngine,1573,09/29/2025, 16:17:32,540
FROV00001,FrozenEngine,1573,09/29/2025, 17:15:25,540
FROV00001,FrozenEngine,1573,09/29/2025, 18:24:04,540
FROV00001,FrozenEngine,1573,09/29/2025, 19:14:07,540
FROV00001,FrozenEngine,1573,09/29/2025, 20:16:56,540
FROV00001,FrozenEngine,1573,09/29/2025, 21:14:38,540
FROV00001,FrozenEngine,1573,09/29/2025, 22:15:11,540
FROV00001,FrozenEngine,1573,09/29/2025, 23:15:30,540
FROV00001,FrozenEngine,1573,09/30/2025, 01:12:42,540
FROV00001,FrozenEngine,1573,09/30/2025, 02:56:58,540
FROV00001,FrozenEngine,1573,09/30/2025, 03:30:11,540
FROV00001,FrozenEngine,1573,09/30/2025, 04:20:01,540
FROV00001,FrozenEngine,1573,09/30/2025, 05:16:32,540
FROV00001,FrozenEngine,1573,09/30/2025, 06:25:41,540
FROV00001,FrozenEngine,1573,09/30/2025, 07:17:59,540
FROV00001,FrozenEngine,1573,09/30/2025, 08:23:09,540
FROV00001,FrozenEngine,1573,09/30/2025, 09:18:06,540
FROV00001,FrozenEngine,1573,09/30/2025, 10:17:45,540
FROV00001,FrozenEngine,1573,09/30/2025, 11:14:33,540
FROV00001,FrozenEngine,1573,09/30/2025, 12:34:22,540
FROV00001,FrozenEngine,1573,09/30/2025, 13:27:56,540
FROV00001,FrozenEngine,1573,09/30/2025, 14:17:04,540
FROV00001,FrozenEngine,1573,09/30/2025, 15:15:30,540
FROV00001,FrozenEngine,1573,09/30/2025, 16:20:48,540
FROV00001,FrozenEngine,1573,09/30/2025, 17:15:23,540
FROV00001,FrozenEngine,1575,09/30/2025, 18:21:44,540
FROV00001,FrozenEngine,1575,09/30/2025, 19:13:51,540
FROV00001,FrozenEngine,1575,09/30/2025, 20:17:47,540
FROV00001,FrozenEngine,1575,09/30/2025, 21:15:08,540
FROV00001,FrozenEngine,1575,09/30/2025, 22:15:13,540
FROV00001,FrozenEngine,1575,09/30/2025, 23:15:18,540
FROV00001,FrozenEngine,1575,10/01/2025, 01:19:48,540
FROV00001,FrozenEngine,1575,10/01/2025, 03:09:58,540
FROV00001,FrozenEngine,1575,10/01/2025, 04:19:58,540
FROV00001,FrozenEngine,1575,10/01/2025, 05:16:44,540
FROV00001,FrozenEngine,1575,10/01/2025, 06:25:05,540
FROV00001,FrozenEngine,1575,10/01/2025, 07:17:23,540
FROV00001,FrozenEngine,1575,10/01/2025, 08:22:44,540
FROV00001,FrozenEngine,1575,10/01/2025, 09:18:38,540
FROV00001,FrozenEngine,1575,10/01/2025, 10:18:04,540
FROV00001,FrozenEngine,1575,10/01/2025, 11:15:09,540
FROV00001,FrozenEngine,1575,10/01/2025, 12:35:06,540
FROV00001,FrozenEngine,1575,10/01/2025, 13:27:38,540
FROV00001,FrozenEngine,1575,10/01/2025, 14:17:33,540
FROV00001,FrozenEngine,1575,10/01/2025, 15:16:36,540
FROV00001,FrozenEngine,1575,10/01/2025, 16:21:23,540
FROV00001,FrozenEngine,1575,10/01/2025, 17:15:50,540
FROV00001,FrozenEngine,1575,10/01/2025, 18:23:29,540
FROV00001,FrozenEngine,1575,10/01/2025, 19:14:09,540
FROV00001,FrozenEngine,1575,10/01/2025, 20:18:41,540
FROV00001,FrozenEngine,1575,10/01/2025, 21:15:27,540
FROV00001,FrozenEngine,1575,10/01/2025, 22:15:27,540
FROV00001,FrozenEngine,1575,10/01/2025, 23:14:38,540
FROV00001,FrozenEngine,1575,10/02/2025, 01:10:16,540
FROV00001,FrozenEngine,1575,10/02/2025, 02:55:35,540
FROV00001,FrozenEngine,1575,10/02/2025, 03:28:06,540
FROV00001,FrozenEngine,1575,10/02/2025, 04:19:04,540
FROV00001,FrozenEngine,1575,10/02/2025, 05:15:51,540
FROV00001,FrozenEngine,1575,10/02/2025, 06:24:35,540
FROV00001,FrozenEngine,1575,10/02/2025, 07:16:16,540
FROV00001,FrozenEngine,1575,10/02/2025, 08:21:21,540
FROV00001,FrozenEngine,1575,10/02/2025, 09:17:41,540
FROV00001,FrozenEngine,1575,10/02/2025, 10:16:25,540
FROV00001,FrozenEngine,1575,10/02/2025, 11:13:36,540
FROV00001,FrozenEngine,1575,10/02/2025, 12:31:52,540
FROV00001,FrozenEngine,1575,10/02/2025, 13:24:56,540
FROV00001,FrozenEngine,1575,10/02/2025, 14:16:02,540
FROV00001,FrozenEngine,1575,10/02/2025, 15:17:17,540
FROV00001,FrozenEngine,1575,10/02/2025, 16:19:56,540
FROV00001,FrozenEngine,1575,10/02/2025, 17:13:08,540
FROV00001,FrozenEngine,1575,10/02/2025, 18:23:07,540
FROV00001,FrozenEngine,1575,10/02/2025, 19:14:10,540
FROV00001,FrozenEngine,1575,10/02/2025, 20:17:30,540
FROV00001,FrozenEngine,1575,10/02/2025, 21:14:37,540
FROV00001,FrozenEngine,1575,10/02/2025, 22:15:05,540
FROV00001,FrozenEngine,1575,10/02/2025, 23:14:47,540
FROV00001,FrozenEngine,1575,10/03/2025, 01:10:05,540
FROV00001,FrozenEngine,1575,10/03/2025, 02:55:11,540
FROV00001,FrozenEngine,1575,10/03/2025, 03:27:07,540
FROV00001,FrozenEngine,1575,10/03/2025, 04:19:20,540
FROV00001,FrozenEngine,1575,10/03/2025, 05:16:12,540
FROV00001,FrozenEngine,1575,10/03/2025, 06:23:42,540
FROV00001,FrozenEngine,1575,10/03/2025, 07:16:19,540
FROV00001,FrozenEngine,1575,10/03/2025, 08:20:53,540
FROV00001,FrozenEngine,1575,10/03/2025, 09:17:06,540
FROV00001,FrozenEngine,1575,10/03/2025, 10:17:06,540
FROV00001,FrozenEngine,1575,10/03/2025, 11:13:53,540
FROV00001,FrozenEngine,1575,10/03/2025, 12:32:06,540
FROV00001,FrozenEngine,1575,10/03/2025, 13:24:01,540
FROV00001,FrozenEngine,1575,10/03/2025, 14:15:42,540
FROV00001,FrozenEngine,1575,10/03/2025, 15:16:33,540
FROV00001,FrozenEngine,1576,10/03/2025, 16:19:35,540
FROV00001,FrozenEngine,1576,10/03/2025, 17:14:38,540
FROV00001,FrozenEngine,1576,10/03/2025, 18:22:35,540
FROV00001,FrozenEngine,1576,10/03/2025, 19:14:08,540
FROV00001,FrozenEngine,1576,10/03/2025, 20:17:28,540
FROV00001,FrozenEngine,1576,10/03/2025, 21:14:37,540
FROV00001,FrozenEngine,1576,10/03/2025, 22:14:49,540
FROV00001,FrozenEngine,1578,10/03/2025, 23:14:27,540
FROV00001,FrozenEngine,1578,10/04/2025, 01:07:20,540
FROV00001,FrozenEngine,1578,10/04/2025, 02:48:01,540
FROV00001,FrozenEngine,1578,10/04/2025, 03:22:37,540
FROV00001,FrozenEngine,1578,10/04/2025, 04:18:56,540
FROV00001,FrozenEngine,1578,10/04/2025, 05:14:49,540
FROV00001,FrozenEngine,1578,10/04/2025, 06:21:52,540
FROV00001,FrozenEngine,1578,10/04/2025, 07:14:16,540
FROV00001,FrozenEngine,1578,10/04/2025, 08:19:17,540
FROV00001,FrozenEngine,1578,10/04/2025, 09:15:09,540
FROV00001,FrozenEngine,1578,10/04/2025, 10:15:08,540
FROV00001,FrozenEngine,1578,10/04/2025, 11:12:36,540
FROV00001,FrozenEngine,1578,10/04/2025, 12:28:59,540
FROV00001,FrozenEngine,1578,10/04/2025, 13:19:13,540
FROV00001,FrozenEngine,1578,10/04/2025, 14:13:50,540
FROV00001,FrozenEngine,1578,10/04/2025, 15:14:31,540
FROV00001,FrozenEngine,1578,10/04/2025, 16:17:46,540
FROV00001,FrozenEngine,1578,10/04/2025, 17:13:17,540
FROV00001,FrozenEngine,1578,10/04/2025, 18:20:28,540
FROV00001,FrozenEngine,1578,10/04/2025, 19:12:02,540
FROV00001,FrozenEngine,1578,10/04/2025, 20:16:39,540
FROV00001,FrozenEngine,1578,10/04/2025, 21:13:17,540
FROV00001,FrozenEngine,1578,10/04/2025, 22:14:27,540
FROV00001,FrozenEngine,1578,10/04/2025, 23:15:03,540
FROV00001,FrozenEngine,1578,10/05/2025, 01:17:35,540
FROV00001,FrozenEngine,1578,10/05/2025, 03:06:04,540
FROV00001,FrozenEngine,1578,10/05/2025, 04:18:43,540
FROV00001,FrozenEngine,1578,10/05/2025, 05:14:48,540
FROV00001,FrozenEngine,1578,10/05/2025, 06:21:39,540
FROV00001,FrozenEngine,1578,10/05/2025, 07:14:22,540
FROV00001,FrozenEngine,1578,10/05/2025, 08:18:49,540
FROV00001,FrozenEngine,1578,10/05/2025, 09:14:57,540
FROV00001,FrozenEngine,1578,10/05/2025, 10:15:33,540
FROV00001,FrozenEngine,1578,10/05/2025, 11:12:11,540
FROV00001,FrozenEngine,1578,10/05/2025, 12:29:17,540
FROV00001,FrozenEngine,1578,10/05/2025, 13:20:12,540
FROV00001,FrozenEngine,1578,10/05/2025, 14:13:46,540
FROV00001,FrozenEngine,1578,10/05/2025, 15:14:20,540
FROV00001,FrozenEngine,1578,10/05/2025, 16:17:40,540
FROV00001,FrozenEngine,1578,10/05/2025, 17:13:24,540
FROV00001,FrozenEngine,1578,10/05/2025, 18:21:01,540
FROV00001,FrozenEngine,1578,10/05/2025, 19:12:14,540
FROV00001,FrozenEngine,1578,10/05/2025, 20:16:33,540
FROV00001,FrozenEngine,1578,10/05/2025, 21:14:02,540
FROV00001,FrozenEngine,1578,10/05/2025, 22:14:38,540
FROV00001,FrozenEngine,1578,10/05/2025, 23:13:53,540
FROV00001,FrozenEngine,1578,10/06/2025, 01:12:27,540
FROV00001,FrozenEngine,1578,10/06/2025, 03:00:31,540
FROV00001,FrozenEngine,1578,10/06/2025, 03:37:43,540
FROV00001,FrozenEngine,1578,10/06/2025, 04:19:51,540
FROV00001,FrozenEngine,1578,10/06/2025, 05:16:52,540
FROV00001,FrozenEngine,1578,10/06/2025, 06:25:18,540
FROV00001,FrozenEngine,1578,10/06/2025, 07:17:09,540
FROV00001,FrozenEngine,1578,10/06/2025, 08:22:25,540
FROV00001,FrozenEngine,1578,10/06/2025, 09:20:39,540
FROV00001,FrozenEngine,1578,10/06/2025, 10:18:26,540
FROV00001,FrozenEngine,1578,10/06/2025, 11:14:16,540
FROV00001,FrozenEngine,1578,10/06/2025, 12:33:46,540
FROV00001,FrozenEngine,1578,10/06/2025, 13:27:20,540
FROV00001,FrozenEngine,1578,10/06/2025, 14:16:43,540
FROV00001,FrozenEngine,1578,10/06/2025, 15:16:58,540
FROV00001,FrozenEngine,1578,10/06/2025, 16:20:39,540
FROV00001,FrozenEngine,1578,10/06/2025, 17:15:51,540
FROV00001,FrozenEngine,1578,10/06/2025, 18:24:28,540
FROV00001,FrozenEngine,1578,10/06/2025, 19:14:00,540
FROV00001,FrozenEngine,1578,10/06/2025, 20:18:12,540
FROV00001,FrozenEngine,1578,10/06/2025, 21:14:48,540
FROV00001,FrozenEngine,1579,10/06/2025, 22:15:04,540
FROV00001,FrozenEngine,1579,10/06/2025, 23:15:02,540
FROV00001,FrozenEngine,1579,10/07/2025, 01:11:11,540
FROV00001,FrozenEngine,1579,10/07/2025, 02:56:20,540
FROV00001,FrozenEngine,1579,10/07/2025, 03:29:36,540
FROV00001,FrozenEngine,1579,10/07/2025, 04:20:10,540
FROV00001,FrozenEngine,1579,10/07/2025, 05:16:13,540
FROV00001,FrozenEngine,1579,10/07/2025, 06:24:56,540
FROV00001,FrozenEngine,1579,10/07/2025, 07:16:56,540
FROV00001,FrozenEngine,1579,10/07/2025, 08:22:19,540
FROV00001,FrozenEngine,1579,10/07/2025, 09:18:26,540
FROV00001,FrozenEngine,1579,10/07/2025, 10:17:50,540
FROV00001,FrozenEngine,1579,10/07/2025, 11:14:20,540
FROV00001,FrozenEngine,1579,10/07/2025, 12:33:56,540
FROV00001,FrozenEngine,1579,10/07/2025, 13:27:53,540
FROV00001,FrozenEngine,1579,10/07/2025, 14:17:47,540
FROV00001,FrozenEngine,1579,10/07/2025, 15:18:19,540
FROV00001,FrozenEngine,1579,10/07/2025, 16:20:25,540
FROV00001,FrozenEngine,1579,10/07/2025, 17:15:32,540
FROV00001,FrozenEngine,1579,10/07/2025, 18:23:46,540
FROV00001,FrozenEngine,1579,10/07/2025, 19:13:50,540
FROV00001,FrozenEngine,1579,10/07/2025, 20:17:55,540
FROV00001,FrozenEngine,1579,10/07/2025, 21:15:05,540
FROV00001,FrozenEngine,1579,10/07/2025, 22:15:39,540
FROV00001,FrozenEngine,1579,10/07/2025, 23:15:01,540
FROV00001,FrozenEngine,1579,10/08/2025, 01:11:05,540
FROV00001,FrozenEngine,1579,10/08/2025, 02:56:23,540
FROV00001,FrozenEngine,1579,10/08/2025, 03:29:03,540
FROV00001,FrozenEngine,1579,10/08/2025, 04:19:32,540
FROV00001,FrozenEngine,1579,10/08/2025, 05:16:38,540
FROV00001,FrozenEngine,1579,10/08/2025, 06:25:02,540
FROV00001,FrozenEngine,1579,10/08/2025, 07:16:16,540
FROV00001,FrozenEngine,1579,10/08/2025, 08:22:21,540
FROV00001,FrozenEngine,1579,10/08/2025, 09:18:22,540
FROV00001,FrozenEngine,1579,10/08/2025, 10:17:41,540
FROV00001,FrozenEngine,1579,10/08/2025, 11:14:19,540
FROV00001,FrozenEngine,1579,10/08/2025, 12:34:22,540
FROV00001,FrozenEngine,1579,10/08/2025, 13:27:54,540
FROV00001,FrozenEngine,1579,10/08/2025, 14:17:23,540
FROV00001,FrozenEngine,1579,10/08/2025, 15:17:59,540
FROV00001,FrozenEngine,1579,10/08/2025, 16:20:40,540
FROV00001,FrozenEngine,1579,10/08/2025, 17:15:23,540
FROV00001,FrozenEngine,1579,10/08/2025, 18:24:53,540
FROV00001,FrozenEngine,1579,10/08/2025, 19:13:50,540
FROV00001,FrozenEngine,1579,10/08/2025, 20:18:45,540
FROV00001,FrozenEngine,1579,10/08/2025, 21:15:28,540
FROV00001,FrozenEngine,1579,10/08/2025, 22:15:55,540
FROV00001,FrozenEngine,1579,10/08/2025, 23:15:05,540
FROV00001,FrozenEngine,1579,10/09/2025, 01:11:52,540
FROV00001,FrozenEngine,1579,10/09/2025, 02:58:38,540
FROV00001,FrozenEngine,1579,10/09/2025, 03:33:06,540
FROV00001,FrozenEngine,1579,10/09/2025, 04:20:19,540
FROV00001,FrozenEngine,1579,10/09/2025, 05:16:42,540
FROV00001,FrozenEngine,1579,10/09/2025, 06:25:20,540
FROV00001,FrozenEngine,1579,10/09/2025, 07:16:34,540
FROV00001,FrozenEngine,1579,10/09/2025, 08:21:58,540
FROV00001,FrozenEngine,1579,10/09/2025, 09:17:42,540
FROV00001,FrozenEngine,1579,10/09/2025, 10:18:27,540
FROV00001,FrozenEngine,1579,10/09/2025, 11:14:40,540
FROV00001,FrozenEngine,1579,10/09/2025, 12:33:25,540
FROV00001,FrozenEngine,1579,10/09/2025, 13:28:28,540
FROV00001,FrozenEngine,1579,10/09/2025, 14:17:02,540
FROV00001,FrozenEngine,1579,10/09/2025, 15:31:05,540
FROV00001,FrozenEngine,1579,10/09/2025, 16:21:47,540
FROV00001,FrozenEngine,1579,10/09/2025, 17:15:39,540
FROV00001,FrozenEngine,1581,10/09/2025, 22:15:18,540
FROV00001,FrozenEngine,1581,10/09/2025, 23:15:10,540
FROV00001,FrozenEngine,1581,10/10/2025, 01:11:23,540
FROV00001,FrozenEngine,1581,10/10/2025, 02:58:59,540
FROV00001,FrozenEngine,1581,10/10/2025, 03:33:44,540
FROV00001,FrozenEngine,1581,10/10/2025, 04:19:59,540
FROV00001,FrozenEngine,1581,10/10/2025, 05:16:29,540
FROV00001,FrozenEngine,1581,10/10/2025, 06:25:10,540
FROV00001,FrozenEngine,1581,10/10/2025, 07:16:31,540
FROV00001,FrozenEngine,1581,10/10/2025, 08:21:48,540
FROV00001,FrozenEngine,1581,10/10/2025, 09:18:40,540
FROV00001,FrozenEngine,1581,10/10/2025, 10:18:22,540
FROV00001,FrozenEngine,1581,10/10/2025, 11:14:34,540
FROV00001,FrozenEngine,1581,10/10/2025, 12:33:35,540
FROV00001,FrozenEngine,1581,10/10/2025, 13:26:33,540
FROV00001,FrozenEngine,1581,10/10/2025, 14:17:05,540
FROV00001,FrozenEngine,1581,10/10/2025, 15:16:36,540
FROV00001,FrozenEngine,1581,10/10/2025, 16:20:18,540
FROV00001,FrozenEngine,1581,10/10/2025, 17:15:48,540
FROV00001,FrozenEngine,1581,10/10/2025, 18:23:34,540
FROV00001,FrozenEngine,1581,10/10/2025, 19:13:42,540
FROV00001,FrozenEngine,1581,10/10/2025, 20:17:24,540
FROV00001,FrozenEngine,1581,10/10/2025, 21:15:02,540
FROV00001,FrozenEngine,1581,10/10/2025, 22:15:13,540
FROV00001,FrozenEngine,1581,10/10/2025, 23:14:54,540
FROV00001,FrozenEngine,1581,10/11/2025, 01:08:58,540
FROV00001,FrozenEngine,1581,10/11/2025, 02:52:20,540
FROV00001,FrozenEngine,1581,10/11/2025, 03:25:00,540
FROV00001,FrozenEngine,1581,10/11/2025, 04:18:47,540
FROV00001,FrozenEngine,1581,10/11/2025, 05:15:11,540
FROV00001,FrozenEngine,1581,10/11/2025, 06:21:59,540
FROV00001,FrozenEngine,1581,10/11/2025, 07:14:24,540
FROV00001,FrozenEngine,1581,10/11/2025, 08:19:20,540
FROV00001,FrozenEngine,1581,10/11/2025, 09:15:26,540
FROV00001,FrozenEngine,1581,10/11/2025, 10:15:42,540
FROV00001,FrozenEngine,1581,10/11/2025, 11:13:06,540
FROV00001,FrozenEngine,1581,10/11/2025, 12:29:03,540
FROV00001,FrozenEngine,1581,10/11/2025, 13:20:27,540
FROV00001,FrozenEngine,1581,10/11/2025, 14:13:13,540
FROV00001,FrozenEngine,1581,10/11/2025, 15:14:07,540
FROV00001,FrozenEngine,1581,10/11/2025, 16:17:41,540
FROV00001,FrozenEngine,1581,10/11/2025, 17:13:11,540
FROV00001,FrozenEngine,1581,10/11/2025, 18:19:38,540
FROV00001,FrozenEngine,1581,10/11/2025, 19:12:05,540
FROV00001,FrozenEngine,1581,10/11/2025, 20:16:13,540
FROV00001,FrozenEngine,1581,10/11/2025, 21:13:23,540
FROV00001,FrozenEngine,1581,10/11/2025, 22:14:31,540
FROV00001,FrozenEngine,1581,10/11/2025, 23:14:42,540
FROV00001,FrozenEngine,1581,10/12/2025, 01:15:04,540
FROV00001,FrozenEngine,1581,10/12/2025, 03:01:00,540
FROV00001,FrozenEngine,1581,10/12/2025, 03:37:10,540
FROV00001,FrozenEngine,1581,10/12/2025, 04:19:08,540
FROV00001,FrozenEngine,1581,10/12/2025, 05:15:35,540
FROV00001,FrozenEngine,1581,10/12/2025, 06:21:43,540
FROV00001,FrozenEngine,1581,10/12/2025, 07:14:41,540
FROV00001,FrozenEngine,1581,10/12/2025, 08:19:23,540
FROV00001,FrozenEngine,1581,10/12/2025, 09:15:36,540
FROV00001,FrozenEngine,1581,10/12/2025, 10:15:44,540
FROV00001,FrozenEngine,1581,10/12/2025, 11:12:57,540
FROV00001,FrozenEngine,1581,10/12/2025, 12:29:31,540
FROV00001,FrozenEngine,1581,10/12/2025, 13:20:46,540
FROV00001,FrozenEngine,1581,10/12/2025, 14:14:23,540
FROV00001,FrozenEngine,1581,10/12/2025, 15:14:41,540
FROV00001,FrozenEngine,1581,10/12/2025, 16:18:08,540
FROV00001,FrozenEngine,1581,10/12/2025, 17:13:24,540
FROV00001,FrozenEngine,1581,10/12/2025, 18:20:43,540
FROV00001,FrozenEngine,1582,10/12/2025, 19:12:20,540
FROV00001,FrozenEngine,1582,10/12/2025, 20:17:05,540
FROV00001,FrozenEngine,1582,10/12/2025, 21:14:20,540
FROV00001,FrozenEngine,1582,10/12/2025, 22:14:43,540
FROV00001,FrozenEngine,1582,10/12/2025, 23:14:31,540
FROV00001,FrozenEngine,1582,10/13/2025, 01:16:37,540
FROV00001,FrozenEngine,1582,10/13/2025, 03:08:14,540
FROV00001,FrozenEngine,1582,10/13/2025, 04:20:24,540
FROV00001,FrozenEngine,1582,10/13/2025, 05:17:42,540
FROV00001,FrozenEngine,1582,10/13/2025, 06:26:57,540
FROV00001,FrozenEngine,1582,10/13/2025, 07:17:33,540
FROV00001,FrozenEngine,1582,10/13/2025, 08:24:05,540
FROV00001,FrozenEngine,1582,10/13/2025, 09:20:35,540
FROV00001,FrozenEngine,1582,10/13/2025, 10:20:02,540
FROV00001,FrozenEngine,1582,10/13/2025, 11:14:57,540
FROV00001,FrozenEngine,1582,10/13/2025, 12:34:02,540
FROV00001,FrozenEngine,1582,10/13/2025, 13:28:23,540
FROV00001,FrozenEngine,1582,10/13/2025, 14:17:43,540
FROV00001,FrozenEngine,1582,10/13/2025, 15:17:13,540
FROV00001,FrozenEngine,1582,10/13/2025, 16:20:22,540
FROV00001,FrozenEngine,1582,10/13/2025, 17:15:32,540
FROV00001,FrozenEngine,1582,10/13/2025, 18:22:43,540
FROV00001,FrozenEngine,1582,10/13/2025, 19:13:32,540
FROV00001,FrozenEngine,1582,10/13/2025, 20:18:52,540
FROV00001,FrozenEngine,1582,10/13/2025, 21:14:52,540
FROV00001,FrozenEngine,1582,10/13/2025, 22:15:46,540
FROV00001,FrozenEngine,1582,10/13/2025, 23:14:51,540
FROV00001,FrozenEngine,1582,10/14/2025, 01:11:43,540
FROV00001,FrozenEngine,1582,10/14/2025, 02:59:20,540
FROV00001,FrozenEngine,1582,10/14/2025, 03:34:58,540
FROV00001,FrozenEngine,1582,10/14/2025, 04:20:14,540
FROV00001,FrozenEngine,1582,10/14/2025, 05:16:13,540
FROV00001,FrozenEngine,1582,10/14/2025, 06:25:15,540
FROV00001,FrozenEngine,1582,10/14/2025, 07:17:35,540
FROV00001,FrozenEngine,1582,10/14/2025, 08:20:40,540
FROV00001,FrozenEngine,1582,10/14/2025, 09:19:02,540
FROV00001,FrozenEngine,1582,10/14/2025, 10:18:26,540
FROV00001,FrozenEngine,1582,10/14/2025, 11:14:16,540
FROV00001,FrozenEngine,1582,10/14/2025, 12:35:27,540
FROV00001,FrozenEngine,1582,10/14/2025, 13:28:43,540
FROV00001,FrozenEngine,1582,10/14/2025, 14:18:24,540
FROV00001,FrozenEngine,1582,10/14/2025, 15:18:58,540
FROV00001,FrozenEngine,1582,10/14/2025, 16:20:51,540
FROV00001,FrozenEngine,1582,10/14/2025, 17:15:12,540
FROV00001,FrozenEngine,1582,10/14/2025, 18:24:25,540
FROV00001,FrozenEngine,1582,10/14/2025, 19:14:00,540
FROV00001,FrozenEngine,1582,10/14/2025, 20:18:51,540
FROV00001,FrozenEngine,1582,10/14/2025, 21:14:59,540
FROV00001,FrozenEngine,1582,10/14/2025, 22:15:57,540
FROV00001,FrozenEngine,1582,10/14/2025, 23:15:10,540
FROV00001,FrozenEngine,1582,10/15/2025, 01:13:35,540
FROV00001,FrozenEngine,1582,10/15/2025, 03:03:25,540
FROV00001,FrozenEngine,1582,10/15/2025, 04:20:08,540
FROV00001,FrozenEngine,1582,10/15/2025, 05:16:50,540
FROV00001,FrozenEngine,1582,10/15/2025, 06:25:19,540
FROV00001,FrozenEngine,1582,10/15/2025, 07:17:29,540
FROV00001,FrozenEngine,1582,10/15/2025, 08:23:07,540
FROV00001,FrozenEngine,1582,10/15/2025, 09:18:41,540
FROV00001,FrozenEngine,1582,10/15/2025, 10:19:18,540
FROV00001,FrozenEngine,1582,10/15/2025, 11:14:41,540
FROV00001,FrozenEngine,1582,10/15/2025, 12:35:18,540
FROV00001,FrozenEngine,1582,10/15/2025, 13:30:16,540
FROV00001,FrozenEngine,1582,10/15/2025, 14:18:04,540
FROV00001,FrozenEngine,1582,10/15/2025, 15:16:56,540
FROV00001,FrozenEngine,1582,10/15/2025, 16:18:30,540
FROV00001,FrozenEngine,1582,10/15/2025, 17:15:41,540
FROV00001,FrozenEngine,1582,10/15/2025, 18:24:36,540
FROV00001,FrozenEngine,1582,10/15/2025, 19:14:05,540
FROV00001,FrozenEngine,1582,10/15/2025, 20:19:45,540
FROV00001,FrozenEngine,1582,10/15/2025, 21:15:20,540
FROV00001,FrozenEngine,1582,10/15/2025, 22:14:29,540
FROV00001,FrozenEngine,1582,10/15/2025, 23:14:56,540
FROV00001,FrozenEngine,1582,10/16/2025, 01:13:07,540
FROV00001,FrozenEngine,1582,10/16/2025, 03:01:46,540
FROV00001,FrozenEngine,1582,10/16/2025, 03:41:00,540
FROV00001,FrozenEngine,1582,10/16/2025, 04:19:31,540
FROV00001,FrozenEngine,1582,10/16/2025, 05:16:40,540
FROV00001,FrozenEngine,1582,10/16/2025, 06:25:13,540
FROV00001,FrozenEngine,1582,10/16/2025, 07:17:26,540
FROV00001,FrozenEngine,1582,10/16/2025, 08:23:36,540
FROV00001,FrozenEngine,1582,10/16/2025, 09:19:06,540
FROV00001,FrozenEngine,1582,10/16/2025, 10:19:22,540
FROV00001,FrozenEngine,1582,10/16/2025, 11:14:54,540
FROV00001,FrozenEngine,1582,10/16/2025, 12:35:20,540
FROV00001,FrozenEngine,1582,10/16/2025, 13:29:59,540
FROV00001,FrozenEngine,1582,10/16/2025, 14:17:59,540
FROV00001,FrozenEngine,1582,10/16/2025, 15:18:24,540
FROV00001,FrozenEngine,1582,10/16/2025, 16:21:36,540
FROV00001,FrozenEngine,1582,10/16/2025, 17:15:32,540
FROV00001,FrozenEngine,1582,10/16/2025, 18:24:24,540
FROV00001,FrozenEngine,1582,10/16/2025, 19:12:52,540
FROV00001,FrozenEngine,1582,10/16/2025, 20:18:57,540
FROV00001,FrozenEngine,1582,10/16/2025, 21:15:16,540
FROV00001,FrozenEngine,1582,10/16/2025, 22:13:32,540
FROV00001,FrozenEngine,1582,10/16/2025, 23:14:55,540
FROV00001,FrozenEngine,1582,10/17/2025, 01:12:42,540
FROV00001,FrozenEngine,1582,10/17/2025, 03:00:40,540
FROV00001,FrozenEngine,1582,10/17/2025, 03:37:05,540
FROV00001,FrozenEngine,1582,10/17/2025, 04:20:14,540
FROV00001,FrozenEngine,1582,10/17/2025, 05:16:23,540
FROV00001,FrozenEngine,1582,10/17/2025, 06:24:12,540
FROV00001,FrozenEngine,1582,10/17/2025, 07:16:53,540
FROV00001,FrozenEngine,1582,10/17/2025, 08:22:59,540
FROV00001,FrozenEngine,1582,10/17/2025, 09:18:58,540
FROV00001,FrozenEngine,1582,10/17/2025, 10:18:20,540
FROV00001,FrozenEngine,1582,10/17/2025, 11:14:27,540
FROV00001,FrozenEngine,1582,10/17/2025, 12:33:32,540
FROV00001,FrozenEngine,1582,10/17/2025, 13:26:27,540
FROV00001,FrozenEngine,1582,10/17/2025, 14:17:02,540
FROV00001,FrozenEngine,1582,10/17/2025, 15:17:12,540
FROV00001,FrozenEngine,1582,10/17/2025, 16:20:16,540
FROV00001,FrozenEngine,1582,10/17/2025, 17:14:56,540
FROV00001,FrozenEngine,1582,10/17/2025, 18:21:55,540
FROV00001,FrozenEngine,1582,10/17/2025, 19:14:07,540
FROV00001,FrozenEngine,1582,10/17/2025, 20:18:53,540
FROV00001,FrozenEngine,1582,10/17/2025, 21:15:12,540
FROV00001,FrozenEngine,1582,10/17/2025, 22:15:23,540
FROV00001,FrozenEngine,1582,10/17/2025, 23:14:56,540
FROV00001,FrozenEngine,1582,10/18/2025, 01:09:39,540
FROV00001,FrozenEngine,1582,10/18/2025, 02:53:37,540
FROV00001,FrozenEngine,1582,10/18/2025, 03:26:45,540
FROV00001,FrozenEngine,1582,10/18/2025, 04:19:04,540
FROV00001,FrozenEngine,1582,10/18/2025, 05:15:40,540
FROV00001,FrozenEngine,1582,10/18/2025, 06:22:24,540
FROV00001,FrozenEngine,1582,10/18/2025, 07:15:05,540
FROV00001,FrozenEngine,1582,10/18/2025, 08:20:06,540
FROV00001,FrozenEngine,1582,10/18/2025, 09:16:20,540
FROV00001,FrozenEngine,1582,10/18/2025, 10:16:09,540
FROV00001,FrozenEngine,1582,10/18/2025, 11:13:12,540
FROV00001,FrozenEngine,1582,10/18/2025, 12:30:12,540
FROV00001,FrozenEngine,1582,10/18/2025, 13:21:36,540
FROV00001,FrozenEngine,1582,10/18/2025, 14:14:31,540
FROV00001,FrozenEngine,1582,10/18/2025, 15:14:53,540
FROV00001,FrozenEngine,1582,10/18/2025, 16:18:23,540
FROV00001,FrozenEngine,1582,10/18/2025, 17:13:16,540
FROV00001,FrozenEngine,1582,10/18/2025, 18:21:01,540
FROV00001,FrozenEngine,1582,10/18/2025, 19:12:47,540
FROV00001,FrozenEngine,1582,10/18/2025, 20:16:55,540
FROV00001,FrozenEngine,1582,10/18/2025, 21:14:12,540
FROV00001,FrozenEngine,1582,10/18/2025, 22:14:57,540
FROV00001,FrozenEngine,1582,10/18/2025, 23:14:46,540
FROV00001,FrozenEngine,1582,10/19/2025, 01:21:11,540
FROV00001,FrozenEngine,1582,10/19/2025, 03:14:17,540
FROV00001,FrozenEngine,1582,10/19/2025, 04:20:54,540
FROV00001,FrozenEngine,1582,10/19/2025, 05:16:19,540
FROV00001,FrozenEngine,1582,10/19/2025, 06:23:38,540
FROV00001,FrozenEngine,1582,10/19/2025, 07:14:54,540
FROV00001,FrozenEngine,1582,10/19/2025, 08:19:36,540
FROV00001,FrozenEngine,1582,10/19/2025, 09:15:33,540
FROV00001,FrozenEngine,1582,10/19/2025, 10:16:15,540
FROV00001,FrozenEngine,1582,10/19/2025, 11:13:00,540
FROV00001,FrozenEngine,1582,10/19/2025, 12:30:09,540
FROV00001,FrozenEngine,1582,10/19/2025, 13:21:41,540
FROV00001,FrozenEngine,1583,10/19/2025, 14:14:33,540
FROV00001,FrozenEngine,1583,10/19/2025, 15:14:53,540
FROV00001,FrozenEngine,1583,10/19/2025, 16:18:38,540
FROV00001,FrozenEngine,1584,10/19/2025, 17:14:00,540
FROV00001,FrozenEngine,1584,10/19/2025, 18:21:28,540
FROV00001,FrozenEngine,1584,10/19/2025, 19:13:14,540
FROV00001,FrozenEngine,1584,10/19/2025, 20:17:36,540
FROV00001,FrozenEngine,1584,10/19/2025, 21:14:16,540
FROV00001,FrozenEngine,1584,10/19/2025, 22:15:15,540
FROV00001,FrozenEngine,1584,10/19/2025, 23:15:09,540
FROV00001,FrozenEngine,1584,10/20/2025, 01:18:31,540
FROV00001,FrozenEngine,1584,10/20/2025, 03:14:10,540
FROV00001,FrozenEngine,1584,10/20/2025, 04:23:02,540
FROV00001,FrozenEngine,1584,10/20/2025, 05:17:50,540
FROV00001,FrozenEngine,1584,10/20/2025, 06:26:04,540
FROV00001,FrozenEngine,1584,10/20/2025, 07:18:11,540
FROV00001,FrozenEngine,1584,10/20/2025, 09:20:28,540
FROV00001,FrozenEngine,1584,10/20/2025, 10:19:15,540
FROV00001,FrozenEngine,1584,10/20/2025, 11:15:15,540
FROV00001,FrozenEngine,1584,10/20/2025, 12:35:05,540
FROV00001,FrozenEngine,1584,10/20/2025, 13:27:50,540
FROV00001,FrozenEngine,1584,10/20/2025, 14:17:03,540
FROV00001,FrozenEngine,1584,10/20/2025, 15:17:25,540
FROV00001,FrozenEngine,1584,10/20/2025, 16:20:49,540
FROV00001,FrozenEngine,1584,10/20/2025, 17:15:22,540
FROV00001,FrozenEngine,1585,10/20/2025, 18:25:20,540
FROV00001,FrozenEngine,1585,10/20/2025, 19:14:17,540
FROV00001,FrozenEngine,1585,10/20/2025, 20:19:29,540
FROV00001,FrozenEngine,1585,10/20/2025, 21:15:43,540
FROV00001,FrozenEngine,1585,10/20/2025, 22:15:59,540
FROV00001,FrozenEngine,1585,10/20/2025, 23:15:18,540
FROV00001,FrozenEngine,1585,10/21/2025, 01:15:05,540
FROV00001,FrozenEngine,1585,10/21/2025, 03:04:28,540
FROV00001,FrozenEngine,1585,10/21/2025, 04:20:29,540
FROV00001,FrozenEngine,1585,10/21/2025, 05:17:18,540
FROV00001,FrozenEngine,1585,10/21/2025, 06:25:18,540
FROV00001,FrozenEngine,1585,10/21/2025, 07:17:57,540
FROV00001,FrozenEngine,1585,10/21/2025, 08:23:48,540
FROV00001,FrozenEngine,1585,10/21/2025, 09:18:44,540
FROV00001,FrozenEngine,1585,10/21/2025, 10:18:28,540
FROV00001,FrozenEngine,1585,10/21/2025, 11:14:38,540
FROV00001,FrozenEngine,1585,10/21/2025, 12:35:11,540
FROV00001,FrozenEngine,1586,10/21/2025, 13:32:06,540
FROV00001,FrozenEngine,1586,10/21/2025, 14:16:16,540
FROV00001,FrozenEngine,1586,10/21/2025, 15:17:56,540
FROV00001,FrozenEngine,1586,10/21/2025, 16:22:30,540
FROV00001,FrozenEngine,1586,10/21/2025, 17:18:18,540
FROV00001,FrozenEngine,1586,10/21/2025, 18:23:22,540
FROV00001,FrozenEngine,1586,10/21/2025, 19:14:42,540
FROV00001,FrozenEngine,1586,10/21/2025, 20:20:00,540
FROV00001,FrozenEngine,1586,10/21/2025, 21:15:58,540
FROV00001,FrozenEngine,1586,10/21/2025, 22:15:26,540
FROV00001,FrozenEngine,1586,10/21/2025, 23:16:06,540
FROV00001,FrozenEngine,1586,10/22/2025, 01:16:28,540
FROV00001,FrozenEngine,1586,10/22/2025, 03:09:12,540
FROV00001,FrozenEngine,1586,10/22/2025, 04:20:18,540
FROV00001,FrozenEngine,1586,10/22/2025, 05:17:50,540
FROV00001,FrozenEngine,1586,10/22/2025, 06:26:13,540
FROV00001,FrozenEngine,1586,10/22/2025, 07:17:28,540
FROV00001,FrozenEngine,1586,10/22/2025, 08:24:26,540
FROV00001,FrozenEngine,1586,10/22/2025, 09:19:58,540
FROV00001,FrozenEngine,1586,10/22/2025, 10:19:36,540
FROV00001,FrozenEngine,1588,10/22/2025, 11:15:53,540
FROV00001,FrozenEngine,1588,10/22/2025, 12:35:28,540
FROV00001,FrozenEngine,1588,10/22/2025, 13:31:37,540
FROV00001,FrozenEngine,1588,10/22/2025, 14:18:31,540
FROV00001,FrozenEngine,1588,10/22/2025, 15:17:01,540
FROV00001,FrozenEngine,1588,10/22/2025, 16:22:05,540
FROV00001,FrozenEngine,1588,10/22/2025, 17:16:01,540
FROV00001,FrozenEngine,1588,10/22/2025, 18:26:08,540
FROV00001,FrozenEngine,1588,10/22/2025, 19:14:06,540
FROV00001,FrozenEngine,1588,10/22/2025, 20:20:38,540
FROV00001,FrozenEngine,1588,10/22/2025, 21:13:29,540
FROV00001,FrozenEngine,1588,10/22/2025, 22:14:27,540
FROV00001,FrozenEngine,1588,10/22/2025, 23:14:57,540
FROV00001,FrozenEngine,1588,10/23/2025, 01:14:30,540
FROV00001,FrozenEngine,1589,10/23/2025, 03:02:33,540
FROV00001,FrozenEngine,1589,10/23/2025, 04:20:07,540
FROV00001,FrozenEngine,1589,10/23/2025, 05:17:39,540
FROV00001,FrozenEngine,1589,10/23/2025, 06:25:11,540
FROV00001,FrozenEngine,1589,10/23/2025, 07:17:36,540
FROV00001,FrozenEngine,1589,10/23/2025, 08:23:18,540
FROV00001,FrozenEngine,1589,10/23/2025, 09:18:46,540
FROV00001,FrozenEngine,1589,10/23/2025, 10:19:18,540
FROV00001,FrozenEngine,1589,10/23/2025, 11:15:08,540
FROV00001,FrozenEngine,1589,10/23/2025, 12:35:13,540
FROV00001,FrozenEngine,1589,10/23/2025, 13:30:30,540
FROV00001,FrozenEngine,1589,10/23/2025, 14:18:07,540
FROV00001,FrozenEngine,1589,10/23/2025, 15:18:24,540
FROV00001,FrozenEngine,1589,10/23/2025, 16:21:22,540
FROV00001,FrozenEngine,1589,10/23/2025, 17:15:42,540
FROV00001,FrozenEngine,1589,10/23/2025, 18:24:27,540
FROV00001,FrozenEngine,1589,10/23/2025, 19:14:18,540
FROV00001,FrozenEngine,1589,10/23/2025, 20:18:26,540
FROV00001,FrozenEngine,1589,10/23/2025, 21:15:20,540
FROV00001,FrozenEngine,1589,10/23/2025, 22:15:54,540
FROV00001,FrozenEngine,1589,10/23/2025, 23:15:19,540
FROV00001,FrozenEngine,1589,10/24/2025, 01:11:09,540
FROV00001,FrozenEngine,1589,10/24/2025, 02:58:52,540
FROV00001,FrozenEngine,1589,10/24/2025, 03:34:00,540
FROV00001,FrozenEngine,1589,10/24/2025, 04:20:49,540
FROV00001,FrozenEngine,1589,10/24/2025, 05:16:59,540
FROV00001,FrozenEngine,1589,10/24/2025, 06:24:32,540
FROV00001,FrozenEngine,1589,10/24/2025, 07:16:50,540
FROV00001,FrozenEngine,1589,10/24/2025, 08:22:38,540
FROV00001,FrozenEngine,1589,10/24/2025, 09:19:10,540
FROV00001,FrozenEngine,1589,10/24/2025, 10:19:40,540
FROV00001,FrozenEngine,1589,10/24/2025, 11:15:08,540
FROV00001,FrozenEngine,1589,10/24/2025, 12:35:34,540
FROV00001,FrozenEngine,1589,10/24/2025, 13:29:02,540
FROV00001,FrozenEngine,1589,10/24/2025, 14:17:50,540
FROV00001,FrozenEngine,1589,10/24/2025, 15:18:03,540
FROV00001,FrozenEngine,1589,10/24/2025, 16:20:56,540
FROV00001,FrozenEngine,1589,10/24/2025, 17:15:44,540
FROV00001,FrozenEngine,1589,10/24/2025, 18:23:41,540
FROV00001,FrozenEngine,1589,10/24/2025, 19:14:44,540
FROV00001,FrozenEngine,1589,10/24/2025, 20:19:01,540
FROV00001,FrozenEngine,1589,10/24/2025, 21:15:27,540
FROV00001,FrozenEngine,1589,10/24/2025, 22:16:50,540
FROV00001,FrozenEngine,1589,10/24/2025, 23:15:36,540
FROV00001,FrozenEngine,1589,10/25/2025, 01:12:16,540
FROV00001,FrozenEngine,1589,10/25/2025, 03:00:32,540
FROV00001,FrozenEngine,1589,10/25/2025, 03:37:50,540
FROV00001,FrozenEngine,1589,10/25/2025, 04:19:12,540
FROV00001,FrozenEngine,1589,10/25/2025, 05:16:11,540
FROV00001,FrozenEngine,1589,10/25/2025, 06:22:40,540
FROV00001,FrozenEngine,1589,10/25/2025, 07:15:39,540
FROV00001,FrozenEngine,1589,10/25/2025, 08:19:28,540
FROV00001,FrozenEngine,1589,10/25/2025, 09:15:56,540
FROV00001,FrozenEngine,1589,10/25/2025, 10:16:08,540
FROV00001,FrozenEngine,1589,10/25/2025, 11:13:18,540
FROV00001,FrozenEngine,1589,10/25/2025, 12:30:03,540
FROV00001,FrozenEngine,1589,10/25/2025, 13:22:01,540
FROV00001,FrozenEngine,1589,10/25/2025, 14:14:33,540
FROV00001,FrozenEngine,1589,10/25/2025, 15:15:01,540
FROV00001,FrozenEngine,1589,10/25/2025, 16:18:49,540
FROV00001,FrozenEngine,1589,10/25/2025, 17:14:01,540
FROV00001,FrozenEngine,1589,10/25/2025, 18:21:35,540
FROV00001,FrozenEngine,1589,10/25/2025, 19:13:47,540
FROV00001,FrozenEngine,1589,10/25/2025, 20:17:32,540
FROV00001,FrozenEngine,1589,10/25/2025, 21:14:48,540
FROV00001,FrozenEngine,1589,10/25/2025, 22:14:57,540
FROV00001,FrozenEngine,1589,10/25/2025, 23:14:59,540
FROV00001,FrozenEngine,1589,10/26/2025, 01:19:20,540
FROV00001,FrozenEngine,1589,10/26/2025, 03:08:31,540
FROV00001,FrozenEngine,1589,10/26/2025, 04:19:26,540
FROV00001,FrozenEngine,1589,10/26/2025, 05:16:22,540
FROV00001,FrozenEngine,1589,10/26/2025, 06:23:06,540
FROV00001,FrozenEngine,1589,10/26/2025, 07:15:10,540
FROV00001,FrozenEngine,1589,10/26/2025, 08:20:20,540
FROV00001,FrozenEngine,1589,10/26/2025, 09:15:59,540
FROV00001,FrozenEngine,1589,10/26/2025, 10:16:18,540
FROV00001,FrozenEngine,1589,10/26/2025, 11:13:22,540
FROV00001,FrozenEngine,1589,10/26/2025, 12:30:44,540
FROV00001,FrozenEngine,1589,10/26/2025, 13:22:26,540
FROV00001,FrozenEngine,1589,10/26/2025, 14:14:50,540
FROV00001,FrozenEngine,1589,10/26/2025, 15:15:32,540
FROV00001,FrozenEngine,1589,10/26/2025, 16:18:53,540
FROV00001,FrozenEngine,1589,10/26/2025, 17:14:08,540
FROV00001,FrozenEngine,1589,10/26/2025, 18:22:11,540
FROV00001,FrozenEngine,1589,10/26/2025, 19:13:37,540
FROV00001,FrozenEngine,1589,10/26/2025, 20:17:54,540
FROV00001,FrozenEngine,1589,10/26/2025, 21:14:51,540
FROV00001,FrozenEngine,1589,10/26/2025, 22:15:48,540
FROV00001,FrozenEngine,1589,10/26/2025, 23:15:31,540
FROV00001,FrozenEngine,1589,10/27/2025, 01:20:32,540
FROV00001,FrozenEngine,1589,10/27/2025, 03:18:18,540
FROV00001,FrozenEngine,1589,10/27/2025, 04:27:26,540
FROV00001,FrozenEngine,1589,10/27/2025, 05:18:39,540
FROV00001,FrozenEngine,1589,10/27/2025, 06:28:12,540
FROV00001,FrozenEngine,1589,10/27/2025, 07:18:06,540
FROV00001,FrozenEngine,1589,10/27/2025, 08:23:39,540
FROV00001,FrozenEngine,1589,10/27/2025, 09:21:32,540
FROV00001,FrozenEngine,1589,10/27/2025, 10:20:52,540
FROV00001,FrozenEngine,1589,10/27/2025, 11:15:58,540
FROV00001,FrozenEngine,1589,10/27/2025, 12:36:13,540
FROV00001,FrozenEngine,1589,10/27/2025, 13:30:17,540
FROV00001,FrozenEngine,1589,10/27/2025, 14:18:12,540
FROV00001,FrozenEngine,1589,10/27/2025, 15:19:00,540
FROV00001,FrozenEngine,1589,10/27/2025, 16:22:04,540
FROV00001,FrozenEngine,1589,10/27/2025, 17:15:47,540
FROV00001,FrozenEngine,1589,10/27/2025, 18:25:05,540
FROV00001,FrozenEngine,1589,10/27/2025, 19:14:12,540
FROV00001,FrozenEngine,1589,10/27/2025, 20:17:15,540
FROV00001,FrozenEngine,1589,10/27/2025, 21:15:31,540
FROV00001,FrozenEngine,1589,10/27/2025, 22:16:20,540
FROV00001,FrozenEngine,1589,10/27/2025, 23:15:27,540
FROV00001,FrozenEngine,1589,10/28/2025, 01:13:08,540
FROV00001,FrozenEngine,1589,10/28/2025, 03:06:15,540
FROV00001,FrozenEngine,1589,10/28/2025, 04:20:04,540
FROV00001,FrozenEngine,1589,10/28/2025, 05:17:53,540
FROV00001,FrozenEngine,1589,10/28/2025, 06:26:42,540
FROV00001,FrozenEngine,1589,10/28/2025, 07:17:23,540
FROV00001,FrozenEngine,1589,10/28/2025, 08:23:16,540
FROV00001,FrozenEngine,1589,10/28/2025, 09:18:57,540
FROV00001,FrozenEngine,1589,10/28/2025, 10:19:45,540
FROV00001,FrozenEngine,1589,10/28/2025, 11:14:54,540
FROV00001,FrozenEngine,1589,10/28/2025, 12:34:26,540
FROV00001,FrozenEngine,1589,10/28/2025, 13:29:01,540
FROV00001,FrozenEngine,1589,10/28/2025, 14:18:21,540
FROV00001,FrozenEngine,1589,10/28/2025, 15:19:32,540
FROV00001,FrozenEngine,1589,10/28/2025, 16:22:24,540
FROV00001,FrozenEngine,1589,10/28/2025, 17:16:49,540
FROV00001,FrozenEngine,1589,10/28/2025, 18:25:42,540
FROV00001,FrozenEngine,1589,10/28/2025, 19:14:21,540
FROV00001,FrozenEngine,1589,10/28/2025, 20:19:55,540
FROV00001,FrozenEngine,1589,10/28/2025, 21:16:08,540
FROV00001,FrozenEngine,1589,10/28/2025, 22:16:54,540
FROV00001,FrozenEngine,1589,10/28/2025, 23:15:59,540
FROV00001,FrozenEngine,1589,10/29/2025, 01:18:14,540
FROV00001,FrozenEngine,1589,10/29/2025, 03:13:58,540
FROV00001,FrozenEngine,1591,10/29/2025, 04:24:03,540
FROV00001,FrozenEngine,1591,10/29/2025, 05:18:15,540
FROV00001,FrozenEngine,1591,10/29/2025, 06:27:02,540
FROV00001,FrozenEngine,1591,10/29/2025, 07:17:41,540
FROV00001,FrozenEngine,1591,10/29/2025, 08:23:29,540
FROV00001,FrozenEngine,1591,10/29/2025, 09:18:31,540
FROV00001,FrozenEngine,1591,10/29/2025, 10:19:20,540
FROV00001,FrozenEngine,1591,10/29/2025, 11:15:50,540
FROV00001,FrozenEngine,1591,10/29/2025, 12:35:52,540
FROV00001,FrozenEngine,1591,10/29/2025, 13:31:25,540
FROV00001,FrozenEngine,1591,10/29/2025, 14:18:37,540
FROV00001,FrozenEngine,1591,10/29/2025, 15:20:14,540
FROV00001,FrozenEngine,1591,10/29/2025, 16:22:53,540
FROV00001,FrozenEngine,1591,10/29/2025, 17:16:45,540
FROV00001,FrozenEngine,1591,10/29/2025, 18:25:46,540
FROV00001,FrozenEngine,1591,10/29/2025, 19:14:31,540
FROV00001,FrozenEngine,1591,10/29/2025, 20:19:36,540
FROV00001,FrozenEngine,1591,10/29/2025, 21:16:25,540
FROV00001,FrozenEngine,1591,10/29/2025, 22:17:00,540
FROV00001,FrozenEngine,1591,10/29/2025, 23:16:30,540
FROV00001,FrozenEngine,1591,10/30/2025, 01:17:46,540
FROV00001,FrozenEngine,1591,10/30/2025, 03:09:49,540
FROV00001,FrozenEngine,1591,10/30/2025, 04:19:47,540
FROV00001,FrozenEngine,1591,10/30/2025, 05:17:17,540
FROV00001,FrozenEngine,1591,10/30/2025, 06:25:19,540
FROV00001,FrozenEngine,1591,10/30/2025, 07:16:46,540
FROV00001,FrozenEngine,1591,10/30/2025, 08:22:37,540
FROV00001,FrozenEngine,1591,10/30/2025, 09:18:56,540
FROV00001,FrozenEngine,1591,10/30/2025, 10:18:57,540
FROV00001,FrozenEngine,1591,10/30/2025, 11:15:36,540
FROV00001,FrozenEngine,1591,10/30/2025, 12:34:50,540
FROV00001,FrozenEngine,1591,10/30/2025, 13:29:33,540
FROV00001,FrozenEngine,1591,10/30/2025, 14:17:44,540
FROV00001,FrozenEngine,1591,10/30/2025, 15:19:22,540
FROV00001,FrozenEngine,1591,10/30/2025, 16:22:02,540
FROV00001,FrozenEngine,1591,10/30/2025, 17:16:27,540
FROV00001,FrozenEngine,1591,10/30/2025, 18:24:12,540
FROV00001,FrozenEngine,1591,10/30/2025, 19:14:34,540
FROV00001,FrozenEngine,1591,10/30/2025, 20:19:05,540
FROV00001,FrozenEngine,1591,10/30/2025, 21:15:50,540
FROV00001,FrozenEngine,1591,10/30/2025, 22:16:47,540
FROV00001,FrozenEngine,1591,10/30/2025, 23:16:03,540
FROV00001,FrozenEngine,1591,10/31/2025, 01:15:31,540
FROV00001,FrozenEngine,1591,10/31/2025, 03:09:11,540
FROV00001,FrozenEngine,1591,10/31/2025, 04:21:21,540
FROV00001,FrozenEngine,1591,10/31/2025, 05:18:13,540
FROV00001,FrozenEngine,1591,10/31/2025, 06:25:53,540
FROV00001,FrozenEngine,1591,10/31/2025, 07:16:52,540
FROV00001,FrozenEngine,1591,10/31/2025, 08:22:20,540
FROV00001,FrozenEngine,1591,10/31/2025, 09:18:54,540
FROV00001,FrozenEngine,1591,10/31/2025, 10:18:37,540
FROV00001,FrozenEngine,1591,10/31/2025, 11:15:16,540
FROV00001,FrozenEngine,1591,10/31/2025, 12:34:46,540
FROV00001,FrozenEngine,1591,10/31/2025, 13:28:36,540
FROV00001,FrozenEngine,1591,10/31/2025, 14:17:29,540
FROV00001,FrozenEngine,1591,10/31/2025, 15:16:33,540
FROV00001,FrozenEngine,1591,10/31/2025, 16:21:09,540
FROV00001,FrozenEngine,1591,10/31/2025, 17:16:50,540
FROV00001,FrozenEngine,1591,10/31/2025, 18:25:16,540
FROV00001,FrozenEngine,1591,10/31/2025, 19:13:10,540
FROV00001,FrozenEngine,1591,10/31/2025, 20:19:23,540
FROV00001,FrozenEngine,1591,10/31/2025, 21:15:23,540
FROV00001,FrozenEngine,1591,10/31/2025, 22:16:46,540
FROV00001,FrozenEngine,1591,10/31/2025, 23:16:19,540
FROV00001,FrozenEngine,1591,11/01/2025, 01:19:36,540
FROV00001,FrozenEngine,1591,11/01/2025, 03:10:24,540
FROV00001,FrozenEngine,1591,11/01/2025, 04:18:53,540
FROV00001,FrozenEngine,1591,11/01/2025, 05:15:52,540
FROV00001,FrozenEngine,1591,11/01/2025, 06:22:53,540
FROV00001,FrozenEngine,1591,11/01/2025, 07:15:41,540
FROV00001,FrozenEngine,1591,11/01/2025, 08:20:15,540
FROV00001,FrozenEngine,1591,11/01/2025, 09:16:28,540
FROV00001,FrozenEngine,1591,11/01/2025, 10:16:30,540
FROV00001,FrozenEngine,1591,11/01/2025, 11:13:17,540
FROV00001,FrozenEngine,1591,11/01/2025, 12:30:26,540
FROV00001,FrozenEngine,1591,11/01/2025, 13:22:29,540
FROV00001,FrozenEngine,1591,11/01/2025, 14:14:38,540
FROV00001,FrozenEngine,1591,11/01/2025, 15:14:44,540
FROV00001,FrozenEngine,1591,11/01/2025, 16:18:22,540
FROV00001,FrozenEngine,1591,11/01/2025, 17:13:20,540
FROV00001,FrozenEngine,1591,11/01/2025, 18:21:35,540
FROV00001,FrozenEngine,1591,11/01/2025, 19:12:15,540
FROV00001,FrozenEngine,1591,11/01/2025, 20:16:29,540
FROV00001,FrozenEngine,1591,11/01/2025, 21:14:08,540
FROV00001,FrozenEngine,1591,11/01/2025, 22:15:13,540
FROV00001,FrozenEngine,1591,11/01/2025, 23:15:05,540
FROV00001,FrozenEngine,1591,11/02/2025, 01:20:08,540
FROV00001,FrozenEngine,1591,11/02/2025, 03:13:57,540
FROV00001,FrozenEngine,1591,11/02/2025, 04:20:35,540
FROV00001,FrozenEngine,1591,11/02/2025, 05:16:40,540
FROV00001,FrozenEngine,1591,11/02/2025, 06:23:54,540
FROV00001,FrozenEngine,1591,11/02/2025, 07:15:29,540
FROV00001,FrozenEngine,1591,11/02/2025, 08:19:34,540
FROV00001,FrozenEngine,1591,11/02/2025, 09:15:58,540
FROV00001,FrozenEngine,1591,11/02/2025, 10:16:15,540
FROV00001,FrozenEngine,1591,11/02/2025, 11:13:12,540
FROV00001,FrozenEngine,1591,11/02/2025, 12:29:48,540
FROV00001,FrozenEngine,1591,11/02/2025, 13:21:55,540
FROV00001,FrozenEngine,1591,11/02/2025, 14:14:38,540
FROV00001,FrozenEngine,1591,11/02/2025, 15:15:03,540
FROV00001,FrozenEngine,1591,11/02/2025, 16:18:35,540
FROV00001,FrozenEngine,1591,11/02/2025, 17:14:09,540
FROV00001,FrozenEngine,1591,11/02/2025, 18:20:52,540
FROV00001,FrozenEngine,1591,11/02/2025, 19:12:53,540
FROV00001,FrozenEngine,1591,11/02/2025, 20:16:58,540
FROV00001,FrozenEngine,1591,11/02/2025, 21:14:25,540
FROV00001,FrozenEngine,1591,11/02/2025, 22:15:39,540
FROV00001,FrozenEngine,1591,11/02/2025, 23:14:59,540
FROV00001,FrozenEngine,1591,11/03/2025, 01:19:09,540
FROV00001,FrozenEngine,1591,11/03/2025, 03:15:49,540
FROV00001,FrozenEngine,1591,11/03/2025, 04:26:09,540
FROV00001,FrozenEngine,1591,11/03/2025, 05:18:35,540
FROV00001,FrozenEngine,1591,11/03/2025, 06:27:31,540
FROV00001,FrozenEngine,1591,11/03/2025, 07:18:04,540
FROV00001,FrozenEngine,1591,11/03/2025, 08:24:40,540
FROV00001,FrozenEngine,1591,11/03/2025, 09:21:29,540
FROV00001,FrozenEngine,1591,11/03/2025, 10:20:31,540
FROV00001,FrozenEngine,1591,11/03/2025, 11:15:28,540
FROV00001,FrozenEngine,1591,11/03/2025, 12:35:53,540
FROV00001,FrozenEngine,1591,11/03/2025, 13:29:16,540
FROV00001,FrozenEngine,1591,11/03/2025, 14:17:57,540
FROV00001,FrozenEngine,1591,11/03/2025, 15:18:23,540
FROV00001,FrozenEngine,1591,11/03/2025, 16:20:39,540
FROV00001,FrozenEngine,1591,11/03/2025, 17:16:14,540
FROV00001,FrozenEngine,1591,11/03/2025, 18:24:10,540
FROV00001,FrozenEngine,1591,11/03/2025, 19:15:20,540
FROV00001,FrozenEngine,1591,11/03/2025, 20:19:51,540
FROV00001,FrozenEngine,1591,11/03/2025, 21:16:27,540
FROV00001,FrozenEngine,1591,11/03/2025, 22:17:07,540
FROV00001,FrozenEngine,1591,11/03/2025, 23:16:13,540
FROV00001,FrozenEngine,1591,11/04/2025, 01:16:13,540
FROV00001,FrozenEngine,1591,11/04/2025, 03:08:48,540
FROV00001,FrozenEngine,1591,11/04/2025, 04:20:17,540
FROV00001,FrozenEngine,1591,11/04/2025, 05:17:46,540
FROV00001,FrozenEngine,1591,11/04/2025, 06:26:41,540
FROV00001,FrozenEngine,1591,11/04/2025, 07:17:25,540
FROV00001,FrozenEngine,1591,11/04/2025, 08:23:39,540
FROV00001,FrozenEngine,1591,11/04/2025, 09:20:25,540
FROV00001,FrozenEngine,1591,11/04/2025, 10:20:38,540
FROV00001,FrozenEngine,1591,11/04/2025, 11:16:11,540
FROV00001,FrozenEngine,1591,11/04/2025, 12:37:26,540
FROV00001,FrozenEngine,1591,11/04/2025, 13:32:18,540
FROV00001,FrozenEngine,1591,11/04/2025, 14:18:08,540
FROV00001,FrozenEngine,1591,11/04/2025, 15:19:28,540
FROV00001,FrozenEngine,1591,11/04/2025, 16:21:23,540
FROV00001,FrozenEngine,1591,11/04/2025, 17:14:48,540
FROV00001,FrozenEngine,1591,11/04/2025, 18:24:44,540
FROV00001,FrozenEngine,1591,11/04/2025, 19:14:09,540
FROV00001,FrozenEngine,1591,11/04/2025, 20:19:49,540
FROV00001,FrozenEngine,1591,11/04/2025, 21:16:30,540
FROV00001,FrozenEngine,1591,11/04/2025, 22:15:41,540
FROV00001,FrozenEngine,1591,11/04/2025, 23:16:06,540
FROV00001,FrozenEngine,1591,11/05/2025, 01:17:31,540
FROV00001,FrozenEngine,1591,11/05/2025, 03:10:23,540
FROV00001,FrozenEngine,1591,11/05/2025, 04:20:43,540
FROV00001,FrozenEngine,1591,11/05/2025, 05:18:15,540
FROV00001,FrozenEngine,1591,11/05/2025, 06:26:23,540
FROV00001,FrozenEngine,1591,11/05/2025, 07:17:31,540
FROV00001,FrozenEngine,1591,11/05/2025, 08:23:39,540
FROV00001,FrozenEngine,1591,11/05/2025, 09:19:42,540
FROV00001,FrozenEngine,1591,11/05/2025, 10:20:10,540
FROV00001,FrozenEngine,1591,11/05/2025, 11:16:07,540
FROV00001,FrozenEngine,1591,11/05/2025, 12:35:17,540
FROV00001,FrozenEngine,1591,11/05/2025, 13:30:42,540
FROV00001,FrozenEngine,1591,11/05/2025, 14:17:47,540
FROV00001,FrozenEngine,1591,11/05/2025, 15:18:32,540
FROV00001,FrozenEngine,1591,11/05/2025, 16:22:41,540
FROV00001,FrozenEngine,1591,11/05/2025, 17:18:15,540
FROV00001,FrozenEngine,1591,11/05/2025, 18:25:02,540
FROV00001,FrozenEngine,1591,11/05/2025, 19:14:56,540
FROV00001,FrozenEngine,1591,11/05/2025, 20:20:32,540
FROV00001,FrozenEngine,1591,11/05/2025, 21:16:24,540
FROV00001,FrozenEngine,1591,11/05/2025, 22:16:47,540
FROV00001,FrozenEngine,1591,11/05/2025, 23:16:41,540
FROV00001,FrozenEngine,1591,11/06/2025, 01:16:45,540
FROV00001,FrozenEngine,1591,11/06/2025, 03:12:29,540
FROV00001,FrozenEngine,1591,11/06/2025, 04:23:40,540
FROV00001,FrozenEngine,1591,11/06/2025, 05:18:07,540
FROV00001,FrozenEngine,1591,11/06/2025, 06:26:38,540
FROV00001,FrozenEngine,1591,11/06/2025, 07:17:09,540
FROV00001,FrozenEngine,1591,11/06/2025, 08:23:25,540
FROV00001,FrozenEngine,1591,11/06/2025, 09:19:00,540
FROV00001,FrozenEngine,1591,11/06/2025, 10:20:05,540
FROV00001,FrozenEngine,1591,11/06/2025, 11:15:56,540
FROV00001,FrozenEngine,1591,11/06/2025, 12:34:52,540
FROV00001,FrozenEngine,1591,11/06/2025, 13:29:56,540
FROV00001,FrozenEngine,1591,11/06/2025, 14:18:07,540
FROV00001,FrozenEngine,1591,11/06/2025, 15:19:28,540
FROV00001,FrozenEngine,1591,11/06/2025, 16:22:56,540
FROV00001,FrozenEngine,1591,11/06/2025, 17:17:19,540
FROV00001,FrozenEngine,1591,11/06/2025, 18:25:40,540
FROV00001,FrozenEngine,1591,11/06/2025, 19:14:57,540
FROV00001,FrozenEngine,1591,11/06/2025, 20:19:36,540
FROV00001,FrozenEngine,1591,11/06/2025, 21:16:01,540
FROV00001,FrozenEngine,1591,11/06/2025, 22:17:02,540
FROV00001,FrozenEngine,1591,11/06/2025, 23:16:28,540
FROV00001,FrozenEngine,1591,11/07/2025, 01:16:17,540
FROV00001,FrozenEngine,1591,11/07/2025, 03:09:30,540
FROV00001,FrozenEngine,1591,11/07/2025, 04:20:05,540
FROV00001,FrozenEngine,1591,11/07/2025, 05:18:05,540
FROV00001,FrozenEngine,1591,11/07/2025, 06:26:23,540
FROV00001,FrozenEngine,1591,11/07/2025, 07:17:12,540
FROV00001,FrozenEngine,1591,11/07/2025, 08:23:26,540
FROV00001,FrozenEngine,1591,11/07/2025, 09:18:16,540
FROV00001,FrozenEngine,1591,11/07/2025, 10:19:29,540
FROV00001,FrozenEngine,1591,11/07/2025, 11:15:22,540
FROV00001,FrozenEngine,1591,11/07/2025, 12:33:49,540
FROV00001,FrozenEngine,1591,11/07/2025, 13:26:43,540
FROV00001,FrozenEngine,1591,11/07/2025, 14:17:15,540
FROV00001,FrozenEngine,1591,11/07/2025, 15:18:14,540
FROV00001,FrozenEngine,1591,11/07/2025, 16:18:30,540
FROV00001,FrozenEngine,1591,11/07/2025, 17:16:04,540
FROV00001,FrozenEngine,1591,11/07/2025, 18:23:57,540
FROV00001,FrozenEngine,1591,11/07/2025, 19:14:51,540
FROV00001,FrozenEngine,1591,11/07/2025, 20:17:49,540
FROV00001,FrozenEngine,1591,11/07/2025, 21:13:21,540
FROV00001,FrozenEngine,1592,11/07/2025, 22:16:19,540
FROV00001,FrozenEngine,1592,11/07/2025, 23:15:59,540
FROV00001,FrozenEngine,1592,11/08/2025, 01:12:31,540
FROV00001,FrozenEngine,1592,11/08/2025, 03:00:46,540
FROV00001,FrozenEngine,1592,11/08/2025, 03:38:55,540
FROV00001,FrozenEngine,1592,11/08/2025, 04:19:38,540
FROV00001,FrozenEngine,1592,11/08/2025, 05:16:13,540
FROV00001,FrozenEngine,1592,11/08/2025, 06:23:07,540
FROV00001,FrozenEngine,1592,11/08/2025, 07:15:29,540
FROV00001,FrozenEngine,1592,11/08/2025, 08:20:26,540
FROV00001,FrozenEngine,1592,11/08/2025, 09:16:09,540
FROV00001,FrozenEngine,1592,11/08/2025, 10:16:24,540
FROV00001,FrozenEngine,1592,11/08/2025, 11:13:30,540
FROV00001,FrozenEngine,1592,11/08/2025, 12:30:37,540
FROV00001,FrozenEngine,1592,11/08/2025, 13:22:23,540
FROV00001,FrozenEngine,1592,11/08/2025, 14:14:45,540
FROV00001,FrozenEngine,1592,11/08/2025, 15:15:54,540
FROV00001,FrozenEngine,1592,11/08/2025, 16:19:11,540
FROV00001,FrozenEngine,1592,11/08/2025, 17:13:54,540
FROV00001,FrozenEngine,1592,11/08/2025, 18:21:51,540
FROV00001,FrozenEngine,1592,11/08/2025, 19:13:27,540
FROV00001,FrozenEngine,1592,11/08/2025, 20:16:46,540
FROV00001,FrozenEngine,1592,11/08/2025, 21:14:18,540
FROV00001,FrozenEngine,1592,11/08/2025, 22:14:47,540
FROV00001,FrozenEngine,1592,11/08/2025, 23:15:02,540
FROV00001,FrozenEngine,1592,11/09/2025, 01:19:52,540
FROV00001,FrozenEngine,1592,11/09/2025, 03:11:56,540
FROV00001,FrozenEngine,1593,11/09/2025, 04:20:01,540
FROV00001,FrozenEngine,1593,11/09/2025, 05:16:16,540
FROV00001,FrozenEngine,1593,11/09/2025, 06:23:39,540
FROV00001,FrozenEngine,1593,11/09/2025, 07:16:00,540
FROV00001,FrozenEngine,1593,11/09/2025, 08:19:45,540
FROV00001,FrozenEngine,1593,11/09/2025, 09:15:53,540
FROV00001,FrozenEngine,1593,11/09/2025, 10:16:04,540
FROV00001,FrozenEngine,1593,11/09/2025, 11:13:17,540
FROV00001,FrozenEngine,1593,11/09/2025, 12:30:26,540
FROV00001,FrozenEngine,1593,11/09/2025, 13:22:28,540
FROV00001,FrozenEngine,1593,11/09/2025, 14:14:20,540
FROV00001,FrozenEngine,1593,11/09/2025, 15:14:58,540
FROV00001,FrozenEngine,1593,11/09/2025, 16:18:49,540
FROV00001,FrozenEngine,1593,11/09/2025, 17:13:48,540
FROV00001,FrozenEngine,1593,11/09/2025, 18:22:02,540
FROV00001,FrozenEngine,1593,11/09/2025, 19:13:00,540
FROV00001,FrozenEngine,1593,11/09/2025, 20:17:03,540
FROV00001,FrozenEngine,1593,11/09/2025, 21:14:38,540
FROV00001,FrozenEngine,1593,11/09/2025, 22:15:49,540
FROV00001,FrozenEngine,1593,11/09/2025, 23:15:11,540
FROV00001,FrozenEngine,1593,11/10/2025, 01:19:43,540
FROV00001,FrozenEngine,1593,11/10/2025, 03:17:53,540
FROV00001,FrozenEngine,1593,11/10/2025, 04:25:20,540
FROV00001,FrozenEngine,1593,11/10/2025, 05:18:23,540
FROV00001,FrozenEngine,1593,11/10/2025, 06:28:12,540
FROV00001,FrozenEngine,1593,11/10/2025, 07:18:06,540
FROV00001,FrozenEngine,1593,11/10/2025, 08:24:55,540
FROV00001,FrozenEngine,1593,11/10/2025, 09:21:20,540
FROV00001,FrozenEngine,1593,11/10/2025, 10:20:39,540
FROV00001,FrozenEngine,1593,11/10/2025, 11:15:41,540
FROV00001,FrozenEngine,1593,11/10/2025, 12:35:35,540
FROV00001,FrozenEngine,1593,11/10/2025, 13:30:03,540
FROV00001,FrozenEngine,1593,11/10/2025, 14:18:03,540
FROV00001,FrozenEngine,1593,11/10/2025, 15:19:49,540
FROV00001,FrozenEngine,1593,11/10/2025, 16:22:50,540
FROV00001,FrozenEngine,1593,11/10/2025, 17:16:17,540
FROV00001,FrozenEngine,1593,11/10/2025, 18:24:37,540
FROV00001,FrozenEngine,1593,11/10/2025, 19:14:41,540
FROV00001,FrozenEngine,1593,11/10/2025, 20:20:29,540
FROV00001,FrozenEngine,1593,11/10/2025, 21:16:12,540
FROV00001,FrozenEngine,1593,11/10/2025, 22:17:25,540
FROV00001,FrozenEngine,1593,11/10/2025, 23:17:09,540
FROV00001,FrozenEngine,1594,11/11/2025, 01:17:29,540
FROV00001,FrozenEngine,1594,11/11/2025, 03:12:23,540
FROV00001,FrozenEngine,1594,11/11/2025, 04:22:17,540
FROV00001,FrozenEngine,1594,11/11/2025, 05:18:09,540
FROV00001,FrozenEngine,1594,11/11/2025, 06:26:50,540
FROV00001,FrozenEngine,1594,11/11/2025, 07:17:57,540
FROV00001,FrozenEngine,1594,11/11/2025, 08:23:05,540
FROV00001,FrozenEngine,1594,11/11/2025, 09:19:29,540
FROV00001,FrozenEngine,1594,11/11/2025, 10:20:04,540
FROV00001,FrozenEngine,1594,11/11/2025, 11:15:52,540
FROV00001,FrozenEngine,1594,11/11/2025, 12:35:27,540
FROV00001,FrozenEngine,1594,11/11/2025, 13:29:20,540
FROV00001,FrozenEngine,1594,11/11/2025, 14:17:50,540
FROV00001,FrozenEngine,1595,11/11/2025, 15:18:30,540
FROV00001,FrozenEngine,1595,11/11/2025, 16:22:12,540
FROV00001,FrozenEngine,1595,11/11/2025, 17:16:04,540
FROV00001,FrozenEngine,1595,11/11/2025, 18:24:19,540
FROV00001,FrozenEngine,1595,11/11/2025, 19:14:18,540
FROV00001,FrozenEngine,1595,11/11/2025, 20:19:05,540
FROV00001,FrozenEngine,1595,11/11/2025, 21:15:48,540
FROV00001,FrozenEngine,1595,11/11/2025, 22:17:14,540
FROV00001,FrozenEngine,1595,11/11/2025, 23:16:16,540
FROV00001,FrozenEngine,1595,11/12/2025, 01:16:56,540
FROV00001,FrozenEngine,1595,11/12/2025, 03:10:51,540
FROV00001,FrozenEngine,1595,11/12/2025, 04:21:34,540
FROV00001,FrozenEngine,1595,11/12/2025, 05:18:41,540
FROV00001,FrozenEngine,1595,11/12/2025, 06:26:43,540
FROV00001,FrozenEngine,1595,11/12/2025, 07:17:43,540
FROV00001,FrozenEngine,1595,11/12/2025, 08:23:51,540
FROV00001,FrozenEngine,1595,11/12/2025, 09:20:04,540
FROV00001,FrozenEngine,1595,11/12/2025, 10:19:47,540
FROV00001,FrozenEngine,1595,11/12/2025, 11:15:46,540
FROV00001,FrozenEngine,1595,11/12/2025, 12:36:02,540
FROV00001,FrozenEngine,1595,11/12/2025, 13:31:36,540
FROV00001,FrozenEngine,1595,11/12/2025, 14:18:49,540
FROV00001,FrozenEngine,1595,11/12/2025, 15:20:10,540
FROV00001,FrozenEngine,1595,11/12/2025, 16:23:17,540
FROV00001,FrozenEngine,1595,11/12/2025, 17:17:43,540
FROV00001,FrozenEngine,1595,11/12/2025, 18:25:04,540
FROV00001,FrozenEngine,1595,11/12/2025, 19:14:49,540
FROV00001,FrozenEngine,1595,11/12/2025, 20:19:51,540
FROV00001,FrozenEngine,1595,11/12/2025, 21:17:05,540
FROV00001,FrozenEngine,1595,11/12/2025, 22:17:18,540
FROV00001,FrozenEngine,1595,11/12/2025, 23:17:08,540
FROV00001,FrozenEngine,1595,11/13/2025, 01:17:33,540
FROV00001,FrozenEngine,1595,11/13/2025, 03:13:34,540
FROV00001,FrozenEngine,1595,11/13/2025, 04:23:24,540
FROV00001,FrozenEngine,1595,11/13/2025, 05:18:02,540
FROV00001,FrozenEngine,1595,11/13/2025, 06:26:55,540
FROV00001,FrozenEngine,1595,11/13/2025, 07:17:28,540
FROV00001,FrozenEngine,1595,11/13/2025, 08:23:08,540
FROV00001,FrozenEngine,1595,11/13/2025, 09:20:14,540
FROV00001,FrozenEngine,1595,11/13/2025, 10:20:06,540
FROV00001,FrozenEngine,1595,11/13/2025, 11:16:22,540
FROV00001,FrozenEngine,1595,11/13/2025, 12:36:53,540
FROV00001,FrozenEngine,1595,11/13/2025, 13:31:23,540
FROV00001,FrozenEngine,1595,11/13/2025, 14:17:47,540
FROV00001,FrozenEngine,1595,11/13/2025, 15:20:14,540
FROV00001,FrozenEngine,1595,11/13/2025, 16:21:50,540
FROV00001,FrozenEngine,1595,11/13/2025, 17:18:02,540
FROV00001,FrozenEngine,1595,11/13/2025, 18:24:48,540
FROV00001,FrozenEngine,1595,11/13/2025, 19:14:42,540
FROV00001,FrozenEngine,1595,11/13/2025, 20:20:14,540
FROV00001,FrozenEngine,1595,11/13/2025, 21:16:42,540
FROV00001,FrozenEngine,1595,11/13/2025, 22:17:44,540
FROV00001,FrozenEngine,1595,11/13/2025, 23:17:02,540
FROV00001,FrozenEngine,1595,11/14/2025, 01:16:51,540
FROV00001,FrozenEngine,1595,11/14/2025, 03:11:57,540
FROV00001,FrozenEngine,1595,11/14/2025, 04:21:45,540
FROV00001,FrozenEngine,1595,11/14/2025, 05:17:44,540
FROV00001,FrozenEngine,1595,11/14/2025, 06:26:39,540
FROV00001,FrozenEngine,1595,11/14/2025, 07:17:31,540
FROV00001,FrozenEngine,1595,11/14/2025, 08:23:06,540
FROV00001,FrozenEngine,1595,11/14/2025, 09:19:14,540
FROV00001,FrozenEngine,1595,11/14/2025, 10:20:03,540
FROV00001,FrozenEngine,1595,11/14/2025, 11:15:31,540
FROV00001,FrozenEngine,1595,11/14/2025, 12:35:11,540
FROV00001,FrozenEngine,1595,11/14/2025, 13:28:44,540
FROV00001,FrozenEngine,1595,11/14/2025, 14:17:33,540
FROV00001,FrozenEngine,1595,11/14/2025, 15:16:35,540
FROV00001,FrozenEngine,1595,11/14/2025, 16:22:07,540
FROV00001,FrozenEngine,1595,11/14/2025, 17:15:58,540
FROV00001,FrozenEngine,1595,11/14/2025, 18:24:31,540
FROV00001,FrozenEngine,1595,11/14/2025, 19:14:29,540
FROV00001,FrozenEngine,1595,11/14/2025, 20:19:49,540
FROV00001,FrozenEngine,1595,11/14/2025, 21:16:17,540
FROV00001,FrozenEngine,1595,11/14/2025, 22:16:36,540
FROV00001,FrozenEngine,1595,11/14/2025, 23:16:22,540
FROV00001,FrozenEngine,1595,11/15/2025, 01:14:58,540
FROV00001,FrozenEngine,1595,11/15/2025, 03:05:30,540
FROV00001,FrozenEngine,1595,11/15/2025, 04:20:03,540
FROV00001,FrozenEngine,1595,11/15/2025, 05:16:35,540
FROV00001,FrozenEngine,1595,11/15/2025, 06:23:52,540
FROV00001,FrozenEngine,1595,11/15/2025, 07:15:29,540
FROV00001,FrozenEngine,1595,11/15/2025, 08:20:30,540
FROV00001,FrozenEngine,1595,11/15/2025, 09:16:23,540
FROV00001,FrozenEngine,1595,11/15/2025, 10:16:49,540
FROV00001,FrozenEngine,1595,11/15/2025, 11:13:24,540
FROV00001,FrozenEngine,1595,11/15/2025, 12:30:39,540
FROV00001,FrozenEngine,1595,11/15/2025, 13:23:06,540
FROV00001,FrozenEngine,1595,11/15/2025, 14:14:51,540
FROV00001,FrozenEngine,1595,11/15/2025, 15:15:55,540
FROV00001,FrozenEngine,1595,11/15/2025, 16:18:48,540
FROV00001,FrozenEngine,1595,11/15/2025, 17:13:37,540
FROV00001,FrozenEngine,1595,11/15/2025, 18:21:53,540
FROV00001,FrozenEngine,1595,11/15/2025, 19:12:47,540
FROV00001,FrozenEngine,1595,11/15/2025, 20:17:44,540
FROV00001,FrozenEngine,1595,11/15/2025, 21:14:22,540
FROV00001,FrozenEngine,1595,11/15/2025, 22:13:11,540
FROV00001,FrozenEngine,1595,11/15/2025, 23:15:21,540
FROV00001,FrozenEngine,1595,11/16/2025, 01:21:45,540
FROV00001,FrozenEngine,1595,11/16/2025, 03:16:46,540
FROV00001,FrozenEngine,1595,11/16/2025, 04:23:48,540
FROV00001,FrozenEngine,1595,11/16/2025, 05:16:46,540
FROV00001,FrozenEngine,1595,11/16/2025, 06:24:28,540
FROV00001,FrozenEngine,1595,11/16/2025, 07:16:01,540
FROV00001,FrozenEngine,1595,11/16/2025, 08:20:55,540
FROV00001,FrozenEngine,1595,11/16/2025, 09:16:58,540
FROV00001,FrozenEngine,1595,11/16/2025, 10:16:46,540
FROV00001,FrozenEngine,1595,11/16/2025, 11:13:43,540
FROV00001,FrozenEngine,1595,11/16/2025, 12:30:56,540
FROV00001,FrozenEngine,1595,11/16/2025, 13:22:55,540
FROV00001,FrozenEngine,1595,11/16/2025, 14:14:42,540
FROV00001,FrozenEngine,1595,11/16/2025, 15:15:45,540
FROV00001,FrozenEngine,1595,11/16/2025, 16:19:01,540
FROV00001,FrozenEngine,1595,11/16/2025, 17:14:21,540
FROV00001,FrozenEngine,1595,11/16/2025, 18:22:17,540
FROV00001,FrozenEngine,1595,11/16/2025, 19:13:21,540
FROV00001,FrozenEngine,1595,11/16/2025, 20:18:18,540
FROV00001,FrozenEngine,1595,11/16/2025, 21:15:15,540
FROV00001,FrozenEngine,1595,11/16/2025, 22:16:12,540
FROV00001,FrozenEngine,1595,11/16/2025, 23:16:02,540
FROV00001,FrozenEngine,1595,11/17/2025, 01:17:48,540
FROV00001,FrozenEngine,1595,11/17/2025, 03:14:39,540
FROV00001,FrozenEngine,1595,11/17/2025, 04:24:14,540
FROV00001,FrozenEngine,1595,11/17/2025, 05:18:45,540
FROV00001,FrozenEngine,1595,11/17/2025, 06:27:28,540
FROV00001,FrozenEngine,1595,11/17/2025, 07:18:12,540
FROV00001,FrozenEngine,1595,11/17/2025, 08:25:32,540
FROV00001,FrozenEngine,1595,11/17/2025, 09:22:28,540
FROV00001,FrozenEngine,1595,11/17/2025, 10:20:29,540
FROV00001,FrozenEngine,1595,11/17/2025, 11:15:54,540
FROV00001,FrozenEngine,1595,11/17/2025, 12:35:46,540
FROV00001,FrozenEngine,1595,11/17/2025, 13:30:39,540
FROV00001,FrozenEngine,1595,11/17/2025, 14:18:02,540
FROV00001,FrozenEngine,1595,11/17/2025, 15:20:11,540
FROV00001,FrozenEngine,1595,11/17/2025, 16:23:32,540
FROV00001,FrozenEngine,1595,11/17/2025, 17:17:49,540
FROV00001,FrozenEngine,1595,11/17/2025, 18:25:06,540
FROV00001,FrozenEngine,1595,11/17/2025, 19:14:19,540
FROV00001,FrozenEngine,1595,11/17/2025, 20:20:11,540
FROV00001,FrozenEngine,1595,11/17/2025, 21:16:52,540
FROV00001,FrozenEngine,1595,11/17/2025, 22:17:03,540
FROV00001,FrozenEngine,1595,11/17/2025, 23:16:40,540
FROV00001,FrozenEngine,1595,11/18/2025, 01:17:06,540
FROV00001,FrozenEngine,1595,11/18/2025, 03:11:07,540
FROV00001,FrozenEngine,1595,11/18/2025, 04:21:42,540
FROV00001,FrozenEngine,1595,11/18/2025, 05:17:48,540
FROV00001,FrozenEngine,1595,11/18/2025, 06:26:11,540
FROV00001,FrozenEngine,1595,11/18/2025, 07:18:09,540
FROV00001,FrozenEngine,1595,11/18/2025, 08:23:49,540
FROV00001,FrozenEngine,1595,11/18/2025, 09:19:46,540
FROV00001,FrozenEngine,1595,11/18/2025, 10:20:50,540
FROV00001,FrozenEngine,1595,11/18/2025, 11:16:39,540
FROV00001,FrozenEngine,1595,11/18/2025, 12:36:01,540
FROV00001,FrozenEngine,1595,11/18/2025, 13:30:51,540
FROV00001,FrozenEngine,1595,11/18/2025, 14:17:39,540
FROV00001,FrozenEngine,1595,11/18/2025, 15:20:00,540
FROV00001,FrozenEngine,1595,11/18/2025, 16:23:32,540
FROV00001,FrozenEngine,1595,11/18/2025, 17:17:25,540
FROV00001,FrozenEngine,1595,11/18/2025, 18:26:17,540
FROV00001,FrozenEngine,1595,11/18/2025, 19:15:29,540
FROV00001,FrozenEngine,1595,11/18/2025, 20:20:55,540
FROV00001,FrozenEngine,1595,11/18/2025, 22:18:06,540
FROV00001,FrozenEngine,1595,11/18/2025, 23:16:41,540
FROV00001,FrozenEngine,1595,11/19/2025, 01:16:34,540
FROV00001,FrozenEngine,1595,11/19/2025, 03:10:18,540
FROV00001,FrozenEngine,1595,11/19/2025, 04:21:18,540
FROV00001,FrozenEngine,1595,11/19/2025, 05:18:20,540
FROV00001,FrozenEngine,1595,11/19/2025, 06:25:45,540
FROV00001,FrozenEngine,1595,11/19/2025, 07:18:03,540
FROV00001,FrozenEngine,1595,11/19/2025, 08:23:55,540
FROV00001,FrozenEngine,1595,11/19/2025, 09:20:18,540
FROV00001,FrozenEngine,1595,11/19/2025, 10:19:56,540
FROV00001,FrozenEngine,1595,11/19/2025, 11:15:49,540
FROV00001,FrozenEngine,1595,11/19/2025, 12:36:26,540
FROV00001,FrozenEngine,1595,11/19/2025, 13:30:28,540
FROV00001,FrozenEngine,1595,11/19/2025, 14:17:41,540
FROV00001,FrozenEngine,1595,11/19/2025, 15:19:31,540
FROV00001,FrozenEngine,1595,11/19/2025, 16:23:10,540
FROV00001,FrozenEngine,1595,11/19/2025, 17:17:20,540
FROV00001,FrozenEngine,1595,11/19/2025, 18:25:39,540
FROV00001,FrozenEngine,1595,11/19/2025, 19:15:01,540
FROV00001,FrozenEngine,1595,11/19/2025, 20:17:46,540
FROV00001,FrozenEngine,1595,11/19/2025, 21:14:14,540
FROV00001,FrozenEngine,1595,11/19/2025, 22:17:12,540
FROV00001,FrozenEngine,1595,11/19/2025, 23:17:08,540
FROV00001,FrozenEngine,1595,11/20/2025, 01:15:40,540
FROV00001,FrozenEngine,1595,11/20/2025, 03:08:33,540
FROV00001,FrozenEngine,1595,11/20/2025, 04:20:28,540
FROV00001,FrozenEngine,1595,11/20/2025, 05:18:19,540
FROV00001,FrozenEngine,1595,11/20/2025, 06:25:55,540
FROV00001,FrozenEngine,1595,11/20/2025, 07:17:42,540
FROV00001,FrozenEngine,1595,11/20/2025, 08:24:16,540
FROV00001,FrozenEngine,1595,11/20/2025, 09:19:27,540
FROV00001,FrozenEngine,1595,11/20/2025, 10:19:24,540
FROV00001,FrozenEngine,1595,11/20/2025, 11:16:19,540
FROV00001,FrozenEngine,1595,11/20/2025, 12:35:08,540
FROV00001,FrozenEngine,1595,11/20/2025, 13:29:01,540
FROV00001,FrozenEngine,1595,11/20/2025, 14:18:19,540
FROV00001,FrozenEngine,1595,11/20/2025, 15:18:51,540
FROV00001,FrozenEngine,1595,11/20/2025, 16:22:30,540
FROV00001,FrozenEngine,1595,11/20/2025, 17:14:48,540
FROV00001,FrozenEngine,1595,11/20/2025, 18:25:48,540
FROV00001,FrozenEngine,1595,11/20/2025, 19:14:28,540
FROV00001,FrozenEngine,1595,11/20/2025, 20:20:33,540
FROV00001,FrozenEngine,1595,11/20/2025, 21:16:51,540
FROV00001,FrozenEngine,1595,11/20/2025, 22:16:49,540
FROV00001,FrozenEngine,1595,11/20/2025, 23:16:45,540
FROV00001,FrozenEngine,1595,11/21/2025, 01:16:04,540
FROV00001,FrozenEngine,1595,11/21/2025, 03:09:15,540
FROV00001,FrozenEngine,1595,11/21/2025, 04:21:05,540
FROV00001,FrozenEngine,1595,11/21/2025, 05:18:24,540
FROV00001,FrozenEngine,1595,11/21/2025, 06:27:11,540
FROV00001,FrozenEngine,1595,11/21/2025, 07:18:07,540
FROV00001,FrozenEngine,1595,11/21/2025, 08:24:40,540
FROV00001,FrozenEngine,1595,11/21/2025, 09:19:15,540
FROV00001,FrozenEngine,1595,11/21/2025, 10:19:08,540
FROV00001,FrozenEngine,1595,11/21/2025, 11:15:23,540
FROV00001,FrozenEngine,1595,11/21/2025, 12:34:17,540
FROV00001,FrozenEngine,1595,11/21/2025, 13:26:59,540
FROV00001,FrozenEngine,1595,11/21/2025, 14:17:42,540
FROV00001,FrozenEngine,1595,11/21/2025, 15:16:47,540
FROV00001,FrozenEngine,1595,11/21/2025, 16:21:55,540
FROV00001,FrozenEngine,1595,11/21/2025, 17:16:06,540
FROV00001,FrozenEngine,1595,11/21/2025, 18:24:05,540
FROV00001,FrozenEngine,1595,11/21/2025, 19:15:25,540
FROV00001,FrozenEngine,1595,11/21/2025, 20:20:11,540
FROV00001,FrozenEngine,1595,11/21/2025, 21:16:12,540
FROV00001,FrozenEngine,1595,11/21/2025, 22:17:31,540
FROV00001,FrozenEngine,1595,11/21/2025, 23:16:10,540
FROV00001,FrozenEngine,1595,11/22/2025, 01:13:46,540
FROV00001,FrozenEngine,1595,11/22/2025, 03:02:38,540
FROV00001,FrozenEngine,1595,11/22/2025, 04:20:01,540
FROV00001,FrozenEngine,1595,11/22/2025, 05:16:42,540
FROV00001,FrozenEngine,1595,11/22/2025, 06:23:32,540
FROV00001,FrozenEngine,1595,11/22/2025, 07:15:55,540
FROV00001,FrozenEngine,1595,11/22/2025, 08:21:18,540
FROV00001,FrozenEngine,1595,11/22/2025, 09:17:02,540
FROV00001,FrozenEngine,1595,11/22/2025, 10:17:20,540
FROV00001,FrozenEngine,1595,11/22/2025, 11:13:40,540
FROV00001,FrozenEngine,1595,11/22/2025, 12:30:10,540
FROV00001,FrozenEngine,1595,11/22/2025, 13:22:17,540
FROV00001,FrozenEngine,1595,11/22/2025, 14:14:57,540
FROV00001,FrozenEngine,1595,11/22/2025, 15:15:48,540
FROV00001,FrozenEngine,1595,11/22/2025, 16:19:39,540
FROV00001,FrozenEngine,1595,11/22/2025, 17:14:33,540
FROV00001,FrozenEngine,1595,11/22/2025, 18:22:35,540
FROV00001,FrozenEngine,1595,11/22/2025, 19:13:26,540
FROV00001,FrozenEngine,1595,11/22/2025, 20:18:16,540
FROV00001,FrozenEngine,1595,11/22/2025, 21:15:07,540
FROV00001,FrozenEngine,1595,11/22/2025, 22:16:10,540
FROV00001,FrozenEngine,1595,11/22/2025, 23:16:37,540
FROV00001,FrozenEngine,1595,11/23/2025, 01:26:31,540
FROV00001,FrozenEngine,1595,11/23/2025, 03:25:52,540
FROV00001,FrozenEngine,1595,11/23/2025, 04:31:24,540
FROV00001,FrozenEngine,1595,11/23/2025, 05:16:41,540
FROV00001,FrozenEngine,1595,11/23/2025, 06:24:32,540
FROV00001,FrozenEngine,1595,11/23/2025, 07:16:36,540
FROV00001,FrozenEngine,1595,11/23/2025, 08:21:34,540
FROV00001,FrozenEngine,1595,11/23/2025, 09:17:11,540
FROV00001,FrozenEngine,1595,11/23/2025, 10:17:10,540
FROV00001,FrozenEngine,1595,11/23/2025, 11:14:08,540
FROV00001,FrozenEngine,1595,11/23/2025, 12:30:14,540
FROV00001,FrozenEngine,1595,11/23/2025, 13:22:16,540
FROV00001,FrozenEngine,1595,11/23/2025, 14:15:15,540
FROV00001,FrozenEngine,1595,11/23/2025, 15:16:10,540
FROV00001,FrozenEngine,1595,11/23/2025, 16:19:57,540
FROV00001,FrozenEngine,1595,11/23/2025, 17:14:57,540
FROV00001,FrozenEngine,1595,11/23/2025, 18:23:02,540
FROV00001,FrozenEngine,1595,11/23/2025, 19:13:57,540
FROV00001,FrozenEngine,1595,11/23/2025, 20:19:17,540
FROV00001,FrozenEngine,1595,11/23/2025, 21:15:45,540
FROV00001,FrozenEngine,1595,11/23/2025, 22:16:21,540
FROV00001,FrozenEngine,1595,11/23/2025, 23:16:22,540
FROV00001,FrozenEngine,1595,11/24/2025, 01:21:43,540
FROV00001,FrozenEngine,1595,11/24/2025, 03:22:45,540
FROV00001,FrozenEngine,1595,11/24/2025, 04:32:24,540
FROV00001,FrozenEngine,1595,11/24/2025, 05:19:17,540
FROV00001,FrozenEngine,1595,11/24/2025, 06:27:48,540
FROV00001,FrozenEngine,1595,11/24/2025, 07:18:53,540
FROV00001,FrozenEngine,1595,11/24/2025, 08:25:27,540
FROV00001,FrozenEngine,1595,11/24/2025, 09:22:09,540
FROV00001,FrozenEngine,1595,11/24/2025, 10:20:52,540
FROV00001,FrozenEngine,1595,11/24/2025, 11:22:49,540
FROV00001,FrozenEngine,1595,11/24/2025, 12:36:35,540
FROV00001,FrozenEngine,1595,11/24/2025, 13:32:14,540
FROV00001,FrozenEngine,1595,11/24/2025, 14:18:35,540
FROV00001,FrozenEngine,1595,11/24/2025, 15:20:57,540
FROV00001,FrozenEngine,1595,11/24/2025, 16:20:11,540
FROV00001,FrozenEngine,1595,11/24/2025, 17:17:27,540
FROV00001,FrozenEngine,1595,11/24/2025, 18:26:43,540
FROV00001,FrozenEngine,1595,11/24/2025, 19:12:39,540
FROV00001,FrozenEngine,1595,11/24/2025, 20:20:40,540
FROV00001,FrozenEngine,1595,11/24/2025, 21:17:12,540
FROV00001,FrozenEngine,1595,11/24/2025, 22:16:58,540
FROV00001,FrozenEngine,1595,11/24/2025, 23:16:42,540
FROV00001,FrozenEngine,1595,11/25/2025, 01:16:47,540
FROV00001,FrozenEngine,1595,11/25/2025, 03:13:12,540
FROV00001,FrozenEngine,1595,11/25/2025, 04:24:25,540
FROV00001,FrozenEngine,1595,11/25/2025, 05:18:49,540
FROV00001,FrozenEngine,1595,11/25/2025, 06:27:52,540
FROV00001,FrozenEngine,1595,11/25/2025, 07:18:27,540
FROV00001,FrozenEngine,1595,11/25/2025, 08:24:53,540
FROV00001,FrozenEngine,1595,11/25/2025, 09:21:21,540
FROV00001,FrozenEngine,1595,11/25/2025, 10:21:05,540
FROV00001,FrozenEngine,1595,11/25/2025, 11:16:49,540
FROV00001,FrozenEngine,1595,11/25/2025, 12:36:56,540
FROV00001,FrozenEngine,1595,11/25/2025, 13:32:48,540
FROV00001,FrozenEngine,1595,11/25/2025, 14:18:33,540
FROV00001,FrozenEngine,1595,11/25/2025, 15:20:14,540
FROV00001,FrozenEngine,1595,11/25/2025, 16:23:35,540
FROV00001,FrozenEngine,1595,11/25/2025, 17:18:33,540
FROV00001,FrozenEngine,1595,11/25/2025, 18:26:58,540
FROV00001,FrozenEngine,1595,11/25/2025, 19:16:04,540
FROV00001,FrozenEngine,1595,11/25/2025, 20:20:20,540
FROV00001,FrozenEngine,1595,11/25/2025, 21:16:40,540
FROV00001,FrozenEngine,1595,11/25/2025, 22:18:01,540
FROV00001,FrozenEngine,1595,11/25/2025, 23:16:41,540
FROV00001,FrozenEngine,1595,11/26/2025, 01:17:25,540
FROV00001,FrozenEngine,1595,11/26/2025, 03:13:28,540
FROV00001,FrozenEngine,1595,11/26/2025, 04:24:05,540
FROV00001,FrozenEngine,1595,11/26/2025, 05:18:18,540
FROV00001,FrozenEngine,1595,11/26/2025, 06:27:49,540
FROV00001,FrozenEngine,1595,11/26/2025, 07:18:05,540
FROV00001,FrozenEngine,1595,11/26/2025, 08:24:13,540
FROV00001,FrozenEngine,1595,11/26/2025, 09:20:47,540
FROV00001,FrozenEngine,1595,11/26/2025, 10:20:31,540
FROV00001,FrozenEngine,1595,11/26/2025, 11:16:33,540
FROV00001,FrozenEngine,1595,11/26/2025, 12:37:17,540
FROV00001,FrozenEngine,1595,11/26/2025, 13:33:26,540
FROV00001,FrozenEngine,1595,11/26/2025, 14:19:18,540
FROV00001,FrozenEngine,1595,11/26/2025, 15:17:38,540
FROV00001,FrozenEngine,1595,11/26/2025, 16:22:22,540
FROV00001,FrozenEngine,1595,11/26/2025, 17:16:36,540
FROV00001,FrozenEngine,1595,11/26/2025, 18:22:14,540
FROV00001,FrozenEngine,1595,11/26/2025, 19:14:44,540
FROV00001,FrozenEngine,1595,11/26/2025, 20:19:54,540
FROV00001,FrozenEngine,1595,11/26/2025, 21:16:13,540
FROV00001,FrozenEngine,1595,11/26/2025, 22:17:43,540
FROV00001,FrozenEngine,1595,11/26/2025, 23:16:31,540
FROV00001,FrozenEngine,1595,11/27/2025, 01:16:30,540
FROV00001,FrozenEngine,1595,11/27/2025, 03:10:06,540
FROV00001,FrozenEngine,1595,11/27/2025, 04:21:57,540
FROV00001,FrozenEngine,1595,11/27/2025, 05:18:53,540
FROV00001,FrozenEngine,1595,11/27/2025, 06:28:02,540
FROV00001,FrozenEngine,1595,11/27/2025, 07:19:03,540
FROV00001,FrozenEngine,1595,11/27/2025, 08:25:07,540
FROV00001,FrozenEngine,1595,11/27/2025, 09:20:19,540
FROV00001,FrozenEngine,1595,11/27/2025, 10:20:01,540
FROV00001,FrozenEngine,1595,11/27/2025, 11:16:42,540
FROV00001,FrozenEngine,1595,11/27/2025, 12:36:49,540
FROV00001,FrozenEngine,1595,11/27/2025, 13:31:00,540
FROV00001,FrozenEngine,1595,11/27/2025, 14:18:28,540
FROV00001,FrozenEngine,1595,11/27/2025, 15:18:19,540
FROV00001,FrozenEngine,1595,11/27/2025, 16:22:05,540
FROV00001,FrozenEngine,1595,11/27/2025, 17:14:58,540
FROV00001,FrozenEngine,1595,11/27/2025, 18:24:18,540
FROV00001,FrozenEngine,1595,11/27/2025, 19:14:44,540
FROV00001,FrozenEngine,1595,11/27/2025, 20:18:22,540
FROV00001,FrozenEngine,1595,11/27/2025, 21:16:09,540
FROV00001,FrozenEngine,1595,11/27/2025, 22:17:03,540
FROV00001,FrozenEngine,1595,11/27/2025, 23:16:42,540
FROV00001,FrozenEngine,1595,11/28/2025, 01:15:33,540
FROV00001,FrozenEngine,1595,11/28/2025, 03:09:51,540
FROV00001,FrozenEngine,1595,11/28/2025, 04:21:37,540
FROV00001,FrozenEngine,1595,11/28/2025, 05:19:01,540
FROV00001,FrozenEngine,1595,11/28/2025, 06:28:04,540
FROV00001,FrozenEngine,1595,11/28/2025, 07:18:38,540
FROV00001,FrozenEngine,1595,11/28/2025, 08:24:31,540
FROV00001,FrozenEngine,1595,11/28/2025, 09:19:15,540
FROV00001,FrozenEngine,1595,11/28/2025, 10:20:12,540
FROV00001,FrozenEngine,1595,11/28/2025, 11:16:20,540
FROV00001,FrozenEngine,1595,11/28/2025, 12:35:12,540
FROV00001,FrozenEngine,1595,11/28/2025, 13:29:25,540
FROV00001,FrozenEngine,1595,11/28/2025, 14:18:26,540
FROV00001,FrozenEngine,1595,11/28/2025, 15:18:41,540
FROV00001,FrozenEngine,1595,11/28/2025, 16:22:36,540
FROV00001,FrozenEngine,1595,11/28/2025, 17:15:52,540
FROV00001,FrozenEngine,1596,11/28/2025, 18:24:37,540
FROV00001,FrozenEngine,1596,11/28/2025, 19:14:14,540
FROV00001,FrozenEngine,1596,11/28/2025, 20:19:45,540
FROV00001,FrozenEngine,1596,11/28/2025, 21:15:36,540
FROV00001,FrozenEngine,1596,11/28/2025, 22:16:36,540
FROV00001,FrozenEngine,1596,11/28/2025, 23:16:41,540
FROV00001,FrozenEngine,1596,11/29/2025, 01:15:38,540
FROV00001,FrozenEngine,1596,11/29/2025, 03:10:24,540
FROV00001,FrozenEngine,1596,11/29/2025, 04:21:03,540
FROV00001,FrozenEngine,1596,11/29/2025, 05:17:48,540
FROV00001,FrozenEngine,1596,11/29/2025, 06:24:51,540
FROV00001,FrozenEngine,1596,11/29/2025, 07:16:17,540
FROV00001,FrozenEngine,1596,11/29/2025, 08:22:07,540
FROV00001,FrozenEngine,1596,11/29/2025, 09:17:46,540
FROV00001,FrozenEngine,1596,11/29/2025, 10:17:58,540
FROV00001,FrozenEngine,1596,11/29/2025, 11:14:21,540
FROV00001,FrozenEngine,1596,11/29/2025, 12:32:27,540
FROV00001,FrozenEngine,1596,11/29/2025, 13:25:06,540
FROV00001,FrozenEngine,1596,11/29/2025, 14:16:06,540
FROV00001,FrozenEngine,1596,11/29/2025, 15:16:28,540
FROV00001,FrozenEngine,1596,11/29/2025, 16:20:30,540
FROV00001,FrozenEngine,1596,11/29/2025, 17:15:28,540
FROV00001,FrozenEngine,1596,11/29/2025, 18:23:29,540
FROV00001,FrozenEngine,1596,11/29/2025, 19:13:51,540
FROV00001,FrozenEngine,1596,11/29/2025, 20:19:07,540
FROV00001,FrozenEngine,1596,11/29/2025, 21:15:26,540
FROV00001,FrozenEngine,1596,11/29/2025, 22:16:24,540
FROV00001,FrozenEngine,1596,11/29/2025, 23:16:35,540
FROV00001,FrozenEngine,1597,11/30/2025, 01:26:12,540
FROV00001,FrozenEngine,1597,11/30/2025, 03:25:30,540
FROV00001,FrozenEngine,1597,11/30/2025, 04:32:39,540
FROV00001,FrozenEngine,1597,11/30/2025, 05:17:48,540
FROV00001,FrozenEngine,1597,11/30/2025, 06:26:00,540
FROV00001,FrozenEngine,1597,11/30/2025, 07:16:03,540
FROV00001,FrozenEngine,1597,11/30/2025, 08:21:12,540
FROV00001,FrozenEngine,1597,11/30/2025, 09:17:08,540
FROV00001,FrozenEngine,1597,11/30/2025, 10:17:31,540
FROV00001,FrozenEngine,1597,11/30/2025, 11:14:45,540
FROV00001,FrozenEngine,1597,11/30/2025, 12:31:54,540
FROV00001,FrozenEngine,1597,11/30/2025, 13:24:37,540
FROV00001,FrozenEngine,1597,11/30/2025, 14:16:07,540
FROV00001,FrozenEngine,1597,11/30/2025, 15:16:37,540
FROV00001,FrozenEngine,1597,11/30/2025, 16:20:46,540
FROV00001,FrozenEngine,1597,11/30/2025, 17:15:14,540
FROV00001,FrozenEngine,1597,11/30/2025, 18:23:24,540
FROV00001,FrozenEngine,1597,11/30/2025, 19:14:08,540
FROV00001,FrozenEngine,1597,11/30/2025, 20:19:22,540
FROV00001,FrozenEngine,1597,11/30/2025, 21:16:14,540
FROV00001,FrozenEngine,1597,11/30/2025, 22:16:51,540
FROV00001,FrozenEngine,1597,11/30/2025, 23:16:28,540
FROV00001,FrozenEngine,1597,12/01/2025, 01:40:52,540
FROV00001,FrozenEngine,1597,12/01/2025, 03:49:09,540
FROV00001,FrozenEngine,1597,12/01/2025, 04:47:21,540
FROV00001,FrozenEngine,1597,12/01/2025, 05:26:11,540
FROV00001,FrozenEngine,1597,12/01/2025, 06:29:17,540
FROV00001,FrozenEngine,1597,12/01/2025, 07:21:39,540
FROV00001,FrozenEngine,1597,12/01/2025, 08:28:04,540
FROV00001,FrozenEngine,1597,12/01/2025, 09:25:21,540
FROV00001,FrozenEngine,1597,12/01/2025, 10:21:52,540
FROV00001,FrozenEngine,1597,12/01/2025, 11:16:53,540
FROV00001,FrozenEngine,1597,12/01/2025, 12:37:20,540
FROV00001,FrozenEngine,1597,12/01/2025, 13:34:22,540
FROV00001,FrozenEngine,1597,12/01/2025, 14:19:55,540
FROV00001,FrozenEngine,1597,12/01/2025, 15:19:33,540
FROV00001,FrozenEngine,1597,12/01/2025, 16:25:02,540
FROV00001,FrozenEngine,1598,12/01/2025, 17:19:53,540
FROV00001,FrozenEngine,1598,12/01/2025, 18:29:07,540
FROV00001,FrozenEngine,1598,12/01/2025, 19:19:40,540
FROV00001,FrozenEngine,1598,12/01/2025, 20:18:40,540
FROV00001,FrozenEngine,1598,12/01/2025, 21:15:50,540
FROV00001,FrozenEngine,1598,12/01/2025, 22:16:01,540
FROV00001,FrozenEngine,1598,12/01/2025, 23:17:19,540
FROV00001,FrozenEngine,1598,12/02/2025, 01:18:53,540
FROV00001,FrozenEngine,1598,12/02/2025, 03:17:15,540
FROV00001,FrozenEngine,1598,12/02/2025, 04:28:48,540
FROV00001,FrozenEngine,1598,12/02/2025, 05:18:34,540
FROV00001,FrozenEngine,1598,12/02/2025, 06:29:05,540
FROV00001,FrozenEngine,1598,12/02/2025, 07:20:45,540
FROV00001,FrozenEngine,1598,12/02/2025, 08:25:57,540
FROV00001,FrozenEngine,1598,12/02/2025, 09:23:59,540
FROV00001,FrozenEngine,1598,12/02/2025, 10:20:39,540
FROV00001,FrozenEngine,1598,12/02/2025, 11:17:46,540
FROV00001,FrozenEngine,1598,12/02/2025, 12:38:28,540
FROV00001,FrozenEngine,1598,12/02/2025, 13:36:02,540
FROV00001,FrozenEngine,1598,12/02/2025, 14:19:45,540
FROV00001,FrozenEngine,1598,12/02/2025, 15:20:55,540
FROV00001,FrozenEngine,1598,12/02/2025, 16:24:39,540
FROV00001,FrozenEngine,1598,12/02/2025, 17:21:18,540
FROV00001,FrozenEngine,1598,12/02/2025, 18:29:08,540
FROV00001,FrozenEngine,1598,12/02/2025, 19:18:24,540
FROV00001,FrozenEngine,1598,12/02/2025, 20:21:54,540
FROV00001,FrozenEngine,1598,12/02/2025, 21:18:17,540
FROV00001,FrozenEngine,1598,12/02/2025, 22:16:22,540
FROV00001,FrozenEngine,1598,12/02/2025, 23:16:37,540
FROV00001,FrozenEngine,1598,12/03/2025, 01:19:07,540
FROV00001,FrozenEngine,1598,12/03/2025, 03:16:00,540
FROV00001,FrozenEngine,1598,12/03/2025, 04:27:03,540
FROV00001,FrozenEngine,1598,12/03/2025, 05:18:16,540
FROV00001,FrozenEngine,1598,12/03/2025, 06:28:15,540
FROV00001,FrozenEngine,1598,12/03/2025, 07:20:02,540
FROV00001,FrozenEngine,1598,12/03/2025, 08:24:59,540
FROV00001,FrozenEngine,1598,12/03/2025, 09:22:45,540
FROV00001,FrozenEngine,1598,12/03/2025, 10:21:30,540
FROV00001,FrozenEngine,1598,12/03/2025, 11:17:22,540
FROV00001,FrozenEngine,1598,12/03/2025, 12:37:57,540
FROV00001,FrozenEngine,1598,12/03/2025, 13:34:37,540
FROV00001,FrozenEngine,1598,12/03/2025, 14:19:29,540
FROV00001,FrozenEngine,1598,12/03/2025, 15:20:38,540
FROV00001,FrozenEngine,1598,12/03/2025, 16:25:32,540
FROV00001,FrozenEngine,1598,12/03/2025, 17:21:42,540
FROV00001,FrozenEngine,1598,12/03/2025, 18:28:48,540
FROV00001,FrozenEngine,1598,12/03/2025, 19:16:23,540
FROV00001,FrozenEngine,1598,12/03/2025, 20:21:42,540
FROV00001,FrozenEngine,1598,12/03/2025, 21:17:22,540
FROV00001,FrozenEngine,1598,12/03/2025, 22:18:51,540
FROV00001,FrozenEngine,1598,12/03/2025, 23:15:22,540
FROV00001,FrozenEngine,1598,12/04/2025, 01:19:04,540
FROV00001,FrozenEngine,1598,12/04/2025, 03:17:53,540
FROV00001,FrozenEngine,1598,12/04/2025, 04:29:08,540
FROV00001,FrozenEngine,1598,12/04/2025, 05:17:53,540
FROV00001,FrozenEngine,1598,12/04/2025, 06:28:10,540
FROV00001,FrozenEngine,1598,12/04/2025, 07:20:17,540
FROV00001,FrozenEngine,1598,12/04/2025, 08:25:37,540
FROV00001,FrozenEngine,1598,12/04/2025, 09:22:31,540
FROV00001,FrozenEngine,1598,12/04/2025, 10:21:27,540
FROV00001,FrozenEngine,1598,12/04/2025, 11:18:29,540
FROV00001,FrozenEngine,1598,12/04/2025, 12:38:52,540
FROV00001,FrozenEngine,1598,12/04/2025, 13:35:20,540
FROV00001,FrozenEngine,1598,12/04/2025, 14:19:44,540
FROV00001,FrozenEngine,1598,12/04/2025, 15:20:51,540
FROV00001,FrozenEngine,1598,12/04/2025, 16:25:25,540
FROV00001,FrozenEngine,1598,12/04/2025, 17:20:53,540
FROV00001,FrozenEngine,1598,12/04/2025, 18:29:23,540
FROV00001,FrozenEngine,1598,12/04/2025, 19:17:38,540
FROV00001,FrozenEngine,1598,12/04/2025, 20:20:48,540
FROV00001,FrozenEngine,1598,12/04/2025, 21:18:01,540
FROV00001,FrozenEngine,1598,12/04/2025, 22:15:53,540
FROV00001,FrozenEngine,1598,12/04/2025, 23:17:45,540
FROV00001,FrozenEngine,1598,12/05/2025, 01:19:46,540
FROV00001,FrozenEngine,1598,12/05/2025, 03:17:49,540
FROV00001,FrozenEngine,1598,12/05/2025, 04:27:53,540
FROV00001,FrozenEngine,1598,12/05/2025, 05:18:34,540
FROV00001,FrozenEngine,1598,12/05/2025, 06:28:18,540
FROV00001,FrozenEngine,1598,12/05/2025, 07:19:54,540
FROV00001,FrozenEngine,1598,12/05/2025, 08:24:45,540
FROV00001,FrozenEngine,1598,12/05/2025, 09:20:11,540
FROV00001,FrozenEngine,1598,12/05/2025, 10:20:02,540
FROV00001,FrozenEngine,1598,12/05/2025, 11:17:49,540
FROV00001,FrozenEngine,1598,12/05/2025, 12:37:00,540
FROV00001,FrozenEngine,1598,12/05/2025, 13:31:06,540
FROV00001,FrozenEngine,1598,12/05/2025, 14:19:09,540
FROV00001,FrozenEngine,1598,12/05/2025, 15:19:54,540
FROV00001,FrozenEngine,1598,12/05/2025, 16:23:13,540
FROV00001,FrozenEngine,1598,12/05/2025, 17:17:32,540
FROV00001,FrozenEngine,1598,12/05/2025, 18:24:00,540
FROV00001,FrozenEngine,1598,12/05/2025, 19:15:34,540
FROV00001,FrozenEngine,1598,12/05/2025, 20:20:31,540
FROV00001,FrozenEngine,1598,12/05/2025, 21:17:04,540
FROV00001,FrozenEngine,1598,12/05/2025, 22:17:41,540
FROV00001,FrozenEngine,1598,12/05/2025, 23:17:38,540
FROV00001,FrozenEngine,1598,12/06/2025, 01:15:43,540
FROV00001,FrozenEngine,1598,12/06/2025, 03:08:06,540
FROV00001,FrozenEngine,1598,12/06/2025, 04:20:12,540
FROV00001,FrozenEngine,1598,12/06/2025, 05:17:37,540
FROV00001,FrozenEngine,1598,12/06/2025, 06:24:27,540
FROV00001,FrozenEngine,1598,12/06/2025, 07:16:23,540
FROV00001,FrozenEngine,1598,12/06/2025, 08:21:56,540
FROV00001,FrozenEngine,1598,12/06/2025, 09:18:38,540
FROV00001,FrozenEngine,1598,12/06/2025, 10:18:32,540
FROV00001,FrozenEngine,1598,12/06/2025, 11:15:40,540
FROV00001,FrozenEngine,1598,12/06/2025, 12:32:31,540
FROV00001,FrozenEngine,1598,12/06/2025, 13:25:09,540
FROV00001,FrozenEngine,1598,12/06/2025, 14:15:30,540
FROV00001,FrozenEngine,1598,12/06/2025, 15:16:31,540
FROV00001,FrozenEngine,1598,12/06/2025, 16:21:11,540
FROV00001,FrozenEngine,1598,12/06/2025, 17:15:54,540
FROV00001,FrozenEngine,1598,12/06/2025, 18:23:16,540
FROV00001,FrozenEngine,1598,12/06/2025, 19:14:42,540
FROV00001,FrozenEngine,1598,12/06/2025, 20:18:49,540
FROV00001,FrozenEngine,1598,12/06/2025, 21:15:50,540
FROV00001,FrozenEngine,1598,12/06/2025, 22:16:33,540
FROV00001,FrozenEngine,1598,12/06/2025, 23:16:40,540
FROV00001,FrozenEngine,1598,12/07/2025, 01:26:16,540
FROV00001,FrozenEngine,1598,12/07/2025, 03:25:56,540
FROV00001,FrozenEngine,1598,12/07/2025, 04:31:57,540
FROV00001,FrozenEngine,1598,12/07/2025, 05:16:42,540
FROV00001,FrozenEngine,1598,12/07/2025, 06:24:48,540
FROV00001,FrozenEngine,1598,12/07/2025, 07:17:23,540
FROV00001,FrozenEngine,1598,12/07/2025, 08:21:40,540
FROV00001,FrozenEngine,1598,12/07/2025, 09:17:54,540
FROV00001,FrozenEngine,1598,12/07/2025, 10:17:09,540
FROV00001,FrozenEngine,1598,12/07/2025, 11:14:28,540
FROV00001,FrozenEngine,1598,12/07/2025, 12:32:17,540
FROV00001,FrozenEngine,1598,12/07/2025, 13:24:09,540
FROV00001,FrozenEngine,1598,12/07/2025, 14:15:53,540
FROV00001,FrozenEngine,1598,12/07/2025, 15:15:59,540
FROV00001,FrozenEngine,1598,12/07/2025, 16:19:55,540
FROV00001,FrozenEngine,1598,12/07/2025, 17:14:43,540
FROV00001,FrozenEngine,1598,12/07/2025, 18:23:16,540
FROV00001,FrozenEngine,1598,12/07/2025, 19:14:17,540
FROV00001,FrozenEngine,1598,12/07/2025, 20:18:49,540
FROV00001,FrozenEngine,1598,12/07/2025, 21:15:16,540
FROV00001,FrozenEngine,1598,12/07/2025, 22:16:22,540
FROV00001,FrozenEngine,1598,12/07/2025, 23:16:06,540
FROV00001,FrozenEngine,1598,12/08/2025, 01:19:58,540
FROV00001,FrozenEngine,1598,12/08/2025, 03:20:27,540
FROV00001,FrozenEngine,1598,12/08/2025, 04:32:18,540
FROV00001,FrozenEngine,1598,12/08/2025, 05:20:45,540
FROV00001,FrozenEngine,1598,12/08/2025, 06:30:44,540
FROV00001,FrozenEngine,1598,12/08/2025, 07:22:36,540
FROV00001,FrozenEngine,1598,12/08/2025, 08:28:00,540
FROV00001,FrozenEngine,1598,12/08/2025, 09:26:08,540
FROV00001,FrozenEngine,1598,12/08/2025, 10:21:09,540
FROV00001,FrozenEngine,1598,12/08/2025, 11:17:11,540
FROV00001,FrozenEngine,1598,12/08/2025, 12:37:06,540
FROV00001,FrozenEngine,1598,12/08/2025, 13:33:51,540
FROV00001,FrozenEngine,1598,12/08/2025, 14:19:52,540
FROV00001,FrozenEngine,1598,12/08/2025, 15:20:31,540
FROV00001,FrozenEngine,1598,12/08/2025, 16:24:23,540
FROV00001,FrozenEngine,1598,12/08/2025, 17:18:43,540
FROV00001,FrozenEngine,1598,12/08/2025, 18:28:06,540
FROV00001,FrozenEngine,1598,12/08/2025, 19:15:57,540
FROV00001,FrozenEngine,1598,12/08/2025, 20:20:59,540
FROV00001,FrozenEngine,1598,12/08/2025, 21:16:29,540
FROV00001,FrozenEngine,1598,12/08/2025, 22:18:15,540
FROV00001,FrozenEngine,1598,12/08/2025, 23:17:48,540
FROV00001,FrozenEngine,1598,12/09/2025, 01:19:10,540
FROV00001,FrozenEngine,1598,12/09/2025, 03:17:39,540
FROV00001,FrozenEngine,1598,12/09/2025, 04:27:16,540
FROV00001,FrozenEngine,1598,12/09/2025, 05:18:53,540
FROV00001,FrozenEngine,1598,12/09/2025, 06:28:34,540
FROV00001,FrozenEngine,1598,12/09/2025, 07:21:14,540
FROV00001,FrozenEngine,1598,12/09/2025, 08:26:33,540
FROV00001,FrozenEngine,1598,12/09/2025, 09:22:27,540
FROV00001,FrozenEngine,1598,12/09/2025, 10:21:57,540
FROV00001,FrozenEngine,1598,12/09/2025, 11:17:43,540
FROV00001,FrozenEngine,1598,12/09/2025, 12:37:57,540
FROV00001,FrozenEngine,1598,12/09/2025, 13:34:57,540
FROV00001,FrozenEngine,1598,12/09/2025, 14:20:25,540
FROV00001,FrozenEngine,1598,12/09/2025, 15:21:08,540
FROV00001,FrozenEngine,1598,12/09/2025, 16:24:45,540
FROV00001,FrozenEngine,1598,12/09/2025, 17:19:25,540
FROV00001,FrozenEngine,1598,12/09/2025, 18:23:20,540
FROV00001,FrozenEngine,1598,12/09/2025, 19:14:42,540
FROV00001,FrozenEngine,1598,12/09/2025, 20:19:08,540
FROV00001,FrozenEngine,1598,12/09/2025, 21:15:52,540
FROV00001,FrozenEngine,1598,12/09/2025, 22:18:54,540
FROV00001,FrozenEngine,1598,12/09/2025, 23:18:06,540
FROV00001,FrozenEngine,1598,12/10/2025, 01:20:56,540
FROV00001,FrozenEngine,1598,12/10/2025, 03:21:36,540
FROV00001,FrozenEngine,1598,12/10/2025, 04:31:38,540
FROV00001,FrozenEngine,1598,12/10/2025, 05:19:58,540
FROV00001,FrozenEngine,1598,12/10/2025, 06:29:12,540
FROV00001,FrozenEngine,1598,12/10/2025, 07:21:44,540
FROV00001,FrozenEngine,1598,12/10/2025, 08:25:42,540
FROV00001,FrozenEngine,1598,12/10/2025, 09:22:34,540
FROV00001,FrozenEngine,1598,12/10/2025, 10:21:36,540
FROV00001,FrozenEngine,1598,12/10/2025, 11:17:27,540
FROV00001,FrozenEngine,1598,12/10/2025, 12:38:01,540
FROV00001,FrozenEngine,1598,12/10/2025, 13:36:12,540
FROV00001,FrozenEngine,1598,12/10/2025, 14:21:01,540
FROV00001,FrozenEngine,1598,12/10/2025, 15:22:05,540
FROV00001,FrozenEngine,1598,12/10/2025, 16:25:22,540
FROV00001,FrozenEngine,1598,12/10/2025, 17:20:52,540
FROV00001,FrozenEngine,1598,12/10/2025, 18:27:29,540
FROV00001,FrozenEngine,1598,12/10/2025, 19:16:43,540
FROV00001,FrozenEngine,1598,12/10/2025, 20:21:43,540
FROV00001,FrozenEngine,1599,12/10/2025, 21:20:00,540
FROV00001,FrozenEngine,1599,12/10/2025, 22:18:45,540
FROV00001,FrozenEngine,1599,12/10/2025, 23:16:03,540
FROV00001,FrozenEngine,1599,12/11/2025, 01:22:04,540
FROV00001,FrozenEngine,1599,12/11/2025, 03:23:17,540
FROV00001,FrozenEngine,1599,12/11/2025, 04:33:45,540
FROV00001,FrozenEngine,1599,12/11/2025, 05:20:58,540
FROV00001,FrozenEngine,1599,12/11/2025, 06:29:56,540
FROV00001,FrozenEngine,1599,12/11/2025, 07:23:16,540
FROV00001,FrozenEngine,1599,12/11/2025, 08:26:25,540
FROV00001,FrozenEngine,1599,12/11/2025, 09:23:56,540
FROV00001,FrozenEngine,1599,12/11/2025, 10:21:41,540
FROV00001,FrozenEngine,1599,12/11/2025, 11:17:49,540
FROV00001,FrozenEngine,1599,12/11/2025, 12:39:18,540
FROV00001,FrozenEngine,1599,12/11/2025, 13:37:35,540
FROV00001,FrozenEngine,1599,12/11/2025, 14:21:35,540
FROV00001,FrozenEngine,1599,12/11/2025, 15:21:45,540
FROV00001,FrozenEngine,1599,12/11/2025, 16:26:34,540
FROV00001,FrozenEngine,1599,12/11/2025, 17:24:44,540
FROV00001,FrozenEngine,1599,12/11/2025, 18:26:02,540
FROV00001,FrozenEngine,1599,12/11/2025, 19:19:15,540
FROV00001,FrozenEngine,1599,12/11/2025, 20:21:21,540
FROV00001,FrozenEngine,1599,12/11/2025, 21:20:40,540
FROV00001,FrozenEngine,1600,12/11/2025, 22:18:44,540
FROV00001,FrozenEngine,1600,12/11/2025, 23:18:17,540
FROV00001,FrozenEngine,1600,12/12/2025, 01:21:25,540
FROV00001,FrozenEngine,1600,12/12/2025, 03:22:21,540
FROV00001,FrozenEngine,1600,12/12/2025, 04:32:48,540
FROV00001,FrozenEngine,1600,12/12/2025, 05:19:40,540
FROV00001,FrozenEngine,1600,12/12/2025, 06:28:59,540
FROV00001,FrozenEngine,1600,12/12/2025, 07:22:01,540
FROV00001,FrozenEngine,1600,12/12/2025, 08:26:41,540
FROV00001,FrozenEngine,1600,12/12/2025, 09:22:56,540
FROV00001,FrozenEngine,1600,12/12/2025, 10:20:41,540
FROV00001,FrozenEngine,1600,12/12/2025, 11:18:29,540
FROV00001,FrozenEngine,1600,12/12/2025, 12:37:54,540
FROV00001,FrozenEngine,1600,12/12/2025, 13:33:44,540
FROV00001,FrozenEngine,1600,12/12/2025, 14:18:25,540
FROV00001,FrozenEngine,1600,12/12/2025, 15:20:28,540
FROV00001,FrozenEngine,1600,12/12/2025, 16:22:12,540
FROV00001,FrozenEngine,1600,12/12/2025, 17:17:57,540
FROV00001,FrozenEngine,1600,12/12/2025, 18:28:55,540
FROV00001,FrozenEngine,1600,12/12/2025, 19:16:05,540
FROV00001,FrozenEngine,1600,12/12/2025, 20:20:40,540
FROV00001,FrozenEngine,1600,12/12/2025, 21:16:58,540
FROV00001,FrozenEngine,1600,12/12/2025, 22:18:22,540
FROV00001,FrozenEngine,1600,12/12/2025, 23:18:12,540
FROV00001,FrozenEngine,1600,12/13/2025, 01:17:11,540
FROV00001,FrozenEngine,1600,12/13/2025, 03:14:32,540
FROV00001,FrozenEngine,1600,12/13/2025, 04:24:07,540
FROV00001,FrozenEngine,1600,12/13/2025, 05:18:38,540
FROV00001,FrozenEngine,1600,12/13/2025, 06:26:29,540
FROV00001,FrozenEngine,1600,12/13/2025, 07:17:56,540
FROV00001,FrozenEngine,1600,12/13/2025, 08:22:11,540
FROV00001,FrozenEngine,1600,12/13/2025, 09:17:49,540
FROV00001,FrozenEngine,1600,12/13/2025, 10:17:40,540
FROV00001,FrozenEngine,1600,12/13/2025, 11:14:44,540
FROV00001,FrozenEngine,1600,12/13/2025, 12:33:37,540
FROV00001,FrozenEngine,1600,12/13/2025, 13:26:03,540
FROV00001,FrozenEngine,1600,12/13/2025, 14:16:26,540
FROV00001,FrozenEngine,1600,12/13/2025, 15:16:39,540
FROV00001,FrozenEngine,1600,12/13/2025, 16:21:12,540
FROV00001,FrozenEngine,1600,12/13/2025, 17:15:36,540
FROV00001,FrozenEngine,1600,12/13/2025, 18:23:14,540
FROV00001,FrozenEngine,1601,12/13/2025, 19:13:59,540
FROV00001,FrozenEngine,1601,12/13/2025, 20:18:53,540
FROV00001,FrozenEngine,1601,12/13/2025, 21:16:07,540
FROV00001,FrozenEngine,1601,12/13/2025, 22:16:30,540
FROV00001,FrozenEngine,1601,12/13/2025, 23:16:40,540
FROV00001,FrozenEngine,1601,12/14/2025, 01:26:54,540
FROV00001,FrozenEngine,1601,12/14/2025, 03:27:41,540
FROV00001,FrozenEngine,1601,12/14/2025, 04:35:18,540
FROV00001,FrozenEngine,1601,12/14/2025, 05:18:52,540
FROV00001,FrozenEngine,1601,12/14/2025, 06:26:18,540
FROV00001,FrozenEngine,1601,12/14/2025, 07:17:26,540
FROV00001,FrozenEngine,1601,12/14/2025, 08:22:26,540
FROV00001,FrozenEngine,1601,12/14/2025, 09:18:14,540
FROV00001,FrozenEngine,1601,12/14/2025, 10:17:59,540
FROV00001,FrozenEngine,1601,12/14/2025, 11:15:12,540
FROV00001,FrozenEngine,1601,12/14/2025, 12:33:33,540
FROV00001,FrozenEngine,1601,12/14/2025, 13:26:04,540
FROV00001,FrozenEngine,1601,12/14/2025, 14:17:03,540
FROV00001,FrozenEngine,1601,12/14/2025, 15:16:47,540
FROV00001,FrozenEngine,1601,12/14/2025, 16:20:52,540
FROV00001,FrozenEngine,1601,12/14/2025, 17:15:27,540
FROV00001,FrozenEngine,1601,12/14/2025, 18:24:29,540
FROV00001,FrozenEngine,1601,12/14/2025, 19:14:46,540
FROV00001,FrozenEngine,1601,12/14/2025, 20:19:37,540
FROV00001,FrozenEngine,1601,12/14/2025, 21:16:38,540
FROV00001,FrozenEngine,1601,12/14/2025, 22:16:59,540
FROV00001,FrozenEngine,1601,12/14/2025, 23:16:40,540
FROV00001,FrozenEngine,1601,12/15/2025, 01:23:46,540
FROV00001,FrozenEngine,1601,12/15/2025, 03:29:03,540
FROV00001,FrozenEngine,1601,12/15/2025, 04:38:39,540
FROV00001,FrozenEngine,1601,12/15/2025, 05:23:54,540
FROV00001,FrozenEngine,1601,12/15/2025, 06:31:49,540
FROV00001,FrozenEngine,1601,12/15/2025, 07:23:13,540
FROV00001,FrozenEngine,1601,12/15/2025, 08:28:44,540
FROV00001,FrozenEngine,1601,12/15/2025, 09:30:39,540
FROV00001,FrozenEngine,1601,12/15/2025, 10:23:51,540
FROV00001,FrozenEngine,1601,12/15/2025, 11:17:50,540
FROV00001,FrozenEngine,1601,12/15/2025, 12:40:11,540
FROV00001,FrozenEngine,1601,12/15/2025, 13:39:28,540
FROV00001,FrozenEngine,1601,12/15/2025, 14:23:20,540
FROV00001,FrozenEngine,1601,12/15/2025, 15:22:29,540
FROV00001,FrozenEngine,1601,12/15/2025, 16:27:39,540
FROV00001,FrozenEngine,1601,12/15/2025, 17:23:54,540
FROV00001,FrozenEngine,1601,12/15/2025, 18:28:40,540
FROV00001,FrozenEngine,1601,12/15/2025, 19:19:16,540
FROV00001,FrozenEngine,1601,12/15/2025, 20:21:16,540
FROV00001,FrozenEngine,1601,12/15/2025, 21:18:07,540
FROV00001,FrozenEngine,1601,12/15/2025, 22:18:43,540
FROV00001,FrozenEngine,1601,12/15/2025, 23:18:59,540
FROV00001,FrozenEngine,1601,12/16/2025, 01:22:21,540
FROV00001,FrozenEngine,1601,12/16/2025, 03:23:06,540
FROV00001,FrozenEngine,1601,12/16/2025, 04:34:02,540
FROV00001,FrozenEngine,1601,12/16/2025, 05:21:19,540
FROV00001,FrozenEngine,1601,12/16/2025, 06:29:21,540
FROV00001,FrozenEngine,1601,12/16/2025, 07:22:23,540
FROV00001,FrozenEngine,1601,12/16/2025, 08:27:09,540
FROV00001,FrozenEngine,1601,12/16/2025, 09:24:25,540
FROV00001,FrozenEngine,1601,12/16/2025, 10:21:51,540
FROV00001,FrozenEngine,1601,12/16/2025, 11:17:33,540
FROV00001,FrozenEngine,1601,12/16/2025, 12:38:53,540
FROV00001,FrozenEngine,1601,12/16/2025, 13:37:24,540
FROV00001,FrozenEngine,1601,12/16/2025, 14:21:39,540
FROV00001,FrozenEngine,1601,12/16/2025, 15:21:49,540
FROV00001,FrozenEngine,1601,12/16/2025, 16:25:20,540
FROV00001,FrozenEngine,1601,12/16/2025, 17:22:36,540
FROV00001,FrozenEngine,1601,12/16/2025, 18:28:26,540
FROV00001,FrozenEngine,1601,12/16/2025, 19:18:53,540
FROV00001,FrozenEngine,1601,12/16/2025, 20:21:46,540
FROV00001,FrozenEngine,1601,12/16/2025, 21:19:11,540
FROV00001,FrozenEngine,1601,12/16/2025, 22:18:03,540
FROV00001,FrozenEngine,1601,12/16/2025, 23:17:37,540
FROV00001,FrozenEngine,1601,12/17/2025, 01:17:30,540
FROV00001,FrozenEngine,1601,12/17/2025, 03:18:52,540
FROV00001,FrozenEngine,1601,12/17/2025, 04:32:01,540
FROV00001,FrozenEngine,1601,12/17/2025, 05:21:00,540
FROV00001,FrozenEngine,1601,12/17/2025, 06:29:20,540
FROV00001,FrozenEngine,1601,12/17/2025, 07:21:29,540
FROV00001,FrozenEngine,1601,12/17/2025, 08:26:41,540
FROV00001,FrozenEngine,1601,12/17/2025, 09:26:16,540
FROV00001,FrozenEngine,1601,12/17/2025, 10:21:44,540
FROV00001,FrozenEngine,1601,12/17/2025, 11:18:16,540
FROV00001,FrozenEngine,1601,12/17/2025, 12:39:02,540
FROV00001,FrozenEngine,1601,12/17/2025, 13:32:36,540
FROV00001,FrozenEngine,1601,12/17/2025, 14:20:17,540
FROV00001,FrozenEngine,1601,12/17/2025, 15:21:48,540
FROV00001,FrozenEngine,1601,12/17/2025, 16:24:56,540
FROV00001,FrozenEngine,1601,12/17/2025, 17:22:13,540
FROV00001,FrozenEngine,1601,12/17/2025, 18:28:37,540
FROV00001,FrozenEngine,1601,12/17/2025, 19:18:50,540
FROV00001,FrozenEngine,1601,12/17/2025, 20:21:45,540
FROV00001,FrozenEngine,1601,12/17/2025, 21:18:20,540
FROV00001,FrozenEngine,1601,12/17/2025, 22:18:40,540
FROV00001,FrozenEngine,1601,12/17/2025, 23:18:15,540
FROV00001,FrozenEngine,1601,12/18/2025, 01:18:08,540
FROV00001,FrozenEngine,1601,12/18/2025, 03:19:56,540
FROV00001,FrozenEngine,1601,12/18/2025, 04:32:19,540
FROV00001,FrozenEngine,1601,12/18/2025, 05:20:55,540
FROV00001,FrozenEngine,1601,12/18/2025, 06:29:08,540
FROV00001,FrozenEngine,1601,12/18/2025, 07:20:56,540
FROV00001,FrozenEngine,1601,12/18/2025, 08:26:29,540
FROV00001,FrozenEngine,1601,12/18/2025, 09:25:20,540
FROV00001,FrozenEngine,1601,12/18/2025, 10:20:51,540
FROV00001,FrozenEngine,1601,12/18/2025, 11:18:25,540
FROV00001,FrozenEngine,1601,12/18/2025, 12:37:58,540
FROV00001,FrozenEngine,1601,12/18/2025, 13:35:25,540
FROV00001,FrozenEngine,1601,12/18/2025, 14:20:32,540
FROV00001,FrozenEngine,1601,12/18/2025, 15:20:46,540
FROV00001,FrozenEngine,1601,12/18/2025, 16:26:03,540
FROV00001,FrozenEngine,1601,12/18/2025, 17:22:10,540
FROV00001,FrozenEngine,1601,12/18/2025, 18:27:49,540
FROV00001,FrozenEngine,1601,12/18/2025, 19:17:07,540
FROV00001,FrozenEngine,1601,12/18/2025, 20:18:55,540
FROV00001,FrozenEngine,1601,12/18/2025, 21:16:45,540
FROV00001,FrozenEngine,1601,12/18/2025, 22:18:12,540
FROV00001,FrozenEngine,1601,12/18/2025, 23:18:23,540
FROV00001,FrozenEngine,1602,12/19/2025, 01:21:45,540
FROV00001,FrozenEngine,1602,12/19/2025, 03:22:51,540
FROV00001,FrozenEngine,1602,12/19/2025, 04:32:43,540
FROV00001,FrozenEngine,1602,12/19/2025, 05:20:09,540
FROV00001,FrozenEngine,1602,12/19/2025, 06:28:22,540
FROV00001,FrozenEngine,1602,12/19/2025, 07:20:42,540
FROV00001,FrozenEngine,1602,12/19/2025, 08:26:03,540
FROV00001,FrozenEngine,1602,12/19/2025, 09:23:15,540
FROV00001,FrozenEngine,1602,12/19/2025, 10:20:28,540
FROV00001,FrozenEngine,1602,12/19/2025, 11:17:36,540
FROV00001,FrozenEngine,1602,12/19/2025, 12:36:16,540
FROV00001,FrozenEngine,1602,12/19/2025, 13:32:11,540
FROV00001,FrozenEngine,1602,12/19/2025, 14:19:47,540
FROV00001,FrozenEngine,1602,12/19/2025, 15:20:24,540
FROV00001,FrozenEngine,1602,12/19/2025, 16:23:06,540
FROV00001,FrozenEngine,1602,12/19/2025, 17:18:30,540
FROV00001,FrozenEngine,1602,12/19/2025, 18:26:20,540
FROV00001,FrozenEngine,1602,12/19/2025, 19:15:51,540
FROV00001,FrozenEngine,1602,12/19/2025, 20:20:31,540
FROV00001,FrozenEngine,1602,12/19/2025, 21:17:25,540
FROV00001,FrozenEngine,1602,12/19/2025, 22:18:34,540
FROV00001,FrozenEngine,1602,12/19/2025, 23:17:58,540
FROV00001,FrozenEngine,1602,12/20/2025, 01:17:37,540
FROV00001,FrozenEngine,1602,12/20/2025, 03:14:30,540
FROV00001,FrozenEngine,1602,12/20/2025, 04:24:25,540
FROV00001,FrozenEngine,1602,12/20/2025, 05:17:58,540
FROV00001,FrozenEngine,1602,12/20/2025, 06:27:02,540
FROV00001,FrozenEngine,1602,12/20/2025, 07:16:54,540
FROV00001,FrozenEngine,1602,12/20/2025, 08:22:21,540
FROV00001,FrozenEngine,1602,12/20/2025, 09:18:05,540
FROV00001,FrozenEngine,1602,12/20/2025, 10:17:59,540
FROV00001,FrozenEngine,1602,12/20/2025, 11:14:43,540
FROV00001,FrozenEngine,1602,12/20/2025, 12:33:20,540
FROV00001,FrozenEngine,1602,12/20/2025, 13:25:58,540
FROV00001,FrozenEngine,1602,12/20/2025, 14:16:42,540
FROV00001,FrozenEngine,1602,12/20/2025, 15:17:14,540
FROV00001,FrozenEngine,1602,12/20/2025, 16:21:07,540
FROV00001,FrozenEngine,1602,12/20/2025, 17:15:31,540
FROV00001,FrozenEngine,1602,12/20/2025, 18:23:08,540
FROV00001,FrozenEngine,1602,12/20/2025, 19:14:14,540
FROV00001,FrozenEngine,1602,12/20/2025, 20:18:46,540
FROV00001,FrozenEngine,1602,12/20/2025, 21:15:47,540
FROV00001,FrozenEngine,1602,12/20/2025, 22:16:28,540
FROV00001,FrozenEngine,1602,12/20/2025, 23:16:53,540
FROV00001,FrozenEngine,1602,12/21/2025, 01:26:24,540
FROV00001,FrozenEngine,1602,12/21/2025, 03:28:00,540
FROV00001,FrozenEngine,1602,12/21/2025, 04:36:00,540
FROV00001,FrozenEngine,1602,12/21/2025, 05:18:50,540
FROV00001,FrozenEngine,1602,12/21/2025, 06:26:43,540
FROV00001,FrozenEngine,1602,12/21/2025, 07:17:57,540
FROV00001,FrozenEngine,1602,12/21/2025, 08:22:44,540
FROV00001,FrozenEngine,1602,12/21/2025, 09:18:09,540
FROV00001,FrozenEngine,1602,12/21/2025, 10:18:31,540
FROV00001,FrozenEngine,1602,12/21/2025, 11:15:20,540
FROV00001,FrozenEngine,1602,12/21/2025, 12:33:37,540
FROV00001,FrozenEngine,1602,12/21/2025, 13:26:25,540
FROV00001,FrozenEngine,1602,12/21/2025, 14:17:09,540
FROV00001,FrozenEngine,1602,12/21/2025, 15:17:37,540
FROV00001,FrozenEngine,1602,12/21/2025, 16:20:43,540
FROV00001,FrozenEngine,1602,12/21/2025, 17:15:57,540
FROV00001,FrozenEngine,1602,12/21/2025, 18:24:52,540
FROV00001,FrozenEngine,1602,12/21/2025, 19:14:49,540
FROV00001,FrozenEngine,1602,12/21/2025, 20:19:29,540
FROV00001,FrozenEngine,1602,12/21/2025, 21:16:27,540
FROV00001,FrozenEngine,1602,12/21/2025, 22:17:30,540
FROV00001,FrozenEngine,1602,12/21/2025, 23:17:04,540
FROV00001,FrozenEngine,1602,12/22/2025, 01:25:00,540
FROV00001,FrozenEngine,1602,12/22/2025, 03:30:33,540
FROV00001,FrozenEngine,1602,12/22/2025, 04:38:28,540
FROV00001,FrozenEngine,1602,12/22/2025, 05:22:51,540
FROV00001,FrozenEngine,1602,12/22/2025, 06:30:53,540
FROV00001,FrozenEngine,1602,12/22/2025, 07:22:46,540
FROV00001,FrozenEngine,1602,12/22/2025, 08:28:09,540
FROV00001,FrozenEngine,1602,12/22/2025, 09:26:29,540
FROV00001,FrozenEngine,1602,12/22/2025, 10:21:05,540
FROV00001,FrozenEngine,1602,12/22/2025, 11:16:54,540
FROV00001,FrozenEngine,1602,12/22/2025, 12:37:38,540
FROV00001,FrozenEngine,1602,12/22/2025, 13:33:13,540
FROV00001,FrozenEngine,1602,12/22/2025, 14:19:14,540
FROV00001,FrozenEngine,1602,12/22/2025, 15:19:54,540
FROV00001,FrozenEngine,1602,12/22/2025, 16:22:54,540
FROV00001,FrozenEngine,1602,12/22/2025, 17:17:23,540
FROV00001,FrozenEngine,1602,12/22/2025, 18:27:34,540
FROV00001,FrozenEngine,1602,12/22/2025, 19:16:54,540
FROV00001,FrozenEngine,1602,12/22/2025, 20:20:35,540
FROV00001,FrozenEngine,1602,12/22/2025, 21:17:01,540
FROV00001,FrozenEngine,1602,12/22/2025, 22:18:35,540
FROV00001,FrozenEngine,1602,12/22/2025, 23:18:07,540
FROV00001,FrozenEngine,1602,12/23/2025, 01:21:29,540
FROV00001,FrozenEngine,1602,12/23/2025, 03:25:14,540
FROV00001,FrozenEngine,1602,12/23/2025, 04:36:42,540
FROV00001,FrozenEngine,1602,12/23/2025, 05:22:33,540
FROV00001,FrozenEngine,1602,12/23/2025, 06:29:43,540
FROV00001,FrozenEngine,1602,12/23/2025, 07:22:24,540
FROV00001,FrozenEngine,1603,12/23/2025, 08:26:24,540
FROV00001,FrozenEngine,1603,12/23/2025, 09:23:31,540
FROV00001,FrozenEngine,1603,12/23/2025, 10:21:31,540
FROV00001,FrozenEngine,1603,12/23/2025, 11:17:25,540
FROV00001,FrozenEngine,1603,12/23/2025, 12:38:21,540
FROV00001,FrozenEngine,1603,12/23/2025, 13:35:08,540
FROV00001,FrozenEngine,1603,12/23/2025, 14:19:22,540
FROV00001,FrozenEngine,1603,12/23/2025, 15:19:56,540
FROV00001,FrozenEngine,1603,12/23/2025, 16:23:55,540
FROV00001,FrozenEngine,1603,12/23/2025, 17:19:13,540
FROV00001,FrozenEngine,1603,12/23/2025, 18:27:16,540
FROV00001,FrozenEngine,1603,12/23/2025, 19:17:06,540
FROV00001,FrozenEngine,1603,12/23/2025, 20:20:29,540
FROV00001,FrozenEngine,1603,12/23/2025, 21:17:33,540
FROV00001,FrozenEngine,1603,12/23/2025, 22:18:13,540
FROV00001,FrozenEngine,1603,12/23/2025, 23:17:22,540
FROV00001,FrozenEngine,1603,12/24/2025, 01:20:47,540
FROV00001,FrozenEngine,1603,12/24/2025, 03:22:41,540
FROV00001,FrozenEngine,1603,12/24/2025, 04:34:31,540
FROV00001,FrozenEngine,1603,12/24/2025, 05:22:24,540
FROV00001,FrozenEngine,1603,12/24/2025, 06:29:55,540
FROV00001,FrozenEngine,1603,12/24/2025, 07:22:16,540
FROV00001,FrozenEngine,1603,12/24/2025, 08:26:27,540
FROV00001,FrozenEngine,1603,12/24/2025, 09:22:43,540
FROV00001,FrozenEngine,1603,12/24/2025, 10:20:18,540
FROV00001,FrozenEngine,1603,12/24/2025, 11:17:38,540
FROV00001,FrozenEngine,1603,12/24/2025, 12:37:25,540
FROV00001,FrozenEngine,1603,12/24/2025, 13:30:59,540
FROV00001,FrozenEngine,1603,12/24/2025, 14:18:08,540
FROV00001,FrozenEngine,1603,12/24/2025, 15:19:28,540
FROV00001,FrozenEngine,1603,12/24/2025, 16:22:23,540
FROV00001,FrozenEngine,1604,12/24/2025, 17:16:29,540
FROV00001,FrozenEngine,1604,12/24/2025, 18:26:35,540
FROV00001,FrozenEngine,1604,12/24/2025, 19:15:24,540
FROV00001,FrozenEngine,1604,12/24/2025, 20:19:54,540
FROV00001,FrozenEngine,1604,12/24/2025, 21:16:45,540
FROV00001,FrozenEngine,1604,12/24/2025, 22:18:28,540
FROV00001,FrozenEngine,1604,12/24/2025, 23:17:45,540
FROV00001,FrozenEngine,1604,12/25/2025, 01:21:20,540
FROV00001,FrozenEngine,1604,12/25/2025, 03:25:41,540
FROV00001,FrozenEngine,1604,12/25/2025, 04:36:22,540
FROV00001,FrozenEngine,1604,12/25/2025, 05:22:37,540
FROV00001,FrozenEngine,1604,12/25/2025, 06:29:35,540
FROV00001,FrozenEngine,1604,12/25/2025, 07:21:02,540
FROV00001,FrozenEngine,1604,12/25/2025, 08:25:14,540
FROV00001,FrozenEngine,1604,12/25/2025, 09:21:11,540
FROV00001,FrozenEngine,1604,12/25/2025, 10:19:52,540
FROV00001,FrozenEngine,1604,12/25/2025, 11:16:45,540
FROV00001,FrozenEngine,1604,12/25/2025, 12:36:40,540
FROV00001,FrozenEngine,1604,12/25/2025, 13:30:50,540
FROV00001,FrozenEngine,1604,12/25/2025, 14:17:58,540
FROV00001,FrozenEngine,1604,12/25/2025, 15:18:50,540
FROV00001,FrozenEngine,1604,12/25/2025, 16:22:34,540
FROV00001,FrozenEngine,1604,12/25/2025, 17:16:58,540
FROV00001,FrozenEngine,1604,12/25/2025, 18:26:03,540
FROV00001,FrozenEngine,1604,12/25/2025, 19:14:58,540
FROV00001,FrozenEngine,1604,12/25/2025, 20:20:30,540
FROV00001,FrozenEngine,1604,12/25/2025, 21:17:22,540
FROV00001,FrozenEngine,1604,12/25/2025, 22:17:57,540
FROV00001,FrozenEngine,1604,12/25/2025, 23:18:21,540
FROV00001,FrozenEngine,1604,12/26/2025, 01:22:00,540
FROV00001,FrozenEngine,1604,12/26/2025, 03:23:40,540
FROV00001,FrozenEngine,1604,12/26/2025, 04:33:48,540
FROV00001,FrozenEngine,1604,12/26/2025, 05:20:36,540
FROV00001,FrozenEngine,1604,12/26/2025, 06:29:01,540
FROV00001,FrozenEngine,1604,12/26/2025, 07:20:54,540
FROV00001,FrozenEngine,1604,12/26/2025, 08:24:55,540
FROV00001,FrozenEngine,1604,12/26/2025, 09:20:43,540
FROV00001,FrozenEngine,1604,12/26/2025, 10:19:43,540
FROV00001,FrozenEngine,1604,12/26/2025, 11:17:15,540
FROV00001,FrozenEngine,1604,12/26/2025, 12:36:34,540
FROV00001,FrozenEngine,1604,12/26/2025, 13:31:38,540
FROV00001,FrozenEngine,1604,12/26/2025, 14:18:35,540
FROV00001,FrozenEngine,1604,12/26/2025, 15:19:31,540
FROV00001,FrozenEngine,1604,12/26/2025, 16:21:12,540
FROV00001,FrozenEngine,1604,12/26/2025, 17:16:41,540
FROV00001,FrozenEngine,1604,12/26/2025, 18:26:16,540
FROV00001,FrozenEngine,1604,12/26/2025, 19:15:31,540
FROV00001,FrozenEngine,1604,12/26/2025, 20:19:25,540
FROV00001,FrozenEngine,1604,12/26/2025, 21:16:42,540
FROV00001,FrozenEngine,1604,12/26/2025, 22:18:11,540
FROV00001,FrozenEngine,1604,12/26/2025, 23:18:06,540
FROV00001,FrozenEngine,1604,12/27/2025, 01:19:42,540
FROV00001,FrozenEngine,1604,12/27/2025, 03:22:18,540
FROV00001,FrozenEngine,1604,12/27/2025, 04:30:48,540
FROV00001,FrozenEngine,1604,12/27/2025, 05:20:04,540
FROV00001,FrozenEngine,1604,12/27/2025, 06:27:24,540
FROV00001,FrozenEngine,1604,12/27/2025, 07:17:13,540
FROV00001,FrozenEngine,1604,12/27/2025, 08:23:13,540
FROV00001,FrozenEngine,1604,12/27/2025, 09:18:33,540
FROV00001,FrozenEngine,1604,12/27/2025, 10:18:05,540
FROV00001,FrozenEngine,1604,12/27/2025, 11:15:14,540
FROV00001,FrozenEngine,1604,12/27/2025, 12:34:50,540
FROV00001,FrozenEngine,1604,12/27/2025, 13:27:23,540
FROV00001,FrozenEngine,1604,12/27/2025, 14:17:00,540
FROV00001,FrozenEngine,1604,12/27/2025, 15:17:24,540
FROV00001,FrozenEngine,1604,12/27/2025, 16:21:22,540
FROV00001,FrozenEngine,1605,12/27/2025, 17:15:38,540
FROV00001,FrozenEngine,1605,12/27/2025, 18:25:15,540
FROV00001,FrozenEngine,1605,12/27/2025, 19:14:37,540
FROV00001,FrozenEngine,1605,12/27/2025, 20:20:12,540
FROV00001,FrozenEngine,1605,12/27/2025, 21:16:22,540
FROV00001,FrozenEngine,1605,12/27/2025, 22:17:59,540
FROV00001,FrozenEngine,1605,12/27/2025, 23:17:18,540
FROV00001,FrozenEngine,1605,12/28/2025, 01:30:32,540
FROV00001,FrozenEngine,1605,12/28/2025, 03:45:50,540
FROV00001,FrozenEngine,1605,12/28/2025, 04:42:23,540
FROV00001,FrozenEngine,1605,12/28/2025, 05:22:17,540
FROV00001,FrozenEngine,1605,12/28/2025, 06:28:05,540
FROV00001,FrozenEngine,1605,12/28/2025, 07:18:45,540
FROV00001,FrozenEngine,1605,12/28/2025, 08:23:14,540
FROV00001,FrozenEngine,1605,12/28/2025, 09:18:27,540
FROV00001,FrozenEngine,1605,12/28/2025, 10:18:29,540
FROV00001,FrozenEngine,1605,12/28/2025, 11:15:43,540
FROV00001,FrozenEngine,1605,12/28/2025, 12:34:58,540
FROV00001,FrozenEngine,1605,12/28/2025, 13:28:03,540
FROV00001,FrozenEngine,1605,12/28/2025, 14:17:34,540
FROV00001,FrozenEngine,1605,12/28/2025, 15:18:10,540
FROV00001,FrozenEngine,1605,12/28/2025, 16:21:37,540
FROV00001,FrozenEngine,1605,12/28/2025, 17:16:24,540
FROV00001,FrozenEngine,1605,12/28/2025, 18:26:02,540
FROV00001,FrozenEngine,1605,12/28/2025, 19:14:52,540
FROV00001,FrozenEngine,1605,12/28/2025, 20:20:17,540
FROV00001,FrozenEngine,1605,12/28/2025, 21:17:02,540
FROV00001,FrozenEngine,1605,12/28/2025, 22:18:08,540
FROV00001,FrozenEngine,1605,12/28/2025, 23:17:52,540
FROV00001,FrozenEngine,1605,12/29/2025, 01:27:46,540
FROV00001,FrozenEngine,1605,12/29/2025, 03:46:55,540
FROV00001,FrozenEngine,1605,12/29/2025, 04:47:01,540
FROV00001,FrozenEngine,1605,12/29/2025, 05:26:45,540
FROV00001,FrozenEngine,1605,12/29/2025, 06:31:23,540
FROV00001,FrozenEngine,1605,12/29/2025, 07:24:08,540
FROV00001,FrozenEngine,1605,12/29/2025, 08:28:15,540
FROV00001,FrozenEngine,1605,12/29/2025, 09:28:17,540
FROV00001,FrozenEngine,1605,12/29/2025, 10:21:45,540
FROV00001,FrozenEngine,1605,12/29/2025, 11:17:37,540
FROV00001,FrozenEngine,1605,12/29/2025, 12:39:23,540
FROV00001,FrozenEngine,1605,12/29/2025, 13:36:37,540
FROV00001,FrozenEngine,1605,12/29/2025, 14:19:47,540
FROV00001,FrozenEngine,1605,12/29/2025, 15:20:27,540
FROV00001,FrozenEngine,1605,12/29/2025, 16:22:43,540
FROV00001,FrozenEngine,1605,12/29/2025, 17:17:31,540
FROV00001,FrozenEngine,1605,12/29/2025, 18:27:34,540
FROV00001,FrozenEngine,1605,12/29/2025, 19:15:41,540
FROV00001,FrozenEngine,1605,12/29/2025, 20:21:15,540
FROV00001,FrozenEngine,1606,12/29/2025, 21:17:43,540
FROV00001,FrozenEngine,1606,12/29/2025, 22:18:15,540
FROV00001,FrozenEngine,1606,12/29/2025, 23:18:00,540
FROV00001,FrozenEngine,1606,12/30/2025, 01:21:52,540
FROV00001,FrozenEngine,1606,12/30/2025, 03:26:28,540
FROV00001,FrozenEngine,1606,12/30/2025, 04:37:40,540
FROV00001,FrozenEngine,1606,12/30/2025, 05:23:04,540
FROV00001,FrozenEngine,1606,12/30/2025, 06:29:32,540
FROV00001,FrozenEngine,1606,12/30/2025, 07:21:28,540
FROV00001,FrozenEngine,1606,12/30/2025, 08:26:06,540
FROV00001,FrozenEngine,1606,12/30/2025, 09:23:25,540
FROV00001,FrozenEngine,1606,12/30/2025, 10:21:05,540
FROV00001,FrozenEngine,1606,12/30/2025, 11:17:41,540
FROV00001,FrozenEngine,1606,12/30/2025, 12:38:08,540
FROV00001,FrozenEngine,1606,12/30/2025, 13:35:05,540
FROV00001,FrozenEngine,1606,12/30/2025, 14:19:31,540
FROV00001,FrozenEngine,1606,12/30/2025, 15:20:05,540
FROV00001,FrozenEngine,1606,12/30/2025, 16:23:53,540
FROV00001,FrozenEngine,1606,12/30/2025, 17:19:26,540
FROV00001,FrozenEngine,1607,12/30/2025, 18:28:02,540
FROV00001,FrozenEngine,1607,12/30/2025, 19:16:20,540
FROV00001,FrozenEngine,1607,12/30/2025, 20:20:47,540
FROV00001,FrozenEngine,1607,12/30/2025, 21:18:25,540
FROV00001,FrozenEngine,1607,12/30/2025, 22:18:05,540
FROV00001,FrozenEngine,1607,12/30/2025, 23:17:31,540
FROV00001,FrozenEngine,1607,12/31/2025, 01:23:07,540
FROV00001,FrozenEngine,1607,12/31/2025, 03:25:22,540
FROV00001,FrozenEngine,1607,12/31/2025, 04:37:10,540
FROV00001,FrozenEngine,1607,12/31/2025, 05:24:52,540
FROV00001,FrozenEngine,1607,12/31/2025, 06:30:03,540
FROV00001,FrozenEngine,1607,12/31/2025, 07:22:00,540
FROV00001,FrozenEngine,1607,12/31/2025, 08:26:13,540
FROV00001,FrozenEngine,1607,12/31/2025, 09:22:28,540
FROV00001,FrozenEngine,1607,12/31/2025, 10:20:17,540
FROV00001,FrozenEngine,1607,12/31/2025, 11:18:03,540
FROV00001,FrozenEngine,1607,12/31/2025, 12:37:38,540
FROV00001,FrozenEngine,1607,12/31/2025, 13:31:49,540
FROV00001,FrozenEngine,1607,12/31/2025, 14:18:18,540
FROV00001,FrozenEngine,1607,12/31/2025, 15:19:24,540
FROV00001,FrozenEngine,1607,12/31/2025, 16:23:15,540
FROV00001,FrozenEngine,1607,12/31/2025, 17:16:58,540
FROV00001,FrozenEngine,1607,12/31/2025, 18:26:32,540
FROV00001,FrozenEngine,1607,12/31/2025, 19:14:58,540
FROV00001,FrozenEngine,1607,12/31/2025, 20:19:55,540
FROV00001,FrozenEngine,1607,12/31/2025, 21:17:15,540
FROV00001,FrozenEngine,1608,12/31/2025, 22:18:50,540
FROV00001,FrozenEngine,1608,12/31/2025, 23:18:10,540
FROV00001,FrozenEngine,1608,01/01/2026, 01:30:07,540
FROV00001,FrozenEngine,1608,01/01/2026, 03:48:36,540
FROV00001,FrozenEngine,1608,01/01/2026, 04:45:43,540
FROV00001,FrozenEngine,1608,01/01/2026, 05:25:45,540
FROV00001,FrozenEngine,1608,01/01/2026, 06:29:49,540
FROV00001,FrozenEngine,1608,01/01/2026, 07:21:56,540
FROV00001,FrozenEngine,1608,01/01/2026, 08:25:51,540
FROV00001,FrozenEngine,1608,01/01/2026, 09:22:59,540
FROV00001,FrozenEngine,1608,01/01/2026, 10:20:53,540
FROV00001,FrozenEngine,1608,01/01/2026, 11:16:41,540
FROV00001,FrozenEngine,1608,01/01/2026, 12:37:28,540
FROV00001,FrozenEngine,1608,01/01/2026, 13:32:23,540
FROV00001,FrozenEngine,1608,01/01/2026, 14:18:08,540
FROV00001,FrozenEngine,1608,01/01/2026, 15:19:22,540
FROV00001,FrozenEngine,1609,01/01/2026, 16:23:05,540
FROV00001,FrozenEngine,1609,01/01/2026, 17:17:59,540
FROV00001,FrozenEngine,1609,01/01/2026, 18:27:09,540
FROV00001,FrozenEngine,1609,01/01/2026, 19:16:00,540
FROV00001,FrozenEngine,1609,01/01/2026, 20:21:02,540
FROV00001,FrozenEngine,1609,01/01/2026, 21:18:06,540
FROV00001,FrozenEngine,1609,01/01/2026, 22:18:09,540
FROV00001,FrozenEngine,1609,01/01/2026, 23:18:17,540
FROV00001,FrozenEngine,1609,01/02/2026, 01:23:56,540
FROV00001,FrozenEngine,1609,01/02/2026, 03:28:56,540
FROV00001,FrozenEngine,1609,01/02/2026, 04:39:29,540
FROV00001,FrozenEngine,1609,01/02/2026, 05:23:57,540
FROV00001,FrozenEngine,1609,01/02/2026, 06:29:48,540
FROV00001,FrozenEngine,1609,01/02/2026, 07:22:35,540
FROV00001,FrozenEngine,1609,01/02/2026, 08:25:55,540
FROV00001,FrozenEngine,1609,01/02/2026, 09:22:55,540
FROV00001,FrozenEngine,1609,01/02/2026, 10:19:51,540
FROV00001,FrozenEngine,1609,01/02/2026, 11:17:16,540
FROV00001,FrozenEngine,1609,01/02/2026, 12:36:00,540
FROV00001,FrozenEngine,1609,01/02/2026, 13:32:04,540
FROV00001,FrozenEngine,1609,01/02/2026, 14:19:04,540
FROV00001,FrozenEngine,1609,01/02/2026, 15:20:14,540
FROV00001,FrozenEngine,1609,01/02/2026, 16:22:21,540
FROV00001,FrozenEngine,1609,01/02/2026, 17:17:13,540
FROV00001,FrozenEngine,1609,01/02/2026, 18:26:52,540
FROV00001,FrozenEngine,1609,01/02/2026, 19:13:10,540
FROV00001,FrozenEngine,1609,01/02/2026, 20:20:38,540
FROV00001,FrozenEngine,1609,01/02/2026, 21:15:13,540
FROV00001,FrozenEngine,1609,01/02/2026, 22:18:52,540
FROV00001,FrozenEngine,1609,01/02/2026, 23:17:42,540
FROV00001,FrozenEngine,1609,01/03/2026, 01:18:54,540
FROV00001,FrozenEngine,1609,01/03/2026, 03:21:27,540
FROV00001,FrozenEngine,1609,01/03/2026, 04:31:25,540
FROV00001,FrozenEngine,1609,01/03/2026, 05:20:02,540
FROV00001,FrozenEngine,1609,01/03/2026, 06:27:41,540
FROV00001,FrozenEngine,1609,01/03/2026, 07:17:58,540
FROV00001,FrozenEngine,1609,01/03/2026, 08:24:15,540
FROV00001,FrozenEngine,1609,01/03/2026, 09:18:41,540
FROV00001,FrozenEngine,1609,01/03/2026, 10:18:32,540
FROV00001,FrozenEngine,1609,01/03/2026, 11:15:18,540
FROV00001,FrozenEngine,1609,01/03/2026, 12:34:28,540
FROV00001,FrozenEngine,1609,01/03/2026, 13:27:50,540
FROV00001,FrozenEngine,1609,01/03/2026, 14:17:03,540
FROV00001,FrozenEngine,1609,01/03/2026, 15:18:00,540
FROV00001,FrozenEngine,1609,01/03/2026, 16:21:35,540
FROV00001,FrozenEngine,1609,01/03/2026, 17:16:06,540
FROV00001,FrozenEngine,1609,01/03/2026, 18:25:20,540
FROV00001,FrozenEngine,1609,01/03/2026, 19:14:13,540
FROV00001,FrozenEngine,1609,01/03/2026, 20:20:14,540
FROV00001,FrozenEngine,1609,01/03/2026, 21:16:58,540
FROV00001,FrozenEngine,1609,01/03/2026, 22:17:44,540
FROV00001,FrozenEngine,1609,01/03/2026, 23:17:48,540
FROV00001,FrozenEngine,1609,01/04/2026, 01:40:47,540
FROV00001,FrozenEngine,1609,01/04/2026, 03:48:55,540
FROV00001,FrozenEngine,1609,01/04/2026, 04:47:01,540
FROV00001,FrozenEngine,1609,01/04/2026, 05:24:40,540
FROV00001,FrozenEngine,1609,01/04/2026, 06:28:31,540
FROV00001,FrozenEngine,1609,01/04/2026, 07:20:19,540
FROV00001,FrozenEngine,1609,01/04/2026, 08:24:06,540
FROV00001,FrozenEngine,1609,01/04/2026, 09:18:26,540
FROV00001,FrozenEngine,1609,01/04/2026, 10:18:54,540
FROV00001,FrozenEngine,1609,01/04/2026, 11:15:49,540
FROV00001,FrozenEngine,1610,01/04/2026, 12:34:55,540
FROV00001,FrozenEngine,1610,01/04/2026, 13:28:42,540
FROV00001,FrozenEngine,1610,01/04/2026, 14:16:59,540
FROV00001,FrozenEngine,1610,01/04/2026, 15:17:32,540
FROV00001,FrozenEngine,1610,01/04/2026, 16:21:27,540
FROV00001,FrozenEngine,1610,01/04/2026, 17:15:53,540
FROV00001,FrozenEngine,1610,01/04/2026, 18:25:20,540
FROV00001,FrozenEngine,1610,01/04/2026, 19:14:57,540
FROV00001,FrozenEngine,1610,01/04/2026, 20:20:27,540
FROV00001,FrozenEngine,1610,01/04/2026, 21:17:04,540
FROV00001,FrozenEngine,1610,01/04/2026, 22:18:13,540
FROV00001,FrozenEngine,1610,01/04/2026, 23:18:08,540
FROV00001,FrozenEngine,1610,01/05/2026, 01:29:54,540
FROV00001,FrozenEngine,1610,01/05/2026, 03:53:33,540
FROV00001,FrozenEngine,1610,01/05/2026, 04:55:27,540
FROV00001,FrozenEngine,1610,01/05/2026, 05:34:35,540
FROV00001,FrozenEngine,1610,01/05/2026, 06:34:52,540
FROV00001,FrozenEngine,1610,01/05/2026, 07:27:20,540
FROV00001,FrozenEngine,1610,01/05/2026, 08:29:16,540
FROV00001,FrozenEngine,1610,01/05/2026, 09:30:10,540
FROV00001,FrozenEngine,1610,01/05/2026, 10:22:32,540
FROV00001,FrozenEngine,1610,01/05/2026, 11:18:09,540
FROV00001,FrozenEngine,1611,01/05/2026, 12:40:10,540
FROV00001,FrozenEngine,1612,01/05/2026, 13:39:35,540
FROV00001,FrozenEngine,1612,01/05/2026, 14:23:21,540
FROV00001,FrozenEngine,1612,01/05/2026, 15:21:43,540
FROV00001,FrozenEngine,1612,01/05/2026, 16:25:33,540
FROV00001,FrozenEngine,1612,01/05/2026, 17:21:06,540
FROV00001,FrozenEngine,1612,01/05/2026, 18:28:51,540
FROV00001,FrozenEngine,1612,01/05/2026, 19:20:00,540
FROV00001,FrozenEngine,1612,01/05/2026, 20:22:38,540
FROV00001,FrozenEngine,1612,01/05/2026, 21:18:51,540
FROV00001,FrozenEngine,1612,01/05/2026, 22:19:15,540
FROV00001,FrozenEngine,1613,01/05/2026, 23:18:24,540
FROV00001,FrozenEngine,1613,01/06/2026, 01:23:21,540
FROV00001,FrozenEngine,1613,01/06/2026, 03:28:00,540
FROV00001,FrozenEngine,1613,01/06/2026, 04:37:56,540
FROV00001,FrozenEngine,1613,01/06/2026, 05:23:24,540
FROV00001,FrozenEngine,1613,01/06/2026, 06:30:23,540
FROV00001,FrozenEngine,1613,01/06/2026, 07:24:56,540
FROV00001,FrozenEngine,1613,01/06/2026, 08:27:03,540
FROV00001,FrozenEngine,1613,01/06/2026, 09:24:30,540
FROV00001,FrozenEngine,1613,01/06/2026, 10:21:15,540
FROV00001,FrozenEngine,1613,01/06/2026, 11:17:34,540
FROV00001,FrozenEngine,1613,01/06/2026, 12:38:55,540
FROV00001,FrozenEngine,1613,01/06/2026, 13:36:13,540
FROV00001,FrozenEngine,1613,01/06/2026, 14:20:41,540
FROV00001,FrozenEngine,1613,01/06/2026, 15:20:48,540
FROV00001,FrozenEngine,1613,01/06/2026, 16:24:31,540
FROV00001,FrozenEngine,1613,01/06/2026, 17:22:03,540
FROV00001,FrozenEngine,1613,01/06/2026, 18:27:55,540
FROV00001,FrozenEngine,1613,01/06/2026, 19:15:42,540
FROV00001,FrozenEngine,1613,01/06/2026, 20:21:30,540
FROV00001,FrozenEngine,1613,01/06/2026, 21:19:10,540
FROV00001,FrozenEngine,1613,01/06/2026, 22:19:47,540
FROV00001,FrozenEngine,1613,01/06/2026, 23:18:45,540
FROV00001,FrozenEngine,1613,01/07/2026, 01:23:53,540
FROV00001,FrozenEngine,1613,01/07/2026, 03:27:43,540
FROV00001,FrozenEngine,1613,01/07/2026, 04:39:04,540
FROV00001,FrozenEngine,1613,01/07/2026, 05:24:17,540
FROV00001,FrozenEngine,1613,01/07/2026, 06:30:09,540
FROV00001,FrozenEngine,1613,01/07/2026, 07:23:57,540
FROV00001,FrozenEngine,1613,01/07/2026, 08:26:58,540
FROV00001,FrozenEngine,1613,01/07/2026, 09:26:43,540
FROV00001,FrozenEngine,1613,01/07/2026, 10:22:39,540
FROV00001,FrozenEngine,1613,01/07/2026, 11:18:44,540
FROV00001,FrozenEngine,1613,01/07/2026, 12:39:50,540
FROV00001,FrozenEngine,1613,01/07/2026, 13:38:34,540
FROV00001,FrozenEngine,1613,01/07/2026, 14:22:46,540
FROV00001,FrozenEngine,1613,01/07/2026, 15:22:23,540
FROV00001,FrozenEngine,1613,01/07/2026, 16:27:04,540
FROV00001,FrozenEngine,1613,01/07/2026, 17:24:39,540
FROV00001,FrozenEngine,1613,01/07/2026, 18:29:02,540
FROV00001,FrozenEngine,1613,01/07/2026, 19:19:42,540
FROV00001,FrozenEngine,1613,01/07/2026, 20:22:20,540
FROV00001,FrozenEngine,1613,01/07/2026, 21:18:13,540
FROV00001,FrozenEngine,1613,01/07/2026, 22:19:21,540
FROV00001,FrozenEngine,1613,01/07/2026, 23:19:13,540
FROV00001,FrozenEngine,1613,01/08/2026, 01:24:18,540
FROV00001,FrozenEngine,1613,01/08/2026, 03:28:18,540
FROV00001,FrozenEngine,1613,01/08/2026, 04:38:07,540
FROV00001,FrozenEngine,1613,01/08/2026, 05:23:08,540
FROV00001,FrozenEngine,1613,01/08/2026, 06:31:05,540
FROV00001,FrozenEngine,1613,01/08/2026, 07:23:12,540
FROV00001,FrozenEngine,1613,01/08/2026, 08:27:11,540
FROV00001,FrozenEngine,1613,01/08/2026, 09:27:41,540
FROV00001,FrozenEngine,1613,01/08/2026, 10:22:08,540
FROV00001,FrozenEngine,1613,01/08/2026, 11:19:37,540
FROV00001,FrozenEngine,1613,01/08/2026, 12:39:46,540
FROV00001,FrozenEngine,1613,01/08/2026, 13:39:38,540
FROV00001,FrozenEngine,1613,01/08/2026, 14:23:28,540
FROV00001,FrozenEngine,1613,01/08/2026, 15:23:14,540
FROV00001,FrozenEngine,1613,01/08/2026, 16:26:41,540
FROV00001,FrozenEngine,1613,01/08/2026, 17:25:39,540
FROV00001,FrozenEngine,1613,01/08/2026, 18:25:16,540
FROV00001,FrozenEngine,1613,01/08/2026, 19:18:20,540
FROV00001,FrozenEngine,1613,01/08/2026, 20:22:25,540
FROV00001,FrozenEngine,1613,01/08/2026, 21:19:16,540
FROV00001,FrozenEngine,1613,01/08/2026, 22:19:54,540
FROV00001,FrozenEngine,1613,01/08/2026, 23:17:29,540
FROV00001,FrozenEngine,1613,01/09/2026, 01:24:19,540
FROV00001,FrozenEngine,1613,01/09/2026, 03:28:40,540
FROV00001,FrozenEngine,1613,01/09/2026, 04:39:00,540
FROV00001,FrozenEngine,1613,01/09/2026, 05:24:04,540
FROV00001,FrozenEngine,1613,01/09/2026, 06:30:17,540
FROV00001,FrozenEngine,1613,01/09/2026, 07:24:01,540
FROV00001,FrozenEngine,1613,01/09/2026, 08:26:54,540
FROV00001,FrozenEngine,1613,01/09/2026, 09:26:06,540
FROV00001,FrozenEngine,1613,01/09/2026, 10:20:58,540
FROV00001,FrozenEngine,1613,01/09/2026, 11:18:28,540
FROV00001,FrozenEngine,1613,01/09/2026, 12:39:31,540
FROV00001,FrozenEngine,1613,01/09/2026, 13:37:15,540
FROV00001,FrozenEngine,1613,01/09/2026, 14:22:22,540
FROV00001,FrozenEngine,1613,01/09/2026, 15:21:19,540
FROV00001,FrozenEngine,1613,01/09/2026, 16:24:02,540
FROV00001,FrozenEngine,1613,01/09/2026, 17:21:50,540
FROV00001,FrozenEngine,1613,01/09/2026, 18:29:03,540
FROV00001,FrozenEngine,1613,01/09/2026, 19:19:23,540
FROV00001,FrozenEngine,1613,01/09/2026, 20:22:06,540
FROV00001,FrozenEngine,1613,01/09/2026, 21:19:25,540
FROV00001,FrozenEngine,1613,01/09/2026, 22:19:20,540
FROV00001,FrozenEngine,1613,01/09/2026, 23:18:48,540
FROV00001,FrozenEngine,1613,01/10/2026, 01:21:38,540
FROV00001,FrozenEngine,1613,01/10/2026, 03:22:52,540
FROV00001,FrozenEngine,1613,01/10/2026, 04:32:34,540
FROV00001,FrozenEngine,1613,01/10/2026, 05:20:21,540
FROV00001,FrozenEngine,1613,01/10/2026, 06:27:10,540
FROV00001,FrozenEngine,1613,01/10/2026, 07:18:01,540
FROV00001,FrozenEngine,1613,01/10/2026, 08:23:17,540
FROV00001,FrozenEngine,1613,01/10/2026, 09:18:44,540
FROV00001,FrozenEngine,1613,01/10/2026, 10:18:58,540
FROV00001,FrozenEngine,1613,01/10/2026, 11:15:53,540
FROV00001,FrozenEngine,1614,01/10/2026, 12:34:58,540
FROV00001,FrozenEngine,1614,01/10/2026, 13:28:18,540
FROV00001,FrozenEngine,1614,01/10/2026, 14:17:43,540
FROV00001,FrozenEngine,1614,01/10/2026, 15:17:44,540
FROV00001,FrozenEngine,1614,01/10/2026, 16:21:19,540
FROV00001,FrozenEngine,1614,01/10/2026, 17:16:24,540
FROV00001,FrozenEngine,1614,01/10/2026, 18:25:26,540
FROV00001,FrozenEngine,1614,01/10/2026, 19:14:46,540
FROV00001,FrozenEngine,1614,01/10/2026, 20:20:00,540
FROV00001,FrozenEngine,1614,01/10/2026, 21:16:32,540
FROV00001,FrozenEngine,1614,01/10/2026, 22:18:01,540
FROV00001,FrozenEngine,1614,01/10/2026, 23:17:47,540
FROV00001,FrozenEngine,1614,01/11/2026, 01:40:47,540
FROV00001,FrozenEngine,1614,01/11/2026, 03:48:33,540
FROV00001,FrozenEngine,1614,01/11/2026, 04:45:30,540
FROV00001,FrozenEngine,1614,01/11/2026, 05:24:02,540
FROV00001,FrozenEngine,1614,01/11/2026, 06:28:17,540
FROV00001,FrozenEngine,1614,01/11/2026, 07:19:34,540
FROV00001,FrozenEngine,1614,01/11/2026, 08:23:29,540
FROV00001,FrozenEngine,1614,01/11/2026, 09:19:10,540
FROV00001,FrozenEngine,1614,01/11/2026, 10:19:27,540
FROV00001,FrozenEngine,1614,01/11/2026, 11:16:02,540
FROV00001,FrozenEngine,1614,01/11/2026, 12:35:27,540
FROV00001,FrozenEngine,1614,01/11/2026, 13:29:10,540
FROV00001,FrozenEngine,1614,01/11/2026, 14:17:30,540
FROV00001,FrozenEngine,1614,01/11/2026, 15:18:11,540
FROV00001,FrozenEngine,1614,01/11/2026, 16:22:01,540
FROV00001,FrozenEngine,1614,01/11/2026, 17:16:14,540
FROV00001,FrozenEngine,1614,01/11/2026, 18:25:31,540
FROV00001,FrozenEngine,1614,01/11/2026, 19:14:51,540
FROV00001,FrozenEngine,1614,01/11/2026, 20:20:45,540
FROV00001,FrozenEngine,1614,01/11/2026, 21:17:09,540
FROV00001,FrozenEngine,1614,01/11/2026, 22:18:03,540
FROV00001,FrozenEngine,1614,01/11/2026, 23:17:53,540
FROV00001,FrozenEngine,1614,01/12/2026, 01:27:40,540
FROV00001,FrozenEngine,1614,01/12/2026, 03:47:46,540
FROV00001,FrozenEngine,1614,01/12/2026, 04:48:09,540
FROV00001,FrozenEngine,1614,01/12/2026, 05:28:29,540
FROV00001,FrozenEngine,1614,01/12/2026, 06:32:36,540
FROV00001,FrozenEngine,1614,01/12/2026, 07:25:28,540
FROV00001,FrozenEngine,1614,01/12/2026, 08:29:07,540
FROV00001,FrozenEngine,1614,01/12/2026, 09:30:23,540
FROV00001,FrozenEngine,1614,01/12/2026, 10:23:15,540
FROV00001,FrozenEngine,1614,01/12/2026, 11:18:42,540
FROV00001,FrozenEngine,1614,01/12/2026, 12:41:19,540
FROV00001,FrozenEngine,1614,01/12/2026, 13:40:58,540
FROV00001,FrozenEngine,1614,01/12/2026, 14:24:05,540
FROV00001,FrozenEngine,1614,01/12/2026, 15:23:24,540
FROV00001,FrozenEngine,1614,01/12/2026, 16:25:04,540
FROV00001,FrozenEngine,1614,01/12/2026, 17:22:08,540
FROV00001,FrozenEngine,1614,01/12/2026, 18:29:39,540
FROV00001,FrozenEngine,1614,01/12/2026, 19:19:54,540
FROV00001,FrozenEngine,1615,01/12/2026, 20:22:41,540
FROV00001,FrozenEngine,1615,01/12/2026, 21:18:56,540
FROV00001,FrozenEngine,1615,01/12/2026, 22:17:45,540
FROV00001,FrozenEngine,1615,01/12/2026, 23:15:51,540
FROV00001,FrozenEngine,1615,01/13/2026, 01:20:47,540
FROV00001,FrozenEngine,1615,01/13/2026, 03:26:55,540
FROV00001,FrozenEngine,1615,01/13/2026, 04:38:41,540
FROV00001,FrozenEngine,1615,01/13/2026, 05:24:28,540
FROV00001,FrozenEngine,1615,01/13/2026, 06:29:59,540
FROV00001,FrozenEngine,1615,01/13/2026, 07:23:38,540
FROV00001,FrozenEngine,1615,01/13/2026, 08:27:29,540
FROV00001,FrozenEngine,1615,01/13/2026, 09:26:40,540
FROV00001,FrozenEngine,1615,01/13/2026, 10:21:51,540
FROV00001,FrozenEngine,1615,01/13/2026, 11:19:40,540
FROV00001,FrozenEngine,1615,01/13/2026, 12:41:16,540
FROV00001,FrozenEngine,1615,01/13/2026, 13:39:44,540
FROV00001,FrozenEngine,1615,01/13/2026, 14:24:06,540
FROV00001,FrozenEngine,1615,01/13/2026, 15:23:19,540
FROV00001,FrozenEngine,1615,01/13/2026, 16:28:41,540
FROV00001,FrozenEngine,1615,01/13/2026, 17:25:15,540
FROV00001,FrozenEngine,1615,01/13/2026, 18:28:40,540
FROV00001,FrozenEngine,1615,01/13/2026, 19:19:24,540
FROV00001,FrozenEngine,1615,01/13/2026, 20:22:25,540
FROV00001,FrozenEngine,1615,01/13/2026, 21:19:25,540
FROV00001,FrozenEngine,1615,01/13/2026, 22:20:45,540
FROV00001,FrozenEngine,1615,01/13/2026, 23:18:53,540
FROV00001,FrozenEngine,1615,01/14/2026, 01:27:00,540
FROV00001,FrozenEngine,1615,01/14/2026, 03:45:38,540
FROV00001,FrozenEngine,1615,01/14/2026, 04:45:04,540
FROV00001,FrozenEngine,1615,01/14/2026, 05:22:50,540
FROV00001,FrozenEngine,1615,01/14/2026, 06:30:31,540
FROV00001,FrozenEngine,1615,01/14/2026, 07:24:27,540
FROV00001,FrozenEngine,1615,01/14/2026, 08:27:17,540
FROV00001,FrozenEngine,1615,01/14/2026, 09:26:59,540
FROV00001,FrozenEngine,1615,01/14/2026, 10:22:11,540
FROV00001,FrozenEngine,1615,01/14/2026, 11:19:34,540
FROV00001,FrozenEngine,1615,01/14/2026, 12:40:19,540
FROV00001,FrozenEngine,1615,01/14/2026, 13:39:33,540
FROV00001,FrozenEngine,1615,01/14/2026, 14:23:42,540
FROV00001,FrozenEngine,1615,01/14/2026, 15:23:24,540
FROV00001,FrozenEngine,1615,01/14/2026, 16:27:10,540
FROV00001,FrozenEngine,1615,01/14/2026, 17:26:17,540
FROV00001,FrozenEngine,1615,01/14/2026, 18:29:59,540
FROV00001,FrozenEngine,1615,01/14/2026, 19:18:38,540
FROV00001,FrozenEngine,1615,01/14/2026, 20:19:12,540
FROV00001,FrozenEngine,1615,01/14/2026, 21:20:10,540
FROV00001,FrozenEngine,1615,01/14/2026, 22:20:39,540
FROV00001,FrozenEngine,1615,01/14/2026, 23:16:57,540
FROV00001,FrozenEngine,1615,01/15/2026, 01:22:24,540
FROV00001,FrozenEngine,1615,01/15/2026, 03:29:15,540
FROV00001,FrozenEngine,1615,01/15/2026, 04:38:44,540
FROV00001,FrozenEngine,1615,01/15/2026, 05:25:24,540
FROV00001,FrozenEngine,1615,01/15/2026, 06:30:13,540
FROV00001,FrozenEngine,1615,01/15/2026, 07:24:07,540
FROV00001,FrozenEngine,1615,01/15/2026, 08:28:04,540
FROV00001,FrozenEngine,1615,01/15/2026, 09:26:31,540
FROV00001,FrozenEngine,1615,01/15/2026, 10:21:56,540
FROV00001,FrozenEngine,1615,01/15/2026, 11:18:32,540
FROV00001,FrozenEngine,1615,01/15/2026, 12:39:51,540
FROV00001,FrozenEngine,1615,01/15/2026, 13:38:39,540
FROV00001,FrozenEngine,1615,01/15/2026, 14:22:48,540
FROV00001,FrozenEngine,1615,01/15/2026, 15:22:40,540
FROV00001,FrozenEngine,1615,01/15/2026, 16:31:56,540
FROV00001,FrozenEngine,1615,01/15/2026, 17:30:18,540
FROV00001,FrozenEngine,1615,01/15/2026, 18:33:33,540
FROV00001,FrozenEngine,1615,01/15/2026, 19:23:09,540
FROV00001,FrozenEngine,1615,01/15/2026, 20:22:27,540
FROV00001,FrozenEngine,1615,01/15/2026, 21:19:52,540
FROV00001,FrozenEngine,1615,01/15/2026, 22:20:31,540
FROV00001,FrozenEngine,1615,01/15/2026, 23:19:38,540
FROV00001,FrozenEngine,1615,01/16/2026, 01:24:48,540
FROV00001,FrozenEngine,1615,01/16/2026, 03:28:18,540
FROV00001,FrozenEngine,1616,01/16/2026, 04:38:43,540
FROV00001,FrozenEngine,1616,01/16/2026, 05:23:32,540
FROV00001,FrozenEngine,1616,01/16/2026, 06:30:57,540
FROV00001,FrozenEngine,1616,01/16/2026, 07:23:13,540
FROV00001,FrozenEngine,1616,01/16/2026, 08:26:32,540
FROV00001,FrozenEngine,1616,01/16/2026, 09:25:09,540
FROV00001,FrozenEngine,1616,01/16/2026, 10:21:31,540
FROV00001,FrozenEngine,1616,01/16/2026, 11:18:09,540
FROV00001,FrozenEngine,1616,01/16/2026, 12:38:25,540
FROV00001,FrozenEngine,1616,01/16/2026, 13:37:24,540
FROV00001,FrozenEngine,1616,01/16/2026, 14:21:53,540
FROV00001,FrozenEngine,1616,01/16/2026, 15:22:22,540
FROV00001,FrozenEngine,1616,01/16/2026, 16:25:39,540
FROV00001,FrozenEngine,1616,01/16/2026, 17:22:53,540
FROV00001,FrozenEngine,1616,01/16/2026, 18:29:35,540
FROV00001,FrozenEngine,1616,01/16/2026, 19:20:21,540
FROV00001,FrozenEngine,1616,01/16/2026, 20:21:30,540
FROV00001,FrozenEngine,1616,01/16/2026, 21:19:19,540
FROV00001,FrozenEngine,1616,01/16/2026, 22:19:23,540
FROV00001,FrozenEngine,1616,01/16/2026, 23:18:54,540
FROV00001,FrozenEngine,1616,01/17/2026, 01:21:09,540
FROV00001,FrozenEngine,1616,01/17/2026, 03:21:17,540
FROV00001,FrozenEngine,1616,01/17/2026, 04:30:55,540
FROV00001,FrozenEngine,1616,01/17/2026, 05:19:15,540
FROV00001,FrozenEngine,1616,01/17/2026, 06:27:06,540
FROV00001,FrozenEngine,1616,01/17/2026, 07:18:09,540
FROV00001,FrozenEngine,1616,01/17/2026, 08:23:03,540
FROV00001,FrozenEngine,1616,01/17/2026, 09:18:48,540
FROV00001,FrozenEngine,1616,01/17/2026, 10:18:50,540
FROV00001,FrozenEngine,1616,01/17/2026, 11:15:56,540
FROV00001,FrozenEngine,1616,01/17/2026, 12:34:33,540
FROV00001,FrozenEngine,1616,01/17/2026, 13:27:40,540
FROV00001,FrozenEngine,1616,01/17/2026, 14:17:21,540
FROV00001,FrozenEngine,1616,01/17/2026, 15:18:16,540
FROV00001,FrozenEngine,1616,01/17/2026, 16:20:26,540
FROV00001,FrozenEngine,1616,01/17/2026, 17:16:03,540
FROV00001,FrozenEngine,1616,01/17/2026, 18:25:00,540
FROV00001,FrozenEngine,1616,01/17/2026, 19:14:43,540
FROV00001,FrozenEngine,1616,01/17/2026, 20:19:50,540
FROV00001,FrozenEngine,1616,01/17/2026, 21:16:21,540
FROV00001,FrozenEngine,1616,01/17/2026, 22:18:00,540
FROV00001,FrozenEngine,1616,01/17/2026, 23:17:43,540
FROV00001,FrozenEngine,1617,01/18/2026, 01:30:02,540
FROV00001,FrozenEngine,1617,01/18/2026, 03:44:42,540
FROV00001,FrozenEngine,1617,01/18/2026, 04:40:31,540
FROV00001,FrozenEngine,1617,01/18/2026, 05:22:00,540
FROV00001,FrozenEngine,1617,01/18/2026, 06:27:59,540
FROV00001,FrozenEngine,1617,01/18/2026, 07:18:33,540
FROV00001,FrozenEngine,1617,01/18/2026, 08:23:54,540
FROV00001,FrozenEngine,1617,01/18/2026, 09:19:06,540
FROV00001,FrozenEngine,1617,01/18/2026, 10:19:25,540
FROV00001,FrozenEngine,1617,01/18/2026, 11:15:54,540
FROV00001,FrozenEngine,1617,01/18/2026, 12:34:45,540
FROV00001,FrozenEngine,1617,01/18/2026, 13:27:43,540
FROV00001,FrozenEngine,1617,01/18/2026, 14:16:57,540
FROV00001,FrozenEngine,1617,01/18/2026, 15:17:51,540
FROV00001,FrozenEngine,1617,01/18/2026, 16:21:59,540
FROV00001,FrozenEngine,1617,01/18/2026, 17:16:17,540
FROV00001,FrozenEngine,1617,01/18/2026, 18:24:54,540
FROV00001,FrozenEngine,1617,01/18/2026, 19:14:39,540
FROV00001,FrozenEngine,1617,01/18/2026, 20:20:40,540
FROV00001,FrozenEngine,1618,01/18/2026, 21:17:02,540
FROV00001,FrozenEngine,1618,01/18/2026, 22:18:03,540
FROV00001,FrozenEngine,1618,01/18/2026, 23:18:00,540
FROV00001,FrozenEngine,1619,01/19/2026, 01:28:20,540
FROV00001,FrozenEngine,1619,01/19/2026, 03:48:14,540
FROV00001,FrozenEngine,1619,01/19/2026, 04:49:42,540
FROV00001,FrozenEngine,1619,01/19/2026, 05:30:30,540
FROV00001,FrozenEngine,1619,01/19/2026, 06:34:37,540
FROV00001,FrozenEngine,1619,01/19/2026, 07:27:24,540
FROV00001,FrozenEngine,1619,01/19/2026, 08:29:32,540
FROV00001,FrozenEngine,1619,01/19/2026, 09:32:43,540
FROV00001,FrozenEngine,1619,01/19/2026, 10:25:49,540
FROV00001,FrozenEngine,1619,01/19/2026, 11:20:20,540
FROV00001,FrozenEngine,1619,01/19/2026, 12:43:02,540
FROV00001,FrozenEngine,1619,01/19/2026, 13:43:42,540
FROV00001,FrozenEngine,1619,01/19/2026, 14:25:13,540
FROV00001,FrozenEngine,1619,01/19/2026, 15:24:52,540
FROV00001,FrozenEngine,1619,01/19/2026, 16:26:11,540
FROV00001,FrozenEngine,1619,01/19/2026, 17:22:28,540
FROV00001,FrozenEngine,1619,01/19/2026, 18:28:43,540
FROV00001,FrozenEngine,1619,01/19/2026, 19:19:01,540
FROV00001,FrozenEngine,1619,01/19/2026, 20:21:45,540
FROV00001,FrozenEngine,1619,01/19/2026, 21:18:09,540
FROV00001,FrozenEngine,1619,01/19/2026, 22:19:43,540
FROV00001,FrozenEngine,1619,01/19/2026, 23:19:11,540
FROV00001,FrozenEngine,1619,01/20/2026, 01:23:33,540
FROV00001,FrozenEngine,1619,01/20/2026, 03:42:24,540
FROV00001,FrozenEngine,1619,01/20/2026, 04:43:29,540
FROV00001,FrozenEngine,1619,01/20/2026, 05:27:24,540
FROV00001,FrozenEngine,1619,01/20/2026, 06:32:25,540
FROV00001,FrozenEngine,1619,01/20/2026, 07:26:20,540
FROV00001,FrozenEngine,1619,01/20/2026, 08:29:00,540
FROV00001,FrozenEngine,1619,01/20/2026, 09:31:21,540
FROV00001,FrozenEngine,1619,01/20/2026, 10:25:01,540
FROV00001,FrozenEngine,1619,01/20/2026, 11:22:17,540
FROV00001,FrozenEngine,1619,01/20/2026, 12:43:08,540
FROV00001,FrozenEngine,1619,01/20/2026, 13:45:10,540
FROV00001,FrozenEngine,1619,01/20/2026, 14:28:54,540
FROV00001,FrozenEngine,1619,01/20/2026, 15:29:41,540
FROV00001,FrozenEngine,1619,01/20/2026, 16:32:29,540
FROV00001,FrozenEngine,1619,01/20/2026, 17:27:25,540
FROV00001,FrozenEngine,1619,01/20/2026, 18:32:10,540
FROV00001,FrozenEngine,1619,01/20/2026, 20:11:20,540
FROV00001,FrozenEngine,1619,01/20/2026, 21:19:33,540
FROV00001,FrozenEngine,1619,01/20/2026, 22:21:25,540
FROV00001,FrozenEngine,1619,01/20/2026, 23:20:34,540
FROV00001,FrozenEngine,1620,01/21/2026, 01:26:30,540
FROV00001,FrozenEngine,1620,01/21/2026, 03:42:11,540
FROV00001,FrozenEngine,1620,01/21/2026, 04:42:14,540
FROV00001,FrozenEngine,1620,01/21/2026, 05:27:20,540
FROV00001,FrozenEngine,1620,01/21/2026, 06:32:35,540
FROV00001,FrozenEngine,1620,01/21/2026, 07:26:25,540
FROV00001,FrozenEngine,1620,01/21/2026, 08:29:00,540
FROV00001,FrozenEngine,1620,01/21/2026, 09:30:54,540
FROV00001,FrozenEngine,1620,01/21/2026, 10:25:29,540
FROV00001,FrozenEngine,1620,01/21/2026, 11:23:21,540
FROV00001,FrozenEngine,1620,01/21/2026, 12:43:05,540
FROV00001,FrozenEngine,1620,01/21/2026, 13:43:47,540
FROV00001,FrozenEngine,1620,01/21/2026, 14:29:21,540
FROV00001,FrozenEngine,1620,01/21/2026, 15:29:53,540
FROV00001,FrozenEngine,1620,01/21/2026, 16:41:22,540
FROV00001,FrozenEngine,1620,01/21/2026, 17:52:53,540
FROV00001,FrozenEngine,1620,01/21/2026, 18:38:59,540
FROV00001,FrozenEngine,1620,01/21/2026, 19:26:00,540
FROV00001,FrozenEngine,1620,01/21/2026, 20:28:42,540
FROV00001,FrozenEngine,1620,01/21/2026, 21:26:50,540
FROV00001,FrozenEngine,1620,01/21/2026, 22:22:41,540
FROV00001,FrozenEngine,1620,01/21/2026, 23:23:14,540
FROV00001,FrozenEngine,1620,01/22/2026, 01:26:20,540
FROV00001,FrozenEngine,1620,01/22/2026, 03:46:02,540
FROV00001,FrozenEngine,1620,01/22/2026, 04:45:56,540
FROV00001,FrozenEngine,1620,01/22/2026, 05:27:05,540
FROV00001,FrozenEngine,1620,01/22/2026, 06:31:19,540
FROV00001,FrozenEngine,1620,01/22/2026, 07:25:37,540
FROV00001,FrozenEngine,1620,01/22/2026, 08:28:35,540
FROV00001,FrozenEngine,1620,01/22/2026, 09:31:15,540
FROV00001,FrozenEngine,1620,01/22/2026, 10:25:08,540
FROV00001,FrozenEngine,1620,01/22/2026, 11:22:29,540
FROV00001,FrozenEngine,1621,01/22/2026, 12:42:26,540
FROV00001,FrozenEngine,1621,01/22/2026, 13:44:49,540
FROV00001,FrozenEngine,1621,01/22/2026, 15:28:34,540
FROV00001,FrozenEngine,1621,01/22/2026, 16:31:27,540
FROV00001,FrozenEngine,1621,01/22/2026, 17:27:02,540
FROV00001,FrozenEngine,1621,01/22/2026, 18:28:51,540
FROV00001,FrozenEngine,1621,01/22/2026, 19:23:08,540
FROV00001,FrozenEngine,1621,01/22/2026, 20:23:52,540
FROV00001,FrozenEngine,1621,01/22/2026, 21:20:55,540
FROV00001,FrozenEngine,1621,01/22/2026, 22:20:59,540
FROV00001,FrozenEngine,1621,01/22/2026, 23:19:59,540
FROV00001,FrozenEngine,1621,01/23/2026, 01:24:22,540
FROV00001,FrozenEngine,1621,01/23/2026, 03:40:52,540
FROV00001,FrozenEngine,1621,01/23/2026, 04:41:01,540
FROV00001,FrozenEngine,1621,01/23/2026, 05:26:24,540
FROV00001,FrozenEngine,1621,01/23/2026, 06:30:31,540
FROV00001,FrozenEngine,1621,01/23/2026, 07:23:59,540
FROV00001,FrozenEngine,1621,01/23/2026, 08:26:51,540
FROV00001,FrozenEngine,1621,01/23/2026, 09:27:48,540
FROV00001,FrozenEngine,1621,01/23/2026, 10:22:28,540
FROV00001,FrozenEngine,1621,01/23/2026, 11:19:31,540
FROV00001,FrozenEngine,1621,01/23/2026, 12:41:38,540
FROV00001,FrozenEngine,1621,01/23/2026, 13:41:23,540
FROV00001,FrozenEngine,1621,01/23/2026, 14:23:34,540
FROV00001,FrozenEngine,1621,01/23/2026, 15:23:22,540
FROV00001,FrozenEngine,1621,01/23/2026, 16:27:29,540
FROV00001,FrozenEngine,1621,01/23/2026, 17:25:54,540
FROV00001,FrozenEngine,1621,01/23/2026, 18:30:28,540
FROV00001,FrozenEngine,1621,01/23/2026, 19:23:27,540
FROV00001,FrozenEngine,1621,01/23/2026, 20:23:10,540
FROV00001,FrozenEngine,1621,01/23/2026, 21:19:39,540
FROV00001,FrozenEngine,1621,01/23/2026, 22:17:08,540
FROV00001,FrozenEngine,1621,01/23/2026, 23:19:54,540
FROV00001,FrozenEngine,1621,01/24/2026, 01:22:19,540
FROV00001,FrozenEngine,1621,01/24/2026, 03:25:37,540
FROV00001,FrozenEngine,1621,01/24/2026, 04:34:13,540
FROV00001,FrozenEngine,1621,01/24/2026, 05:20:07,540
FROV00001,FrozenEngine,1621,01/24/2026, 06:28:31,540
FROV00001,FrozenEngine,1621,01/24/2026, 07:18:53,540
FROV00001,FrozenEngine,1621,01/24/2026, 08:24:00,540
FROV00001,FrozenEngine,1621,01/24/2026, 09:19:29,540
FROV00001,FrozenEngine,1621,01/24/2026, 10:19:31,540
FROV00001,FrozenEngine,1621,01/24/2026, 11:16:38,540
FROV00001,FrozenEngine,1621,01/24/2026, 12:35:42,540
FROV00001,FrozenEngine,1621,01/24/2026, 13:30:14,540
FROV00001,FrozenEngine,1621,01/24/2026, 14:18:16,540
FROV00001,FrozenEngine,1621,01/24/2026, 15:18:03,540
FROV00001,FrozenEngine,1621,01/24/2026, 16:22:04,540
FROV00001,FrozenEngine,1621,01/24/2026, 17:16:46,540
FROV00001,FrozenEngine,1621,01/24/2026, 18:26:46,540
FROV00001,FrozenEngine,1621,01/24/2026, 19:15:45,540
FROV00001,FrozenEngine,1621,01/24/2026, 20:19:50,540
FROV00001,FrozenEngine,1621,01/24/2026, 21:17:12,540
FROV00001,FrozenEngine,1621,01/24/2026, 22:18:12,540
FROV00001,FrozenEngine,1621,01/24/2026, 23:18:10,540
FROV00001,FrozenEngine,1621,01/25/2026, 01:42:00,540
FROV00001,FrozenEngine,1621,01/25/2026, 03:52:21,540
FROV00001,FrozenEngine,1621,01/25/2026, 04:51:01,540
FROV00001,FrozenEngine,1621,01/25/2026, 05:27:22,540
FROV00001,FrozenEngine,1621,01/25/2026, 06:28:25,540
FROV00001,FrozenEngine,1621,01/25/2026, 07:20:42,540
FROV00001,FrozenEngine,1622,01/25/2026, 08:24:27,540
FROV00001,FrozenEngine,1622,01/25/2026, 09:20:00,540
FROV00001,FrozenEngine,1622,01/25/2026, 10:20:00,540
FROV00001,FrozenEngine,1622,01/25/2026, 11:16:23,540
FROV00001,FrozenEngine,1622,01/25/2026, 12:37:01,540
FROV00001,FrozenEngine,1622,01/25/2026, 13:31:33,540
FROV00001,FrozenEngine,1622,01/25/2026, 14:17:52,540
FROV00001,FrozenEngine,1622,01/25/2026, 15:18:27,540
FROV00001,FrozenEngine,1622,01/25/2026, 16:22:27,540
FROV00001,FrozenEngine,1622,01/25/2026, 17:16:41,540
FROV00001,FrozenEngine,1622,01/25/2026, 18:26:31,540
FROV00001,FrozenEngine,1622,01/25/2026, 19:15:58,540
FROV00001,FrozenEngine,1622,01/25/2026, 20:21:45,540
FROV00001,FrozenEngine,1622,01/25/2026, 21:17:37,540
FROV00001,FrozenEngine,1622,01/25/2026, 22:18:32,540
FROV00001,FrozenEngine,1623,01/25/2026, 23:24:45,540
FROV00001,FrozenEngine,1623,01/26/2026, 01:30:37,540
FROV00001,FrozenEngine,1623,01/26/2026, 03:55:11,540
FROV00001,FrozenEngine,1623,01/26/2026, 04:54:40,540
FROV00001,FrozenEngine,1623,01/26/2026, 05:32:24,540
FROV00001,FrozenEngine,1623,01/26/2026, 06:33:28,540
FROV00001,FrozenEngine,1623,01/26/2026, 07:26:45,540
FROV00001,FrozenEngine,1623,01/26/2026, 08:29:22,540
FROV00001,FrozenEngine,1623,01/26/2026, 09:32:11,540
FROV00001,FrozenEngine,1623,01/26/2026, 10:24:56,540
FROV00001,FrozenEngine,1623,01/26/2026, 11:19:42,540
FROV00001,FrozenEngine,1623,01/26/2026, 12:41:38,540
FROV00001,FrozenEngine,1623,01/26/2026, 13:42:37,540
FROV00001,FrozenEngine,1623,01/26/2026, 14:27:17,540
FROV00001,FrozenEngine,1623,01/26/2026, 15:27:08,540
FROV00001,FrozenEngine,1623,01/26/2026, 16:30:25,540
FROV00001,FrozenEngine,1623,01/26/2026, 17:27:55,540
FROV00001,FrozenEngine,1623,01/26/2026, 18:31:59,540
FROV00001,FrozenEngine,1623,01/26/2026, 19:22:25,540
FROV00001,FrozenEngine,1623,01/26/2026, 20:24:16,540
FROV00001,FrozenEngine,1623,01/26/2026, 21:22:45,540
FROV00001,FrozenEngine,1623,01/26/2026, 22:20:15,540
FROV00001,FrozenEngine,1623,01/26/2026, 23:20:14,540
FROV00001,FrozenEngine,1623,01/27/2026, 01:29:49,540
FROV00001,FrozenEngine,1623,01/27/2026, 03:45:52,540
FROV00001,FrozenEngine,1623,01/27/2026, 04:44:45,540
FROV00001,FrozenEngine,1623,01/27/2026, 05:25:42,540
FROV00001,FrozenEngine,1623,01/27/2026, 06:31:24,540
FROV00001,FrozenEngine,1623,01/27/2026, 07:26:21,540
FROV00001,FrozenEngine,1623,01/27/2026, 08:29:51,540
FROV00001,FrozenEngine,1623,01/27/2026, 09:30:29,540
FROV00001,FrozenEngine,1623,01/27/2026, 10:25:19,540
FROV00001,FrozenEngine,1623,01/27/2026, 11:21:48,540
FROV00001,FrozenEngine,1623,01/27/2026, 12:42:08,540
FROV00001,FrozenEngine,1623,01/27/2026, 13:44:45,540
FROV00001,FrozenEngine,1623,01/27/2026, 14:27:35,540
FROV00001,FrozenEngine,1623,01/27/2026, 15:29:13,540
FROV00001,FrozenEngine,1623,01/27/2026, 16:27:43,540
FROV00001,FrozenEngine,1623,01/27/2026, 17:26:42,540
FROV00001,FrozenEngine,1623,01/27/2026, 18:34:59,540
FROV00001,FrozenEngine,1623,01/27/2026, 19:25:02,540
FROV00001,FrozenEngine,1623,01/27/2026, 20:21:20,540
FROV00001,FrozenEngine,1623,01/27/2026, 21:16:37,540
FROV00001,FrozenEngine,1623,01/27/2026, 22:21:32,540
FROV00001,FrozenEngine,1623,01/27/2026, 23:20:30,540
FROV00001,FrozenEngine,1623,01/28/2026, 01:25:57,540
FROV00001,FrozenEngine,1623,01/28/2026, 03:43:33,540
FROV00001,FrozenEngine,1623,01/28/2026, 04:42:45,540
FROV00001,FrozenEngine,1623,01/28/2026, 05:26:21,540
FROV00001,FrozenEngine,1623,01/28/2026, 06:32:49,540
FROV00001,FrozenEngine,1623,01/28/2026, 07:24:40,540
FROV00001,FrozenEngine,1623,01/28/2026, 08:28:43,540
FROV00001,FrozenEngine,1623,01/28/2026, 09:32:16,540
FROV00001,FrozenEngine,1623,01/28/2026, 10:26:00,540
FROV00001,FrozenEngine,1623,01/28/2026, 11:22:02,540
FROV00001,FrozenEngine,1623,01/28/2026, 12:43:48,540
FROV00001,FrozenEngine,1623,01/28/2026, 13:47:11,540
FROV00001,FrozenEngine,1623,01/28/2026, 14:27:22,540
FROV00001,FrozenEngine,1623,01/28/2026, 15:30:02,540
FROV00001,FrozenEngine,1623,01/28/2026, 16:33:34,540
FROV00001,FrozenEngine,1623,01/28/2026, 17:30:58,540
FROV00001,FrozenEngine,1623,01/28/2026, 18:34:46,540
FROV00001,FrozenEngine,1623,01/28/2026, 19:26:05,540
FROV00001,FrozenEngine,1623,01/28/2026, 20:27:22,540
FROV00001,FrozenEngine,1623,01/28/2026, 21:28:22,540
FROV00001,FrozenEngine,1623,01/28/2026, 22:24:10,540
FROV00001,FrozenEngine,1623,01/28/2026, 23:24:05,540
FROV00001,FrozenEngine,1623,01/29/2026, 01:46:49,540
FROV00001,FrozenEngine,1623,01/29/2026, 04:06:14,540
FROV00001,FrozenEngine,1623,01/29/2026, 05:41:52,540
FROV00001,FrozenEngine,1623,01/29/2026, 06:43:03,540
FROV00001,FrozenEngine,1623,01/29/2026, 07:38:51,540
FROV00001,FrozenEngine,1623,01/29/2026, 08:35:59,540
FROV00001,FrozenEngine,1623,01/29/2026, 09:39:45,540
FROV00001,FrozenEngine,1623,01/29/2026, 10:34:16,540
FROV00001,FrozenEngine,1623,01/29/2026, 11:29:13,540
FROV00001,FrozenEngine,1623,01/29/2026, 12:51:32,540
FROV00001,FrozenEngine,1623,01/29/2026, 13:58:37,540
FROV00001,FrozenEngine,1623,01/29/2026, 14:39:15,540
FROV00001,FrozenEngine,1623,01/29/2026, 15:32:59,540
FROV00001,FrozenEngine,1623,01/29/2026, 16:40:23,540
FROV00001,FrozenEngine,1623,01/29/2026, 17:36:26,540
FROV00001,FrozenEngine,1624,01/29/2026, 18:40:02,540
FROV00001,FrozenEngine,1624,01/29/2026, 19:29:25,540
FROV00001,FrozenEngine,1624,01/29/2026, 20:27:17,540
FROV00001,FrozenEngine,1624,01/29/2026, 21:24:35,540
FROV00001,FrozenEngine,1624,01/29/2026, 22:25:21,540
FROV00001,FrozenEngine,1624,01/29/2026, 23:24:19,540
FROV00001,FrozenEngine,1624,01/30/2026, 01:47:39,540
FROV00001,FrozenEngine,1624,01/30/2026, 04:07:18,540
FROV00001,FrozenEngine,1624,01/30/2026, 05:44:35,540
FROV00001,FrozenEngine,1624,01/30/2026, 06:43:31,540
FROV00001,FrozenEngine,1624,01/30/2026, 07:38:30,540
FROV00001,FrozenEngine,1624,01/30/2026, 08:34:30,540
FROV00001,FrozenEngine,1624,01/30/2026, 09:35:34,540
FROV00001,FrozenEngine,1624,01/30/2026, 10:31:47,540
FROV00001,FrozenEngine,1624,01/30/2026, 11:27:05,540
FROV00001,FrozenEngine,1624,01/30/2026, 12:47:08,540
FROV00001,FrozenEngine,1624,01/30/2026, 13:55:26,540
FROV00001,FrozenEngine,1624,01/30/2026, 14:34:14,540
FROV00001,FrozenEngine,1624,01/30/2026, 15:31:56,540
FROV00001,FrozenEngine,1624,01/30/2026, 16:35:39,540
FROV00001,FrozenEngine,1625,01/30/2026, 17:32:55,540
FROV00001,FrozenEngine,1625,01/30/2026, 18:38:47,540
FROV00001,FrozenEngine,1625,01/30/2026, 19:30:29,540
FROV00001,FrozenEngine,1625,01/30/2026, 20:26:20,540
FROV00001,FrozenEngine,1625,01/30/2026, 21:25:58,540
FROV00001,FrozenEngine,1625,01/30/2026, 22:22:38,540
FROV00001,FrozenEngine,1625,01/30/2026, 23:23:49,540
FROV00001,FrozenEngine,1625,01/31/2026, 01:43:23,540
FROV00001,FrozenEngine,1625,01/31/2026, 04:04:19,540
FROV00001,FrozenEngine,1625,01/31/2026, 05:36:33,540
FROV00001,FrozenEngine,1625,01/31/2026, 06:35:13,540
FROV00001,FrozenEngine,1625,01/31/2026, 07:27:19,540
FROV00001,FrozenEngine,1625,01/31/2026, 08:27:10,540
FROV00001,FrozenEngine,1625,01/31/2026, 09:26:24,540
FROV00001,FrozenEngine,1625,01/31/2026, 10:22:04,540
FROV00001,FrozenEngine,1625,01/31/2026, 11:18:51,540
FROV00001,FrozenEngine,1625,01/31/2026, 12:40:25,540
FROV00001,FrozenEngine,1625,01/31/2026, 13:40:03,540
FROV00001,FrozenEngine,1625,01/31/2026, 14:22:35,540
FROV00001,FrozenEngine,1625,01/31/2026, 15:21:03,540
FROV00001,FrozenEngine,1625,01/31/2026, 16:23:59,540
FROV00001,FrozenEngine,1625,01/31/2026, 17:22:20,540
FROV00001,FrozenEngine,1625,01/31/2026, 18:28:21,540
FROV00001,FrozenEngine,1625,01/31/2026, 19:19:53,540
FROV00001,FrozenEngine,1625,01/31/2026, 20:22:46,540
FROV00001,FrozenEngine,1625,01/31/2026, 21:20:05,540
FROV00001,FrozenEngine,1625,01/31/2026, 22:20:53,540
FROV00001,FrozenEngine,1625,01/31/2026, 23:20:06,540
FROV00001,FrozenEngine,1625,02/01/2026, 02:01:59,540
FROV00001,FrozenEngine,1625,02/01/2026, 04:35:17,540
FROV00001,FrozenEngine,1625,02/01/2026, 05:59:16,540
FROV00001,FrozenEngine,1625,02/01/2026, 06:53:20,540
FROV00001,FrozenEngine,1625,02/01/2026, 07:36:30,540
FROV00001,FrozenEngine,1625,02/01/2026, 08:29:42,540
FROV00001,FrozenEngine,1625,02/01/2026, 09:28:29,540
FROV00001,FrozenEngine,1625,02/01/2026, 10:22:46,540
FROV00001,FrozenEngine,1625,02/01/2026, 11:20:19,540
FROV00001,FrozenEngine,1625,02/01/2026, 12:42:34,540
FROV00001,FrozenEngine,1625,02/01/2026, 13:41:41,540
FROV00001,FrozenEngine,1625,02/01/2026, 14:23:50,540
FROV00001,FrozenEngine,1625,02/01/2026, 15:22:32,540
FROV00001,FrozenEngine,1625,02/01/2026, 16:26:01,540
FROV00001,FrozenEngine,1625,02/01/2026, 17:22:28,540
FROV00001,FrozenEngine,1625,02/01/2026, 18:31:18,540
FROV00001,FrozenEngine,1625,02/01/2026, 19:23:00,540
FROV00001,FrozenEngine,1625,02/01/2026, 20:23:17,540
FROV00001,FrozenEngine,1625,02/01/2026, 21:21:04,540
FROV00001,FrozenEngine,1625,02/01/2026, 22:21:42,540
FROV00001,FrozenEngine,1626,02/01/2026, 23:22:44,540
FROV00001,FrozenEngine,1626,02/02/2026, 01:54:21,540
FROV00001,FrozenEngine,1626,02/02/2026, 04:23:34,540
FROV00001,FrozenEngine,1626,02/02/2026, 06:02:43,540
FROV00001,FrozenEngine,1626,02/02/2026, 07:48:42,540
FROV00001,FrozenEngine,1626,02/02/2026, 08:39:29,540
FROV00001,FrozenEngine,1626,02/02/2026, 09:45:44,540
FROV00001,FrozenEngine,1626,02/02/2026, 10:41:46,540
FROV00001,FrozenEngine,1626,02/02/2026, 11:34:11,540
FROV00001,FrozenEngine,1626,02/02/2026, 12:53:31,540
FROV00001,FrozenEngine,1626,02/02/2026, 14:02:20,540
FROV00001,FrozenEngine,1626,02/02/2026, 14:51:50,540
FROV00001,FrozenEngine,1626,02/02/2026, 15:36:20,540
FROV00001,FrozenEngine,1626,02/02/2026, 16:36:06,540
FROV00001,FrozenEngine,1626,02/02/2026, 17:37:32,540
FROV00001,FrozenEngine,1626,02/02/2026, 18:39:26,540
FROV00001,FrozenEngine,1626,02/02/2026, 23:25:53,540
FROV00001,FrozenEngine,1626,02/03/2026, 01:52:54,540
FROV00001,FrozenEngine,1626,02/03/2026, 04:14:01,540
FROV00001,FrozenEngine,1626,02/03/2026, 05:48:57,540
FROV00001,FrozenEngine,1626,02/03/2026, 06:46:11,540
FROV00001,FrozenEngine,1626,02/03/2026, 07:41:03,540
FROV00001,FrozenEngine,1626,02/03/2026, 08:34:14,540
FROV00001,FrozenEngine,1626,02/03/2026, 09:38:52,540
FROV00001,FrozenEngine,1626,02/03/2026, 10:37:12,540
FROV00001,FrozenEngine,1626,02/03/2026, 11:32:47,540
FROV00001,FrozenEngine,1626,02/03/2026, 12:53:37,540
FROV00001,FrozenEngine,1626,02/03/2026, 14:03:03,540
FROV00001,FrozenEngine,1626,02/03/2026, 15:45:46,540
FROV00001,FrozenEngine,1626,02/03/2026, 16:49:11,540
FROV00001,FrozenEngine,1626,02/03/2026, 17:52:33,540
FROV00001,FrozenEngine,1626,02/03/2026, 18:53:25,540
FROV00001,FrozenEngine,1626,02/03/2026, 19:44:07,540
FROV00001,FrozenEngine,1626,02/03/2026, 20:33:07,540
FROV00001,FrozenEngine,1626,02/03/2026, 21:31:57,540
FROV00001,FrozenEngine,1626,02/03/2026, 22:27:16,540
FROV00001,FrozenEngine,1626,02/03/2026, 23:27:17,540
FROV00001,FrozenEngine,1626,02/04/2026, 01:48:15,540
FROV00001,FrozenEngine,1626,02/04/2026, 04:09:56,540
FROV00001,FrozenEngine,1626,02/04/2026, 05:45:50,540
FROV00001,FrozenEngine,1626,02/04/2026, 06:46:27,540
FROV00001,FrozenEngine,1626,02/04/2026, 07:43:03,540
FROV00001,FrozenEngine,1626,02/04/2026, 08:38:30,540
FROV00001,FrozenEngine,1626,02/04/2026, 09:40:44,540
FROV00001,FrozenEngine,1626,02/04/2026, 10:35:54,540
FROV00001,FrozenEngine,1626,02/04/2026, 11:32:20,540
FROV00001,FrozenEngine,1626,02/04/2026, 12:52:58,540
FROV00001,FrozenEngine,1626,02/04/2026, 14:02:14,540
FROV00001,FrozenEngine,1626,02/04/2026, 14:52:27,540
FROV00001,FrozenEngine,1626,02/04/2026, 15:40:09,540
FROV00001,FrozenEngine,1626,02/04/2026, 16:43:02,540
FROV00001,FrozenEngine,1626,02/04/2026, 17:44:24,540
FROV00001,FrozenEngine,1626,02/04/2026, 18:44:49,540
FROV00001,FrozenEngine,1626,02/04/2026, 19:37:56,540
FROV00001,FrozenEngine,1626,02/04/2026, 20:31:41,540
FROV00001,FrozenEngine,1626,02/04/2026, 21:31:50,540
FROV00001,FrozenEngine,1626,02/04/2026, 22:24:29,540
FROV00001,FrozenEngine,1626,02/04/2026, 23:24:43,540
FROV00001,FrozenEngine,1626,02/05/2026, 01:49:15,540
FROV00001,FrozenEngine,1626,02/05/2026, 04:13:15,540
FROV00001,FrozenEngine,1626,02/05/2026, 05:54:32,540
FROV00001,FrozenEngine,1626,02/05/2026, 06:55:27,540
FROV00001,FrozenEngine,1626,02/05/2026, 07:48:39,540
FROV00001,FrozenEngine,1626,02/05/2026, 08:39:38,540
FROV00001,FrozenEngine,1626,02/05/2026, 09:41:23,540
FROV00001,FrozenEngine,1626,02/05/2026, 10:38:11,540
FROV00001,FrozenEngine,1626,02/05/2026, 11:33:52,540
FROV00001,FrozenEngine,1626,02/05/2026, 12:56:17,540
FROV00001,FrozenEngine,1626,02/05/2026, 14:05:03,540
FROV00001,FrozenEngine,1626,02/05/2026, 15:38:40,540
FROV00001,FrozenEngine,1626,02/05/2026, 16:43:22,540
FROV00001,FrozenEngine,1626,02/05/2026, 17:45:42,540
FROV00001,FrozenEngine,1626,02/05/2026, 18:43:39,540
FROV00001,FrozenEngine,1626,02/05/2026, 19:36:24,540
FROV00001,FrozenEngine,1626,02/05/2026, 20:30:52,540
FROV00001,FrozenEngine,1626,02/05/2026, 21:26:19,540
FROV00001,FrozenEngine,1626,02/05/2026, 22:24:30,540
FROV00001,FrozenEngine,1626,02/05/2026, 23:21:56,540
FROV00001,FrozenEngine,1626,02/06/2026, 01:48:27,540
FROV00001,FrozenEngine,1626,02/06/2026, 04:13:23,540
FROV00001,FrozenEngine,1626,02/06/2026, 05:52:33,540
FROV00001,FrozenEngine,1626,02/06/2026, 06:51:02,540
FROV00001,FrozenEngine,1626,02/06/2026, 07:44:54,540
FROV00001,FrozenEngine,1626,02/06/2026, 08:38:19,540
FROV00001,FrozenEngine,1626,02/06/2026, 09:40:31,540
FROV00001,FrozenEngine,1627,02/06/2026, 10:36:40,540
FROV00001,FrozenEngine,1627,02/06/2026, 11:32:30,540
FROV00001,FrozenEngine,1627,02/06/2026, 12:52:59,540
FROV00001,FrozenEngine,1627,02/06/2026, 14:01:19,540
FROV00001,FrozenEngine,1627,02/06/2026, 14:48:16,540
FROV00001,FrozenEngine,1627,02/06/2026, 15:38:54,540
FROV00001,FrozenEngine,1627,02/06/2026, 16:40:32,540
FROV00001,FrozenEngine,1627,02/06/2026, 17:40:07,540
FROV00001,FrozenEngine,1627,02/06/2026, 18:44:44,540
FROV00001,FrozenEngine,1627,02/06/2026, 19:36:52,540
FROV00001,FrozenEngine,1627,02/06/2026, 20:30:09,540
FROV00001,FrozenEngine,1627,02/06/2026, 21:28:38,540
FROV00001,FrozenEngine,1627,02/06/2026, 22:20:55,540
FROV00001,FrozenEngine,1627,02/06/2026, 23:22:53,540
FROV00001,FrozenEngine,1627,02/07/2026, 01:45:47,540
FROV00001,FrozenEngine,1627,02/07/2026, 04:06:38,540
FROV00001,FrozenEngine,1627,02/07/2026, 05:40:37,540
FROV00001,FrozenEngine,1627,02/07/2026, 06:38:53,540
FROV00001,FrozenEngine,1627,02/07/2026, 07:30:30,540
FROV00001,FrozenEngine,1627,02/07/2026, 08:28:12,540
FROV00001,FrozenEngine,1627,02/07/2026, 09:28:25,540
FROV00001,FrozenEngine,1628,02/07/2026, 10:22:51,540
FROV00001,FrozenEngine,1628,02/07/2026, 11:20:06,540
FROV00001,FrozenEngine,1628,02/07/2026, 12:41:20,540
FROV00001,FrozenEngine,1628,02/07/2026, 13:42:21,540
FROV00001,FrozenEngine,1628,02/07/2026, 14:23:34,540
FROV00001,FrozenEngine,1628,02/07/2026, 15:22:31,540
FROV00001,FrozenEngine,1628,02/07/2026, 16:26:15,540
FROV00001,FrozenEngine,1628,02/07/2026, 17:24:33,540
FROV00001,FrozenEngine,1628,02/07/2026, 18:31:11,540
FROV00001,FrozenEngine,1628,02/07/2026, 19:22:19,540
FROV00001,FrozenEngine,1628,02/07/2026, 20:23:41,540
FROV00001,FrozenEngine,1628,02/07/2026, 21:22:51,540
FROV00001,FrozenEngine,1628,02/07/2026, 22:23:08,540
FROV00001,FrozenEngine,1628,02/07/2026, 23:27:53,540
FROV00001,FrozenEngine,1628,02/08/2026, 02:12:23,540
FROV00001,FrozenEngine,1628,02/08/2026, 05:01:25,540
FROV00001,FrozenEngine,1628,02/08/2026, 06:03:49,540
FROV00001,FrozenEngine,1628,02/08/2026, 07:38:15,540
FROV00001,FrozenEngine,1628,02/08/2026, 08:29:54,540
FROV00001,FrozenEngine,1628,02/08/2026, 09:28:47,540
FROV00001,FrozenEngine,1628,02/08/2026, 10:24:08,540
FROV00001,FrozenEngine,1628,02/08/2026, 11:21:42,540
FROV00001,FrozenEngine,1628,02/08/2026, 12:42:30,540
FROV00001,FrozenEngine,1628,02/08/2026, 13:43:18,540
FROV00001,FrozenEngine,1628,02/08/2026, 14:25:25,540
FROV00001,FrozenEngine,1628,02/08/2026, 15:23:54,540
FROV00001,FrozenEngine,1628,02/08/2026, 16:27:31,540
FROV00001,FrozenEngine,1628,02/08/2026, 17:24:48,540
FROV00001,FrozenEngine,1628,02/08/2026, 18:32:41,540
FROV00001,FrozenEngine,1628,02/08/2026, 19:23:51,540
FROV00001,FrozenEngine,1628,02/08/2026, 20:23:40,540
FROV00001,FrozenEngine,1628,02/08/2026, 21:24:27,540
FROV00001,FrozenEngine,1628,02/08/2026, 22:24:45,540
FROV00001,FrozenEngine,1628,02/08/2026, 23:28:21,540
FROV00001,FrozenEngine,1628,02/09/2026, 01:56:17,540
FROV00001,FrozenEngine,1628,02/09/2026, 04:26:21,540
FROV00001,FrozenEngine,1628,02/09/2026, 06:06:45,540
FROV00001,FrozenEngine,1628,02/09/2026, 07:56:41,540
FROV00001,FrozenEngine,1628,02/09/2026, 10:00:00,540
FROV00001,FrozenEngine,1628,02/09/2026, 10:59:30,540
FROV00001,FrozenEngine,1628,02/09/2026, 11:44:59,540
FROV00001,FrozenEngine,1628,02/09/2026, 13:02:17,540
FROV00001,FrozenEngine,1628,02/09/2026, 14:18:25,540
FROV00001,FrozenEngine,1628,02/09/2026, 15:53:27,540
FROV00001,FrozenEngine,1628,02/09/2026, 17:49:43,540
FROV00001,FrozenEngine,1628,02/09/2026, 20:01:35,540
FROV00001,FrozenEngine,1628,02/09/2026, 20:53:10,540
FROV00001,FrozenEngine,1628,02/09/2026, 21:37:32,540
FROV00001,FrozenEngine,1628,02/09/2026, 22:34:04,540
FROV00001,FrozenEngine,1628,02/09/2026, 23:35:23,540
FROV00001,FrozenEngine,1628,02/10/2026, 02:06:59,540
FROV00001,FrozenEngine,1628,02/10/2026, 05:02:08,540
FROV00001,FrozenEngine,1628,02/10/2026, 06:15:29,540
FROV00001,FrozenEngine,1628,02/10/2026, 07:58:27,540
FROV00001,FrozenEngine,1628,02/10/2026, 09:58:51,540
FROV00001,FrozenEngine,1628,02/10/2026, 10:55:32,540
FROV00001,FrozenEngine,1628,02/10/2026, 11:49:40,540
FROV00001,FrozenEngine,1628,02/10/2026, 14:56:17,540
FROV00001,FrozenEngine,1629,02/10/2026, 16:05:44,540
FROV00001,FrozenEngine,1629,02/10/2026, 17:59:12,540
FROV00001,FrozenEngine,1629,02/10/2026, 19:07:02,540
FROV00001,FrozenEngine,1629,02/10/2026, 20:41:09,540
FROV00001,FrozenEngine,1629,02/10/2026, 21:39:52,540
FROV00001,FrozenEngine,1629,02/10/2026, 22:37:43,540
FROV00001,FrozenEngine,1629,02/10/2026, 23:36:17,540
FROV00001,FrozenEngine,1629,02/11/2026, 02:02:32,540
FROV00001,FrozenEngine,1629,02/11/2026, 04:35:58,540
FROV00001,FrozenEngine,1629,02/11/2026, 06:07:47,540
FROV00001,FrozenEngine,1629,02/11/2026, 07:54:38,540
FROV00001,FrozenEngine,1629,02/11/2026, 08:44:26,540
FROV00001,FrozenEngine,1629,02/11/2026, 09:50:59,540
FROV00001,FrozenEngine,1629,02/11/2026, 11:43:28,540
FROV00001,FrozenEngine,1629,02/11/2026, 13:02:20,540
FROV00001,FrozenEngine,1629,02/11/2026, 14:20:11,540
FROV00001,FrozenEngine,1629,02/11/2026, 15:59:10,540
FROV00001,FrozenEngine,1629,02/11/2026, 17:05:00,540
FROV00001,FrozenEngine,1629,02/11/2026, 18:59:56,540
FROV00001,FrozenEngine,1629,02/11/2026, 19:56:19,540
FROV00001,FrozenEngine,1629,02/11/2026, 20:36:29,540
FROV00001,FrozenEngine,1629,02/11/2026, 21:32:13,540
FROV00001,FrozenEngine,1629,02/11/2026, 22:27:30,540
FROV00001,FrozenEngine,1629,02/11/2026, 23:30:12,540
FROV00001,FrozenEngine,1629,02/12/2026, 01:55:25,540
FROV00001,FrozenEngine,1629,02/12/2026, 06:03:12,540
FROV00001,FrozenEngine,1629,02/12/2026, 09:45:35,540
FROV00001,FrozenEngine,1629,02/12/2026, 10:42:21,540
FROV00001,FrozenEngine,1629,02/12/2026, 11:38:00,540
FROV00001,FrozenEngine,1629,02/12/2026, 13:00:57,540
FROV00001,FrozenEngine,1629,02/12/2026, 14:14:33,540
FROV00001,FrozenEngine,1629,02/12/2026, 15:50:22,540
FROV00001,FrozenEngine,1629,02/12/2026, 16:55:58,540
FROV00001,FrozenEngine,1629,02/12/2026, 17:56:41,540
FROV00001,FrozenEngine,1629,02/12/2026, 18:59:33,540
FROV00001,FrozenEngine,1629,02/12/2026, 19:51:34,540
FROV00001,FrozenEngine,1629,02/12/2026, 20:32:33,540
FROV00001,FrozenEngine,1629,02/12/2026, 21:30:57,540
FROV00001,FrozenEngine,1629,02/12/2026, 22:30:26,540
FROV00001,FrozenEngine,1629,02/12/2026, 23:26:17,540
FROV00001,FrozenEngine,1629,02/13/2026, 01:58:11,540
FROV00001,FrozenEngine,1629,02/13/2026, 04:21:32,540
FROV00001,FrozenEngine,1629,02/13/2026, 05:58:17,540
FROV00001,FrozenEngine,1629,02/13/2026, 06:59:14,540
FROV00001,FrozenEngine,1629,02/13/2026, 07:51:35,540
FROV00001,FrozenEngine,1629,02/13/2026, 08:39:33,540
FROV00001,FrozenEngine,1629,02/13/2026, 09:40:48,540
FROV00001,FrozenEngine,1629,02/13/2026, 10:37:11,540
FROV00001,FrozenEngine,1629,02/13/2026, 11:30:01,540
FROV00001,FrozenEngine,1629,02/13/2026, 12:53:03,540
FROV00001,FrozenEngine,1629,02/13/2026, 14:50:44,540
FROV00001,FrozenEngine,1629,02/13/2026, 15:40:10,540
FROV00001,FrozenEngine,1629,02/13/2026, 16:42:05,540
FROV00001,FrozenEngine,1629,02/13/2026, 17:39:12,540
FROV00001,FrozenEngine,1629,02/13/2026, 18:43:41,540
FROV00001,FrozenEngine,1629,02/13/2026, 19:41:13,540
FROV00001,FrozenEngine,1629,02/13/2026, 20:35:02,540
FROV00001,FrozenEngine,1629,02/13/2026, 21:32:51,540
FROV00001,FrozenEngine,1629,02/13/2026, 22:30:19,540
FROV00001,FrozenEngine,1629,02/13/2026, 23:28:43,540
FROV00001,FrozenEngine,1629,02/14/2026, 01:48:21,540
FROV00001,FrozenEngine,1629,02/14/2026, 04:08:44,540
FROV00001,FrozenEngine,1629,02/14/2026, 05:42:30,540
FROV00001,FrozenEngine,1629,02/14/2026, 06:40:49,540
FROV00001,FrozenEngine,1629,02/14/2026, 07:33:16,540
FROV00001,FrozenEngine,1629,02/14/2026, 08:28:33,540
FROV00001,FrozenEngine,1629,02/14/2026, 09:29:09,540
FROV00001,FrozenEngine,1629,02/14/2026, 10:24:25,540
FROV00001,FrozenEngine,1629,02/14/2026, 11:21:21,540
FROV00001,FrozenEngine,1629,02/14/2026, 12:40:50,540
FROV00001,FrozenEngine,1629,02/14/2026, 13:42:47,540
FROV00001,FrozenEngine,1629,02/14/2026, 14:24:26,540
FROV00001,FrozenEngine,1629,02/14/2026, 15:23:22,540
FROV00001,FrozenEngine,1629,02/14/2026, 16:25:29,540
FROV00001,FrozenEngine,1629,02/14/2026, 17:24:17,540
FROV00001,FrozenEngine,1629,02/14/2026, 18:30:46,540
FROV00001,FrozenEngine,1629,02/14/2026, 19:22:23,540
FROV00001,FrozenEngine,1629,02/14/2026, 20:22:47,540
FROV00001,FrozenEngine,1629,02/14/2026, 21:22:10,540
FROV00001,FrozenEngine,1629,02/14/2026, 22:20:46,540
FROV00001,FrozenEngine,1629,02/14/2026, 23:21:40,540
FROV00001,FrozenEngine,1629,02/15/2026, 01:57:59,540
FROV00001,FrozenEngine,1629,02/15/2026, 04:22:24,540
FROV00001,FrozenEngine,1629,02/15/2026, 05:55:05,540
FROV00001,FrozenEngine,1629,02/15/2026, 06:47:50,540
FROV00001,FrozenEngine,1629,02/15/2026, 07:37:25,540
FROV00001,FrozenEngine,1629,02/15/2026, 08:30:08,540
FROV00001,FrozenEngine,1629,02/15/2026, 09:29:34,540
FROV00001,FrozenEngine,1629,02/15/2026, 10:23:15,540
FROV00001,FrozenEngine,1629,02/15/2026, 11:20:53,540
FROV00001,FrozenEngine,1629,02/15/2026, 13:43:51,540
FROV00001,FrozenEngine,1629,02/15/2026, 14:25:02,540
FROV00001,FrozenEngine,1629,02/15/2026, 15:22:41,540
FROV00001,FrozenEngine,1629,02/15/2026, 16:26:14,540
FROV00001,FrozenEngine,1629,02/15/2026, 17:24:13,540
FROV00001,FrozenEngine,1629,02/15/2026, 18:32:03,540
FROV00001,FrozenEngine,1629,02/15/2026, 19:23:28,540
FROV00001,FrozenEngine,1629,02/15/2026, 20:23:21,540
FROV00001,FrozenEngine,1629,02/15/2026, 21:22:14,540
FROV00001,FrozenEngine,1629,02/15/2026, 22:21:18,540
FROV00001,FrozenEngine,1629,02/15/2026, 23:23:28,540
FROV00001,FrozenEngine,1629,02/16/2026, 01:53:32,540
FROV00001,FrozenEngine,1629,02/16/2026, 04:24:24,540
FROV00001,FrozenEngine,1629,02/16/2026, 06:05:14,540
FROV00001,FrozenEngine,1629,02/16/2026, 07:52:41,540
FROV00001,FrozenEngine,1629,02/16/2026, 08:43:56,540
FROV00001,FrozenEngine,1629,02/16/2026, 09:51:25,540
FROV00001,FrozenEngine,1629,02/16/2026, 10:46:36,540
FROV00001,FrozenEngine,1629,02/16/2026, 11:38:46,540
FROV00001,FrozenEngine,1629,02/16/2026, 12:56:45,540
FROV00001,FrozenEngine,1629,02/16/2026, 14:05:33,540
FROV00001,FrozenEngine,1629,02/16/2026, 15:39:04,540
FROV00001,FrozenEngine,1629,02/16/2026, 16:39:59,540
FROV00001,FrozenEngine,1629,02/16/2026, 17:36:37,540
FROV00001,FrozenEngine,1629,02/16/2026, 18:39:08,540
FROV00001,FrozenEngine,1629,02/16/2026, 19:31:29,540
FROV00001,FrozenEngine,1629,02/16/2026, 20:27:54,540
FROV00001,FrozenEngine,1629,02/16/2026, 22:25:05,540
FROV00001,FrozenEngine,1629,02/16/2026, 23:27:04,540
FROV00001,FrozenEngine,1629,02/17/2026, 01:51:39,540
FROV00001,FrozenEngine,1629,02/17/2026, 04:17:59,540
FROV00001,FrozenEngine,1629,02/17/2026, 06:55:50,540
FROV00001,FrozenEngine,1629,02/17/2026, 07:49:53,540
FROV00001,FrozenEngine,1629,02/17/2026, 08:41:17,540
FROV00001,FrozenEngine,1629,02/17/2026, 09:45:12,540
FROV00001,FrozenEngine,1629,02/17/2026, 10:42:36,540
FROV00001,FrozenEngine,1629,02/17/2026, 11:38:35,540
FROV00001,FrozenEngine,1629,02/17/2026, 12:57:04,540
FROV00001,FrozenEngine,1629,02/17/2026, 14:06:30,540
FROV00001,FrozenEngine,1629,02/17/2026, 15:50:49,540
FROV00001,FrozenEngine,1629,02/17/2026, 16:54:57,540
FROV00001,FrozenEngine,1629,02/17/2026, 17:55:03,540
FROV00001,FrozenEngine,1629,02/17/2026, 19:45:23,540
FROV00001,FrozenEngine,1629,02/17/2026, 20:34:14,540
FROV00001,FrozenEngine,1629,02/17/2026, 21:33:11,540
FROV00001,FrozenEngine,1629,02/17/2026, 22:28:35,540
FROV00001,FrozenEngine,1629,02/17/2026, 23:26:24,540
FROV00001,FrozenEngine,1630,02/18/2026, 01:55:07,540
FROV00001,FrozenEngine,1630,02/18/2026, 05:59:42,540
FROV00001,FrozenEngine,1630,02/18/2026, 07:04:27,540
FROV00001,FrozenEngine,1630,02/18/2026, 08:41:20,540
FROV00001,FrozenEngine,1630,02/18/2026, 09:43:56,540
FROV00001,FrozenEngine,1630,02/18/2026, 10:41:39,540
FROV00001,FrozenEngine,1630,02/18/2026, 11:37:18,540
FROV00001,FrozenEngine,1630,02/18/2026, 13:03:08,540
FROV00001,FrozenEngine,1630,02/18/2026, 14:07:35,540
FROV00001,FrozenEngine,1630,02/18/2026, 15:49:16,540
FROV00001,FrozenEngine,1630,02/18/2026, 17:00:12,540
FROV00001,FrozenEngine,1630,02/18/2026, 17:54:26,540
FROV00001,FrozenEngine,1630,02/18/2026, 18:50:56,540
FROV00001,FrozenEngine,1630,02/18/2026, 19:46:08,540
FROV00001,FrozenEngine,1630,02/18/2026, 20:36:20,540
FROV00001,FrozenEngine,1630,02/18/2026, 21:32:56,540
FROV00001,FrozenEngine,1630,02/18/2026, 22:30:06,540
FROV00001,FrozenEngine,1630,02/18/2026, 23:27:21,540
FROV00001,FrozenEngine,1630,02/19/2026, 01:54:07,540
FROV00001,FrozenEngine,1630,02/19/2026, 04:19:13,540
FROV00001,FrozenEngine,1630,02/19/2026, 05:57:39,540
FROV00001,FrozenEngine,1630,02/19/2026, 06:58:08,540
FROV00001,FrozenEngine,1630,02/19/2026, 07:49:44,540
FROV00001,FrozenEngine,1630,02/19/2026, 08:40:21,540
FROV00001,FrozenEngine,1630,02/19/2026, 09:42:28,540
FROV00001,FrozenEngine,1630,02/19/2026, 10:40:17,540
FROV00001,FrozenEngine,1630,02/19/2026, 11:37:21,540
FROV00001,FrozenEngine,1630,02/19/2026, 12:58:43,540
FROV00001,FrozenEngine,1630,02/19/2026, 15:45:23,540
FROV00001,FrozenEngine,1630,02/19/2026, 16:48:30,540
FROV00001,FrozenEngine,1630,02/19/2026, 17:48:32,540
FROV00001,FrozenEngine,1630,02/19/2026, 19:38:36,540
FROV00001,FrozenEngine,1630,02/19/2026, 20:29:32,540
FROV00001,FrozenEngine,1630,02/19/2026, 22:29:18,540
FROV00001,FrozenEngine,1630,02/19/2026, 23:27:57,540
FROV00001,FrozenEngine,1630,02/20/2026, 01:50:41,540
FROV00001,FrozenEngine,1630,02/20/2026, 04:13:48,540
FROV00001,FrozenEngine,1630,02/20/2026, 05:52:27,540
FROV00001,FrozenEngine,1630,02/20/2026, 06:53:27,540
FROV00001,FrozenEngine,1630,02/20/2026, 07:46:09,540
FROV00001,FrozenEngine,1630,02/20/2026, 08:38:09,540
FROV00001,FrozenEngine,1630,02/20/2026, 09:38:24,540
FROV00001,FrozenEngine,1630,02/20/2026, 10:39:48,540
FROV00001,FrozenEngine,1630,02/20/2026, 11:30:43,540
FROV00001,FrozenEngine,1630,02/20/2026, 12:53:05,540
FROV00001,FrozenEngine,1630,02/20/2026, 14:00:17,540
FROV00001,FrozenEngine,1630,02/20/2026, 14:42:45,540
FROV00001,FrozenEngine,1630,02/20/2026, 15:35:47,540
FROV00001,FrozenEngine,1630,02/20/2026, 16:34:54,540
FROV00001,FrozenEngine,1630,02/20/2026, 17:40:59,540
FROV00001,FrozenEngine,1630,02/20/2026, 18:42:34,540
FROV00001,FrozenEngine,1630,02/20/2026, 19:36:06,540
FROV00001,FrozenEngine,1630,02/20/2026, 20:28:20,540
FROV00001,FrozenEngine,1630,02/20/2026, 21:22:25,540
FROV00001,FrozenEngine,1630,02/20/2026, 22:22:52,540
FROV00001,FrozenEngine,1630,02/20/2026, 23:26:55,540
FROV00001,FrozenEngine,1630,02/21/2026, 01:45:54,540
FROV00001,FrozenEngine,1630,02/21/2026, 04:05:21,540
FROV00001,FrozenEngine,1630,02/21/2026, 05:40:27,540
FROV00001,FrozenEngine,1630,02/21/2026, 06:38:39,540
FROV00001,FrozenEngine,1630,02/21/2026, 07:31:06,540
FROV00001,FrozenEngine,1630,02/21/2026, 08:27:32,540
FROV00001,FrozenEngine,1630,02/21/2026, 09:27:49,540
FROV00001,FrozenEngine,1630,02/21/2026, 10:23:29,540
FROV00001,FrozenEngine,1630,02/21/2026, 11:20:45,540
FROV00001,FrozenEngine,1630,02/21/2026, 12:40:04,540
FROV00001,FrozenEngine,1630,02/21/2026, 13:41:22,540
FROV00001,FrozenEngine,1630,02/21/2026, 14:24:00,540
FROV00001,FrozenEngine,1630,02/21/2026, 15:22:57,540
FROV00001,FrozenEngine,1630,02/21/2026, 16:25:14,540
FROV00001,FrozenEngine,1630,02/21/2026, 17:23:18,540
FROV00001,FrozenEngine,1630,02/21/2026, 18:31:01,540
FROV00001,FrozenEngine,1630,02/21/2026, 19:22:13,540
FROV00001,FrozenEngine,1630,02/21/2026, 20:22:01,540
FROV00001,FrozenEngine,1630,02/21/2026, 21:21:39,540
FROV00001,FrozenEngine,1630,02/21/2026, 22:20:48,540
FROV00001,FrozenEngine,1630,02/21/2026, 23:21:38,540
FROV00001,FrozenEngine,1630,02/22/2026, 01:53:06,540
FROV00001,FrozenEngine,1630,02/22/2026, 04:15:36,540
FROV00001,FrozenEngine,1630,02/22/2026, 05:49:36,540
FROV00001,FrozenEngine,1630,02/22/2026, 06:43:38,540
FROV00001,FrozenEngine,1630,02/22/2026, 07:35:09,540
FROV00001,FrozenEngine,1630,02/22/2026, 08:29:01,540
FROV00001,FrozenEngine,1630,02/22/2026, 09:28:28,540
FROV00001,FrozenEngine,1630,02/22/2026, 11:20:24,540
FROV00001,FrozenEngine,1630,02/22/2026, 12:42:19,540
FROV00001,FrozenEngine,1630,02/22/2026, 13:42:38,540
FROV00001,FrozenEngine,1630,02/22/2026, 14:24:18,540
FROV00001,FrozenEngine,1630,02/22/2026, 15:22:57,540
FROV00001,FrozenEngine,1630,02/22/2026, 16:27:18,540
FROV00001,FrozenEngine,1630,02/22/2026, 17:24:35,540
FROV00001,FrozenEngine,1630,02/22/2026, 18:31:43,540
FROV00001,FrozenEngine,1630,02/22/2026, 19:22:33,540
FROV00001,FrozenEngine,1630,02/22/2026, 20:23:11,540
FROV00001,FrozenEngine,1630,02/22/2026, 21:22:25,540
FROV00001,FrozenEngine,1630,02/22/2026, 22:21:07,540
FROV00001,FrozenEngine,1630,02/22/2026, 23:23:17,540
FROV00001,FrozenEngine,1630,02/23/2026, 01:54:28,540
FROV00001,FrozenEngine,1630,02/23/2026, 04:23:23,540
FROV00001,FrozenEngine,1630,02/23/2026, 06:04:39,540
FROV00001,FrozenEngine,1630,02/23/2026, 07:53:50,540
FROV00001,FrozenEngine,1630,02/23/2026, 08:45:28,540
FROV00001,FrozenEngine,1630,02/23/2026, 09:53:09,540
FROV00001,FrozenEngine,1630,02/23/2026, 10:47:34,540
FROV00001,FrozenEngine,1630,02/23/2026, 11:38:59,540
FROV00001,FrozenEngine,1630,02/23/2026, 12:57:57,540
FROV00001,FrozenEngine,1630,02/23/2026, 14:07:48,540
FROV00001,FrozenEngine,1630,02/23/2026, 15:42:40,540
FROV00001,FrozenEngine,1630,02/23/2026, 17:59:50,540
FROV00001,FrozenEngine,1630,02/23/2026, 19:07:08,540
FROV00001,FrozenEngine,1630,02/23/2026, 20:42:32,540
FROV00001,FrozenEngine,1630,02/23/2026, 21:42:11,540
FROV00001,FrozenEngine,1630,02/23/2026, 22:39:02,540
FROV00001,FrozenEngine,1630,02/23/2026, 23:33:32,540
FROV00001,FrozenEngine,1630,02/24/2026, 01:51:34,540
FROV00001,FrozenEngine,1630,02/24/2026, 04:17:16,540
FROV00001,FrozenEngine,1630,02/24/2026, 05:57:36,540
FROV00001,FrozenEngine,1630,02/24/2026, 06:57:46,540
FROV00001,FrozenEngine,1630,02/24/2026, 07:50:47,540
FROV00001,FrozenEngine,1630,02/24/2026, 08:42:52,540
FROV00001,FrozenEngine,1630,02/24/2026, 09:50:06,540
FROV00001,FrozenEngine,1630,02/24/2026, 10:45:51,540
FROV00001,FrozenEngine,1630,02/24/2026, 11:39:35,540
FROV00001,FrozenEngine,1630,02/24/2026, 12:59:18,540
FROV00001,FrozenEngine,1630,02/24/2026, 14:12:45,540
FROV00001,FrozenEngine,1630,02/24/2026, 15:54:58,540
FROV00001,FrozenEngine,1630,02/24/2026, 17:07:58,540
FROV00001,FrozenEngine,1630,02/24/2026, 18:58:05,540
FROV00001,FrozenEngine,1630,02/24/2026, 19:49:16,540
FROV00001,FrozenEngine,1630,02/24/2026, 20:31:53,540
FROV00001,FrozenEngine,1631,02/24/2026, 21:32:00,540
FROV00001,FrozenEngine,1631,02/24/2026, 22:30:57,540
FROV00001,FrozenEngine,1631,02/24/2026, 23:29:31,540
FROV00001,FrozenEngine,1631,02/25/2026, 01:54:01,540
FROV00001,FrozenEngine,1631,02/25/2026, 04:19:35,540
FROV00001,FrozenEngine,1631,02/25/2026, 05:59:43,540
FROV00001,FrozenEngine,1631,02/25/2026, 07:06:30,540
FROV00001,FrozenEngine,1631,02/25/2026, 08:44:51,540
FROV00001,FrozenEngine,1631,02/25/2026, 09:52:20,540
FROV00001,FrozenEngine,1631,02/25/2026, 10:48:15,540
FROV00001,FrozenEngine,1631,02/25/2026, 11:39:09,540
FROV00001,FrozenEngine,1631,02/25/2026, 12:58:21,540
FROV00001,FrozenEngine,1631,02/25/2026, 14:09:44,540
FROV00001,FrozenEngine,1631,02/25/2026, 16:00:05,540
FROV00001,FrozenEngine,1631,02/25/2026, 17:10:55,540
FROV00001,FrozenEngine,1631,02/25/2026, 19:02:33,540
FROV00001,FrozenEngine,1631,02/25/2026, 19:54:05,540
FROV00001,FrozenEngine,1631,02/25/2026, 20:32:53,540
FROV00001,FrozenEngine,1631,02/25/2026, 21:33:12,540
FROV00001,FrozenEngine,1631,02/25/2026, 22:30:31,540
FROV00001,FrozenEngine,1631,02/25/2026, 23:26:20,540
FROV00001,FrozenEngine,1631,02/26/2026, 01:49:32,540
FROV00001,FrozenEngine,1631,02/26/2026, 04:15:13,540
FROV00001,FrozenEngine,1631,02/26/2026, 05:56:20,540
FROV00001,FrozenEngine,1631,02/26/2026, 08:42:45,540
FROV00001,FrozenEngine,1631,02/26/2026, 09:46:05,540
FROV00001,FrozenEngine,1631,02/26/2026, 10:42:38,540
FROV00001,FrozenEngine,1631,02/26/2026, 11:38:36,540
FROV00001,FrozenEngine,1631,02/26/2026, 12:59:26,540
FROV00001,FrozenEngine,1631,02/26/2026, 14:10:48,540
FROV00001,FrozenEngine,1631,02/26/2026, 16:55:32,540
FROV00001,FrozenEngine,1631,02/26/2026, 17:56:14,540
FROV00001,FrozenEngine,1631,02/26/2026, 18:54:08,540
FROV00001,FrozenEngine,1631,02/26/2026, 19:43:00,540
FROV00001,FrozenEngine,1631,02/26/2026, 20:34:20,540
FROV00001,FrozenEngine,1631,02/26/2026, 21:31:02,540
FROV00001,FrozenEngine,1631,02/26/2026, 22:31:12,540
FROV00001,FrozenEngine,1631,02/26/2026, 23:27:46,540
FROV00001,FrozenEngine,1631,02/27/2026, 01:48:29,540
FROV00001,FrozenEngine,1631,02/27/2026, 04:11:47,540
FROV00001,FrozenEngine,1631,02/27/2026, 05:50:41,540
FROV00001,FrozenEngine,1631,02/27/2026, 06:49:45,540
FROV00001,FrozenEngine,1631,02/27/2026, 08:38:18,540
FROV00001,FrozenEngine,1631,02/27/2026, 09:38:22,540
FROV00001,FrozenEngine,1631,02/27/2026, 10:35:20,540
FROV00001,FrozenEngine,1631,02/27/2026, 11:30:37,540
FROV00001,FrozenEngine,1631,02/27/2026, 12:53:19,540
FROV00001,FrozenEngine,1631,02/27/2026, 13:59:32,540
FROV00001,FrozenEngine,1631,02/27/2026, 14:41:02,540
FROV00001,FrozenEngine,1631,02/27/2026, 15:36:06,540
FROV00001,FrozenEngine,1631,02/27/2026, 16:38:14,540
FROV00001,FrozenEngine,1632,02/27/2026, 17:33:47,540
FROV00001,FrozenEngine,1632,02/27/2026, 18:38:08,540
FROV00001,FrozenEngine,1632,02/27/2026, 20:25:14,540
FROV00001,FrozenEngine,1632,02/27/2026, 21:27:32,540
FROV00001,FrozenEngine,1632,02/27/2026, 22:20:52,540
FROV00001,FrozenEngine,1632,02/27/2026, 23:22:31,540
FROV00001,FrozenEngine,1632,02/28/2026, 01:29:51,540
FROV00001,FrozenEngine,1632,02/28/2026, 03:52:48,540
FROV00001,FrozenEngine,1632,02/28/2026, 04:53:58,540
FROV00001,FrozenEngine,1632,02/28/2026, 05:32:10,540
FROV00001,FrozenEngine,1632,02/28/2026, 06:34:44,540
FROV00001,FrozenEngine,1632,02/28/2026, 07:25:05,540
FROV00001,FrozenEngine,1632,02/28/2026, 08:25:37,540
FROV00001,FrozenEngine,1632,02/28/2026, 09:24:07,540
FROV00001,FrozenEngine,1632,02/28/2026, 10:21:29,540
FROV00001,FrozenEngine,1632,02/28/2026, 11:18:18,540
FROV00001,FrozenEngine,1632,02/28/2026, 12:39:28,540
FROV00001,FrozenEngine,1632,02/28/2026, 13:35:41,540
FROV00001,FrozenEngine,1632,02/28/2026, 14:20:05,540
FROV00001,FrozenEngine,1632,02/28/2026, 15:19:58,540
FROV00001,FrozenEngine,1632,02/28/2026, 16:23:11,540
FROV00001,FrozenEngine,1632,02/28/2026, 17:19:21,540
FROV00001,FrozenEngine,1632,02/28/2026, 18:29:40,540
FROV00001,FrozenEngine,1632,02/28/2026, 19:19:43,540
FROV00001,FrozenEngine,1632,02/28/2026, 20:23:04,540
FROV00001,FrozenEngine,1632,02/28/2026, 21:19:00,540
FROV00001,FrozenEngine,1632,02/28/2026, 22:20:22,540
FROV00001,FrozenEngine,1632,02/28/2026, 23:19:53,540
FROV00001,FrozenEngine,1632,03/01/2026, 02:00:14,540
FROV00001,FrozenEngine,1632,03/01/2026, 04:26:08,540
FROV00001,FrozenEngine,1632,03/01/2026, 05:50:09,540
FROV00001,FrozenEngine,1632,03/01/2026, 06:42:24,540
FROV00001,FrozenEngine,1632,03/01/2026, 07:32:10,540
FROV00001,FrozenEngine,1632,03/01/2026, 08:28:22,540
FROV00001,FrozenEngine,1632,03/01/2026, 09:27:56,540
FROV00001,FrozenEngine,1632,03/01/2026, 10:22:45,540
FROV00001,FrozenEngine,1632,03/01/2026, 11:19:30,540
FROV00001,FrozenEngine,1632,03/01/2026, 12:41:35,540
FROV00001,FrozenEngine,1632,03/01/2026, 13:38:03,540
FROV00001,FrozenEngine,1632,03/01/2026, 14:22:44,540
FROV00001,FrozenEngine,1632,03/01/2026, 15:21:25,540
FROV00001,FrozenEngine,1632,03/01/2026, 16:24:31,540
FROV00001,FrozenEngine,1632,03/01/2026, 17:21:22,540
FROV00001,FrozenEngine,1632,03/01/2026, 18:30:02,540
FROV00001,FrozenEngine,1632,03/01/2026, 19:21:55,540
FROV00001,FrozenEngine,1632,03/01/2026, 20:23:35,540
FROV00001,FrozenEngine,1632,03/01/2026, 21:21:02,540
FROV00001,FrozenEngine,1632,03/01/2026, 22:21:56,540
FROV00001,FrozenEngine,1632,03/01/2026, 23:21:21,540
FROV00001,FrozenEngine,1632,03/02/2026, 01:51:26,540
FROV00001,FrozenEngine,1632,03/02/2026, 04:17:28,540
FROV00001,FrozenEngine,1632,03/02/2026, 05:51:27,540
FROV00001,FrozenEngine,1632,03/02/2026, 06:59:31,540
FROV00001,FrozenEngine,1632,03/02/2026, 07:48:19,540
FROV00001,FrozenEngine,1632,03/02/2026, 08:41:27,540
FROV00001,FrozenEngine,1632,03/02/2026, 09:45:18,540
FROV00001,FrozenEngine,1632,03/02/2026, 10:41:34,540
FROV00001,FrozenEngine,1632,03/02/2026, 11:31:05,540
FROV00001,FrozenEngine,1632,03/02/2026, 12:52:55,540
FROV00001,FrozenEngine,1632,03/02/2026, 13:59:46,540
FROV00001,FrozenEngine,1632,03/02/2026, 14:44:54,540
FROV00001,FrozenEngine,1632,03/02/2026, 15:40:06,540
FROV00001,FrozenEngine,1632,03/02/2026, 16:41:19,540
FROV00001,FrozenEngine,1632,03/02/2026, 17:42:32,540
FROV00001,FrozenEngine,1632,03/02/2026, 18:41:58,540
FROV00001,FrozenEngine,1632,03/02/2026, 19:36:01,540
FROV00001,FrozenEngine,1632,03/02/2026, 20:39:42,540
FROV00001,FrozenEngine,1632,03/02/2026, 21:30:40,540
FROV00001,FrozenEngine,1632,03/02/2026, 22:25:22,540
FROV00001,FrozenEngine,1632,03/02/2026, 23:23:46,540
FROV00001,FrozenEngine,1632,03/03/2026, 01:53:36,540
FROV00001,FrozenEngine,1632,03/03/2026, 04:13:54,540
FROV00001,FrozenEngine,1632,03/03/2026, 05:46:53,540
FROV00001,FrozenEngine,1632,03/03/2026, 06:46:58,540
FROV00001,FrozenEngine,1632,03/03/2026, 07:41:33,540
FROV00001,FrozenEngine,1632,03/03/2026, 08:42:54,540
FROV00001,FrozenEngine,1632,03/03/2026, 09:39:05,540
FROV00001,FrozenEngine,1632,03/03/2026, 10:36:33,540
FROV00001,FrozenEngine,1632,03/03/2026, 11:31:06,540
FROV00001,FrozenEngine,1632,03/03/2026, 12:51:21,540
FROV00001,FrozenEngine,1632,03/03/2026, 13:59:11,540
FROV00001,FrozenEngine,1632,03/03/2026, 14:43:58,540
FROV00001,FrozenEngine,1632,03/03/2026, 15:44:29,540
FROV00001,FrozenEngine,1632,03/03/2026, 16:43:20,540
FROV00001,FrozenEngine,1632,03/03/2026, 17:42:08,540
FROV00001,FrozenEngine,1632,03/03/2026, 18:43:28,540
FROV00001,FrozenEngine,1632,03/03/2026, 20:30:05,540
FROV00001,FrozenEngine,1632,03/03/2026, 21:31:43,540
FROV00001,FrozenEngine,1632,03/03/2026, 22:26:31,540
FROV00001,FrozenEngine,1632,03/03/2026, 23:24:40,540
FROV00001,FrozenEngine,1632,03/04/2026, 01:48:04,540
FROV00001,FrozenEngine,1632,03/04/2026, 04:07:39,540
FROV00001,FrozenEngine,1632,03/04/2026, 06:42:53,540
FROV00001,FrozenEngine,1632,03/04/2026, 07:37:22,540
FROV00001,FrozenEngine,1632,03/04/2026, 08:36:14,540
FROV00001,FrozenEngine,1632,03/04/2026, 09:38:05,540
FROV00001,FrozenEngine,1632,03/04/2026, 10:34:34,540
FROV00001,FrozenEngine,1632,03/04/2026, 11:34:10,540
FROV00001,FrozenEngine,1632,03/04/2026, 12:50:03,540
FROV00001,FrozenEngine,1632,03/04/2026, 13:57:14,540
FROV00001,FrozenEngine,1632,03/04/2026, 14:38:08,540
FROV00001,FrozenEngine,1632,03/04/2026, 15:37:58,540
FROV00001,FrozenEngine,1632,03/04/2026, 16:40:32,540
FROV00001,FrozenEngine,1632,03/04/2026, 17:37:28,540
FROV00001,FrozenEngine,1632,03/04/2026, 18:43:59,540
FROV00001,FrozenEngine,1632,03/04/2026, 19:37:40,540
FROV00001,FrozenEngine,1632,03/04/2026, 20:30:07,540
FROV00001,FrozenEngine,1632,03/04/2026, 21:32:36,540
FROV00001,FrozenEngine,1632,03/04/2026, 22:29:07,540
FROV00001,FrozenEngine,1632,03/04/2026, 23:27:51,540
FROV00001,FrozenEngine,1632,03/05/2026, 01:50:34,540
FROV00001,FrozenEngine,1632,03/05/2026, 04:10:47,540
FROV00001,FrozenEngine,1632,03/05/2026, 05:45:38,540
FROV00001,FrozenEngine,1632,03/05/2026, 06:47:35,540
FROV00001,FrozenEngine,1632,03/05/2026, 07:41:00,540
FROV00001,FrozenEngine,1632,03/05/2026, 08:37:38,540
FROV00001,FrozenEngine,1632,03/05/2026, 09:40:09,540
FROV00001,FrozenEngine,1632,03/05/2026, 10:36:28,540
FROV00001,FrozenEngine,1632,03/05/2026, 11:32:44,540
FROV00001,FrozenEngine,1632,03/05/2026, 12:54:31,540
FROV00001,FrozenEngine,1632,03/05/2026, 14:00:39,540
FROV00001,FrozenEngine,1632,03/05/2026, 14:53:22,540
FROV00001,FrozenEngine,1632,03/05/2026, 15:48:09,540
FROV00001,FrozenEngine,1632,03/05/2026, 18:01:26,540
FROV00001,FrozenEngine,1632,03/05/2026, 19:23:01,540
FROV00001,FrozenEngine,1632,03/05/2026, 20:35:15,540
FROV00001,FrozenEngine,1632,03/05/2026, 21:32:02,540
FROV00001,FrozenEngine,1632,03/05/2026, 22:28:57,540
FROV00001,FrozenEngine,1632,03/05/2026, 23:49:57,540
FROV00001,FrozenEngine,1632,03/06/2026, 01:51:49,540
FROV00001,FrozenEngine,1632,03/06/2026, 04:08:31,540
FROV00001,FrozenEngine,1632,03/06/2026, 05:43:23,540
FROV00001,FrozenEngine,1632,03/06/2026, 06:43:25,540
FROV00001,FrozenEngine,1632,03/06/2026, 07:37:36,540
FROV00001,FrozenEngine,1632,03/06/2026, 08:34:53,540
FROV00001,FrozenEngine,1632,03/06/2026, 09:35:44,540
FROV00001,FrozenEngine,1632,03/06/2026, 10:32:11,540
FROV00001,FrozenEngine,1632,03/06/2026, 11:27:04,540
FROV00001,FrozenEngine,1632,03/06/2026, 12:53:15,540
FROV00001,FrozenEngine,1632,03/06/2026, 13:53:50,540
FROV00001,FrozenEngine,1632,03/06/2026, 14:36:12,540
FROV00001,FrozenEngine,1632,03/06/2026, 15:35:01,540
FROV00001,FrozenEngine,1632,03/06/2026, 16:37:34,540
FROV00001,FrozenEngine,1632,03/06/2026, 17:33:24,540
FROV00001,FrozenEngine,1632,03/06/2026, 19:32:52,540
FROV00001,FrozenEngine,1632,03/06/2026, 20:34:32,540
FROV00001,FrozenEngine,1632,03/06/2026, 21:27:48,540
FROV00001,FrozenEngine,1632,03/06/2026, 22:25:42,540
FROV00001,FrozenEngine,1632,03/06/2026, 23:26:18,540
FROV00001,FrozenEngine,1632,03/07/2026, 01:43:57,540
FROV00001,FrozenEngine,1632,03/07/2026, 03:58:58,540
FROV00001,FrozenEngine,1632,03/07/2026, 05:01:40,540
FROV00001,FrozenEngine,1632,03/07/2026, 05:44:43,540
FROV00001,FrozenEngine,1632,03/07/2026, 07:27:34,540
FROV00001,FrozenEngine,1632,03/07/2026, 08:27:53,540
FROV00001,FrozenEngine,1632,03/07/2026, 09:26:57,540
FROV00001,FrozenEngine,1632,03/07/2026, 12:40:13,540
FROV00001,FrozenEngine,1632,03/07/2026, 13:37:31,540
FROV00001,FrozenEngine,1632,03/07/2026, 14:22:02,540
FROV00001,FrozenEngine,1632,03/07/2026, 15:21:37,540
FROV00001,FrozenEngine,1632,03/07/2026, 16:24:15,540
FROV00001,FrozenEngine,1632,03/07/2026, 17:19:53,540
FROV00001,FrozenEngine,1632,03/07/2026, 18:30:11,540
FROV00001,FrozenEngine,1632,03/07/2026, 19:20:26,540
FROV00001,FrozenEngine,1632,03/07/2026, 20:22:45,540
FROV00001,FrozenEngine,1633,03/07/2026, 21:19:07,540
FROV00001,FrozenEngine,1633,03/07/2026, 22:20:50,540
FROV00001,FrozenEngine,1633,03/07/2026, 23:20:16,540
FROV00001,FrozenEngine,1633,03/08/2026, 01:51:24,540
FROV00001,FrozenEngine,1633,03/08/2026, 04:09:52,540
FROV00001,FrozenEngine,1633,03/08/2026, 05:41:34,540
FROV00001,FrozenEngine,1633,03/08/2026, 06:39:23,540
FROV00001,FrozenEngine,1633,03/08/2026, 07:30:03,540
FROV00001,FrozenEngine,1633,03/08/2026, 08:28:26,540
FROV00001,FrozenEngine,1633,03/08/2026, 09:27:25,540
FROV00001,FrozenEngine,1633,03/08/2026, 10:22:48,540
FROV00001,FrozenEngine,1633,03/08/2026, 11:19:43,540
FROV00001,FrozenEngine,1633,03/08/2026, 12:41:51,540
FROV00001,FrozenEngine,1633,03/08/2026, 13:38:46,540
FROV00001,FrozenEngine,1633,03/08/2026, 14:23:08,540
FROV00001,FrozenEngine,1633,03/08/2026, 15:21:40,540
FROV00001,FrozenEngine,1633,03/08/2026, 16:24:31,540
FROV00001,FrozenEngine,1633,03/08/2026, 17:21:05,540
FROV00001,FrozenEngine,1633,03/08/2026, 18:30:16,540
FROV00001,FrozenEngine,1633,03/08/2026, 19:22:17,540
FROV00001,FrozenEngine,1633,03/08/2026, 20:23:04,540
FROV00001,FrozenEngine,1633,03/08/2026, 21:26:12,540
FROV00001,FrozenEngine,1633,03/08/2026, 22:21:04,540
FROV00001,FrozenEngine,1633,03/08/2026, 23:21:21,540
FROV00001,FrozenEngine,1633,03/09/2026, 01:52:28,540
FROV00001,FrozenEngine,1633,03/09/2026, 04:15:26,540
FROV00001,FrozenEngine,1633,03/09/2026, 05:56:19,540
FROV00001,FrozenEngine,1633,03/09/2026, 06:58:46,540
FROV00001,FrozenEngine,1633,03/09/2026, 07:51:17,540
FROV00001,FrozenEngine,1633,03/09/2026, 08:41:04,540
FROV00001,FrozenEngine,1633,03/09/2026, 10:42:41,540
FROV00001,FrozenEngine,1633,03/09/2026, 11:33:49,540
FROV00001,FrozenEngine,1633,03/09/2026, 12:56:02,540
FROV00001,FrozenEngine,1633,03/09/2026, 14:05:17,540
FROV00001,FrozenEngine,1633,03/09/2026, 15:56:25,540
FROV00001,FrozenEngine,1633,03/09/2026, 16:55:09,540
FROV00001,FrozenEngine,1633,03/09/2026, 17:45:17,540
FROV00001,FrozenEngine,1633,03/09/2026, 18:47:49,540
FROV00001,FrozenEngine,1633,03/09/2026, 19:39:32,540
FROV00001,FrozenEngine,1633,03/09/2026, 20:31:04,540
FROV00001,FrozenEngine,1633,03/09/2026, 21:30:53,540
FROV00001,FrozenEngine,1633,03/09/2026, 22:26:11,540
FROV00001,FrozenEngine,1633,03/09/2026, 23:25:44,540
FROV00001,FrozenEngine,1633,03/10/2026, 01:45:55,540
FROV00001,FrozenEngine,1633,03/10/2026, 04:07:54,540
FROV00001,FrozenEngine,1633,03/10/2026, 05:43:54,540
FROV00001,FrozenEngine,1633,03/10/2026, 06:44:16,540
FROV00001,FrozenEngine,1633,03/10/2026, 07:39:50,540
FROV00001,FrozenEngine,1633,03/10/2026, 09:41:22,540
FROV00001,FrozenEngine,1633,03/10/2026, 10:36:49,540
FROV00001,FrozenEngine,1633,03/10/2026, 11:31:09,540
FROV00001,FrozenEngine,1633,03/10/2026, 12:54:21,540
FROV00001,FrozenEngine,1633,03/10/2026, 14:00:50,540
FROV00001,FrozenEngine,1633,03/10/2026, 15:01:48,540
FROV00001,FrozenEngine,1633,03/10/2026, 16:03:21,540
FROV00001,FrozenEngine,1633,03/10/2026, 16:56:22,540
FROV00001,FrozenEngine,1633,03/10/2026, 17:44:25,540
FROV00001,FrozenEngine,1633,03/10/2026, 18:43:21,540
FROV00001,FrozenEngine,1633,03/10/2026, 19:37:28,540
FROV00001,FrozenEngine,1633,03/10/2026, 20:31:52,540
FROV00001,FrozenEngine,1633,03/10/2026, 21:27:38,540
FROV00001,FrozenEngine,1633,03/10/2026, 22:25:57,540
FROV00001,FrozenEngine,1633,03/10/2026, 23:25:32,540
FROV00001,FrozenEngine,1633,03/11/2026, 01:45:48,540
FROV00001,FrozenEngine,1633,03/11/2026, 04:08:31,540
FROV00001,FrozenEngine,1633,03/11/2026, 05:46:28,540
FROV00001,FrozenEngine,1633,03/11/2026, 06:48:17,540
FROV00001,FrozenEngine,1633,03/11/2026, 07:42:20,540
FROV00001,FrozenEngine,1633,03/11/2026, 08:37:34,540
FROV00001,FrozenEngine,1633,03/11/2026, 10:36:23,540
FROV00001,FrozenEngine,1633,03/11/2026, 11:31:32,540
FROV00001,FrozenEngine,1633,03/11/2026, 12:54:07,540
FROV00001,FrozenEngine,1633,03/11/2026, 14:05:16,540
FROV00001,FrozenEngine,1633,03/11/2026, 15:45:35,540
FROV00001,FrozenEngine,1633,03/11/2026, 16:47:51,540
FROV00001,FrozenEngine,1633,03/11/2026, 17:46:55,540
FROV00001,FrozenEngine,1633,03/11/2026, 18:50:43,540
FROV00001,FrozenEngine,1633,03/11/2026, 19:41:19,540
FROV00001,FrozenEngine,1633,03/11/2026, 20:31:47,540
FROV00001,FrozenEngine,1633,03/11/2026, 21:30:42,540
FROV00001,FrozenEngine,1633,03/11/2026, 22:25:08,540
FROV00001,FrozenEngine,1633,03/11/2026, 23:23:23,540
FROV00001,FrozenEngine,1633,03/12/2026, 01:47:18,540
FROV00001,FrozenEngine,1633,03/12/2026, 04:12:27,540
FROV00001,FrozenEngine,1633,03/12/2026, 06:51:21,540
FROV00001,FrozenEngine,1633,03/12/2026, 07:49:44,540
FROV00001,FrozenEngine,1633,03/12/2026, 08:39:33,540
FROV00001,FrozenEngine,1633,03/12/2026, 09:40:15,540
FROV00001,FrozenEngine,1633,03/12/2026, 10:36:37,540
FROV00001,FrozenEngine,1633,03/12/2026, 11:30:39,540
FROV00001,FrozenEngine,1633,03/12/2026, 12:53:45,540
FROV00001,FrozenEngine,1633,03/12/2026, 14:02:33,540
FROV00001,FrozenEngine,1633,03/12/2026, 16:05:01,540
FROV00001,FrozenEngine,1633,03/12/2026, 17:48:01,540
FROV00001,FrozenEngine,1633,03/12/2026, 18:49:55,540
FROV00001,FrozenEngine,1633,03/12/2026, 19:41:15,540
FROV00001,FrozenEngine,1633,03/12/2026, 20:31:35,540
FROV00001,FrozenEngine,1633,03/12/2026, 21:30:24,540
FROV00001,FrozenEngine,1633,03/12/2026, 22:24:18,540
FROV00001,FrozenEngine,1633,03/12/2026, 23:26:12,540
FROV00001,FrozenEngine,1633,03/13/2026, 01:49:39,540
FROV00001,FrozenEngine,1633,03/13/2026, 04:10:43,540
FROV00001,FrozenEngine,1633,03/13/2026, 05:46:57,540
FROV00001,FrozenEngine,1633,03/13/2026, 06:48:31,540
FROV00001,FrozenEngine,1633,03/13/2026, 07:43:50,540
FROV00001,FrozenEngine,1633,03/13/2026, 08:37:03,540
FROV00001,FrozenEngine,1633,03/13/2026, 09:37:24,540
FROV00001,FrozenEngine,1633,03/13/2026, 10:34:02,540
FROV00001,FrozenEngine,1633,03/13/2026, 11:29:26,540
FROV00001,FrozenEngine,1633,03/13/2026, 12:52:56,540
FROV00001,FrozenEngine,1633,03/13/2026, 13:59:48,540
FROV00001,FrozenEngine,1633,03/13/2026, 14:46:14,540
FROV00001,FrozenEngine,1633,03/13/2026, 15:39:59,540
FROV00001,FrozenEngine,1633,03/13/2026, 16:37:16,540
FROV00001,FrozenEngine,1633,03/13/2026, 17:33:15,540
FROV00001,FrozenEngine,1633,03/13/2026, 18:37:40,540
FROV00001,FrozenEngine,1633,03/13/2026, 19:30:05,540
FROV00001,FrozenEngine,1634,03/13/2026, 20:31:56,540
FROV00001,FrozenEngine,1634,03/13/2026, 21:30:46,540
FROV00001,FrozenEngine,1634,03/13/2026, 22:26:07,540
FROV00001,FrozenEngine,1634,03/13/2026, 23:26:03,540
FROV00001,FrozenEngine,1634,03/14/2026, 01:47:34,540
FROV00001,FrozenEngine,1634,03/14/2026, 04:09:08,540
FROV00001,FrozenEngine,1634,03/14/2026, 05:43:40,540
FROV00001,FrozenEngine,1634,03/14/2026, 06:41:41,540
FROV00001,FrozenEngine,1634,03/14/2026, 07:33:52,540
FROV00001,FrozenEngine,1634,03/14/2026, 08:32:09,540
FROV00001,FrozenEngine,1634,03/14/2026, 09:30:31,540
FROV00001,FrozenEngine,1634,03/14/2026, 10:30:49,540
FROV00001,FrozenEngine,1634,03/14/2026, 11:22:04,540
FROV00001,FrozenEngine,1634,03/14/2026, 12:43:43,540
FROV00001,FrozenEngine,1634,03/14/2026, 13:43:44,540
FROV00001,FrozenEngine,1634,03/14/2026, 14:26:11,540
FROV00001,FrozenEngine,1634,03/14/2026, 15:25:13,540
FROV00001,FrozenEngine,1634,03/14/2026, 16:27:58,540
FROV00001,FrozenEngine,1634,03/14/2026, 17:24:52,540
FROV00001,FrozenEngine,1634,03/14/2026, 18:34:19,540
FROV00001,FrozenEngine,1634,03/14/2026, 19:25:24,540
FROV00001,FrozenEngine,1634,03/14/2026, 20:25:12,540
FROV00001,FrozenEngine,1634,03/14/2026, 21:24:32,540
FROV00001,FrozenEngine,1634,03/14/2026, 22:22:54,540
FROV00001,FrozenEngine,1634,03/14/2026, 23:25:34,540
FROV00001,FrozenEngine,1634,03/15/2026, 02:03:14,540
FROV00001,FrozenEngine,1634,03/15/2026, 05:03:50,540
FROV00001,FrozenEngine,1634,03/15/2026, 06:53:22,540
FROV00001,FrozenEngine,1634,03/15/2026, 07:43:46,540
FROV00001,FrozenEngine,1634,03/15/2026, 08:33:47,540
FROV00001,FrozenEngine,1634,03/15/2026, 09:31:49,540
FROV00001,FrozenEngine,1634,03/15/2026, 10:26:41,540
FROV00001,FrozenEngine,1634,03/15/2026, 11:24:22,540
FROV00001,FrozenEngine,1634,03/15/2026, 12:44:27,540
FROV00001,FrozenEngine,1634,03/15/2026, 13:45:12,540
FROV00001,FrozenEngine,1635,03/15/2026, 15:27:17,540
FROV00001,FrozenEngine,1635,03/15/2026, 16:29:05,540
FROV00001,FrozenEngine,1635,03/15/2026, 17:25:37,540
FROV00001,FrozenEngine,1635,03/15/2026, 18:34:50,540
FROV00001,FrozenEngine,1635,03/15/2026, 19:26:43,540
FROV00001,FrozenEngine,1635,03/15/2026, 20:25:56,540
FROV00001,FrozenEngine,1635,03/15/2026, 22:24:35,540
FROV00001,FrozenEngine,1635,03/15/2026, 23:27:30,540
FROV00001,FrozenEngine,1635,03/16/2026, 02:04:39,540
FROV00001,FrozenEngine,1635,03/16/2026, 05:13:15,540
FROV00001,FrozenEngine,1635,03/16/2026, 07:12:43,540
FROV00001,FrozenEngine,1635,03/16/2026, 08:53:28,540
FROV00001,FrozenEngine,1635,03/16/2026, 10:04:20,540
FROV00001,FrozenEngine,1635,03/16/2026, 13:04:09,540
FROV00001,FrozenEngine,1635,03/16/2026, 14:57:12,540
FROV00001,FrozenEngine,1635,03/16/2026, 16:03:47,540
FROV00001,FrozenEngine,1635,03/16/2026, 17:58:33,540
FROV00001,FrozenEngine,1635,03/16/2026, 19:01:44,540
FROV00001,FrozenEngine,1635,03/16/2026, 19:55:17,540
FROV00001,FrozenEngine,1635,03/16/2026, 20:35:56,540
FROV00001,FrozenEngine,1635,03/16/2026, 21:36:49,540
FROV00001,FrozenEngine,1635,03/16/2026, 22:30:18,540
FROV00001,FrozenEngine,1635,03/16/2026, 23:29:50,540
FROV00001,FrozenEngine,1635,03/17/2026, 01:52:03,540
FROV00001,FrozenEngine,1635,03/17/2026, 04:17:18,540
FROV00001,FrozenEngine,1635,03/17/2026, 05:58:00,540
FROV00001,FrozenEngine,1635,03/17/2026, 07:03:15,540
FROV00001,FrozenEngine,1635,03/17/2026, 08:00:22,540
FROV00001,FrozenEngine,1635,03/17/2026, 08:59:18,540
FROV00001,FrozenEngine,1635,03/17/2026, 09:58:37,540
FROV00001,FrozenEngine,1635,03/17/2026, 10:52:43,540
FROV00001,FrozenEngine,1635,03/17/2026, 11:43:14,540
FROV00001,FrozenEngine,1635,03/17/2026, 13:04:58,540
FROV00001,FrozenEngine,1635,03/17/2026, 14:56:29,540
FROV00001,FrozenEngine,1635,03/17/2026, 16:03:17,540
FROV00001,FrozenEngine,1635,03/17/2026, 17:58:54,540
FROV00001,FrozenEngine,1636,03/17/2026, 18:58:13,540
FROV00001,FrozenEngine,1636,03/17/2026, 19:54:34,540
FROV00001,FrozenEngine,1636,03/17/2026, 20:36:42,540
FROV00001,FrozenEngine,1636,03/17/2026, 21:35:42,540
FROV00001,FrozenEngine,1636,03/17/2026, 22:30:48,540
FROV00001,FrozenEngine,1636,03/17/2026, 23:30:20,540
FROV00001,FrozenEngine,1636,03/18/2026, 01:56:16,540
FROV00001,FrozenEngine,1636,03/18/2026, 04:24:14,540
FROV00001,FrozenEngine,1636,03/18/2026, 06:01:39,540
FROV00001,FrozenEngine,1636,03/18/2026, 07:14:43,540
FROV00001,FrozenEngine,1636,03/18/2026, 08:44:13,540
FROV00001,FrozenEngine,1636,03/18/2026, 09:53:42,540
FROV00001,FrozenEngine,1636,03/18/2026, 10:50:19,540
FROV00001,FrozenEngine,1636,03/18/2026, 11:44:01,540
FROV00001,FrozenEngine,1636,03/18/2026, 13:04:22,540
FROV00001,FrozenEngine,1636,03/18/2026, 15:00:38,540
FROV00001,FrozenEngine,1637,03/18/2026, 16:11:17,540
FROV00001,FrozenEngine,1637,03/18/2026, 17:59:47,540
FROV00001,FrozenEngine,1637,03/18/2026, 19:07:02,540
FROV00001,FrozenEngine,1637,03/18/2026, 20:35:04,540
FROV00001,FrozenEngine,1637,03/18/2026, 21:32:13,540
FROV00001,FrozenEngine,1637,03/18/2026, 22:31:07,540
FROV00001,FrozenEngine,1637,03/18/2026, 23:29:23,540
FROV00001,FrozenEngine,1637,03/19/2026, 01:57:08,540
FROV00001,FrozenEngine,1637,03/19/2026, 04:23:09,540
FROV00001,FrozenEngine,1637,03/19/2026, 05:56:51,540
FROV00001,FrozenEngine,1637,03/19/2026, 06:56:38,540
FROV00001,FrozenEngine,1637,03/19/2026, 07:46:06,540
FROV00001,FrozenEngine,1637,03/19/2026, 08:39:11,540
FROV00001,FrozenEngine,1637,03/19/2026, 09:40:38,540
FROV00001,FrozenEngine,1637,03/19/2026, 10:38:08,540
FROV00001,FrozenEngine,1637,03/19/2026, 11:34:23,540
FROV00001,FrozenEngine,1637,03/19/2026, 12:57:39,540
FROV00001,FrozenEngine,1637,03/19/2026, 14:08:13,540
FROV00001,FrozenEngine,1637,03/19/2026, 15:52:58,540
FROV00001,FrozenEngine,1637,03/19/2026, 16:55:56,540
FROV00001,FrozenEngine,1637,03/19/2026, 17:53:05,540
FROV00001,FrozenEngine,1637,03/19/2026, 18:54:33,540
FROV00001,FrozenEngine,1637,03/19/2026, 19:45:14,540
FROV00001,FrozenEngine,1637,03/19/2026, 20:34:52,540
FROV00001,FrozenEngine,1637,03/19/2026, 21:33:19,540
FROV00001,FrozenEngine,1637,03/19/2026, 22:25:49,540
FROV00001,FrozenEngine,1637,03/19/2026, 23:28:05,540
FROV00001,FrozenEngine,1637,03/20/2026, 01:51:46,540
FROV00001,FrozenEngine,1637,03/20/2026, 04:12:41,540
FROV00001,FrozenEngine,1637,03/20/2026, 05:50:22,540
FROV00001,FrozenEngine,1637,03/20/2026, 06:51:54,540
FROV00001,FrozenEngine,1637,03/20/2026, 07:44:28,540
FROV00001,FrozenEngine,1637,03/20/2026, 08:37:47,540
FROV00001,FrozenEngine,1637,03/20/2026, 09:38:38,540
FROV00001,FrozenEngine,1637,03/20/2026, 10:35:56,540
FROV00001,FrozenEngine,1637,03/20/2026, 11:29:59,540
FROV00001,FrozenEngine,1637,03/20/2026, 12:53:44,540
FROV00001,FrozenEngine,1637,03/20/2026, 14:01:00,540
FROV00001,FrozenEngine,1637,03/20/2026, 14:50:44,540
FROV00001,FrozenEngine,1637,03/20/2026, 15:40:23,540
FROV00001,FrozenEngine,1637,03/20/2026, 16:40:37,540
FROV00001,FrozenEngine,1637,03/20/2026, 17:35:01,540
FROV00001,FrozenEngine,1637,03/20/2026, 18:43:54,540
FROV00001,FrozenEngine,1637,03/20/2026, 19:36:45,540
FROV00001,FrozenEngine,1637,03/20/2026, 20:29:23,540
FROV00001,FrozenEngine,1637,03/20/2026, 21:28:26,540
FROV00001,FrozenEngine,1637,03/20/2026, 22:26:06,540
FROV00001,FrozenEngine,1637,03/20/2026, 23:26:55,540
FROV00001,FrozenEngine,1637,03/21/2026, 01:45:41,540
FROV00001,FrozenEngine,1637,03/21/2026, 04:03:56,540
FROV00001,FrozenEngine,1637,03/21/2026, 05:39:09,540
FROV00001,FrozenEngine,1637,03/21/2026, 06:39:22,540
FROV00001,FrozenEngine,1637,03/21/2026, 07:32:25,540
FROV00001,FrozenEngine,1637,03/21/2026, 08:29:34,540
FROV00001,FrozenEngine,1637,03/21/2026, 09:29:29,540
FROV00001,FrozenEngine,1637,03/21/2026, 10:24:15,540
FROV00001,FrozenEngine,1637,03/21/2026, 11:21:47,540
FROV00001,FrozenEngine,1637,03/21/2026, 12:41:42,540
FROV00001,FrozenEngine,1637,03/21/2026, 13:41:06,540
FROV00001,FrozenEngine,1637,03/21/2026, 14:25:03,540
FROV00001,FrozenEngine,1637,03/21/2026, 15:23:33,540
FROV00001,FrozenEngine,1637,03/21/2026, 16:26:18,540
FROV00001,FrozenEngine,1637,03/21/2026, 17:23:49,540
FROV00001,FrozenEngine,1637,03/21/2026, 18:32:41,540
FROV00001,FrozenEngine,1637,03/21/2026, 19:22:55,540
FROV00001,FrozenEngine,1637,03/21/2026, 20:23:20,540
FROV00001,FrozenEngine,1637,03/21/2026, 21:22:36,540
FROV00001,FrozenEngine,1637,03/21/2026, 22:21:44,540
FROV00001,FrozenEngine,1637,03/21/2026, 23:22:30,540
FROV00001,FrozenEngine,1637,03/22/2026, 01:56:55,540
FROV00001,FrozenEngine,1637,03/22/2026, 04:19:26,540
FROV00001,FrozenEngine,1637,03/22/2026, 05:52:30,540
FROV00001,FrozenEngine,1637,03/22/2026, 06:46:57,540
FROV00001,FrozenEngine,1637,03/22/2026, 07:37:33,540
FROV00001,FrozenEngine,1637,03/22/2026, 08:31:47,540
FROV00001,FrozenEngine,1637,03/22/2026, 09:29:56,540
FROV00001,FrozenEngine,1637,03/22/2026, 10:25:11,540
FROV00001,FrozenEngine,1637,03/22/2026, 11:22:20,540
FROV00001,FrozenEngine,1637,03/22/2026, 12:43:52,540
FROV00001,FrozenEngine,1637,03/22/2026, 13:42:53,540
FROV00001,FrozenEngine,1637,03/22/2026, 14:25:48,540
FROV00001,FrozenEngine,1637,03/22/2026, 15:23:58,540
FROV00001,FrozenEngine,1637,03/22/2026, 16:27:28,540
FROV00001,FrozenEngine,1637,03/22/2026, 17:23:22,540
FROV00001,FrozenEngine,1637,03/22/2026, 18:32:59,540
FROV00001,FrozenEngine,1637,03/22/2026, 19:23:53,540
FROV00001,FrozenEngine,1637,03/22/2026, 20:24:01,540
FROV00001,FrozenEngine,1637,03/22/2026, 21:24:11,540
FROV00001,FrozenEngine,1638,03/22/2026, 22:23:08,540
FROV00001,FrozenEngine,1638,03/22/2026, 23:25:26,540
FROV00001,FrozenEngine,1638,03/23/2026, 01:57:57,540
FROV00001,FrozenEngine,1638,03/23/2026, 04:28:44,540
FROV00001,FrozenEngine,1638,03/23/2026, 06:09:49,540
FROV00001,FrozenEngine,1638,03/23/2026, 08:01:45,540
FROV00001,FrozenEngine,1638,03/23/2026, 09:08:48,540
FROV00001,FrozenEngine,1638,03/23/2026, 10:51:50,540
FROV00001,FrozenEngine,1638,03/23/2026, 11:42:46,540
FROV00001,FrozenEngine,1638,03/23/2026, 13:00:31,540
FROV00001,FrozenEngine,1638,03/23/2026, 14:18:31,540
FROV00001,FrozenEngine,1638,03/23/2026, 15:58:26,540
FROV00001,FrozenEngine,1638,03/23/2026, 16:56:58,540
FROV00001,FrozenEngine,1638,03/23/2026, 17:50:39,540
FROV00001,FrozenEngine,1638,03/23/2026, 18:50:38,540
FROV00001,FrozenEngine,1638,03/23/2026, 19:47:01,540
FROV00001,FrozenEngine,1638,03/23/2026, 20:35:53,540
FROV00001,FrozenEngine,1638,03/23/2026, 21:34:40,540
FROV00001,FrozenEngine,1638,03/23/2026, 22:30:07,540
FROV00001,FrozenEngine,1638,03/23/2026, 23:30:17,540
FROV00001,FrozenEngine,1638,03/24/2026, 01:49:39,540
FROV00001,FrozenEngine,1638,03/24/2026, 04:17:17,540
FROV00001,FrozenEngine,1638,03/24/2026, 05:59:50,540
FROV00001,FrozenEngine,1638,03/24/2026, 07:05:12,540
FROV00001,FrozenEngine,1638,03/24/2026, 08:48:50,540
FROV00001,FrozenEngine,1638,03/24/2026, 09:54:35,540
FROV00001,FrozenEngine,1638,03/24/2026, 10:50:08,540
FROV00001,FrozenEngine,1638,03/24/2026, 11:43:58,540
FROV00001,FrozenEngine,1638,03/24/2026, 13:04:45,540
FROV00001,FrozenEngine,1638,03/24/2026, 14:55:28,540
FROV00001,FrozenEngine,1638,03/24/2026, 16:04:43,540
FROV00001,FrozenEngine,1638,03/24/2026, 17:54:31,540
FROV00001,FrozenEngine,1638,03/24/2026, 18:59:32,540
FROV00001,FrozenEngine,1638,03/24/2026, 19:55:02,540
FROV00001,FrozenEngine,1638,03/24/2026, 20:39:00,540
FROV00001,FrozenEngine,1638,03/24/2026, 21:36:03,540
FROV00001,FrozenEngine,1638,03/24/2026, 22:27:41,540
FROV00001,FrozenEngine,1638,03/24/2026, 23:30:00,540
FROV00001,FrozenEngine,1638,03/25/2026, 01:55:32,540
FROV00001,FrozenEngine,1638,03/25/2026, 04:20:07,540
FROV00001,FrozenEngine,1638,03/25/2026, 05:59:37,540
FROV00001,FrozenEngine,1638,03/25/2026, 07:06:09,540
FROV00001,FrozenEngine,1638,03/25/2026, 08:45:49,540
FROV00001,FrozenEngine,1638,03/25/2026, 09:52:35,540
FROV00001,FrozenEngine,1638,03/25/2026, 10:45:34,540
FROV00001,FrozenEngine,1638,03/25/2026, 11:40:42,540
FROV00001,FrozenEngine,1638,03/25/2026, 13:02:29,540
FROV00001,FrozenEngine,1638,03/25/2026, 14:22:22,540
FROV00001,FrozenEngine,1638,03/25/2026, 16:08:35,540
FROV00001,FrozenEngine,1638,03/25/2026, 17:56:52,540
FROV00001,FrozenEngine,1638,03/25/2026, 18:53:14,540
FROV00001,FrozenEngine,1638,03/25/2026, 19:45:10,540
FROV00001,FrozenEngine,1638,03/25/2026, 20:36:12,540
FROV00001,FrozenEngine,1638,03/25/2026, 21:36:47,540
FROV00001,FrozenEngine,1638,03/25/2026, 22:33:36,540
FROV00001,FrozenEngine,1638,03/25/2026, 23:32:32,540
FROV00001,FrozenEngine,1638,03/26/2026, 02:01:45,540
FROV00001,FrozenEngine,1638,03/26/2026, 04:40:14,540
FROV00001,FrozenEngine,1638,03/26/2026, 08:01:54,540
FROV00001,FrozenEngine,1638,03/26/2026, 09:09:48,540
FROV00001,FrozenEngine,1638,03/26/2026, 10:51:41,540
FROV00001,FrozenEngine,1638,03/26/2026, 11:48:30,540
FROV00001,FrozenEngine,1638,03/26/2026, 13:07:20,540
FROV00001,FrozenEngine,1638,03/26/2026, 15:01:14,540
FROV00001,FrozenEngine,1638,03/26/2026, 18:00:19,540
FROV00001,FrozenEngine,1638,03/26/2026, 19:14:01,540
FROV00001,FrozenEngine,1638,03/26/2026, 20:34:12,540
FROV00001,FrozenEngine,1638,03/26/2026, 21:29:39,540
FROV00001,FrozenEngine,1638,03/26/2026, 22:27:31,540
FROV00001,FrozenEngine,1638,03/26/2026, 23:30:31,540
FROV00001,FrozenEngine,1638,03/27/2026, 02:02:45,540
FROV00001,FrozenEngine,1638,03/27/2026, 05:05:24,540
FROV00001,FrozenEngine,1638,03/27/2026, 07:03:51,540
FROV00001,FrozenEngine,1638,03/27/2026, 08:47:12,540
FROV00001,FrozenEngine,1638,03/27/2026, 09:52:54,540
FROV00001,FrozenEngine,1638,03/27/2026, 10:44:46,540
FROV00001,FrozenEngine,1638,03/27/2026, 11:40:37,540
FROV00001,FrozenEngine,1638,03/27/2026, 12:59:22,540
FROV00001,FrozenEngine,1638,03/27/2026, 14:13:36,540
FROV00001,FrozenEngine,1638,03/27/2026, 16:52:13,540
FROV00001,FrozenEngine,1638,03/27/2026, 17:47:42,540
FROV00001,FrozenEngine,1638,03/27/2026, 18:52:54,540
FROV00001,FrozenEngine,1638,03/27/2026, 19:40:46,540
FROV00001,FrozenEngine,1638,03/27/2026, 20:36:14,540
FROV00001,FrozenEngine,1638,03/27/2026, 21:31:46,540
FROV00001,FrozenEngine,1638,03/27/2026, 22:29:48,540
FROV00001,FrozenEngine,1638,03/27/2026, 23:30:19,540
FROV00001,FrozenEngine,1638,03/28/2026, 01:54:09,540
FROV00001,FrozenEngine,1638,03/28/2026, 04:19:19,540
FROV00001,FrozenEngine,1638,03/28/2026, 05:55:40,540
FROV00001,FrozenEngine,1638,03/28/2026, 06:56:11,540
FROV00001,FrozenEngine,1638,03/28/2026, 07:43:59,540
FROV00001,FrozenEngine,1638,03/28/2026, 08:36:27,540
FROV00001,FrozenEngine,1638,03/28/2026, 09:35:09,540
FROV00001,FrozenEngine,1638,03/28/2026, 10:29:37,540
FROV00001,FrozenEngine,1638,03/28/2026, 11:26:51,540
FROV00001,FrozenEngine,1638,03/28/2026, 12:48:07,540
FROV00001,FrozenEngine,1638,03/28/2026, 13:49:52,540
FROV00001,FrozenEngine,1638,03/28/2026, 14:30:07,540
FROV00001,FrozenEngine,1638,03/28/2026, 15:28:48,540
FROV00001,FrozenEngine,1638,03/28/2026, 16:30:31,540
FROV00001,FrozenEngine,1638,03/28/2026, 17:26:55,540
FROV00001,FrozenEngine,1638,03/28/2026, 18:36:40,540
FROV00001,FrozenEngine,1639,03/28/2026, 19:28:39,540
FROV00001,FrozenEngine,1639,03/28/2026, 20:26:58,540
FROV00001,FrozenEngine,1640,03/28/2026, 21:28:24,540
FROV00001,FrozenEngine,1640,03/28/2026, 22:26:24,540
FROV00001,FrozenEngine,1640,03/28/2026, 23:28:46,540
FROV00001,FrozenEngine,1640,03/29/2026, 02:05:23,540
FROV00001,FrozenEngine,1640,03/29/2026, 05:09:08,540
FROV00001,FrozenEngine,1640,03/29/2026, 07:00:10,540
FROV00001,FrozenEngine,1640,03/29/2026, 07:55:24,540
FROV00001,FrozenEngine,1640,03/29/2026, 08:37:20,540
FROV00001,FrozenEngine,1640,03/29/2026, 09:34:41,540
FROV00001,FrozenEngine,1640,03/29/2026, 10:30:39,540
FROV00001,FrozenEngine,1640,03/29/2026, 11:26:58,540
FROV00001,FrozenEngine,1640,03/29/2026, 12:48:50,540
FROV00001,FrozenEngine,1640,03/29/2026, 13:52:11,540
FROV00001,FrozenEngine,1640,03/29/2026, 14:32:25,540
FROV00001,FrozenEngine,1640,03/29/2026, 15:29:31,540
FROV00001,FrozenEngine,1640,03/29/2026, 16:32:11,540
FROV00001,FrozenEngine,1640,03/29/2026, 17:28:03,540
FROV00001,FrozenEngine,1640,03/29/2026, 18:38:33,540
FROV00001,FrozenEngine,1640,03/29/2026, 19:31:13,540
FROV00001,FrozenEngine,1640,03/29/2026, 20:28:49,540
FROV00001,FrozenEngine,1640,03/29/2026, 21:29:43,540
FROV00001,FrozenEngine,1640,03/29/2026, 22:28:16,540
FROV00001,FrozenEngine,1640,03/29/2026, 23:29:57,540
FROV00001,FrozenEngine,1640,03/30/2026, 02:07:39,540
FROV00001,FrozenEngine,1640,03/30/2026, 05:21:57,540
FROV00001,FrozenEngine,1640,03/30/2026, 07:23:55,540
FROV00001,FrozenEngine,1640,03/30/2026, 09:08:51,540
FROV00001,FrozenEngine,1640,03/30/2026, 11:00:09,540
FROV00001,FrozenEngine,1640,03/30/2026, 11:56:33,540
FROV00001,FrozenEngine,1640,03/30/2026, 13:12:26,540
FROV00001,FrozenEngine,1640,03/30/2026, 15:01:55,540
FROV00001,FrozenEngine,1640,03/30/2026, 16:10:56,540
FROV00001,FrozenEngine,1640,03/30/2026, 17:53:26,540
FROV00001,FrozenEngine,1640,03/30/2026, 18:56:20,540
FROV00001,FrozenEngine,1640,03/30/2026, 19:55:18,540
FROV00001,FrozenEngine,1640,03/30/2026, 20:42:28,540
FROV00001,FrozenEngine,1640,03/30/2026, 21:40:00,540
FROV00001,FrozenEngine,1640,03/30/2026, 22:33:04,540
FROV00001,FrozenEngine,1640,03/30/2026, 23:33:07,540
FROV00001,FrozenEngine,1641,03/31/2026, 02:03:38,540
FROV00001,FrozenEngine,1641,03/31/2026, 05:07:13,540
FROV00001,FrozenEngine,1641,03/31/2026, 07:09:05,540
FROV00001,FrozenEngine,1641,03/31/2026, 08:55:03,540
FROV00001,FrozenEngine,1641,03/31/2026, 10:04:01,540
FROV00001,FrozenEngine,1642,03/31/2026, 11:45:56,540
FROV00001,FrozenEngine,1642,03/31/2026, 13:10:36,540
FROV00001,FrozenEngine,1642,03/31/2026, 15:00:23,540
FROV00001,FrozenEngine,1642,03/31/2026, 16:08:34,540
FROV00001,FrozenEngine,1642,03/31/2026, 17:55:09,540
FROV00001,FrozenEngine,1642,03/31/2026, 18:58:55,540
FROV00001,FrozenEngine,1642,03/31/2026, 19:56:04,540
FROV00001,FrozenEngine,1642,03/31/2026, 20:40:58,540
FROV00001,FrozenEngine,1642,03/31/2026, 21:36:57,540
FROV00001,FrozenEngine,1642,03/31/2026, 22:32:25,540
FROV00001,FrozenEngine,1642,03/31/2026, 23:32:20,540
FROV00001,FrozenEngine,1642,04/01/2026, 02:12:04,540
FROV00001,FrozenEngine,1642,04/01/2026, 05:22:35,540
FROV00001,FrozenEngine,1642,04/01/2026, 07:16:46,540
FROV00001,FrozenEngine,1642,04/01/2026, 09:00:41,540
FROV00001,FrozenEngine,1642,04/01/2026, 10:11:09,540
FROV00001,FrozenEngine,1642,04/01/2026, 11:51:44,540
FROV00001,FrozenEngine,1642,04/01/2026, 13:14:36,540
FROV00001,FrozenEngine,1642,04/01/2026, 15:02:15,540
FROV00001,FrozenEngine,1642,04/01/2026, 16:11:41,540
FROV00001,FrozenEngine,1642,04/01/2026, 17:48:04,540
FROV00001,FrozenEngine,1642,04/01/2026, 18:57:54,540
FROV00001,FrozenEngine,1642,04/01/2026, 19:58:19,540
FROV00001,FrozenEngine,1642,04/01/2026, 20:42:31,540
FROV00001,FrozenEngine,1642,04/01/2026, 21:40:00,540
FROV00001,FrozenEngine,1642,04/01/2026, 22:35:23,540
FROV00001,FrozenEngine,1642,04/01/2026, 23:34:21,540
FROV00001,FrozenEngine,1642,04/02/2026, 01:59:49,540
FROV00001,FrozenEngine,1642,04/02/2026, 04:32:58,540
FROV00001,FrozenEngine,1642,04/02/2026, 06:11:14,540
FROV00001,FrozenEngine,1642,04/02/2026, 08:05:19,540
FROV00001,FrozenEngine,1642,04/02/2026, 09:59:47,540
FROV00001,FrozenEngine,1642,04/02/2026, 10:54:22,540
FROV00001,FrozenEngine,1642,04/02/2026, 11:44:27,540
FROV00001,FrozenEngine,1642,04/02/2026, 13:06:01,540
FROV00001,FrozenEngine,1642,04/02/2026, 14:53:54,540
FROV00001,FrozenEngine,1642,04/02/2026, 15:59:18,540
FROV00001,FrozenEngine,1642,04/02/2026, 16:58:20,540
FROV00001,FrozenEngine,1642,04/02/2026, 17:50:11,540
FROV00001,FrozenEngine,1642,04/02/2026, 18:53:44,540
FROV00001,FrozenEngine,1642,04/02/2026, 19:49:32,540
FROV00001,FrozenEngine,1642,04/02/2026, 20:33:08,540
FROV00001,FrozenEngine,1642,04/02/2026, 21:35:19,540
FROV00001,FrozenEngine,1642,04/02/2026, 22:29:37,540
FROV00001,FrozenEngine,1642,04/02/2026, 23:33:12,540
FROV00001,FrozenEngine,1642,04/03/2026, 02:01:16,540
FROV00001,FrozenEngine,1642,04/03/2026, 04:35:59,540
FROV00001,FrozenEngine,1642,04/03/2026, 06:12:01,540
FROV00001,FrozenEngine,1642,04/03/2026, 08:02:04,540
FROV00001,FrozenEngine,1642,04/03/2026, 09:06:54,540
FROV00001,FrozenEngine,1642,04/03/2026, 10:40:58,540
FROV00001,FrozenEngine,1642,04/03/2026, 11:36:36,540
FROV00001,FrozenEngine,1642,04/03/2026, 12:58:13,540
FROV00001,FrozenEngine,1642,04/03/2026, 14:02:46,540
FROV00001,FrozenEngine,1642,04/03/2026, 15:38:10,540
FROV00001,FrozenEngine,1642,04/03/2026, 16:37:06,540
FROV00001,FrozenEngine,1642,04/03/2026, 17:32:16,540
FROV00001,FrozenEngine,1642,04/03/2026, 18:42:24,540
FROV00001,FrozenEngine,1642,04/03/2026, 19:37:35,540
FROV00001,FrozenEngine,1642,04/03/2026, 20:33:22,540
FROV00001,FrozenEngine,1642,04/03/2026, 21:31:23,540
FROV00001,FrozenEngine,1642,04/03/2026, 22:30:37,540
FROV00001,FrozenEngine,1642,04/03/2026, 23:31:31,540
FROV00001,FrozenEngine,1642,04/04/2026, 01:54:08,540
FROV00001,FrozenEngine,1642,04/04/2026, 04:16:22,540
FROV00001,FrozenEngine,1643,04/04/2026, 05:55:54,540
FROV00001,FrozenEngine,1643,04/04/2026, 06:57:53,540
FROV00001,FrozenEngine,1643,04/04/2026, 07:48:51,540
FROV00001,FrozenEngine,1643,04/04/2026, 08:38:39,540
FROV00001,FrozenEngine,1643,04/04/2026, 09:35:38,540
FROV00001,FrozenEngine,1643,04/04/2026, 10:30:54,540
FROV00001,FrozenEngine,1643,04/04/2026, 11:27:25,540
FROV00001,FrozenEngine,1643,04/04/2026, 12:47:48,540
FROV00001,FrozenEngine,1643,04/04/2026, 13:52:14,540
FROV00001,FrozenEngine,1643,04/04/2026, 14:32:14,540
FROV00001,FrozenEngine,1643,04/04/2026, 15:28:56,540
FROV00001,FrozenEngine,1643,04/04/2026, 16:32:38,540
FROV00001,FrozenEngine,1643,04/04/2026, 17:28:02,540
FROV00001,FrozenEngine,1643,04/04/2026, 18:38:11,540
FROV00001,FrozenEngine,1643,04/04/2026, 19:29:44,540
FROV00001,FrozenEngine,1643,04/04/2026, 20:27:51,540
FROV00001,FrozenEngine,1643,04/04/2026, 21:29:23,540
FROV00001,FrozenEngine,1643,04/04/2026, 22:27:31,540
FROV00001,FrozenEngine,1643,04/04/2026, 23:29:08,540
FROV00001,FrozenEngine,1643,04/05/2026, 02:07:15,540
FROV00001,FrozenEngine,1643,04/05/2026, 05:10:13,540
FROV00001,FrozenEngine,1643,04/05/2026, 07:02:11,540
FROV00001,FrozenEngine,1643,04/05/2026, 08:00:17,540
FROV00001,FrozenEngine,1643,04/05/2026, 08:51:47,540
FROV00001,FrozenEngine,1643,04/05/2026, 09:37:00,540
FROV00001,FrozenEngine,1643,04/05/2026, 10:31:01,540
FROV00001,FrozenEngine,1643,04/05/2026, 11:28:27,540
FROV00001,FrozenEngine,1644,04/05/2026, 12:52:13,540
FROV00001,FrozenEngine,1644,04/05/2026, 13:53:38,540
FROV00001,FrozenEngine,1644,04/05/2026, 14:33:44,540
FROV00001,FrozenEngine,1644,04/05/2026, 15:30:36,540
FROV00001,FrozenEngine,1644,04/05/2026, 16:34:14,540
FROV00001,FrozenEngine,1644,04/05/2026, 17:28:21,540
FROV00001,FrozenEngine,1644,04/05/2026, 18:40:15,540
FROV00001,FrozenEngine,1644,04/05/2026, 19:32:59,540
FROV00001,FrozenEngine,1644,04/05/2026, 20:29:50,540
FROV00001,FrozenEngine,1644,04/05/2026, 21:29:31,540
FROV00001,FrozenEngine,1644,04/05/2026, 22:28:44,540
FROV00001,FrozenEngine,1644,04/05/2026, 23:31:08,540
FROV00001,FrozenEngine,1644,04/06/2026, 02:08:30,540
FROV00001,FrozenEngine,1644,04/06/2026, 05:21:54,540
FROV00001,FrozenEngine,1644,04/06/2026, 07:25:58,540
FROV00001,FrozenEngine,1644,04/06/2026, 09:06:09,540
FROV00001,FrozenEngine,1644,04/06/2026, 10:54:06,540
FROV00001,FrozenEngine,1644,04/06/2026, 11:46:20,540
FROV00001,FrozenEngine,1644,04/06/2026, 13:03:35,540
FROV00001,FrozenEngine,1644,04/06/2026, 14:44:23,540
FROV00001,FrozenEngine,1644,04/06/2026, 15:43:46,540
FROV00001,FrozenEngine,1644,04/06/2026, 16:43:14,540
FROV00001,FrozenEngine,1644,04/06/2026, 17:42:48,540
FROV00001,FrozenEngine,1644,04/06/2026, 18:55:01,540
FROV00001,FrozenEngine,1644,04/06/2026, 19:52:02,540
FROV00001,FrozenEngine,1644,04/06/2026, 20:35:53,540
FROV00001,FrozenEngine,1644,04/06/2026, 21:36:20,540
FROV00001,FrozenEngine,1644,04/06/2026, 22:34:14,540
FROV00001,FrozenEngine,1644,04/06/2026, 23:33:12,540
FROV00001,FrozenEngine,1644,04/07/2026, 02:04:38,540
FROV00001,FrozenEngine,1644,04/07/2026, 05:07:22,540
FROV00001,FrozenEngine,1644,04/07/2026, 07:11:58,540
FROV00001,FrozenEngine,1644,04/07/2026, 08:59:12,540
FROV00001,FrozenEngine,1644,04/07/2026, 10:08:40,540
FROV00001,FrozenEngine,1644,04/07/2026, 11:52:57,540
FROV00001,FrozenEngine,1644,04/07/2026, 13:12:54,540
FROV00001,FrozenEngine,1644,04/07/2026, 15:05:36,540
FROV00001,FrozenEngine,1644,04/07/2026, 16:55:24,540
FROV00001,FrozenEngine,1644,04/07/2026, 17:57:39,540
FROV00001,FrozenEngine,1644,04/07/2026, 19:00:50,540
FROV00001,FrozenEngine,1644,04/07/2026, 20:00:08,540
FROV00001,FrozenEngine,1644,04/07/2026, 20:53:07,540
FROV00001,FrozenEngine,1644,04/07/2026, 21:40:35,540
FROV00001,FrozenEngine,1644,04/07/2026, 22:36:05,540
FROV00001,FrozenEngine,1644,04/07/2026, 23:35:26,540
FROV00001,FrozenEngine,1644,04/08/2026, 02:05:17,540
FROV00001,FrozenEngine,1645,04/08/2026, 05:09:30,540
FROV00001,FrozenEngine,1645,04/08/2026, 07:14:30,540
FROV00001,FrozenEngine,1645,04/08/2026, 08:58:12,540
FROV00001,FrozenEngine,1645,04/08/2026, 10:07:19,540
FROV00001,FrozenEngine,1645,04/08/2026, 11:53:24,540
FROV00001,FrozenEngine,1645,04/08/2026, 13:14:58,540
FROV00001,FrozenEngine,1645,04/08/2026, 15:07:40,540
FROV00001,FrozenEngine,1645,04/08/2026, 16:59:15,540
FROV00001,FrozenEngine,1645,04/08/2026, 18:07:34,540
FROV00001,FrozenEngine,1645,04/08/2026, 19:58:09,540
FROV00001,FrozenEngine,1645,04/08/2026, 20:41:17,540
FROV00001,FrozenEngine,1645,04/08/2026, 21:39:39,540
FROV00001,FrozenEngine,1645,04/08/2026, 22:37:05,540
FROV00001,FrozenEngine,1645,04/08/2026, 23:36:10,540
FROV00001,FrozenEngine,1645,04/09/2026, 01:57:30,540
FROV00001,FrozenEngine,1645,04/09/2026, 04:33:18,540
FROV00001,FrozenEngine,1645,04/09/2026, 06:21:00,540
FROV00001,FrozenEngine,1645,04/09/2026, 08:19:50,540
FROV00001,FrozenEngine,1645,04/09/2026, 10:10:55,540
FROV00001,FrozenEngine,1645,04/09/2026, 11:54:21,540
FROV00001,FrozenEngine,1645,04/09/2026, 13:19:43,540
FROV00001,FrozenEngine,1645,04/09/2026, 15:20:20,540
FROV00001,FrozenEngine,1645,04/09/2026, 17:04:42,540
FROV00001,FrozenEngine,1645,04/09/2026, 19:00:45,540
FROV00001,FrozenEngine,1645,04/09/2026, 20:05:03,540
FROV00001,FrozenEngine,1645,04/09/2026, 21:43:56,540
FROV00001,FrozenEngine,1645,04/09/2026, 22:38:59,540
FROV00001,FrozenEngine,1645,04/09/2026, 23:36:22,540
FROV00001,FrozenEngine,1645,04/10/2026, 02:09:54,540
FROV00001,FrozenEngine,1645,04/10/2026, 05:23:00,540
FROV00001,FrozenEngine,1645,04/10/2026, 07:23:45,540
FROV00001,FrozenEngine,1645,04/10/2026, 09:05:57,540
FROV00001,FrozenEngine,1645,04/10/2026, 10:51:49,540
FROV00001,FrozenEngine,1645,04/10/2026, 11:45:29,540
FROV00001,FrozenEngine,1645,04/10/2026, 13:03:00,540
FROV00001,FrozenEngine,1646,04/10/2026, 14:45:17,540
FROV00001,FrozenEngine,1646,04/10/2026, 15:49:36,540
FROV00001,FrozenEngine,1646,04/10/2026, 16:47:31,540
FROV00001,FrozenEngine,1646,04/10/2026, 17:45:38,540
FROV00001,FrozenEngine,1646,04/10/2026, 18:47:14,540
FROV00001,FrozenEngine,1646,04/10/2026, 19:43:19,540
FROV00001,FrozenEngine,1646,04/10/2026, 20:33:18,540
FROV00001,FrozenEngine,1646,04/10/2026, 21:35:05,540
FROV00001,FrozenEngine,1646,04/10/2026, 22:34:50,540
FROV00001,FrozenEngine,1646,04/10/2026, 23:33:15,540
FROV00001,FrozenEngine,1646,04/11/2026, 01:58:35,540
FROV00001,FrozenEngine,1646,04/11/2026, 04:22:47,540
FROV00001,FrozenEngine,1646,04/11/2026, 05:59:22,540
FROV00001,FrozenEngine,1646,04/11/2026, 07:04:06,540
FROV00001,FrozenEngine,1646,04/11/2026, 08:40:00,540
FROV00001,FrozenEngine,1646,04/11/2026, 09:38:14,540
FROV00001,FrozenEngine,1646,04/11/2026, 10:32:00,540
FROV00001,FrozenEngine,1646,04/11/2026, 11:29:26,540
FROV00001,FrozenEngine,1646,04/11/2026, 12:52:02,540
FROV00001,FrozenEngine,1646,04/11/2026, 13:55:42,540
FROV00001,FrozenEngine,1646,04/11/2026, 14:35:15,540
FROV00001,FrozenEngine,1646,04/11/2026, 15:32:06,540
FROV00001,FrozenEngine,1646,04/11/2026, 16:33:58,540
FROV00001,FrozenEngine,1647,04/11/2026, 18:40:26,540
FROV00001,FrozenEngine,1647,04/11/2026, 19:34:07,540
FROV00001,FrozenEngine,1647,04/11/2026, 20:29:59,540
FROV00001,FrozenEngine,1647,04/11/2026, 21:30:23,540
FROV00001,FrozenEngine,1647,04/11/2026, 22:29:38,540
FROV00001,FrozenEngine,1647,04/12/2026, 02:11:41,540
FROV00001,FrozenEngine,1647,04/12/2026, 05:21:30,540
FROV00001,FrozenEngine,1647,04/12/2026, 07:10:34,540
FROV00001,FrozenEngine,1647,04/12/2026, 08:43:58,540
FROV00001,FrozenEngine,1647,04/12/2026, 09:43:18,540
FROV00001,FrozenEngine,1647,04/12/2026, 10:41:56,540
FROV00001,FrozenEngine,1647,04/12/2026, 12:55:54,540
FROV00001,FrozenEngine,1647,04/12/2026, 13:59:47,540
FROV00001,FrozenEngine,1647,04/12/2026, 14:42:59,540
FROV00001,FrozenEngine,1647,04/12/2026, 15:34:23,540
FROV00001,FrozenEngine,1647,04/12/2026, 16:35:57,540
FROV00001,FrozenEngine,1647,04/12/2026, 17:33:19,540
FROV00001,FrozenEngine,1647,04/12/2026, 18:42:41,540
FROV00001,FrozenEngine,1647,04/12/2026, 19:38:24,540
FROV00001,FrozenEngine,1647,04/12/2026, 20:33:04,540
FROV00001,FrozenEngine,1647,04/12/2026, 21:32:51,540
FROV00001,FrozenEngine,1647,04/12/2026, 22:31:02,540
FROV00001,FrozenEngine,1647,04/12/2026, 23:32:22,540
FROV00001,FrozenEngine,1647,04/13/2026, 02:24:36,540
FROV00001,FrozenEngine,1647,04/13/2026, 05:39:12,540
FROV00001,FrozenEngine,1647,04/13/2026, 07:58:40,540
FROV00001,FrozenEngine,1647,04/13/2026, 09:55:32,540
FROV00001,FrozenEngine,1647,04/13/2026, 11:16:21,540
FROV00001,FrozenEngine,1647,04/13/2026, 15:15:11,540
FROV00001,FrozenEngine,1647,04/13/2026, 17:01:49,540
FROV00001,FrozenEngine,1647,04/13/2026, 18:10:02,540
FROV00001,FrozenEngine,1647,04/13/2026, 21:45:21,540
FROV00001,FrozenEngine,1647,04/13/2026, 22:41:33,540
FROV00001,FrozenEngine,1647,04/13/2026, 23:40:46,540
FROV00001,FrozenEngine,1647,04/14/2026, 02:10:40,540
FROV00001,FrozenEngine,1647,04/14/2026, 05:21:28,540
FROV00001,FrozenEngine,1647,04/14/2026, 07:26:53,540
FROV00001,FrozenEngine,1647,04/14/2026, 09:15:22,540
FROV00001,FrozenEngine,1647,04/14/2026, 11:01:02,540
FROV00001,FrozenEngine,1647,04/14/2026, 12:02:04,540
FROV00001,FrozenEngine,1647,04/14/2026, 14:05:31,540
FROV00001,FrozenEngine,1647,04/14/2026, 16:05:55,540
FROV00001,FrozenEngine,1647,04/14/2026, 18:03:21,540
FROV00001,FrozenEngine,1647,04/14/2026, 20:04:44,540
FROV00001,FrozenEngine,1647,04/14/2026, 21:48:43,540
FROV00001,FrozenEngine,1647,04/14/2026, 22:42:54,540
FROV00001,FrozenEngine,1647,04/14/2026, 23:40:45,540
FROV00001,FrozenEngine,1647,04/15/2026, 02:08:10,540
FROV00001,FrozenEngine,1647,04/15/2026, 05:21:47,540
FROV00001,FrozenEngine,1647,04/15/2026, 07:27:24,540
FROV00001,FrozenEngine,1647,04/15/2026, 09:16:15,540
FROV00001,FrozenEngine,1647,04/15/2026, 10:57:35,540
FROV00001,FrozenEngine,1647,04/15/2026, 11:55:40,540
FROV00001,FrozenEngine,1647,04/15/2026, 13:18:15,540
FROV00001,FrozenEngine,1647,04/15/2026, 15:04:53,540
FROV00001,FrozenEngine,1647,04/15/2026, 17:00:24,540
FROV00001,FrozenEngine,1647,04/15/2026, 18:08:33,540
FROV00001,FrozenEngine,1647,04/15/2026, 20:02:08,540
FROV00001,FrozenEngine,1647,04/15/2026, 21:02:47,540
FROV00001,FrozenEngine,1647,04/17/2026, 10:53:14,540
FROV00001,FrozenEngine,1647,04/17/2026, 11:51:02,540
FROV00001,FrozenEngine,1647,04/17/2026, 13:12:09,540
FROV00001,FrozenEngine,1647,04/17/2026, 14:53:38,540
FROV00001,FrozenEngine,1647,04/17/2026, 15:58:43,540
FROV00001,FrozenEngine,1647,04/17/2026, 16:55:21,540
FROV00001,FrozenEngine,1647,04/17/2026, 18:56:42,540
FROV00001,FrozenEngine,1647,04/17/2026, 19:58:28,540
FROV00001,FrozenEngine,1647,04/17/2026, 20:42:59,540
FROV00001,FrozenEngine,1647,04/17/2026, 21:40:00,540
FROV00001,FrozenEngine,1647,04/17/2026, 22:36:32,540
FROV00001,FrozenEngine,1647,04/17/2026, 23:37:12,540
FROV00001,FrozenEngine,1647,04/18/2026, 02:02:48,540
FROV00001,FrozenEngine,1647,04/18/2026, 05:05:01,540
FROV00001,FrozenEngine,1647,04/18/2026, 07:04:02,540
FROV00001,FrozenEngine,1647,04/18/2026, 08:44:43,540
FROV00001,FrozenEngine,1647,04/18/2026, 09:44:45,540
FROV00001,FrozenEngine,1647,04/18/2026, 10:38:17,540
FROV00001,FrozenEngine,1647,04/18/2026, 11:33:23,540
FROV00001,FrozenEngine,1647,04/18/2026, 12:56:05,540
FROV00001,FrozenEngine,1647,04/18/2026, 14:01:05,540
FROV00001,FrozenEngine,1647,04/18/2026, 14:49:15,540
FROV00001,FrozenEngine,1647,04/18/2026, 15:35:47,540
FROV00001,FrozenEngine,1647,04/18/2026, 16:36:45,540
FROV00001,FrozenEngine,1647,04/18/2026, 17:35:27,540
FROV00001,FrozenEngine,1647,04/18/2026, 18:43:32,540
FROV00001,FrozenEngine,1647,04/18/2026, 19:39:44,540
FROV00001,FrozenEngine,1647,04/18/2026, 20:33:52,540
FROV00001,FrozenEngine,1647,04/18/2026, 21:32:18,540
FROV00001,FrozenEngine,1647,04/18/2026, 22:31:34,540
FROV00001,FrozenEngine,1647,04/18/2026, 23:32:21,540
FROV00001,FrozenEngine,1647,04/19/2026, 02:15:38,540
FROV00001,FrozenEngine,1647,04/19/2026, 05:26:54,540
FROV00001,FrozenEngine,1647,04/19/2026, 07:15:37,540
FROV00001,FrozenEngine,1647,04/19/2026, 08:51:22,540
FROV00001,FrozenEngine,1647,04/19/2026, 09:44:37,540
FROV00001,FrozenEngine,1647,04/19/2026, 10:37:25,540
FROV00001,FrozenEngine,1647,04/19/2026, 11:34:07,540
FROV00001,FrozenEngine,1647,04/19/2026, 12:55:50,540
FROV00001,FrozenEngine,1647,04/19/2026, 13:59:44,540
FROV00001,FrozenEngine,1647,04/19/2026, 14:43:46,540
FROV00001,FrozenEngine,1647,04/19/2026, 15:36:04,540
FROV00001,FrozenEngine,1647,04/19/2026, 16:37:10,540
FROV00001,FrozenEngine,1647,04/19/2026, 17:34:19,540
FROV00001,FrozenEngine,1647,04/19/2026, 18:44:07,540
FROV00001,FrozenEngine,1647,04/19/2026, 19:40:03,540
FROV00001,FrozenEngine,1647,04/19/2026, 20:34:34,540
FROV00001,FrozenEngine,1647,04/19/2026, 21:33:31,540
FROV00001,FrozenEngine,1647,04/19/2026, 22:32:43,540
FROV00001,FrozenEngine,1647,04/19/2026, 23:33:36,540
FROV00001,FrozenEngine,1647,04/20/2026, 02:24:50,540
FROV00001,FrozenEngine,1647,04/20/2026, 05:38:25,540
FROV00001,FrozenEngine,1647,04/20/2026, 08:02:10,540
FROV00001,FrozenEngine,1647,04/20/2026, 10:07:57,540
FROV00001,FrozenEngine,1647,04/20/2026, 12:02:52,540
FROV00001,FrozenEngine,1647,04/20/2026, 14:47:20,540
FROV00001,FrozenEngine,1647,04/20/2026, 16:06:33,540
FROV00001,FrozenEngine,1647,04/20/2026, 17:56:03,540
FROV00001,FrozenEngine,1647,04/20/2026, 19:01:14,540
FROV00001,FrozenEngine,1647,04/20/2026, 20:02:46,540
FROV00001,FrozenEngine,1647,04/20/2026, 21:44:26,540
FROV00001,FrozenEngine,1647,04/20/2026, 22:41:26,540
FROV00001,FrozenEngine,1647,04/20/2026, 23:40:47,540
FROV00001,FrozenEngine,1647,04/21/2026, 02:12:36,540
FROV00001,FrozenEngine,1647,04/21/2026, 05:25:19,540
FROV00001,FrozenEngine,1647,04/21/2026, 07:45:12,540
FROV00001,FrozenEngine,1647,04/21/2026, 09:23:05,540
FROV00001,FrozenEngine,1647,04/21/2026, 11:04:21,540
FROV00001,FrozenEngine,1647,04/21/2026, 13:18:55,540
FROV00001,FrozenEngine,1647,04/21/2026, 15:11:07,540
FROV00001,FrozenEngine,1647,04/21/2026, 16:58:02,540
FROV00001,FrozenEngine,1647,04/21/2026, 17:59:21,540
FROV00001,FrozenEngine,1647,04/21/2026, 19:16:11,540
FROV00001,FrozenEngine,1647,04/21/2026, 20:49:09,540
FROV00001,FrozenEngine,1647,04/21/2026, 21:43:05,540
FROV00001,FrozenEngine,1647,04/21/2026, 22:36:35,540
FROV00001,FrozenEngine,1647,04/21/2026, 23:33:33,540
FROV00001,FrozenEngine,1647,04/22/2026, 02:10:33,540
FROV00001,FrozenEngine,1647,04/22/2026, 05:23:28,540
FROV00001,FrozenEngine,1647,04/22/2026, 07:28:36,540
FROV00001,FrozenEngine,1647,04/22/2026, 09:17:41,540
FROV00001,FrozenEngine,1647,04/22/2026, 11:02:41,540
FROV00001,FrozenEngine,1648,04/22/2026, 13:19:58,540
FROV00001,FrozenEngine,1648,04/22/2026, 15:10:53,540
FROV00001,FrozenEngine,1648,04/22/2026, 16:56:49,540
FROV00001,FrozenEngine,1648,04/22/2026, 17:59:30,540
FROV00001,FrozenEngine,1648,04/22/2026, 19:17:23,540
FROV00001,FrozenEngine,1648,04/22/2026, 20:52:44,540
FROV00001,FrozenEngine,1648,04/22/2026, 21:48:38,540
FROV00001,FrozenEngine,1648,04/22/2026, 22:44:49,540
FROV00001,FrozenEngine,1648,04/22/2026, 23:44:13,540
FROV00001,FrozenEngine,1648,04/23/2026, 02:14:39,540
FROV00001,FrozenEngine,1648,04/23/2026, 05:28:15,540
FROV00001,FrozenEngine,1648,04/23/2026, 07:46:50,540
FROV00001,FrozenEngine,1648,04/23/2026, 09:25:15,540
FROV00001,FrozenEngine,1648,04/23/2026, 11:06:20,540
FROV00001,FrozenEngine,1648,04/23/2026, 13:20:58,540
FROV00001,FrozenEngine,1648,04/23/2026, 15:50:45,540
FROV00001,FrozenEngine,1648,04/23/2026, 17:17:50,540
FROV00001,FrozenEngine,1648,04/23/2026, 19:05:06,540
FROV00001,FrozenEngine,1648,04/23/2026, 20:49:26,540
FROV00001,FrozenEngine,1648,04/23/2026, 21:43:28,540
FROV00001,FrozenEngine,1648,04/23/2026, 22:41:52,540
FROV00001,FrozenEngine,1648,04/23/2026, 23:42:36,540
FROV00001,FrozenEngine,1648,04/24/2026, 02:15:06,540
FROV00001,FrozenEngine,1648,04/24/2026, 05:32:55,540
FROV00001,FrozenEngine,1648,04/24/2026, 07:58:40,540
FROV00001,FrozenEngine,1648,04/24/2026, 09:45:52,540
FROV00001,FrozenEngine,1648,04/24/2026, 11:05:17,540
FROV00001,FrozenEngine,1648,04/24/2026, 13:16:52,540
FROV00001,FrozenEngine,1648,04/24/2026, 15:06:26,540
FROV00001,FrozenEngine,1648,04/24/2026, 16:53:06,540
FROV00001,FrozenEngine,1648,04/24/2026, 17:48:39,540
FROV00001,FrozenEngine,1648,04/24/2026, 18:45:11,540
FROV00001,FrozenEngine,1648,04/24/2026, 19:51:12,540
FROV00001,FrozenEngine,1648,04/24/2026, 20:43:22,540
FROV00001,FrozenEngine,1648,04/24/2026, 21:44:43,540
FROV00001,FrozenEngine,1648,04/24/2026, 22:37:31,540
FROV00001,FrozenEngine,1648,04/24/2026, 23:38:01,540
FROV00001,FrozenEngine,1648,04/25/2026, 02:04:50,540
FROV00001,FrozenEngine,1648,04/25/2026, 05:09:47,540
FROV00001,FrozenEngine,1649,04/25/2026, 07:10:52,540
FROV00001,FrozenEngine,1649,04/25/2026, 08:49:13,540
FROV00001,FrozenEngine,1649,04/25/2026, 09:50:17,540
FROV00001,FrozenEngine,1649,04/25/2026, 10:41:20,540
FROV00001,FrozenEngine,1649,04/25/2026, 11:37:00,540
FROV00001,FrozenEngine,1649,04/25/2026, 12:57:49,540
FROV00001,FrozenEngine,1649,04/25/2026, 14:03:29,540
FROV00001,FrozenEngine,1649,04/25/2026, 15:37:53,540
FROV00001,FrozenEngine,1649,04/25/2026, 16:38:16,540
FROV00001,FrozenEngine,1649,04/25/2026, 17:36:20,540
FROV00001,FrozenEngine,1649,04/25/2026, 18:45:23,540
FROV00001,FrozenEngine,1649,04/25/2026, 19:42:43,540
FROV00001,FrozenEngine,1649,04/25/2026, 20:36:10,540
FROV00001,FrozenEngine,1649,04/25/2026, 21:35:00,540
FROV00001,FrozenEngine,1649,04/25/2026, 22:34:39,540
FROV00001,FrozenEngine,1649,04/25/2026, 23:35:18,540
FROV00001,FrozenEngine,1649,04/26/2026, 02:27:07,540
FROV00001,FrozenEngine,1649,04/26/2026, 05:37:14,540
FROV00001,FrozenEngine,1649,04/26/2026, 07:25:16,540
FROV00001,FrozenEngine,1649,04/26/2026, 08:57:45,540
FROV00001,FrozenEngine,1649,04/26/2026, 09:53:32,540
FROV00001,FrozenEngine,1649,04/26/2026, 10:43:14,540
FROV00001,FrozenEngine,1649,04/26/2026, 11:38:08,540
FROV00001,FrozenEngine,1649,04/26/2026, 13:00:03,540
FROV00001,FrozenEngine,1649,04/26/2026, 14:06:49,540
FROV00001,FrozenEngine,1649,04/26/2026, 15:40:21,540
FROV00001,FrozenEngine,1649,04/26/2026, 16:39:37,540
FROV00001,FrozenEngine,1649,04/26/2026, 17:37:00,540
FROV00001,FrozenEngine,1649,04/26/2026, 18:47:28,540
FROV00001,FrozenEngine,1649,04/26/2026, 19:44:38,540
FROV00001,FrozenEngine,1649,04/26/2026, 20:36:10,540
FROV00001,FrozenEngine,1649,04/26/2026, 21:35:54,540
FROV00001,FrozenEngine,1649,04/26/2026, 22:35:52,540
FROV00001,FrozenEngine,1649,04/26/2026, 23:37:05,540
FROV00001,FrozenEngine,1649,04/27/2026, 02:29:35,540
FROV00001,FrozenEngine,1649,04/27/2026, 05:52:02,540
FROV00001,FrozenEngine,1649,04/27/2026, 08:17:15,540
FROV00001,FrozenEngine,1649,04/27/2026, 11:01:18,540
FROV00001,FrozenEngine,1649,04/27/2026, 12:23:10,540
FROV00001,FrozenEngine,1649,04/27/2026, 15:06:06,540
FROV00001,FrozenEngine,1649,04/27/2026, 17:20:01,540
FROV00001,FrozenEngine,1649,04/27/2026, 19:15:03,540
FROV00001,FrozenEngine,1649,04/27/2026, 20:59:39,540
FROV00001,FrozenEngine,1649,04/27/2026, 21:55:26,540
FROV00001,FrozenEngine,1649,04/27/2026, 22:50:10,540
FROV00001,FrozenEngine,1649,04/27/2026, 23:52:09,540
FROV00001,FrozenEngine,1649,04/28/2026, 02:37:04,540
FROV00001,FrozenEngine,1649,04/28/2026, 05:56:58,540
FROV00001,FrozenEngine,1649,04/28/2026, 08:21:13,540
FROV00001,FrozenEngine,1649,04/28/2026, 11:02:47,540
FROV00001,FrozenEngine,1649,04/28/2026, 16:07:02,540
FROV00001,FrozenEngine,1649,04/28/2026, 18:15:56,540
FROV00001,FrozenEngine,1649,04/28/2026, 20:14:23,540
FROV00001,FrozenEngine,1649,04/28/2026, 21:55:27,540
FROV00001,FrozenEngine,1649,04/28/2026, 22:55:23,540
FROV00001,FrozenEngine,1649,04/28/2026, 23:54:13,540
FROV00001,FrozenEngine,1649,04/29/2026, 02:36:54,540
FROV00001,FrozenEngine,1649,04/29/2026, 05:52:45,540
FROV00001,FrozenEngine,1649,04/29/2026, 08:11:40,540
FROV00001,FrozenEngine,1649,04/29/2026, 10:53:38,540
FROV00001,FrozenEngine,1649,04/29/2026, 12:16:22,540
FROV00001,FrozenEngine,1649,04/29/2026, 15:10:28,540
FROV00001,FrozenEngine,1649,04/29/2026, 17:26:06,540
FROV00001,FrozenEngine,1649,04/29/2026, 19:20:47,540
FROV00001,FrozenEngine,1649,04/29/2026, 21:02:04,540
FROV00001,FrozenEngine,1649,04/29/2026, 22:06:09,540
FROV00001,FrozenEngine,1649,04/29/2026, 23:53:25,540
FROV00001,FrozenEngine,1649,04/30/2026, 02:38:09,540
FROV00001,FrozenEngine,1649,04/30/2026, 05:56:35,540
FROV00001,FrozenEngine,1649,04/30/2026, 08:15:39,540
FROV00001,FrozenEngine,1649,04/30/2026, 10:52:56,540
FROV00001,FrozenEngine,1649,04/30/2026, 12:14:17,540
FROV00001,FrozenEngine,1649,04/30/2026, 15:07:27,540
FROV00001,FrozenEngine,1649,04/30/2026, 17:18:36,540
FROV00001,FrozenEngine,1649,04/30/2026, 19:16:16,540
FROV00001,FrozenEngine,1649,04/30/2026, 20:58:32,540
FROV00001,FrozenEngine,1649,04/30/2026, 21:55:46,540
FROV00001,FrozenEngine,1649,04/30/2026, 22:52:46,540
FROV00001,FrozenEngine,1649,04/30/2026, 23:51:44,540
FROV00001,FrozenEngine,1649,05/01/2026, 02:44:04,540
FROV00001,FrozenEngine,1649,05/01/2026, 06:14:50,540
FROV00001,FrozenEngine,1649,05/01/2026, 08:59:24,540
FROV00001,FrozenEngine,1649,05/01/2026, 10:25:07,540
FROV00001,FrozenEngine,1649,05/01/2026, 11:57:44,540
FROV00001,FrozenEngine,1649,05/01/2026, 13:14:27,540
FROV00001,FrozenEngine,1649,05/01/2026, 14:53:46,540
FROV00001,FrozenEngine,1649,05/01/2026, 15:55:45,540
FROV00001,FrozenEngine,1649,05/01/2026, 16:55:44,540
FROV00001,FrozenEngine,1649,05/01/2026, 17:58:24,540
FROV00001,FrozenEngine,1649,05/01/2026, 19:09:08,540
FROV00001,FrozenEngine,1649,05/01/2026, 20:49:34,540
FROV00001,FrozenEngine,1649,05/01/2026, 21:52:09,540
FROV00001,FrozenEngine,1649,05/01/2026, 22:46:20,540
FROV00001,FrozenEngine,1649,05/01/2026, 23:49:52,540
FROV00001,FrozenEngine,1649,05/02/2026, 02:27:00,540
FROV00001,FrozenEngine,1649,05/02/2026, 05:35:11,540
FROV00001,FrozenEngine,1649,05/02/2026, 07:28:44,540
FROV00001,FrozenEngine,1649,05/02/2026, 09:03:39,540
FROV00001,FrozenEngine,1649,05/02/2026, 10:48:46,540
FROV00001,FrozenEngine,1649,05/02/2026, 11:43:10,540
FROV00001,FrozenEngine,1649,05/02/2026, 13:03:40,540
FROV00001,FrozenEngine,1649,05/02/2026, 14:44:09,540
FROV00001,FrozenEngine,1649,05/02/2026, 15:43:20,540
FROV00001,FrozenEngine,1649,05/02/2026, 16:42:59,540
FROV00001,FrozenEngine,1649,05/02/2026, 17:42:08,540
FROV00001,FrozenEngine,1649,05/02/2026, 18:55:17,540
FROV00001,FrozenEngine,1649,05/02/2026, 19:54:24,540
FROV00001,FrozenEngine,1649,05/02/2026, 20:39:01,540
FROV00001,FrozenEngine,1649,05/02/2026, 21:38:10,540
FROV00001,FrozenEngine,1649,05/02/2026, 22:37:53,540
FROV00001,FrozenEngine,1649,05/02/2026, 23:40:37,540
FROV00001,FrozenEngine,1650,05/03/2026, 02:36:00,540
FROV00001,FrozenEngine,1650,05/03/2026, 05:56:40,540
FROV00001,FrozenEngine,1650,05/03/2026, 07:58:08,540
FROV00001,FrozenEngine,1650,05/03/2026, 09:22:03,540
FROV00001,FrozenEngine,1650,05/03/2026, 10:53:06,540
FROV00001,FrozenEngine,1650,05/03/2026, 11:40:37,540
FROV00001,FrozenEngine,1650,05/03/2026, 13:02:40,540
FROV00001,FrozenEngine,1650,05/03/2026, 14:46:13,540
FROV00001,FrozenEngine,1650,05/03/2026, 15:44:39,540
FROV00001,FrozenEngine,1650,05/03/2026, 16:45:16,540
FROV00001,FrozenEngine,1650,05/03/2026, 17:44:44,540
FROV00001,FrozenEngine,1652,05/03/2026, 18:56:05,540
FROV00001,FrozenEngine,1652,05/03/2026, 19:54:31,540
FROV00001,FrozenEngine,1652,05/03/2026, 20:39:54,540
FROV00001,FrozenEngine,1652,05/03/2026, 21:39:21,540
FROV00001,FrozenEngine,1652,05/03/2026, 22:38:07,540
FROV00001,FrozenEngine,1652,05/03/2026, 23:41:58,540
FROV00001,FrozenEngine,1652,05/04/2026, 02:34:01,540
FROV00001,FrozenEngine,1652,05/04/2026, 06:09:59,540
FROV00001,FrozenEngine,1652,05/04/2026, 09:15:55,540
FROV00001,FrozenEngine,1652,05/04/2026, 11:46:20,540
FROV00001,FrozenEngine,1652,05/04/2026, 13:51:28,540
FROV00001,FrozenEngine,1652,05/04/2026, 16:00:40,540
FROV00001,FrozenEngine,1652,05/04/2026, 17:45:22,540
FROV00001,FrozenEngine,1652,05/04/2026, 19:25:19,540
FROV00001,FrozenEngine,1652,05/04/2026, 21:06:11,540
FROV00001,FrozenEngine,1652,05/04/2026, 22:56:27,540
FROV00001,FrozenEngine,1652,05/04/2026, 23:53:02,540
FROV00001,FrozenEngine,1652,05/05/2026, 02:28:28,540
FROV00001,FrozenEngine,1652,05/05/2026, 05:40:45,540
FROV00001,FrozenEngine,1652,05/05/2026, 08:05:17,540
FROV00001,FrozenEngine,1652,05/05/2026, 10:44:07,540
FROV00001,FrozenEngine,1652,05/05/2026, 11:59:19,540
FROV00001,FrozenEngine,1652,05/05/2026, 13:57:03,540
FROV00001,FrozenEngine,1652,05/05/2026, 15:52:26,540
FROV00001,FrozenEngine,1652,05/05/2026, 17:22:36,540
FROV00001,FrozenEngine,1652,05/05/2026, 19:15:20,540
FROV00001,FrozenEngine,1652,05/05/2026, 21:01:06,540
FROV00001,FrozenEngine,1652,05/05/2026, 22:05:08,540
FROV00001,FrozenEngine,1652,05/05/2026, 23:45:27,540
FROV00001,FrozenEngine,1652,05/06/2026, 02:32:42,540
FROV00001,FrozenEngine,1652,05/06/2026, 05:55:28,540
FROV00001,FrozenEngine,1652,05/06/2026, 11:04:32,540
FROV00001,FrozenEngine,1652,05/06/2026, 14:01:19,540
FROV00001,FrozenEngine,1652,05/06/2026, 16:05:08,540
FROV00001,FrozenEngine,1652,05/06/2026, 18:14:58,540
FROV00001,FrozenEngine,1652,05/06/2026, 20:19:53,540
FROV00001,FrozenEngine,1652,05/06/2026, 21:54:48,540
FROV00001,FrozenEngine,1652,05/06/2026, 22:48:39,540
FROV00001,FrozenEngine,1652,05/06/2026, 23:47:10,540
FROV00001,FrozenEngine,1652,05/07/2026, 02:34:57,540
FROV00001,FrozenEngine,1652,05/07/2026, 05:59:44,540
FROV00001,FrozenEngine,1652,05/07/2026, 08:38:23,540
FROV00001,FrozenEngine,1652,05/07/2026, 11:08:28,540
FROV00001,FrozenEngine,1652,05/07/2026, 13:58:54,540
FROV00001,FrozenEngine,1652,05/07/2026, 16:07:40,540
FROV00001,FrozenEngine,1652,05/07/2026, 18:22:59,540
FROV00001,FrozenEngine,1652,05/07/2026, 20:13:05,540
FROV00001,FrozenEngine,1652,05/07/2026, 21:55:48,540
FROV00001,FrozenEngine,1652,05/07/2026, 23:00:14,540
FROV00001,FrozenEngine,1652,05/07/2026, 23:56:47,540
FROV00001,FrozenEngine,1652,05/08/2026, 02:41:11,540
FROV00001,FrozenEngine,1652,05/08/2026, 05:28:52,540
FROV00001,FrozenEngine,1652,05/08/2026, 07:25:59,540
FROV00001,FrozenEngine,1652,05/08/2026, 09:15:28,540
FROV00001,FrozenEngine,1652,05/08/2026, 11:10:43,540
FROV00001,FrozenEngine,1652,05/08/2026, 13:25:43,540
FROV00001,FrozenEngine,1652,05/08/2026, 15:20:05,540
FROV00001,FrozenEngine,1652,05/08/2026, 17:13:42,540
FROV00001,FrozenEngine,1652,05/08/2026, 19:13:44,540
FROV00001,FrozenEngine,1652,05/08/2026, 20:57:30,540
FROV00001,FrozenEngine,1652,05/08/2026, 21:58:26,540
FROV00001,FrozenEngine,1652,05/08/2026, 22:55:42,540
FROV00001,FrozenEngine,1652,05/08/2026, 23:55:48,540
FROV00001,FrozenEngine,1652,05/09/2026, 02:34:41,540
FROV00001,FrozenEngine,1653,05/09/2026, 05:47:03,540
FROV00001,FrozenEngine,1653,05/09/2026, 07:53:14,540
FROV00001,FrozenEngine,1653,05/09/2026, 09:17:16,540
FROV00001,FrozenEngine,1653,05/09/2026, 10:55:42,540
FROV00001,FrozenEngine,1653,05/09/2026, 11:49:40,540
FROV00001,FrozenEngine,1653,05/09/2026, 13:09:49,540
FROV00001,FrozenEngine,1653,05/09/2026, 14:48:47,540
FROV00001,FrozenEngine,1653,05/09/2026, 15:49:22,540
FROV00001,FrozenEngine,1653,05/09/2026, 16:52:13,540
FROV00001,FrozenEngine,1653,05/09/2026, 17:47:17,540
FROV00001,FrozenEngine,1653,05/09/2026, 18:56:49,540
FROV00001,FrozenEngine,1653,05/09/2026, 19:57:24,540
FROV00001,FrozenEngine,1653,05/09/2026, 20:41:35,540
FROV00001,FrozenEngine,1653,05/09/2026, 21:40:49,540
FROV00001,FrozenEngine,1653,05/09/2026, 22:40:11,540
FROV00001,FrozenEngine,1653,05/09/2026, 23:44:45,540
FROV00001,FrozenEngine,1653,05/10/2026, 02:38:10,540
FROV00001,FrozenEngine,1654,05/10/2026, 06:09:14,540
FROV00001,FrozenEngine,1654,05/10/2026, 08:52:08,540
FROV00001,FrozenEngine,1654,05/10/2026, 10:12:04,540
FROV00001,FrozenEngine,1654,05/10/2026, 11:48:42,540
FROV00001,FrozenEngine,1654,05/10/2026, 13:11:32,540
FROV00001,FrozenEngine,1654,05/10/2026, 14:50:22,540
FROV00001,FrozenEngine,1654,05/10/2026, 15:51:13,540
FROV00001,FrozenEngine,1654,05/10/2026, 16:52:08,540
FROV00001,FrozenEngine,1654,05/10/2026, 17:50:07,540
FROV00001,FrozenEngine,1654,05/10/2026, 18:58:09,540
FROV00001,FrozenEngine,1654,05/10/2026, 19:59:17,540
FROV00001,FrozenEngine,1654,05/10/2026, 20:51:31,540
FROV00001,FrozenEngine,1654,05/10/2026, 21:45:28,540
FROV00001,FrozenEngine,1654,05/10/2026, 22:43:48,540
FROV00001,FrozenEngine,1654,05/10/2026, 23:49:58,540
FROV00001,FrozenEngine,1654,05/11/2026, 02:47:56,540
FROV00001,FrozenEngine,1654,05/11/2026, 06:37:29,540
FROV00001,FrozenEngine,1654,05/11/2026, 10:36:25,540
FROV00001,FrozenEngine,1654,05/11/2026, 13:46:15,540
FROV00001,FrozenEngine,1654,05/11/2026, 16:31:37,540
FROV00001,FrozenEngine,1655,05/11/2026, 18:57:19,540
FROV00001,FrozenEngine,1655,05/11/2026, 20:46:47,540
FROV00001,FrozenEngine,1655,05/11/2026, 22:05:10,540
FROV00001,FrozenEngine,1655,05/11/2026, 23:57:35,540
FROV00001,FrozenEngine,1655,05/12/2026, 02:40:29,540
FROV00001,FrozenEngine,1655,05/12/2026, 06:12:56,540
FROV00001,FrozenEngine,1655,05/12/2026, 09:35:14,540
FROV00001,FrozenEngine,1655,05/12/2026, 11:52:16,540
FROV00001,FrozenEngine,1655,05/12/2026, 14:13:48,540
FROV00001,FrozenEngine,1655,05/12/2026, 17:09:23,540
FROV00001,FrozenEngine,1655,05/12/2026, 19:46:42,540
FROV00001,FrozenEngine,1655,05/12/2026, 21:17:09,540
FROV00001,FrozenEngine,1655,05/12/2026, 22:58:51,540
FROV00001,FrozenEngine,1655,05/12/2026, 23:59:52,540
FROV00001,FrozenEngine,1655,05/13/2026, 03:31:04,540
FROV00001,FrozenEngine,1655,05/13/2026, 06:46:34,540
FROV00001,FrozenEngine,1655,05/13/2026, 09:42:42,540
FROV00001,FrozenEngine,1655,05/13/2026, 12:02:18,540
FROV00001,FrozenEngine,1655,05/13/2026, 14:54:56,540
FROV00001,FrozenEngine,1655,05/13/2026, 17:15:46,540
FROV00001,FrozenEngine,1655,05/13/2026, 19:51:05,540
FROV00001,FrozenEngine,1655,05/13/2026, 21:25:32,540
FROV00001,FrozenEngine,1655,05/13/2026, 23:04:12,540
FROV00001,FrozenEngine,1655,05/14/2026, 02:47:32,540
FROV00001,FrozenEngine,1655,05/14/2026, 06:22:53,540
FROV00001,FrozenEngine,1656,05/14/2026, 09:32:44,540
FROV00001,FrozenEngine,1656,05/14/2026, 11:50:09,540
FROV00001,FrozenEngine,1656,05/14/2026, 14:02:15,540
FROV00001,FrozenEngine,1656,05/14/2026, 16:13:38,540
FROV00001,FrozenEngine,1657,05/14/2026, 18:53:43,540
FROV00001,FrozenEngine,1657,05/14/2026, 20:27:25,540
FROV00001,FrozenEngine,1657,05/14/2026, 22:08:12,540
FROV00001,FrozenEngine,1657,05/14/2026, 23:56:16,540
FROV00001,FrozenEngine,1657,05/15/2026, 02:47:57,540
FROV00001,FrozenEngine,1657,05/15/2026, 06:32:37,540
FROV00001,FrozenEngine,1657,05/15/2026, 09:45:52,540
FROV00001,FrozenEngine,1657,05/15/2026, 11:53:39,540
FROV00001,FrozenEngine,1657,05/15/2026, 13:59:43,540
FROV00001,FrozenEngine,1657,05/15/2026, 16:04:56,540
FROV00001,FrozenEngine,1657,05/15/2026, 18:21:55,540
FROV00001,FrozenEngine,1657,05/15/2026, 20:15:11,540
FROV00001,FrozenEngine,1657,05/15/2026, 21:58:13,540
FROV00001,FrozenEngine,1657,05/15/2026, 22:54:12,540
FROV00001,FrozenEngine,1657,05/15/2026, 23:54:21,540
FROV00001,FrozenEngine,1657,05/16/2026, 02:37:11,540
FROV00001,FrozenEngine,1657,05/16/2026, 05:52:42,540
FROV00001,FrozenEngine,1657,05/16/2026, 08:00:03,540
FROV00001,FrozenEngine,1657,05/16/2026, 09:44:42,540
FROV00001,FrozenEngine,1657,05/16/2026, 11:01:41,540
FROV00001,FrozenEngine,1657,05/16/2026, 11:58:39,540
FROV00001,FrozenEngine,1657,05/16/2026, 13:21:31,540
FROV00001,FrozenEngine,1657,05/16/2026, 14:54:42,540
FROV00001,FrozenEngine,1657,05/16/2026, 15:56:44,540
FROV00001,FrozenEngine,1657,05/16/2026, 16:56:28,540
FROV00001,FrozenEngine,1657,05/16/2026, 17:54:44,540
FROV00001,FrozenEngine,1657,05/16/2026, 19:00:38,540
FROV00001,FrozenEngine,1657,05/16/2026, 20:04:34,540
FROV00001,FrozenEngine,1658,05/16/2026, 21:45:01,540
FROV00001,FrozenEngine,1658,05/16/2026, 22:42:29,540
FROV00001,FrozenEngine,1658,05/16/2026, 23:50:28,540
FROV00001,FrozenEngine,1658,05/17/2026, 02:45:33,540
FROV00001,FrozenEngine,1658,05/17/2026, 06:20:55,540
FROV00001,FrozenEngine,1658,05/17/2026, 09:03:23,540
FROV00001,FrozenEngine,1658,05/17/2026, 11:03:32,540
FROV00001,FrozenEngine,1658,05/17/2026, 13:13:25,540
FROV00001,FrozenEngine,1658,05/17/2026, 14:54:42,540
FROV00001,FrozenEngine,1658,05/17/2026, 15:57:17,540
FROV00001,FrozenEngine,1658,05/17/2026, 16:55:54,540
FROV00001,FrozenEngine,1658,05/17/2026, 17:57:18,540
FROV00001,FrozenEngine,1658,05/17/2026, 19:04:45,540
FROV00001,FrozenEngine,1658,05/17/2026, 20:45:29,540
FROV00001,FrozenEngine,1658,05/17/2026, 21:53:13,540
FROV00001,FrozenEngine,1658,05/17/2026, 22:51:54,540
FROV00001,FrozenEngine,1658,05/17/2026, 23:55:42,540
FROV00001,FrozenEngine,1658,05/18/2026, 02:55:45,540
FROV00001,FrozenEngine,1658,05/18/2026, 06:55:32,540
FROV00001,FrozenEngine,1658,05/18/2026, 11:05:39,540
FROV00001,FrozenEngine,1658,05/18/2026, 15:22:35,540
FROV00001,FrozenEngine,1658,05/18/2026, 17:58:24,540
FROV00001,FrozenEngine,1658,05/18/2026, 19:43:41,540
FROV00001,FrozenEngine,1658,05/18/2026, 21:09:10,540
FROV00001,FrozenEngine,1658,05/18/2026, 22:58:41,540
FROV00001,FrozenEngine,1658,05/19/2026, 00:06:58,540
FROV00001,FrozenEngine,1658,05/19/2026, 04:58:16,540
FROV00001,FrozenEngine,1659,05/19/2026, 08:27:01,540
FROV00001,FrozenEngine,1659,05/19/2026, 12:00:34,540
FROV00001,FrozenEngine,1659,05/19/2026, 15:35:28,540
FROV00001,FrozenEngine,1659,05/19/2026, 18:03:28,540
FROV00001,FrozenEngine,1659,05/19/2026, 20:30:37,540
FROV00001,FrozenEngine,1659,05/19/2026, 22:14:08,540
FROV00001,FrozenEngine,1659,05/20/2026, 00:02:07,540
FROV00001,FrozenEngine,1659,05/20/2026, 04:20:22,540
FROV00001,FrozenEngine,1659,05/20/2026, 08:24:01,540
FROV00001,FrozenEngine,1659,05/20/2026, 11:48:36,540
FROV00001,FrozenEngine,1659,05/20/2026, 14:55:55,540
FROV00001,FrozenEngine,1659,05/20/2026, 17:53:53,540
FROV00001,FrozenEngine,1659,05/20/2026, 20:10:41,540
FROV00001,FrozenEngine,1659,05/20/2026, 22:24:51,540
FROV00001,FrozenEngine,1659,05/21/2026, 00:06:01,540
FROV00001,FrozenEngine,1659,05/21/2026, 05:08:10,540
FROV00001,FrozenEngine,1659,05/21/2026, 09:34:50,540
FROV00001,FrozenEngine,1659,05/21/2026, 12:43:31,540
FROV00001,FrozenEngine,1659,05/21/2026, 16:15:34,540
FROV00001,FrozenEngine,1659,05/21/2026, 18:58:42,540
FROV00001,FrozenEngine,1659,05/21/2026, 20:51:40,540
FROV00001,FrozenEngine,1659,05/21/2026, 22:19:17,540
FROV00001,FrozenEngine,1659,05/22/2026, 00:01:03,540
FROV00001,FrozenEngine,1659,05/22/2026, 04:03:14,540
FROV00001,FrozenEngine,1659,05/22/2026, 08:20:41,540
FROV00001,FrozenEngine,1659,05/22/2026, 11:44:26,540
FROV00001,FrozenEngine,1659,05/22/2026, 14:32:39,540
FROV00001,FrozenEngine,1659,05/22/2026, 17:06:49,540
FROV00001,FrozenEngine,1659,05/22/2026, 19:30:50,540
FROV00001,FrozenEngine,1659,05/22/2026, 21:07:55,540
FROV00001,FrozenEngine,1659,05/22/2026, 22:56:07,540
FROV00001,FrozenEngine,1659,05/23/2026, 00:04:32,540
FROV00001,FrozenEngine,1659,05/23/2026, 04:37:57,540
FROV00001,FrozenEngine,1659,05/23/2026, 07:30:12,540
FROV00001,FrozenEngine,1659,05/23/2026, 09:49:38,540
FROV00001,FrozenEngine,1659,05/23/2026, 11:09:18,540
FROV00001,FrozenEngine,1659,05/23/2026, 13:17:58,540
FROV00001,FrozenEngine,1659,05/23/2026, 14:59:05,540
FROV00001,FrozenEngine,1659,05/23/2026, 16:03:10,540
FROV00001,FrozenEngine,1659,05/23/2026, 17:59:19,540
FROV00001,FrozenEngine,1659,05/23/2026, 19:13:15,540
FROV00001,FrozenEngine,1659,05/23/2026, 20:46:01,540
FROV00001,FrozenEngine,1660,05/23/2026, 21:52:24,540
FROV00001,FrozenEngine,1660,05/23/2026, 22:50:58,540
FROV00001,FrozenEngine,1660,05/23/2026, 23:55:25,540
FROV00001,FrozenEngine,1660,05/24/2026, 02:53:13,540
FROV00001,FrozenEngine,1660,05/24/2026, 06:36:32,540
FROV00001,FrozenEngine,1660,05/24/2026, 09:20:57,540
FROV00001,FrozenEngine,1660,05/24/2026, 11:14:25,540
FROV00001,FrozenEngine,1660,05/24/2026, 13:19:13,540
FROV00001,FrozenEngine,1660,05/24/2026, 15:01:04,540
FROV00001,FrozenEngine,1660,05/24/2026, 16:06:30,540
FROV00001,FrozenEngine,1660,05/24/2026, 17:58:06,540
FROV00001,FrozenEngine,1660,05/24/2026, 19:15:32,540
FROV00001,FrozenEngine,1660,05/24/2026, 20:52:30,540
FROV00001,FrozenEngine,1660,05/24/2026, 21:54:25,540
FROV00001,FrozenEngine,1660,05/24/2026, 22:56:06,540
FROV00001,FrozenEngine,1660,05/24/2026, 23:58:28,540
FROV00001,FrozenEngine,1660,05/25/2026, 03:42:24,540
FROV00001,FrozenEngine,1661,05/25/2026, 08:18:24,540
FROV00001,FrozenEngine,1661,05/25/2026, 12:26:33,540
FROV00001,FrozenEngine,1661,05/25/2026, 15:49:16,540
FROV00001,FrozenEngine,1661,05/25/2026, 17:41:22,540
FROV00001,FrozenEngine,1661,05/25/2026, 19:25:31,540
FROV00001,FrozenEngine,1661,05/25/2026, 21:03:53,540
FROV00001,FrozenEngine,1661,05/25/2026, 22:58:43,540
FROV00001,FrozenEngine,1661,05/26/2026, 00:06:37,540
FROV00001,FrozenEngine,1661,05/26/2026, 05:01:45,540
FROV00001,FrozenEngine,1661,05/26/2026, 08:38:31,540
FROV00001,FrozenEngine,1661,05/26/2026, 16:40:25,540
FROV00001,FrozenEngine,1661,05/26/2026, 19:16:35,540
FROV00001,FrozenEngine,1661,05/26/2026, 21:42:39,540
FROV00001,FrozenEngine,1661,05/26/2026, 23:07:27,540
FROV00001,FrozenEngine,1661,05/27/2026, 03:00:57,540
FROV00001,FrozenEngine,1661,05/27/2026, 07:09:00,540
FROV00001,FrozenEngine,1661,05/27/2026, 11:37:04,540
FROV00001,FrozenEngine,1661,05/27/2026, 15:32:08,540
FROV00001,FrozenEngine,1661,05/27/2026, 18:25:17,540
FROV00001,FrozenEngine,1662,05/27/2026, 21:01:20,540
FROV00001,FrozenEngine,1662,05/27/2026, 22:47:28,540
FROV00001,FrozenEngine,1662,05/27/2026, 23:59:53,540
FROV00001,FrozenEngine,1662,05/28/2026, 03:53:48,540
FROV00001,FrozenEngine,1662,05/28/2026, 07:55:30,540
FROV00001,FrozenEngine,1662,05/28/2026, 11:36:40,540
FROV00001,FrozenEngine,1663,05/28/2026, 15:43:19,540
FROV00001,FrozenEngine,1663,05/28/2026, 18:35:22,540
FROV00001,FrozenEngine,1663,05/28/2026, 21:07:53,540
FROV00001,FrozenEngine,1663,05/28/2026, 23:12:55,540
FROV00001,FrozenEngine,1664,05/29/2026, 02:51:30,540
FROV00001,FrozenEngine,1664,05/29/2026, 06:53:53,540
FROV00001,FrozenEngine,1664,05/29/2026, 10:44:20,540
FROV00001,FrozenEngine,1664,05/29/2026, 13:57:53,540
FROV00001,FrozenEngine,1664,05/29/2026, 17:33:30,540
FROV00001,FrozenEngine,1664,05/29/2026, 20:16:42,540
FROV00001,FrozenEngine,1664,05/29/2026, 22:27:40,540
FROV00001,FrozenEngine,1664,05/30/2026, 00:07:24,540
FROV00001,FrozenEngine,1664,05/30/2026, 04:51:28,540
FROV00001,FrozenEngine,1664,05/30/2026, 07:39:28,540
FROV00001,FrozenEngine,1664,05/30/2026, 09:57:42,540
FROV00001,FrozenEngine,1664,05/30/2026, 11:18:58,540
FROV00001,FrozenEngine,1664,05/30/2026, 13:22:21,540
FROV00001,FrozenEngine,1664,05/30/2026, 15:04:38,540
FROV00001,FrozenEngine,1664,05/30/2026, 16:59:56,540
FROV00001,FrozenEngine,1664,05/30/2026, 18:05:09,540
FROV00001,FrozenEngine,1664,05/30/2026, 20:07:40,540
FROV00001,FrozenEngine,1664,05/30/2026, 21:59:36,540
FROV00001,FrozenEngine,1664,05/30/2026, 23:00:03,540
FROV00001,FrozenEngine,1664,05/31/2026, 00:04:52,540
FROV00001,FrozenEngine,1664,05/31/2026, 05:17:36,540
FROV00001,FrozenEngine,1664,05/31/2026, 08:41:54,540
FROV00001,FrozenEngine,1664,05/31/2026, 10:56:28,540
FROV00001,FrozenEngine,1664,05/31/2026, 12:10:30,540
FROV00001,FrozenEngine,1664,05/31/2026, 14:30:41,540
FROV00001,FrozenEngine,1664,05/31/2026, 16:04:54,540
FROV00001,FrozenEngine,1664,05/31/2026, 17:59:52,540
FROV00001,FrozenEngine,1664,05/31/2026, 19:21:49,540
FROV00001,FrozenEngine,1664,05/31/2026, 20:56:38,540
FROV00001,FrozenEngine,1664,05/31/2026, 21:58:05,540
FROV00001,FrozenEngine,1664,05/31/2026, 22:59:58,540
FROV00001,FrozenEngine,1664,06/01/2026, 00:09:45,540
FROV00001,FrozenEngine,1664,06/01/2026, 06:00:16,540
FROV00001,FrozenEngine,1664,06/01/2026, 11:42:11,540
FROV00001,FrozenEngine,1664,06/01/2026, 17:32:05,540
FROV00001,FrozenEngine,1664,06/01/2026, 21:29:43,540
FROV00001,FrozenEngine,1664,06/01/2026, 23:26:21,540
FROV00001,FrozenEngine,1664,06/02/2026, 03:36:30,540
FROV00001,FrozenEngine,1664,06/02/2026, 08:26:19,540
FROV00001,FrozenEngine,1664,06/02/2026, 12:39:28,540
FROV00001,FrozenEngine,1664,06/02/2026, 17:20:08,540
FROV00001,FrozenEngine,1664,06/02/2026, 20:44:16,540
FROV00001,FrozenEngine,1664,06/02/2026, 23:01:35,540
FROV00001,FrozenEngine,1664,06/03/2026, 01:44:14,540
FROV00001,FrozenEngine,1664,06/03/2026, 06:50:55,540
FROV00001,FrozenEngine,1664,06/03/2026, 11:54:46,540
FROV00001,FrozenEngine,1664,06/03/2026, 16:41:08,540
FROV00001,FrozenEngine,1664,06/03/2026, 20:18:06,540
FROV00001,FrozenEngine,1664,06/03/2026, 23:04:54,540
FROV00001,FrozenEngine,1664,06/04/2026, 03:38:45,540
FROV00001,FrozenEngine,1664,06/04/2026, 08:18:03,540
FROV00001,FrozenEngine,1664,06/04/2026, 11:50:34,540
FROV00001,FrozenEngine,1664,06/04/2026, 14:51:40,540
FROV00001,FrozenEngine,1664,06/04/2026, 17:44:16,540
FROV00001,FrozenEngine,1664,06/04/2026, 20:01:20,540
FROV00001,FrozenEngine,1664,06/04/2026, 21:48:14,540
FROV00001,FrozenEngine,1664,06/04/2026, 23:07:38,540
FROV00001,FrozenEngine,1664,06/05/2026, 03:25:33,540
FROV00001,FrozenEngine,1664,06/05/2026, 08:04:31,540
FROV00001,FrozenEngine,1664,06/05/2026, 12:02:00,540
FROV00001,FrozenEngine,1664,06/05/2026, 15:23:19,540
FROV00001,FrozenEngine,1664,06/05/2026, 17:51:39,540
FROV00001,FrozenEngine,1664,06/05/2026, 19:51:23,540
FROV00001,FrozenEngine,1664,06/05/2026, 21:24:20,540
FROV00001,FrozenEngine,1665,06/05/2026, 23:05:40,540
FROV00001,FrozenEngine,1665,06/06/2026, 02:48:00,540
FROV00001,FrozenEngine,1665,06/06/2026, 06:28:43,540
FROV00001,FrozenEngine,1665,06/06/2026, 09:24:35,540
FROV00001,FrozenEngine,1665,06/06/2026, 11:24:11,540
FROV00001,FrozenEngine,1665,06/06/2026, 13:25:09,540
FROV00001,FrozenEngine,1665,06/06/2026, 15:12:48,540
FROV00001,FrozenEngine,1665,06/06/2026, 19:17:24,540
FROV00001,FrozenEngine,1665,06/06/2026, 21:01:47,540
FROV00001,FrozenEngine,1665,06/06/2026, 22:12:01,540
FROV00001,FrozenEngine,1665,06/07/2026, 00:02:52,540
FROV00001,FrozenEngine,1665,06/07/2026, 05:20:35,540
FROV00001,FrozenEngine,1665,06/07/2026, 08:52:22,540
FROV00001,FrozenEngine,1665,06/07/2026, 11:07:58,540
FROV00001,FrozenEngine,1665,06/07/2026, 13:46:05,540
FROV00001,FrozenEngine,1665,06/07/2026, 15:23:50,540
FROV00001,FrozenEngine,1665,06/07/2026, 17:13:20,540
FROV00001,FrozenEngine,1665,06/07/2026, 19:18:06,540
FROV00001,FrozenEngine,1665,06/07/2026, 21:09:36,540
FROV00001,FrozenEngine,1665,06/07/2026, 23:02:48,540
FROV00001,FrozenEngine,1665,06/08/2026, 03:36:59,540
FROV00001,FrozenEngine,1665,06/08/2026, 08:51:53,540
FROV00001,FrozenEngine,1665,06/08/2026, 13:04:31,540
FROV00001,FrozenEngine,1665,06/08/2026, 17:21:17,540
FROV00001,FrozenEngine,1665,06/08/2026, 20:10:36,540
FROV00001,FrozenEngine,1665,06/08/2026, 22:24:55,540
FROV00001,FrozenEngine,1665,06/09/2026, 00:04:35,540
FROV00001,FrozenEngine,1665,06/09/2026, 05:03:04,540
FROV00001,FrozenEngine,1665,06/09/2026, 09:36:59,540
FROV00001,FrozenEngine,1665,06/09/2026, 12:34:49,540
FROV00001,FrozenEngine,1665,06/09/2026, 15:53:40,540
FROV00001,FrozenEngine,1665,06/09/2026, 18:03:52,540
FROV00001,FrozenEngine,1665,06/09/2026, 20:12:22,540
FROV00001,FrozenEngine,1665,06/09/2026, 22:22:30,540
FROV00001,FrozenEngine,1665,06/10/2026, 00:10:20,540
FROV00001,FrozenEngine,1665,06/10/2026, 05:15:22,540
FROV00001,FrozenEngine,1665,06/10/2026, 09:53:08,540
FROV00001,FrozenEngine,1665,06/10/2026, 12:54:47,540
FROV00001,FrozenEngine,1665,06/10/2026, 16:34:01,540
FROV00001,FrozenEngine,1665,06/10/2026, 19:33:24,540
FROV00001,FrozenEngine,1665,06/10/2026, 21:58:49,540
FROV00001,FrozenEngine,1665,06/10/2026, 23:25:53,540
FROV00001,FrozenEngine,1665,06/11/2026, 03:34:54,540
FROV00001,FrozenEngine,1666,06/11/2026, 08:43:25,540
FROV00001,FrozenEngine,1666,06/11/2026, 12:42:55,540
FROV00001,FrozenEngine,1666,06/11/2026, 16:53:13,540
FROV00001,FrozenEngine,1666,06/11/2026, 19:34:08,540
FROV00001,FrozenEngine,1666,06/11/2026, 22:00:24,540
FROV00001,FrozenEngine,1666,06/11/2026, 23:28:05,540
FROV00001,FrozenEngine,1666,06/12/2026, 03:35:00,540
FROV00001,FrozenEngine,1666,06/12/2026, 08:22:53,540
FROV00001,FrozenEngine,1666,06/12/2026, 12:16:56,540
FROV00001,FrozenEngine,1666,06/12/2026, 16:16:33,540
FROV00001,FrozenEngine,1666,06/12/2026, 19:03:31,540
FROV00001,FrozenEngine,1666,06/12/2026, 21:30:58,540
FROV00001,FrozenEngine,1666,06/12/2026, 23:15:31,540
FROV00001,FrozenEngine,1666,06/13/2026, 02:59:39,540
FROV00001,FrozenEngine,1666,06/13/2026, 07:00:52,540
FROV00001,FrozenEngine,1666,06/13/2026, 10:06:11,540
FROV00001,FrozenEngine,1666,06/13/2026, 12:23:48,540
FROV00001,FrozenEngine,1666,06/13/2026, 14:58:48,540
FROV00001,FrozenEngine,1666,06/13/2026, 16:14:31,540
FROV00001,FrozenEngine,1666,06/13/2026, 18:06:07,540
FROV00001,FrozenEngine,1666,06/13/2026, 20:14:27,540
FROV00001,FrozenEngine,1666,06/13/2026, 22:01:33,540
FROV00001,FrozenEngine,1666,06/13/2026, 23:14:12,540
FROV00001,FrozenEngine,1666,06/14/2026, 03:38:04,540
FROV00001,FrozenEngine,1666,06/14/2026, 08:14:13,540
FROV00001,FrozenEngine,1666,06/14/2026, 11:29:03,540
FROV00001,FrozenEngine,1666,06/14/2026, 13:55:23,540
FROV00001,FrozenEngine,1667,06/14/2026, 15:48:47,540
FROV00001,FrozenEngine,1667,06/14/2026, 17:18:19,540
FROV00001,FrozenEngine,1667,06/14/2026, 19:21:40,540
FROV00001,FrozenEngine,1667,06/14/2026, 21:08:20,540
FROV00001,FrozenEngine,1667,06/14/2026, 23:06:25,540
FROV00001,FrozenEngine,1667,06/15/2026, 03:52:14,540
FROV00001,FrozenEngine,1667,06/15/2026, 10:00:47,540
FROV00001,FrozenEngine,1667,06/15/2026, 15:50:30,540
FROV00001,FrozenEngine,1667,06/15/2026, 19:45:45,540
FROV00001,FrozenEngine,1667,06/15/2026, 22:17:16,540
FROV00001,FrozenEngine,1667,06/16/2026, 00:29:18,540
FROV00001,FrozenEngine,1667,06/16/2026, 06:32:31,540
FROV00001,FrozenEngine,1667,06/16/2026, 12:11:28,540
